#{"t_start": 1522144388.815414, "env_id": "MyFrozenLake-v0"}
r,l,t
0.0,3,0.004532
0.0,1,0.004628
0.0,20,0.005145
0.0,2,0.005255
0.0,8,0.005497
0.0,5,0.005681
0.0,16,0.006089
0.0,15,0.006473
0.0,1,0.006555
0.0,12,0.006894
0.0,3,0.007027
0.0,21,0.007542
0.0,29,0.008245
0.0,1,0.008329
0.0,12,0.008648
0.0,2,0.008764
0.0,7,0.008971
0.0,22,0.009498
0.0,11,0.009828
0.0,4,0.009977
0.0,6,0.01017
0.0,4,0.010346
0.0,16,0.010793
0.0,33,0.011585
0.0,16,0.011997
0.0,75,0.013666
0.0,51,0.01482
0.0,23,0.015383
0.0,53,0.01659
1.0,8,0.016829
1.0,45,0.01785
1.0,25,0.018439
1.0,58,0.019752
0.0,47,0.020828
0.0,18,0.021282
0.0,6,0.021468
0.0,33,0.022246
0.0,7,0.022462
0.0,7,0.022686
0.0,11,0.022996
0.0,44,0.023993
0.0,22,0.02453
0.0,12,0.024863
0.0,1,0.024941
0.0,52,0.02613
1.0,26,0.026758
0.0,22,0.027283
1.0,17,0.027719
0.0,1,0.027797
0.0,9,0.028052
0.0,3,0.028174
1.0,17,0.028585
0.0,13,0.028929
0.0,18,0.029375
0.0,1,0.029452
0.0,26,0.030086
0.0,14,0.030453
0.0,12,0.030781
0.0,26,0.031394
0.0,6,0.03159
1.0,11,0.03189
0.0,29,0.032571
0.0,4,0.03273
0.0,18,0.033182
0.0,20,0.033678
0.0,19,0.034132
0.0,9,0.034385
0.0,13,0.034732
0.0,1,0.034809
0.0,68,0.036321
0.0,100,0.038523
0.0,30,0.039234
0.0,4,0.03938
0.0,31,0.040109
0.0,31,0.040835
0.0,12,0.04116
0.0,13,0.041502
1.0,26,0.042127
0.0,14,0.042494
0.0,28,0.043147
1.0,34,0.043941
1.0,15,0.044325
0.0,9,0.044576
1.0,11,0.044889
1.0,11,0.045181
0.0,30,0.045898
0.0,23,0.046452
1.0,14,0.046822
0.0,4,0.046969
1.0,11,0.047277
1.0,70,0.048835
0.0,2,0.048943
1.0,51,0.050126
0.0,10,0.050401
0.0,1,0.050483
1.0,12,0.050808
1.0,32,0.051553
0.0,26,0.052166
0.0,89,0.054124
0.0,6,0.054313
0.0,31,0.05505
1.0,33,0.055828
1.0,8,0.056063
1.0,46,0.057109
0.0,5,0.057274
0.0,25,0.057872
1.0,9,0.05813
1.0,42,0.059097
0.0,1,0.059178
0.0,21,0.059705
1.0,27,0.060341
1.0,50,0.061465
0.0,1,0.061546
0.0,15,0.061938
0.0,2,0.062043
0.0,6,0.062233
1.0,18,0.062675
1.0,12,0.06299
0.0,8,0.063228
0.0,8,0.063455
0.0,86,0.065351
1.0,30,0.066062
0.0,1,0.066142
0.0,1,0.066218
1.0,26,0.066849
0.0,5,0.067023
0.0,2,0.067123
0.0,35,0.067948
0.0,15,0.068331
0.0,16,0.068747
0.0,11,0.069047
1.0,24,0.069614
0.0,10,0.069898
0.0,25,0.070485
1.0,17,0.07091
0.0,36,0.071732
1.0,18,0.072181
1.0,39,0.073074
1.0,33,0.073836
1.0,56,0.075102
0.0,3,0.075233
0.0,9,0.075482
1.0,19,0.075984
0.0,36,0.076815
0.0,14,0.077167
0.0,11,0.077461
0.0,6,0.077651
0.0,14,0.078022
0.0,14,0.078384
0.0,19,0.078854
0.0,19,0.079317
0.0,9,0.07957
0.0,2,0.079684
0.0,28,0.080348
0.0,10,0.080626
0.0,28,0.081295
0.0,9,0.08155
0.0,5,0.081728
1.0,21,0.082238
1.0,17,0.082668
1.0,9,0.082917
0.0,36,0.083737
1.0,44,0.084743
1.0,70,0.086298
0.0,10,0.086576
0.0,50,0.087723
0.0,1,0.087805
0.0,12,0.088125
1.0,12,0.088439
0.0,12,0.088768
0.0,1,0.088849
1.0,15,0.089231
1.0,20,0.089729
1.0,9,0.089983
0.0,6,0.090179
0.0,5,0.090352
1.0,49,0.091457
0.0,7,0.091672
0.0,7,0.091881
1.0,30,0.09257
0.0,8,0.092812
1.0,45,0.093822
0.0,6,0.094019
1.0,80,0.095798
0.0,29,0.096478
0.0,21,0.096997
0.0,3,0.097121
0.0,4,0.097269
1.0,30,0.097963
1.0,20,0.098446
0.0,10,0.098733
0.0,11,0.099025
0.0,30,0.099735
0.0,30,0.100431
1.0,26,0.101052
0.0,11,0.101353
0.0,17,0.101788
0.0,1,0.101866
1.0,10,0.102149
1.0,24,0.102723
1.0,43,0.103719
1.0,14,0.104078
0.0,4,0.104228
1.0,52,0.1054
0.0,9,0.105732
0.0,2,0.10584
0.0,54,0.107064
1.0,27,0.107716
0.0,29,0.108397
1.0,15,0.108794
0.0,41,0.109733
0.0,17,0.11016
1.0,62,0.111552
1.0,15,0.111944
1.0,12,0.11226
1.0,34,0.113053
0.0,17,0.113471
1.0,14,0.113843
0.0,1,0.113923
1.0,13,0.114261
1.0,19,0.114731
1.0,43,0.115729
0.0,1,0.11581
0.0,14,0.116169
0.0,16,0.116569
0.0,19,0.117054
0.0,22,0.117588
0.0,4,0.117739
0.0,7,0.117951
0.0,53,0.119159
1.0,42,0.120136
1.0,14,0.120496
0.0,29,0.121185
1.0,41,0.122112
0.0,11,0.122409
0.0,28,0.123074
0.0,10,0.123346
0.0,9,0.123594
1.0,44,0.124595
1.0,21,0.125151
0.0,5,0.125321
1.0,69,0.126871
0.0,33,0.12764
1.0,93,0.129717
0.0,23,0.130267
1.0,41,0.13122
0.0,2,0.131327
0.0,24,0.131908
0.0,45,0.132948
0.0,51,0.134104
0.0,4,0.134255
0.0,3,0.134377
0.0,20,0.134894
0.0,14,0.135256
0.0,4,0.135404
0.0,21,0.135918
0.0,58,0.137215
0.0,31,0.137948
0.0,22,0.138474
0.0,1,0.138555
0.0,6,0.138762
0.0,14,0.139116
0.0,30,0.139816
1.0,7,0.140023
0.0,21,0.140531
0.0,63,0.141958
1.0,26,0.142576
0.0,28,0.143249
1.0,29,0.143973
0.0,9,0.144233
0.0,12,0.144556
1.0,40,0.145478
0.0,15,0.145876
0.0,2,0.145981
0.0,13,0.146326
0.0,9,0.146578
1.0,14,0.146947
1.0,49,0.148047
0.0,3,0.148172
0.0,4,0.148314
1.0,15,0.148718
0.0,14,0.149095
1.0,30,0.149803
0.0,100,0.151986
0.0,15,0.152369
0.0,17,0.152808
0.0,21,0.153325
0.0,10,0.153598
0.0,23,0.154155
1.0,8,0.154392
0.0,17,0.154824
0.0,19,0.155286
0.0,19,0.155778
0.0,95,0.157866
0.0,3,0.157996
0.0,16,0.158397
0.0,13,0.158746
0.0,4,0.158896
0.0,2,0.158998
0.0,17,0.159428
0.0,4,0.159579
1.0,31,0.160312
0.0,27,0.160967
0.0,9,0.161223
0.0,50,0.162367
1.0,53,0.163571
1.0,30,0.164284
1.0,26,0.16492
0.0,3,0.16505
0.0,3,0.165173
0.0,20,0.165673
1.0,35,0.166487
0.0,18,0.166942
0.0,1,0.167022
1.0,25,0.167619
0.0,59,0.168962
0.0,3,0.169094
0.0,7,0.1693
1.0,68,0.170834
0.0,25,0.171427
1.0,32,0.172185
0.0,18,0.172623
0.0,1,0.172711
1.0,25,0.173302
0.0,7,0.173514
0.0,13,0.173867
0.0,14,0.174235
0.0,9,0.17449
0.0,6,0.174689
0.0,10,0.174963
0.0,18,0.175403
0.0,31,0.176132
0.0,2,0.176234
0.0,59,0.177553
0.0,18,0.17801
0.0,29,0.17869
0.0,17,0.179111
0.0,14,0.179468
0.0,40,0.180396
0.0,13,0.180756
0.0,34,0.181531
0.0,9,0.181801
0.0,3,0.181931
0.0,4,0.182075
1.0,17,0.1825
0.0,17,0.182938
0.0,54,0.184157
1.0,8,0.184397
0.0,5,0.18456
1.0,28,0.185218
1.0,15,0.185603
1.0,23,0.186153
1.0,19,0.186622
0.0,17,0.187058
0.0,28,0.187726
1.0,27,0.188369
1.0,68,0.18989
0.0,4,0.190042
1.0,58,0.191348
1.0,25,0.191961
0.0,8,0.192195
0.0,8,0.192424
0.0,22,0.192964
0.0,19,0.193434
0.0,10,0.193726
0.0,15,0.194115
0.0,12,0.194435
0.0,5,0.194599
0.0,2,0.19471
0.0,3,0.194837
1.0,33,0.195614
1.0,41,0.196566
0.0,32,0.197353
1.0,23,0.197909
1.0,15,0.198301
0.0,29,0.198987
1.0,38,0.1999
1.0,12,0.200213
0.0,32,0.200963
0.0,6,0.201156
0.0,10,0.201425
0.0,1,0.201501
0.0,40,0.202421
0.0,4,0.202576
0.0,25,0.203174
0.0,15,0.203559
0.0,7,0.203782
0.0,13,0.20412
1.0,9,0.204374
0.0,7,0.204583
0.0,20,0.205076
0.0,27,0.20572
0.0,13,0.206116
1.0,20,0.206602
0.0,29,0.207291
0.0,13,0.20763
0.0,13,0.207976
0.0,4,0.208131
0.0,12,0.208479
0.0,11,0.208785
0.0,1,0.208862
0.0,1,0.208941
0.0,11,0.209234
0.0,30,0.209944
1.0,35,0.210748
0.0,8,0.210987
1.0,13,0.211334
0.0,5,0.211504
0.0,7,0.211725
1.0,13,0.212066
0.0,49,0.213189
1.0,46,0.21423
0.0,52,0.215399
0.0,10,0.21569
0.0,6,0.215882
0.0,14,0.216247
0.0,3,0.21637
1.0,13,0.216722
1.0,36,0.21755
1.0,20,0.218063
1.0,29,0.21875
1.0,35,0.219543
0.0,35,0.220369
0.0,29,0.221058
0.0,29,0.22175
1.0,29,0.222435
0.0,31,0.223157
0.0,7,0.223376
0.0,23,0.223934
1.0,13,0.224266
1.0,47,0.225334
0.0,1,0.225414
1.0,41,0.226355
0.0,3,0.226478
0.0,9,0.226758
0.0,29,0.227443
0.0,12,0.227775
1.0,8,0.228004
0.0,28,0.228669
0.0,25,0.229262
0.0,14,0.229619
1.0,19,0.230087
0.0,63,0.231504
0.0,13,0.231859
1.0,15,0.232238
0.0,24,0.232827
0.0,47,0.233879
0.0,50,0.235006
1.0,32,0.235756
1.0,57,0.237051
0.0,2,0.237159
0.0,31,0.237895
0.0,3,0.238018
0.0,8,0.238252
0.0,21,0.23877
1.0,56,0.240033
0.0,34,0.240825
0.0,17,0.241248
0.0,1,0.241324
0.0,2,0.241423
1.0,16,0.241825
1.0,39,0.242714
0.0,46,0.243761
0.0,48,0.244838
0.0,12,0.245162
0.0,19,0.245635
0.0,1,0.245725
0.0,12,0.246037
0.0,5,0.2462
0.0,13,0.246543
0.0,29,0.247226
0.0,47,0.248303
1.0,19,0.248786
0.0,68,0.250313
1.0,16,0.25073
0.0,28,0.251384
0.0,26,0.251993
0.0,4,0.252136
1.0,21,0.252648
0.0,32,0.253398
0.0,17,0.253822
0.0,36,0.254647
1.0,17,0.255081
0.0,14,0.255454
1.0,48,0.256551
1.0,39,0.257448
0.0,46,0.258487
0.0,16,0.258902
0.0,39,0.259816
0.0,24,0.260397
0.0,13,0.26076
0.0,25,0.261358
1.0,15,0.26175
0.0,18,0.262189
0.0,6,0.262378
0.0,16,0.262786
1.0,50,0.263899
0.0,11,0.264197
0.0,7,0.264409
0.0,3,0.264532
1.0,19,0.265007
1.0,16,0.265401
0.0,5,0.265568
1.0,14,0.265939
1.0,86,0.26785
0.0,21,0.268361
1.0,20,0.268854
1.0,65,0.270306
0.0,28,0.27096
0.0,40,0.271883
0.0,6,0.272072
1.0,24,0.272639
0.0,23,0.273202
0.0,1,0.273283
0.0,32,0.274055
0.0,10,0.274326
0.0,74,0.275993
0.0,31,0.276733
0.0,9,0.276984
1.0,20,0.277471
0.0,1,0.277552
1.0,7,0.277774
0.0,5,0.277948
0.0,13,0.278288
0.0,33,0.279067
0.0,32,0.279818
1.0,23,0.280361
1.0,43,0.281348
0.0,14,0.281723
0.0,70,0.28328
1.0,94,0.28539
0.0,68,0.286914
0.0,4,0.28706
0.0,5,0.287234
0.0,10,0.287508
0.0,21,0.288018
0.0,3,0.28814
1.0,33,0.288909
0.0,9,0.28917
1.0,9,0.289428
0.0,12,0.289788
0.0,38,0.290667
0.0,7,0.290882
1.0,86,0.292778
0.0,2,0.292881
1.0,36,0.293721
1.0,38,0.294591
1.0,95,0.296694
1.0,19,0.297153
0.0,23,0.297719
1.0,37,0.298575
0.0,11,0.298876
0.0,1,0.298954
0.0,5,0.299124
0.0,21,0.299636
1.0,42,0.3006
0.0,3,0.300734
0.0,33,0.301507
0.0,5,0.301686
0.0,22,0.302219
1.0,35,0.303029
0.0,2,0.303132
0.0,14,0.303488
0.0,14,0.303854
0.0,88,0.305784
1.0,40,0.306776
1.0,51,0.307933
0.0,24,0.308523
1.0,39,0.309428
0.0,82,0.311278
1.0,40,0.312209
0.0,4,0.312356
0.0,15,0.31275
1.0,21,0.313257
0.0,19,0.313738
0.0,16,0.314133
0.0,13,0.314461
0.0,1,0.314537
1.0,46,0.315585
1.0,20,0.316082
0.0,4,0.31623
1.0,11,0.316529
0.0,6,0.316727
1.0,42,0.317695
1.0,20,0.318184
0.0,4,0.318335
1.0,9,0.318598
0.0,24,0.319185
0.0,9,0.319444
0.0,9,0.31972
0.0,57,0.320997
0.0,4,0.321147
0.0,6,0.321332
0.0,2,0.321435
0.0,2,0.321535
0.0,8,0.321773
0.0,12,0.322092
0.0,10,0.322369
0.0,8,0.322604
1.0,39,0.323507
0.0,31,0.324239
0.0,7,0.324447
0.0,5,0.324618
0.0,28,0.325292
0.0,28,0.32597
0.0,1,0.326049
1.0,21,0.32657
0.0,6,0.32677
0.0,17,0.327199
0.0,21,0.327728
1.0,8,0.32796
1.0,24,0.328526
0.0,8,0.328778
0.0,4,0.32894
0.0,5,0.329105
0.0,3,0.329226
0.0,11,0.32952
1.0,25,0.330122
0.0,7,0.330338
0.0,3,0.330464
0.0,37,0.331321
0.0,3,0.33145
0.0,14,0.331817
0.0,8,0.332051
0.0,25,0.332639
0.0,15,0.333034
1.0,15,0.333414
1.0,12,0.333739
0.0,16,0.334151
0.0,5,0.334323
1.0,23,0.334884
0.0,25,0.335479
0.0,17,0.335946
0.0,9,0.336211
0.0,1,0.336289
1.0,33,0.33707
0.0,9,0.337321
0.0,5,0.33749
0.0,1,0.337566
0.0,16,0.337976
0.0,14,0.338332
1.0,12,0.338642
0.0,28,0.339312
0.0,32,0.340058
0.0,10,0.340333
1.0,22,0.340875
0.0,3,0.341001
1.0,36,0.341854
0.0,71,0.343441
0.0,4,0.343589
0.0,6,0.343791
0.0,1,0.34387
0.0,12,0.344192
0.0,9,0.344442
0.0,14,0.344819
1.0,20,0.345316
0.0,8,0.345555
1.0,41,0.346503
1.0,18,0.346967
1.0,43,0.347949
0.0,17,0.348382
0.0,35,0.349197
1.0,16,0.349604
0.0,3,0.349739
1.0,41,0.350669
0.0,4,0.350818
0.0,14,0.351177
1.0,11,0.35147
0.0,8,0.351707
0.0,8,0.351944
0.0,69,0.35351
0.0,1,0.353593
0.0,4,0.353749
0.0,39,0.354636
1.0,85,0.356522
0.0,2,0.356626
0.0,33,0.357394
0.0,7,0.357607
1.0,16,0.358021
0.0,5,0.358192
0.0,40,0.359122
1.0,16,0.359527
0.0,5,0.359705
0.0,31,0.360436
0.0,1,0.360514
1.0,47,0.361575
0.0,20,0.362077
0.0,5,0.362243
0.0,29,0.362948
0.0,4,0.3631
0.0,34,0.363896
1.0,6,0.364086
1.0,19,0.364554
1.0,31,0.365275
0.0,11,0.365576
0.0,56,0.366858
1.0,32,0.367591
0.0,19,0.368095
0.0,6,0.368284
0.0,9,0.368538
1.0,38,0.369419
0.0,1,0.369499
0.0,2,0.3696
0.0,2,0.369714
1.0,15,0.370135
0.0,9,0.370393
1.0,29,0.371083
0.0,17,0.371512
0.0,8,0.371754
0.0,15,0.372134
1.0,40,0.373057
0.0,1,0.37314
0.0,16,0.373538
0.0,35,0.374348
0.0,16,0.374754
0.0,8,0.37499
0.0,17,0.375417
1.0,20,0.375922
0.0,19,0.376386
1.0,24,0.376975
1.0,32,0.377738
1.0,37,0.378583
1.0,17,0.379008
0.0,9,0.379265
0.0,4,0.379417
0.0,1,0.379497
0.0,65,0.380967
0.0,4,0.381115
0.0,84,0.383011
1.0,19,0.383472
1.0,14,0.383834
1.0,9,0.384082
0.0,13,0.384427
1.0,19,0.384907
0.0,3,0.385038
1.0,44,0.386049
0.0,12,0.386366
1.0,40,0.387278
0.0,42,0.388238
0.0,7,0.388452
1.0,21,0.388978
0.0,47,0.390051
1.0,44,0.391057
1.0,26,0.391671
0.0,16,0.392076
0.0,8,0.392312
1.0,18,0.39276
0.0,7,0.392966
1.0,28,0.393612
0.0,14,0.393982
0.0,45,0.395028
0.0,20,0.395511
0.0,71,0.397103
1.0,41,0.39805
0.0,1,0.398129
1.0,30,0.398833
0.0,18,0.399286
1.0,18,0.399744
1.0,20,0.400229
0.0,23,0.400788
1.0,7,0.401001
1.0,55,0.402236
0.0,4,0.40238
0.0,11,0.402696
0.0,7,0.402906
0.0,29,0.403594
0.0,5,0.403769
0.0,14,0.40413
0.0,6,0.404317
0.0,25,0.404927
0.0,13,0.405267
0.0,7,0.405476
0.0,36,0.406316
0.0,2,0.406478
0.0,59,0.407813
0.0,10,0.408098
1.0,18,0.408533
1.0,11,0.408832
1.0,41,0.409765
0.0,30,0.410462
0.0,1,0.410543
1.0,20,0.411051
1.0,23,0.411594
0.0,19,0.412065
1.0,25,0.412653
0.0,1,0.412738
1.0,30,0.413431
0.0,15,0.41382
1.0,65,0.41526
0.0,59,0.416574
0.0,33,0.417347
1.0,18,0.417797
0.0,37,0.418646
0.0,45,0.42001
0.0,38,0.420887
1.0,26,0.421499
0.0,2,0.421601
0.0,1,0.421705
0.0,68,0.423245
0.0,4,0.423396
0.0,18,0.423851
0.0,13,0.424189
0.0,90,0.426179
1.0,18,0.426623
1.0,49,0.427773
1.0,21,0.428268
0.0,3,0.428388
1.0,26,0.42901
0.0,5,0.429186
1.0,42,0.430141
0.0,77,0.431843
1.0,14,0.432194
0.0,15,0.432572
1.0,7,0.432789
1.0,17,0.433208
1.0,22,0.433746
1.0,12,0.434056
0.0,7,0.434261
0.0,13,0.434597
1.0,13,0.434944
1.0,37,0.435788
0.0,36,0.436621
1.0,34,0.43742
0.0,25,0.438021
0.0,26,0.438636
0.0,48,0.43973
1.0,34,0.440521
1.0,32,0.441287
0.0,10,0.441559
0.0,6,0.441754
1.0,8,0.441984
0.0,34,0.442786
0.0,13,0.44313
0.0,10,0.443406
0.0,5,0.443575
0.0,17,0.444014
0.0,21,0.444516
0.0,6,0.444727
0.0,11,0.445152
0.0,2,0.44529
0.0,32,0.446075
0.0,15,0.44646
0.0,8,0.446702
0.0,15,0.447082
1.0,25,0.447673
0.0,50,0.448813
0.0,8,0.449053
1.0,30,0.449758
0.0,19,0.450226
0.0,6,0.45041
0.0,20,0.450907
1.0,21,0.451416
0.0,20,0.451918
0.0,13,0.452271
1.0,11,0.452568
0.0,34,0.45336
1.0,25,0.453974
0.0,31,0.454697
0.0,20,0.455184
1.0,21,0.4557
0.0,16,0.456102
0.0,7,0.456314
0.0,11,0.4566
0.0,24,0.457172
0.0,17,0.45759
0.0,1,0.457674
0.0,3,0.457797
0.0,33,0.458567
0.0,2,0.45868
1.0,30,0.459383
0.0,12,0.459708
0.0,9,0.459961
0.0,11,0.460258
0.0,29,0.460938
0.0,3,0.461066
0.0,21,0.461573
1.0,25,0.462184
0.0,100,0.46435
0.0,9,0.464604
0.0,22,0.465146
0.0,20,0.465627
0.0,1,0.465718
0.0,22,0.466254
0.0,9,0.466512
1.0,27,0.467158
0.0,7,0.467369
0.0,8,0.467596
0.0,20,0.468096
0.0,34,0.468886
0.0,18,0.469339
0.0,6,0.469529
0.0,1,0.469609
0.0,82,0.471414
0.0,11,0.471715
0.0,11,0.472013
0.0,1,0.472089
0.0,20,0.472564
0.0,89,0.4745
0.0,1,0.474583
0.0,16,0.475009
0.0,2,0.475116
0.0,5,0.475282
0.0,47,0.476333
1.0,27,0.476972
1.0,11,0.477261
0.0,6,0.47745
1.0,40,0.478359
1.0,17,0.478785
0.0,2,0.478885
1.0,8,0.479112
1.0,11,0.479406
1.0,16,0.479811
1.0,11,0.480103
1.0,16,0.480499
0.0,3,0.480623
1.0,21,0.48114
0.0,33,0.481919
0.0,23,0.482458
0.0,16,0.482864
0.0,11,0.483163
0.0,7,0.48337
0.0,2,0.483471
0.0,5,0.48364
0.0,9,0.483913
0.0,8,0.484149
0.0,35,0.484959
1.0,21,0.485471
1.0,26,0.486092
0.0,57,0.487364
0.0,20,0.487863
0.0,7,0.488069
1.0,11,0.488366
0.0,17,0.48879
1.0,32,0.489526
0.0,6,0.489727
0.0,6,0.489921
0.0,25,0.490505
1.0,10,0.490793
1.0,23,0.491334
0.0,68,0.492853
1.0,23,0.493397
0.0,1,0.493476
1.0,20,0.493968
1.0,18,0.494413
1.0,40,0.495324
1.0,24,0.49592
0.0,34,0.496722
1.0,20,0.497202
0.0,6,0.497401
1.0,7,0.497614
1.0,22,0.49814
0.0,3,0.498267
0.0,1,0.498343
0.0,6,0.498527
0.0,5,0.498706
1.0,15,0.499088
0.0,21,0.499596
1.0,27,0.500244
1.0,8,0.500476
0.0,1,0.500552
1.0,10,0.500832
1.0,10,0.501101
0.0,1,0.501175
0.0,6,0.501368
0.0,3,0.501494
0.0,1,0.501575
1.0,15,0.50199
1.0,18,0.502446
1.0,39,0.503341
0.0,42,0.504297
1.0,7,0.504505
0.0,10,0.50479
0.0,3,0.504921
1.0,27,0.505558
1.0,6,0.505761
1.0,24,0.506335
0.0,22,0.50694
0.0,21,0.507453
0.0,4,0.507604
0.0,33,0.50838
0.0,3,0.50851
0.0,25,0.509106
0.0,14,0.509459
1.0,22,0.510015
1.0,30,0.510731
0.0,16,0.511142
1.0,14,0.511516
0.0,4,0.511667
1.0,18,0.512107
0.0,2,0.512205
0.0,4,0.512353
1.0,31,0.513086
1.0,14,0.513438
1.0,11,0.513735
0.0,13,0.514074
1.0,20,0.514558
0.0,15,0.514947
0.0,8,0.515183
0.0,18,0.515625
1.0,25,0.516216
0.0,15,0.516602
1.0,8,0.516845
1.0,17,0.517263
1.0,43,0.518236
0.0,17,0.518673
0.0,8,0.518905
1.0,45,0.519932
1.0,28,0.520577
0.0,4,0.52073
0.0,15,0.521107
0.0,3,0.521232
0.0,75,0.522904
0.0,24,0.523472
1.0,39,0.524365
1.0,61,0.525735
0.0,29,0.526412
0.0,7,0.526624
0.0,26,0.527242
0.0,21,0.527761
0.0,23,0.528313
0.0,29,0.529
0.0,34,0.529798
1.0,20,0.530277
0.0,5,0.530446
0.0,18,0.530905
1.0,19,0.531373
0.0,10,0.531647
1.0,25,0.532234
1.0,10,0.532513
0.0,7,0.532733
0.0,5,0.532906
0.0,29,0.533575
0.0,7,0.533792
0.0,24,0.534349
0.0,14,0.534732
0.0,4,0.534885
0.0,45,0.535912
0.0,35,0.536719
0.0,18,0.537162
0.0,4,0.537308
0.0,8,0.537541
1.0,52,0.538707
0.0,1,0.538786
0.0,2,0.53889
0.0,14,0.539253
0.0,3,0.539378
0.0,4,0.539525
0.0,3,0.539646
1.0,16,0.540055
0.0,19,0.540542
0.0,100,0.542744
0.0,4,0.542901
1.0,41,0.54387
0.0,32,0.544622
0.0,1,0.544708
1.0,36,0.545545
1.0,37,0.546404
1.0,25,0.547015
0.0,1,0.547097
0.0,8,0.54733
0.0,11,0.547628
1.0,21,0.548134
1.0,39,0.549039
0.0,1,0.549116
1.0,11,0.549417
1.0,17,0.549846
1.0,23,0.550394
0.0,38,0.551265
0.0,5,0.551437
1.0,14,0.5518
1.0,40,0.552709
0.0,18,0.553146
0.0,100,0.555346
0.0,6,0.555537
0.0,11,0.555842
0.0,16,0.556234
1.0,33,0.557013
0.0,17,0.557451
1.0,18,0.557903
0.0,7,0.558114
1.0,16,0.558511
0.0,1,0.55859
0.0,1,0.558679
1.0,16,0.559076
1.0,14,0.559425
1.0,25,0.560027
1.0,22,0.560555
1.0,11,0.560855
1.0,41,0.561798
0.0,16,0.562199
1.0,13,0.56253
0.0,8,0.562766
0.0,1,0.562846
0.0,4,0.562995
1.0,14,0.563346
1.0,11,0.563649
0.0,18,0.564099
1.0,25,0.564702
0.0,14,0.565059
0.0,32,0.565805
1.0,64,0.567213
1.0,17,0.567629
1.0,21,0.568151
0.0,14,0.568502
0.0,31,0.569239
0.0,21,0.569753
0.0,14,0.570117
0.0,13,0.570447
0.0,7,0.570657
0.0,7,0.570882
0.0,8,0.571108
0.0,1,0.571183
0.0,7,0.571398
1.0,16,0.571815
0.0,1,0.571895
0.0,29,0.572583
0.0,41,0.573513
0.0,88,0.575459
0.0,13,0.575817
0.0,15,0.576197
0.0,7,0.576406
0.0,8,0.576642
0.0,9,0.576908
0.0,32,0.577652
0.0,28,0.578305
0.0,2,0.578409
0.0,7,0.57862
0.0,21,0.579141
0.0,56,0.580387
0.0,32,0.581137
0.0,18,0.581582
0.0,11,0.581921
0.0,18,0.582368
0.0,18,0.582819
0.0,23,0.583361
0.0,18,0.583832
0.0,19,0.584298
0.0,6,0.584483
0.0,44,0.585504
1.0,44,0.586505
0.0,55,0.587737
1.0,42,0.588688
0.0,9,0.588948
1.0,10,0.589231
1.0,21,0.589749
0.0,8,0.589982
1.0,65,0.591434
0.0,58,0.592727
0.0,29,0.593401
0.0,5,0.593574
0.0,8,0.593833
0.0,11,0.594125
0.0,10,0.594401
0.0,44,0.595401
1.0,42,0.596373
0.0,43,0.597348
1.0,35,0.598155
0.0,6,0.598347
0.0,7,0.598562
0.0,3,0.598694
1.0,26,0.599305
0.0,4,0.599452
0.0,32,0.600197
0.0,39,0.601106
0.0,33,0.601871
0.0,11,0.602165
0.0,72,0.603755
1.0,15,0.60413
0.0,100,0.606266
1.0,23,0.60683
0.0,5,0.607067
0.0,8,0.607305
1.0,15,0.607698
0.0,54,0.608925
0.0,24,0.609499
0.0,15,0.609893
0.0,13,0.610235
0.0,5,0.610404
1.0,38,0.61129
0.0,2,0.611393
1.0,21,0.611913
0.0,6,0.6121
1.0,14,0.61246
0.0,7,0.612691
0.0,55,0.613945
0.0,11,0.614243
0.0,16,0.614634
0.0,11,0.614938
0.0,6,0.615124
0.0,30,0.615888
1.0,36,0.616725
1.0,12,0.617042
1.0,16,0.617445
1.0,41,0.618387
1.0,42,0.619342
0.0,17,0.619781
1.0,16,0.620185
0.0,9,0.620434
0.0,8,0.620679
0.0,1,0.620757
0.0,10,0.62103
0.0,25,0.621624
0.0,2,0.621733
1.0,23,0.62228
1.0,18,0.62273
1.0,10,0.622998
0.0,1,0.623072
0.0,27,0.623725
0.0,2,0.623833
1.0,26,0.624445
1.0,48,0.62553
0.0,33,0.626312
0.0,4,0.626462
0.0,22,0.627017
0.0,29,0.627706
0.0,1,0.627784
0.0,16,0.628179
0.0,11,0.628474
1.0,21,0.628989
0.0,25,0.629572
0.0,5,0.629757
1.0,13,0.630101
0.0,18,0.630547
1.0,22,0.631084
0.0,22,0.631619
0.0,28,0.632295
0.0,9,0.632551
0.0,4,0.632711
0.0,55,0.633949
0.0,1,0.634027
1.0,47,0.635085
1.0,27,0.635721
1.0,10,0.636008
0.0,7,0.636223
1.0,51,0.637393
0.0,66,0.638844
1.0,23,0.639406
0.0,2,0.639506
1.0,14,0.639878
0.0,20,0.640373
0.0,3,0.640499
1.0,38,0.641366
1.0,21,0.641884
0.0,13,0.642229
0.0,6,0.642417
0.0,61,0.643798
0.0,47,0.644893
0.0,2,0.644995
0.0,22,0.64552
0.0,1,0.645599
0.0,16,0.646043
1.0,57,0.647317
0.0,15,0.647701
0.0,22,0.648227
0.0,1,0.648306
0.0,2,0.648411
0.0,11,0.648722
1.0,10,0.648998
0.0,21,0.649509
0.0,48,0.650597
1.0,17,0.651032
0.0,19,0.651494
0.0,5,0.651668
1.0,48,0.652755
0.0,6,0.652945
0.0,3,0.653067
0.0,3,0.653191
0.0,26,0.653809
0.0,6,0.654002
0.0,1,0.654081
1.0,32,0.654847
1.0,22,0.65538
0.0,68,0.656908
1.0,15,0.657287
1.0,22,0.657829
0.0,7,0.658043
0.0,23,0.658587
0.0,1,0.658674
0.0,4,0.658825
0.0,18,0.65927
0.0,69,0.660777
0.0,10,0.661053
1.0,21,0.661561
0.0,17,0.661991
0.0,76,0.663677
0.0,35,0.664486
0.0,6,0.664686
0.0,4,0.664834
0.0,22,0.665359
0.0,14,0.665726
0.0,1,0.665804
1.0,18,0.666256
0.0,10,0.666534
0.0,4,0.666689
1.0,17,0.667116
0.0,43,0.66809
0.0,22,0.668612
1.0,14,0.668978
0.0,16,0.669371
0.0,18,0.669828
0.0,46,0.670874
0.0,13,0.671208
1.0,14,0.671558
1.0,42,0.672515
1.0,26,0.673137
0.0,11,0.673431
1.0,22,0.673969
0.0,7,0.674179
1.0,12,0.674488
0.0,7,0.674711
0.0,1,0.674793
0.0,4,0.674937
1.0,26,0.675534
1.0,41,0.676466
1.0,9,0.676723
1.0,14,0.677074
0.0,69,0.678615
0.0,8,0.678858
0.0,25,0.679443
0.0,3,0.679565
0.0,3,0.679698
0.0,8,0.679935
0.0,18,0.680381
1.0,8,0.680618
0.0,3,0.680755
1.0,20,0.681245
0.0,30,0.681949
1.0,19,0.682424
1.0,34,0.683223
0.0,14,0.683584
1.0,25,0.684184
1.0,31,0.684917
0.0,1,0.684998
0.0,55,0.686224
1.0,21,0.686746
0.0,8,0.686988
0.0,6,0.687174
1.0,21,0.687687
1.0,15,0.688069
0.0,33,0.688834
0.0,14,0.689196
0.0,8,0.689422
1.0,19,0.689887
1.0,16,0.690278
0.0,40,0.691196
0.0,8,0.691437
0.0,3,0.691564
0.0,22,0.692094
0.0,26,0.692719
0.0,6,0.692905
0.0,27,0.693536
1.0,10,0.69383
0.0,36,0.694681
1.0,18,0.695119
0.0,9,0.695371
1.0,8,0.695598
0.0,77,0.697325
1.0,22,0.69787
0.0,9,0.698125
0.0,9,0.698374
0.0,6,0.698567
0.0,8,0.69881
0.0,1,0.698892
1.0,36,0.69971
0.0,1,0.699792
1.0,18,0.700232
1.0,20,0.700739
0.0,24,0.701309
1.0,9,0.701563
0.0,20,0.702059
1.0,46,0.703111
1.0,28,0.703774
0.0,5,0.703943
0.0,17,0.704376
1.0,29,0.705054
1.0,41,0.706006
0.0,13,0.706351
0.0,40,0.707256
0.0,9,0.707582
0.0,11,0.707894
0.0,3,0.708025
0.0,40,0.708966
0.0,17,0.709401
0.0,39,0.710318
0.0,24,0.710908
0.0,4,0.711058
1.0,52,0.712229
1.0,18,0.712692
1.0,25,0.71329
1.0,30,0.713996
0.0,7,0.714207
0.0,9,0.714464
0.0,16,0.71488
0.0,9,0.715131
0.0,19,0.715607
0.0,7,0.715826
0.0,18,0.716266
0.0,8,0.716498
0.0,14,0.716887
0.0,33,0.717648
0.0,17,0.718086
0.0,27,0.71873
0.0,10,0.719008
0.0,11,0.7193
0.0,13,0.719647
1.0,11,0.719958
0.0,20,0.720439
0.0,15,0.720837
0.0,13,0.721179
1.0,14,0.721535
1.0,27,0.722185
0.0,31,0.722922
0.0,6,0.72311
0.0,44,0.724108
0.0,16,0.724517
1.0,34,0.725295
0.0,23,0.725858
0.0,9,0.726114
1.0,33,0.726882
0.0,10,0.727161
0.0,88,0.72911
0.0,7,0.729318
1.0,32,0.730063
0.0,9,0.730322
1.0,33,0.731097
0.0,2,0.731198
1.0,28,0.73186
1.0,18,0.732304
1.0,52,0.733482
1.0,9,0.733746
0.0,46,0.734849
0.0,17,0.735277
0.0,26,0.735893
1.0,31,0.736614
0.0,12,0.736944
1.0,21,0.737447
0.0,25,0.738048
0.0,39,0.738946
0.0,6,0.739141
0.0,19,0.739611
0.0,6,0.739804
0.0,12,0.740119
0.0,4,0.740263
0.0,61,0.741637
0.0,11,0.741936
0.0,15,0.742317
0.0,6,0.742508
0.0,38,0.743374
0.0,2,0.743475
0.0,2,0.743578
0.0,12,0.743907
0.0,4,0.744057
0.0,45,0.745073
0.0,1,0.745154
0.0,57,0.746439
1.0,37,0.747282
1.0,76,0.748976
0.0,3,0.749099
0.0,36,0.749955
0.0,6,0.750145
0.0,26,0.750764
0.0,4,0.750914
1.0,32,0.751654
1.0,31,0.752379
0.0,12,0.752699
1.0,11,0.752996
0.0,17,0.753427
0.0,10,0.753715
1.0,10,0.75399
0.0,10,0.75426
1.0,18,0.754713
0.0,1,0.754793
1.0,36,0.755623
0.0,54,0.756837
0.0,13,0.757173
0.0,1,0.757252
0.0,10,0.757519
0.0,11,0.757827
1.0,19,0.7583
0.0,32,0.759041
0.0,10,0.75932
0.0,1,0.759397
1.0,71,0.760991
0.0,4,0.761134
1.0,36,0.761954
0.0,3,0.762075
0.0,13,0.762414
0.0,15,0.762807
0.0,15,0.763188
0.0,5,0.763357
0.0,2,0.763462
0.0,51,0.764605
0.0,12,0.764936
0.0,77,0.766632
0.0,1,0.76672
0.0,39,0.767603
0.0,6,0.767807
0.0,9,0.768061
1.0,17,0.768485
0.0,31,0.769223
1.0,21,0.769727
1.0,17,0.770143
0.0,27,0.770773
0.0,13,0.771103
0.0,2,0.771207
0.0,8,0.771431
1.0,29,0.7721
1.0,23,0.772653
0.0,22,0.77319
1.0,50,0.774313
1.0,27,0.774956
0.0,12,0.775275
1.0,22,0.775801
0.0,43,0.776778
0.0,26,0.77739
1.0,8,0.777624
0.0,6,0.777818
0.0,14,0.778186
0.0,2,0.778289
0.0,7,0.778502
1.0,17,0.778933
0.0,2,0.779033
1.0,28,0.779689
0.0,22,0.780211
0.0,23,0.78078
0.0,3,0.780905
0.0,5,0.781072
0.0,15,0.781452
0.0,30,0.782162
0.0,34,0.782954
0.0,4,0.783103
0.0,13,0.783441
1.0,25,0.78403
1.0,18,0.784474
0.0,1,0.784553
1.0,6,0.784749
0.0,56,0.786003
0.0,39,0.786888
0.0,5,0.78706
0.0,7,0.787265
1.0,13,0.787594
0.0,30,0.7883
1.0,44,0.789301
1.0,23,0.789859
0.0,5,0.790027
1.0,10,0.790302
1.0,25,0.790904
0.0,1,0.790984
0.0,18,0.791422
0.0,13,0.791774
1.0,21,0.792271
0.0,15,0.792646
1.0,44,0.793641
0.0,20,0.794138
0.0,16,0.794539
0.0,30,0.795244
0.0,61,0.79659
0.0,42,0.797541
0.0,3,0.797671
0.0,37,0.798511
0.0,10,0.798795
0.0,9,0.799042
0.0,5,0.799211
0.0,1,0.799287
0.0,37,0.800144
0.0,10,0.800425
0.0,3,0.800546
0.0,26,0.801182
0.0,11,0.801471
0.0,15,0.801858
0.0,7,0.802071
0.0,25,0.802672
0.0,15,0.803052
0.0,19,0.803556
0.0,11,0.803874
0.0,82,0.805692
0.0,12,0.80602
0.0,50,0.807142
1.0,10,0.807417
1.0,14,0.807859
0.0,19,0.808336
1.0,16,0.808749
1.0,17,0.809172
1.0,7,0.809379
0.0,42,0.810341
0.0,43,0.811317
0.0,26,0.811947
0.0,59,0.813254
0.0,46,0.814307
0.0,1,0.814386
0.0,32,0.815131
0.0,16,0.815533
1.0,20,0.816031
0.0,14,0.816399
1.0,38,0.817263
0.0,20,0.81776
0.0,36,0.818573
0.0,29,0.819255
0.0,26,0.819871
0.0,3,0.819998
0.0,6,0.820187
0.0,15,0.820562
0.0,4,0.82072
0.0,6,0.820913
1.0,22,0.821438
0.0,5,0.82161
0.0,22,0.822147
0.0,7,0.822358
0.0,17,0.822796
0.0,2,0.822901
0.0,2,0.823004
1.0,26,0.823607
0.0,4,0.823765
0.0,3,0.823891
0.0,26,0.824502
0.0,25,0.825096
1.0,32,0.825855
1.0,21,0.826355
0.0,11,0.826647
0.0,23,0.827192
0.0,3,0.827316
1.0,68,0.828818
0.0,31,0.829541
0.0,3,0.829677
0.0,3,0.8298
0.0,63,0.831183
1.0,12,0.831502
0.0,3,0.831627
0.0,14,0.83199
1.0,29,0.83267
0.0,3,0.832794
0.0,13,0.833135
0.0,5,0.833303
0.0,21,0.833826
1.0,30,0.834513
0.0,1,0.834592
0.0,4,0.83475
0.0,26,0.835366
0.0,4,0.835516
1.0,8,0.835758
1.0,14,0.836114
0.0,36,0.83695
0.0,9,0.837207
0.0,9,0.837454
1.0,37,0.838308
0.0,12,0.838629
0.0,33,0.839391
0.0,19,0.839858
0.0,3,0.83998
1.0,13,0.840308
1.0,76,0.841998
0.0,10,0.842273
0.0,1,0.842349
0.0,1,0.842428
1.0,34,0.843213
0.0,32,0.843956
1.0,21,0.844458
0.0,1,0.844537
0.0,17,0.844976
0.0,27,0.845614
0.0,35,0.846417
1.0,11,0.846718
1.0,11,0.847014
0.0,7,0.847232
0.0,61,0.848597
0.0,4,0.848752
0.0,1,0.84883
1.0,35,0.84971
1.0,12,0.850118
0.0,73,0.851881
1.0,21,0.852376
0.0,36,0.8532
0.0,85,0.85506
0.0,61,0.856449
0.0,12,0.856785
0.0,16,0.857184
0.0,28,0.857859
0.0,30,0.858566
0.0,2,0.858679
1.0,8,0.85891
1.0,65,0.860349
1.0,17,0.860784
0.0,5,0.860949
0.0,4,0.861096
0.0,23,0.861638
1.0,48,0.862722
0.0,17,0.863155
0.0,21,0.863688
0.0,2,0.863796
0.0,7,0.864002
1.0,10,0.864269
0.0,11,0.864557
0.0,27,0.865197
0.0,2,0.865299
0.0,28,0.865968
1.0,13,0.866316
1.0,25,0.866914
1.0,35,0.867721
1.0,10,0.867994
1.0,59,0.869294
0.0,1,0.869375
1.0,26,0.870001
1.0,19,0.87046
0.0,1,0.870538
0.0,38,0.87142
1.0,18,0.871871
0.0,6,0.872056
0.0,60,0.873385
0.0,23,0.87395
0.0,15,0.874331
1.0,29,0.874999
0.0,2,0.875103
0.0,33,0.875879
1.0,53,0.87706
1.0,18,0.877496
0.0,13,0.877843
0.0,5,0.878017
1.0,18,0.87845
0.0,10,0.878729
0.0,10,0.879002
1.0,12,0.879316
0.0,1,0.879394
1.0,12,0.879724
1.0,46,0.880772
0.0,12,0.88108
0.0,2,0.881191
0.0,23,0.881754
0.0,100,0.88392
0.0,18,0.884369
0.0,33,0.885135
0.0,1,0.885218
0.0,2,0.885322
0.0,1,0.885402
0.0,48,0.886493
1.0,10,0.886784
1.0,10,0.887058
0.0,6,0.887246
0.0,50,0.888377
0.0,4,0.888523
0.0,1,0.888598
0.0,45,0.889621
0.0,14,0.889991
1.0,29,0.890672
0.0,7,0.890887
0.0,12,0.891195
0.0,12,0.891501
1.0,17,0.891931
0.0,78,0.893622
0.0,2,0.893734
0.0,26,0.894373
0.0,24,0.894964
1.0,30,0.895655
1.0,28,0.896325
1.0,25,0.896923
0.0,7,0.89713
0.0,1,0.89721
1.0,32,0.897962
0.0,9,0.89821
0.0,15,0.898586
0.0,1,0.898668
0.0,14,0.899038
0.0,26,0.89965
0.0,4,0.899813
0.0,13,0.900147
1.0,30,0.900846
1.0,21,0.901359
1.0,55,0.902604
0.0,51,0.903747
1.0,24,0.904317
0.0,11,0.904613
0.0,41,0.905541
1.0,15,0.905929
0.0,12,0.906248
1.0,19,0.906726
1.0,27,0.907358
0.0,33,0.908114
0.0,7,0.908391
0.0,5,0.908572
0.0,5,0.908756
1.0,29,0.909425
0.0,6,0.909616
1.0,11,0.909916
0.0,14,0.91028
1.0,70,0.91186
0.0,1,0.911942
1.0,26,0.91256
0.0,3,0.912695
0.0,19,0.913157
0.0,6,0.913341
1.0,18,0.913787
0.0,2,0.913892
1.0,34,0.914693
1.0,16,0.915088
0.0,8,0.915312
0.0,36,0.916162
1.0,22,0.916708
1.0,38,0.917582
0.0,4,0.917737
0.0,5,0.917908
0.0,8,0.918134
0.0,20,0.918619
0.0,31,0.919342
0.0,19,0.919821
0.0,3,0.919952
0.0,43,0.920942
1.0,22,0.921479
0.0,19,0.921973
0.0,8,0.922211
0.0,9,0.922468
1.0,17,0.922908
1.0,47,0.92397
0.0,12,0.924285
0.0,13,0.924615
0.0,34,0.925394
0.0,23,0.925954
1.0,28,0.926602
1.0,65,0.928046
0.0,6,0.928236
0.0,9,0.928492
0.0,8,0.928728
0.0,46,0.929765
0.0,2,0.929865
1.0,29,0.930535
1.0,30,0.931247
1.0,22,0.93178
1.0,12,0.932104
1.0,10,0.932372
0.0,8,0.932603
1.0,13,0.932956
1.0,26,0.93357
0.0,8,0.933811
1.0,13,0.93415
1.0,11,0.934444
0.0,13,0.934813
0.0,9,0.935066
0.0,16,0.935463
0.0,3,0.935593
1.0,54,0.936816
0.0,13,0.937151
0.0,14,0.937515
1.0,22,0.938051
1.0,16,0.938446
1.0,39,0.939342
0.0,6,0.939531
0.0,60,0.940874
0.0,6,0.941066
0.0,3,0.941191
0.0,36,0.94202
1.0,67,0.943503
0.0,4,0.943652
0.0,25,0.944252
0.0,19,0.944736
0.0,17,0.945159
0.0,7,0.945365
1.0,53,0.946572
0.0,17,0.947008
0.0,2,0.947109
0.0,9,0.94736
0.0,8,0.947593
0.0,3,0.947724
0.0,14,0.948083
0.0,21,0.948584
0.0,7,0.948803
0.0,9,0.949054
0.0,23,0.949607
0.0,13,0.949957
0.0,44,0.950963
0.0,3,0.95109
1.0,78,0.95281
0.0,11,0.953102
0.0,36,0.953931
0.0,1,0.954012
1.0,21,0.954522
0.0,48,0.955615
1.0,40,0.956531
0.0,14,0.956902
1.0,19,0.957365
0.0,8,0.957597
1.0,18,0.958048
0.0,10,0.958323
0.0,44,0.959314
0.0,11,0.959616
0.0,10,0.959899
1.0,63,0.961278
1.0,20,0.961767
0.0,15,0.962147
1.0,35,0.962942
0.0,30,0.963638
1.0,16,0.964037
0.0,3,0.964162
1.0,18,0.964601
0.0,32,0.965351
1.0,45,0.966359
0.0,10,0.966632
0.0,8,0.966876
0.0,7,0.967088
1.0,18,0.967539
0.0,7,0.967754
0.0,2,0.967854
0.0,9,0.968108
1.0,37,0.968962
0.0,5,0.969131
1.0,33,0.969899
0.0,4,0.970043
1.0,10,0.970309
0.0,10,0.970574
0.0,2,0.970684
0.0,35,0.971485
1.0,42,0.972445
1.0,33,0.973212
1.0,17,0.97363
0.0,39,0.974512
0.0,51,0.975667
1.0,10,0.975949
0.0,100,0.978153
0.0,27,0.978799
1.0,37,0.979656
0.0,6,0.979852
0.0,3,0.979975
0.0,13,0.980305
0.0,3,0.980426
0.0,23,0.980983
0.0,5,0.981149
0.0,14,0.981505
0.0,12,0.981835
0.0,48,0.982912
1.0,37,0.983768
0.0,68,0.985256
1.0,28,0.985916
0.0,33,0.98667
0.0,23,0.987208
1.0,14,0.987565
0.0,20,0.98805
0.0,23,0.9886
0.0,86,0.99051
1.0,17,0.990945
1.0,9,0.991198
0.0,2,0.991301
0.0,9,0.991555
0.0,7,0.99177
1.0,61,0.993106
0.0,17,0.993527
0.0,27,0.994167
1.0,7,0.994372
1.0,9,0.994624
0.0,7,0.994843
1.0,29,0.995513
0.0,15,0.995898
1.0,14,0.996253
0.0,2,0.996356
0.0,16,0.996769
0.0,15,0.99719
0.0,8,0.997424
0.0,1,0.997504
0.0,14,0.997879
0.0,3,0.998003
1.0,32,0.998748
1.0,27,0.999376
0.0,31,1.000101
0.0,6,1.000293
0.0,45,1.001313
0.0,17,1.001744
0.0,23,1.002292
0.0,13,1.002654
0.0,12,1.002975
1.0,18,1.003412
1.0,43,1.004393
0.0,18,1.004852
0.0,34,1.005632
0.0,25,1.006229
1.0,15,1.006616
0.0,34,1.007401
0.0,10,1.007698
0.0,93,1.00979
0.0,10,1.010132
0.0,15,1.010526
0.0,12,1.010864
0.0,16,1.01126
0.0,8,1.011485
0.0,6,1.011687
0.0,15,1.012076
1.0,19,1.012544
0.0,10,1.012825
0.0,44,1.013832
0.0,9,1.014085
0.0,22,1.014615
1.0,72,1.016224
0.0,7,1.016439
1.0,82,1.018259
0.0,15,1.018636
0.0,7,1.018849
0.0,41,1.01979
1.0,18,1.020232
1.0,41,1.021165
0.0,12,1.021487
0.0,19,1.02196
0.0,6,1.02215
0.0,6,1.022334
1.0,72,1.023915
0.0,5,1.024091
