#{"t_start": 1522157410.9711647, "env_id": "MyFrozenLake-v0"}
r,l,t
0.0,6,0.056369
0.0,1,0.056593
0.0,4,0.05687
0.0,1,0.056979
0.0,9,0.057436
0.0,6,0.057772
0.0,11,0.058308
0.0,23,0.059364
0.0,10,0.059871
0.0,12,0.060444
0.0,8,0.060863
0.0,4,0.061105
0.0,17,0.061902
0.0,49,0.064065
0.0,8,0.064477
0.0,8,0.064898
0.0,1,0.065009
0.0,22,0.066024
0.0,8,0.066437
0.0,4,0.066694
0.0,13,0.067312
0.0,8,0.067739
0.0,10,0.068233
0.0,9,0.068694
0.0,7,0.069067
0.0,5,0.069351
0.0,12,0.069944
0.0,8,0.070356
0.0,4,0.070606
0.0,1,0.070718
0.0,6,0.07104
0.0,7,0.071407
0.0,1,0.071527
0.0,7,0.071892
0.0,50,0.074097
0.0,3,0.074294
0.0,8,0.074712
0.0,5,0.074994
0.0,4,0.075234
0.0,8,0.075654
0.0,5,0.075939
0.0,5,0.076219
0.0,2,0.076371
0.0,22,0.077389
0.0,7,0.077766
0.0,13,0.078384
0.0,5,0.078675
0.0,13,0.079291
0.0,14,0.079965
0.0,30,0.081313
0.0,3,0.081523
0.0,2,0.081677
0.0,5,0.081959
0.0,12,0.082551
0.0,1,0.082661
0.0,9,0.083117
0.0,24,0.084211
0.0,7,0.084591
0.0,33,0.08607
0.0,3,0.086273
0.0,12,0.086866
0.0,11,0.087399
0.0,17,0.088189
0.0,13,0.088825
0.0,2,0.08898
0.0,20,0.089899
0.0,4,0.090142
0.0,9,0.090606
0.0,1,0.090719
0.0,4,0.090956
0.0,8,0.091366
0.0,10,0.091873
0.0,18,0.09272
0.0,8,0.093133
0.0,16,0.09389
0.0,11,0.094424
0.0,4,0.094673
0.0,7,0.095037
0.0,11,0.095585
0.0,15,0.096285
0.0,10,0.096795
0.0,12,0.097373
0.0,4,0.097625
0.0,3,0.097824
0.0,8,0.098229
0.0,10,0.09873
0.0,3,0.098926
0.0,2,0.099081
0.0,14,0.099751
0.0,7,0.100127
0.0,17,0.100927
0.0,18,0.101781
0.0,10,0.102277
0.0,10,0.102777
0.0,7,0.103148
0.0,31,0.104551
0.0,14,0.105208
0.0,8,0.105625
0.0,11,0.106157
0.0,6,0.106483
0.0,18,0.107332
0.0,9,0.107798
0.0,1,0.107911
0.0,8,0.10832
0.0,4,0.10857
0.0,5,0.108856
0.0,1,0.108965
0.0,9,0.109422
0.0,4,0.109672
0.0,24,0.110762
0.0,12,0.111336
0.0,8,0.111754
0.0,8,0.112169
0.0,3,0.112369
0.0,2,0.112533
0.0,53,0.114853
0.0,5,0.115137
0.0,25,0.116272
0.0,10,0.116782
0.0,11,0.117316
0.0,11,0.11786
0.0,13,0.118483
0.0,4,0.118734
0.0,3,0.118932
0.0,9,0.11938
0.0,8,0.119798
0.0,2,0.119952
0.0,16,0.120707
0.0,12,0.121286
0.0,25,0.122433
0.0,10,0.122935
0.0,1,0.123045
0.0,17,0.123846
0.0,6,0.124174
0.0,13,0.124804
0.0,9,0.125252
0.0,18,0.126095
0.0,5,0.126379
0.0,12,0.126971
0.0,6,0.127296
0.0,26,0.12847
0.0,9,0.128934
0.0,13,0.129563
0.0,15,0.13027
0.0,55,0.132688
0.0,15,0.133392
0.0,16,0.13415
0.0,9,0.134612
0.0,7,0.13498
0.0,13,0.135607
0.0,14,0.136269
0.0,11,0.136823
0.0,45,0.138812
0.0,15,0.139529
0.0,18,0.14036
0.0,2,0.140523
0.0,1,0.140633
0.0,2,0.140787
0.0,2,0.140939
0.0,11,0.141472
0.0,13,0.142109
0.0,3,0.142308
0.0,6,0.142642
0.0,5,0.142925
0.0,14,0.143602
1.0,8,0.144012
0.0,6,0.144332
0.0,16,0.14509
0.0,9,0.145557
0.0,42,0.147419
0.0,10,0.147926
1.0,26,0.14911
0.0,11,0.149652
0.0,5,0.149934
0.0,6,0.150261
1.0,16,0.151015
0.0,6,0.151339
1.0,13,0.151971
0.0,11,0.152519
0.0,4,0.15276
1.0,24,0.153853
0.0,2,0.154006
0.0,6,0.154331
0.0,8,0.154752
0.0,3,0.15495
0.0,8,0.155359
0.0,16,0.15611
1.0,18,0.15702
0.0,3,0.157218
0.0,13,0.15785
0.0,2,0.158003
0.0,18,0.158846
0.0,5,0.159127
0.0,1,0.159234
0.0,1,0.159341
0.0,28,0.16061
0.0,13,0.16123
0.0,1,0.161341
0.0,2,0.161505
0.0,8,0.161911
0.0,16,0.162664
0.0,16,0.163405
0.0,12,0.163997
0.0,14,0.164667
0.0,13,0.165288
0.0,10,0.165789
0.0,3,0.165985
0.0,13,0.166619
0.0,9,0.167075
0.0,9,0.167532
0.0,12,0.168108
0.0,22,0.169122
0.0,12,0.169712
0.0,4,0.169953
0.0,17,0.170756
0.0,13,0.171382
1.0,11,0.171932
0.0,4,0.172171
0.0,10,0.172678
0.0,9,0.17313
0.0,18,0.173973
0.0,2,0.174129
0.0,2,0.174283
1.0,43,0.176181
0.0,3,0.17638
0.0,6,0.176725
0.0,10,0.177218
1.0,33,0.17871
0.0,6,0.179033
0.0,3,0.179231
0.0,6,0.179562
0.0,4,0.179804
0.0,19,0.180691
0.0,6,0.181013
0.0,8,0.181418
0.0,1,0.181537
0.0,10,0.182035
0.0,16,0.182792
0.0,8,0.183206
1.0,12,0.183795
0.0,6,0.184119
0.0,12,0.184708
0.0,7,0.185077
0.0,10,0.185584
0.0,24,0.18669
0.0,5,0.186973
0.0,8,0.187379
0.0,1,0.187519
0.0,20,0.18844
0.0,8,0.188854
0.0,7,0.189224
0.0,9,0.189688
0.0,6,0.190011
0.0,12,0.1906
0.0,9,0.191048
0.0,13,0.191681
0.0,10,0.192174
0.0,1,0.192286
0.0,9,0.192747
0.0,5,0.193029
0.0,22,0.194044
0.0,5,0.194327
0.0,6,0.194662
0.0,25,0.195802
0.0,16,0.196567
0.0,1,0.196679
0.0,2,0.196832
0.0,5,0.197112
0.0,12,0.197702
0.0,14,0.198371
0.0,1,0.198484
0.0,9,0.19895
0.0,4,0.19919
0.0,10,0.199694
0.0,9,0.200145
0.0,7,0.200521
1.0,9,0.200973
0.0,5,0.201252
0.0,7,0.201628
0.0,19,0.202515
0.0,5,0.202799
0.0,3,0.202997
0.0,7,0.203362
0.0,1,0.20347
0.0,7,0.203848
0.0,17,0.204652
0.0,2,0.20481
0.0,20,0.205734
0.0,28,0.20701
0.0,12,0.207602
0.0,1,0.207712
0.0,10,0.208207
0.0,17,0.209018
0.0,12,0.209611
0.0,13,0.21024
0.0,22,0.211254
0.0,22,0.212268
0.0,11,0.212821
0.0,5,0.213108
0.0,8,0.213528
1.0,16,0.214271
0.0,19,0.215157
0.0,35,0.216738
0.0,20,0.217669
0.0,11,0.218209
0.0,2,0.218363
0.0,9,0.218827
0.0,13,0.219446
0.0,12,0.220033
0.0,19,0.220924
0.0,10,0.221431
0.0,14,0.222106
0.0,8,0.222526
0.0,5,0.222811
0.0,13,0.223435
0.0,8,0.223855
0.0,5,0.22414
0.0,12,0.224733
0.0,19,0.225617
0.0,1,0.225729
0.0,1,0.225838
0.0,13,0.22646
1.0,15,0.227178
0.0,25,0.228318
0.0,5,0.228615
0.0,13,0.229241
0.0,8,0.22966
0.0,10,0.230156
0.0,2,0.230309
0.0,11,0.230857
0.0,8,0.23127
0.0,20,0.232197
0.0,8,0.232622
0.0,9,0.233074
0.0,6,0.233398
0.0,2,0.233562
0.0,23,0.23462
0.0,6,0.234944
0.0,8,0.235352
0.0,9,0.235819
0.0,5,0.236102
0.0,16,0.236865
0.0,11,0.2374
0.0,30,0.23876
0.0,10,0.239255
0.0,14,0.239929
0.0,25,0.241076
0.0,2,0.241232
1.0,16,0.241993
0.0,6,0.242318
0.0,18,0.243164
0.0,1,0.243276
0.0,7,0.243653
0.0,2,0.24381
0.0,12,0.244388
0.0,4,0.244645
0.0,10,0.245138
0.0,4,0.245375
0.0,8,0.245795
1.0,22,0.246817
0.0,4,0.247057
0.0,4,0.247297
0.0,4,0.247546
0.0,44,0.249482
0.0,7,0.249857
0.0,10,0.250353
0.0,6,0.25069
0.0,6,0.251013
0.0,21,0.251981
0.0,17,0.252783
0.0,3,0.25298
0.0,16,0.25374
0.0,5,0.254028
0.0,6,0.254353
0.0,1,0.254462
0.0,3,0.254669
0.0,9,0.255123
0.0,38,0.256822
0.0,9,0.257347
0.0,3,0.257557
1.0,6,0.257884
0.0,12,0.258467
0.0,10,0.258968
0.0,6,0.259296
0.0,1,0.259407
0.0,14,0.260075
0.0,11,0.260622
0.0,8,0.261039
0.0,14,0.261713
0.0,10,0.26221
0.0,1,0.262319
0.0,8,0.262736
0.0,4,0.262976
0.0,3,0.263173
0.0,25,0.264313
0.0,13,0.264941
0.0,19,0.265831
0.0,1,0.265941
0.0,9,0.266396
0.0,7,0.266775
0.0,6,0.267102
0.0,22,0.268112
0.0,2,0.268267
0.0,5,0.26856
0.0,11,0.269097
0.0,3,0.269294
0.0,6,0.269632
0.0,26,0.270814
0.0,13,0.271431
0.0,4,0.271682
0.0,1,0.271792
0.0,2,0.271945
0.0,2,0.272099
0.0,27,0.273321
0.0,16,0.274078
0.0,16,0.27484
0.0,12,0.275423
0.0,2,0.275588
0.0,1,0.275697
0.0,29,0.277004
1.0,37,0.278666
0.0,11,0.279199
0.0,17,0.28
0.0,14,0.280679
0.0,17,0.281475
0.0,1,0.281596
0.0,4,0.281834
0.0,6,0.282157
0.0,10,0.28266
0.0,6,0.282985
0.0,14,0.283714
0.0,24,0.284821
0.0,7,0.285191
0.0,15,0.285903
0.0,1,0.286013
0.0,5,0.286292
0.0,39,0.288044
1.0,14,0.288717
0.0,12,0.289291
0.0,14,0.289958
0.0,7,0.290325
1.0,18,0.291164
1.0,13,0.29179
0.0,1,0.291899
0.0,1,0.292009
0.0,10,0.292516
0.0,3,0.292718
0.0,16,0.293466
0.0,11,0.294009
0.0,14,0.29469
0.0,14,0.295356
1.0,16,0.296112
0.0,11,0.296668
0.0,1,0.29678
0.0,8,0.297189
0.0,25,0.298329
0.0,8,0.298749
0.0,8,0.299162
0.0,4,0.299402
1.0,24,0.300501
0.0,14,0.301164
0.0,5,0.301447
0.0,4,0.301694
0.0,10,0.302188
0.0,1,0.302296
0.0,10,0.302798
0.0,7,0.303168
0.0,30,0.304527
0.0,25,0.305665
0.0,7,0.306035
0.0,29,0.307353
0.0,5,0.307647
0.0,12,0.308228
0.0,2,0.308384
0.0,35,0.310001
1.0,11,0.310557
0.0,20,0.311475
0.0,21,0.312441
0.0,2,0.312608
0.0,6,0.312931
0.0,4,0.313174
0.0,3,0.313373
0.0,13,0.314012
0.0,20,0.314932
0.0,9,0.315386
0.0,14,0.316059
0.0,19,0.316955
0.0,5,0.317237
0.0,15,0.317959
0.0,7,0.31833
0.0,4,0.31858
0.0,13,0.319196
0.0,3,0.319392
0.0,2,0.319556
0.0,56,0.322005
0.0,6,0.32233
0.0,4,0.322582
0.0,2,0.322741
0.0,2,0.32291
0.0,1,0.323019
0.0,8,0.323427
0.0,4,0.323675
0.0,6,0.323998
0.0,14,0.324676
0.0,14,0.325343
0.0,12,0.325935
0.0,9,0.326386
0.0,17,0.327192
0.0,5,0.327477
0.0,12,0.328069
0.0,5,0.328353
0.0,19,0.329248
0.0,3,0.329447
0.0,6,0.329778
0.0,6,0.330106
0.0,1,0.330216
0.0,9,0.330679
0.0,6,0.331007
0.0,8,0.33142
1.0,11,0.331964
0.0,34,0.333478
0.0,11,0.334019
0.0,7,0.334383
0.0,11,0.334927
0.0,24,0.336018
0.0,5,0.336303
0.0,37,0.337965
0.0,24,0.339064
0.0,12,0.339653
0.0,2,0.339809
0.0,5,0.340094
0.0,10,0.340606
0.0,6,0.340932
0.0,17,0.341739
0.0,5,0.342021
0.0,12,0.342611
0.0,7,0.342983
0.0,11,0.343531
0.0,7,0.343898
0.0,8,0.344304
0.0,6,0.344638
0.0,8,0.345051
0.0,7,0.345415
0.0,8,0.345835
0.0,14,0.346507
0.0,8,0.346914
0.0,3,0.347113
0.0,46,0.349137
0.0,17,0.34994
0.0,1,0.350051
0.0,11,0.350601
0.0,6,0.350926
0.0,17,0.351726
0.0,9,0.352177
1.0,8,0.352596
1.0,17,0.353388
0.0,5,0.353684
0.0,5,0.353968
0.0,2,0.354122
0.0,10,0.354626
1.0,33,0.356104
0.0,3,0.356303
0.0,16,0.357062
0.0,5,0.357402
0.0,4,0.357649
0.0,6,0.357971
0.0,7,0.358339
0.0,15,0.359055
0.0,3,0.359251
0.0,7,0.359631
0.0,1,0.359741
0.0,14,0.360404
0.0,12,0.361003
0.0,1,0.361115
0.0,1,0.361225
0.0,8,0.361646
0.0,7,0.362017
0.0,9,0.362464
0.0,5,0.362755
0.0,5,0.363037
0.0,47,0.365131
0.0,5,0.365413
0.0,30,0.366783
0.0,5,0.367069
0.0,7,0.367439
0.0,6,0.367772
1.0,7,0.368141
0.0,21,0.369113
0.0,5,0.369396
0.0,8,0.369816
0.0,4,0.370055
0.0,11,0.370601
0.0,12,0.371177
0.0,6,0.371508
0.0,13,0.372132
0.0,30,0.37348
0.0,6,0.373819
0.0,19,0.374705
0.0,2,0.37486
0.0,2,0.37502
0.0,7,0.375386
0.0,14,0.376063
0.0,13,0.376705
0.0,18,0.377559
0.0,2,0.377714
0.0,22,0.378727
0.0,8,0.379137
0.0,18,0.379974
0.0,11,0.380522
0.0,30,0.381876
0.0,31,0.383277
0.0,17,0.384084
0.0,10,0.384588
0.0,5,0.384868
0.0,5,0.385147
0.0,3,0.385344
0.0,7,0.385721
0.0,33,0.38721
0.0,5,0.3875
1.0,26,0.388677
0.0,22,0.389682
0.0,12,0.390255
0.0,13,0.390889
0.0,6,0.391212
0.0,4,0.391452
0.0,16,0.392207
0.0,7,0.392586
0.0,6,0.392911
0.0,7,0.393278
0.0,7,0.393659
0.0,9,0.394107
0.0,2,0.394262
0.0,23,0.395315
0.0,9,0.39578
0.0,4,0.39602
0.0,9,0.396471
0.0,4,0.396724
0.0,15,0.397425
0.0,5,0.397715
0.0,35,0.399271
0.0,12,0.399868
0.0,5,0.400152
0.0,8,0.40058
0.0,5,0.400862
0.0,14,0.401534
0.0,20,0.402447
0.0,7,0.402827
0.0,10,0.403316
0.0,7,0.403697
0.0,4,0.403937
0.0,22,0.404955
0.0,5,0.405237
0.0,15,0.405951
0.0,6,0.406276
0.0,7,0.406661
0.0,4,0.406905
0.0,6,0.407228
0.0,23,0.408274
0.0,9,0.408743
0.0,3,0.408942
0.0,9,0.409392
0.0,3,0.409602
0.0,13,0.410226
0.0,2,0.410379
0.0,8,0.410799
0.0,12,0.411377
0.0,17,0.412174
0.0,1,0.412286
0.0,13,0.412917
0.0,17,0.413722
0.0,18,0.414572
0.0,3,0.414768
0.0,3,0.414966
0.0,2,0.41512
0.0,8,0.415536
0.0,1,0.415648
0.0,13,0.416266
0.0,17,0.417072
0.0,7,0.417437
0.0,7,0.417817
0.0,27,0.419044
0.0,36,0.420657
0.0,1,0.420767
0.0,8,0.421178
0.0,4,0.421417
0.0,8,0.421839
0.0,3,0.422039
1.0,22,0.423047
0.0,14,0.423726
0.0,6,0.424049
0.0,5,0.424329
0.0,4,0.424583
0.0,17,0.425377
0.0,19,0.426272
0.0,18,0.427123
0.0,4,0.427364
0.0,2,0.42753
0.0,2,0.427684
0.0,21,0.428662
0.0,10,0.429157
0.0,21,0.430121
0.0,7,0.430505
0.0,20,0.431426
0.0,8,0.431847
0.0,8,0.432255
0.0,4,0.432502
0.0,4,0.432741
0.0,12,0.433324
0.0,3,0.433532
0.0,43,0.435427
0.0,6,0.435766
0.0,13,0.43639
0.0,11,0.436945
0.0,6,0.437272
0.0,9,0.437734
0.0,12,0.438309
0.0,16,0.439063
0.0,19,0.439944
0.0,5,0.440229
0.0,20,0.441169
0.0,17,0.441969
0.0,8,0.442376
0.0,3,0.442588
0.0,9,0.443041
0.0,15,0.443757
0.0,7,0.444126
0.0,3,0.444322
0.0,13,0.444956
0.0,8,0.445368
0.0,21,0.446331
0.0,14,0.447007
0.0,29,0.448311
0.0,7,0.448688
1.0,8,0.449095
0.0,2,0.44925
0.0,26,0.450425
0.0,24,0.451536
0.0,5,0.451819
0.0,1,0.45193
0.0,7,0.452295
0.0,5,0.45259
1.0,27,0.453815
0.0,21,0.454792
0.0,11,0.455332
0.0,13,0.455967
0.0,7,0.45634
0.0,7,0.456727
0.0,15,0.457434
0.0,24,0.458641
0.0,14,0.459306
0.0,1,0.459417
0.0,2,0.459579
0.0,1,0.459688
0.0,4,0.459926
0.0,14,0.460604
1.0,20,0.461533
0.0,15,0.462239
0.0,9,0.462699
0.0,8,0.463113
0.0,5,0.463397
0.0,9,0.46386
0.0,8,0.464271
0.0,12,0.464865
0.0,8,0.465276
0.0,1,0.465387
0.0,3,0.465593
0.0,5,0.465878
0.0,9,0.466327
0.0,15,0.467052
0.0,10,0.467563
0.0,5,0.467851
0.0,1,0.467959
0.0,1,0.468071
0.0,13,0.468702
0.0,3,0.468899
0.0,8,0.469305
0.0,1,0.469413
0.0,12,0.470003
0.0,36,0.471625
0.0,11,0.472164
0.0,12,0.472759
0.0,8,0.473171
0.0,11,0.473724
0.0,21,0.474698
0.0,8,0.475112
0.0,2,0.475266
1.0,12,0.475855
0.0,6,0.476181
0.0,5,0.476464
0.0,25,0.477621
0.0,6,0.477946
0.0,16,0.478709
0.0,6,0.479035
0.0,25,0.480177
0.0,11,0.480729
0.0,8,0.481136
0.0,10,0.481642
0.0,8,0.482055
1.0,21,0.483032
0.0,5,0.483315
0.0,6,0.483653
0.0,21,0.484627
1.0,29,0.485944
0.0,14,0.486627
0.0,14,0.487296
0.0,5,0.487592
0.0,8,0.488003
0.0,11,0.488546
0.0,13,0.489166
0.0,11,0.489713
1.0,14,0.49038
0.0,7,0.490755
0.0,1,0.490868
0.0,3,0.491066
0.0,5,0.49135
0.0,3,0.491558
0.0,12,0.492132
0.0,14,0.4928
0.0,7,0.49317
0.0,11,0.493723
0.0,1,0.493835
0.0,5,0.494119
0.0,10,0.494628
0.0,14,0.495293
0.0,33,0.496781
0.0,8,0.497193
0.0,17,0.497988
0.0,6,0.498316
0.0,11,0.498863
0.0,9,0.499316
0.0,7,0.499694
0.0,18,0.500545
0.0,7,0.500913
0.0,2,0.501065
0.0,3,0.50126
0.0,13,0.501891
0.0,9,0.502347
0.0,15,0.503069
0.0,4,0.503313
0.0,3,0.503518
0.0,4,0.503759
0.0,1,0.503867
0.0,4,0.504103
0.0,14,0.504779
0.0,7,0.505149
0.0,4,0.505386
0.0,13,0.506014
0.0,23,0.507066
0.0,16,0.50783
0.0,2,0.507985
0.0,9,0.508441
0.0,12,0.509025
0.0,11,0.509574
0.0,7,0.509947
0.0,5,0.510231
0.0,1,0.510339
0.0,1,0.51045
0.0,14,0.511126
0.0,7,0.511504
0.0,8,0.511919
0.0,5,0.512204
0.0,16,0.512959
0.0,4,0.513203
0.0,8,0.513621
0.0,11,0.514159
0.0,11,0.514712
0.0,11,0.515254
0.0,11,0.515811
0.0,7,0.516181
0.0,7,0.516567
0.0,4,0.516813
0.0,6,0.517135
0.0,4,0.517376
0.0,6,0.517715
0.0,10,0.51821
0.0,4,0.518453
0.0,5,0.518741
0.0,1,0.518851
0.0,3,0.519045
0.0,18,0.519893
0.0,8,0.520304
0.0,10,0.520811
0.0,14,0.521476
0.0,10,0.521979
0.0,2,0.522131
0.0,2,0.522284
1.0,13,0.522915
0.0,17,0.523714
0.0,7,0.524084
0.0,1,0.524192
0.0,9,0.524653
0.0,9,0.525102
0.0,14,0.525774
0.0,16,0.526538
0.0,9,0.526994
0.0,9,0.527442
0.0,12,0.528026
0.0,7,0.528396
0.0,5,0.528687
0.0,3,0.528884
0.0,7,0.529252
0.0,8,0.529675
0.0,2,0.52983
0.0,1,0.529938
0.0,5,0.530218
0.0,1,0.530327
1.0,17,0.531125
0.0,10,0.531639
0.0,1,0.53175
0.0,2,0.531905
0.0,6,0.532228
0.0,5,0.532519
0.0,6,0.532843
0.0,28,0.534112
0.0,11,0.534664
0.0,4,0.534905
0.0,15,0.535627
0.0,14,0.53629
0.0,1,0.536399
0.0,3,0.53661
0.0,1,0.536721
0.0,2,0.536876
0.0,4,0.537119
0.0,17,0.537923
0.0,8,0.538335
0.0,10,0.538838
0.0,19,0.539719
0.0,1,0.539829
0.0,17,0.540631
0.0,7,0.540997
0.0,3,0.541195
0.0,10,0.541698
0.0,13,0.542315
0.0,9,0.542777
0.0,5,0.543059
0.0,5,0.54334
0.0,2,0.543503
0.0,1,0.543615
0.0,12,0.544198
0.0,14,0.544871
0.0,10,0.545361
0.0,17,0.546166
0.0,12,0.546766
1.0,6,0.54709
0.0,2,0.547242
0.0,1,0.54735
0.0,17,0.548153
0.0,1,0.548263
0.0,4,0.548514
1.0,18,0.54934
0.0,17,0.550143
1.0,14,0.550816
0.0,25,0.55196
1.0,27,0.553188
0.0,10,0.553692
0.0,3,0.553888
1.0,7,0.554252
0.0,11,0.554798
0.0,15,0.555516
0.0,18,0.556355
0.0,7,0.556742
1.0,17,0.557545
0.0,23,0.558675
0.0,13,0.559296
0.0,8,0.559718
0.0,9,0.560168
0.0,25,0.561299
0.0,5,0.561593
0.0,13,0.562215
0.0,9,0.562676
0.0,25,0.563809
0.0,9,0.564261
0.0,9,0.564724
0.0,1,0.564835
0.0,3,0.565035
0.0,7,0.565399
0.0,7,0.565775
0.0,4,0.566015
1.0,13,0.566659
0.0,7,0.567029
0.0,1,0.567138
0.0,3,0.567336
0.0,3,0.567542
0.0,5,0.567826
0.0,3,0.568022
0.0,7,0.568392
0.0,1,0.568511
0.0,4,0.568753
0.0,13,0.569371
0.0,10,0.569872
0.0,23,0.570924
0.0,4,0.571173
0.0,5,0.571455
0.0,45,0.573441
0.0,15,0.574151
0.0,19,0.575036
1.0,15,0.575759
0.0,5,0.576042
0.0,10,0.576555
0.0,12,0.577146
0.0,38,0.578854
0.0,9,0.579307
0.0,10,0.579809
1.0,11,0.580353
0.0,1,0.580462
0.0,2,0.580626
0.0,19,0.581506
0.0,23,0.582562
1.0,9,0.583017
0.0,7,0.583383
0.0,13,0.584016
0.0,5,0.584298
0.0,23,0.585357
0.0,9,0.585819
0.0,15,0.586539
0.0,7,0.586905
0.0,28,0.588174
0.0,1,0.588284
0.0,1,0.588394
0.0,4,0.588646
0.0,2,0.5888
0.0,1,0.58891
0.0,10,0.589404
0.0,12,0.589998
0.0,24,0.591096
0.0,2,0.59125
0.0,4,0.591496
0.0,9,0.591955
0.0,7,0.592323
0.0,6,0.592659
0.0,4,0.592902
0.0,25,0.594048
0.0,2,0.594202
0.0,3,0.594397
0.0,3,0.594604
0.0,11,0.595147
0.0,26,0.596334
0.0,27,0.597575
0.0,6,0.5979
0.0,5,0.598179
0.0,2,0.598331
0.0,3,0.598541
0.0,3,0.598742
0.0,8,0.599147
0.0,7,0.599522
0.0,25,0.600663
0.0,10,0.601154
0.0,16,0.601914
0.0,1,0.602024
0.0,4,0.602267
0.0,7,0.602645
0.0,3,0.602845
0.0,5,0.603125
0.0,5,0.603407
0.0,3,0.603616
0.0,1,0.603725
0.0,34,0.605243
0.0,10,0.605748
0.0,13,0.606363
0.0,11,0.606919
0.0,12,0.607512
0.0,6,0.607836
0.0,14,0.608512
0.0,5,0.608796
0.0,11,0.60933
0.0,40,0.611112
0.0,15,0.611831
0.0,18,0.612668
0.0,6,0.612993
0.0,9,0.613444
0.0,6,0.613782
0.0,9,0.614232
0.0,7,0.614606
1.0,16,0.615351
0.0,10,0.615856
0.0,10,0.616347
0.0,5,0.616648
1.0,40,0.618415
0.0,4,0.618668
0.0,8,0.619078
0.0,4,0.619316
0.0,7,0.619696
0.0,2,0.619851
0.0,21,0.620823
0.0,7,0.621188
0.0,25,0.622326
0.0,6,0.622661
1.0,13,0.623283
0.0,14,0.623957
0.0,9,0.624412
0.0,31,0.625825
0.0,18,0.62668
0.0,19,0.627573
0.0,16,0.628318
0.0,12,0.628911
0.0,8,0.629326
0.0,5,0.629622
0.0,15,0.630327
0.0,8,0.630745
0.0,21,0.631716
0.0,9,0.632168
0.0,27,0.633388
0.0,10,0.633898
0.0,5,0.634185
0.0,5,0.634481
0.0,5,0.634776
0.0,2,0.634932
0.0,7,0.635294
1.0,16,0.636054
0.0,3,0.636254
0.0,11,0.636805
0.0,9,0.637259
0.0,15,0.637973
0.0,8,0.63838
0.0,12,0.638963
0.0,8,0.63937
0.0,41,0.641203
0.0,2,0.641362
0.0,3,0.641572
0.0,12,0.642147
0.0,13,0.642778
0.0,7,0.643156
0.0,8,0.643577
0.0,10,0.644073
0.0,2,0.644226
0.0,12,0.644811
0.0,9,0.645262
0.0,27,0.646478
0.0,14,0.647159
0.0,24,0.648259
0.0,12,0.648849
0.0,32,0.650285
0.0,10,0.650796
0.0,5,0.651085
0.0,10,0.65159
0.0,6,0.651913
0.0,34,0.653436
0.0,9,0.653899
0.0,3,0.654099
0.0,25,0.655236
0.0,11,0.655789
0.0,1,0.6559
0.0,7,0.656271
0.0,28,0.657555
0.0,1,0.657721
0.0,12,0.658322
0.0,4,0.658574
0.0,16,0.659322
0.0,12,0.659907
0.0,9,0.660361
0.0,10,0.66087
0.0,4,0.661112
0.0,5,0.661397
0.0,6,0.661731
0.0,3,0.661931
0.0,31,0.663325
0.0,9,0.663791
0.0,11,0.664327
0.0,3,0.664535
0.0,7,0.664905
0.0,8,0.665312
0.0,1,0.66542
0.0,11,0.665968
0.0,6,0.666295
0.0,5,0.666597
0.0,7,0.666967
0.0,2,0.667122
0.0,8,0.667539
0.0,3,0.667735
0.0,2,0.667887
0.0,3,0.668086
0.0,6,0.668411
0.0,10,0.668913
0.0,8,0.669323
1.0,13,0.669958
0.0,14,0.670634
0.0,7,0.671
0.0,8,0.671413
0.0,10,0.671918
0.0,12,0.672503
0.0,7,0.672869
0.0,16,0.673627
0.0,9,0.674077
0.0,5,0.674357
0.0,1,0.674466
0.0,23,0.675527
0.0,8,0.675941
0.0,4,0.676181
0.0,10,0.676693
0.0,17,0.677482
0.0,4,0.677734
0.0,10,0.67823
0.0,5,0.678521
0.0,19,0.679394
0.0,11,0.679937
0.0,9,0.68039
0.0,7,0.680772
0.0,17,0.681576
0.0,4,0.681817
0.0,3,0.682015
0.0,1,0.682125
0.0,10,0.68263
0.0,5,0.682912
1.0,11,0.683446
0.0,8,0.683869
0.0,10,0.684364
0.0,6,0.684698
0.0,3,0.684894
0.0,3,0.685091
0.0,10,0.685597
0.0,2,0.685751
0.0,7,0.686115
0.0,2,0.686267
0.0,29,0.687591
0.0,28,0.688858
0.0,5,0.689139
0.0,10,0.689645
0.0,23,0.690699
0.0,11,0.691233
0.0,8,0.691651
0.0,2,0.691806
0.0,24,0.692899
0.0,5,0.693183
0.0,2,0.693338
0.0,3,0.693545
0.0,8,0.693953
0.0,27,0.69517
0.0,19,0.696054
0.0,14,0.696737
0.0,8,0.697152
0.0,14,0.697829
0.0,7,0.698197
0.0,6,0.698532
0.0,17,0.699323
0.0,31,0.70073
1.0,10,0.701224
0.0,18,0.70207
0.0,1,0.70218
0.0,9,0.702644
0.0,26,0.70383
0.0,9,0.704288
0.0,5,0.704579
0.0,5,0.70486
0.0,7,0.705228
0.0,11,0.705771
0.0,11,0.706304
0.0,11,0.706856
0.0,12,0.70744
0.0,7,0.707813
0.0,5,0.708098
0.0,3,0.708307
0.0,3,0.708513
0.0,3,0.708709
0.0,3,0.708903
0.0,3,0.709098
0.0,13,0.709727
0.0,5,0.710013
0.0,3,0.710209
0.0,1,0.710318
0.0,1,0.710425
0.0,20,0.711354
0.0,11,0.711906
0.0,3,0.712106
0.0,17,0.712913
0.0,5,0.713196
0.0,3,0.713392
0.0,5,0.713685
0.0,9,0.714134
0.0,4,0.714373
0.0,17,0.715167
0.0,3,0.715364
0.0,11,0.715911
0.0,3,0.716107
0.0,8,0.716529
0.0,17,0.717324
0.0,2,0.717477
0.0,9,0.717942
0.0,5,0.718224
0.0,3,0.718423
0.0,3,0.718629
0.0,9,0.719083
0.0,6,0.719405
0.0,11,0.719951
0.0,7,0.72032
0.0,9,0.72078
0.0,7,0.721147
0.0,24,0.722252
0.0,1,0.722364
0.0,11,0.722911
1.0,6,0.723239
0.0,3,0.723436
0.0,6,0.72377
0.0,4,0.72401
0.0,3,0.724205
0.0,31,0.725608
0.0,3,0.725809
0.0,31,0.727202
0.0,8,0.727622
0.0,11,0.72816
0.0,7,0.728534
0.0,1,0.728646
0.0,2,0.728801
0.0,11,0.729338
0.0,4,0.729588
0.0,3,0.729787
0.0,8,0.730196
0.0,16,0.73095
0.0,8,0.731361
0.0,11,0.731905
0.0,13,0.732536
0.0,2,0.732692
0.0,3,0.732886
0.0,7,0.733248
0.0,22,0.734257
0.0,22,0.735276
0.0,4,0.735527
0.0,2,0.735682
0.0,3,0.735879
0.0,2,0.736031
0.0,1,0.736139
0.0,18,0.736998
0.0,9,0.737451
0.0,8,0.737867
0.0,4,0.738106
0.0,4,0.738345
0.0,10,0.738853
0.0,33,0.740321
0.0,3,0.740532
0.0,2,0.740687
0.0,7,0.741056
0.0,1,0.741165
0.0,4,0.741404
0.0,3,0.741613
0.0,9,0.742067
0.0,12,0.742658
0.0,4,0.742901
0.0,3,0.7431
0.0,3,0.743295
0.0,8,0.743714
0.0,10,0.744213
0.0,10,0.74472
0.0,6,0.745049
0.0,1,0.745158
0.0,11,0.745703
0.0,19,0.746592
0.0,11,0.747132
0.0,4,0.747371
0.0,3,0.747579
0.0,13,0.748208
0.0,10,0.748718
0.0,1,0.748829
0.0,4,0.749067
0.0,14,0.749741
0.0,23,0.750797
0.0,13,0.751418
0.0,6,0.751758
0.0,1,0.751871
0.0,3,0.752067
0.0,1,0.752176
0.0,15,0.752892
0.0,8,0.753302
0.0,26,0.754482
0.0,17,0.755278
0.0,9,0.755739
0.0,16,0.756483
0.0,9,0.756954
0.0,15,0.757669
0.0,20,0.758656
1.0,22,0.759681
0.0,6,0.760008
0.0,9,0.760463
0.0,1,0.760582
0.0,36,0.762177
0.0,13,0.762814
0.0,14,0.763481
0.0,11,0.76402
0.0,1,0.764128
0.0,1,0.76424
0.0,11,0.76479
0.0,40,0.766586
0.0,5,0.766868
0.0,1,0.766976
0.0,1,0.767086
0.0,12,0.767682
0.0,10,0.768182
0.0,12,0.76877
0.0,7,0.769139
0.0,22,0.770156
1.0,16,0.770919
0.0,10,0.771414
0.0,6,0.771747
1.0,10,0.77224
0.0,6,0.772573
0.0,17,0.773362
0.0,8,0.773781
0.0,23,0.774831
0.0,3,0.775031
0.0,6,0.775355
0.0,29,0.776673
0.0,13,0.777293
1.0,8,0.777712
0.0,25,0.778852
0.0,4,0.779091
0.0,5,0.779376
0.0,7,0.779753
0.0,23,0.78081
0.0,2,0.780964
0.0,14,0.781639
0.0,21,0.782605
1.0,8,0.783015
0.0,32,0.784443
0.0,11,0.784992
0.0,8,0.785406
0.0,3,0.785613
0.0,9,0.78607
0.0,21,0.787048
0.0,4,0.787291
0.0,8,0.787715
0.0,1,0.787825
0.0,20,0.788752
0.0,17,0.789555
0.0,8,0.789965
0.0,29,0.791268
0.0,12,0.791858
0.0,5,0.792141
0.0,2,0.792296
0.0,14,0.792976
0.0,6,0.793301
0.0,3,0.793509
0.0,6,0.793835
0.0,25,0.794974
0.0,9,0.795426
0.0,9,0.795886
0.0,5,0.796169
0.0,12,0.796767
0.0,23,0.797815
0.0,41,0.79964
0.0,1,0.79975
0.0,8,0.800156
0.0,5,0.800435
0.0,4,0.800687
0.0,8,0.801094
0.0,37,0.802743
0.0,12,0.803322
0.0,4,0.803572
0.0,9,0.80402
1.0,10,0.804524
0.0,3,0.804721
1.0,8,0.805131
0.0,3,0.805328
0.0,9,0.805792
0.0,18,0.806652
0.0,2,0.806807
0.0,14,0.807467
0.0,1,0.807587
0.0,10,0.808077
0.0,11,0.808632
0.0,10,0.809124
0.0,8,0.809546
0.0,4,0.809786
0.0,8,0.810191
0.0,19,0.811081
0.0,3,0.811279
0.0,8,0.8117
0.0,9,0.812153
0.0,2,0.812306
0.0,4,0.812554
0.0,5,0.812836
0.0,15,0.813552
0.0,13,0.814177
0.0,11,0.814728
0.0,3,0.814926
0.0,2,0.81508
0.0,2,0.815234
0.0,6,0.815573
0.0,4,0.815812
0.0,5,0.816097
0.0,6,0.816423
0.0,4,0.816678
0.0,4,0.816921
0.0,7,0.817283
0.0,5,0.817577
0.0,11,0.818115
0.0,3,0.818311
0.0,4,0.81856
0.0,1,0.81867
0.0,7,0.819034
0.0,5,0.819317
0.0,1,0.819426
0.0,6,0.819759
0.0,8,0.820169
0.0,4,0.820411
1.0,9,0.820874
0.0,15,0.821589
0.0,1,0.821701
0.0,2,0.821856
0.0,4,0.822094
0.0,13,0.822725
0.0,19,0.823622
0.0,4,0.823862
0.0,1,0.82397
0.0,17,0.824774
0.0,4,0.825027
0.0,9,0.82548
0.0,3,0.825686
0.0,9,0.826139
0.0,4,0.82638
0.0,23,0.827446
0.0,6,0.827783
0.0,9,0.828238
0.0,6,0.828577
0.0,4,0.828818
0.0,6,0.829143
0.0,1,0.829251
0.0,3,0.829446
0.0,11,0.829994
0.0,20,0.830932
0.0,1,0.831045
0.0,9,0.831503
0.0,15,0.832217
0.0,6,0.832553
0.0,8,0.832965
0.0,9,0.833416
0.0,4,0.833671
0.0,6,0.833994
0.0,8,0.834404
0.0,7,0.834785
0.0,6,0.835112
0.0,10,0.835622
0.0,9,0.83607
0.0,2,0.836222
0.0,3,0.836419
0.0,25,0.837575
0.0,7,0.837941
0.0,4,0.83818
0.0,11,0.838727
0.0,9,0.839182
0.0,9,0.83965
0.0,19,0.84056
0.0,8,0.84097
0.0,3,0.841165
0.0,10,0.841672
0.0,11,0.842206
0.0,2,0.842363
0.0,11,0.842913
0.0,6,0.843242
1.0,10,0.843746
0.0,1,0.843858
0.0,16,0.844618
0.0,9,0.845073
0.0,10,0.845582
0.0,11,0.846122
0.0,28,0.847396
0.0,10,0.847903
0.0,7,0.848273
0.0,6,0.848612
0.0,6,0.848938
0.0,4,0.849178
0.0,6,0.84951
0.0,3,0.849709
0.0,6,0.850039
0.0,10,0.85055
0.0,2,0.850706
0.0,6,0.85103
0.0,4,0.851273
0.0,29,0.852599
0.0,6,0.852927
0.0,20,0.853859
0.0,2,0.854014
1.0,37,0.855676
0.0,3,0.855876
0.0,1,0.855985
0.0,26,0.857178
0.0,8,0.857599
0.0,12,0.858176
0.0,8,0.858658
0.0,4,0.8589
0.0,6,0.859223
0.0,8,0.859644
0.0,5,0.859926
0.0,8,0.860332
0.0,9,0.860792
0.0,3,0.860993
0.0,31,0.86239
0.0,12,0.862984
0.0,22,0.864008
0.0,7,0.864379
0.0,7,0.864755
0.0,8,0.865167
0.0,6,0.865501
1.0,8,0.865914
0.0,11,0.866447
0.0,5,0.866742
0.0,16,0.867511
0.0,4,0.867757
0.0,18,0.868603
0.0,23,0.869668
0.0,6,0.869994
0.0,7,0.870362
0.0,4,0.870612
0.0,1,0.870723
1.0,9,0.871177
0.0,4,0.871417
0.0,5,0.871711
0.0,15,0.872418
0.0,5,0.87271
0.0,10,0.873205
1.0,7,0.873587
0.0,9,0.874038
0.0,7,0.874405
0.0,45,0.876405
0.0,3,0.876622
0.0,13,0.877243
0.0,32,0.878695
0.0,19,0.879577
1.0,13,0.880196
0.0,9,0.880663
0.0,9,0.881115
0.0,2,0.881267
0.0,11,0.88182
0.0,2,0.881978
1.0,10,0.882473
0.0,10,0.882977
0.0,15,0.883694
0.0,11,0.884234
0.0,10,0.884742
0.0,20,0.885672
0.0,5,0.885957
0.0,42,0.887836
0.0,24,0.888935
0.0,2,0.889092
0.0,20,0.890025
1.0,15,0.890744
0.0,7,0.891114
0.0,3,0.891312
0.0,19,0.892199
0.0,2,0.892356
0.0,1,0.892464
0.0,7,0.892839
0.0,10,0.893332
0.0,4,0.893586
0.0,12,0.894162
0.0,24,0.895254
0.0,19,0.896141
0.0,6,0.896464
0.0,8,0.896884
0.0,15,0.897598
0.0,7,0.897967
0.0,13,0.898603
0.0,11,0.89914
1.0,22,0.900161
0.0,12,0.900746
0.0,3,0.900946
0.0,1,0.901056
0.0,3,0.901253
0.0,11,0.901802
0.0,5,0.902083
0.0,11,0.90263
0.0,14,0.903295
0.0,33,0.904786
0.0,2,0.904943
0.0,4,0.905181
0.0,36,0.906801
0.0,15,0.907524
0.0,2,0.907679
0.0,1,0.907787
0.0,12,0.908367
0.0,1,0.908478
0.0,2,0.908641
0.0,11,0.909175
0.0,16,0.90993
0.0,8,0.910343
0.0,15,0.911062
0.0,6,0.911388
0.0,14,0.912063
0.0,8,0.912475
0.0,4,0.912725
0.0,2,0.91288
0.0,5,0.913164
0.0,11,0.913708
0.0,4,0.913947
0.0,11,0.914478
0.0,21,0.91544
0.0,16,0.916203
0.0,7,0.916586
0.0,7,0.916951
0.0,9,0.917401
0.0,30,0.91876
0.0,2,0.918915
0.0,15,0.919632
0.0,12,0.920215
0.0,24,0.921307
1.0,10,0.921811
0.0,5,0.922091
0.0,1,0.9222
0.0,4,0.922442
0.0,6,0.922774
0.0,8,0.923186
0.0,2,0.923342
0.0,10,0.923849
0.0,3,0.924049
0.0,4,0.924289
0.0,9,0.924752
0.0,22,0.925772
1.0,8,0.926184
1.0,8,0.926612
0.0,5,0.926899
0.0,11,0.927434
0.0,10,0.92794
0.0,13,0.928573
0.0,3,0.928775
0.0,8,0.929181
1.0,9,0.929641
0.0,7,0.930006
0.0,9,0.930458
0.0,2,0.930621
0.0,13,0.931242
1.0,15,0.931955
0.0,9,0.932404
1.0,23,0.93345
0.0,15,0.934168
0.0,8,0.934588
0.0,1,0.934701
0.0,30,0.936053
0.0,9,0.936522
0.0,12,0.937103
1.0,17,0.937907
0.0,15,0.938626
0.0,13,0.939251
0.0,4,0.939501
0.0,2,0.939655
0.0,9,0.940103
0.0,1,0.940213
0.0,7,0.940588
0.0,4,0.940826
0.0,20,0.941758
0.0,11,0.942292
0.0,4,0.942541
0.0,12,0.943115
0.0,2,0.943267
0.0,3,0.943466
0.0,14,0.944138
1.0,8,0.944558
0.0,16,0.945303
0.0,6,0.945638
1.0,8,0.946048
0.0,4,0.946288
0.0,2,0.94644
0.0,1,0.946564
0.0,19,0.947442
0.0,5,0.947736
0.0,4,0.947975
0.0,2,0.948127
1.0,9,0.948603
0.0,4,0.948846
0.0,6,0.949169
0.0,17,0.949977
0.0,4,0.950217
0.0,1,0.950325
0.0,9,0.950787
0.0,9,0.951244
0.0,7,0.95162
0.0,13,0.952246
0.0,9,0.952714
0.0,2,0.952871
0.0,4,0.953108
0.0,5,0.953388
0.0,2,0.953555
0.0,5,0.953836
0.0,5,0.954121
0.0,10,0.954623
0.0,2,0.954777
0.0,6,0.955105
0.0,9,0.95557
0.0,5,0.955854
0.0,1,0.955963
0.0,8,0.956372
0.0,5,0.956672
0.0,2,0.956827
0.0,4,0.957065
0.0,6,0.957394
0.0,9,0.957856
1.0,15,0.95857
0.0,1,0.958734
0.0,3,0.958935
0.0,4,0.959172
0.0,7,0.959549
0.0,7,0.959918
1.0,20,0.960848
0.0,7,0.961213
0.0,8,0.961632
0.0,5,0.961918
0.0,10,0.962409
0.0,10,0.962909
0.0,10,0.963403
0.0,16,0.964168
0.0,6,0.964504
0.0,1,0.964616
1.0,21,0.965588
0.0,7,0.965952
0.0,1,0.966063
0.0,6,0.966385
0.0,12,0.966985
0.0,5,0.967273
0.0,5,0.967568
0.0,5,0.967856
0.0,7,0.968222
0.0,6,0.968555
0.0,6,0.968878
1.0,42,0.970742
0.0,1,0.970852
0.0,6,0.971176
0.0,20,0.972105
0.0,20,0.973035
0.0,3,0.973235
0.0,1,0.973344
0.0,27,0.97459
0.0,4,0.974832
0.0,7,0.975203
0.0,4,0.975442
0.0,4,0.975692
0.0,3,0.975889
0.0,10,0.976379
0.0,9,0.976846
0.0,2,0.977004
0.0,10,0.977509
0.0,10,0.978006
0.0,18,0.978846
1.0,6,0.979185
0.0,10,0.979691
0.0,4,0.979933
0.0,10,0.980427
0.0,11,0.98098
1.0,21,0.981953
0.0,7,0.982321
0.0,12,0.982911
0.0,5,0.983192
0.0,36,0.984803
0.0,6,0.985128
0.0,7,0.985502
0.0,12,0.986079
0.0,4,0.986322
0.0,9,0.986795
0.0,2,0.986951
0.0,5,0.987236
0.0,4,0.987473
0.0,22,0.988478
0.0,6,0.988812
0.0,12,0.989393
0.0,2,0.989557
0.0,1,0.989668
0.0,1,0.989778
0.0,12,0.990356
0.0,2,0.990519
0.0,13,0.991135
0.0,7,0.99151
0.0,12,0.992095
0.0,12,0.992684
0.0,8,0.993096
0.0,22,0.994107
0.0,7,0.994474
0.0,3,0.994679
0.0,26,0.995859
0.0,9,0.996314
0.0,16,0.997084
0.0,6,0.997407
0.0,7,0.997784
0.0,17,0.998586
0.0,9,0.999036
0.0,7,0.999399
0.0,6,0.999732
0.0,12,1.000309
0.0,13,1.00097
0.0,8,1.001385
0.0,6,1.001724
0.0,3,1.00192
0.0,3,1.002115
0.0,20,1.003055
0.0,25,1.00419
0.0,5,1.004471
0.0,5,1.004761
0.0,4,1.004999
0.0,9,1.005451
0.0,36,1.007058
0.0,29,1.008372
0.0,14,1.009047
0.0,10,1.009554
0.0,8,1.009964
0.0,4,1.010201
0.0,4,1.010439
0.0,4,1.010685
0.0,3,1.010884
0.0,21,1.011847
0.0,7,1.012212
0.0,8,1.012629
0.0,9,1.013083
0.0,6,1.013408
0.0,7,1.013788
0.0,4,1.014029
0.0,9,1.014476
0.0,5,1.014769
0.0,5,1.015052
0.0,3,1.015247
0.0,12,1.015834
0.0,9,1.016287
0.0,2,1.016439
0.0,1,1.016564
0.0,4,1.016802
0.0,9,1.01725
0.0,27,1.018464
0.0,9,1.018933
0.0,9,1.019384
0.0,7,1.019764
0.0,35,1.021316
0.0,2,1.02147
0.0,10,1.021968
0.0,8,1.022379
0.0,7,1.022758
1.0,40,1.024543
0.0,15,1.025241
0.0,5,1.025534
0.0,42,1.0274
0.0,7,1.027782
0.0,31,1.029175
0.0,11,1.029721
0.0,5,1.030002
0.0,4,1.030244
0.0,11,1.030793
0.0,4,1.031033
0.0,10,1.031533
0.0,14,1.032202
0.0,3,1.0324
0.0,4,1.032651
0.0,3,1.03285
0.0,4,1.033087
0.0,8,1.033507
0.0,5,1.033792
0.0,6,1.034113
0.0,6,1.034436
0.0,5,1.034727
0.0,13,1.035352
0.0,2,1.035515
0.0,7,1.035888
0.0,4,1.036126
0.0,1,1.036233
0.0,10,1.036744
0.0,5,1.037026
0.0,7,1.037389
1.0,8,1.037805
0.0,8,1.038217
0.0,18,1.03906
0.0,10,1.039569
0.0,5,1.039851
0.0,11,1.040387
0.0,39,1.042136
0.0,13,1.04277
0.0,4,1.043009
0.0,20,1.043939
0.0,1,1.04405
0.0,4,1.04429
0.0,9,1.044751
0.0,13,1.045367
1.0,17,1.046159
0.0,4,1.0464
0.0,9,1.04687
0.0,29,1.048177
0.0,5,1.048458
0.0,11,1.048999
0.0,5,1.049286
0.0,21,1.050257
0.0,17,1.051054
0.0,11,1.051607
0.0,2,1.051761
0.0,3,1.051957
0.0,11,1.052505
0.0,11,1.053047
0.0,3,1.053243
0.0,11,1.053794
0.0,2,1.053947
0.0,6,1.054268
0.0,1,1.054376
0.0,13,1.05501
0.0,10,1.055512
0.0,9,1.055963
0.0,17,1.056762
0.0,4,1.057002
0.0,5,1.057288
1.0,14,1.057959
0.0,17,1.05876
0.0,2,1.058974
0.0,12,1.059565
1.0,10,1.060058
0.0,1,1.060165
0.0,1,1.060273
0.0,8,1.060693
0.0,3,1.060893
0.0,12,1.061469
0.0,19,1.062353
0.0,18,1.063198
0.0,1,1.06331
0.0,9,1.063772
0.0,6,1.064096
0.0,14,1.064768
0.0,2,1.064925
0.0,8,1.06533
0.0,58,1.067876
0.0,17,1.068689
0.0,10,1.069181
0.0,9,1.069643
0.0,4,1.069885
0.0,23,1.070938
0.0,7,1.071306
0.0,4,1.071556
0.0,2,1.071709
0.0,11,1.072247
0.0,39,1.073976
0.0,5,1.07426
0.0,9,1.074721
0.0,2,1.074877
0.0,15,1.075595
0.0,21,1.076577
0.0,13,1.077201
0.0,28,1.078461
0.0,5,1.078749
0.0,2,1.078903
1.0,33,1.080382
1.0,30,1.081745
0.0,5,1.082025
0.0,17,1.082824
0.0,3,1.08302
0.0,10,1.083522
0.0,12,1.084099
0.0,6,1.084423
0.0,16,1.085176
0.0,16,1.085938
0.0,11,1.086471
0.0,1,1.086597
0.0,4,1.086837
0.0,8,1.087247
0.0,4,1.087484
0.0,4,1.087734
0.0,26,1.088915
0.0,6,1.089248
0.0,2,1.089401
0.0,29,1.090715
0.0,19,1.091604
0.0,18,1.092438
0.0,7,1.092812
0.0,6,1.093138
0.0,4,1.093375
0.0,17,1.094176
1.0,13,1.094808
0.0,17,1.095606
1.0,8,1.096018
0.0,12,1.096611
0.0,4,1.096854
0.0,11,1.09739
0.0,8,1.097812
0.0,1,1.097924
0.0,10,1.098414
0.0,5,1.098704
0.0,1,1.098815
0.0,14,1.099492
0.0,9,1.099958
0.0,8,1.100369
0.0,4,1.100618
0.0,15,1.101321
0.0,11,1.101865
0.0,4,1.102107
0.0,22,1.103118
0.0,5,1.103399
0.0,14,1.104074
0.0,6,1.104397
0.0,11,1.10495
0.0,5,1.105233
0.0,12,1.105826
0.0,2,1.105983
1.0,21,1.106957
0.0,10,1.107447
0.0,2,1.107609
0.0,3,1.107805
0.0,7,1.108169
0.0,21,1.109137
0.0,9,1.109604
0.0,30,1.110952
0.0,19,1.111841
0.0,5,1.112126
0.0,6,1.112452
0.0,2,1.112616
1.0,6,1.112946
0.0,3,1.113143
0.0,6,1.113465
0.0,6,1.1138
0.0,1,1.113908
0.0,2,1.114059
0.0,5,1.114339
0.0,9,1.114799
0.0,20,1.115732
0.0,7,1.116102
0.0,15,1.116827
1.0,18,1.117676
0.0,4,1.117913
0.0,4,1.11815
0.0,10,1.118654
0.0,3,1.118855
0.0,54,1.121229
0.0,11,1.121778
0.0,8,1.122189
0.0,3,1.122386
0.0,16,1.123142
0.0,5,1.123425
0.0,20,1.124355
0.0,14,1.125031
0.0,1,1.125143
0.0,14,1.125813
0.0,5,1.126098
0.0,3,1.126293
0.0,15,1.127016
0.0,5,1.127301
0.0,15,1.128021
1.0,13,1.128668
0.0,5,1.128951
0.0,3,1.129146
0.0,9,1.129611
0.0,6,1.129941
0.0,2,1.130093
0.0,16,1.13085
0.0,17,1.131653
0.0,6,1.131975
0.0,6,1.132298
0.0,17,1.133102
0.0,1,1.133211
0.0,6,1.133549
0.0,5,1.133829
0.0,10,1.134322
0.0,3,1.134529
0.0,7,1.134895
0.0,14,1.135567
0.0,16,1.13631
0.0,6,1.136651
0.0,11,1.137183
0.0,7,1.137562
0.0,2,1.137718
0.0,5,1.137997
0.0,7,1.138367
0.0,26,1.139555
0.0,10,1.140048
0.0,2,1.140201
1.0,11,1.140746
0.0,7,1.141113
0.0,20,1.142035
1.0,21,1.142997
0.0,3,1.143193
0.0,1,1.143301
0.0,14,1.143976
0.0,18,1.144823
1.0,44,1.146784
0.0,1,1.146896
0.0,9,1.147346
0.0,1,1.147456
0.0,7,1.147835
0.0,15,1.148553
0.0,5,1.148838
0.0,8,1.149245
0.0,3,1.14944
1.0,11,1.149985
0.0,18,1.15083
0.0,2,1.150986
0.0,7,1.151353
0.0,1,1.151461
0.0,24,1.152564
0.0,4,1.152804
0.0,1,1.152914
0.0,5,1.153195
0.0,16,1.153946
0.0,17,1.154757
0.0,7,1.155121
0.0,4,1.15536
0.0,7,1.155739
0.0,9,1.156189
0.0,5,1.156471
0.0,2,1.156639
1.0,11,1.15717
0.0,20,1.158098
0.0,2,1.158252
0.0,6,1.158587
0.0,18,1.159419
0.0,6,1.159755
0.0,21,1.160725
0.0,8,1.161198
0.0,14,1.16188
0.0,17,1.162686
0.0,7,1.163053
0.0,14,1.163726
0.0,8,1.164134
0.0,2,1.164288
0.0,16,1.165055
0.0,8,1.165468
0.0,5,1.165761
0.0,1,1.165868
0.0,1,1.165975
0.0,11,1.16652
0.0,9,1.166977
0.0,8,1.167389
0.0,13,1.168034
0.0,4,1.168276
0.0,18,1.169125
0.0,3,1.169322
0.0,18,1.170166
0.0,12,1.17076
0.0,1,1.170872
0.0,8,1.17128
0.0,11,1.171831
0.0,4,1.172073
0.0,2,1.172228
0.0,6,1.172563
0.0,5,1.172845
0.0,8,1.173252
0.0,8,1.173672
0.0,1,1.173782
0.0,16,1.174541
0.0,12,1.175125
0.0,2,1.175278
0.0,8,1.175699
0.0,17,1.176501
0.0,15,1.177204
0.0,21,1.178177
0.0,7,1.178553
0.0,15,1.179261
0.0,6,1.179595
0.0,7,1.179963
0.0,2,1.180115
0.0,8,1.180536
0.0,10,1.181027
0.0,22,1.182039
0.0,2,1.182196
0.0,1,1.182306
0.0,14,1.182979
0.0,6,1.183306
0.0,11,1.183857
0.0,1,1.183969
0.0,1,1.184078
0.0,4,1.184317
0.0,5,1.184611
0.0,14,1.185274
0.0,34,1.186812
0.0,28,1.188086
0.0,13,1.188719
0.0,14,1.189388
0.0,32,1.190835
0.0,9,1.191288
0.0,4,1.191537
0.0,1,1.191646
0.0,4,1.191883
0.0,16,1.192641
0.0,4,1.192882
0.0,4,1.193134
0.0,23,1.194181
0.0,35,1.195759
0.0,1,1.195871
0.0,24,1.19697
0.0,3,1.197167
0.0,4,1.197403
0.0,4,1.197654
0.0,4,1.197895
0.0,4,1.198133
0.0,2,1.198285
0.0,12,1.198873
0.0,10,1.199364
0.0,21,1.200337
0.0,6,1.200675
0.0,3,1.200871
0.0,6,1.201193
0.0,3,1.201387
0.0,8,1.201807
0.0,4,1.202045
0.0,5,1.202324
0.0,20,1.203254
0.0,1,1.203364
0.0,12,1.203953
0.0,1,1.204063
0.0,10,1.204572
0.0,7,1.204942
0.0,1,1.20505
0.0,34,1.206584
0.0,1,1.206695
0.0,7,1.207062
0.0,2,1.207215
0.0,18,1.208057
0.0,6,1.208382
0.0,6,1.208715
0.0,5,1.208997
0.0,40,1.210781
0.0,5,1.211067
0.0,1,1.211174
0.0,10,1.211684
0.0,5,1.211967
0.0,29,1.213265
0.0,14,1.213939
0.0,6,1.214261
0.0,11,1.214808
0.0,7,1.215178
0.0,4,1.215418
0.0,1,1.215539
0.0,22,1.216558
0.0,12,1.217139
0.0,1,1.217247
0.0,14,1.217916
0.0,8,1.218323
0.0,11,1.218872
0.0,8,1.219279
0.0,25,1.220422
0.0,11,1.220968
0.0,11,1.221515
0.0,3,1.221714
0.0,20,1.222638
0.0,7,1.223004
0.0,4,1.22324
0.0,3,1.223437
0.0,10,1.22394
0.0,8,1.224349
0.0,6,1.224685
0.0,17,1.225475
0.0,8,1.225892
0.0,6,1.226219
0.0,10,1.226726
0.0,7,1.227094
0.0,4,1.227337
0.0,8,1.227756
0.0,10,1.228247
0.0,3,1.228444
0.0,2,1.228608
0.0,18,1.22944
0.0,12,1.230026
0.0,8,1.230436
0.0,7,1.230813
0.0,34,1.232334
0.0,1,1.232444
0.0,14,1.233119
0.0,4,1.233358
0.0,9,1.233819
0.0,1,1.233928
0.0,8,1.234333
0.0,3,1.234539
0.0,6,1.234865
0.0,3,1.235062
0.0,10,1.235566
0.0,8,1.23598
0.0,7,1.236343
0.0,16,1.237104
0.0,1,1.237214
0.0,2,1.237365
0.0,12,1.237959
0.0,3,1.238156
0.0,7,1.238533
0.0,1,1.238645
1.0,16,1.239395
0.0,1,1.239515
0.0,9,1.239971
0.0,1,1.24008
0.0,19,1.240983
0.0,4,1.241223
0.0,4,1.24146
0.0,6,1.241789
0.0,10,1.242281
0.0,5,1.242573
0.0,13,1.243196
0.0,6,1.243527
0.0,5,1.243809
0.0,9,1.244264
0.0,4,1.244511
0.0,4,1.244754
0.0,15,1.245462
0.0,1,1.245582
0.0,9,1.246034
0.0,53,1.248361
0.0,17,1.249164
0.0,7,1.249546
0.0,1,1.249656
0.0,8,1.250062
0.0,7,1.250426
0.0,14,1.251098
0.0,3,1.251297
0.0,6,1.251629
0.0,2,1.251782
1.0,40,1.253556
0.0,6,1.253878
0.0,2,1.254032
0.0,1,1.254141
1.0,24,1.25524
0.0,7,1.255617
0.0,15,1.256324
0.0,13,1.256962
0.0,9,1.257416
0.0,13,1.258045
0.0,2,1.258202
0.0,21,1.259174
0.0,17,1.259977
0.0,23,1.261034
0.0,9,1.261562
0.0,5,1.261848
1.0,10,1.262343
0.0,8,1.26276
0.0,2,1.262917
0.0,15,1.263636
0.0,11,1.264174
0.0,4,1.264412
0.0,6,1.264753
1.0,15,1.26546
0.0,8,1.265875
0.0,7,1.266243
0.0,2,1.266395
0.0,8,1.26682
0.0,6,1.267144
0.0,13,1.267777
0.0,2,1.267931
0.0,7,1.268295
0.0,12,1.268891
0.0,10,1.269391
0.0,6,1.269727
0.0,25,1.270864
0.0,7,1.271229
0.0,6,1.271568
0.0,10,1.272062
0.0,5,1.272345
0.0,18,1.273192
0.0,10,1.273696
0.0,3,1.273897
0.0,34,1.275421
0.0,6,1.27576
0.0,25,1.276905
0.0,7,1.277275
0.0,20,1.278205
0.0,5,1.278496
0.0,5,1.278785
0.0,21,1.27975
0.0,12,1.280332
0.0,26,1.281511
0.0,30,1.282875
0.0,17,1.283679
0.0,5,1.283963
0.0,10,1.28446
0.0,26,1.285644
0.0,12,1.286224
0.0,24,1.287326
0.0,22,1.288342
0.0,7,1.28872
0.0,5,1.289003
0.0,2,1.289155
0.0,2,1.28931
0.0,16,1.290073
0.0,1,1.290186
0.0,6,1.290518
0.0,10,1.291018
0.0,13,1.291649
0.0,24,1.292753
0.0,2,1.292907
0.0,6,1.293232
0.0,4,1.293469
0.0,8,1.293888
0.0,8,1.294297
0.0,7,1.294676
0.0,2,1.294833
0.0,3,1.295028
1.0,13,1.295662
0.0,12,1.296244
0.0,7,1.296625
0.0,7,1.296993
0.0,8,1.297399
0.0,23,1.298444
1.0,12,1.299034
0.0,8,1.299446
1.0,31,1.300839
0.0,15,1.301554
0.0,3,1.301753
0.0,9,1.3022
0.0,21,1.303173
0.0,6,1.303506
0.0,16,1.304253
0.0,1,1.304363
0.0,4,1.304615
0.0,1,1.304726
0.0,33,1.306201
0.0,7,1.306585
1.0,12,1.307166
0.0,38,1.308864
0.0,9,1.309324
0.0,12,1.309911
0.0,3,1.310108
0.0,8,1.310534
0.0,2,1.310692
0.0,13,1.31131
0.0,13,1.311945
0.0,9,1.312396
0.0,7,1.312775
0.0,5,1.313059
0.0,5,1.31334
0.0,3,1.313549
0.0,10,1.314044
0.0,15,1.314764
0.0,11,1.315307
0.0,4,1.315559
0.0,8,1.315965
0.0,2,1.316118
0.0,9,1.316589
0.0,24,1.317688
0.0,5,1.317976
0.0,1,1.318098
0.0,4,1.318337
0.0,8,1.318757
0.0,14,1.319423
0.0,5,1.319714
0.0,20,1.320648
0.0,3,1.320846
0.0,13,1.321468
0.0,15,1.322185
0.0,36,1.323798
0.0,25,1.32494
0.0,17,1.325746
0.0,15,1.326454
0.0,7,1.326832
0.0,11,1.327373
0.0,11,1.327922
0.0,5,1.328209
0.0,2,1.328364
0.0,3,1.328574
0.0,4,1.328814
0.0,35,1.330377
0.0,5,1.330673
0.0,4,1.330913
0.0,3,1.331108
0.0,10,1.331616
0.0,4,1.331859
0.0,8,1.332267
0.0,5,1.332561
0.0,6,1.332885
0.0,7,1.333253
0.0,7,1.333629
0.0,2,1.333786
0.0,11,1.334319
0.0,1,1.334427
1.0,18,1.335268
0.0,1,1.335379
0.0,8,1.335802
0.0,16,1.336571
0.0,9,1.337026
0.0,2,1.33718
0.0,9,1.337645
0.0,6,1.337976
0.0,1,1.338085
0.0,8,1.338504
0.0,5,1.338787
0.0,8,1.339196
0.0,14,1.339867
0.0,7,1.340232
0.0,9,1.340693
0.0,2,1.340847
0.0,8,1.341254
1.0,13,1.341882
0.0,12,1.342458
0.0,7,1.342834
0.0,6,1.343158
0.0,5,1.343442
0.0,8,1.343864
0.0,21,1.34485
0.0,15,1.345567
0.0,1,1.345679
0.0,10,1.346174
0.0,14,1.346854
0.0,15,1.347566
0.0,8,1.347978
0.0,15,1.348691
0.0,5,1.348976
0.0,2,1.34913
0.0,10,1.349636
0.0,4,1.349876
0.0,22,1.350889
0.0,1,1.351001
0.0,18,1.351851
0.0,2,1.352007
0.0,2,1.35216
0.0,8,1.352582
0.0,3,1.352779
0.0,5,1.353062
0.0,11,1.353607
0.0,30,1.354961
0.0,9,1.355413
0.0,14,1.356088
0.0,10,1.356598
0.0,13,1.357222
0.0,6,1.357556
0.0,6,1.357883
0.0,4,1.358124
0.0,8,1.358542
0.0,2,1.358696
0.0,2,1.358847
0.0,51,1.361088
0.0,1,1.361199
0.0,14,1.361871
0.0,5,1.362153
0.0,14,1.362831
0.0,5,1.363173
0.0,14,1.363855
0.0,16,1.364614
0.0,11,1.365151
0.0,8,1.365571
0.0,4,1.365816
0.0,18,1.366669
0.0,10,1.367163
0.0,26,1.368352
0.0,10,1.368862
0.0,5,1.369149
0.0,2,1.369304
0.0,16,1.370064
0.0,2,1.370219
0.0,10,1.370724
0.0,12,1.371307
0.0,3,1.371516
0.0,16,1.372268
0.0,13,1.372907
0.0,8,1.373318
0.0,20,1.374246
0.0,4,1.374494
1.0,9,1.374947
0.0,17,1.375756
0.0,13,1.376381
0.0,7,1.376766
0.0,17,1.377573
0.0,2,1.37773
1.0,17,1.378536
0.0,9,1.378985
0.0,4,1.379222
0.0,17,1.380028
0.0,4,1.380272
0.0,5,1.380564
0.0,46,1.382604
0.0,2,1.382761
0.0,10,1.383259
0.0,6,1.383594
0.0,11,1.384133
0.0,4,1.384372
0.0,1,1.384481
0.0,4,1.384731
0.0,16,1.385476
1.0,7,1.385853
0.0,3,1.386052
0.0,8,1.38646
0.0,6,1.386795
0.0,2,1.386951
0.0,5,1.38723
0.0,7,1.387607
0.0,9,1.388065
1.0,20,1.388992
0.0,16,1.389755
0.0,12,1.390334
0.0,6,1.390669
0.0,14,1.391332
0.0,24,1.392425
0.0,19,1.393309
0.0,12,1.393902
0.0,12,1.394476
0.0,23,1.395545
0.0,6,1.395869
0.0,2,1.396022
0.0,18,1.396873
0.0,6,1.3972
0.0,5,1.397482
0.0,23,1.398546
0.0,10,1.399044
0.0,4,1.399284
0.0,18,1.40013
0.0,10,1.400638
0.0,5,1.400919
0.0,5,1.401197
0.0,3,1.401397
0.0,3,1.401606
0.0,6,1.401932
0.0,1,1.402042
0.0,21,1.403013
0.0,40,1.404811
0.0,9,1.405266
0.0,10,1.40577
0.0,12,1.406344
0.0,1,1.406455
0.0,1,1.406576
0.0,15,1.407278
0.0,29,1.408602
0.0,21,1.409576
0.0,17,1.410366
0.0,13,1.410996
0.0,6,1.411324
0.0,1,1.411432
0.0,19,1.412313
0.0,6,1.412652
0.0,1,1.412762
0.0,3,1.412957
0.0,29,1.414256
0.0,4,1.414506
0.0,23,1.415562
0.0,6,1.415887
0.0,9,1.416338
0.0,4,1.416595
0.0,15,1.4173
0.0,21,1.418268
0.0,4,1.418523
0.0,1,1.418633
0.0,16,1.419379
0.0,15,1.420096
1.0,26,1.421278
0.0,14,1.421949
0.0,16,1.422711
0.0,14,1.423373
0.0,8,1.423794
0.0,39,1.425532
0.0,24,1.426646
0.0,4,1.426891
0.0,4,1.427129
0.0,10,1.427629
0.0,2,1.427783
0.0,6,1.428108
0.0,9,1.42857
0.0,40,1.430338
0.0,9,1.430805
1.0,12,1.431387
0.0,1,1.431504
0.0,13,1.432123
0.0,4,1.432361
0.0,13,1.43299
0.0,1,1.4331
0.0,9,1.43356
1.0,8,1.433972
0.0,8,1.434377
0.0,2,1.434541
0.0,6,1.434864
0.0,18,1.43571
0.0,17,1.436517
1.0,11,1.437055
0.0,3,1.437252
0.0,1,1.43736
0.0,4,1.437611
0.0,2,1.437765
0.0,2,1.437916
0.0,8,1.43833
0.0,1,1.438438
0.0,21,1.439407
0.0,14,1.440083
0.0,13,1.440727
1.0,34,1.442241
0.0,17,1.443038
0.0,3,1.443237
0.0,49,1.445387
0.0,4,1.445638
0.0,46,1.447679
0.0,1,1.447792
0.0,1,1.4479
0.0,7,1.448264
0.0,5,1.44856
0.0,5,1.448848
0.0,4,1.449105
0.0,13,1.449734
0.0,19,1.450624
0.0,4,1.450863
0.0,17,1.45166
0.0,11,1.452196
0.0,7,1.452574
0.0,7,1.452939
0.0,20,1.453861
0.0,5,1.454141
0.0,4,1.454378
0.0,5,1.454674
0.0,7,1.455042
0.0,11,1.455585
1.0,13,1.456208
0.0,3,1.456402
0.0,15,1.457123
0.0,6,1.457447
0.0,11,1.457998
0.0,4,1.458237
0.0,1,1.458347
0.0,5,1.458637
0.0,5,1.458921
1.0,23,1.459973
0.0,14,1.460649
0.0,18,1.461479
0.0,3,1.461686
0.0,21,1.46265
0.0,12,1.463231
0.0,8,1.463653
0.0,8,1.464063
0.0,37,1.465715
1.0,13,1.46634
0.0,10,1.466848
0.0,7,1.467216
1.0,7,1.467594
0.0,6,1.467916
0.0,10,1.468405
0.0,19,1.469288
0.0,7,1.469669
0.0,8,1.470076
0.0,11,1.470619
0.0,16,1.471369
0.0,5,1.47166
1.0,17,1.472526
0.0,4,1.472765
0.0,2,1.472918
0.0,11,1.473461
0.0,6,1.473795
0.0,15,1.474502
0.0,31,1.4759
0.0,14,1.476582
0.0,14,1.477247
0.0,22,1.478259
0.0,15,1.47898
0.0,4,1.479219
0.0,15,1.479938
0.0,2,1.480092
0.0,3,1.480287
0.0,2,1.480441
0.0,3,1.480647
0.0,2,1.4808
0.0,8,1.48121
0.0,6,1.481548
0.0,6,1.481871
0.0,2,1.482022
0.0,3,1.482219
0.0,11,1.48277
0.0,4,1.48301
0.0,9,1.483463
0.0,7,1.48384
0.0,7,1.484207
0.0,4,1.484444
0.0,26,1.485629
0.0,6,1.485954
0.0,34,1.487463
0.0,7,1.487839
0.0,7,1.488204
0.0,2,1.488359
0.0,9,1.488827
0.0,15,1.489545
0.0,4,1.489785
0.0,16,1.49054
0.0,12,1.491117
0.0,6,1.491444
0.0,16,1.492199
0.0,4,1.492441
1.0,8,1.492856
0.0,4,1.493095
0.0,3,1.493292
0.0,5,1.493585
0.0,35,1.495141
0.0,5,1.495428
0.0,19,1.49631
0.0,27,1.497554
0.0,12,1.498132
0.0,11,1.498677
1.0,16,1.499419
0.0,5,1.499714
0.0,9,1.500167
0.0,1,1.500277
0.0,10,1.50078
0.0,29,1.502093
0.0,5,1.502378
0.0,26,1.503565
0.0,14,1.504224
0.0,12,1.504806
0.0,8,1.505215
0.0,12,1.505806
0.0,5,1.506088
0.0,17,1.506893
1.0,10,1.507384
0.0,11,1.50793
0.0,1,1.508039
0.0,3,1.508235
0.0,2,1.508388
0.0,5,1.508685
0.0,6,1.509009
0.0,11,1.509562
1.0,17,1.510354
0.0,7,1.510728
0.0,6,1.511059
0.0,8,1.511471
0.0,8,1.51189
0.0,23,1.512959
0.0,6,1.513289
0.0,6,1.513622
0.0,13,1.514246
0.0,16,1.515006
0.0,17,1.515808
0.0,20,1.516745
0.0,9,1.517196
0.0,4,1.517433
0.0,23,1.518496
0.0,5,1.518778
0.0,2,1.518933
0.0,12,1.519525
0.0,20,1.520448
0.0,6,1.520784
0.0,14,1.52145
0.0,3,1.521655
0.0,8,1.522065
0.0,3,1.52226
0.0,8,1.522681
0.0,13,1.523297
0.0,5,1.523594
0.0,16,1.52434
0.0,2,1.524501
0.0,6,1.524825
0.0,22,1.525828
0.0,3,1.526027
0.0,15,1.52675
0.0,1,1.526862
0.0,9,1.527315
0.0,6,1.527652
0.0,6,1.527979
0.0,15,1.528693
0.0,6,1.529016
0.0,7,1.52938
0.0,14,1.53005
0.0,3,1.530248
0.0,3,1.530445
0.0,2,1.530606
0.0,7,1.530973
0.0,5,1.531255
0.0,1,1.531363
0.0,2,1.531526
0.0,4,1.531765
0.0,8,1.532173
0.0,1,1.53228
0.0,7,1.532659
0.0,25,1.533795
0.0,8,1.534208
0.0,7,1.534587
0.0,5,1.534869
0.0,10,1.535365
0.0,6,1.535705
0.0,1,1.535814
0.0,34,1.537334
0.0,10,1.537843
0.0,3,1.538041
0.0,6,1.538368
0.0,5,1.538661
0.0,12,1.53924
0.0,3,1.539437
0.0,2,1.539599
0.0,1,1.539708
0.0,25,1.540841
0.0,8,1.541256
0.0,14,1.541933
0.0,20,1.54286
0.0,10,1.543354
0.0,11,1.543899
0.0,12,1.544496
0.0,9,1.544953
0.0,2,1.545107
0.0,29,1.546412
0.0,27,1.54766
0.0,7,1.548028
0.0,5,1.548308
0.0,14,1.548984
0.0,20,1.549927
0.0,26,1.551111
0.0,2,1.551268
0.0,2,1.55142
0.0,16,1.552181
0.0,6,1.552519
0.0,8,1.552927
0.0,8,1.553331
0.0,6,1.553667
0.0,13,1.554289
0.0,18,1.555133
0.0,40,1.556925
0.0,3,1.557122
0.0,4,1.557361
0.0,10,1.557864
0.0,2,1.558021
0.0,20,1.558951
0.0,12,1.559542
0.0,12,1.560127
0.0,3,1.560322
0.0,17,1.561125
0.0,4,1.561365
0.0,5,1.56166
0.0,2,1.561816
0.0,6,1.56214
0.0,3,1.56234
0.0,1,1.562449
0.0,7,1.562827
0.0,21,1.563794
0.0,4,1.564035
0.0,10,1.564534
0.0,5,1.564818
0.0,2,1.56497
0.0,11,1.565518
0.0,10,1.566013
1.0,9,1.566473
0.0,26,1.567661
0.0,13,1.568279
0.0,3,1.568476
0.0,3,1.568684
0.0,10,1.56918
0.0,2,1.569335
0.0,20,1.570257
0.0,10,1.570763
0.0,3,1.570961
0.0,7,1.571325
0.0,7,1.571705
0.0,2,1.571917
0.0,9,1.572366
0.0,19,1.57326
0.0,8,1.573685
0.0,15,1.574399
0.0,10,1.574908
0.0,2,1.575062
0.0,3,1.575258
0.0,8,1.575679
0.0,15,1.576388
0.0,9,1.57686
0.0,13,1.577483
0.0,10,1.57799
0.0,3,1.578187
0.0,3,1.578384
0.0,10,1.578889
0.0,13,1.579526
0.0,27,1.580746
0.0,10,1.581243
0.0,6,1.581576
0.0,15,1.582277
0.0,6,1.582611
0.0,9,1.583064
0.0,12,1.583655
0.0,9,1.584104
0.0,8,1.584523
0.0,3,1.584723
0.0,9,1.585175
0.0,17,1.585976
0.0,14,1.586662
0.0,6,1.586987
0.0,5,1.587271
1.0,10,1.587772
0.0,31,1.589164
0.0,8,1.589587
0.0,13,1.59021
1.0,32,1.591652
0.0,9,1.5921
1.0,20,1.593027
0.0,8,1.593431
0.0,1,1.593549
0.0,38,1.595232
0.0,13,1.595869
1.0,13,1.5965
1.0,6,1.596825
0.0,17,1.597617
0.0,25,1.598755
0.0,7,1.59912
0.0,9,1.599579
0.0,14,1.600235
1.0,13,1.600862
0.0,16,1.601614
0.0,3,1.601813
0.0,10,1.602307
0.0,5,1.602598
0.0,8,1.60301
0.0,8,1.603416
0.0,3,1.603623
0.0,18,1.60446
0.0,17,1.605256
0.0,6,1.605593
0.0,12,1.606174
0.0,13,1.606815
0.0,3,1.607012
0.0,6,1.607334
0.0,4,1.607582
1.0,10,1.608073
0.0,5,1.608354
0.0,4,1.608603
0.0,10,1.609101
0.0,8,1.609517
0.0,9,1.609972
0.0,26,1.611155
0.0,2,1.61131
0.0,14,1.61198
0.0,1,1.612092
0.0,4,1.61233
0.0,17,1.613131
0.0,2,1.613287
0.0,46,1.615315
0.0,3,1.615525
0.0,13,1.616146
0.0,3,1.616342
0.0,7,1.616722
1.0,14,1.617386
0.0,5,1.617676
0.0,4,1.617918
1.0,13,1.618549
0.0,23,1.619604
0.0,8,1.620013
0.0,6,1.620335
0.0,15,1.621052
0.0,2,1.621208
0.0,10,1.621707
0.0,11,1.622242
0.0,25,1.623377
0.0,13,1.62401
0.0,7,1.624375
0.0,1,1.624483
0.0,20,1.625407
0.0,1,1.62553
0.0,22,1.626548
0.0,26,1.627729
0.0,10,1.628225
0.0,4,1.628463
0.0,6,1.628797
0.0,10,1.629292
0.0,17,1.630084
0.0,12,1.630676
0.0,6,1.630999
0.0,2,1.631153
0.0,8,1.631573
0.0,17,1.632357
0.0,19,1.633237
0.0,13,1.633873
0.0,1,1.633982
0.0,6,1.634308
0.0,3,1.634513
0.0,2,1.634667
0.0,13,1.635285
0.0,10,1.635791
0.0,4,1.636029
0.0,25,1.637168
0.0,31,1.638574
0.0,2,1.638731
0.0,1,1.638839
0.0,5,1.639118
0.0,2,1.639272
0.0,6,1.639604
0.0,7,1.639968
0.0,10,1.640457
0.0,9,1.640922
0.0,9,1.641372
0.0,2,1.641536
0.0,2,1.641691
0.0,6,1.642015
0.0,7,1.642381
0.0,10,1.642879
0.0,2,1.643033
0.0,3,1.643231
0.0,5,1.643521
0.0,2,1.643677
0.0,2,1.643828
0.0,5,1.644109
1.0,20,1.645038
0.0,19,1.645926
0.0,7,1.646293
0.0,11,1.646844
0.0,11,1.647377
0.0,13,1.648009
0.0,16,1.648765
0.0,11,1.649302
0.0,7,1.649681
0.0,6,1.650004
0.0,5,1.650287
0.0,8,1.650708
0.0,3,1.650908
0.0,2,1.651061
0.0,14,1.651737
0.0,2,1.651893
0.0,10,1.652383
0.0,5,1.652674
0.0,11,1.65321
0.0,9,1.653669
0.0,16,1.654415
0.0,18,1.655257
0.0,5,1.655552
0.0,8,1.655957
0.0,16,1.656721
0.0,1,1.656833
0.0,13,1.657455
0.0,18,1.658298
0.0,1,1.658407
0.0,25,1.659565
0.0,18,1.660397
0.0,1,1.660515
0.0,21,1.661471
0.0,3,1.66168
0.0,9,1.662131
0.0,13,1.662764
0.0,8,1.663169
0.0,33,1.664648
0.0,6,1.664971
0.0,2,1.665126
0.0,3,1.66532
0.0,27,1.666554
0.0,3,1.666752
0.0,4,1.666993
0.0,4,1.66723
0.0,4,1.667468
0.0,1,1.667585
0.0,7,1.667948
0.0,5,1.668227
0.0,8,1.668649
0.0,19,1.669538
1.0,23,1.670601
0.0,6,1.670931
0.0,8,1.671341
0.0,5,1.671636
0.0,13,1.672263
0.0,3,1.672528
0.0,19,1.673407
0.0,6,1.673742
0.0,8,1.674157
0.0,6,1.67448
0.0,6,1.674814
0.0,15,1.675529
0.0,4,1.675771
0.0,11,1.676307
0.0,6,1.67665
1.0,7,1.677022
0.0,7,1.677387
0.0,6,1.677726
0.0,4,1.677965
0.0,4,1.678203
0.0,7,1.678584
0.0,2,1.678741
0.0,12,1.679322
0.0,8,1.679747
0.0,11,1.68028
0.0,4,1.680528
0.0,1,1.680637
0.0,43,1.682551
0.0,4,1.68279
0.0,5,1.683076
0.0,3,1.683273
0.0,6,1.68361
0.0,3,1.683807
0.0,9,1.684258
0.0,15,1.684973
0.0,14,1.68565
0.0,8,1.686067
0.0,3,1.686264
0.0,6,1.686603
0.0,1,1.686712
0.0,1,1.686822
0.0,5,1.687104
0.0,14,1.687781
0.0,8,1.688189
0.0,2,1.68834
0.0,1,1.688449
0.0,4,1.688697
0.0,5,1.68898
0.0,5,1.689259
0.0,5,1.689552
0.0,3,1.689748
0.0,15,1.690446
0.0,10,1.690949
0.0,23,1.692004
0.0,1,1.692114
1.0,13,1.692749
0.0,1,1.692858
0.0,8,1.693264
0.0,7,1.693643
0.0,5,1.69393
0.0,5,1.694227
0.0,3,1.694424
0.0,7,1.6948
0.0,33,1.696277
0.0,16,1.697043
0.0,7,1.697408
0.0,8,1.697826
0.0,9,1.69828
0.0,4,1.69853
0.0,12,1.699109
0.0,24,1.700209
0.0,2,1.700366
0.0,12,1.700957
0.0,5,1.701241
0.0,3,1.701437
0.0,9,1.701897
0.0,6,1.702223
0.0,18,1.703063
0.0,3,1.703259
0.0,10,1.703772
0.0,4,1.704012
0.0,2,1.704166
0.0,6,1.704497
0.0,7,1.704869
0.0,11,1.705401
0.0,8,1.705816
0.0,4,1.706054
0.0,5,1.706333
0.0,7,1.706719
0.0,2,1.706874
0.0,6,1.707195
0.0,6,1.70753
0.0,9,1.70798
0.0,1,1.70809
0.0,4,1.708328
0.0,6,1.708662
0.0,3,1.708858
0.0,2,1.709009
0.0,5,1.709287
0.0,5,1.709579
0.0,1,1.70969
1.0,7,1.710052
0.0,15,1.710764
0.0,4,1.711002
0.0,1,1.71111
0.0,19,1.711996
0.0,12,1.712591
0.0,3,1.712788
0.0,4,1.713031
0.0,5,1.713311
0.0,2,1.713462
0.0,16,1.714218
0.0,15,1.714937
0.0,7,1.715307
0.0,5,1.715604
0.0,9,1.716057
1.0,8,1.716467
0.0,6,1.716801
0.0,6,1.717121
0.0,12,1.717712
0.0,1,1.717821
0.0,14,1.718496
0.0,17,1.719283
0.0,9,1.719748
0.0,12,1.720327
0.0,10,1.720831
0.0,1,1.720941
0.0,2,1.721092
0.0,9,1.721559
0.0,5,1.721843
0.0,1,1.721951
0.0,3,1.722146
0.0,1,1.722253
0.0,14,1.722923
0.0,5,1.723214
0.0,5,1.723502
0.0,20,1.724431
0.0,23,1.725499
0.0,2,1.725653
0.0,2,1.725805
0.0,4,1.726044
0.0,3,1.726241
0.0,4,1.726481
0.0,3,1.726692
0.0,7,1.72706
0.0,11,1.727606
0.0,4,1.727844
0.0,4,1.728082
0.0,3,1.72828
0.0,9,1.72874
0.0,3,1.728942
0.0,10,1.729436
0.0,10,1.729941
0.0,10,1.730437
0.0,4,1.730684
0.0,5,1.730964
0.0,9,1.731412
0.0,10,1.731914
0.0,3,1.73211
0.0,14,1.732779
0.0,20,1.73371
0.0,1,1.733821
0.0,7,1.734185
0.0,8,1.734602
0.0,15,1.735306
0.0,4,1.735557
0.0,6,1.735886
0.0,7,1.736249
0.0,4,1.736504
0.0,11,1.737038
0.0,24,1.738138
0.0,7,1.738518
0.0,1,1.738627
0.0,14,1.739291
0.0,2,1.739443
0.0,3,1.739651
0.0,7,1.74002
0.0,14,1.740698
0.0,30,1.742045
0.0,4,1.742285
0.0,10,1.742787
0.0,8,1.743199
0.0,2,1.743354
0.0,4,1.743603
0.0,3,1.743801
0.0,10,1.744293
0.0,8,1.744711
0.0,4,1.744949
0.0,5,1.745228
0.0,9,1.745687
0.0,8,1.746099
0.0,3,1.746294
0.0,7,1.746678
0.0,4,1.746917
0.0,3,1.747113
0.0,6,1.747435
0.0,14,1.748106
0.0,17,1.748909
0.0,3,1.749106
0.0,5,1.749385
0.0,3,1.749594
0.0,1,1.749705
0.0,7,1.750068
0.0,6,1.75039
0.0,6,1.750734
0.0,18,1.751586
0.0,12,1.752171
0.0,7,1.752548
0.0,9,1.753002
0.0,1,1.753113
0.0,3,1.753308
0.0,10,1.753814
0.0,5,1.754095
0.0,29,1.755404
0.0,2,1.75557
0.0,1,1.755681
0.0,10,1.756176
0.0,1,1.756287
0.0,6,1.756627
0.0,14,1.757292
0.0,12,1.757879
0.0,34,1.759393
0.0,13,1.760025
0.0,5,1.760309
0.0,12,1.760905
0.0,8,1.761317
0.0,8,1.761736
0.0,9,1.762191
0.0,8,1.762612
1.0,10,1.763108
0.0,16,1.763875
0.0,13,1.764508
0.0,1,1.764619
0.0,3,1.764815
0.0,5,1.765096
0.0,29,1.766402
0.0,4,1.766661
0.0,22,1.767674
0.0,16,1.768421
0.0,10,1.768925
0.0,6,1.769251
0.0,31,1.770658
0.0,1,1.77077
0.0,6,1.771097
0.0,1,1.771206
0.0,5,1.771495
0.0,11,1.772033
0.0,10,1.772544
0.0,7,1.77299
0.0,5,1.773273
0.0,23,1.774323
0.0,6,1.774658
0.0,23,1.77572
0.0,7,1.776085
0.0,9,1.77655
0.0,14,1.777215
0.0,4,1.777452
0.0,6,1.777785
0.0,10,1.778275
0.0,2,1.778428
0.0,21,1.779398
0.0,23,1.780459
0.0,13,1.781084
0.0,14,1.781763
1.0,11,1.782296
0.0,2,1.782449
0.0,9,1.782914
0.0,19,1.783809
0.0,10,1.784304
0.0,11,1.78485
0.0,31,1.786244
0.0,6,1.786591
0.0,3,1.786793
0.0,4,1.787032
0.0,11,1.787575
0.0,15,1.788275
0.0,12,1.788859
0.0,2,1.789012
0.0,5,1.789294
0.0,1,1.789403
0.0,6,1.789739
0.0,11,1.79028
0.0,15,1.790997
0.0,6,1.791325
1.0,14,1.792001
0.0,5,1.792286
0.0,2,1.792441
0.0,1,1.792559
0.0,8,1.792965
0.0,60,1.795588
1.0,15,1.796291
0.0,17,1.797095
0.0,8,1.797515
0.0,5,1.7978
0.0,9,1.798251
0.0,1,1.798361
1.0,9,1.798821
0.0,4,1.799064
0.0,13,1.799695
0.0,11,1.800231
0.0,5,1.800521
0.0,22,1.801541
0.0,1,1.801652
0.0,4,1.80189
1.0,19,1.802776
0.0,5,1.803061
0.0,10,1.803571
0.0,1,1.803682
0.0,3,1.803878
0.0,9,1.804325
0.0,4,1.804574
0.0,3,1.804772
0.0,9,1.805223
0.0,10,1.805744
0.0,9,1.806202
0.0,1,1.806312
0.0,2,1.806464
0.0,19,1.807356
0.0,14,1.808029
0.0,18,1.80887
0.0,7,1.809242
0.0,3,1.809441
0.0,16,1.810195
0.0,6,1.810529
0.0,7,1.810898
0.0,10,1.811391
0.0,7,1.811769
0.0,14,1.81243
0.0,5,1.812719
0.0,5,1.812999
0.0,7,1.813362
0.0,7,1.813736
0.0,2,1.813889
0.0,10,1.81438
0.0,5,1.814671
0.0,7,1.815041
0.0,1,1.81515
0.0,2,1.815302
0.0,1,1.815409
0.0,7,1.815784
0.0,13,1.816408
0.0,2,1.81658
0.0,2,1.816733
0.0,2,1.816887
0.0,15,1.817603
0.0,14,1.818271
0.0,17,1.819077
0.0,2,1.819233
1.0,8,1.819654
0.0,7,1.820019
1.0,10,1.820524
0.0,4,1.820765
0.0,9,1.821217
0.0,22,1.822232
0.0,4,1.822476
0.0,1,1.822597
0.0,29,1.823906
0.0,9,1.824363
0.0,20,1.825294
0.0,2,1.825448
0.0,5,1.825736
0.0,22,1.826763
1.0,17,1.827569
0.0,3,1.827768
0.0,1,1.827876
0.0,4,1.828113
0.0,8,1.828528
0.0,1,1.828637
0.0,2,1.828791
0.0,30,1.830146
0.0,13,1.830778
0.0,4,1.831019
0.0,17,1.831818
0.0,14,1.832483
0.0,7,1.832865
0.0,15,1.833575
0.0,21,1.834537
0.0,25,1.835681
0.0,35,1.837254
0.0,10,1.83776
0.0,10,1.838255
0.0,7,1.838631
0.0,11,1.839168
1.0,10,1.839669
0.0,43,1.841582
0.0,11,1.842123
0.0,19,1.843017
0.0,25,1.844164
0.0,24,1.845259
0.0,18,1.846107
0.0,13,1.846744
0.0,5,1.847026
0.0,11,1.847576
0.0,2,1.847731
0.0,2,1.847883
0.0,18,1.848728
0.0,1,1.848838
0.0,11,1.849369
0.0,1,1.849479
0.0,5,1.849769
0.0,6,1.85009
0.0,8,1.850515
0.0,5,1.850799
0.0,3,1.850993
0.0,4,1.85123
1.0,14,1.851904
0.0,12,1.852483
0.0,2,1.852647
0.0,29,1.853963
0.0,8,1.854376
0.0,27,1.855614
0.0,9,1.856072
0.0,1,1.856183
0.0,4,1.856421
0.0,8,1.856847
0.0,8,1.857257
0.0,44,1.859215
0.0,10,1.859732
0.0,7,1.860101
0.0,8,1.860522
0.0,1,1.860631
0.0,7,1.860998
0.0,9,1.86145
0.0,4,1.861698
0.0,4,1.861937
0.0,9,1.862389
0.0,5,1.862681
0.0,10,1.863179
0.0,4,1.863421
0.0,32,1.864874
0.0,15,1.865592
0.0,11,1.866135
0.0,19,1.867022
0.0,3,1.867218
0.0,12,1.867804
0.0,11,1.868341
0.0,1,1.868452
0.0,3,1.868659
0.0,6,1.868984
0.0,14,1.869658
0.0,13,1.870275
0.0,9,1.870741
0.0,23,1.8718
0.0,7,1.872165
0.0,21,1.873136
0.0,8,1.873554
0.0,2,1.873707
0.0,6,1.874028
0.0,9,1.874476
0.0,1,1.874598
0.0,7,1.874966
1.0,19,1.875852
0.0,5,1.876132
0.0,4,1.876369
1.0,12,1.876965
0.0,4,1.877208
0.0,3,1.877405
0.0,15,1.878121
0.0,6,1.878443
0.0,21,1.879413
0.0,8,1.87991
0.0,30,1.881273
0.0,10,1.881784
0.0,3,1.881983
0.0,24,1.883076
0.0,7,1.883444
0.0,5,1.883734
0.0,5,1.884015
0.0,12,1.884599
0.0,5,1.884882
0.0,11,1.885412
0.0,6,1.885749
0.0,2,1.885903
0.0,2,1.886056
0.0,3,1.886253
0.0,2,1.886405
0.0,6,1.886744
0.0,17,1.887545
0.0,10,1.888036
0.0,36,1.889653
1.0,19,1.890531
0.0,1,1.890642
0.0,4,1.89088
0.0,6,1.891201
0.0,9,1.891658
0.0,18,1.892508
0.0,4,1.892747
0.0,5,1.893027
0.0,15,1.893739
0.0,15,1.894439
0.0,7,1.894814
0.0,15,1.895523
1.0,10,1.896017
0.0,11,1.896567
0.0,9,1.89702
0.0,11,1.897562
0.0,8,1.897972
0.0,20,1.898901
0.0,8,1.899308
0.0,8,1.899731
0.0,2,1.899888
0.0,2,1.900042
0.0,13,1.900672
0.0,4,1.900911
0.0,9,1.901358
0.0,1,1.901468
0.0,6,1.901804
0.0,1,1.901914
0.0,5,1.902197
0.0,11,1.902747
0.0,1,1.902858
0.0,5,1.903141
0.0,17,1.903939
0.0,11,1.90447
1.0,11,1.905021
0.0,19,1.905902
0.0,1,1.906012
0.0,6,1.906338
0.0,5,1.906639
0.0,5,1.906919
0.0,4,1.907158
0.0,9,1.907623
0.0,61,1.910279
0.0,8,1.910701
0.0,11,1.911235
0.0,3,1.911432
1.0,8,1.911849
0.0,9,1.912298
0.0,7,1.912676
0.0,7,1.913045
1.0,9,1.913513
0.0,16,1.914265
0.0,6,1.914599
0.0,25,1.915742
0.0,9,1.916196
0.0,12,1.916795
1.0,12,1.917374
0.0,4,1.917621
0.0,2,1.917774
0.0,2,1.917928
0.0,4,1.918168
0.0,6,1.918498
0.0,3,1.918699
0.0,16,1.919441
0.0,1,1.919559
0.0,16,1.920314
0.0,9,1.920776
0.0,7,1.92114
0.0,1,1.921248
0.0,2,1.921399
0.0,4,1.921649
0.0,13,1.922266
0.0,6,1.922604
0.0,2,1.922758
1.0,9,1.923204
0.0,1,1.923313
0.0,14,1.923984
0.0,15,1.924715
0.0,9,1.925167
0.0,3,1.925364
0.0,10,1.925872
0.0,15,1.926592
0.0,8,1.926999
0.0,2,1.92715
0.0,34,1.928699
0.0,7,1.929066
0.0,12,1.929655
0.0,1,1.929765
0.0,7,1.930128
0.0,8,1.930545
0.0,14,1.931203
0.0,4,1.931443
0.0,4,1.931692
0.0,18,1.932531
0.0,4,1.932773
0.0,7,1.933136
0.0,16,1.933891
0.0,6,1.934219
0.0,12,1.934807
0.0,8,1.935213
0.0,12,1.935805
0.0,3,1.936005
0.0,2,1.936157
0.0,9,1.936628
0.0,3,1.936826
0.0,5,1.937108
0.0,2,1.93726
0.0,1,1.937367
0.0,2,1.937532
1.0,9,1.937982
0.0,7,1.938348
1.0,19,1.939238
0.0,37,1.940894
0.0,2,1.941052
0.0,16,1.941807
0.0,4,1.942045
0.0,16,1.942805
0.0,12,1.943382
0.0,2,1.943549
0.0,4,1.94379
0.0,9,1.944236
0.0,12,1.944826
0.0,14,1.945492
0.0,11,1.946031
0.0,9,1.946476
0.0,4,1.946732
0.0,5,1.947016
0.0,5,1.947299
0.0,7,1.947675
0.0,7,1.948044
1.0,9,1.9485
1.0,10,1.948989
0.0,3,1.949182
0.0,2,1.949333
0.0,1,1.94944
0.0,10,1.949938
0.0,6,1.950263
0.0,7,1.950641
1.0,17,1.951431
0.0,9,1.951892
0.0,22,1.952905
0.0,4,1.953147
0.0,4,1.953387
0.0,39,1.955139
0.0,7,1.955519
0.0,6,1.955848
0.0,4,1.956085
0.0,1,1.956193
0.0,24,1.957296
0.0,25,1.958435
0.0,7,1.95881
0.0,23,1.959861
0.0,2,1.960018
0.0,4,1.960259
0.0,4,1.960509
0.0,14,1.961174
0.0,18,1.962022
0.0,3,1.962221
0.0,5,1.96251
0.0,10,1.963001
0.0,2,1.963152
0.0,10,1.963653
0.0,18,1.964479
0.0,4,1.96473
0.0,17,1.96553
0.0,4,1.965774
0.0,9,1.966225
0.0,8,1.966648
0.0,5,1.966932
0.0,2,1.967084
0.0,5,1.967363
0.0,5,1.967658
0.0,7,1.96803
0.0,2,1.968183
0.0,4,1.96842
0.0,4,1.968668
0.0,15,1.969376
0.0,3,1.969585
0.0,7,1.969953
0.0,3,1.970148
0.0,3,1.970341
0.0,7,1.970716
0.0,6,1.971041
0.0,1,1.97115
0.0,5,1.971431
0.0,4,1.971678
0.0,2,1.971831
0.0,7,1.972197
0.0,12,1.972784
0.0,2,1.972938
0.0,29,1.974247
0.0,16,1.975008
0.0,17,1.975809
0.0,4,1.976052
0.0,35,1.977631
0.0,19,1.978512
0.0,18,1.979347
0.0,7,1.979731
0.0,5,1.980073
0.0,10,1.980582
0.0,9,1.981032
0.0,10,1.981534
0.0,2,1.98169
0.0,12,1.982265
0.0,2,1.98242
1.0,16,1.983178
0.0,7,1.983555
0.0,7,1.983921
0.0,7,1.984287
0.0,3,1.984482
0.0,6,1.984819
0.0,2,1.984971
0.0,7,1.985336
0.0,26,1.986533
0.0,2,1.986691
0.0,3,1.986887
0.0,17,1.987681
0.0,15,1.988385
0.0,13,1.989015
0.0,5,1.989299
0.0,15,1.99001
0.0,3,1.990208
0.0,1,1.990317
0.0,23,1.991365
0.0,11,1.991915
0.0,5,1.9922
0.0,19,1.993089
0.0,2,1.993243
0.0,18,1.994091
0.0,14,1.994769
0.0,5,1.995052
0.0,4,1.995289
0.0,19,1.996175
0.0,7,1.996559
0.0,2,1.996716
0.0,13,1.997332
0.0,13,1.997963
0.0,1,1.998075
0.0,10,1.998585
0.0,4,1.998827
0.0,1,1.998935
0.0,16,1.999701
0.0,1,1.999811
0.0,6,2.000136
0.0,1,2.000244
0.0,1,2.000352
0.0,16,2.001115
0.0,14,2.001789
0.0,8,2.0022
0.0,12,2.00279
0.0,21,2.00376
0.0,11,2.004298
0.0,5,2.00459
0.0,10,2.005082
0.0,2,2.005235
0.0,11,2.005788
0.0,9,2.006242
0.0,2,2.006394
0.0,2,2.006564
0.0,7,2.006927
0.0,13,2.007555
0.0,13,2.008172
0.0,11,2.008719
0.0,5,2.009004
0.0,4,2.009243
0.0,8,2.009663
0.0,15,2.010369
0.0,8,2.01079
0.0,7,2.011157
0.0,33,2.012646
0.0,25,2.013782
0.0,6,2.014108
0.0,13,2.014735
0.0,11,2.015272
1.0,9,2.015738
0.0,1,2.015849
0.0,1,2.015957
0.0,2,2.016109
0.0,45,2.018124
0.0,5,2.018407
0.0,7,2.01879
0.0,10,2.019283
0.0,1,2.019392
0.0,7,2.019777
0.0,31,2.021207
0.0,11,2.021758
0.0,8,2.022166
0.0,4,2.022407
0.0,11,2.022952
0.0,19,2.023846
0.0,2,2.024002
0.0,18,2.02485
0.0,1,2.024961
0.0,5,2.025244
0.0,7,2.025622
0.0,4,2.025862
0.0,7,2.026225
0.0,9,2.02669
0.0,7,2.027058
0.0,3,2.027254
0.0,10,2.027758
0.0,15,2.028466
0.0,32,2.029912
0.0,6,2.030241
0.0,11,2.030791
0.0,14,2.031474
0.0,15,2.032187
0.0,8,2.032605
0.0,5,2.032886
0.0,6,2.033209
0.0,5,2.033497
0.0,8,2.033907
0.0,10,2.034397
0.0,4,2.034645
0.0,1,2.034755
0.0,19,2.035646
0.0,4,2.035888
0.0,2,2.036041
0.0,4,2.036278
0.0,5,2.036576
0.0,14,2.037239
0.0,8,2.03766
0.0,7,2.038027
0.0,6,2.038352
0.0,26,2.039551
0.0,21,2.040533
0.0,10,2.04103
0.0,2,2.041183
0.0,12,2.041774
0.0,3,2.041974
0.0,10,2.042472
0.0,24,2.043578
0.0,19,2.044448
0.0,2,2.04461
0.0,1,2.044719
0.0,17,2.045522
0.0,2,2.045689
0.0,33,2.047177
0.0,19,2.048063
0.0,5,2.048344
0.0,13,2.048979
0.0,6,2.049303
0.0,3,2.04951
0.0,37,2.051151
0.0,2,2.051305
0.0,5,2.051599
0.0,27,2.052818
0.0,5,2.053099
0.0,21,2.054067
0.0,68,2.057056
0.0,12,2.057652
0.0,19,2.058537
0.0,3,2.058736
0.0,2,2.058891
0.0,10,2.059388
0.0,11,2.059937
0.0,9,2.060395
0.0,7,2.060774
0.0,1,2.060884
0.0,13,2.061514
0.0,25,2.062658
0.0,4,2.062898
0.0,11,2.063434
0.0,4,2.063682
0.0,5,2.063962
0.0,11,2.064507
0.0,13,2.065127
0.0,4,2.065367
0.0,1,2.065479
0.0,6,2.065814
0.0,1,2.065922
0.0,1,2.06603
0.0,6,2.066352
0.0,12,2.066946
0.0,13,2.067577
0.0,1,2.067687
0.0,12,2.068268
0.0,9,2.068734
0.0,7,2.069102
0.0,6,2.069429
0.0,21,2.070398
0.0,9,2.070865
0.0,25,2.072002
0.0,9,2.072459
0.0,1,2.072578
0.0,2,2.072734
0.0,15,2.073435
0.0,15,2.07415
0.0,14,2.074821
0.0,6,2.075146
0.0,9,2.07561
0.0,23,2.076677
0.0,7,2.077046
0.0,12,2.077637
0.0,20,2.078567
0.0,21,2.079537
0.0,8,2.079948
0.0,18,2.08079
0.0,3,2.080987
0.0,6,2.081309
0.0,13,2.081944
0.0,3,2.082144
0.0,3,2.082341
0.0,9,2.082805
0.0,14,2.083476
0.0,8,2.083896
0.0,21,2.084868
0.0,19,2.085757
0.0,4,2.085999
0.0,1,2.086164
0.0,1,2.086273
0.0,8,2.086696
0.0,4,2.086938
0.0,7,2.087303
0.0,6,2.087639
0.0,3,2.087839
1.0,16,2.088598
0.0,16,2.089347
0.0,9,2.089813
0.0,1,2.089922
0.0,6,2.090246
0.0,23,2.091297
0.0,11,2.091849
0.0,4,2.092088
1.0,28,2.093351
0.0,13,2.093979
0.0,3,2.094179
0.0,15,2.094898
0.0,5,2.095179
0.0,4,2.095419
0.0,23,2.096479
0.0,3,2.096691
0.0,2,2.096844
0.0,5,2.097125
1.0,15,2.097839
0.0,4,2.098081
0.0,9,2.098544
0.0,2,2.098698
0.0,5,2.098978
0.0,5,2.099257
0.0,12,2.09985
0.0,8,2.100263
0.0,7,2.10064
0.0,4,2.100881
0.0,4,2.101119
0.0,3,2.101315
0.0,6,2.101646
0.0,19,2.102533
0.0,3,2.102733
0.0,6,2.10306
0.0,6,2.103384
0.0,8,2.103805
0.0,26,2.104996
0.0,2,2.105151
0.0,3,2.105345
0.0,16,2.106109
0.0,5,2.10639
0.0,22,2.107411
0.0,28,2.108691
0.0,2,2.108847
0.0,2,2.109
0.0,8,2.109412
0.0,2,2.109578
0.0,7,2.109947
0.0,13,2.11058
0.0,12,2.111156
0.0,3,2.111354
0.0,12,2.111946
1.0,9,2.112401
0.0,4,2.112651
0.0,20,2.113578
0.0,2,2.113733
1.0,6,2.114055
0.0,7,2.11442
0.0,9,2.114884
0.0,7,2.115253
0.0,20,2.11618
0.0,3,2.116379
0.0,15,2.117099
0.0,4,2.117342
0.0,11,2.117888
0.0,4,2.118127
1.0,9,2.118593
0.0,6,2.118919
0.0,23,2.119977
0.0,11,2.120533
1.0,14,2.121193
0.0,1,2.1213
0.0,10,2.121804
0.0,14,2.122468
0.0,3,2.122676
1.0,8,2.123087
0.0,24,2.124185
0.0,3,2.124382
0.0,27,2.125614
0.0,10,2.12611
1.0,14,2.126791
0.0,11,2.12733
0.0,12,2.127922
0.0,41,2.129751
0.0,6,2.130074
0.0,24,2.131178
0.0,14,2.131853
0.0,2,2.132009
0.0,1,2.132117
0.0,2,2.132271
0.0,2,2.132424
0.0,14,2.133095
0.0,4,2.133338
0.0,5,2.13363
1.0,26,2.134814
0.0,9,2.135263
0.0,7,2.135645
0.0,3,2.135842
0.0,19,2.136732
0.0,4,2.136971
0.0,1,2.137079
0.0,17,2.137878
0.0,12,2.138458
0.0,9,2.13892
0.0,10,2.13942
0.0,27,2.140657
0.0,7,2.141023
0.0,3,2.141218
0.0,3,2.141417
0.0,5,2.141709
0.0,9,2.142167
0.0,2,2.142322
0.0,24,2.143418
0.0,4,2.143672
1.0,21,2.144643
0.0,6,2.144966
0.0,4,2.145207
0.0,20,2.146138
0.0,2,2.146291
0.0,11,2.146847
0.0,4,2.147089
0.0,13,2.147721
0.0,11,2.148256
0.0,1,2.148364
0.0,14,2.149041
0.0,1,2.149153
0.0,6,2.149477
0.0,11,2.150026
0.0,13,2.150664
0.0,4,2.150905
0.0,21,2.151873
0.0,2,2.152027
0.0,4,2.15227
0.0,5,2.15256
0.0,2,2.152716
0.0,2,2.152871
0.0,18,2.153718
0.0,3,2.153928
0.0,7,2.154293
0.0,22,2.155306
0.0,4,2.155558
0.0,8,2.155973
0.0,2,2.156128
0.0,2,2.156283
0.0,3,2.156481
0.0,10,2.156995
0.0,15,2.157709
0.0,6,2.158032
0.0,6,2.158353
0.0,15,2.159068
0.0,6,2.159391
0.0,4,2.159644
0.0,19,2.160537
0.0,36,2.162137
0.0,6,2.162461
0.0,8,2.162876
0.0,5,2.163157
0.0,2,2.163312
1.0,20,2.164239
0.0,3,2.164437
0.0,10,2.164942
0.0,1,2.165051
0.0,8,2.165463
0.0,17,2.166258
0.0,7,2.166641
0.0,6,2.166964
0.0,3,2.167161
0.0,9,2.167625
0.0,4,2.167864
0.0,7,2.168229
0.0,6,2.168565
0.0,7,2.168947
1.0,8,2.169358
0.0,2,2.169522
0.0,4,2.169763
0.0,2,2.169917
0.0,2,2.170069
0.0,6,2.170391
0.0,7,2.170774
0.0,3,2.170971
0.0,5,2.17125
0.0,4,2.171498
0.0,4,2.171741
0.0,14,2.172403
0.0,6,2.172735
0.0,3,2.172937
0.0,1,2.173046
0.0,3,2.173239
0.0,6,2.173576
0.0,6,2.173903
0.0,16,2.174668
0.0,14,2.175338
0.0,3,2.175547
1.0,11,2.176081
0.0,4,2.176317
0.0,1,2.176425
0.0,14,2.17711
0.0,3,2.177307
0.0,11,2.177852
0.0,34,2.179369
0.0,2,2.179537
1.0,13,2.18016
1.0,13,2.180788
0.0,11,2.181327
0.0,1,2.181436
0.0,20,2.182366
0.0,16,2.183123
0.0,5,2.183404
0.0,8,2.183825
0.0,2,2.18398
0.0,11,2.184524
0.0,4,2.184763
0.0,7,2.185135
0.0,9,2.185593
0.0,6,2.185915
1.0,12,2.186505
0.0,4,2.186805
0.0,2,2.186973
0.0,5,2.18726
0.0,6,2.187594
0.0,1,2.187704
0.0,5,2.187983
0.0,5,2.188262
0.0,13,2.188898
0.0,10,2.189397
0.0,6,2.189735
0.0,4,2.189974
0.0,1,2.190082
0.0,6,2.190407
0.0,8,2.190823
0.0,5,2.191107
0.0,25,2.192249
0.0,8,2.19267
0.0,8,2.193076
0.0,8,2.193482
0.0,16,2.19424
0.0,7,2.194615
0.0,5,2.194899
0.0,7,2.195263
0.0,9,2.195725
0.0,6,2.196051
0.0,4,2.196291
0.0,5,2.196592
0.0,1,2.196702
0.0,10,2.197201
0.0,4,2.197442
0.0,3,2.197649
0.0,5,2.197933
0.0,8,2.198339
0.0,3,2.198546
0.0,4,2.198785
0.0,2,2.198936
0.0,14,2.19961
0.0,6,2.199934
0.0,6,2.200258
0.0,19,2.201141
0.0,5,2.201422
0.0,5,2.201715
0.0,12,2.202294
0.0,12,2.202882
0.0,5,2.203166
0.0,17,2.203967
0.0,9,2.204419
0.0,15,2.205132
0.0,1,2.205244
0.0,9,2.205702
0.0,20,2.206641
0.0,32,2.208089
0.0,5,2.208369
0.0,2,2.208532
0.0,4,2.208773
0.0,20,2.209701
0.0,8,2.210111
0.0,11,2.210666
0.0,25,2.211811
0.0,5,2.212096
0.0,3,2.212291
0.0,8,2.21271
0.0,7,2.213078
0.0,10,2.213584
0.0,1,2.213695
0.0,27,2.214909
0.0,7,2.215278
1.0,12,2.215863
0.0,9,2.216316
0.0,8,2.216746
0.0,9,2.217196
0.0,11,2.217746
0.0,4,2.217985
0.0,16,2.218748
0.0,19,2.219636
0.0,8,2.220045
0.0,2,2.2202
0.0,2,2.220353
0.0,19,2.221239
0.0,2,2.221393
0.0,2,2.221559
0.0,4,2.221798
0.0,11,2.222333
0.0,38,2.224038
0.0,25,2.225183
0.0,19,2.226068
0.0,3,2.226268
0.0,1,2.226376
0.0,32,2.227828
0.0,5,2.228115
0.0,8,2.22854
0.0,3,2.22874
0.0,1,2.228849
0.0,7,2.229215
0.0,3,2.229412
0.0,2,2.229576
0.0,19,2.23045
0.0,40,2.232233
0.0,25,2.233371
0.0,4,2.233625
0.0,8,2.234037
0.0,12,2.234626
0.0,6,2.23495
0.0,4,2.235189
0.0,5,2.235473
1.0,8,2.235888
0.0,5,2.236169
0.0,6,2.236505
0.0,11,2.237042
0.0,5,2.237325
0.0,4,2.237575
0.0,15,2.238283
0.0,9,2.238748
0.0,1,2.23886
0.0,13,2.239481
0.0,1,2.239602
0.0,1,2.23971
0.0,1,2.23982
0.0,19,2.240716
0.0,11,2.241261
0.0,6,2.241597
1.0,8,2.242007
0.0,4,2.242246
0.0,27,2.243454
0.0,31,2.244857
0.0,12,2.245434
0.0,4,2.245681
0.0,10,2.246175
0.0,13,2.246814
0.0,8,2.247228
0.0,17,2.248029
0.0,16,2.248788
0.0,9,2.249239
0.0,28,2.250523
0.0,8,2.250931
0.0,19,2.251815
0.0,5,2.252097
0.0,7,2.252462
0.0,2,2.252625
0.0,15,2.253329
0.0,21,2.2543
0.0,2,2.254453
0.0,7,2.254826
0.0,11,2.255369
0.0,3,2.255577
0.0,1,2.255686
0.0,8,2.25609
1.0,8,2.256514
0.0,17,2.257303
0.0,17,2.258104
0.0,3,2.258303
0.0,26,2.259496
0.0,8,2.25991
0.0,5,2.260189
0.0,10,2.260693
0.0,9,2.261149
0.0,3,2.261343
0.0,14,2.262019
0.0,13,2.262647
0.0,16,2.263392
0.0,13,2.264019
0.0,20,2.264947
0.0,7,2.265313
1.0,14,2.26599
0.0,5,2.26627
0.0,7,2.266651
1.0,13,2.267268
0.0,10,2.267771
0.0,3,2.26797
0.0,8,2.268375
0.0,1,2.268482
0.0,1,2.268603
0.0,2,2.268757
0.0,9,2.269204
0.0,7,2.269583
0.0,32,2.271016
0.0,16,2.271772
0.0,4,2.27201
0.0,13,2.272639
0.0,4,2.272883
0.0,4,2.273121
0.0,1,2.273229
0.0,7,2.273604
0.0,2,2.273758
0.0,6,2.274081
0.0,15,2.274791
0.0,16,2.275554
0.0,13,2.276176
0.0,11,2.276729
0.0,3,2.276928
0.0,34,2.278452
0.0,1,2.278569
0.0,6,2.278893
0.0,7,2.279265
0.0,10,2.279768
0.0,19,2.280648
0.0,8,2.281055
0.0,6,2.281379
0.0,6,2.281713
0.0,10,2.282207
0.0,7,2.282585
0.0,3,2.282782
0.0,1,2.282892
0.0,6,2.283212
0.0,3,2.283406
0.0,13,2.284036
0.0,9,2.284499
0.0,12,2.285093
0.0,1,2.285204
0.0,2,2.285356
0.0,13,2.285989
1.0,10,2.286483
0.0,3,2.286695
0.0,2,2.286905
0.0,15,2.287627
0.0,19,2.288516
0.0,4,2.288755
0.0,29,2.290064
0.0,4,2.290308
0.0,1,2.290416
0.0,6,2.290751
0.0,2,2.290905
0.0,1,2.291015
0.0,7,2.291378
0.0,8,2.291795
0.0,6,2.292118
0.0,5,2.292396
0.0,1,2.292516
0.0,1,2.292625
0.0,3,2.292824
0.0,7,2.293186
0.0,9,2.293648
0.0,10,2.294141
0.0,2,2.294296
0.0,13,2.294928
0.0,5,2.295215
1.0,11,2.295758
0.0,6,2.296081
0.0,12,2.296677
0.0,18,2.297524
0.0,7,2.297891
0.0,9,2.298338
0.0,7,2.298715
0.0,13,2.299336
0.0,1,2.299444
0.0,1,2.29956
0.0,7,2.299929
0.0,7,2.300299
0.0,18,2.30114
0.0,2,2.301296
0.0,4,2.301545
0.0,6,2.301871
0.0,10,2.302361
0.0,9,2.302819
0.0,20,2.303753
0.0,6,2.30408
0.0,6,2.304406
0.0,1,2.304527
0.0,5,2.304807
1.0,10,2.305298
0.0,17,2.306101
0.0,5,2.306383
0.0,23,2.307444
0.0,3,2.307655
0.0,3,2.307852
0.0,8,2.308268
0.0,8,2.30869
0.0,3,2.308886
0.0,4,2.309123
0.0,6,2.309448
0.0,4,2.309697
0.0,13,2.310324
0.0,8,2.310747
0.0,6,2.31107
0.0,23,2.312116
0.0,4,2.312357
0.0,12,2.312951
0.0,13,2.313586
0.0,1,2.313695
0.0,3,2.313891
0.0,2,2.314045
0.0,5,2.314326
0.0,7,2.314703
0.0,7,2.315069
0.0,2,2.315221
0.0,9,2.31568
0.0,8,2.316086
0.0,4,2.316326
0.0,3,2.316538
0.0,22,2.317554
0.0,14,2.318218
0.0,15,2.318934
0.0,16,2.319695
0.0,8,2.320107
0.0,7,2.32047
0.0,4,2.320721
0.0,36,2.322323
0.0,6,2.322661
0.0,13,2.323279
0.0,6,2.323612
0.0,15,2.324316
0.0,9,2.324784
0.0,39,2.326531
0.0,4,2.326771
0.0,8,2.327179
0.0,14,2.327858
0.0,9,2.328313
0.0,11,2.328858
0.0,5,2.329144
0.0,37,2.330807
0.0,3,2.331006
0.0,1,2.331114
0.0,3,2.331308
0.0,9,2.331769
0.0,14,2.332438
0.0,3,2.332643
0.0,13,2.333265
0.0,9,2.333729
0.0,11,2.334267
0.0,34,2.335805
0.0,8,2.336217
0.0,21,2.337191
0.0,21,2.338167
0.0,3,2.338364
0.0,9,2.338829
0.0,10,2.339327
0.0,4,2.339577
0.0,6,2.3399
0.0,14,2.340575
1.0,22,2.341587
0.0,14,2.34225
0.0,17,2.343044
0.0,8,2.34345
0.0,13,2.344077
0.0,7,2.344442
0.0,33,2.345925
0.0,9,2.346381
0.0,18,2.347229
0.0,4,2.347473
0.0,14,2.348145
0.0,9,2.348605
0.0,4,2.348844
0.0,17,2.349642
0.0,9,2.350093
0.0,3,2.350289
0.0,10,2.350795
0.0,10,2.351296
0.0,9,2.351762
0.0,3,2.351959
0.0,12,2.352554
0.0,20,2.353475
0.0,9,2.35394
0.0,1,2.354049
0.0,9,2.354508
0.0,15,2.355222
1.0,8,2.355643
0.0,10,2.356139
0.0,3,2.356334
0.0,17,2.357149
0.0,38,2.358859
0.0,18,2.359701
0.0,23,2.360765
1.0,12,2.361347
0.0,1,2.361454
0.0,21,2.362419
0.0,8,2.362837
0.0,7,2.363205
0.0,1,2.363314
0.0,2,2.363468
0.0,3,2.363673
0.0,6,2.363999
0.0,4,2.364239
0.0,2,2.364391
0.0,8,2.364807
0.0,8,2.365214
0.0,4,2.365455
0.0,8,2.36587
0.0,1,2.36598
0.0,8,2.366385
0.0,20,2.367314
0.0,23,2.368368
0.0,2,2.368532
0.0,5,2.368813
0.0,6,2.369134
0.0,4,2.369376
0.0,7,2.369756
0.0,5,2.370038
0.0,3,2.370232
0.0,13,2.370859
0.0,13,2.37148
0.0,5,2.37177
0.0,14,2.372427
0.0,9,2.372886
0.0,2,2.373039
0.0,4,2.373275
0.0,1,2.373385
0.0,9,2.373846
0.0,5,2.374126
0.0,1,2.374236
0.0,4,2.374476
0.0,12,2.375067
0.0,24,2.376167
0.0,5,2.376448
0.0,3,2.376658
0.0,3,2.376854
0.0,4,2.377092
0.0,3,2.377286
0.0,13,2.377917
0.0,3,2.378114
0.0,10,2.378623
0.0,6,2.378946
0.0,17,2.379745
0.0,5,2.380028
0.0,14,2.380709
0.0,3,2.380908
0.0,7,2.381287
0.0,1,2.381395
0.0,7,2.381777
0.0,8,2.382189
0.0,10,2.382697
0.0,30,2.384051
0.0,13,2.384686
0.0,8,2.385101
0.0,2,2.385254
0.0,26,2.386429
0.0,10,2.386937
0.0,19,2.387886
0.0,7,2.388258
0.0,33,2.389748
0.0,20,2.39068
0.0,6,2.391003
0.0,35,2.392578
0.0,4,2.392818
0.0,2,2.39297
0.0,8,2.39338
0.0,2,2.393547
0.0,5,2.39383
0.0,1,2.393938
0.0,3,2.394135
0.0,2,2.394287
0.0,9,2.394746
0.0,5,2.395031
0.0,18,2.39588
0.0,1,2.395993
0.0,31,2.397392
0.0,4,2.397646
0.0,19,2.398537
0.0,11,2.39907
0.0,3,2.399268
0.0,17,2.400074
0.0,22,2.401087
0.0,14,2.401765
0.0,10,2.402256
0.0,31,2.403658
0.0,7,2.404025
0.0,13,2.404653
0.0,4,2.404892
0.0,13,2.405545
0.0,1,2.405655
0.0,11,2.40621
0.0,1,2.406319
0.0,5,2.406616
0.0,3,2.406813
0.0,6,2.407138
1.0,24,2.40823
0.0,7,2.408611
0.0,14,2.409269
0.0,20,2.410193
0.0,12,2.410788
0.0,4,2.41103
0.0,22,2.41205
0.0,20,2.412977
0.0,3,2.413174
0.0,2,2.413328
0.0,7,2.41371
0.0,17,2.414516
0.0,1,2.414626
0.0,6,2.414953
0.0,9,2.415406
0.0,6,2.415741
0.0,9,2.416192
0.0,16,2.416956
0.0,8,2.417365
0.0,7,2.417741
0.0,13,2.418361
0.0,3,2.418571
0.0,13,2.41919
0.0,11,2.419733
0.0,14,2.420397
0.0,22,2.421403
0.0,1,2.421524
0.0,5,2.421808
0.0,3,2.422002
0.0,5,2.422286
0.0,1,2.422396
0.0,8,2.422815
0.0,13,2.423436
0.0,8,2.423853
0.0,8,2.424268
0.0,7,2.424644
0.0,8,2.42505
0.0,9,2.425506
0.0,2,2.425662
0.0,8,2.426071
0.0,9,2.426536
0.0,11,2.427071
0.0,8,2.427479
1.0,12,2.428066
0.0,2,2.42822
0.0,7,2.428595
0.0,7,2.428963
0.0,5,2.429243
0.0,6,2.42958
0.0,5,2.429869
0.0,7,2.430238
0.0,16,2.430993
0.0,5,2.431273
0.0,11,2.431812
0.0,6,2.432135
0.0,17,2.43294
0.0,3,2.433137
0.0,9,2.433597
0.0,10,2.434093
0.0,3,2.434288
0.0,4,2.434534
0.0,6,2.434857
0.0,18,2.435699
0.0,11,2.436241
0.0,17,2.437058
0.0,5,2.437345
0.0,16,2.438103
0.0,1,2.438213
0.0,13,2.43885
0.0,1,2.43896
0.0,3,2.439155
0.0,13,2.439793
0.0,8,2.440206
0.0,10,2.440715
0.0,26,2.441893
0.0,20,2.442827
0.0,5,2.443109
0.0,4,2.443348
0.0,35,2.44492
0.0,26,2.446107
0.0,4,2.446346
0.0,20,2.44728
0.0,8,2.447699
0.0,11,2.448236
0.0,11,2.448778
0.0,11,2.449313
0.0,2,2.449464
0.0,15,2.450173
0.0,10,2.450673
0.0,9,2.451123
0.0,9,2.451586
0.0,4,2.451825
0.0,30,2.453178
0.0,23,2.454235
0.0,3,2.454435
0.0,7,2.45481
0.0,4,2.455049
0.0,2,2.455203
0.0,7,2.455581
0.0,1,2.455691
0.0,2,2.455842
0.0,21,2.456818
0.0,9,2.457269
0.0,17,2.458072
0.0,4,2.458313
0.0,30,2.459673
0.0,12,2.460249
0.0,7,2.46063
0.0,1,2.46074
0.0,4,2.460982
0.0,3,2.461177
0.0,9,2.461639
0.0,1,2.461751
0.0,5,2.462033
0.0,2,2.462186
0.0,66,2.46508
0.0,14,2.465755
0.0,4,2.465995
0.0,12,2.466591
0.0,6,2.466915
0.0,6,2.467242
0.0,21,2.468215
0.0,2,2.468371
0.0,18,2.469221
0.0,5,2.469515
0.0,17,2.47031
0.0,6,2.470645
0.0,13,2.471265
0.0,8,2.471682
0.0,7,2.472051
0.0,32,2.473483
0.0,5,2.473778
0.0,25,2.47492
0.0,12,2.475508
0.0,5,2.475795
1.0,16,2.476555
0.0,13,2.477175
0.0,6,2.477511
0.0,2,2.477668
0.0,1,2.477775
0.0,3,2.477969
0.0,15,2.478687
0.0,4,2.478926
0.0,2,2.479078
0.0,26,2.480259
1.0,16,2.481032
0.0,4,2.48127
0.0,9,2.481733
0.0,8,2.482148
0.0,26,2.48333
0.0,28,2.484612
0.0,4,2.484851
0.0,7,2.485218
0.0,9,2.485686
0.0,7,2.486055
0.0,2,2.486207
0.0,3,2.486403
1.0,12,2.487
0.0,6,2.487324
0.0,2,2.487477
0.0,14,2.488145
0.0,8,2.488564
0.0,6,2.488891
0.0,11,2.489426
0.0,26,2.490613
0.0,9,2.491069
0.0,9,2.49153
0.0,26,2.492723
0.0,5,2.493005
0.0,8,2.493411
0.0,9,2.49387
0.0,10,2.494364
0.0,8,2.494785
0.0,15,2.495503
0.0,51,2.497844
0.0,9,2.498302
0.0,8,2.498722
0.0,7,2.499088
0.0,9,2.499554
0.0,6,2.499876
0.0,1,2.499986
0.0,7,2.50035
0.0,10,2.500859
0.0,6,2.501184
0.0,4,2.50142
0.0,15,2.502138
0.0,28,2.503409
0.0,7,2.503787
0.0,6,2.504113
0.0,11,2.504659
0.0,34,2.506183
0.0,14,2.506867
0.0,4,2.507106
0.0,21,2.508083
1.0,42,2.509948
0.0,3,2.510145
0.0,17,2.510945
0.0,7,2.511314
0.0,6,2.511651
0.0,17,2.512442
0.0,3,2.512649
0.0,10,2.513141
0.0,11,2.513689
0.0,6,2.514015
0.0,12,2.514606
1.0,9,2.515064
0.0,3,2.515257
0.0,7,2.515632
0.0,2,2.515788
0.0,11,2.516323
0.0,2,2.516474
0.0,1,2.516599
0.0,8,2.517005
0.0,2,2.51716
0.0,5,2.517445
0.0,17,2.518236
0.0,9,2.518701
0.0,18,2.519538
0.0,4,2.519776
1.0,6,2.520101
0.0,21,2.521069
0.0,4,2.521307
0.0,3,2.521516
0.0,11,2.522054
1.0,29,2.523364
0.0,5,2.523658
0.0,3,2.523858
0.0,9,2.524307
0.0,2,2.524462
0.0,1,2.524579
0.0,12,2.525162
0.0,4,2.525401
0.0,14,2.526075
0.0,9,2.526541
0.0,9,2.52699
0.0,11,2.527529
1.0,8,2.52794
0.0,9,2.528392
0.0,7,2.528767
0.0,6,2.529091
0.0,7,2.529454
0.0,8,2.529874
0.0,18,2.530719
0.0,4,2.530958
0.0,19,2.531843
0.0,10,2.532337
0.0,6,2.532675
0.0,6,2.533011
0.0,1,2.533121
1.0,20,2.534041
0.0,43,2.535944
0.0,21,2.536923
0.0,5,2.537206
0.0,9,2.537668
0.0,9,2.538121
0.0,21,2.539088
0.0,11,2.539638
0.0,6,2.539961
0.0,2,2.540113
0.0,3,2.540308
0.0,11,2.540855
0.0,7,2.541223
0.0,16,2.541978
0.0,16,2.542738
0.0,19,2.543627
0.0,21,2.544602
0.0,5,2.544887
0.0,2,2.545041
0.0,2,2.545197
0.0,2,2.54535
0.0,11,2.545895
0.0,3,2.546092
0.0,5,2.546373
0.0,3,2.546588
0.0,20,2.547515
0.0,6,2.547841
0.0,5,2.548125
0.0,3,2.548321
0.0,3,2.548529
0.0,9,2.548988
0.0,9,2.549441
0.0,1,2.549559
0.0,3,2.549755
0.0,14,2.550413
1.0,11,2.550962
0.0,4,2.551203
0.0,17,2.552004
0.0,3,2.552204
0.0,2,2.552358
0.0,6,2.552694
0.0,5,2.552976
0.0,11,2.553527
0.0,4,2.553769
0.0,11,2.554306
0.0,18,2.555153
0.0,2,2.555309
0.0,13,2.555946
0.0,8,2.55636
0.0,15,2.557084
0.0,9,2.557548
0.0,10,2.558042
0.0,4,2.55828
0.0,6,2.558619
0.0,6,2.558942
0.0,5,2.559221
0.0,1,2.559329
0.0,17,2.560132
0.0,5,2.56042
0.0,6,2.560754
0.0,2,2.560907
0.0,6,2.561232
0.0,8,2.561659
0.0,22,2.562666
0.0,17,2.563461
0.0,12,2.564047
0.0,9,2.564511
0.0,3,2.564708
0.0,2,2.56486
0.0,1,2.564968
0.0,10,2.565465
0.0,3,2.565669
0.0,23,2.566732
0.0,2,2.56689
0.0,1,2.566997
0.0,17,2.567802
0.0,9,2.568258
0.0,6,2.568594
0.0,1,2.568706
0.0,2,2.568859
0.0,2,2.56901
0.0,29,2.570313
0.0,12,2.570906
0.0,3,2.571105
0.0,9,2.571569
0.0,4,2.57181
0.0,10,2.572301
0.0,9,2.572767
0.0,1,2.572876
0.0,3,2.573071
0.0,4,2.573308
0.0,6,2.573644
0.0,2,2.573798
0.0,16,2.574555
0.0,9,2.575011
0.0,2,2.575164
0.0,1,2.575274
0.0,19,2.576156
0.0,20,2.577094
0.0,6,2.577423
0.0,8,2.577847
0.0,1,2.577957
0.0,1,2.578065
0.0,15,2.578781
0.0,7,2.579149
0.0,5,2.579428
0.0,7,2.579808
0.0,16,2.580568
0.0,5,2.58085
0.0,3,2.581047
0.0,10,2.581548
0.0,3,2.581747
0.0,3,2.581944
0.0,5,2.582226
0.0,5,2.582518
0.0,13,2.583145
0.0,6,2.583471
0.0,10,2.583971
0.0,18,2.584814
0.0,22,2.585826
0.0,6,2.586153
0.0,3,2.586348
0.0,8,2.586772
0.0,4,2.587011
0.0,6,2.587335
0.0,10,2.58784
0.0,10,2.588331
0.0,8,2.588747
0.0,5,2.589032
0.0,3,2.58923
0.0,8,2.589647
0.0,9,2.590098
0.0,4,2.590338
0.0,19,2.591224
0.0,8,2.591647
0.0,18,2.592473
0.0,12,2.593064
0.0,4,2.593302
0.0,16,2.594065
0.0,17,2.594872
0.0,16,2.595632
0.0,1,2.595798
0.0,27,2.597034
0.0,3,2.597237
0.0,1,2.597345
0.0,12,2.597933
0.0,4,2.598173
1.0,8,2.59859
0.0,18,2.599426
0.0,29,2.600749
0.0,3,2.60095
0.0,9,2.601397
0.0,17,2.602203
0.0,18,2.603046
0.0,16,2.603803
0.0,6,2.604133
0.0,11,2.604682
0.0,13,2.605301
0.0,6,2.605638
0.0,10,2.606134
0.0,4,2.606375
0.0,14,2.607056
0.0,5,2.607345
0.0,1,2.607453
0.0,1,2.607569
0.0,7,2.607937
0.0,3,2.608135
0.0,23,2.609184
0.0,6,2.609524
0.0,6,2.609849
0.0,6,2.610173
0.0,4,2.610411
0.0,18,2.611257
0.0,2,2.61141
0.0,6,2.611747
0.0,12,2.612326
0.0,7,2.612706
0.0,21,2.613678
0.0,3,2.613877
0.0,18,2.614716
0.0,41,2.616542
0.0,4,2.616786
0.0,5,2.617069
1.0,16,2.61783
0.0,8,2.618243
0.0,9,2.618704
0.0,9,2.61916
0.0,19,2.620048
0.0,10,2.620559
1.0,14,2.621216
0.0,7,2.62159
0.0,3,2.621789
0.0,18,2.622627
0.0,22,2.62364
0.0,8,2.624049
0.0,6,2.624376
0.0,6,2.624711
0.0,3,2.624907
0.0,2,2.625063
0.0,14,2.625735
0.0,1,2.625845
0.0,13,2.626468
0.0,4,2.62672
0.0,1,2.626828
0.0,11,2.627364
0.0,14,2.628039
0.0,2,2.628196
0.0,1,2.628304
0.0,1,2.628411
0.0,4,2.628659
0.0,10,2.629155
0.0,11,2.6297
0.0,12,2.630279
0.0,1,2.63039
0.0,18,2.631232
0.0,6,2.631567
0.0,4,2.631808
0.0,38,2.633509
0.0,2,2.633664
0.0,7,2.63403
0.0,1,2.634141
0.0,4,2.634378
0.0,1,2.634494
0.0,8,2.634906
0.0,29,2.636212
0.0,10,2.636726
1.0,24,2.637818
0.0,14,2.638479
0.0,6,2.638815
0.0,20,2.639744
0.0,2,2.639899
0.0,14,2.640589
0.0,7,2.640956
0.0,4,2.641193
0.0,12,2.641779
0.0,3,2.641975
0.0,3,2.642169
0.0,2,2.64232
0.0,11,2.642865
0.0,25,2.644012
0.0,6,2.644339
0.0,1,2.644449
0.0,4,2.644696
0.0,18,2.645541
0.0,9,2.645995
0.0,6,2.646317
0.0,4,2.646574
0.0,8,2.646983
0.0,5,2.647261
0.0,2,2.647413
0.0,14,2.648097
0.0,15,2.648819
0.0,8,2.649231
0.0,10,2.649734
0.0,17,2.650535
0.0,14,2.651197
0.0,3,2.651392
0.0,3,2.651599
0.0,14,2.652265
0.0,5,2.652557
1.0,18,2.653394
0.0,6,2.65373
0.0,12,2.654308
0.0,1,2.654418
0.0,12,2.655006
0.0,18,2.655853
0.0,8,2.656269
0.0,14,2.65695
0.0,3,2.657152
0.0,5,2.657434
0.0,33,2.658921
0.0,8,2.659332
0.0,1,2.659442
0.0,31,2.66084
0.0,6,2.661166
0.0,15,2.661884
0.0,6,2.662227
0.0,7,2.662601
0.0,8,2.663009
0.0,1,2.663117
0.0,6,2.663445
0.0,11,2.663991
0.0,4,2.664232
0.0,20,2.665155
0.0,6,2.665478
0.0,21,2.666449
0.0,6,2.666785
1.0,8,2.667194
0.0,13,2.667832
0.0,6,2.668162
0.0,9,2.668624
0.0,28,2.669891
1.0,8,2.670299
0.0,5,2.670587
0.0,19,2.671466
0.0,5,2.671757
0.0,1,2.671865
0.0,17,2.672667
1.0,17,2.673454
0.0,10,2.673955
0.0,8,2.674361
0.0,13,2.674996
0.0,5,2.675278
0.0,10,2.675779
0.0,2,2.675933
0.0,10,2.676425
1.0,15,2.67714
0.0,5,2.677424
0.0,8,2.677844
0.0,5,2.678125
0.0,6,2.678448
0.0,13,2.679075
1.0,13,2.679706
0.0,10,2.6802
0.0,8,2.680619
0.0,55,2.683032
0.0,20,2.683958
0.0,17,2.684758
0.0,2,2.684916
0.0,35,2.68648
0.0,10,2.686996
0.0,6,2.687317
0.0,5,2.687607
0.0,19,2.688478
0.0,3,2.688684
0.0,11,2.689219
1.0,26,2.690405
0.0,9,2.69087
0.0,11,2.691403
0.0,6,2.691738
1.0,10,2.692233
0.0,4,2.692469
0.0,4,2.692717
0.0,5,2.692999
0.0,5,2.693284
0.0,5,2.693578
0.0,10,2.694072
0.0,20,2.694996
0.0,5,2.695281
0.0,13,2.695914
0.0,6,2.696243
0.0,13,2.696879
0.0,6,2.697206
0.0,10,2.697708
0.0,8,2.698118
0.0,18,2.698969
0.0,3,2.699165
0.0,15,2.699897
0.0,2,2.700051
0.0,4,2.700289
0.0,14,2.700964
0.0,4,2.701262
0.0,3,2.701461
0.0,6,2.701795
0.0,1,2.701905
0.0,10,2.702401
0.0,2,2.702567
0.0,6,2.702893
0.0,12,2.70347
0.0,2,2.703631
0.0,11,2.704167
0.0,13,2.704802
0.0,4,2.705042
1.0,9,2.705503
0.0,3,2.705703
0.0,2,2.705856
0.0,29,2.707171
0.0,9,2.707639
0.0,2,2.707793
0.0,16,2.708549
0.0,32,2.709987
0.0,14,2.710673
0.0,8,2.711081
0.0,3,2.711279
0.0,5,2.711574
0.0,5,2.711858
0.0,8,2.712267
0.0,23,2.713314
0.0,7,2.713693
0.0,17,2.714494
0.0,3,2.714693
0.0,3,2.714888
0.0,8,2.715294
1.0,11,2.715841
0.0,11,2.716375
0.0,8,2.716803
1.0,23,2.717868
0.0,3,2.718065
0.0,8,2.718471
0.0,11,2.719019
0.0,4,2.719257
0.0,6,2.719597
0.0,20,2.72053
0.0,14,2.721199
0.0,6,2.721532
0.0,2,2.721686
0.0,10,2.722179
0.0,14,2.722861
0.0,9,2.723315
0.0,8,2.723737
0.0,5,2.724022
0.0,8,2.72443
0.0,1,2.724547
0.0,10,2.725042
0.0,3,2.725237
0.0,15,2.725952
0.0,1,2.726061
0.0,8,2.726466
0.0,7,2.726848
0.0,2,2.727003
0.0,29,2.728317
0.0,12,2.728911
0.0,4,2.729154
0.0,3,2.729352
0.0,4,2.7296
0.0,26,2.730776
0.0,4,2.731017
0.0,25,2.732158
0.0,1,2.732268
0.0,2,2.732422
0.0,9,2.732887
0.0,10,2.733381
0.0,15,2.734097
0.0,5,2.734379
0.0,7,2.734752
0.0,3,2.734949
0.0,5,2.735232
0.0,9,2.73569
0.0,1,2.7358
0.0,4,2.736037
0.0,3,2.736231
0.0,4,2.736472
0.0,1,2.736596
0.0,5,2.736876
0.0,4,2.737117
0.0,7,2.737484
0.0,10,2.737986
0.0,15,2.738704
0.0,2,2.73886
0.0,4,2.739099
0.0,2,2.739251
0.0,13,2.739883
0.0,1,2.739993
0.0,6,2.740315
0.0,6,2.740648
0.0,15,2.741356
0.0,10,2.741864
0.0,1,2.741974
1.0,10,2.742463
0.0,8,2.742883
0.0,1,2.742992
0.0,11,2.743538
0.0,24,2.744641
0.0,10,2.745135
0.0,5,2.74542
0.0,15,2.746135
1.0,14,2.746815
0.0,19,2.747702
0.0,9,2.748159
0.0,7,2.748534
0.0,34,2.750048
0.0,22,2.751067
0.0,4,2.751307
0.0,2,2.751461
0.0,1,2.751576
0.0,13,2.752195
0.0,7,2.752571
0.0,13,2.753196
0.0,3,2.753392
0.0,9,2.753858
0.0,4,2.754099
0.0,5,2.754381
0.0,10,2.75488
0.0,12,2.755457
0.0,1,2.755575
0.0,11,2.756112
0.0,2,2.756267
0.0,22,2.757294
0.0,2,2.757451
0.0,6,2.757783
0.0,9,2.758235
0.0,25,2.759375
0.0,7,2.759759
0.0,9,2.760215
0.0,15,2.760933
0.0,8,2.76134
0.0,6,2.761674
0.0,10,2.762167
0.0,9,2.762636
0.0,9,2.763093
0.0,7,2.763465
0.0,21,2.764435
0.0,11,2.764986
0.0,5,2.76527
0.0,4,2.765517
0.0,14,2.766181
0.0,4,2.76642
0.0,19,2.767309
0.0,10,2.767819
0.0,9,2.768269
0.0,4,2.768516
1.0,15,2.769233
1.0,17,2.770041
0.0,3,2.770241
0.0,26,2.771425
0.0,25,2.772572
0.0,14,2.773234
0.0,14,2.773908
0.0,17,2.77471
0.0,1,2.77482
0.0,2,2.774974
0.0,4,2.775213
0.0,4,2.775453
0.0,7,2.775827
0.0,17,2.776642
0.0,5,2.776927
0.0,15,2.777644
0.0,6,2.777968
0.0,5,2.778252
0.0,1,2.77836
0.0,10,2.778865
0.0,4,2.779106
0.0,1,2.779213
0.0,1,2.77932
0.0,6,2.779658
0.0,14,2.78032
0.0,15,2.781041
0.0,19,2.781935
0.0,4,2.782175
0.0,5,2.78246
0.0,25,2.783601
0.0,22,2.784617
0.0,10,2.785115
0.0,15,2.785833
0.0,6,2.786163
0.0,1,2.786271
0.0,25,2.787423
0.0,7,2.7878
0.0,4,2.788039
0.0,1,2.788147
0.0,15,2.788859
0.0,13,2.789478
0.0,4,2.789726
0.0,11,2.790258
0.0,7,2.790636
0.0,8,2.791049
0.0,5,2.791331
0.0,5,2.791623
0.0,8,2.792037
0.0,3,2.792231
0.0,8,2.79265
0.0,13,2.793274
0.0,3,2.793469
0.0,5,2.793759
0.0,23,2.794816
0.0,2,2.794973
0.0,7,2.795336
0.0,9,2.795796
0.0,1,2.795909
0.0,10,2.796403
0.0,6,2.796745
0.0,11,2.797287
0.0,3,2.797494
0.0,7,2.797869
0.0,3,2.798065
0.0,1,2.798176
0.0,6,2.798506
1.0,10,2.798995
0.0,5,2.799274
0.0,2,2.799429
0.0,3,2.799636
0.0,14,2.800304
0.0,10,2.800809
0.0,9,2.80126
0.0,18,2.802159
0.0,10,2.802669
0.0,8,2.803081
0.0,5,2.803363
0.0,2,2.803527
0.0,8,2.80394
0.0,21,2.804917
0.0,4,2.805157
0.0,13,2.805784
0.0,1,2.805893
0.0,2,2.806045
0.0,4,2.806282
0.0,5,2.806581
1.0,11,2.807113
0.0,3,2.807307
0.0,6,2.807644
1.0,7,2.808009
0.0,1,2.808116
0.0,1,2.808223
1.0,24,2.80932
0.0,19,2.810209
0.0,26,2.81139
0.0,1,2.811512
0.0,7,2.811887
0.0,11,2.812422
0.0,2,2.812588
0.0,5,2.812873
0.0,22,2.813886
0.0,4,2.814126
0.0,12,2.814714
1.0,6,2.815042
0.0,1,2.815149
0.0,15,2.81587
0.0,14,2.816551
0.0,4,2.816794
0.0,15,2.817515
0.0,14,2.818178
0.0,15,2.818893
0.0,3,2.819093
0.0,1,2.819202
0.0,6,2.819537
0.0,11,2.820073
0.0,14,2.820746
0.0,26,2.821927
0.0,14,2.822598
0.0,1,2.822707
0.0,10,2.8232
0.0,3,2.823398
0.0,8,2.823817
0.0,24,2.824918
0.0,8,2.825331
0.0,14,2.826009
0.0,17,2.826821
0.0,11,2.827363
0.0,1,2.827474
0.0,11,2.828022
0.0,3,2.828217
0.0,1,2.828325
0.0,5,2.828625
1.0,12,2.829203
0.0,1,2.829312
0.0,9,2.829773
0.0,19,2.830664
0.0,21,2.831634
0.0,1,2.831746
0.0,14,2.832412
0.0,3,2.832623
0.0,8,2.833032
0.0,7,2.833398
0.0,2,2.833562
0.0,6,2.833888
0.0,6,2.83421
0.0,10,2.834716
0.0,10,2.83521
0.0,5,2.835502
0.0,7,2.835872
0.0,1,2.83598
0.0,4,2.83622
0.0,18,2.837073
0.0,5,2.837355
0.0,14,2.838031
0.0,5,2.838316
1.0,6,2.838653
0.0,5,2.83894
0.0,10,2.839437
0.0,1,2.839558
0.0,15,2.840268
0.0,15,2.840999
0.0,11,2.841548
0.0,16,2.842299
0.0,9,2.842762
0.0,13,2.843383
0.0,9,2.843845
0.0,6,2.844172
0.0,15,2.844893
0.0,3,2.845092
0.0,1,2.845202
0.0,15,2.845921
0.0,8,2.84633
0.0,1,2.84644
0.0,6,2.846778
0.0,6,2.847102
0.0,6,2.847428
0.0,6,2.84776
0.0,9,2.848212
0.0,5,2.848505
0.0,6,2.848831
0.0,6,2.849152
1.0,18,2.850003
0.0,14,2.85068
0.0,6,2.851003
0.0,10,2.851505
0.0,16,2.852258
0.0,5,2.852552
0.0,6,2.852882
0.0,5,2.853162
0.0,13,2.853792
0.0,33,2.85527
0.0,23,2.856333
0.0,11,2.85689
0.0,1,2.857002
0.0,13,2.857634
0.0,3,2.857833
0.0,15,2.858552
0.0,4,2.858793
0.0,7,2.859162
0.0,15,2.859881
0.0,3,2.860078
0.0,11,2.860626
0.0,14,2.861284
0.0,41,2.863113
0.0,5,2.863398
0.0,9,2.863858
0.0,4,2.864098
0.0,13,2.864732
0.0,9,2.865191
1.0,27,2.866409
0.0,16,2.867176
0.0,7,2.867555
0.0,2,2.867712
0.0,6,2.868037
0.0,6,2.86836
0.0,17,2.869159
0.0,18,2.870002
0.0,4,2.870244
0.0,27,2.871468
0.0,15,2.872178
0.0,5,2.872457
0.0,7,2.872829
0.0,5,2.873117
0.0,3,2.873314
0.0,13,2.873957
0.0,2,2.874111
0.0,4,2.874349
0.0,24,2.875443
0.0,9,2.875901
0.0,15,2.876626
0.0,14,2.877295
0.0,6,2.877631
0.0,6,2.877955
0.0,17,2.878753
0.0,5,2.879035
0.0,8,2.879442
0.0,19,2.880327
0.0,12,2.880917
0.0,2,2.881073
0.0,10,2.881575
0.0,12,2.88215
0.0,8,2.882566
0.0,9,2.88302
0.0,12,2.883605
0.0,4,2.883847
0.0,6,2.884169
0.0,3,2.884363
0.0,19,2.885251
0.0,2,2.885405
0.0,9,2.885867
0.0,1,2.885977
0.0,6,2.886314
0.0,2,2.886466
0.0,14,2.887145
0.0,25,2.888284
0.0,10,2.888792
0.0,15,2.889502
0.0,2,2.889656
0.0,19,2.890544
0.0,5,2.890826
0.0,2,2.890982
0.0,8,2.891388
0.0,6,2.891723
0.0,15,2.892424
0.0,22,2.893434
0.0,14,2.894109
0.0,4,2.894349
0.0,2,2.894515
0.0,13,2.895141
0.0,5,2.895429
0.0,9,2.895889
0.0,5,2.89617
0.0,14,2.896852
0.0,3,2.897052
0.0,15,2.897774
0.0,6,2.898099
0.0,23,2.899149
0.0,16,2.899911
0.0,7,2.900276
0.0,2,2.900431
0.0,14,2.901105
0.0,2,2.901262
0.0,4,2.901508
0.0,6,2.901836
0.0,5,2.902115
0.0,4,2.902422
0.0,6,2.902761
0.0,7,2.903126
0.0,14,2.903803
0.0,7,2.90417
0.0,21,2.905139
0.0,13,2.905774
0.0,14,2.906436
0.0,12,2.907034
0.0,9,2.907483
0.0,6,2.907817
0.0,4,2.908055
0.0,9,2.908516
0.0,14,2.909185
0.0,5,2.909466
0.0,4,2.909716
0.0,4,2.909954
0.0,5,2.910233
0.0,2,2.910385
0.0,16,2.911142
0.0,20,2.912076
0.0,5,2.912364
0.0,18,2.913209
0.0,26,2.9144
0.0,16,2.91517
0.0,8,2.915592
0.0,12,2.916175
0.0,4,2.916413
0.0,6,2.916753
0.0,11,2.91729
0.0,10,2.917793
0.0,1,2.917902
0.0,13,2.918537
0.0,14,2.919196
0.0,6,2.919532
0.0,9,2.919989
0.0,4,2.920227
0.0,10,2.920735
0.0,2,2.92089
0.0,9,2.921343
0.0,9,2.921803
0.0,2,2.921957
0.0,14,2.922627
1.0,19,2.923518
0.0,31,2.924911
0.0,2,2.92507
0.0,5,2.925352
0.0,11,2.925904
0.0,9,2.926357
0.0,5,2.926657
0.0,1,2.926767
0.0,26,2.927951
0.0,4,2.92819
0.0,6,2.928527
0.0,13,2.929153
0.0,14,2.929831
0.0,8,2.930243
0.0,9,2.930703
0.0,34,2.932221
0.0,7,2.932603
0.0,2,2.932757
0.0,7,2.93312
0.0,8,2.93354
0.0,5,2.933823
0.0,31,2.935216
0.0,4,2.935456
0.0,6,2.935791
0.0,13,2.936408
0.0,22,2.937422
0.0,7,2.937801
0.0,7,2.938172
1.0,10,2.938676
0.0,5,2.938956
0.0,11,2.939501
0.0,3,2.9397
0.0,8,2.940106
0.0,11,2.940658
0.0,3,2.940858
0.0,8,2.941266
0.0,5,2.941558
0.0,12,2.942131
0.0,7,2.942503
0.0,3,2.942699
0.0,4,2.942939
0.0,9,2.943386
0.0,8,2.943802
0.0,8,2.944213
0.0,15,2.944926
0.0,4,2.945168
0.0,8,2.945586
0.0,9,2.946035
0.0,22,2.94705
0.0,1,2.94716
0.0,5,2.94744
0.0,11,2.94799
0.0,5,2.948273
0.0,7,2.948651
0.0,17,2.949439
0.0,9,2.949899
0.0,4,2.95014
0.0,4,2.950378
0.0,17,2.951184
0.0,11,2.951736
0.0,2,2.951893
0.0,21,2.952863
0.0,22,2.953876
0.0,11,2.954416
0.0,7,2.954791
0.0,7,2.95516
0.0,4,2.955399
0.0,20,2.956324
0.0,6,2.956668
0.0,11,2.957211
0.0,1,2.957321
0.0,5,2.957612
0.0,4,2.957853
0.0,5,2.958137
0.0,14,2.958809
0.0,5,2.959098
0.0,3,2.959292
0.0,18,2.960129
0.0,8,2.960553
0.0,7,2.960921
0.0,1,2.961029
0.0,21,2.961994
1.0,14,2.96267
0.0,14,2.96333
0.0,15,2.964045
0.0,11,2.964591
0.0,13,2.965212
0.0,19,2.966104
0.0,9,2.966573
0.0,1,2.966682
0.0,14,2.967343
0.0,5,2.967638
0.0,4,2.967877
0.0,9,2.968327
0.0,2,2.968481
0.0,8,2.968898
0.0,7,2.969266
0.0,6,2.9696
0.0,11,2.97014
0.0,6,2.970462
0.0,13,2.971094
0.0,8,2.971512
0.0,3,2.971708
0.0,15,2.972414
0.0,9,2.972872
0.0,5,2.973155
0.0,13,2.973786
0.0,19,2.974681
0.0,36,2.976279
0.0,13,2.97692
0.0,16,2.977679
0.0,7,2.978046
0.0,13,2.978679
0.0,6,2.979007
0.0,11,2.979554
0.0,41,2.981375
0.0,3,2.981585
0.0,16,2.982335
0.0,47,2.984412
0.0,6,2.984751
0.0,13,2.985368
0.0,10,2.985878
0.0,4,2.986122
1.0,6,2.986447
0.0,18,2.987289
0.0,2,2.987444
0.0,20,2.988366
0.0,29,2.98969
0.0,10,2.990181
0.0,10,2.990687
0.0,8,2.991094
0.0,2,2.991248
0.0,8,2.991669
0.0,13,2.992294
0.0,46,2.994329
0.0,26,2.995517
0.0,12,2.996095
0.0,6,2.996419
0.0,3,2.996633
0.0,22,2.997648
0.0,5,2.997932
0.0,4,2.998172
0.0,15,2.998894
0.0,17,2.999697
0.0,32,3.001127
0.0,7,3.001505
0.0,4,3.001748
0.0,2,3.0019
0.0,23,3.002959
0.0,6,3.003284
0.0,1,3.003395
0.0,1,3.003512
0.0,4,3.00375
0.0,5,3.004035
0.0,16,3.004796
0.0,31,3.006187
0.0,9,3.006658
0.0,18,3.007496
0.0,3,3.007694
0.0,4,3.007938
0.0,9,3.008385
0.0,13,3.009019
0.0,6,3.009346
0.0,17,3.01015
0.0,8,3.010575
0.0,2,3.010731
0.0,11,3.011263
0.0,11,3.011808
0.0,20,3.012798
0.0,20,3.013729
0.0,8,3.014142
0.0,3,3.01434
0.0,8,3.014762
0.0,12,3.015346
0.0,3,3.015557
0.0,5,3.015856
0.0,5,3.016137
0.0,19,3.017036
0.0,10,3.017546
0.0,31,3.018942
0.0,18,3.019787
1.0,8,3.020194
0.0,20,3.021125
0.0,24,3.022232
0.0,23,3.023297
0.0,10,3.023807
0.0,8,3.024217
0.0,5,3.024505
0.0,16,3.025256
0.0,4,3.025506
0.0,2,3.025659
1.0,13,3.026282
0.0,12,3.026879
0.0,1,3.026989
0.0,15,3.027708
0.0,7,3.028074
0.0,30,3.029439
0.0,11,3.029987
0.0,14,3.030662
0.0,6,3.030988
0.0,10,3.031484
0.0,16,3.032241
0.0,2,3.032396
0.0,14,3.033074
0.0,37,3.034728
0.0,3,3.034927
0.0,19,3.035815
1.0,18,3.036671
0.0,5,3.036953
0.0,2,3.037106
0.0,13,3.037739
0.0,36,3.039345
0.0,18,3.040195
0.0,2,3.04035
0.0,12,3.040946
0.0,1,3.041055
0.0,5,3.041341
0.0,3,3.041548
0.0,6,3.041877
0.0,9,3.042339
0.0,15,3.043054
0.0,21,3.044032
0.0,10,3.044535
0.0,6,3.044859
0.0,1,3.044968
0.0,9,3.045418
0.0,6,3.045751
0.0,27,3.04698
0.0,3,3.04718
0.0,7,3.047558
0.0,5,3.047843
0.0,10,3.048334
0.0,14,3.049021
0.0,19,3.049914
0.0,17,3.050725
0.0,2,3.050879
0.0,4,3.051118
0.0,1,3.051226
0.0,8,3.051644
0.0,9,3.052096
0.0,6,3.052423
0.0,4,3.05268
0.0,12,3.053262
0.0,16,3.054018
0.0,9,3.054471
0.0,7,3.054848
0.0,12,3.055424
0.0,23,3.056476
0.0,2,3.056647
1.0,26,3.057826
0.0,12,3.05841
0.0,12,3.058996
0.0,4,3.059235
0.0,10,3.059742
0.0,8,3.060153
0.0,11,3.060702
0.0,8,3.06111
0.0,10,3.061613
0.0,19,3.062501
0.0,16,3.063249
0.0,1,3.063358
0.0,3,3.063564
0.0,6,3.063887
0.0,9,3.064337
0.0,15,3.065057
1.0,21,3.066028
0.0,9,3.066476
0.0,20,3.067409
1.0,9,3.06787
0.0,9,3.06832
0.0,8,3.068743
0.0,4,3.068982
0.0,6,3.069303
0.0,7,3.069676
0.0,13,3.070297
0.0,6,3.070636
0.0,4,3.070875
0.0,2,3.07103
0.0,22,3.072043
0.0,18,3.072887
0.0,19,3.073771
0.0,2,3.073927
0.0,1,3.074035
0.0,23,3.075083
0.0,10,3.07559
0.0,10,3.076083
0.0,5,3.076363
0.0,18,3.077207
0.0,1,3.077319
0.0,11,3.077863
0.0,12,3.078437
0.0,6,3.078768
0.0,3,3.078968
0.0,5,3.07925
0.0,10,3.079757
0.0,2,3.079911
0.0,1,3.080021
0.0,6,3.080342
0.0,15,3.081057
0.0,5,3.081339
0.0,13,3.081969
0.0,15,3.082681
0.0,10,3.083177
0.0,10,3.083685
0.0,7,3.084054
0.0,11,3.084602
1.0,14,3.085265
0.0,12,3.085852
0.0,2,3.086007
0.0,2,3.086161
0.0,2,3.086313
0.0,4,3.086571
0.0,6,3.086897
0.0,21,3.087862
0.0,13,3.08848
0.0,4,3.088731
0.0,6,3.089058
0.0,27,3.090283
0.0,28,3.091558
0.0,13,3.092175
0.0,4,3.092413
0.0,7,3.092791
0.0,34,3.094312
0.0,14,3.094989
0.0,7,3.095358
1.0,24,3.096448
0.0,2,3.096618
0.0,23,3.097676
0.0,21,3.098653
0.0,3,3.098851
0.0,2,3.099004
0.0,8,3.099415
0.0,3,3.099624
0.0,21,3.100594
0.0,26,3.101774
0.0,2,3.101929
0.0,17,3.102732
0.0,2,3.102888
0.0,12,3.103465
0.0,7,3.103838
0.0,3,3.104035
0.0,3,3.10423
1.0,19,3.105108
0.0,7,3.105472
1.0,17,3.106266
0.0,2,3.106421
0.0,10,3.106928
0.0,18,3.107773
0.0,32,3.109209
0.0,5,3.109502
0.0,3,3.109704
0.0,3,3.109899
0.0,14,3.110568
1.0,23,3.111617
0.0,5,3.111899
0.0,34,3.113425
0.0,7,3.113802
0.0,16,3.114569
0.0,19,3.115447
0.0,7,3.115823
0.0,1,3.115932
0.0,29,3.117242
0.0,16,3.118008
0.0,10,3.118509
0.0,2,3.118665
0.0,8,3.119072
0.0,1,3.11918
0.0,3,3.119374
0.0,12,3.119964
0.0,4,3.120202
0.0,6,3.120534
0.0,4,3.120772
0.0,16,3.121532
0.0,4,3.121773
0.0,2,3.121983
0.0,1,3.122092
0.0,4,3.122329
0.0,8,3.122753
0.0,8,3.123162
0.0,8,3.123583
0.0,1,3.123694
0.0,42,3.125566
0.0,9,3.126016
0.0,13,3.126654
0.0,28,3.12792
0.0,21,3.128903
0.0,27,3.130138
0.0,4,3.130378
0.0,16,3.131136
0.0,6,3.131464
0.0,10,3.131968
0.0,26,3.133148
0.0,5,3.133433
0.0,6,3.133765
0.0,3,3.133964
0.0,14,3.134638
0.0,8,3.135052
0.0,3,3.135247
0.0,2,3.135399
0.0,9,3.135862
0.0,13,3.13648
0.0,9,3.136948
0.0,5,3.137228
0.0,4,3.137464
0.0,26,3.138665
0.0,5,3.138951
0.0,5,3.139236
0.0,4,3.139474
0.0,4,3.139724
0.0,1,3.139832
0.0,5,3.140113
0.0,5,3.140392
0.0,6,3.140726
0.0,15,3.141433
0.0,10,3.141937
0.0,11,3.142478
0.0,11,3.143018
0.0,7,3.143387
0.0,1,3.143505
0.0,2,3.143657
0.0,2,3.143809
0.0,8,3.144217
0.0,1,3.144326
0.0,5,3.144619
0.0,7,3.14499
0.0,6,3.145332
0.0,6,3.145666
0.0,6,3.145992
0.0,8,3.1464
0.0,15,3.147121
0.0,14,3.147794
0.0,3,3.147993
0.0,17,3.148792
0.0,10,3.149286
0.0,15,3.150005
0.0,4,3.150249
0.0,9,3.150713
0.0,6,3.151037
0.0,3,3.151235
0.0,10,3.151736
0.0,1,3.151846
0.0,8,3.152255
0.0,11,3.1528
0.0,4,3.15304
0.0,1,3.153149
0.0,27,3.154374
0.0,13,3.155009
0.0,11,3.155554
0.0,14,3.156214
0.0,5,3.156516
0.0,7,3.156884
0.0,5,3.157164
0.0,9,3.157626
0.0,8,3.158037
0.0,16,3.158796
0.0,2,3.158952
0.0,10,3.159441
0.0,11,3.159988
0.0,3,3.160185
0.0,4,3.160424
0.0,1,3.160542
0.0,2,3.160697
0.0,6,3.161022
0.0,2,3.161176
0.0,12,3.161766
0.0,5,3.162051
0.0,8,3.162457
0.0,11,3.162995
0.0,5,3.163276
0.0,10,3.163778
0.0,15,3.164484
0.0,14,3.16516
0.0,10,3.165665
0.0,9,3.166122
1.0,11,3.166671
0.0,7,3.167041
0.0,6,3.167362
0.0,7,3.167738
1.0,14,3.168404
0.0,3,3.16861
0.0,7,3.168979
0.0,8,3.169392
0.0,6,3.169725
0.0,4,3.169963
1.0,10,3.170457
0.0,5,3.170743
0.0,5,3.171024
0.0,6,3.171345
0.0,4,3.171593
0.0,3,3.171789
0.0,5,3.172068
0.0,6,3.172389
0.0,27,3.173628
0.0,9,3.174083
0.0,3,3.174281
0.0,5,3.174575
0.0,20,3.175502
0.0,5,3.175788
0.0,4,3.176029
0.0,17,3.176841
1.0,12,3.177422
0.0,10,3.177928
0.0,8,3.178345
0.0,10,3.178848
0.0,8,3.179255
0.0,2,3.179405
0.0,6,3.17974
0.0,6,3.180063
0.0,7,3.180426
0.0,12,3.181013
0.0,6,3.181335
0.0,4,3.181587
0.0,3,3.181783
0.0,25,3.182918
0.0,16,3.183672
0.0,2,3.183826
0.0,2,3.18398
1.0,8,3.184385
0.0,5,3.184673
0.0,5,3.184953
0.0,4,3.185193
0.0,5,3.185475
0.0,7,3.185849
0.0,8,3.186256
1.0,6,3.186594
0.0,26,3.187776
0.0,16,3.188534
0.0,6,3.188858
1.0,18,3.189702
0.0,3,3.189901
0.0,22,3.190919
0.0,18,3.191773
0.0,3,3.191972
0.0,7,3.192339
0.0,4,3.192587
0.0,20,3.193515
0.0,7,3.193882
1.0,15,3.194594
0.0,7,3.194962
0.0,8,3.195373
0.0,5,3.195668
0.0,5,3.195949
0.0,4,3.196187
0.0,6,3.196527
0.0,3,3.196723
0.0,4,3.196959
0.0,29,3.198269
0.0,11,3.198822
0.0,34,3.200338
0.0,1,3.200449
0.0,21,3.20141
0.0,6,3.201743
0.0,13,3.202358
0.0,3,3.202566
0.0,10,3.20306
0.0,16,3.203816
1.0,14,3.204477
0.0,21,3.205443
0.0,8,3.20586
0.0,9,3.206308
0.0,8,3.206736
0.0,11,3.207282
0.0,10,3.207784
0.0,17,3.208587
0.0,6,3.208912
0.0,8,3.209318
0.0,28,3.210593
0.0,9,3.211053
0.0,3,3.211251
0.0,9,3.211711
0.0,5,3.211992
0.0,13,3.212621
0.0,10,3.213116
0.0,17,3.213912
0.0,5,3.214194
0.0,5,3.214477
0.0,1,3.214595
0.0,8,3.215003
0.0,9,3.215453
0.0,23,3.216523
0.0,8,3.216933
0.0,22,3.217945
0.0,1,3.218058
0.0,1,3.218167
0.0,24,3.219265
0.0,5,3.219561
0.0,2,3.219718
0.0,2,3.219871
0.0,19,3.220752
0.0,11,3.221286
0.0,4,3.221534
0.0,29,3.222845
0.0,3,3.223103
0.0,16,3.223861
0.0,6,3.22419
0.0,10,3.224691
0.0,31,3.226083
0.0,8,3.226509
0.0,17,3.2273
0.0,12,3.227888
0.0,1,3.228
0.0,2,3.228152
1.0,19,3.229033
1.0,17,3.229838
0.0,6,3.230161
0.0,11,3.230706
0.0,21,3.231679
0.0,7,3.232048
0.0,15,3.232772
0.0,4,3.233011
0.0,5,3.233292
0.0,16,3.23406
0.0,32,3.235499
0.0,16,3.236251
0.0,11,3.236804
0.0,10,3.237297
0.0,17,3.238091
0.0,11,3.238638
0.0,9,3.23909
0.0,5,3.239373
0.0,4,3.239622
0.0,6,3.239946
1.0,8,3.240354
0.0,4,3.24061
0.0,1,3.24072
0.0,6,3.241045
0.0,1,3.241153
0.0,5,3.241435
0.0,2,3.241597
0.0,10,3.242093
0.0,5,3.242373
0.0,46,3.244409
0.0,2,3.244577
0.0,7,3.244942
0.0,6,3.245265
0.0,3,3.245462
0.0,8,3.245878
0.0,12,3.246455
0.0,3,3.246663
0.0,13,3.247283
0.0,9,3.247756
0.0,23,3.248829
0.0,9,3.249278
0.0,8,3.249701
0.0,1,3.24981
0.0,24,3.250911
0.0,8,3.251323
0.0,2,3.251477
0.0,13,3.252105
0.0,15,3.252819
0.0,6,3.253142
0.0,3,3.253336
0.0,13,3.253964
0.0,1,3.254074
0.0,2,3.254228
0.0,12,3.254813
0.0,18,3.255654
0.0,7,3.256021
0.0,3,3.256216
0.0,26,3.257402
0.0,15,3.258122
0.0,16,3.258883
0.0,4,3.259128
0.0,11,3.259674
0.0,12,3.260252
0.0,6,3.260586
0.0,21,3.261559
0.0,6,3.261885
0.0,14,3.26256
0.0,1,3.26267
0.0,5,3.26295
0.0,7,3.263315
0.0,4,3.263564
0.0,11,3.264106
1.0,19,3.264987
0.0,31,3.266375
0.0,2,3.26656
0.0,2,3.266714
0.0,1,3.266821
0.0,15,3.267538
0.0,1,3.267648
0.0,16,3.268397
0.0,9,3.26886
0.0,7,3.269229
0.0,6,3.269567
0.0,8,3.269978
0.0,3,3.270173
0.0,21,3.271137
0.0,15,3.271855
0.0,20,3.272786
0.0,11,3.273325
0.0,12,3.273912
0.0,11,3.274446
0.0,5,3.274733
0.0,5,3.275013
0.0,4,3.275249
0.0,2,3.2754
0.0,27,3.276653
0.0,6,3.276977
0.0,3,3.277172
0.0,1,3.277282
0.0,7,3.277656
0.0,2,3.277812
0.0,13,3.278435
0.0,47,3.280513
0.0,5,3.280795
0.0,7,3.281159
0.0,5,3.281441
0.0,3,3.281649
0.0,6,3.281976
0.0,24,3.283079
0.0,4,3.283318
0.0,4,3.28357
0.0,27,3.284798
0.0,41,3.286628
0.0,4,3.28687
0.0,28,3.288136
0.0,12,3.288724
0.0,18,3.289564
0.0,1,3.289673
0.0,8,3.290082
0.0,3,3.290279
0.0,1,3.290386
0.0,5,3.290679
0.0,27,3.291907
0.0,1,3.292017
0.0,10,3.292521
0.0,5,3.292802
0.0,1,3.292911
0.0,14,3.293581
0.0,9,3.294029
0.0,4,3.294267
0.0,11,3.294816
0.0,3,3.295014
0.0,1,3.295121
0.0,15,3.295839
0.0,9,3.296288
0.0,17,3.29709
0.0,5,3.297375
0.0,5,3.297665
0.0,8,3.298074
0.0,9,3.298532
0.0,6,3.298859
0.0,62,3.301592
0.0,20,3.302521
0.0,4,3.30276
0.0,2,3.302913
0.0,8,3.303322
0.0,4,3.303573
0.0,12,3.30415
0.0,16,3.304905
0.0,14,3.305577
0.0,45,3.307577
0.0,14,3.30824
0.0,2,3.308395
0.0,4,3.308646
0.0,9,3.309097
0.0,34,3.310631
0.0,30,3.31198
0.0,6,3.312304
0.0,6,3.312637
0.0,9,3.313084
0.0,29,3.314389
0.0,5,3.314685
0.0,4,3.314928
0.0,1,3.315036
0.0,13,3.315667
0.0,6,3.315995
0.0,7,3.316365
1.0,13,3.317001
0.0,5,3.317287
0.0,2,3.317442
0.0,7,3.317815
0.0,11,3.318352
0.0,5,3.318644
0.0,6,3.318971
0.0,1,3.319079
0.0,6,3.319403
0.0,6,3.319739
0.0,3,3.319939
0.0,8,3.320348
0.0,10,3.320853
0.0,17,3.321658
0.0,1,3.321769
0.0,4,3.32201
0.0,3,3.322208
0.0,4,3.322445
0.0,4,3.322694
0.0,16,3.323446
0.0,22,3.32445
0.0,5,3.324744
0.0,5,3.325029
0.0,9,3.325477
0.0,23,3.326556
0.0,35,3.328117
0.0,14,3.328794
0.0,9,3.32925
0.0,12,3.329903
0.0,12,3.33048
0.0,8,3.330899
0.0,5,3.331179
0.0,4,3.331419
1.0,8,3.331841
0.0,12,3.332416
0.0,1,3.332537
0.0,9,3.332989
0.0,5,3.333272
0.0,17,3.334077
0.0,24,3.33518
0.0,10,3.33569
0.0,1,3.335802
0.0,20,3.336735
0.0,10,3.337236
0.0,4,3.337474
0.0,8,3.337894
0.0,25,3.339038
0.0,2,3.339191
0.0,8,3.339616
0.0,7,3.339988
0.0,11,3.340538
0.0,14,3.341203
0.0,2,3.341355
0.0,18,3.342204
0.0,4,3.342444
0.0,4,3.342693
0.0,9,3.343143
0.0,19,3.344033
0.0,5,3.344316
0.0,8,3.344735
0.0,7,3.345105
0.0,26,3.346289
0.0,10,3.3468
0.0,6,3.347124
0.0,13,3.347754
0.0,14,3.348417
0.0,8,3.348838
0.0,7,3.349203
0.0,4,3.349439
0.0,10,3.349939
0.0,5,3.350223
0.0,5,3.350513
0.0,4,3.350752
0.0,1,3.350863
0.0,6,3.351187
0.0,6,3.351519
0.0,17,3.352305
0.0,3,3.352512
0.0,10,3.353008
0.0,10,3.353512
0.0,43,3.355412
0.0,4,3.355666
0.0,16,3.35641
0.0,23,3.35747
0.0,22,3.358484
0.0,4,3.358733
0.0,1,3.35884
0.0,2,3.358992
0.0,7,3.359355
0.0,18,3.360198
0.0,12,3.360795
0.0,11,3.361335
0.0,13,3.361964
0.0,21,3.362929
0.0,21,3.3639
0.0,20,3.364833
0.0,9,3.365285
0.0,9,3.36575
0.0,10,3.36625
0.0,6,3.36659
0.0,4,3.366835
0.0,25,3.367972
0.0,9,3.368425
0.0,1,3.368545
0.0,7,3.368911
0.0,2,3.369066
0.0,3,3.369263
0.0,16,3.370017
0.0,4,3.370256
0.0,4,3.370501
0.0,17,3.371294
0.0,15,3.372007
0.0,5,3.372294
0.0,6,3.372628
0.0,4,3.372866
0.0,4,3.373106
0.0,5,3.373391
0.0,5,3.373683
0.0,4,3.373925
0.0,13,3.37456
0.0,11,3.375093
0.0,16,3.375855
0.0,2,3.37601
0.0,14,3.376697
0.0,3,3.376897
0.0,18,3.377743
0.0,22,3.378765
0.0,19,3.379652
0.0,11,3.380189
0.0,4,3.380426
0.0,5,3.380716
0.0,9,3.381169
0.0,9,3.38163
0.0,19,3.382513
0.0,4,3.382754
0.0,5,3.383033
0.0,3,3.383232
0.0,6,3.383566
0.0,21,3.384531
0.0,18,3.385368
0.0,3,3.385574
0.0,8,3.385982
0.0,11,3.38653
0.0,6,3.386858
0.0,44,3.388812
0.0,10,3.389312
0.0,7,3.389688
0.0,8,3.3901
0.0,12,3.39069
0.0,20,3.391622
0.0,5,3.391907
0.0,1,3.392016
0.0,11,3.392561
0.0,1,3.392673
0.0,7,3.393041
0.0,10,3.393544
0.0,8,3.393957
0.0,16,3.394714
0.0,2,3.394868
0.0,5,3.395161
0.0,12,3.395756
0.0,5,3.396038
0.0,7,3.396406
0.0,7,3.396789
0.0,19,3.397687
0.0,1,3.397799
0.0,6,3.398123
0.0,1,3.398231
0.0,5,3.398521
0.0,4,3.398763
0.0,8,3.399175
0.0,4,3.399412
0.0,29,3.400732
0.0,17,3.401534
0.0,7,3.401902
0.0,30,3.403259
0.0,10,3.403763
0.0,4,3.404002
0.0,6,3.404329
0.0,20,3.405257
0.0,5,3.40555
0.0,3,3.405747
0.0,6,3.40607
0.0,16,3.406837
0.0,3,3.407038
1.0,6,3.40736
1.0,10,3.407864
0.0,6,3.408192
0.0,8,3.408609
0.0,8,3.409021
0.0,15,3.409742
1.0,15,3.410448
0.0,2,3.410611
0.0,51,3.412857
0.0,9,3.413315
0.0,17,3.414111
0.0,2,3.414265
0.0,14,3.414935
0.0,7,3.415303
0.0,25,3.416438
0.0,15,3.417161
0.0,4,3.417403
1.0,12,3.417988
0.0,10,3.418496
0.0,5,3.418781
0.0,4,3.419018
0.0,7,3.419383
0.0,9,3.419849
0.0,8,3.420258
0.0,4,3.420505
0.0,5,3.420789
0.0,12,3.421365
0.0,6,3.421705
0.0,7,3.422071
0.0,10,3.42258
0.0,3,3.422776
0.0,4,3.423014
0.0,5,3.423295
0.0,5,3.423587
0.0,14,3.424249
0.0,4,3.424495
0.0,11,3.42503
0.0,6,3.42535
1.0,16,3.426112
0.0,12,3.426709
0.0,11,3.427242
0.0,6,3.427575
0.0,6,3.427902
0.0,11,3.428437
0.0,8,3.428853
0.0,4,3.429095
0.0,7,3.429461
0.0,10,3.430026
0.0,3,3.430226
0.0,2,3.430379
0.0,15,3.431095
0.0,1,3.431206
0.0,7,3.431582
0.0,5,3.431866
0.0,5,3.432149
0.0,2,3.432301
0.0,25,3.433439
0.0,2,3.433605
0.0,5,3.433888
0.0,14,3.434563
0.0,1,3.434673
0.0,15,3.435378
0.0,21,3.436349
0.0,28,3.437634
0.0,16,3.438376
0.0,43,3.440284
0.0,5,3.440584
0.0,10,3.441082
0.0,8,3.441501
0.0,4,3.441741
0.0,16,3.442494
0.0,1,3.442605
0.0,5,3.442888
1.0,11,3.443424
0.0,1,3.443542
0.0,18,3.444374
0.0,4,3.444622
0.0,39,3.446354
0.0,17,3.447169
0.0,22,3.448188
0.0,25,3.449334
0.0,2,3.449497
0.0,9,3.449952
0.0,6,3.450277
0.0,1,3.450384
0.0,5,3.450678
0.0,16,3.451433
0.0,9,3.451891
0.0,12,3.452463
0.0,11,3.453013
1.0,15,3.453733
0.0,5,3.454019
0.0,21,3.45499
0.0,1,3.4551
0.0,8,3.455524
0.0,10,3.45602
0.0,9,3.456473
0.0,15,3.457195
0.0,10,3.457703
0.0,10,3.458194
0.0,26,3.459374
0.0,2,3.45954
0.0,7,3.459912
0.0,6,3.460235
0.0,5,3.460524
0.0,2,3.460678
0.0,19,3.461565
0.0,4,3.461805
0.0,9,3.462261
0.0,5,3.462554
0.0,25,3.463697
0.0,9,3.464146
0.0,1,3.464254
0.0,3,3.464448
0.0,10,3.464951
0.0,17,3.465746
0.0,8,3.466152
0.0,4,3.466391
0.0,4,3.466648
0.0,1,3.466758
0.0,6,3.467083
0.0,3,3.467279
0.0,1,3.467389
0.0,6,3.467723
0.0,4,3.467964
0.0,11,3.468511
0.0,14,3.469177
0.0,11,3.469723
0.0,2,3.469879
0.0,4,3.470116
0.0,4,3.470353
0.0,9,3.470819
1.0,13,3.471444
0.0,6,3.471778
0.0,3,3.471974
0.0,10,3.472467
0.0,11,3.473011
0.0,3,3.473207
0.0,26,3.474391
0.0,3,3.4746
0.0,17,3.475389
0.0,4,3.475641
0.0,36,3.477251
0.0,13,3.477886
0.0,6,3.478209
0.0,9,3.47867
0.0,2,3.478823
0.0,1,3.478933
0.0,1,3.47904
0.0,13,3.479668
0.0,9,3.48012
0.0,3,3.480315
0.0,16,3.481072
0.0,14,3.481749
0.0,8,3.482157
1.0,30,3.483526
0.0,18,3.484357
0.0,14,3.485029
0.0,6,3.485358
0.0,13,3.485988
0.0,8,3.486396
0.0,15,3.487124
0.0,10,3.487635
0.0,3,3.487835
0.0,16,3.488594
1.0,8,3.489006
0.0,30,3.490355
0.0,14,3.491035
0.0,10,3.491547
0.0,12,3.492127
0.0,9,3.492594
0.0,2,3.49275
0.0,5,3.493029
0.0,9,3.493477
0.0,12,3.49406
0.0,3,3.494257
0.0,9,3.494725
0.0,6,3.495048
0.0,2,3.495199
0.0,2,3.495351
0.0,1,3.495458
0.0,10,3.495959
0.0,4,3.496197
0.0,1,3.496307
0.0,29,3.497635
0.0,7,3.498003
0.0,4,3.49824
0.0,2,3.498392
0.0,1,3.49851
0.0,5,3.49879
0.0,13,3.49941
0.0,3,3.499616
0.0,8,3.500024
0.0,3,3.500219
0.0,21,3.501189
0.0,17,3.501997
0.0,3,3.502195
0.0,9,3.502653
0.0,17,3.503441
0.0,2,3.503603
0.0,3,3.503801
0.0,2,3.503953
0.0,1,3.50406
0.0,5,3.50434
0.0,3,3.504547
0.0,3,3.504746
0.0,3,3.504942
0.0,4,3.505178
0.0,1,3.505286
0.0,18,3.50613
0.0,8,3.50656
0.0,13,3.507182
0.0,6,3.507515
0.0,20,3.508424
0.0,15,3.509134
0.0,33,3.510619
0.0,5,3.510905
0.0,15,3.511625
0.0,4,3.511865
0.0,8,3.512274
0.0,6,3.51261
0.0,35,3.51418
0.0,1,3.514292
0.0,8,3.514716
0.0,6,3.515039
0.0,15,3.515753
0.0,8,3.516181
0.0,5,3.516461
0.0,3,3.51667
0.0,5,3.516954
0.0,1,3.517062
0.0,2,3.517214
0.0,5,3.517506
0.0,6,3.517835
0.0,3,3.51803
1.0,9,3.518481
0.0,13,3.519114
0.0,100,3.523463
0.0,16,3.524214
1.0,12,3.5248
0.0,10,3.525297
0.0,11,3.525847
0.0,1,3.525956
0.0,14,3.526636
0.0,6,3.526962
0.0,6,3.527289
0.0,10,3.527795
0.0,8,3.528206
0.0,2,3.52836
0.0,27,3.529594
0.0,8,3.53006
0.0,8,3.530473
0.0,10,3.530978
0.0,47,3.53306
0.0,22,3.534074
0.0,4,3.534317
0.0,1,3.534425
0.0,2,3.534589
0.0,3,3.534785
0.0,6,3.535109
0.0,15,3.535825
0.0,24,3.53694
0.0,2,3.537097
0.0,1,3.537204
0.0,7,3.53758
0.0,2,3.537737
0.0,23,3.538784
0.0,19,3.53967
0.0,24,3.540766
0.0,13,3.541388
0.0,4,3.541641
0.0,1,3.541751
0.0,11,3.542291
1.0,10,3.542802
0.0,8,3.543214
0.0,3,3.543409
0.0,10,3.54391
0.0,15,3.544626
0.0,2,3.544783
0.0,13,3.545399
0.0,17,3.546197
0.0,25,3.547349
0.0,4,3.5476
0.0,7,3.54797
0.0,3,3.548166
0.0,7,3.54854
0.0,7,3.548904
0.0,4,3.54914
0.0,4,3.549381
0.0,1,3.549497
0.0,21,3.550457
0.0,9,3.550917
1.0,14,3.551589
0.0,3,3.551785
0.0,11,3.552317
0.0,14,3.552993
0.0,2,3.553148
0.0,2,3.5533
0.0,12,3.553892
0.0,2,3.554046
0.0,19,3.554933
0.0,12,3.555527
0.0,8,3.555936
0.0,6,3.556257
0.0,8,3.556684
0.0,6,3.557007
0.0,13,3.55764
0.0,1,3.557752
1.0,12,3.558329
0.0,1,3.558439
0.0,4,3.558688
0.0,12,3.559263
0.0,13,3.559896
0.0,9,3.560349
0.0,14,3.561024
0.0,4,3.561267
0.0,7,3.561649
0.0,19,3.562538
1.0,16,3.563291
0.0,6,3.563623
0.0,5,3.563904
0.0,2,3.564055
0.0,14,3.564732
0.0,3,3.564929
1.0,17,3.565732
0.0,6,3.566057
0.0,8,3.566464
0.0,6,3.566801
0.0,10,3.567297
0.0,10,3.567801
0.0,11,3.568335
0.0,15,3.569053
0.0,7,3.569417
0.0,1,3.569536
0.0,2,3.569692
0.0,28,3.570952
0.0,13,3.571578
0.0,4,3.571818
0.0,8,3.572227
0.0,10,3.572731
0.0,5,3.573015
0.0,2,3.573169
0.0,21,3.57414
0.0,14,3.574814
0.0,9,3.575271
0.0,9,3.575737
0.0,20,3.576671
1.0,27,3.577904
0.0,2,3.578058
0.0,5,3.578336
0.0,5,3.578628
0.0,27,3.579851
0.0,4,3.580093
0.0,7,3.580462
0.0,12,3.581054
0.0,4,3.581295
0.0,2,3.581446
0.0,9,3.581903
0.0,8,3.582313
0.0,15,3.583034
0.0,1,3.583146
0.0,9,3.583608
0.0,12,3.584191
0.0,1,3.584299
0.0,24,3.585386
0.0,16,3.586141
0.0,5,3.586422
0.0,19,3.587313
0.0,13,3.587951
0.0,11,3.588495
0.0,18,3.589332
0.0,16,3.590089
0.0,8,3.590508
0.0,6,3.590832
0.0,1,3.590942
0.0,12,3.591528
0.0,12,3.59211
0.0,7,3.592477
0.0,1,3.592595
0.0,23,3.593642
0.0,11,3.594185
0.0,5,3.594467
0.0,29,3.595788
0.0,8,3.596195
0.0,23,3.597258
0.0,23,3.598319
0.0,7,3.598703
0.0,21,3.599673
0.0,1,3.599785
0.0,6,3.600108
0.0,7,3.600479
0.0,19,3.601364
0.0,28,3.602642
0.0,5,3.602926
0.0,17,3.603731
0.0,8,3.604145
0.0,6,3.604472
0.0,17,3.605269
0.0,9,3.605736
0.0,4,3.605979
0.0,9,3.606427
0.0,1,3.606552
0.0,13,3.607174
0.0,5,3.607455
0.0,1,3.60757
0.0,19,3.608441
0.0,19,3.609321
0.0,6,3.609658
1.0,10,3.610158
0.0,6,3.610483
0.0,9,3.610947
0.0,8,3.611357
0.0,11,3.611907
0.0,19,3.612792
0.0,14,3.613458
0.0,11,3.614001
0.0,4,3.614242
0.0,10,3.614743
0.0,11,3.615277
0.0,11,3.615826
0.0,4,3.616068
0.0,8,3.616476
0.0,5,3.616771
0.0,13,3.617387
0.0,10,3.617887
1.0,10,3.61838
0.0,5,3.61867
0.0,1,3.618779
0.0,14,3.619435
0.0,2,3.619596
1.0,10,3.62009
0.0,9,3.620553
0.0,45,3.622535
0.0,6,3.622862
0.0,4,3.623102
0.0,5,3.623388
0.0,7,3.623768
0.0,7,3.624133
0.0,9,3.624597
0.0,5,3.624879
0.0,8,3.625292
0.0,2,3.625445
0.0,7,3.625826
0.0,6,3.626153
0.0,2,3.626305
0.0,7,3.626686
0.0,10,3.627182
0.0,1,3.627292
0.0,2,3.627444
1.0,12,3.628034
0.0,24,3.629134
0.0,11,3.629683
0.0,3,3.629883
0.0,14,3.630634
0.0,6,3.630961
0.0,3,3.631156
0.0,1,3.631265
0.0,20,3.632191
0.0,17,3.632998
0.0,18,3.633846
0.0,3,3.634042
0.0,13,3.634679
0.0,9,3.635136
0.0,1,3.635245
0.0,4,3.635482
0.0,9,3.635949
1.0,7,3.636316
0.0,21,3.637293
0.0,6,3.637629
0.0,8,3.63804
0.0,8,3.638449
0.0,5,3.638741
0.0,7,3.639109
0.0,1,3.639217
0.0,7,3.639591
0.0,14,3.640256
0.0,6,3.640596
0.0,1,3.640718
0.0,3,3.640916
0.0,24,3.642014
0.0,2,3.64217
0.0,6,3.642499
0.0,1,3.642609
0.0,31,3.643995
0.0,15,3.644714
0.0,9,3.645167
1.0,10,3.645668
0.0,2,3.64582
0.0,1,3.645927
0.0,4,3.646163
0.0,8,3.646587
0.0,12,3.647171
0.0,7,3.647548
0.0,9,3.647998
0.0,15,3.648715
0.0,3,3.648916
0.0,9,3.649368
0.0,13,3.650006
0.0,4,3.65025
0.0,16,3.651011
0.0,10,3.651515
0.0,12,3.652097
1.0,33,3.653576
0.0,25,3.654719
0.0,5,3.655005
0.0,4,3.655245
0.0,10,3.655752
0.0,7,3.656124
0.0,10,3.656635
0.0,4,3.656878
0.0,7,3.657242
0.0,6,3.657575
0.0,7,3.657939
0.0,4,3.658175
0.0,2,3.65833
0.0,4,3.658578
1.0,7,3.658947
0.0,4,3.659187
0.0,3,3.659383
0.0,6,3.659721
0.0,19,3.660611
0.0,8,3.661022
0.0,29,3.662322
0.0,14,3.663
0.0,2,3.663154
0.0,3,3.663351
0.0,11,3.663899
0.0,11,3.664431
0.0,13,3.66506
0.0,8,3.66547
0.0,5,3.665761
0.0,1,3.665868
0.0,3,3.666063
0.0,3,3.666257
0.0,20,3.667197
0.0,3,3.667395
0.0,23,3.668446
0.0,4,3.668699
0.0,9,3.66915
0.0,11,3.669694
0.0,23,3.670742
0.0,1,3.670855
0.0,4,3.671093
0.0,9,3.671551
0.0,16,3.672301
0.0,2,3.672455
0.0,10,3.672954
0.0,14,3.673625
0.0,5,3.673908
0.0,12,3.674494
0.0,6,3.674819
0.0,11,3.675357
0.0,7,3.675735
0.0,5,3.676017
0.0,6,3.676343
0.0,14,3.677027
0.0,3,3.677223
0.0,9,3.677684
0.0,4,3.677922
0.0,2,3.678076
0.0,8,3.678493
0.0,7,3.67886
1.0,25,3.68
1.0,22,3.681011
0.0,6,3.681338
1.0,11,3.681881
0.0,17,3.682681
0.0,6,3.683007
0.0,7,3.683372
0.0,13,3.684004
0.0,14,3.684681
0.0,14,3.685343
0.0,1,3.685453
0.0,26,3.686647
0.0,7,3.687015
0.0,6,3.687341
0.0,11,3.687888
0.0,12,3.688464
0.0,4,3.68871
1.0,19,3.689597
0.0,6,3.689924
0.0,4,3.690165
0.0,2,3.690316
0.0,2,3.690468
1.0,10,3.690969
0.0,7,3.691333
0.0,7,3.691711
0.0,1,3.691823
0.0,26,3.693003
0.0,14,3.693676
0.0,10,3.694172
0.0,7,3.69455
0.0,9,3.695001
0.0,11,3.695553
0.0,4,3.695795
0.0,8,3.696204
0.0,19,3.697098
0.0,12,3.697693
0.0,21,3.698663
0.0,7,3.699029
0.0,1,3.699139
0.0,7,3.699517
1.0,8,3.699929
0.0,5,3.700209
0.0,3,3.700404
0.0,2,3.700567
0.0,11,3.7011
0.0,3,3.701295
1.0,17,3.702098
0.0,26,3.70329
0.0,1,3.703403
0.0,2,3.703568
0.0,9,3.704017
0.0,4,3.704255
0.0,1,3.704362
0.0,1,3.704469
0.0,8,3.704889
0.0,2,3.705045
0.0,1,3.705152
0.0,16,3.705917
0.0,1,3.706027
0.0,12,3.706619
0.0,4,3.706862
0.0,2,3.707018
0.0,4,3.707257
0.0,5,3.70755
0.0,5,3.707832
1.0,10,3.708328
0.0,12,3.70892
0.0,8,3.709334
0.0,5,3.709631
0.0,7,3.709996
0.0,5,3.710278
0.0,6,3.710615
0.0,7,3.710986
0.0,5,3.711266
1.0,23,3.71232
0.0,5,3.712612
0.0,19,3.713482
0.0,20,3.714412
1.0,15,3.715135
0.0,15,3.715855
1.0,19,3.71676
0.0,20,3.717692
0.0,13,3.718315
0.0,11,3.718858
0.0,20,3.719779
0.0,17,3.72058
0.0,7,3.720945
0.0,11,3.721481
0.0,23,3.722546
0.0,4,3.722788
0.0,6,3.723113
0.0,16,3.723876
0.0,17,3.724671
0.0,2,3.724827
0.0,49,3.726988
0.0,14,3.727666
0.0,2,3.727823
0.0,2,3.727978
0.0,6,3.728299
0.0,30,3.729656
1.0,14,3.730324
0.0,10,3.730892
0.0,17,3.731705
0.0,17,3.732509
0.0,11,3.733046
0.0,10,3.733549
0.0,9,3.734006
0.0,4,3.734244
0.0,8,3.734663
0.0,3,3.73486
0.0,7,3.735231
0.0,8,3.735649
0.0,4,3.735891
0.0,18,3.736742
0.0,10,3.737239
0.0,4,3.737478
0.0,15,3.738193
0.0,10,3.738699
0.0,29,3.740008
0.0,7,3.740376
0.0,11,3.740928
0.0,21,3.741903
0.0,13,3.742542
0.0,9,3.742997
0.0,1,3.743105
0.0,4,3.743342
0.0,2,3.743505
0.0,10,3.744001
0.0,35,3.745585
0.0,4,3.745829
0.0,5,3.746111
0.0,1,3.746218
0.0,27,3.74745
0.0,9,3.747911
0.0,3,3.74811
0.0,3,3.748306
0.0,11,3.748852
0.0,24,3.749949
0.0,11,3.750495
0.0,14,3.751162
0.0,5,3.751447
0.0,6,3.751781
0.0,15,3.752497
0.0,8,3.752907
0.0,11,3.753444
0.0,15,3.75416
0.0,23,3.755218
0.0,11,3.755765
0.0,11,3.756302
0.0,11,3.756854
0.0,7,3.757219
1.0,18,3.758059
0.0,9,3.75852
0.0,5,3.758804
0.0,38,3.760509
0.0,6,3.760834
1.0,6,3.761158
0.0,30,3.762518
0.0,15,3.763226
0.0,2,3.763382
0.0,3,3.76359
0.0,39,3.76532
0.0,18,3.766166
0.0,13,3.766806
0.0,9,3.767255
0.0,3,3.767453
0.0,29,3.768785
0.0,1,3.768896
0.0,16,3.769659
0.0,8,3.770072
0.0,6,3.770395
0.0,22,3.771408
0.0,7,3.771792
0.0,5,3.772074
0.0,3,3.772272
0.0,1,3.772379
0.0,5,3.772672
0.0,2,3.772826
0.0,5,3.773106
0.0,22,3.774128
0.0,3,3.774325
0.0,4,3.774574
0.0,4,3.774816
1.0,10,3.775312
0.0,4,3.775561
0.0,4,3.775805
0.0,1,3.775914
0.0,2,3.776068
0.0,5,3.776351
0.0,10,3.776861
0.0,4,3.777104
0.0,3,3.777301
0.0,5,3.777592
0.0,1,3.777702
0.0,4,3.777939
0.0,1,3.778049
0.0,21,3.779017
0.0,14,3.779693
0.0,11,3.78024
0.0,14,3.78091
0.0,12,3.781494
0.0,9,3.781947
0.0,12,3.782545
0.0,4,3.78279
0.0,6,3.783114
0.0,13,3.78375
0.0,2,3.783906
0.0,23,3.784961
0.0,7,3.785333
1.0,25,3.786477
0.0,5,3.786776
0.0,5,3.787057
0.0,1,3.787165
0.0,8,3.787583
0.0,14,3.788245
0.0,12,3.788847
0.0,26,3.790034
0.0,5,3.790316
0.0,11,3.790863
0.0,1,3.790975
0.0,8,3.791386
0.0,1,3.791506
0.0,21,3.792469
0.0,3,3.792674
0.0,1,3.792785
0.0,7,3.793151
0.0,15,3.793873
0.0,26,3.795057
0.0,7,3.795427
0.0,4,3.795677
0.0,9,3.796128
0.0,3,3.796323
0.0,2,3.796475
0.0,9,3.796943
0.0,9,3.797395
0.0,6,3.797735
0.0,5,3.798019
0.0,2,3.798176
0.0,3,3.79837
0.0,5,3.798666
0.0,1,3.798776
0.0,2,3.798928
0.0,20,3.79986
0.0,15,3.800584
0.0,17,3.801375
1.0,15,3.802089
0.0,1,3.8022
0.0,1,3.802308
0.0,3,3.802514
0.0,8,3.802924
0.0,13,3.803555
0.0,4,3.803797
0.0,11,3.804332
0.0,6,3.804666
0.0,4,3.804907
0.0,13,3.805537
0.0,10,3.806029
0.0,11,3.806582
0.0,10,3.807076
0.0,7,3.807443
0.0,3,3.80765
0.0,27,3.808878
0.0,9,3.809333
0.0,21,3.810305
0.0,10,3.810818
0.0,17,3.811622
0.0,15,3.812326
0.0,6,3.812664
0.0,8,3.813071
0.0,11,3.813618
0.0,11,3.814154
0.0,12,3.814748
0.0,15,3.815458
0.0,1,3.815574
0.0,35,3.817151
0.0,11,3.8177
0.0,12,3.81828
0.0,4,3.818532
0.0,4,3.818774
0.0,3,3.818971
1.0,17,3.81977
0.0,30,3.821121
0.0,6,3.821446
0.0,15,3.822156
0.0,4,3.822395
0.0,9,3.822854
0.0,5,3.823138
0.0,6,3.823462
0.0,14,3.824136
0.0,13,3.824772
0.0,9,3.825222
0.0,6,3.825558
0.0,9,3.826008
0.0,10,3.826514
0.0,21,3.827475
0.0,20,3.828409
0.0,3,3.828617
0.0,2,3.828772
0.0,15,3.829476
0.0,3,3.829684
0.0,6,3.830009
0.0,9,3.830456
0.0,18,3.831303
0.0,10,3.831813
0.0,8,3.832219
0.0,3,3.832414
0.0,19,3.833362
0.0,4,3.833618
0.0,21,3.834585
0.0,6,3.834911
1.0,17,3.835712
0.0,7,3.836078
0.0,7,3.836442
0.0,27,3.837683
1.0,11,3.838217
0.0,5,3.838509
0.0,2,3.838663
0.0,1,3.838772
0.0,21,3.839742
1.0,10,3.840235
0.0,21,3.841205
0.0,16,3.841961
0.0,16,3.842718
1.0,16,3.843461
0.0,4,3.843704
0.0,11,3.844238
0.0,2,3.844393
0.0,10,3.844905
1.0,14,3.845585
0.0,14,3.846244
0.0,10,3.846756
0.0,7,3.847122
1.0,22,3.848125
0.0,4,3.848368
0.0,16,3.849128
0.0,15,3.849849
0.0,18,3.850688
0.0,8,3.851098
0.0,4,3.851336
0.0,6,3.851668
0.0,21,3.85264
0.0,4,3.852882
0.0,22,3.853889
0.0,14,3.854569
0.0,2,3.854723
0.0,10,3.855218
0.0,10,3.855721
0.0,9,3.856174
0.0,2,3.856327
1.0,12,3.856922
0.0,35,3.858499
0.0,13,3.859124
0.0,6,3.859447
0.0,8,3.859866
0.0,3,3.860065
0.0,10,3.860567
0.0,7,3.860936
0.0,1,3.861044
0.0,4,3.861281
0.0,9,3.861742
0.0,10,3.862238
0.0,4,3.862478
0.0,5,3.86277
0.0,7,3.863133
0.0,10,3.863639
0.0,11,3.864175
0.0,7,3.864554
0.0,3,3.864752
0.0,3,3.864947
0.0,8,3.865352
0.0,4,3.865601
0.0,5,3.865882
0.0,11,3.866415
0.0,13,3.867054
0.0,7,3.867424
0.0,7,3.867802
0.0,5,3.868084
0.0,1,3.868192
0.0,8,3.86861
0.0,3,3.868811
0.0,11,3.869345
0.0,13,3.869982
0.0,6,3.870306
0.0,2,3.870461
0.0,28,3.871738
0.0,17,3.872546
0.0,1,3.872657
0.0,10,3.873152
0.0,18,3.873995
0.0,4,3.874234
1.0,23,3.875283
0.0,7,3.87566
0.0,10,3.876156
0.0,2,3.876311
0.0,2,3.876465
1.0,9,3.876927
0.0,4,3.877166
0.0,27,3.878384
0.0,22,3.879395
0.0,9,3.879861
0.0,3,3.880061
0.0,1,3.880171
1.0,17,3.880975
1.0,18,3.881815
0.0,5,3.882094
1.0,9,3.882553
0.0,17,3.883342
0.0,15,3.88406
0.0,4,3.884299
0.0,3,3.884507
0.0,4,3.884746
0.0,3,3.884941
0.0,11,3.885472
0.0,15,3.886188
0.0,14,3.88687
0.0,4,3.887109
0.0,5,3.887389
0.0,5,3.887693
0.0,5,3.887977
0.0,15,3.888694
0.0,5,3.888975
0.0,13,3.889602
0.0,7,3.889967
1.0,14,3.890638
0.0,11,3.891177
0.0,15,3.89189
0.0,5,3.89217
0.0,10,3.892675
0.0,1,3.892787
0.0,45,3.894767
0.0,33,3.896239
0.0,8,3.89667
0.0,10,3.897168
1.0,24,3.898268
0.0,2,3.898421
0.0,1,3.898539
0.0,14,3.899203
0.0,5,3.899482
0.0,3,3.899688
0.0,1,3.899797
0.0,8,3.900203
0.0,4,3.900443
0.0,7,3.900816
0.0,18,3.901657
1.0,11,3.902191
0.0,8,3.902612
0.0,4,3.90285
0.0,5,3.903132
0.0,17,3.90393
0.0,28,3.905196
0.0,9,3.905665
0.0,1,3.905777
0.0,5,3.906059
0.0,2,3.906211
0.0,7,3.906592
0.0,32,3.908033
0.0,12,3.908619
0.0,7,3.908986
0.0,4,3.909229
0.0,1,3.909339
0.0,7,3.909721
0.0,8,3.910133
0.0,16,3.91089
0.0,24,3.911981
0.0,7,3.912349
0.0,8,3.912766
0.0,10,3.913265
0.0,14,3.913939
0.0,4,3.914178
0.0,6,3.914509
0.0,10,3.915004
0.0,13,3.915641
0.0,13,3.916263
0.0,1,3.916371
0.0,5,3.91667
0.0,17,3.917456
0.0,2,3.917617
0.0,7,3.917981
0.0,5,3.91826
0.0,6,3.918592
0.0,11,3.919131
0.0,3,3.919326
0.0,5,3.919622
0.0,6,3.919945
0.0,2,3.920097
0.0,9,3.920561
0.0,2,3.920717
0.0,3,3.920914
0.0,8,3.921319
0.0,13,3.921951
0.0,4,3.922191
0.0,7,3.922568
0.0,4,3.92281
0.0,4,3.923047
0.0,30,3.924392
0.0,10,3.924902
0.0,12,3.925495
0.0,7,3.925862
0.0,5,3.926142
0.0,8,3.926564
0.0,6,3.92689
0.0,22,3.927899
0.0,5,3.928183
0.0,14,3.928858
0.0,13,3.929482
0.0,14,3.930157
0.0,1,3.930266
0.0,4,3.930514
0.0,13,3.931135
0.0,3,3.93133
0.0,11,3.931871
0.0,11,3.932403
0.0,14,3.933074
0.0,4,3.933373
0.0,4,3.933622
0.0,4,3.933865
0.0,12,3.934444
0.0,12,3.935032
0.0,4,3.935271
0.0,5,3.935562
0.0,2,3.935715
1.0,14,3.936374
0.0,24,3.937474
0.0,9,3.937933
0.0,7,3.938301
0.0,19,3.939188
1.0,6,3.939523
0.0,2,3.939679
0.0,15,3.940384
0.0,5,3.940675
0.0,11,3.941211
0.0,17,3.942015
0.0,9,3.942465
0.0,6,3.942797
0.0,8,3.94321
0.0,8,3.943629
1.0,17,3.944418
0.0,5,3.94471
0.0,3,3.944906
0.0,14,3.945579
1.0,28,3.946854
0.0,12,3.94743
0.0,42,3.949293
0.0,23,3.950352
0.0,15,3.951071
0.0,3,3.951268
0.0,4,3.951519
1.0,22,3.95254
0.0,3,3.952737
0.0,18,3.953581
0.0,15,3.954289
0.0,2,3.954443
0.0,3,3.954647
0.0,8,3.955053
0.0,6,3.955377
0.0,11,3.955924
0.0,10,3.956419
0.0,21,3.957401
0.0,17,3.958209
0.0,8,3.958631
0.0,10,3.959123
0.0,4,3.959361
0.0,1,3.959468
0.0,13,3.960093
0.0,9,3.960553
0.0,7,3.960921
0.0,11,3.961454
0.0,15,3.962161
0.0,14,3.962836
0.0,15,3.963553
0.0,3,3.963749
0.0,7,3.964116
0.0,8,3.964537
0.0,2,3.964693
1.0,11,3.965227
0.0,14,3.965899
0.0,4,3.966137
0.0,11,3.966694
0.0,20,3.96762
0.0,1,3.967732
1.0,13,3.968347
0.0,8,3.96877
0.0,6,3.969093
0.0,6,3.969414
0.0,15,3.970129
0.0,2,3.970286
0.0,5,3.970577
0.0,18,3.971408
0.0,15,3.972124
0.0,10,3.972632
0.0,8,3.973044
1.0,16,3.973801
0.0,16,3.974558
0.0,21,3.975524
0.0,5,3.975807
0.0,1,3.975915
0.0,6,3.976242
0.0,4,3.976484
0.0,9,3.976955
0.0,10,3.977448
0.0,9,3.977909
0.0,11,3.978447
0.0,10,3.97895
0.0,12,3.979535
0.0,14,3.980192
0.0,3,3.98039
0.0,13,3.981017
0.0,7,3.98139
0.0,5,3.981683
0.0,8,3.982094
0.0,10,3.982598
0.0,2,3.982754
0.0,14,3.983418
0.0,23,3.98448
0.0,8,3.984898
0.0,11,3.985433
0.0,11,3.985977
0.0,4,3.986216
0.0,17,3.987027
0.0,1,3.987137
0.0,34,3.988658
1.0,18,3.9895
0.0,5,3.989784
0.0,9,3.990232
0.0,25,3.991378
0.0,2,3.991544
0.0,2,3.991697
0.0,26,3.992879
0.0,7,3.993248
0.0,6,3.993581
0.0,14,3.994242
0.0,2,3.994395
0.0,8,3.994817
0.0,1,3.994929
0.0,7,3.995291
0.0,8,3.995708
0.0,6,3.996036
0.0,21,3.997013
0.0,8,3.997423
0.0,16,3.998184
0.0,5,3.998467
0.0,10,3.998972
0.0,5,3.999253
0.0,6,3.999588
0.0,17,4.000383
0.0,11,4.00093
0.0,11,4.001464
0.0,14,4.002133
0.0,5,4.002413
0.0,4,4.002661
0.0,8,4.003069
0.0,4,4.00331
0.0,3,4.003519
0.0,8,4.003934
0.0,7,4.004301
0.0,8,4.004726
0.0,9,4.005177
0.0,3,4.005375
0.0,8,4.005792
0.0,9,4.006245
0.0,1,4.006353
0.0,12,4.006948
0.0,8,4.007359
0.0,14,4.008033
0.0,26,4.009212
0.0,14,4.009888
1.0,10,4.010384
0.0,10,4.010885
0.0,24,4.012001
0.0,17,4.012804
1.0,19,4.013693
1.0,11,4.014232
0.0,17,4.015033
1.0,10,4.015543
1.0,13,4.016163
0.0,18,4.017015
0.0,20,4.017944
0.0,12,4.018543
0.0,6,4.018867
0.0,16,4.019626
0.0,8,4.020036
0.0,18,4.020901
0.0,9,4.02135
0.0,10,4.021862
0.0,5,4.022143
0.0,6,4.022468
0.0,1,4.022585
1.0,10,4.023079
1.0,15,4.023799
0.0,18,4.024651
0.0,7,4.02502
0.0,15,4.025735
0.0,12,4.026316
0.0,16,4.027084
0.0,21,4.028054
0.0,4,4.028292
0.0,2,4.028447
0.0,17,4.029243
0.0,28,4.030519
0.0,9,4.030973
0.0,7,4.031337
0.0,9,4.0318
0.0,17,4.032606
0.0,1,4.032718
0.0,6,4.03304
0.0,9,4.033503
0.0,7,4.033869
0.0,5,4.034147
0.0,7,4.034524
0.0,12,4.035102
0.0,16,4.035856
0.0,17,4.036662
0.0,8,4.037071
0.0,12,4.03766
0.0,7,4.038027
0.0,17,4.038829
0.0,9,4.039282
0.0,2,4.039506
0.0,1,4.039617
0.0,4,4.039857
0.0,17,4.040663
0.0,28,4.041926
0.0,2,4.042084
0.0,1,4.042192
0.0,18,4.043043
0.0,12,4.043636
0.0,7,4.044005
0.0,11,4.044554
0.0,7,4.044922
0.0,8,4.045332
0.0,10,4.045839
0.0,27,4.047067
0.0,2,4.047224
0.0,2,4.047376
0.0,4,4.047623
0.0,2,4.047779
0.0,12,4.048352
0.0,8,4.048772
0.0,5,4.049058
0.0,6,4.049382
0.0,5,4.049674
0.0,5,4.049955
0.0,7,4.050322
0.0,9,4.050784
0.0,8,4.051196
0.0,5,4.051476
0.0,4,4.051727
0.0,11,4.052258
0.0,2,4.052413
0.0,4,4.052661
0.0,5,4.052941
0.0,3,4.053138
0.0,6,4.053459
0.0,3,4.053666
0.0,16,4.054413
0.0,14,4.055089
0.0,4,4.055329
0.0,18,4.056173
0.0,1,4.056285
0.0,6,4.056628
0.0,16,4.05738
0.0,6,4.057716
0.0,20,4.058642
0.0,11,4.059184
1.0,10,4.05969
0.0,11,4.060226
0.0,10,4.060733
0.0,11,4.061268
0.0,12,4.061857
0.0,2,4.062013
0.0,6,4.062335
0.0,9,4.062799
0.0,1,4.062909
0.0,13,4.063545
0.0,21,4.064512
0.0,4,4.064755
0.0,1,4.064866
0.0,3,4.065064
0.0,6,4.065386
0.0,2,4.065552
0.0,22,4.06657
0.0,10,4.067073
0.0,6,4.067398
0.0,6,4.067731
0.0,8,4.068138
0.0,4,4.068378
0.0,3,4.068585
0.0,25,4.069728
0.0,6,4.070052
0.0,12,4.070637
0.0,12,4.071213
0.0,18,4.072053
0.0,7,4.072425
0.0,10,4.072933
0.0,2,4.073089
0.0,4,4.073327
0.0,10,4.073827
0.0,2,4.073982
0.0,12,4.07457
0.0,13,4.075194
0.0,6,4.075533
0.0,19,4.076409
0.0,10,4.076923
0.0,6,4.077247
0.0,7,4.077627
0.0,14,4.07829
0.0,7,4.078669
0.0,13,4.079297
0.0,4,4.079546
0.0,1,4.079655
0.0,8,4.080061
0.0,11,4.080608
0.0,10,4.081105
0.0,8,4.081526
0.0,4,4.081766
0.0,4,4.082009
0.0,8,4.082419
0.0,3,4.082628
0.0,7,4.082994
0.0,6,4.083323
0.0,4,4.083577
0.0,2,4.083731
0.0,11,4.084268
0.0,4,4.084518
0.0,8,4.084925
0.0,15,4.085647
0.0,8,4.086057
0.0,22,4.087085
0.0,17,4.087891
0.0,30,4.089255
0.0,20,4.090181
0.0,14,4.090861
0.0,5,4.091146
0.0,7,4.091521
0.0,8,4.091928
0.0,23,4.092981
0.0,15,4.093702
0.0,9,4.094152
0.0,1,4.09426
0.0,7,4.094639
0.0,2,4.094793
0.0,7,4.09516
0.0,9,4.095626
0.0,30,4.09699
0.0,4,4.097232
0.0,2,4.097384
0.0,10,4.097892
0.0,3,4.098092
0.0,41,4.099923
0.0,34,4.101449
0.0,8,4.101868
0.0,20,4.102799
0.0,16,4.103554
0.0,13,4.104172
0.0,17,4.104974
0.0,17,4.105779
0.0,19,4.106675
0.0,3,4.106875
0.0,29,4.108172
0.0,13,4.108802
0.0,12,4.109374
0.0,33,4.110856
0.0,6,4.111178
0.0,11,4.111729
0.0,6,4.112054
0.0,7,4.112418
0.0,1,4.112536
0.0,11,4.11307
0.0,11,4.113615
0.0,6,4.11394
0.0,7,4.114309
0.0,24,4.115406
0.0,14,4.116084
0.0,27,4.117328
0.0,5,4.11762
0.0,7,4.117989
0.0,4,4.118226
0.0,3,4.118421
0.0,4,4.118672
0.0,7,4.119038
0.0,8,4.119444
0.0,24,4.12055
0.0,5,4.12083
0.0,3,4.121025
0.0,39,4.122759
0.0,6,4.123085
0.0,1,4.123193
0.0,6,4.12353
0.0,11,4.12407
0.0,3,4.124265
0.0,9,4.124727
0.0,1,4.124839
0.0,10,4.12533
0.0,20,4.126257
0.0,6,4.126601
0.0,25,4.127749
0.0,15,4.128453
0.0,4,4.128701
0.0,3,4.128897
0.0,7,4.129264
0.0,16,4.130017
0.0,13,4.130646
0.0,64,4.133446
0.0,16,4.134198
0.0,12,4.134788
0.0,13,4.135412
0.0,2,4.135579
0.0,11,4.136123
0.0,41,4.137961
0.0,11,4.138504
0.0,21,4.139456
0.0,33,4.140944
0.0,3,4.141141
0.0,17,4.14194
0.0,1,4.142052
0.0,5,4.142332
0.0,1,4.14244
0.0,33,4.143922
0.0,15,4.144712
0.0,17,4.145515
0.0,2,4.145672
0.0,10,4.146168
0.0,7,4.146549
0.0,29,4.147857
0.0,9,4.148311
1.0,11,4.148856
0.0,11,4.149389
0.0,18,4.150234
0.0,13,4.150865
0.0,1,4.150975
0.0,7,4.151344
0.0,4,4.151595
0.0,19,4.152471
0.0,20,4.153389
0.0,3,4.153598
0.0,15,4.154299
0.0,12,4.154886
1.0,20,4.15582
0.0,3,4.156018
0.0,12,4.15661
0.0,4,4.156851
0.0,3,4.157049
0.0,1,4.157156
0.0,6,4.157494
0.0,8,4.157912
0.0,10,4.158404
0.0,13,4.159031
0.0,4,4.159274
0.0,5,4.159571
0.0,1,4.15968
0.0,13,4.160308
0.0,11,4.160854
0.0,6,4.161178
0.0,5,4.161457
0.0,29,4.162778
0.0,3,4.162975
0.0,10,4.163468
0.0,20,4.164395
0.0,6,4.164729
0.0,9,4.165179
0.0,15,4.165892
0.0,12,4.166471
0.0,2,4.166639
0.0,4,4.166882
0.0,5,4.167161
0.0,13,4.167794
0.0,5,4.168079
0.0,16,4.168838
0.0,7,4.169207
0.0,1,4.169316
0.0,3,4.169523
0.0,11,4.170063
0.0,12,4.170653
1.0,17,4.171445
0.0,11,4.171989
0.0,11,4.172535
0.0,12,4.173118
0.0,15,4.17383
0.0,1,4.173942
0.0,3,4.174139
0.0,16,4.174906
0.0,2,4.175061
0.0,12,4.175653
0.0,4,4.175893
0.0,12,4.176472
0.0,21,4.177452
0.0,6,4.177784
0.0,6,4.17811
0.0,7,4.17848
0.0,4,4.178731
0.0,19,4.179613
0.0,21,4.180591
0.0,9,4.181046
0.0,16,4.181803
0.0,11,4.182343
0.0,12,4.182931
0.0,1,4.183041
1.0,10,4.183544
0.0,15,4.18426
0.0,11,4.18481
0.0,9,4.185264
0.0,1,4.185372
0.0,3,4.185581
0.0,14,4.18625
0.0,6,4.186591
0.0,6,4.186915
0.0,5,4.187198
0.0,10,4.187708
0.0,3,4.187906
0.0,2,4.188058
0.0,5,4.18834
0.0,2,4.188501
0.0,6,4.188828
0.0,42,4.1907
0.0,11,4.191235
0.0,13,4.191872
0.0,24,4.192974
0.0,6,4.193299
0.0,4,4.193547
0.0,6,4.193874
0.0,2,4.194026
0.0,6,4.194348
0.0,9,4.19481
0.0,19,4.195703
0.0,5,4.195989
0.0,4,4.196227
1.0,10,4.196739
0.0,1,4.196848
0.0,7,4.197213
0.0,8,4.197635
0.0,2,4.197793
0.0,8,4.198204
0.0,9,4.198666
0.0,28,4.199932
0.0,3,4.200133
0.0,16,4.200894
0.0,8,4.201309
0.0,9,4.20177
0.0,4,4.202008
0.0,11,4.202552
0.0,14,4.203221
0.0,13,4.203855
0.0,3,4.204052
0.0,18,4.204892
0.0,8,4.205305
0.0,15,4.206018
0.0,9,4.206473
0.0,15,4.207195
0.0,11,4.207742
0.0,12,4.208322
0.0,11,4.208874
0.0,5,4.209162
0.0,2,4.209315
0.0,18,4.210165
0.0,8,4.210588
0.0,6,4.210913
0.0,9,4.211368
0.0,8,4.211791
0.0,1,4.211904
0.0,6,4.212229
0.0,5,4.212523
0.0,30,4.213883
0.0,12,4.214461
0.0,5,4.214749
0.0,10,4.21524
0.0,24,4.216334
1.0,18,4.217194
0.0,20,4.218122
0.0,1,4.218231
0.0,5,4.218527
0.0,3,4.218727
0.0,16,4.219471
0.0,9,4.219934
0.0,4,4.220171
0.0,5,4.22045
0.0,4,4.220696
0.0,2,4.22085
0.0,1,4.220959
0.0,9,4.221408
0.0,4,4.221659
0.0,5,4.221943
0.0,24,4.223041
0.0,7,4.223408
0.0,1,4.223526
0.0,1,4.223635
0.0,1,4.223744
0.0,9,4.224194
0.0,10,4.224698
0.0,15,4.225409
0.0,5,4.225702
0.0,10,4.226198
0.0,13,4.226841
0.0,7,4.22721
0.0,2,4.227364
0.0,8,4.227786
0.0,4,4.228028
0.0,23,4.229081
0.0,8,4.229499
0.0,7,4.229868
0.0,1,4.229977
0.0,5,4.23026
0.0,7,4.23064
0.0,7,4.23101
0.0,9,4.231459
0.0,3,4.231665
1.0,33,4.233138
0.0,17,4.233945
0.0,9,4.234395
0.0,1,4.234513
0.0,5,4.234796
0.0,4,4.235034
0.0,10,4.235542
0.0,3,4.23574
0.0,12,4.236318
0.0,36,4.237939
0.0,6,4.238267
0.0,6,4.238602
0.0,8,4.239008
0.0,12,4.239598
1.0,10,4.240097
0.0,2,4.240253
0.0,3,4.240452
0.0,3,4.240664
0.0,5,4.240945
0.0,6,4.24127
0.0,7,4.241649
0.0,18,4.242479
0.0,1,4.242601
0.0,11,4.24314
0.0,5,4.243421
0.0,7,4.243798
0.0,5,4.244079
0.0,24,4.245239
0.0,9,4.245703
0.0,10,4.246204
0.0,21,4.247177
0.0,12,4.247766
0.0,27,4.248986
0.0,4,4.249228
0.0,19,4.250116
1.0,14,4.250788
0.0,16,4.251546
0.0,13,4.252173
0.0,4,4.252414
0.0,13,4.253043
1.0,15,4.25376
0.0,19,4.254643
1.0,12,4.255225
1.0,22,4.256236
0.0,8,4.256667
0.0,16,4.257418
0.0,16,4.25818
0.0,14,4.258862
1.0,30,4.26021
0.0,53,4.262554
0.0,7,4.262923
0.0,4,4.263163
0.0,8,4.263582
0.0,15,4.264284
0.0,19,4.265172
0.0,5,4.265457
0.0,4,4.265704
0.0,6,4.266027
0.0,14,4.266707
0.0,8,4.267115
0.0,19,4.268
0.0,10,4.268503
0.0,13,4.269132
0.0,3,4.26933
0.0,7,4.269724
0.0,1,4.269835
0.0,3,4.270032
0.0,12,4.270631
0.0,31,4.272038
0.0,2,4.272195
0.0,8,4.272612
0.0,5,4.272897
0.0,1,4.273007
0.0,2,4.273161
0.0,6,4.273483
1.0,12,4.274078
0.0,4,4.27432
0.0,8,4.274738
0.0,3,4.274935
0.0,6,4.275261
0.0,5,4.275556
0.0,1,4.275668
0.0,17,4.27646
0.0,16,4.277222
1.0,17,4.27803
0.0,4,4.27827
0.0,5,4.278565
1.0,8,4.278974
0.0,8,4.279382
0.0,4,4.279635
0.0,8,4.280043
0.0,7,4.280408
0.0,14,4.281089
0.0,10,4.2816
0.0,6,4.281926
0.0,1,4.282036
0.0,4,4.282274
0.0,4,4.282522
0.0,3,4.282718
0.0,5,4.282998
0.0,2,4.283149
0.0,13,4.283788
0.0,6,4.284114
1.0,9,4.284576
0.0,5,4.284858
0.0,5,4.285139
0.0,4,4.285377
0.0,5,4.285671
0.0,13,4.286294
0.0,12,4.286892
0.0,6,4.28722
0.0,2,4.287375
0.0,4,4.287622
0.0,22,4.288644
0.0,14,4.289311
0.0,3,4.289521
1.0,13,4.290148
0.0,3,4.290343
0.0,4,4.290595
0.0,5,4.290879
0.0,8,4.291285
1.0,18,4.292133
0.0,2,4.292289
0.0,20,4.293215
0.0,10,4.293722
0.0,7,4.294087
1.0,17,4.29489
0.0,5,4.295171
0.0,26,4.296355
0.0,12,4.296954
0.0,15,4.297671
0.0,8,4.298079
0.0,18,4.298928
0.0,1,4.299041
0.0,4,4.29928
0.0,15,4.299995
0.0,8,4.300406
0.0,38,4.302107
0.0,6,4.30243
0.0,3,4.302636
0.0,30,4.303986
0.0,3,4.304184
0.0,13,4.304815
0.0,21,4.30578
0.0,5,4.306065
0.0,16,4.306845
0.0,4,4.307085
0.0,2,4.307238
0.0,4,4.307476
0.0,27,4.308704
0.0,3,4.308901
0.0,19,4.309788
0.0,10,4.310286
0.0,15,4.310999
0.0,3,4.311199
0.0,7,4.311575
0.0,5,4.311857
0.0,6,4.312178
0.0,11,4.31273
0.0,2,4.312884
0.0,5,4.313164
0.0,5,4.313443
0.0,42,4.315344
0.0,1,4.315456
0.0,9,4.315919
0.0,3,4.316118
0.0,30,4.317471
0.0,6,4.317808
1.0,11,4.318342
0.0,4,4.318591
0.0,6,4.318918
0.0,9,4.319372
0.0,9,4.319833
0.0,8,4.320242
0.0,6,4.320576
0.0,6,4.320904
0.0,14,4.321575
0.0,8,4.321986
0.0,7,4.322355
0.0,1,4.322463
0.0,9,4.32292
0.0,1,4.323029
0.0,8,4.323435
0.0,4,4.323686
0.0,14,4.324352
0.0,11,4.324906
0.0,18,4.325747
0.0,1,4.325859
0.0,15,4.326582
0.0,21,4.327555
0.0,9,4.328006
0.0,13,4.328638
0.0,9,4.329089
0.0,12,4.329678
0.0,18,4.330525
0.0,2,4.330679
0.0,2,4.33083
0.0,5,4.331114
0.0,18,4.331954
0.0,3,4.332151
0.0,6,4.332476
0.0,13,4.333107
0.0,9,4.333569
0.0,8,4.333982
0.0,16,4.334742
0.0,1,4.334854
0.0,6,4.335179
0.0,19,4.336066
0.0,24,4.33718
0.0,2,4.337335
0.0,3,4.337544
0.0,12,4.338121
0.0,3,4.338315
0.0,30,4.339671
1.0,9,4.340122
0.0,7,4.340495
0.0,16,4.341245
0.0,7,4.341626
0.0,17,4.34242
0.0,7,4.342797
0.0,4,4.343038
0.0,5,4.34332
0.0,10,4.343828
0.0,9,4.34428
0.0,9,4.344739
0.0,3,4.344935
0.0,9,4.345383
0.0,15,4.346102
0.0,7,4.346472
0.0,7,4.346857
0.0,16,4.347677
0.0,5,4.347964
0.0,1,4.348073
0.0,3,4.348269
0.0,10,4.348775
0.0,2,4.348929
0.0,14,4.349603
0.0,28,4.35087
0.0,5,4.351151
0.0,1,4.35126
0.0,17,4.352059
1.0,22,4.353079
0.0,8,4.3535
0.0,4,4.35374
0.0,2,4.353892
0.0,20,4.354821
0.0,18,4.355669
0.0,6,4.355996
0.0,6,4.356321
0.0,1,4.356431
0.0,8,4.356852
0.0,16,4.357613
0.0,10,4.358105
0.0,7,4.358472
0.0,11,4.359017
0.0,19,4.359893
0.0,4,4.360132
0.0,14,4.360808
0.0,12,4.361387
0.0,8,4.361807
0.0,8,4.362215
0.0,3,4.36241
0.0,6,4.362744
0.0,11,4.363282
0.0,1,4.363391
0.0,11,4.363939
0.0,12,4.364532
0.0,4,4.364773
0.0,7,4.365136
0.0,20,4.366064
0.0,5,4.366346
0.0,4,4.366602
0.0,3,4.366799
0.0,8,4.367203
0.0,7,4.367584
0.0,2,4.36774
0.0,9,4.368187
0.0,11,4.368729
0.0,1,4.368841
0.0,5,4.369121
0.0,7,4.369495
0.0,6,4.36982
0.0,1,4.369928
0.0,6,4.370251
0.0,11,4.370799
0.0,8,4.37121
0.0,8,4.371634
0.0,9,4.372084
0.0,8,4.372501
0.0,7,4.372868
0.0,13,4.373492
0.0,5,4.373777
0.0,3,4.373975
0.0,6,4.374298
0.0,6,4.374634
0.0,16,4.375385
0.0,5,4.375677
0.0,2,4.375833
0.0,4,4.376072
0.0,5,4.376354
0.0,11,4.376909
0.0,18,4.377757
0.0,9,4.378213
0.0,26,4.379392
0.0,14,4.380067
0.0,3,4.380267
0.0,7,4.380647
0.0,5,4.38093
0.0,10,4.381422
0.0,19,4.38231
0.0,10,4.382818
0.0,4,4.383062
0.0,16,4.383819
0.0,1,4.383931
0.0,10,4.384425
0.0,45,4.386425
0.0,20,4.387378
0.0,30,4.388743
0.0,3,4.388941
0.0,6,4.389266
0.0,1,4.389374
0.0,4,4.389622
0.0,1,4.389732
0.0,22,4.390746
0.0,5,4.391032
0.0,15,4.391751
0.0,7,4.392121
0.0,8,4.39254
0.0,3,4.392737
0.0,8,4.393142
0.0,13,4.39378
0.0,4,4.394019
0.0,1,4.394129
0.0,24,4.395225
0.0,8,4.395643
0.0,8,4.396054
0.0,2,4.396207
0.0,28,4.397478
0.0,1,4.3976
0.0,8,4.398006
0.0,4,4.398245
0.0,8,4.398674
0.0,17,4.399468
0.0,33,4.400952
0.0,10,4.401451
0.0,3,4.401654
0.0,2,4.401807
0.0,10,4.4023
0.0,1,4.402408
0.0,15,4.403122
0.0,6,4.403449
0.0,11,4.403988
0.0,6,4.404311
1.0,21,4.405286
0.0,4,4.405536
0.0,2,4.405693
0.0,3,4.40589
0.0,3,4.406084
0.0,2,4.406239
0.0,6,4.406581
0.0,12,4.407163
0.0,15,4.407878
0.0,5,4.408159
0.0,12,4.408745
0.0,3,4.408942
0.0,5,4.409223
0.0,6,4.409564
0.0,9,4.410016
0.0,2,4.410171
0.0,19,4.411059
0.0,12,4.411653
0.0,14,4.412318
0.0,13,4.412952
0.0,12,4.413544
1.0,10,4.414037
0.0,22,4.41505
0.0,3,4.415249
0.0,29,4.416574
0.0,6,4.416902
0.0,13,4.417534
1.0,6,4.417859
1.0,8,4.418267
0.0,37,4.419924
0.0,28,4.421188
0.0,9,4.421654
0.0,6,4.421978
0.0,11,4.422527
0.0,14,4.423191
0.0,4,4.423429
0.0,29,4.424745
0.0,16,4.425497
0.0,2,4.425654
0.0,12,4.426233
0.0,41,4.428067
0.0,16,4.428827
0.0,6,4.429154
0.0,3,4.429352
0.0,6,4.429689
0.0,9,4.430144
1.0,15,4.430859
0.0,5,4.431141
0.0,7,4.431519
0.0,6,4.431844
0.0,5,4.432124
0.0,6,4.432446
1.0,17,4.433244
0.0,12,4.433835
0.0,8,4.434247
0.0,2,4.4344
0.0,8,4.434821
0.0,20,4.435758
0.0,1,4.435868
0.0,7,4.436235
0.0,2,4.43639
0.0,4,4.436647
0.0,7,4.437018
0.0,10,4.437527
0.0,27,4.438765
0.0,6,4.439093
0.0,5,4.439378
0.0,10,4.439884
0.0,26,4.44108
1.0,7,4.441447
0.0,24,4.442557
0.0,31,4.443952
0.0,22,4.444963
0.0,3,4.44516
1.0,17,4.445959
0.0,5,4.446239
0.0,7,4.446624
0.0,8,4.447032
0.0,13,4.447664
0.0,11,4.448278
0.0,25,4.449421
0.0,19,4.450308
0.0,11,4.450863
0.0,4,4.451102
0.0,25,4.452249
0.0,11,4.452795
0.0,6,4.453117
0.0,1,4.453225
0.0,3,4.453421
0.0,19,4.454304
0.0,11,4.454854
0.0,12,4.455438
0.0,6,4.455772
0.0,8,4.45618
0.0,10,4.456689
0.0,8,4.457097
0.0,1,4.457207
0.0,13,4.457844
0.0,4,4.458088
0.0,3,4.458282
0.0,11,4.458829
0.0,5,4.459115
0.0,20,4.460042
0.0,6,4.460369
0.0,6,4.460703
0.0,23,4.461752
0.0,9,4.462206
0.0,9,4.462668
0.0,16,4.463413
0.0,1,4.463534
0.0,29,4.464854
0.0,8,4.465268
0.0,8,4.46569
0.0,2,4.465844
0.0,14,4.466523
0.0,17,4.467312
0.0,10,4.467814
0.0,11,4.468353
0.0,4,4.468606
0.0,4,4.468845
0.0,14,4.469521
0.0,1,4.469633
0.0,15,4.470341
0.0,15,4.471056
0.0,10,4.471564
0.0,29,4.47287
0.0,6,4.473197
0.0,1,4.473305
1.0,10,4.473814
0.0,4,4.474055
0.0,9,4.474519
0.0,11,4.475054
0.0,1,4.475163
0.0,48,4.47729
0.0,9,4.477758
0.0,23,4.478819
0.0,6,4.479147
0.0,12,4.47974
0.0,4,4.479984
0.0,4,4.480222
0.0,11,4.480772
0.0,2,4.480929
0.0,1,4.481037
0.0,13,4.481668
0.0,1,4.48178
0.0,20,4.482706
0.0,8,4.483115
0.0,4,4.483353
0.0,41,4.485189
0.0,10,4.485697
0.0,15,4.486401
0.0,7,4.486785
0.0,16,4.48754
0.0,16,4.488293
1.0,12,4.488887
0.0,8,4.489297
0.0,12,4.489888
0.0,10,4.490386
0.0,6,4.490721
0.0,2,4.490875
0.0,9,4.491322
0.0,5,4.491618
0.0,39,4.49335
0.0,20,4.494276
0.0,1,4.494386
0.0,4,4.494635
0.0,7,4.495
0.0,16,4.495755
0.0,6,4.496077
0.0,4,4.496317
0.0,10,4.496825
0.0,2,4.496981
0.0,4,4.497219
0.0,9,4.497683
0.0,12,4.498258
0.0,21,4.499229
0.0,28,4.500499
1.0,18,4.501326
0.0,5,4.501619
0.0,6,4.501943
0.0,5,4.502223
0.0,4,4.50246
0.0,4,4.502708
0.0,16,4.503457
0.0,4,4.503702
0.0,9,4.504151
0.0,8,4.504571
0.0,5,4.504854
0.0,4,4.505094
0.0,16,4.505847
0.0,4,4.506088
0.0,17,4.506898
0.0,4,4.507138
0.0,4,4.507375
0.0,7,4.507752
0.0,3,4.507948
0.0,6,4.508274
0.0,4,4.508523
0.0,4,4.508765
0.0,27,4.509997
0.0,2,4.510153
0.0,5,4.510434
0.0,2,4.510598
0.0,4,4.510837
0.0,3,4.511031
0.0,4,4.511274
0.0,6,4.511609
0.0,3,4.511805
0.0,1,4.511914
0.0,4,4.512155
0.0,6,4.512476
0.0,4,4.512724
0.0,7,4.513088
0.0,2,4.513242
0.0,2,4.513407
0.0,48,4.515541
0.0,11,4.516082
0.0,4,4.51632
0.0,6,4.516658
0.0,14,4.517331
0.0,19,4.51822
0.0,12,4.518815
0.0,13,4.519431
0.0,14,4.520103
0.0,2,4.52026
0.0,4,4.520511
0.0,14,4.521176
0.0,1,4.521285
0.0,6,4.521621
0.0,3,4.521818
0.0,26,4.523005
0.0,16,4.523769
0.0,9,4.52422
0.0,8,4.52464
0.0,4,4.524881
0.0,14,4.525558
0.0,11,4.526092
0.0,8,4.526516
0.0,9,4.526967
0.0,7,4.527334
0.0,19,4.528213
0.0,1,4.528325
0.0,9,4.528785
0.0,9,4.529238
0.0,2,4.52939
0.0,9,4.529852
0.0,7,4.530219
0.0,11,4.530771
0.0,5,4.531054
0.0,14,4.53173
0.0,9,4.532182
0.0,37,4.533836
0.0,14,4.534513
0.0,5,4.534796
0.0,5,4.535076
0.0,8,4.535482
0.0,12,4.536071
0.0,4,4.536309
0.0,6,4.536649
0.0,21,4.537621
0.0,12,4.538203
0.0,6,4.538538
0.0,6,4.538868
0.0,6,4.539191
0.0,14,4.539861
1.0,9,4.540321
0.0,11,4.540864
0.0,10,4.541361
0.0,5,4.541657
1.0,17,4.542454
0.0,8,4.54287
0.0,2,4.543024
0.0,21,4.54399
0.0,15,4.544709
0.0,10,4.545205
0.0,6,4.545537
0.0,19,4.546414
0.0,7,4.546799
0.0,2,4.546955
0.0,4,4.547192
0.0,7,4.547572
0.0,1,4.547683
0.0,11,4.548281
0.0,5,4.548573
0.0,8,4.548981
0.0,2,4.549137
0.0,26,4.550322
1.0,7,4.550702
0.0,8,4.55111
0.0,26,4.5523
0.0,1,4.552412
0.0,3,4.552621
0.0,5,4.552902
0.0,5,4.553184
0.0,2,4.553335
0.0,5,4.553629
0.0,9,4.554083
0.0,26,4.555264
0.0,10,4.555771
0.0,2,4.555927
0.0,13,4.556564
0.0,8,4.556972
0.0,2,4.557127
0.0,36,4.558747
0.0,6,4.559075
0.0,7,4.559439
0.0,3,4.559648
0.0,4,4.559887
0.0,4,4.560127
0.0,12,4.560715
0.0,1,4.560827
0.0,2,4.560982
0.0,8,4.561395
0.0,4,4.561647
0.0,17,4.56243
0.0,11,4.562976
1.0,13,4.563606
0.0,24,4.564707
0.0,11,4.565248
0.0,1,4.565356
0.0,4,4.565605
0.0,13,4.566223
0.0,7,4.566606
0.0,9,4.567055
0.0,8,4.567468
0.0,5,4.567761
0.0,7,4.568125
0.0,4,4.568364
0.0,21,4.569341
0.0,8,4.569762
0.0,5,4.570044
0.0,2,4.570198
0.0,17,4.571
0.0,3,4.571196
0.0,2,4.571351
0.0,5,4.571647
0.0,12,4.572236
0.0,9,4.572699
0.0,1,4.572809
0.0,11,4.573341
0.0,27,4.574583
0.0,9,4.575037
0.0,11,4.575583
0.0,5,4.575867
0.0,27,4.577092
0.0,6,4.577417
0.0,3,4.577626
1.0,9,4.578077
0.0,27,4.579298
0.0,8,4.579719
0.0,4,4.579958
0.0,18,4.580796
0.0,6,4.581122
0.0,28,4.582376
0.0,29,4.583695
0.0,14,4.584358
0.0,8,4.584776
1.0,10,4.585273
1.0,17,4.586067
0.0,16,4.586833
0.0,8,4.587244
0.0,5,4.587538
0.0,15,4.588241
0.0,20,4.589164
0.0,22,4.590174
0.0,12,4.590765
0.0,7,4.591133
0.0,1,4.591241
0.0,23,4.592294
1.0,24,4.593395
0.0,29,4.594718
1.0,16,4.595463
0.0,10,4.595966
0.0,2,4.596119
0.0,3,4.596314
0.0,13,4.596955
0.0,10,4.597455
0.0,4,4.597702
0.0,21,4.598669
0.0,4,4.598908
0.0,2,4.599062
0.0,22,4.600086
0.0,5,4.600372
0.0,2,4.600535
0.0,6,4.600857
1.0,20,4.601789
0.0,45,4.603779
0.0,29,4.605086
0.0,8,4.605508
0.0,1,4.605618
0.0,8,4.606033
0.0,6,4.606359
0.0,9,4.606828
0.0,27,4.608052
0.0,12,4.608644
0.0,8,4.609055
0.0,5,4.609335
0.0,3,4.609544
0.0,4,4.609786
0.0,6,4.610107
0.0,6,4.610432
0.0,9,4.610891
0.0,8,4.611307
0.0,2,4.611459
0.0,14,4.612129
1.0,15,4.612851
0.0,9,4.6133
0.0,16,4.614059
0.0,22,4.615075
0.0,2,4.61523
0.0,11,4.615779
0.0,13,4.6164
0.0,5,4.6167
0.0,15,4.617404
0.0,19,4.618289
0.0,17,4.619095
0.0,9,4.619561
0.0,8,4.619976
0.0,5,4.62026
0.0,2,4.620413
0.0,7,4.620791
0.0,4,4.621033
0.0,7,4.621398
0.0,20,4.622316
0.0,4,4.622567
0.0,6,4.622896
0.0,16,4.623659
0.0,13,4.62428
0.0,5,4.624574
0.0,17,4.625364
0.0,9,4.625827
0.0,31,4.627233
0.0,11,4.627786
0.0,12,4.628366
0.0,3,4.628574
0.0,10,4.629071
0.0,14,4.629753
0.0,12,4.630335
0.0,4,4.630585
0.0,10,4.631084
0.0,4,4.631323
0.0,9,4.631785
0.0,6,4.632114
0.0,11,4.632658
0.0,28,4.633934
0.0,1,4.634044
0.0,2,4.634196
0.0,6,4.634533
0.0,12,4.635113
0.0,4,4.635351
0.0,18,4.636194
0.0,8,4.636624
0.0,3,4.636824
0.0,3,4.637022
0.0,18,4.637864
0.0,29,4.639184
0.0,4,4.639426
0.0,8,4.639848
0.0,15,4.640578
0.0,25,4.641718
0.0,4,4.641957
0.0,24,4.643048
0.0,15,4.643768
0.0,6,4.644091
0.0,8,4.644511
0.0,17,4.645316
0.0,7,4.645696
0.0,32,4.647142
0.0,2,4.647297
0.0,7,4.647678
0.0,17,4.648472
0.0,6,4.648806
0.0,14,4.649471
0.0,39,4.651209
0.0,23,4.652256
0.0,15,4.652973
0.0,8,4.653385
0.0,28,4.654661
0.0,9,4.655111
0.0,7,4.655478
0.0,9,4.655935
0.0,1,4.656045
0.0,40,4.65783
0.0,6,4.658158
1.0,14,4.658895
0.0,5,4.659178
0.0,10,4.659681
0.0,3,4.659878
0.0,7,4.66024
1.0,26,4.661418
0.0,2,4.661585
0.0,4,4.661823
0.0,5,4.662108
0.0,1,4.662217
0.0,5,4.662505
0.0,8,4.662921
0.0,18,4.66377
0.0,16,4.664531
0.0,11,4.665066
0.0,1,4.665177
0.0,11,4.665721
0.0,1,4.66583
0.0,3,4.666025
0.0,8,4.666435
0.0,18,4.667284
0.0,6,4.667621
0.0,10,4.668115
0.0,4,4.668351
0.0,3,4.668557
0.0,5,4.668841
0.0,11,4.669376
0.0,3,4.669585
0.0,14,4.670251
0.0,3,4.670447
0.0,44,4.672389
0.0,10,4.6729
0.0,10,4.673395
0.0,2,4.673561
0.0,6,4.673889
0.0,3,4.674083
0.0,17,4.674879
0.0,6,4.675203
0.0,4,4.675439
0.0,15,4.676158
0.0,2,4.676311
0.0,6,4.676656
0.0,1,4.676766
0.0,8,4.677175
0.0,4,4.677412
0.0,8,4.67783
0.0,1,4.67794
0.0,1,4.678047
0.0,10,4.678551
0.0,6,4.67888
1.0,18,4.67972
0.0,11,4.680253
0.0,8,4.680675
0.0,9,4.681132
0.0,3,4.681329
0.0,1,4.681437
0.0,2,4.681601
0.0,7,4.681967
1.0,27,4.683187
0.0,6,4.683526
0.0,20,4.684439
0.0,1,4.68456
0.0,10,4.685052
0.0,4,4.685292
0.0,10,4.685796
0.0,11,4.686337
0.0,30,4.687709
0.0,5,4.68799
0.0,9,4.688437
0.0,4,4.688686
0.0,3,4.688886
0.0,1,4.688996
0.0,10,4.689496
0.0,15,4.690206
0.0,18,4.691047
0.0,3,4.691246
0.0,13,4.691881
0.0,1,4.691994
0.0,8,4.6924
0.0,13,4.693033
0.0,8,4.693442
0.0,7,4.693818
0.0,4,4.694057
0.0,15,4.694773
0.0,2,4.69493
0.0,5,4.695214
0.0,7,4.695595
0.0,6,4.695919
0.0,12,4.696513
0.0,5,4.696795
0.0,12,4.697371
0.0,1,4.697479
0.0,8,4.697896
0.0,10,4.69839
0.0,3,4.698596
0.0,2,4.698749
0.0,3,4.698944
0.0,5,4.699223
0.0,1,4.699333
0.0,16,4.70009
0.0,14,4.700768
0.0,3,4.700965
0.0,6,4.701292
0.0,15,4.702009
0.0,3,4.702206
0.0,8,4.70263
0.0,11,4.703168
0.0,5,4.703453
0.0,11,4.703998
0.0,8,4.704404
0.0,1,4.704525
0.0,4,4.704763
0.0,21,4.705726
0.0,14,4.706388
0.0,2,4.70656
0.0,6,4.706887
0.0,13,4.707522
0.0,3,4.707719
0.0,1,4.707826
0.0,3,4.708021
0.0,4,4.708258
0.0,22,4.709281
0.0,10,4.709788
0.0,1,4.709898
0.0,1,4.710005
0.0,1,4.710114
0.0,17,4.710919
0.0,12,4.711506
0.0,18,4.712341
0.0,2,4.712504
0.0,1,4.712615
0.0,6,4.71294
0.0,11,4.713475
1.0,18,4.714314
0.0,22,4.715327
0.0,4,4.715578
0.0,16,4.716327
0.0,10,4.716839
0.0,9,4.717288
0.0,13,4.717916
0.0,13,4.718548
0.0,10,4.719042
0.0,17,4.719848
1.0,18,4.720691
0.0,3,4.720891
0.0,1,4.721001
0.0,9,4.721452
0.0,2,4.721614
0.0,2,4.721767
0.0,7,4.722133
0.0,3,4.722328
0.0,12,4.722918
0.0,4,4.72316
0.0,17,4.723962
0.0,20,4.724892
0.0,6,4.72522
0.0,7,4.725596
0.0,1,4.725708
0.0,10,4.726199
0.0,3,4.726397
0.0,6,4.726738
0.0,10,4.72723
0.0,1,4.72734
0.0,22,4.728349
0.0,10,4.728852
0.0,1,4.728964
0.0,6,4.729289
0.0,8,4.729709
0.0,10,4.730205
0.0,6,4.730543
0.0,9,4.730998
0.0,43,4.732907
0.0,6,4.733232
0.0,12,4.73382
0.0,16,4.734578
0.0,3,4.734776
0.0,1,4.734886
0.0,9,4.735342
0.0,1,4.735451
0.0,22,4.736463
0.0,4,4.736722
0.0,1,4.736831
0.0,25,4.737969
0.0,34,4.739494
0.0,1,4.739608
0.0,3,4.739803
1.0,7,4.740165
0.0,32,4.741606
0.0,18,4.742438
0.0,6,4.74277
0.0,9,4.74322
0.0,11,4.743765
0.0,4,4.744007
0.0,8,4.744413
0.0,15,4.745131
0.0,5,4.745411
0.0,6,4.745745
0.0,14,4.746406
0.0,29,4.747724
0.0,1,4.747837
0.0,5,4.748117
0.0,6,4.748439
0.0,3,4.748646
0.0,5,4.748929
0.0,1,4.749039
0.0,12,4.74963
0.0,13,4.750252
0.0,25,4.751388
1.0,10,4.751899
0.0,13,4.752533
0.0,11,4.753073
0.0,13,4.753707
0.0,3,4.753907
0.0,11,4.754443
0.0,3,4.754651
0.0,3,4.754848
0.0,9,4.755298
0.0,16,4.756056
0.0,5,4.756337
0.0,3,4.756552
0.0,23,4.757604
0.0,15,4.758313
0.0,6,4.758709
0.0,3,4.758907
0.0,3,4.759104
0.0,1,4.759213
0.0,28,4.760481
0.0,7,4.760857
0.0,10,4.761351
0.0,6,4.761687
0.0,34,4.763218
0.0,7,4.763601
1.0,12,4.764186
0.0,7,4.764576
0.0,5,4.764858
0.0,8,4.765266
0.0,12,4.765852
0.0,1,4.765963
0.0,45,4.76798
0.0,6,4.768305
0.0,5,4.768597
0.0,12,4.769179
0.0,22,4.770196
0.0,22,4.771214
1.0,26,4.772394
0.0,6,4.772731
0.0,21,4.7737
0.0,16,4.774445
0.0,46,4.776481
0.0,6,4.776824
0.0,5,4.777107
0.0,10,4.777612
0.0,19,4.778505
0.0,4,4.778744
0.0,2,4.778896
0.0,4,4.779135
0.0,11,4.779685
0.0,9,4.780138
0.0,11,4.780685
0.0,36,4.782286
0.0,1,4.782396
0.0,20,4.783327
0.0,8,4.78375
0.0,14,4.784422
0.0,7,4.784797
0.0,22,4.785809
0.0,2,4.785966
0.0,4,4.786205
0.0,7,4.78659
0.0,41,4.78841
0.0,1,4.788531
0.0,6,4.788854
0.0,4,4.789095
0.0,15,4.789815
0.0,13,4.790439
0.0,6,4.790772
0.0,38,4.792471
0.0,3,4.79268
0.0,3,4.792875
0.0,7,4.793241
0.0,5,4.793532
0.0,16,4.794275
0.0,8,4.794696
0.0,2,4.794851
0.0,8,4.795257
0.0,25,4.7964
0.0,27,4.79764
0.0,22,4.798656
0.0,5,4.798938
0.0,3,4.799134
0.0,2,4.799286
0.0,4,4.799535
0.0,2,4.799688
0.0,12,4.800266
0.0,3,4.800464
0.0,3,4.800667
0.0,5,4.800946
0.0,19,4.801832
0.0,18,4.802681
0.0,2,4.802838
0.0,13,4.803456
0.0,4,4.803701
0.0,7,4.804069
0.0,20,4.805002
0.0,6,4.805325
0.0,10,4.805827
0.0,9,4.806279
0.0,6,4.806621
0.0,8,4.80703
0.0,2,4.807182
0.0,4,4.807419
0.0,4,4.807671
0.0,6,4.807994
0.0,4,4.808233
0.0,9,4.808695
0.0,13,4.809318
0.0,7,4.809696
0.0,11,4.810234
1.0,10,4.81074
0.0,9,4.811189
0.0,9,4.811654
0.0,4,4.811894
0.0,8,4.812299
0.0,11,4.812846
0.0,1,4.812956
0.0,4,4.813193
0.0,19,4.814077
0.0,6,4.814404
0.0,5,4.814696
1.0,6,4.815018
0.0,1,4.815127
0.0,20,4.816055
0.0,13,4.816702
0.0,4,4.816945
0.0,21,4.817914
0.0,2,4.81807
0.0,8,4.818476
0.0,4,4.818727
0.0,24,4.819818
0.0,7,4.820184
0.0,26,4.821369
0.0,8,4.821795
0.0,15,4.822515
0.0,5,4.822801
0.0,7,4.82317
0.0,23,4.824238
0.0,6,4.824577
0.0,11,4.825116
0.0,12,4.825704
0.0,3,4.825902
0.0,13,4.82654
0.0,11,4.827086
0.0,2,4.827241
0.0,14,4.827915
0.0,32,4.829358
0.0,10,4.829865
0.0,8,4.830275
0.0,13,4.830905
0.0,3,4.831104
0.0,13,4.831736
0.0,38,4.833426
0.0,4,4.83368
0.0,17,4.834474
0.0,18,4.835312
0.0,9,4.835774
0.0,1,4.835883
0.0,4,4.83612
0.0,19,4.837009
0.0,15,4.83773
0.0,3,4.83793
1.0,11,4.838465
0.0,7,4.838843
0.0,8,4.839248
0.0,7,4.839623
0.0,7,4.839988
0.0,14,4.84067
0.0,16,4.841413
0.0,5,4.841705
0.0,10,4.842195
0.0,2,4.842346
0.0,1,4.842453
0.0,6,4.842789
0.0,35,4.844353
0.0,5,4.844646
0.0,1,4.844758
0.0,4,4.844999
0.0,1,4.845109
0.0,12,4.845701
0.0,8,4.846111
0.0,7,4.846476
0.0,1,4.846601
0.0,9,4.847054
0.0,15,4.847773
0.0,7,4.848144
0.0,8,4.848561
0.0,14,4.849221
0.0,19,4.85011
0.0,4,4.85035
0.0,7,4.850726
1.0,21,4.851698
0.0,10,4.852195
0.0,7,4.852576
0.0,5,4.852863
0.0,15,4.853584
0.0,4,4.853826
0.0,21,4.854802
0.0,6,4.855128
0.0,8,4.855548
0.0,12,4.856128
0.0,9,4.856596
1.0,19,4.857476
0.0,6,4.857825
0.0,3,4.85802
0.0,2,4.858173
0.0,10,4.85868
0.0,5,4.858966
0.0,12,4.859552
0.0,19,4.860428
1.0,10,4.86093
0.0,8,4.861343
1.0,12,4.861928
0.0,6,4.862255
1.0,16,4.863018
0.0,1,4.863127
0.0,25,4.864258
0.0,16,4.865019
0.0,5,4.865362
0.0,17,4.866168
0.0,6,4.866509
0.0,28,4.867777
0.0,3,4.867974
0.0,1,4.868083
0.0,10,4.868586
0.0,8,4.868993
0.0,6,4.869318
0.0,2,4.869473
0.0,10,4.86998
0.0,14,4.870656
0.0,1,4.870768
0.0,7,4.871133
0.0,13,4.871764
0.0,26,4.872957
0.0,13,4.873587
1.0,16,4.874332
0.0,11,4.87488
0.0,1,4.87499
0.0,4,4.875226
0.0,7,4.875602
0.0,1,4.875714
0.0,6,4.876036
0.0,4,4.876273
0.0,4,4.87653
0.0,2,4.876683
0.0,11,4.877217
0.0,13,4.87785
0.0,7,4.87822
0.0,5,4.878514
0.0,4,4.878757
0.0,11,4.879292
0.0,12,4.879884
1.0,44,4.881856
0.0,11,4.88239
0.0,6,4.882726
0.0,14,4.883384
0.0,16,4.884141
0.0,18,4.88498
0.0,10,4.88547
0.0,10,4.885968
0.0,25,4.887108
0.0,18,4.887955
0.0,35,4.889532
0.0,9,4.88998
0.0,5,4.890265
0.0,3,4.890463
0.0,7,4.890836
0.0,11,4.891372
0.0,20,4.892298
0.0,5,4.892594
0.0,1,4.892703
0.0,3,4.8929
0.0,23,4.89396
0.0,11,4.894506
0.0,5,4.894792
0.0,5,4.895072
0.0,6,4.895393
0.0,10,4.895902
0.0,9,4.89635
0.0,29,4.897675
0.0,13,4.898293
0.0,3,4.898497
0.0,14,4.899162
0.0,1,4.899273
0.0,5,4.899564
0.0,18,4.900397
0.0,16,4.901157
0.0,10,4.901664
0.0,10,4.902154
0.0,3,4.902352
0.0,3,4.902563
0.0,5,4.902843
0.0,1,4.902951
0.0,5,4.903232
0.0,9,4.903692
0.0,1,4.903804
0.0,13,4.904424
0.0,13,4.905053
0.0,3,4.905249
0.0,21,4.906221
0.0,9,4.906691
0.0,2,4.906847
0.0,6,4.907169
0.0,20,4.908104
0.0,4,4.908347
0.0,4,4.9086
1.0,31,4.910003
0.0,22,4.911022
0.0,21,4.911996
0.0,16,4.912759
0.0,8,4.913169
0.0,5,4.913452
0.0,15,4.914167
0.0,12,4.914757
0.0,6,4.915086
0.0,13,4.915716
0.0,13,4.916339
0.0,9,4.916813
0.0,2,4.916968
0.0,12,4.917558
0.0,1,4.917668
0.0,9,4.918115
0.0,7,4.918482
0.0,14,4.919153
0.0,14,4.919831
0.0,8,4.92024
0.0,9,4.920701
0.0,8,4.921106
0.0,10,4.921614
0.0,1,4.921724
0.0,4,4.921964
0.0,4,4.922201
0.0,2,4.922353
0.0,2,4.922516
0.0,7,4.922881
0.0,20,4.923811
0.0,15,4.924534
0.0,1,4.924646
0.0,24,4.925748
0.0,3,4.925947
0.0,5,4.926227
0.0,14,4.926903
0.0,45,4.928895
1.0,15,4.929614
0.0,4,4.929855
0.0,12,4.93043
0.0,2,4.930595
0.0,12,4.931174
0.0,5,4.931453
0.0,5,4.931745
0.0,10,4.932235
0.0,4,4.932472
0.0,2,4.932634
0.0,24,4.933727
0.0,12,4.934306
0.0,16,4.935071
0.0,2,4.935225
0.0,17,4.936029
0.0,9,4.936497
0.0,14,4.937162
1.0,8,4.937588
0.0,3,4.937785
0.0,2,4.93794
0.0,7,4.938306
0.0,7,4.938687
0.0,7,4.939056
0.0,8,4.939461
0.0,17,4.940259
0.0,5,4.940554
0.0,16,4.941303
0.0,4,4.941551
0.0,8,4.94196
0.0,2,4.942112
0.0,11,4.942654
0.0,9,4.943112
0.0,5,4.943392
1.0,21,4.944362
0.0,4,4.944612
1.0,37,4.946251
0.0,12,4.946854
0.0,2,4.947011
0.0,10,4.947515
0.0,4,4.947757
0.0,8,4.948164
0.0,12,4.948747
0.0,11,4.949285
0.0,8,4.949708
0.0,3,4.949906
0.0,7,4.95027
0.0,4,4.95052
0.0,16,4.951267
0.0,11,4.951818
0.0,5,4.952103
1.0,18,4.95295
0.0,1,4.953059
0.0,10,4.953564
0.0,13,4.954188
0.0,1,4.954296
0.0,13,4.954929
0.0,25,4.956062
0.0,17,4.956866
1.0,8,4.957277
0.0,21,4.958243
0.0,10,4.95875
0.0,10,4.959245
0.0,7,4.959622
0.0,32,4.961051
0.0,29,4.962358
0.0,5,4.962655
0.0,1,4.962766
0.0,15,4.963467
1.0,20,4.964404
0.0,8,4.964824
0.0,1,4.964935
0.0,14,4.965607
0.0,5,4.96589
0.0,2,4.966043
0.0,3,4.966239
0.0,12,4.966896
0.0,19,4.967785
0.0,9,4.968239
0.0,7,4.96862
0.0,21,4.969592
0.0,9,4.970042
0.0,15,4.97076
0.0,4,4.971003
0.0,3,4.971202
0.0,14,4.971877
0.0,1,4.971987
0.0,2,4.972141
0.0,6,4.972464
0.0,14,4.973137
0.0,9,4.973602
0.0,1,4.973713
0.0,20,4.974637
0.0,17,4.975427
0.0,14,4.976101
0.0,8,4.976524
0.0,9,4.976979
0.0,22,4.977996
0.0,4,4.978239
0.0,23,4.979298
0.0,23,4.980362
0.0,20,4.981295
0.0,4,4.981548
0.0,5,4.981832
0.0,19,4.98272
0.0,2,4.982876
0.0,18,4.983716
0.0,6,4.984044
0.0,9,4.984507
0.0,17,4.9853
0.0,1,4.985409
0.0,5,4.985701
0.0,8,4.986116
0.0,8,4.986542
0.0,2,4.986697
0.0,5,4.986979
0.0,18,4.987822
0.0,11,4.988359
0.0,30,4.989711
0.0,4,4.989949
0.0,12,4.990537
0.0,20,4.991462
0.0,10,4.991964
0.0,12,4.992553
0.0,13,4.993175
0.0,9,4.993639
0.0,12,4.994214
0.0,1,4.994322
0.0,1,4.994429
0.0,6,4.994761
0.0,12,4.995342
0.0,11,4.995897
0.0,6,4.996219
0.0,6,4.996559
0.0,19,4.997434
0.0,5,4.997725
0.0,6,4.998052
0.0,16,4.999187
0.0,22,4.999861
0.0,5,5.000062
0.0,28,5.000885
0.0,7,5.001138
0.0,15,5.001613
0.0,19,5.002187
0.0,13,5.00261
0.0,7,5.002863
0.0,55,5.004406
0.0,10,5.00475
0.0,15,5.005217
0.0,11,5.005587
0.0,18,5.006131
0.0,55,5.007683
0.0,26,5.008442
0.0,23,5.009124
0.0,19,5.009707
0.0,20,5.010302
0.0,13,5.010722
0.0,10,5.011054
0.0,10,5.011383
0.0,37,5.01245
0.0,27,5.013242
0.0,53,5.01475
1.0,14,5.015632
0.0,19,5.01622
0.0,27,5.017028
0.0,14,5.017468
0.0,16,5.017969
0.0,10,5.018298
0.0,27,5.019099
0.0,5,5.019301
0.0,7,5.019565
0.0,23,5.020234
0.0,38,5.021317
0.0,5,5.021539
0.0,41,5.022699
0.0,31,5.023607
0.0,4,5.023783
0.0,64,5.025567
0.0,30,5.026444
0.0,39,5.027575
1.0,9,5.027887
0.0,11,5.02824
0.0,18,5.028791
0.0,15,5.029251
0.0,14,5.029728
0.0,9,5.030031
0.0,16,5.030527
0.0,18,5.031066
0.0,5,5.031261
0.0,12,5.031655
0.0,29,5.032483
0.0,35,5.033495
0.0,42,5.034685
0.0,23,5.035363
0.0,8,5.035657
0.0,9,5.035959
0.0,7,5.036209
0.0,10,5.036558
0.0,8,5.036834
0.0,24,5.037544
0.0,15,5.038005
0.0,4,5.038175
0.0,52,5.03964
0.0,21,5.040272
0.0,17,5.040814
0.0,43,5.042032
0.0,9,5.042343
0.0,9,5.042657
0.0,58,5.044262
0.0,23,5.044967
1.0,28,5.04579
0.0,10,5.046123
0.0,12,5.046523
0.0,5,5.046721
0.0,16,5.047206
0.0,42,5.048395
0.0,9,5.04872
0.0,4,5.048891
0.0,23,5.049575
0.0,10,5.049907
0.0,18,5.050452
0.0,6,5.050686
0.0,8,5.050963
1.0,7,5.051212
0.0,29,5.052058
0.0,13,5.052468
0.0,6,5.052703
0.0,8,5.052978
0.0,18,5.053534
0.0,5,5.053732
0.0,72,5.055727
0.0,16,5.056244
0.0,20,5.056858
0.0,25,5.057601
0.0,5,5.057801
0.0,8,5.058076
0.0,39,5.059183
0.0,25,5.05993
0.0,64,5.06172
0.0,11,5.062099
0.0,45,5.06337
0.0,20,5.063983
0.0,7,5.064234
0.0,20,5.064841
0.0,15,5.065305
0.0,6,5.06554
0.0,38,5.066638
0.0,6,5.066864
0.0,8,5.06714
0.0,8,5.067415
0.0,9,5.067729
0.0,10,5.06806
0.0,41,5.069229
0.0,17,5.069758
0.0,11,5.070115
0.0,17,5.070642
0.0,20,5.071237
0.0,6,5.07146
0.0,28,5.072267
0.0,4,5.072438
0.0,33,5.073383
0.0,32,5.074311
0.0,38,5.075397
1.0,49,5.076791
0.0,9,5.077097
0.0,16,5.077598
0.0,28,5.078408
1.0,22,5.079065
0.0,10,5.079394
0.0,55,5.080929
0.0,5,5.081127
0.0,16,5.081626
1.0,24,5.082326
0.0,10,5.082667
0.0,24,5.083366
0.0,36,5.084395
0.0,22,5.085055
0.0,4,5.085227
0.0,19,5.085808
0.0,9,5.086113
0.0,39,5.087237
0.0,22,5.087896
0.0,18,5.088439
0.0,43,5.089664
1.0,38,5.090751
1.0,24,5.091451
0.0,43,5.092678
0.0,14,5.093115
0.0,11,5.093471
0.0,12,5.093863
0.0,12,5.094245
0.0,4,5.094414
0.0,5,5.094622
0.0,10,5.094952
0.0,14,5.095388
0.0,15,5.095862
0.0,20,5.096454
0.0,45,5.097764
0.0,15,5.098226
0.0,6,5.098462
0.0,11,5.098826
0.0,12,5.099307
0.0,5,5.099514
0.0,15,5.099977
0.0,9,5.10028
0.0,20,5.100888
0.0,12,5.101272
0.0,38,5.102353
0.0,8,5.102642
0.0,43,5.10386
0.0,10,5.104192
0.0,7,5.104442
0.0,21,5.105073
0.0,7,5.105323
0.0,24,5.106036
0.0,30,5.106911
0.0,9,5.107214
0.0,6,5.107436
0.0,15,5.107907
0.0,17,5.10842
0.0,14,5.108865
0.0,31,5.109761
0.0,20,5.110354
0.0,6,5.110588
0.0,17,5.111102
1.0,29,5.111947
0.0,26,5.112713
0.0,27,5.113508
0.0,5,5.113706
0.0,13,5.114113
0.0,7,5.114361
0.0,25,5.1151
0.0,18,5.115654
0.0,4,5.115825
0.0,17,5.116337
0.0,7,5.116603
0.0,12,5.116985
0.0,42,5.118176
0.0,15,5.118652
0.0,26,5.119406
0.0,21,5.120036
1.0,21,5.120671
0.0,52,5.122128
0.0,11,5.122496
0.0,23,5.123171
0.0,15,5.123643
0.0,7,5.123893
0.0,39,5.124998
0.0,15,5.12546
0.0,62,5.127193
0.0,9,5.127508
0.0,8,5.127786
1.0,22,5.12843
0.0,15,5.128903
0.0,18,5.129446
0.0,15,5.129916
0.0,9,5.130219
0.0,26,5.130984
0.0,28,5.131802
0.0,13,5.132211
0.0,26,5.132973
0.0,9,5.133277
0.0,17,5.133804
0.0,6,5.13403
0.0,24,5.13474
0.0,22,5.135389
0.0,12,5.135784
0.0,8,5.136062
1.0,17,5.136596
0.0,10,5.136929
0.0,15,5.13739
0.0,22,5.13805
0.0,11,5.138408
0.0,70,5.140355
0.0,14,5.140805
0.0,27,5.141601
0.0,25,5.142331
0.0,18,5.142887
0.0,24,5.143602
0.0,17,5.14412
0.0,6,5.144343
0.0,19,5.14492
0.0,4,5.145092
0.0,7,5.145341
0.0,23,5.146025
0.0,13,5.146434
0.0,9,5.146753
1.0,36,5.147782
0.0,9,5.148085
0.0,5,5.148282
0.0,7,5.148543
0.0,10,5.148874
0.0,8,5.14915
0.0,26,5.149916
0.0,10,5.150248
0.0,10,5.150589
0.0,4,5.15076
0.0,20,5.151353
0.0,21,5.151985
0.0,9,5.152289
0.0,15,5.152764
0.0,14,5.153201
0.0,48,5.154562
0.0,24,5.155267
0.0,8,5.155556
0.0,9,5.155862
0.0,14,5.156296
0.0,21,5.156935
0.0,42,5.158132
0.0,11,5.158501
0.0,15,5.158965
0.0,16,5.159454
0.0,11,5.159818
0.0,31,5.160718
0.0,29,5.161563
0.0,19,5.162134
0.0,8,5.162411
0.0,17,5.162937
1.0,8,5.163216
0.0,9,5.16353
0.0,41,5.164693
1.0,10,5.165025
0.0,4,5.165195
0.0,11,5.165561
0.0,16,5.166051
0.0,30,5.166927
0.0,16,5.167419
1.0,18,5.167971
0.0,7,5.168222
1.0,14,5.168668
0.0,19,5.169236
0.0,21,5.16988
0.0,4,5.170052
0.0,13,5.17046
0.0,6,5.170689
0.0,5,5.170886
0.0,29,5.171725
0.0,19,5.172293
0.0,25,5.173028
1.0,15,5.173501
0.0,17,5.17402
0.0,29,5.174861
0.0,15,5.175325
0.0,34,5.176303
0.0,40,5.177447
1.0,40,5.178598
0.0,10,5.178931
0.0,22,5.179591
0.0,25,5.180321
0.0,20,5.180924
0.0,24,5.18164
0.0,12,5.182025
0.0,9,5.182329
0.0,23,5.183015
0.0,11,5.183375
0.0,20,5.183977
0.0,14,5.184417
0.0,13,5.184837
0.0,30,5.185714
0.0,6,5.185939
0.0,7,5.186189
0.0,5,5.186385
0.0,31,5.187292
0.0,10,5.187636
0.0,10,5.187968
0.0,29,5.188812
0.0,18,5.189356
0.0,8,5.189642
0.0,52,5.191103
0.0,9,5.191408
0.0,8,5.191695
0.0,8,5.191972
0.0,5,5.192169
0.0,33,5.193117
0.0,7,5.193368
0.0,25,5.194109
0.0,11,5.19447
0.0,17,5.194993
0.0,7,5.195243
0.0,9,5.195555
0.0,5,5.195753
0.0,26,5.196522
0.0,10,5.196854
0.0,6,5.197077
0.0,23,5.197762
0.0,8,5.19804
0.0,8,5.198315
0.0,10,5.198654
0.0,7,5.198905
0.0,21,5.199594
0.0,26,5.200351
0.0,37,5.201403
0.0,8,5.201692
0.0,36,5.202721
0.0,18,5.203262
0.0,40,5.204395
0.0,30,5.205266
0.0,6,5.2055
0.0,15,5.205963
0.0,9,5.206265
0.0,5,5.206461
0.0,7,5.206722
0.0,4,5.206893
0.0,15,5.207353
0.0,12,5.207748
0.0,9,5.208052
0.0,15,5.208525
0.0,8,5.208802
0.0,9,5.209103
0.0,14,5.20955
0.0,15,5.210011
0.0,22,5.210668
0.0,8,5.210946
1.0,12,5.211327
0.0,19,5.211909
0.0,55,5.213452
0.0,4,5.21363
0.0,10,5.21396
0.0,8,5.214235
0.0,8,5.214521
0.0,13,5.214931
0.0,8,5.215205
0.0,22,5.215862
0.0,15,5.216324
0.0,37,5.217381
0.0,6,5.217619
1.0,13,5.218028
0.0,8,5.218303
0.0,6,5.218537
0.0,12,5.21892
0.0,62,5.220646
0.0,38,5.22173
0.0,7,5.22198
0.0,20,5.222584
0.0,4,5.222754
0.0,13,5.22316
0.0,22,5.223816
0.0,22,5.224464
0.0,20,5.225064
1.0,12,5.225445
0.0,4,5.225623
0.0,23,5.226298
0.0,5,5.226507
0.0,18,5.227051
0.0,33,5.227998
0.0,17,5.228523
0.0,24,5.229222
0.0,14,5.229669
0.0,17,5.230184
0.0,72,5.232171
0.0,10,5.232513
0.0,4,5.232685
0.0,7,5.232933
1.0,13,5.233342
0.0,9,5.233655
0.0,11,5.234009
0.0,13,5.234417
0.0,18,5.234967
0.0,15,5.235429
0.0,6,5.235662
0.0,12,5.236043
0.0,12,5.236424
0.0,4,5.236609
0.0,12,5.236991
0.0,20,5.237594
0.0,37,5.238652
0.0,4,5.238823
0.0,40,5.239959
0.0,6,5.240182
0.0,6,5.240405
0.0,49,5.2418
0.0,10,5.242129
0.0,7,5.242377
0.0,19,5.242955
0.0,30,5.243822
0.0,20,5.244412
0.0,23,5.245098
0.0,7,5.245347
0.0,17,5.245871
0.0,20,5.246464
0.0,10,5.246806
0.0,10,5.247134
0.0,27,5.247923
0.0,16,5.248411
0.0,9,5.248725
0.0,9,5.249029
0.0,35,5.250026
0.0,5,5.250225
0.0,22,5.250884
1.0,11,5.251242
0.0,9,5.251555
1.0,58,5.253166
0.0,16,5.253671
0.0,24,5.254372
0.0,6,5.254607
0.0,22,5.255254
0.0,6,5.255477
0.0,25,5.256215
0.0,46,5.257526
0.0,13,5.257938
0.0,10,5.258267
0.0,47,5.259595
0.0,7,5.259847
0.0,6,5.26007
1.0,59,5.261711
0.0,19,5.26228
0.0,16,5.262779
0.0,48,5.264127
0.0,10,5.264458
0.0,15,5.264927
0.0,41,5.266087
0.0,42,5.267287
0.0,4,5.267458
0.0,12,5.267846
0.0,25,5.268585
0.0,20,5.269177
0.0,6,5.269399
0.0,13,5.269819
0.0,6,5.270043
0.0,6,5.270265
0.0,13,5.270685
0.0,16,5.271173
0.0,6,5.271395
0.0,18,5.271948
1.0,39,5.273058
0.0,9,5.273365
0.0,19,5.273941
0.0,14,5.274377
0.0,15,5.27485
0.0,8,5.275127
0.0,16,5.275627
0.0,21,5.276248
0.0,23,5.276941
0.0,8,5.277219
0.0,8,5.277505
0.0,22,5.278156
0.0,9,5.278458
0.0,22,5.279112
0.0,5,5.27931
0.0,24,5.280024
0.0,32,5.280951
0.0,53,5.282436
0.0,5,5.282642
0.0,9,5.282948
0.0,9,5.283251
0.0,11,5.283618
0.0,6,5.283844
1.0,28,5.284663
0.0,31,5.285562
0.0,5,5.28576
0.0,30,5.286638
0.0,27,5.287419
0.0,5,5.287626
1.0,7,5.287878
0.0,8,5.288154
0.0,38,5.289243
0.0,7,5.289505
1.0,9,5.289812
0.0,20,5.290408
0.0,24,5.291118
0.0,14,5.291566
0.0,13,5.291977
0.0,10,5.292306
0.0,12,5.2927
0.0,6,5.292925
0.0,16,5.293411
0.0,31,5.294304
0.0,13,5.294727
0.0,8,5.295005
0.0,17,5.295531
0.0,4,5.295702
0.0,100,5.298444
0.0,25,5.299182
0.0,46,5.300552
1.0,12,5.300937
0.0,38,5.302019
0.0,100,5.304775
0.0,8,5.305052
0.0,23,5.305755
1.0,9,5.306062
0.0,12,5.306444
0.0,29,5.307292
0.0,42,5.308482
0.0,5,5.308689
0.0,19,5.309256
0.0,18,5.309809
0.0,18,5.310353
0.0,11,5.31072
0.0,9,5.311025
0.0,27,5.311819
0.0,17,5.312334
0.0,12,5.312727
0.0,8,5.313005
0.0,45,5.314279
0.0,5,5.314477
0.0,6,5.31471
0.0,6,5.314932
1.0,15,5.315392
0.0,40,5.316541
0.0,6,5.316766
0.0,26,5.317533
0.0,21,5.318155
0.0,15,5.318626
0.0,30,5.319499
0.0,10,5.319831
0.0,26,5.320598
0.0,13,5.321008
0.0,36,5.322037
0.0,23,5.322726
0.0,40,5.323863
0.0,13,5.324272
0.0,23,5.324957
0.0,12,5.325339
0.0,21,5.325972
0.0,29,5.326824
0.0,37,5.327885
0.0,68,5.329781
0.0,46,5.33108
0.0,16,5.331583
0.0,12,5.331967
0.0,13,5.332377
0.0,44,5.333625
0.0,11,5.333982
0.0,14,5.334416
0.0,31,5.335314
0.0,11,5.335683
0.0,22,5.336332
0.0,11,5.336704
0.0,13,5.337114
0.0,16,5.337613
0.0,23,5.338289
0.0,6,5.338522
0.0,10,5.338852
0.0,9,5.339153
0.0,32,5.340075
0.0,23,5.340762
0.0,20,5.34136
0.0,26,5.342128
0.0,15,5.342601
0.0,5,5.342798
0.0,8,5.343075
0.0,10,5.343402
0.0,16,5.3439
0.0,10,5.344228
0.0,20,5.344832
0.0,23,5.345514
0.0,8,5.345789
0.0,6,5.346011
0.0,7,5.346261
0.0,25,5.347003
0.0,17,5.347533
0.0,36,5.34856
0.0,22,5.349208
0.0,5,5.349403
0.0,8,5.34969
0.0,9,5.349994
0.0,27,5.350787
0.0,7,5.351038
0.0,20,5.351643
0.0,12,5.352027
0.0,27,5.352829
1.0,20,5.353428
0.0,30,5.354299
0.0,35,5.355304
0.0,26,5.356075
0.0,15,5.356555
0.0,6,5.356779
0.0,11,5.357135
0.0,17,5.357661
0.0,5,5.357858
0.0,19,5.358425
0.0,13,5.358845
0.0,35,5.359849
0.0,12,5.360234
0.0,15,5.360707
0.0,12,5.36109
0.0,15,5.361561
0.0,37,5.36262
0.0,4,5.362791
0.0,10,5.363118
0.0,6,5.363339
0.0,7,5.363599
0.0,18,5.36414
0.0,17,5.364664
0.0,18,5.365203
0.0,9,5.365516
0.0,43,5.366737
0.0,42,5.367926
0.0,16,5.368413
0.0,10,5.368753
0.0,7,5.369004
0.0,24,5.369713
0.0,10,5.370043
0.0,6,5.370267
1.0,8,5.370556
0.0,7,5.370808
0.0,21,5.371428
0.0,59,5.373076
0.0,4,5.373249
0.0,17,5.373777
0.0,9,5.374081
0.0,9,5.374384
0.0,6,5.374619
0.0,16,5.375108
0.0,5,5.375305
0.0,4,5.375474
0.0,7,5.375733
0.0,12,5.376116
0.0,10,5.376444
0.0,10,5.376788
0.0,20,5.377383
0.0,17,5.377911
0.0,4,5.378082
0.0,30,5.378949
0.0,4,5.37912
0.0,22,5.379778
0.0,39,5.380886
0.0,12,5.38127
0.0,41,5.38243
0.0,48,5.38379
0.0,56,5.385344
1.0,27,5.386136
0.0,28,5.386961
0.0,34,5.387941
0.0,13,5.388352
0.0,17,5.388878
0.0,8,5.389155
0.0,7,5.389404
0.0,21,5.390035
0.0,44,5.391282
0.0,5,5.391481
0.0,12,5.391875
0.0,15,5.392335
0.0,38,5.393421
0.0,12,5.393816
0.0,25,5.394556
0.0,20,5.395151
0.0,27,5.395942
0.0,64,5.39773
0.0,6,5.397957
0.0,7,5.398206
0.0,15,5.39868
0.0,6,5.398905
0.0,13,5.399314
0.0,16,5.399869
0.0,34,5.400846
0.0,16,5.401336
0.0,39,5.402448
0.0,16,5.402944
0.0,14,5.403381
0.0,13,5.403802
0.0,65,5.405604
0.0,73,5.407632
0.0,14,5.408069
0.0,12,5.408449
0.0,23,5.409127
0.0,10,5.409455
0.0,15,5.409922
0.0,14,5.41036
0.0,6,5.410594
0.0,8,5.41087
0.0,4,5.411039
0.0,33,5.411986
0.0,19,5.412568
0.0,14,5.413004
0.0,31,5.413895
0.0,21,5.414525
0.0,10,5.414855
0.0,4,5.415024
0.0,15,5.415484
0.0,20,5.416088
0.0,15,5.416566
0.0,17,5.417082
0.0,6,5.417303
0.0,25,5.418039
0.0,54,5.419557
0.0,12,5.419939
0.0,15,5.420398
0.0,7,5.420656
0.0,7,5.420906
0.0,13,5.421313
0.0,16,5.421812
0.0,18,5.422356
0.0,31,5.423252
0.0,39,5.424358
0.0,12,5.424755
0.0,19,5.425321
0.0,8,5.425607
1.0,13,5.426015
0.0,8,5.42629
0.0,25,5.42703
0.0,21,5.427665
0.0,62,5.429386
0.0,23,5.430075
0.0,5,5.430272
0.0,9,5.430585
0.0,6,5.430808
0.0,5,5.431005
0.0,8,5.43128
0.0,19,5.431857
0.0,14,5.432292
0.0,25,5.433029
0.0,15,5.433497
0.0,6,5.433722
0.0,13,5.434129
0.0,10,5.434457
0.0,15,5.434925
0.0,17,5.435437
0.0,34,5.43641
0.0,33,5.437371
0.0,8,5.437661
0.0,6,5.437883
0.0,6,5.438105
0.0,25,5.438838
0.0,12,5.439221
0.0,7,5.43947
0.0,20,5.440071
0.0,5,5.440266
0.0,16,5.440773
0.0,6,5.440997
0.0,11,5.441352
0.0,22,5.442008
0.0,10,5.442339
0.0,16,5.442838
1.0,8,5.443129
0.0,30,5.443998
0.0,6,5.444223
0.0,29,5.445064
0.0,20,5.445671
0.0,20,5.446265
0.0,21,5.446899
0.0,9,5.447203
0.0,22,5.447861
0.0,16,5.448351
1.0,27,5.449143
1.0,16,5.449644
1.0,14,5.45008
0.0,19,5.450656
0.0,7,5.450906
0.0,4,5.451074
0.0,10,5.451401
0.0,6,5.451634
0.0,28,5.452439
0.0,34,5.453407
0.0,20,5.454009
0.0,6,5.454232
0.0,22,5.45489
0.0,11,5.455247
0.0,6,5.455469
0.0,5,5.455675
0.0,6,5.455897
0.0,8,5.456171
0.0,21,5.456808
0.0,7,5.457058
0.0,16,5.457556
0.0,17,5.458071
0.0,15,5.458541
0.0,12,5.458923
0.0,9,5.459225
0.0,7,5.459473
0.0,5,5.459678
0.0,10,5.460007
0.0,15,5.460467
0.0,15,5.460936
0.0,22,5.461592
0.0,33,5.462541
0.0,11,5.462898
0.0,40,5.464032
0.0,8,5.464309
0.0,11,5.464677
0.0,15,5.465138
0.0,25,5.465875
0.0,5,5.466073
0.0,9,5.466373
0.0,30,5.467247
0.0,44,5.468495
0.0,32,5.469406
0.0,31,5.4703
0.0,16,5.470801
0.0,23,5.471475
0.0,22,5.472128
0.0,21,5.472759
0.0,7,5.473009
0.0,39,5.474121
0.0,23,5.474806
1.0,11,5.475165
0.0,9,5.475468
0.0,20,5.47607
0.0,4,5.47624
0.0,19,5.476827
0.0,9,5.477133
0.0,8,5.477409
0.0,28,5.478224
0.0,59,5.479876
0.0,8,5.480155
0.0,25,5.480892
0.0,7,5.481143
0.0,4,5.481313
0.0,13,5.481734
0.0,47,5.483059
0.0,12,5.483442
0.0,17,5.483964
0.0,28,5.484787
0.0,4,5.484959
0.0,18,5.485513
0.0,21,5.486135
0.0,19,5.486722
0.0,36,5.487757
0.0,11,5.488116
0.0,4,5.488286
0.0,13,5.488707
1.0,17,5.489223
0.0,58,5.490853
0.0,8,5.491132
0.0,17,5.491659
0.0,16,5.492148
1.0,15,5.49262
0.0,16,5.493112
0.0,35,5.494115
0.0,15,5.49459
0.0,14,5.495026
0.0,17,5.495549
0.0,6,5.495773
0.0,21,5.496392
0.0,27,5.497185
0.0,46,5.498477
0.0,44,5.49973
0.0,23,5.500467
0.0,10,5.500806
0.0,9,5.501108
0.0,5,5.501304
0.0,10,5.501643
0.0,32,5.502568
0.0,21,5.503189
0.0,24,5.503898
1.0,41,5.505064
0.0,5,5.505262
0.0,60,5.506948
0.0,6,5.507174
0.0,5,5.507369
0.0,6,5.507601
0.0,12,5.507985
0.0,18,5.508537
0.0,14,5.508974
0.0,14,5.509412
1.0,36,5.51044
1.0,17,5.510966
0.0,16,5.511455
0.0,33,5.512398
0.0,12,5.512792
0.0,9,5.513096
0.0,5,5.513291
0.0,10,5.51363
0.0,9,5.513933
0.0,8,5.514209
0.0,21,5.514841
0.0,9,5.515144
0.0,32,5.516065
0.0,33,5.517025
0.0,25,5.517766
0.0,23,5.518445
0.0,27,5.519233
0.0,30,5.520107
0.0,34,5.521088
0.0,11,5.521445
1.0,10,5.521782
0.0,23,5.522459
0.0,25,5.523193
0.0,28,5.524012
0.0,22,5.524674
0.0,15,5.525136
1.0,8,5.525412
0.0,34,5.526389
0.0,4,5.526578
0.0,13,5.526988
0.0,37,5.528043
0.0,6,5.528266
0.0,12,5.528658
0.0,18,5.529199
0.0,4,5.529367
0.0,6,5.529601
0.0,10,5.529929
0.0,8,5.530204
0.0,23,5.530918
0.0,8,5.531194
1.0,37,5.532249
0.0,15,5.532724
0.0,7,5.532975
0.0,7,5.533223
0.0,6,5.533445
0.0,20,5.534044
0.0,4,5.534216
0.0,15,5.534686
0.0,12,5.535067
0.0,45,5.536337
0.0,31,5.537241
0.0,26,5.538007
0.0,29,5.538851
0.0,6,5.539075
0.0,28,5.539891
0.0,69,5.541799
0.0,7,5.54205
0.0,7,5.542298
0.0,10,5.542637
0.0,33,5.543585
0.0,4,5.543755
1.0,14,5.544189
0.0,13,5.54461
0.0,36,5.545637
0.0,67,5.547509
0.0,4,5.547682
0.0,11,5.548037
0.0,16,5.548534
0.0,21,5.549154
0.0,29,5.549996
0.0,25,5.550735
0.0,22,5.551382
0.0,16,5.551881
0.0,16,5.55237
0.0,10,5.552708
0.0,10,5.553038
0.0,10,5.553367
0.0,16,5.553868
0.0,16,5.554358
0.0,5,5.554564
0.0,15,5.555025
1.0,26,5.555788
0.0,31,5.556693
0.0,27,5.557476
0.0,14,5.557923
0.0,7,5.558171
0.0,17,5.558697
0.0,4,5.558886
0.0,35,5.559889
0.0,23,5.560576
0.0,9,5.560881
0.0,40,5.562016
0.0,4,5.562188
0.0,7,5.562436
1.0,14,5.562881
0.0,28,5.563704
0.0,72,5.565703
0.0,61,5.567407
0.0,19,5.567987
0.0,6,5.568211
0.0,32,5.569134
0.0,36,5.570168
0.0,19,5.570751
0.0,21,5.571374
0.0,11,5.571741
0.0,33,5.572691
0.0,13,5.573101
0.0,20,5.573703
0.0,10,5.574034
0.0,4,5.574203
0.0,29,5.57505
1.0,18,5.575603
0.0,8,5.575881
0.0,42,5.577077
0.0,16,5.57758
1.0,17,5.578096
0.0,6,5.578318
0.0,8,5.578604
0.0,19,5.579173
0.0,9,5.579474
0.0,10,5.579812
0.0,11,5.580168
1.0,20,5.580772
0.0,10,5.581103
0.0,6,5.581324
0.0,4,5.581517
1.0,17,5.582036
0.0,15,5.582505
1.0,19,5.583076
0.0,5,5.583272
0.0,6,5.583503
0.0,21,5.584126
0.0,11,5.584481
0.0,22,5.585136
0.0,17,5.58566
0.0,62,5.587383
0.0,14,5.587832
0.0,30,5.588703
0.0,41,5.58987
0.0,6,5.590097
0.0,18,5.59065
0.0,6,5.590875
0.0,21,5.591505
0.0,22,5.592154
0.0,8,5.59243
0.0,7,5.592691
0.0,4,5.592862
0.0,8,5.593138
0.0,21,5.593768
0.0,16,5.594258
0.0,6,5.594481
0.0,25,5.595217
0.0,37,5.596275
0.0,20,5.596889
0.0,23,5.597579
0.0,11,5.597936
0.0,11,5.598292
0.0,18,5.598845
0.0,4,5.599017
0.0,16,5.599515
0.0,46,5.600812
0.0,17,5.601388
0.0,11,5.601758
0.0,23,5.602434
0.0,14,5.602878
0.0,8,5.603155
0.0,38,5.604237
0.0,11,5.604606
0.0,21,5.605227
0.0,8,5.605512
0.0,28,5.60632
0.0,4,5.606502
0.0,12,5.606885
0.0,19,5.60745
1.0,14,5.607891
0.0,4,5.608062
0.0,14,5.608507
0.0,24,5.609209
1.0,20,5.609812
1.0,42,5.611004
0.0,6,5.611229
0.0,7,5.611476
0.0,31,5.612371
0.0,19,5.612947
0.0,29,5.61379
0.0,34,5.614766
0.0,12,5.615148
0.0,28,5.615962
0.0,10,5.616292
1.0,16,5.616797
0.0,24,5.617507
0.0,10,5.617837
0.0,5,5.618032
0.0,30,5.618898
0.0,5,5.619095
0.0,21,5.619727
0.0,43,5.620945
0.0,10,5.621276
0.0,13,5.621696
0.0,17,5.622211
0.0,34,5.623185
0.0,40,5.624322
0.0,10,5.624663
0.0,4,5.624834
0.0,13,5.625239
0.0,8,5.625525
0.0,11,5.625879
0.0,12,5.62626
0.0,7,5.626524
0.0,19,5.627092
1.0,7,5.627341
0.0,47,5.628671
0.0,8,5.628947
0.0,21,5.629577
0.0,22,5.630226
0.0,9,5.630539
0.0,73,5.63256
0.0,8,5.632837
0.0,7,5.633086
0.0,6,5.633307
0.0,14,5.63375
1.0,13,5.634159
0.0,65,5.635972
0.0,12,5.636355
1.0,15,5.636832
0.0,32,5.637757
0.0,7,5.638008
0.0,10,5.638336
0.0,35,5.639342
0.0,13,5.639763
0.0,27,5.640557
0.0,16,5.641046
0.0,7,5.641294
0.0,49,5.642678
0.0,14,5.643115
0.0,17,5.64364
0.0,10,5.64397
0.0,12,5.644351
0.0,25,5.645085
0.0,18,5.645638
0.0,19,5.646205
1.0,7,5.646455
0.0,81,5.648712
1.0,21,5.649334
0.0,7,5.649594
0.0,51,5.651021
0.0,21,5.651653
0.0,11,5.652007
0.0,21,5.652641
0.0,13,5.653051
0.0,41,5.654211
0.0,42,5.655401
0.0,9,5.655718
0.0,4,5.655888
0.0,8,5.656165
1.0,19,5.656753
0.0,15,5.657216
0.0,32,5.658136
0.0,33,5.659089
0.0,73,5.661109
0.0,24,5.661824
0.0,5,5.662022
0.0,7,5.66227
0.0,28,5.663085
0.0,16,5.663586
0.0,5,5.663783
0.0,11,5.664138
0.0,30,5.665011
0.0,8,5.665287
0.0,10,5.665628
0.0,16,5.666116
0.0,17,5.666648
0.0,31,5.667545
0.0,5,5.667742
0.0,17,5.668256
0.0,8,5.668541
1.0,27,5.669323
0.0,5,5.66953
0.0,14,5.669965
1.0,35,5.670966
1.0,7,5.671216
0.0,10,5.671556
0.0,7,5.671806
0.0,24,5.672514
0.0,27,5.673295
0.0,16,5.673794
0.0,18,5.674336
0.0,7,5.674596
0.0,4,5.674766
0.0,63,5.676522
0.0,9,5.676828
0.0,17,5.677341
0.0,35,5.678339
0.0,30,5.679212
0.0,20,5.679818
0.0,9,5.68012
0.0,37,5.681175
0.0,8,5.681451
0.0,16,5.681942
1.0,48,5.683283
0.0,68,5.685162
0.0,16,5.685662
0.0,11,5.686017
0.0,38,5.687101
0.0,24,5.687811
0.0,19,5.688378
0.0,86,5.690745
0.0,17,5.69126
0.0,26,5.692027
0.0,10,5.692358
0.0,12,5.69275
0.0,16,5.693238
0.0,6,5.69346
0.0,31,5.69435
0.0,38,5.69543
0.0,4,5.69561
1.0,18,5.696151
0.0,34,5.697135
0.0,6,5.697361
0.0,23,5.69805
0.0,27,5.698843
0.0,24,5.699556
0.0,7,5.699807
1.0,28,5.700626
0.0,20,5.701222
0.0,48,5.702637
0.0,39,5.703752
0.0,23,5.70443
0.0,5,5.704636
0.0,5,5.704834
1.0,73,5.706874
0.0,11,5.707234
0.0,7,5.707484
0.0,34,5.708459
0.0,4,5.708636
0.0,7,5.708887
0.0,7,5.709137
0.0,15,5.70961
0.0,11,5.709966
1.0,15,5.710427
0.0,4,5.710607
0.0,18,5.71115
0.0,31,5.712047
0.0,17,5.712574
0.0,53,5.714063
1.0,17,5.71459
0.0,16,5.71508
0.0,16,5.715581
0.0,11,5.715938
1.0,20,5.71655
0.0,8,5.716829
0.0,9,5.717132
0.0,24,5.717841
0.0,11,5.718198
0.0,10,5.718538
0.0,12,5.718921
0.0,26,5.719685
0.0,11,5.72004
0.0,16,5.720539
0.0,16,5.721029
0.0,24,5.72174
0.0,5,5.721938
0.0,36,5.72297
0.0,28,5.723794
0.0,20,5.724393
0.0,8,5.724682
0.0,8,5.724959
0.0,14,5.725395
0.0,13,5.725815
0.0,43,5.727041
0.0,38,5.728127
0.0,11,5.728507
0.0,19,5.729081
0.0,64,5.730865
0.0,7,5.731117
0.0,9,5.731419
0.0,14,5.731866
0.0,5,5.732064
0.0,15,5.732536
0.0,19,5.733104
0.0,9,5.733407
0.0,30,5.734274
0.0,8,5.734563
0.0,19,5.735132
0.0,5,5.735328
0.0,8,5.735613
0.0,11,5.73597
0.0,4,5.736139
0.0,9,5.73644
1.0,39,5.737561
0.0,12,5.737943
0.0,10,5.738271
0.0,6,5.7385
0.0,8,5.738776
0.0,14,5.73921
0.0,44,5.740451
0.0,58,5.74207
0.0,24,5.742788
0.0,26,5.743553
0.0,22,5.744201
0.0,30,5.74507
0.0,6,5.745294
0.0,12,5.745688
0.0,10,5.746017
0.0,6,5.746238
0.0,42,5.747427
1.0,10,5.747769
0.0,9,5.748072
0.0,38,5.749151
0.0,5,5.749349
0.0,22,5.750006
0.0,7,5.750256
0.0,6,5.750478
0.0,18,5.751027
0.0,12,5.751409
0.0,4,5.751589
0.0,4,5.751759
0.0,5,5.751954
1.0,11,5.752308
0.0,11,5.752675
0.0,5,5.752872
0.0,4,5.753041
0.0,15,5.753511
0.0,55,5.755048
0.0,22,5.755706
0.0,27,5.756498
0.0,36,5.757532
0.0,5,5.757729
0.0,9,5.758029
0.0,8,5.758304
0.0,7,5.758564
0.0,12,5.758947
0.0,6,5.759169
0.0,21,5.7598
0.0,8,5.760077
0.0,12,5.760458
0.0,6,5.760688
0.0,36,5.761715
0.0,28,5.762532
0.0,27,5.763311
0.0,23,5.763995
0.0,17,5.764522
0.0,31,5.765411
0.0,18,5.765962
0.0,11,5.76632
0.0,47,5.767661
0.0,21,5.768284
0.0,17,5.768808
0.0,24,5.769524
0.0,15,5.769988
0.0,29,5.770827
0.0,8,5.771105
1.0,19,5.771683
0.0,9,5.771986
0.0,8,5.772261
0.0,28,5.773075
0.0,18,5.773629
0.0,24,5.774332
1.0,13,5.774751
0.0,16,5.77524
1.0,11,5.775607
1.0,21,5.77623
0.0,41,5.777402
0.0,21,5.778033
0.0,28,5.778859
0.0,17,5.779374
0.0,59,5.781017
0.0,24,5.781731
0.0,6,5.781955
0.0,7,5.782205
1.0,13,5.782625
0.0,18,5.783168
1.0,11,5.783534
0.0,7,5.783785
1.0,14,5.78422
0.0,13,5.784642
0.0,4,5.784812
0.0,23,5.785494
0.0,40,5.786634
0.0,18,5.78718
0.0,10,5.78752
0.0,32,5.788435
0.0,5,5.788641
0.0,6,5.788864
0.0,8,5.789139
0.0,14,5.789585
0.0,5,5.789782
0.0,13,5.79019
0.0,16,5.79069
0.0,11,5.791048
0.0,6,5.791271
0.0,6,5.791505
0.0,14,5.791941
0.0,6,5.792166
0.0,36,5.793196
0.0,9,5.793511
0.0,11,5.79387
0.0,14,5.794307
0.0,38,5.795391
1.0,11,5.79576
0.0,62,5.797501
0.0,15,5.797969
0.0,11,5.798326
0.0,8,5.798612
0.0,10,5.798944
0.0,15,5.799405
0.0,7,5.799666
0.0,14,5.800105
0.0,16,5.800606
0.0,24,5.801308
1.0,43,5.802606
0.0,22,5.803257
0.0,24,5.803968
0.0,10,5.804299
0.0,4,5.804468
0.0,38,5.80556
0.0,8,5.805838
0.0,14,5.80627
0.0,15,5.806748
0.0,25,5.807475
0.0,45,5.808754
0.0,31,5.809653
0.0,7,5.809904
0.0,5,5.8101
0.0,16,5.810595
0.0,6,5.810823
0.0,4,5.810992
0.0,72,5.812998
0.0,6,5.813222
0.0,26,5.813989
0.0,18,5.814546
0.0,21,5.815166
0.0,19,5.815743
0.0,8,5.81602
0.0,11,5.816372
0.0,5,5.816584
0.0,30,5.817441
0.0,27,5.818229
0.0,26,5.818993
0.0,15,5.819456
0.0,19,5.820028
0.0,11,5.820383
0.0,41,5.821556
0.0,10,5.821886
0.0,8,5.82216
0.0,66,5.823984
1.0,10,5.824314
0.0,11,5.82468
0.0,11,5.825036
1.0,41,5.826197
0.0,25,5.826942
0.0,10,5.827272
0.0,7,5.827532
0.0,36,5.828558
0.0,17,5.829073
0.0,6,5.829295
0.0,6,5.829529
0.0,32,5.830436
0.0,13,5.830853
0.0,7,5.831101
0.0,21,5.831734
0.0,14,5.832168
0.0,10,5.832507
0.0,7,5.832756
0.0,17,5.833269
0.0,4,5.833439
0.0,21,5.834066
0.0,21,5.834697
1.0,54,5.836208
0.0,48,5.837578
0.0,45,5.838844
0.0,14,5.839281
0.0,35,5.840282
0.0,26,5.841057
0.0,13,5.841468
0.0,11,5.841834
0.0,11,5.842189
0.0,19,5.842767
0.0,24,5.843469
0.0,23,5.84415
0.0,29,5.844995
0.0,31,5.845894
0.0,18,5.846436
0.0,26,5.847203
0.0,36,5.848236
0.0,6,5.848461
0.0,18,5.84901
1.0,55,5.850556
0.0,9,5.850861
0.0,27,5.851649
0.0,19,5.852217
0.0,26,5.852977
0.0,10,5.853306
0.0,20,5.85391
1.0,34,5.854886
0.0,7,5.855136
0.0,37,5.856187
0.0,28,5.857014
0.0,9,5.857318
0.0,9,5.857631
0.0,38,5.858711
0.0,9,5.859017
0.0,9,5.859319
0.0,25,5.860057
0.0,8,5.860333
0.0,19,5.860912
0.0,19,5.861477
0.0,5,5.861685
0.0,7,5.861933
0.0,25,5.86267
0.0,16,5.863157
0.0,31,5.86405
0.0,37,5.865105
0.0,18,5.865662
0.0,15,5.866125
0.0,13,5.866547
0.0,6,5.866771
0.0,13,5.867178
0.0,6,5.8674
0.0,4,5.867585
0.0,30,5.868447
0.0,25,5.869181
0.0,9,5.869483
0.0,37,5.870546
0.0,15,5.871008
0.0,28,5.871823
0.0,7,5.872073
0.0,17,5.872598
0.0,12,5.87298
0.0,6,5.873202
0.0,33,5.874151
0.0,9,5.874454
0.0,8,5.874738
0.0,10,5.875068
0.0,26,5.875832
0.0,10,5.876162
0.0,34,5.877144
0.0,52,5.878609
0.0,17,5.879124
0.0,16,5.879621
0.0,19,5.88019
0.0,30,5.88106
0.0,11,5.881416
0.0,10,5.881756
0.0,17,5.882272
1.0,23,5.882954
1.0,46,5.884252
0.0,15,5.884725
0.0,10,5.885056
0.0,42,5.886238
0.0,28,5.887064
0.0,29,5.88791
0.0,18,5.888451
0.0,6,5.888682
0.0,6,5.888905
0.0,23,5.889588
0.0,13,5.889998
0.0,13,5.890404
0.0,28,5.891219
0.0,14,5.891665
0.0,7,5.891916
0.0,25,5.892653
0.0,25,5.89338
0.0,4,5.893561
0.0,29,5.894392
0.0,22,5.895049
0.0,17,5.895576
0.0,12,5.895958
0.0,10,5.896286
0.0,29,5.897135
0.0,20,5.897739
0.0,72,5.899738
0.0,44,5.900978
0.0,20,5.901585
0.0,19,5.902155
0.0,20,5.902759
0.0,4,5.902929
0.0,8,5.903262
0.0,9,5.903578
0.0,9,5.903882
0.0,47,5.90521
0.0,32,5.906136
0.0,22,5.906801
0.0,28,5.907622
0.0,22,5.908272
0.0,4,5.908442
0.0,14,5.908886
0.0,9,5.909191
0.0,26,5.909954
0.0,12,5.910339
0.0,5,5.910546
0.0,78,5.912699
0.0,17,5.913213
0.0,21,5.913844
0.0,4,5.914015
0.0,15,5.914477
0.0,8,5.914763
0.0,50,5.916163
0.0,21,5.916803
0.0,41,5.917971
0.0,15,5.918436
0.0,10,5.918773
0.0,25,5.919514
0.0,9,5.919818
0.0,9,5.92012
0.0,33,5.921073
0.0,26,5.921842
0.0,18,5.922385
0.0,28,5.923204
0.0,5,5.923402
0.0,16,5.923899
0.0,15,5.924364
0.0,15,5.924836
0.0,33,5.925788
0.0,29,5.926641
0.0,11,5.926999
0.0,8,5.927274
0.0,9,5.927586
0.0,30,5.928451
1.0,16,5.928952
0.0,13,5.929363
0.0,8,5.929649
0.0,27,5.930429
0.0,71,5.932394
0.0,9,5.932711
0.0,6,5.932935
0.0,11,5.933291
0.0,4,5.93346
0.0,49,5.934838
0.0,5,5.935036
0.0,5,5.935232
0.0,11,5.935596
1.0,34,5.936579
0.0,22,5.937227
1.0,24,5.937942
0.0,8,5.938219
0.0,71,5.940193
0.0,14,5.940643
0.0,28,5.941451
0.0,55,5.942986
0.0,8,5.943264
0.0,7,5.943524
0.0,12,5.943907
0.0,17,5.944421
0.0,24,5.945129
0.0,9,5.945433
0.0,37,5.946497
0.0,24,5.947201
0.0,11,5.947567
0.0,5,5.947764
0.0,31,5.94866
1.0,18,5.949201
0.0,17,5.949728
1.0,34,5.950704
0.0,29,5.951549
0.0,57,5.95314
0.0,8,5.953419
0.0,30,5.954284
0.0,18,5.954836
0.0,21,5.955457
0.0,18,5.956005
0.0,4,5.956175
0.0,8,5.956449
0.0,17,5.956976
0.0,4,5.957148
0.0,43,5.958359
0.0,24,5.959071
0.0,15,5.959545
0.0,17,5.960058
1.0,36,5.961087
0.0,10,5.961416
0.0,6,5.96165
0.0,31,5.962543
0.0,14,5.962979
1.0,17,5.9635
0.0,11,5.963857
0.0,10,5.964185
0.0,15,5.964658
0.0,20,5.965253
0.0,15,5.965725
0.0,8,5.966002
0.0,5,5.966198
0.0,9,5.966515
0.0,30,5.967375
0.0,9,5.967688
0.0,31,5.968585
0.0,6,5.968808
0.0,18,5.969347
0.0,7,5.969604
0.0,6,5.969827
0.0,4,5.969996
0.0,40,5.971129
0.0,35,5.972129
0.0,6,5.972353
0.0,9,5.972666
0.0,8,5.972944
0.0,10,5.973273
0.0,24,5.973982
1.0,39,5.975092
0.0,37,5.976153
0.0,16,5.97666
0.0,7,5.976912
0.0,18,5.977456
0.0,8,5.97774
0.0,22,5.97839
0.0,28,5.979212
0.0,8,5.979499
0.0,8,5.979777
0.0,14,5.980212
0.0,17,5.980737
0.0,11,5.981094
0.0,12,5.981476
0.0,9,5.981788
0.0,6,5.98201
0.0,25,5.982749
0.0,19,5.98332
0.0,13,5.983738
0.0,10,5.984067
0.0,5,5.984263
0.0,9,5.984577
0.0,21,5.985198
0.0,4,5.985366
0.0,9,5.98568
0.0,13,5.986087
0.0,25,5.986831
0.0,28,5.987653
0.0,18,5.988196
0.0,28,5.989014
0.0,9,5.989318
0.0,14,5.989765
0.0,10,5.990094
0.0,27,5.990887
0.0,4,5.991057
0.0,13,5.991463
0.0,14,5.991904
0.0,14,5.992339
0.0,4,5.992518
0.0,4,5.992688
0.0,17,5.9932
0.0,8,5.993477
0.0,27,5.994267
0.0,8,5.994554
0.0,22,5.9952
0.0,72,5.997198
0.0,21,5.997834
0.0,28,5.998656
0.0,71,6.000618
0.0,9,6.000923
0.0,8,6.001199
0.0,17,6.001728
0.0,10,6.002059
0.0,4,6.00223
0.0,31,6.003128
1.0,22,6.003847
0.0,4,6.004019
0.0,6,6.004241
0.0,52,6.005697
0.0,27,6.006478
1.0,41,6.007654
0.0,17,6.008168
0.0,39,6.009278
0.0,14,6.009723
0.0,47,6.011039
0.0,18,6.011593
0.0,36,6.012616
0.0,6,6.012852
0.0,15,6.013312
0.0,15,6.013783
0.0,18,6.014325
0.0,13,6.014744
0.0,9,6.015046
0.0,8,6.015321
0.0,62,6.017048
0.0,23,6.017735
0.0,19,6.0183
1.0,18,6.018858
1.0,8,6.019135
0.0,12,6.019528
0.0,7,6.019778
0.0,22,6.020424
0.0,30,6.021319
0.0,4,6.021499
0.0,12,6.021881
0.0,19,6.022448
0.0,12,6.022837
0.0,5,6.023035
0.0,8,6.023311
0.0,8,6.023597
0.0,6,6.023822
0.0,21,6.024442
0.0,43,6.025668
0.0,17,6.026183
0.0,6,6.026405
0.0,16,6.026908
0.0,13,6.027317
0.0,4,6.027493
0.0,4,6.027665
0.0,18,6.028203
0.0,5,6.0284
0.0,33,6.029346
0.0,12,6.029742
0.0,21,6.030362
0.0,33,6.031313
0.0,14,6.031761
0.0,10,6.032091
0.0,18,6.032641
0.0,12,6.033024
0.0,5,6.033219
0.0,31,6.034113
0.0,8,6.034389
0.0,8,6.034678
0.0,32,6.035601
0.0,4,6.035772
0.0,15,6.03623
0.0,23,6.036919
0.0,37,6.037981
0.0,10,6.038313
0.0,5,6.03852
0.0,33,6.039464
0.0,21,6.040093
0.0,25,6.040843
0.0,20,6.041437
0.0,12,6.041831
0.0,30,6.0427
0.0,23,6.043372
0.0,44,6.044624
0.0,55,6.046161
0.0,4,6.046333
0.0,12,6.046733
0.0,23,6.047409
0.0,13,6.047829
0.0,6,6.048053
0.0,5,6.048248
1.0,6,6.04847
0.0,9,6.048781
0.0,22,6.049428
0.0,33,6.050373
0.0,18,6.050925
0.0,5,6.051122
0.0,7,6.05137
0.0,28,6.052181
0.0,25,6.052919
0.0,25,6.05366
0.0,14,6.054096
0.0,10,6.054425
0.0,49,6.05581
0.0,39,6.056932
0.0,16,6.057421
0.0,21,6.058052
0.0,31,6.058951
0.0,57,6.060545
0.0,12,6.060929
0.0,35,6.061932
0.0,12,6.062316
0.0,21,6.062947
0.0,9,6.063251
0.0,4,6.06342
0.0,11,6.063785
0.0,6,6.064008
0.0,16,6.064508
0.0,21,6.06513
0.0,15,6.065602
0.0,13,6.066012
0.0,12,6.066394
0.0,18,6.066953
0.0,38,6.068036
0.0,31,6.068932
0.0,48,6.070276
0.0,15,6.07075
0.0,10,6.07108
0.0,24,6.07179
0.0,32,6.072711
0.0,7,6.072962
0.0,10,6.073291
0.0,16,6.073789
0.0,31,6.07469
0.0,36,6.075717
0.0,23,6.076391
0.0,9,6.076711
0.0,11,6.077069
0.0,8,6.077345
0.0,27,6.078135
0.0,9,6.07844
0.0,10,6.078777
0.0,9,6.07908
0.0,45,6.080347
0.0,22,6.081004
0.0,12,6.081387
0.0,23,6.082072
0.0,11,6.082428
0.0,7,6.082689
0.0,69,6.084613
0.0,8,6.084891
0.0,19,6.085459
0.0,8,6.085744
0.0,10,6.086074
0.0,6,6.086296
0.0,16,6.086801
1.0,25,6.087542
0.0,31,6.088436
0.0,24,6.08915
0.0,11,6.089517
0.0,6,6.089742
0.0,29,6.090588
0.0,8,6.090865
0.0,15,6.091325
1.0,9,6.09164
0.0,19,6.092209
0.0,16,6.09271
0.0,17,6.093225
0.0,40,6.094357
0.0,13,6.09478
0.0,11,6.095138
0.0,23,6.095821
0.0,52,6.097277
0.0,7,6.09754
0.0,49,6.098922
0.0,17,6.099439
0.0,7,6.099696
0.0,8,6.099972
0.0,12,6.100352
0.0,18,6.100905
1.0,17,6.101422
0.0,10,6.101761
0.0,16,6.10225
0.0,6,6.102473
0.0,5,6.102678
0.0,19,6.103243
0.0,28,6.104123
0.0,36,6.105155
0.0,7,6.105405
0.0,75,6.107492
0.0,20,6.108093
0.0,11,6.108449
0.0,14,6.108892
0.0,88,6.111315
0.0,12,6.111711
0.0,26,6.112464
0.0,27,6.113255
0.0,26,6.114019
0.0,6,6.114243
0.0,6,6.114465
0.0,11,6.114828
0.0,23,6.11551
0.0,12,6.115894
0.0,4,6.116062
0.0,50,6.117469
0.0,23,6.118155
0.0,45,6.119425
0.0,8,6.119714
0.0,16,6.120203
0.0,7,6.120452
0.0,8,6.120749
0.0,21,6.121371
0.0,17,6.121897
0.0,49,6.123275
0.0,7,6.123537
0.0,24,6.124238
0.0,12,6.124631
0.0,36,6.125664
0.0,22,6.126312
0.0,7,6.126578
0.0,10,6.126909
0.0,35,6.127911
0.0,9,6.128216
0.0,6,6.128439
0.0,4,6.128619
0.0,8,6.128895
0.0,5,6.12909
0.0,23,6.129774
0.0,10,6.130104
0.0,10,6.130434
0.0,14,6.130876
1.0,29,6.131722
0.0,7,6.131973
0.0,8,6.132248
0.0,39,6.133356
1.0,11,6.133724
0.0,34,6.134701
0.0,15,6.135165
0.0,8,6.135441
0.0,12,6.135832
0.0,40,6.136979
0.0,7,6.137229
0.0,6,6.137453
0.0,40,6.138597
0.0,26,6.139352
0.0,21,6.139985
0.0,30,6.140858
0.0,6,6.141082
0.0,6,6.141304
0.0,13,6.141726
0.0,14,6.142165
0.0,7,6.142415
0.0,10,6.142755
0.0,29,6.143599
0.0,13,6.144012
0.0,5,6.144208
0.0,10,6.144549
0.0,24,6.145249
0.0,8,6.145537
0.0,6,6.145761
0.0,30,6.14664
0.0,20,6.147237
0.0,51,6.148673
0.0,5,6.148871
1.0,12,6.149254
0.0,34,6.15023
0.0,28,6.15105
0.0,21,6.15168
0.0,15,6.152145
0.0,10,6.152473
0.0,12,6.152882
0.0,14,6.153316
0.0,35,6.154319
0.0,25,6.155058
1.0,13,6.155468
0.0,11,6.155834
0.0,38,6.156926
0.0,12,6.15731
0.0,12,6.157703
0.0,18,6.158243
0.0,21,6.158876
0.0,10,6.159205
0.0,8,6.15948
0.0,13,6.159898
0.0,18,6.160438
0.0,23,6.16112
0.0,30,6.161993
0.0,17,6.162519
0.0,25,6.163243
0.0,41,6.164405
0.0,21,6.165036
0.0,64,6.166823
0.0,8,6.167101
0.0,14,6.167547
0.0,10,6.167877
0.0,74,6.169919
0.0,14,6.170356
0.0,51,6.171797
0.0,14,6.172233
0.0,12,6.172626
0.0,34,6.173603
0.0,21,6.174224
0.0,7,6.174471
0.0,13,6.174888
0.0,15,6.175349
0.0,9,6.175662
0.0,13,6.176072
0.0,48,6.177424
0.0,20,6.178029
0.0,11,6.178384
0.0,15,6.178858
0.0,8,6.179134
0.0,17,6.17966
0.0,19,6.180229
0.0,18,6.18078
0.0,14,6.181216
0.0,19,6.181794
0.0,9,6.182098
0.0,10,6.182425
0.0,15,6.182894
0.0,45,6.18416
0.0,26,6.184925
0.0,13,6.185334
0.0,14,6.185783
0.0,4,6.185955
0.0,31,6.186861
0.0,18,6.187405
1.0,21,6.188036
0.0,11,6.188392
0.0,7,6.188653
0.0,50,6.190054
0.0,4,6.190225
0.0,15,6.1907
0.0,43,6.191915
0.0,45,6.19318
0.0,14,6.193626
0.0,14,6.194062
0.0,5,6.194258
0.0,9,6.194571
0.0,6,6.194795
0.0,13,6.195202
0.0,8,6.195477
0.0,11,6.195843
0.0,10,6.196172
0.0,17,6.196702
0.0,7,6.196953
0.0,57,6.198548
0.0,9,6.198852
0.0,20,6.199445
0.0,9,6.199758
0.0,7,6.200008
0.0,8,6.200284
0.0,11,6.200651
0.0,28,6.201458
0.0,48,6.202811
0.0,16,6.2033
0.0,20,6.203906
0.0,24,6.204694
0.0,31,6.205594
0.0,6,6.205819
0.0,14,6.206255
0.0,22,6.206921
0.0,7,6.207173
0.0,6,6.207396
0.0,7,6.207656
0.0,30,6.208529
0.0,19,6.209112
0.0,16,6.209611
0.0,35,6.210611
0.0,36,6.21164
0.0,12,6.212023
0.0,5,6.212218
0.0,23,6.212901
0.0,19,6.213467
0.0,23,6.214152
0.0,28,6.214968
0.0,16,6.215457
0.0,36,6.216478
0.0,27,6.217277
0.0,9,6.217591
0.0,6,6.217816
0.0,9,6.218118
0.0,76,6.220215
0.0,19,6.220792
0.0,11,6.221147
0.0,8,6.221421
0.0,7,6.22168
1.0,17,6.222195
0.0,7,6.222443
0.0,17,6.222963
0.0,5,6.22316
0.0,8,6.223435
0.0,8,6.223719
0.0,21,6.224339
0.0,10,6.224679
0.0,12,6.225061
1.0,25,6.225795
0.0,13,6.226204
0.0,77,6.228345
0.0,5,6.228555
0.0,25,6.229283
0.0,23,6.229967
0.0,5,6.230164
0.0,14,6.230611
0.0,9,6.230914
0.0,70,6.232858
0.0,4,6.233029
0.0,11,6.233385
0.0,15,6.233859
0.0,17,6.234373
0.0,14,6.234817
0.0,9,6.235119
0.0,26,6.235881
1.0,11,6.236237
0.0,4,6.236406
0.0,36,6.23744
0.0,39,6.238557
0.0,86,6.240934
0.0,61,6.242641
0.0,13,6.243051
0.0,36,6.244076
0.0,26,6.244841
0.0,33,6.24579
0.0,13,6.246199
0.0,13,6.246624
0.0,5,6.246822
0.0,11,6.247175
0.0,33,6.24812
0.0,37,6.249177
0.0,16,6.249677
0.0,42,6.250865
0.0,11,6.251222
0.0,27,6.252011
1.0,21,6.252644
0.0,58,6.25426
0.0,18,6.254815
0.0,15,6.25528
0.0,11,6.255646
0.0,6,6.25587
0.0,54,6.25738
0.0,5,6.257589
1.0,59,6.259231
0.0,11,6.2596
0.0,9,6.259902
0.0,96,6.262544
0.0,69,6.264444
0.0,13,6.264864
1.0,12,6.265247
0.0,11,6.265614
0.0,36,6.266657
0.0,7,6.266907
0.0,8,6.267183
1.0,11,6.267548
0.0,4,6.267718
0.0,26,6.26847
0.0,11,6.268835
0.0,30,6.269701
0.0,7,6.269951
0.0,20,6.270554
0.0,15,6.271017
0.0,6,6.271238
0.0,15,6.271707
0.0,16,6.272195
0.0,12,6.272587
0.0,37,6.273643
0.0,23,6.274316
0.0,18,6.274865
0.0,44,6.276104
0.0,12,6.2765
0.0,40,6.277633
1.0,22,6.278278
0.0,12,6.278672
0.0,17,6.279186
0.0,14,6.279632
0.0,22,6.280282
0.0,24,6.280994
0.0,15,6.281458
0.0,13,6.281876
0.0,9,6.28218
0.0,10,6.28252
0.0,6,6.282744
0.0,4,6.282913
1.0,16,6.283401
0.0,13,6.283817
0.0,7,6.284067
0.0,74,6.286114
0.0,9,6.286417
0.0,89,6.288886
0.0,10,6.289218
0.0,16,6.289715
0.0,8,6.289992
0.0,25,6.290731
0.0,21,6.291355
0.0,43,6.292581
0.0,12,6.292966
0.0,74,6.295012
0.0,15,6.295475
0.0,24,6.296186
0.0,10,6.296532
0.0,6,6.296756
0.0,18,6.297297
0.0,12,6.297692
0.0,6,6.297916
0.0,12,6.298298
0.0,47,6.299633
0.0,41,6.300792
0.0,37,6.301851
0.0,7,6.3021
0.0,24,6.302812
0.0,6,6.303037
0.0,7,6.303286
0.0,25,6.304024
0.0,9,6.304327
0.0,5,6.304533
0.0,12,6.304916
1.0,12,6.305297
0.0,9,6.30561
0.0,7,6.305874
0.0,9,6.306177
0.0,23,6.306866
0.0,16,6.307353
0.0,14,6.307799
0.0,10,6.308127
0.0,12,6.308518
0.0,11,6.308875
1.0,52,6.310324
0.0,10,6.310665
0.0,7,6.310915
0.0,10,6.311303
0.0,12,6.311701
0.0,23,6.312382
0.0,20,6.312989
0.0,11,6.313345
1.0,10,6.313687
0.0,39,6.314796
1.0,19,6.315367
0.0,37,6.316427
0.0,7,6.316695
0.0,11,6.317052
0.0,12,6.317434
0.0,4,6.317614
1.0,12,6.317998
0.0,18,6.318552
0.0,11,6.318908
0.0,4,6.319077
0.0,39,6.320184
0.0,29,6.321031
0.0,9,6.321335
0.0,22,6.321998
0.0,4,6.322169
0.0,20,6.322775
0.0,50,6.324183
0.0,12,6.324581
0.0,10,6.324914
0.0,24,6.325626
1.0,18,6.326171
0.0,16,6.326678
0.0,5,6.326876
0.0,9,6.327178
0.0,21,6.327812
0.0,25,6.328553
0.0,34,6.329532
0.0,68,6.331411
0.0,16,6.331916
0.0,21,6.332547
0.0,11,6.332903
0.0,20,6.333508
1.0,13,6.333921
0.0,84,6.336235
0.0,10,6.336584
0.0,7,6.336836
0.0,9,6.337208
0.0,17,6.337732
1.0,10,6.338063
0.0,11,6.338418
0.0,19,6.338996
0.0,30,6.339871
0.0,32,6.3408
0.0,29,6.341648
0.0,15,6.342112
0.0,6,6.342334
0.0,6,6.342568
0.0,58,6.344188
0.0,16,6.344689
0.0,8,6.344966
0.0,12,6.34535
0.0,15,6.345822
0.0,7,6.346072
0.0,7,6.346322
0.0,19,6.346907
0.0,14,6.347344
0.0,18,6.3479
0.0,32,6.348826
0.0,8,6.349102
0.0,6,6.349324
0.0,36,6.350351
0.0,17,6.350882
0.0,15,6.351345
0.0,22,6.352003
0.0,14,6.352441
0.0,4,6.352618
1.0,7,6.352869
0.0,17,6.353382
0.0,20,6.353988
0.0,4,6.35416
0.0,15,6.354632
0.0,54,6.356141
0.0,47,6.357475
0.0,6,6.357708
0.0,10,6.358037
0.0,12,6.35842
0.0,4,6.3586
0.0,10,6.358929
0.0,8,6.359205
0.0,12,6.359601
0.0,9,6.359905
0.0,6,6.360127
0.0,34,6.361105
0.0,5,6.361303
0.0,18,6.361856
0.0,8,6.362133
0.0,15,6.362606
0.0,16,6.363096
0.0,15,6.363569
0.0,7,6.363819
0.0,10,6.364147
0.0,21,6.364779
0.0,18,6.365322
0.0,24,6.366036
0.0,31,6.366945
0.0,28,6.367764
0.0,32,6.368688
0.0,33,6.369636
0.0,68,6.371527
0.0,33,6.372466
0.0,8,6.372749
0.0,10,6.373078
0.0,15,6.373551
0.0,9,6.373856
0.0,32,6.374782
0.0,11,6.375139
0.0,30,6.376014
0.0,16,6.376523
0.0,6,6.376748
0.0,48,6.378103
0.0,35,6.37911
0.0,45,6.380381
0.0,10,6.380724
0.0,16,6.381214
1.0,17,6.381739
0.0,36,6.382773
0.0,28,6.383593
0.0,21,6.384214
0.0,6,6.384437
0.0,23,6.385121
0.0,18,6.385673
0.0,18,6.386216
0.0,22,6.38688
0.0,27,6.387673
0.0,8,6.38795
0.0,11,6.388305
0.0,6,6.38854
1.0,22,6.389191
0.0,34,6.390172
0.0,7,6.390424
0.0,17,6.390948
0.0,14,6.391385
0.0,7,6.391645
0.0,7,6.391895
0.0,16,6.392382
0.0,17,6.392909
0.0,24,6.393621
1.0,26,6.394377
0.0,25,6.395113
0.0,12,6.395506
0.0,12,6.395891
0.0,12,6.396274
0.0,11,6.396649
0.0,9,6.396955
1.0,24,6.397669
0.0,25,6.398399
0.0,21,6.399033
0.0,19,6.399614
0.0,18,6.400157
1.0,12,6.400552
0.0,15,6.401016
0.0,19,6.401597
0.0,7,6.401848
0.0,17,6.402363
0.0,13,6.402782
0.0,10,6.403113
0.0,37,6.404169
0.0,8,6.404446
1.0,7,6.404704
0.0,9,6.405009
0.0,29,6.405856
0.0,7,6.406108
0.0,26,6.406882
0.0,22,6.407544
0.0,20,6.408144
0.0,42,6.409337
0.0,6,6.409572
0.0,15,6.410038
0.0,11,6.410396
0.0,47,6.411726
0.0,9,6.412088
0.0,14,6.412537
0.0,7,6.412788
0.0,15,6.41325
0.0,6,6.413472
0.0,9,6.413784
0.0,7,6.414032
0.0,29,6.414876
0.0,27,6.415668
0.0,25,6.416395
0.0,6,6.416636
0.0,27,6.417422
1.0,9,6.417737
0.0,10,6.418067
0.0,12,6.418448
0.0,5,6.418653
0.0,14,6.419088
0.0,14,6.419534
0.0,19,6.420103
0.0,10,6.420431
0.0,33,6.421376
0.0,28,6.422195
0.0,21,6.42283
0.0,24,6.423544
0.0,11,6.423902
0.0,22,6.424562
0.0,19,6.425133
0.0,32,6.426057
0.0,24,6.426779
0.0,37,6.42784
0.0,9,6.428144
0.0,16,6.428645
0.0,16,6.429137
0.0,7,6.429387
0.0,83,6.431684
0.0,8,6.431963
0.0,10,6.432292
0.0,16,6.432792
0.0,7,6.433043
0.0,6,6.433265
0.0,24,6.433974
0.0,12,6.434357
0.0,38,6.435447
1.0,18,6.435998
0.0,6,6.436223
0.0,24,6.436938
0.0,75,6.439012
0.0,15,6.439476
1.0,13,6.439895
0.0,5,6.440092
0.0,9,6.440392
0.0,27,6.441194
0.0,7,6.441444
0.0,25,6.442176
0.0,13,6.442598
0.0,24,6.443312
0.0,18,6.443865
0.0,9,6.444187
0.0,47,6.445511
0.0,12,6.445896
0.0,22,6.446564
0.0,5,6.446762
1.0,18,6.447303
0.0,10,6.447643
0.0,15,6.448107
0.0,22,6.448763
0.0,20,6.449358
0.0,21,6.449993
1.0,12,6.450377
0.0,8,6.450665
0.0,13,6.451075
0.0,19,6.451652
0.0,12,6.452035
0.0,20,6.45264
0.0,5,6.452838
0.0,30,6.45371
0.0,17,6.454228
0.0,12,6.454621
0.0,8,6.454898
0.0,60,6.456584
0.0,20,6.457178
0.0,23,6.45786
0.0,27,6.458649
0.0,13,6.45906
0.0,19,6.45964
1.0,23,6.460314
0.0,33,6.461261
0.0,8,6.46155
0.0,48,6.462897
0.0,21,6.463529
0.0,28,6.464334
0.0,16,6.464833
0.0,29,6.465675
0.0,17,6.466192
0.0,9,6.466506
0.0,25,6.467232
0.0,57,6.468829
0.0,17,6.469347
0.0,16,6.469843
0.0,29,6.470688
0.0,5,6.470886
0.0,10,6.471214
0.0,20,6.471818
0.0,20,6.472414
0.0,6,6.472646
0.0,7,6.472898
0.0,48,6.474247
0.0,50,6.475661
0.0,8,6.475939
0.0,11,6.476294
0.0,30,6.477177
0.0,7,6.47743
0.0,12,6.477821
0.0,19,6.478391
0.0,6,6.478624
0.0,4,6.478795
0.0,10,6.479125
0.0,9,6.479427
0.0,10,6.479767
0.0,30,6.480639
0.0,70,6.482592
0.0,22,6.483244
0.0,8,6.483531
0.0,7,6.483783
0.0,7,6.484032
0.0,4,6.484202
0.0,5,6.484398
0.0,7,6.484657
0.0,31,6.485556
0.0,15,6.486019
0.0,16,6.486528
0.0,12,6.486912
0.0,9,6.487214
0.0,14,6.487662
0.0,11,6.48802
0.0,20,6.48863
0.0,8,6.488908
0.0,19,6.489475
1.0,14,6.489922
0.0,9,6.490225
0.0,33,6.491177
0.0,8,6.491454
0.0,20,6.492056
0.0,38,6.493141
0.0,34,6.494116
0.0,6,6.494342
0.0,19,6.49492
0.0,13,6.495331
0.0,11,6.495698
0.0,8,6.495975
0.0,16,6.49646
0.0,15,6.496936
0.0,8,6.497213
1.0,10,6.497555
0.0,62,6.499274
0.0,6,6.499508
0.0,16,6.499996
0.0,21,6.500629
0.0,37,6.501688
0.0,9,6.501993
0.0,13,6.502401
0.0,14,6.502845
0.0,7,6.503096
1.0,15,6.50357
0.0,18,6.504115
0.0,18,6.504671
0.0,35,6.50568
0.0,6,6.505904
0.0,24,6.506621
0.0,10,6.506953
0.0,19,6.50753
1.0,16,6.508022
0.0,14,6.508457
0.0,9,6.508765
0.0,5,6.508964
0.0,6,6.509187
1.0,11,6.509555
0.0,8,6.509832
0.0,14,6.510268
0.0,19,6.510847
1.0,8,6.511126
0.0,29,6.51197
0.0,10,6.512363
0.0,22,6.513026
0.0,4,6.513197
0.0,25,6.513938
0.0,19,6.514522
0.0,13,6.514932
0.0,12,6.515314
0.0,24,6.516026
1.0,26,6.516803
0.0,51,6.518236
0.0,5,6.518434
0.0,6,6.518667
0.0,15,6.51913
1.0,23,6.519816
0.0,6,6.520039
1.0,30,6.520913
0.0,9,6.521218
0.0,16,6.521719
0.0,6,6.521944
0.0,7,6.522193
0.0,7,6.522441
0.0,25,6.52318
0.0,8,6.523456
0.0,35,6.524456
0.0,14,6.524901
1.0,15,6.525366
0.0,7,6.525626
0.0,4,6.525797
0.0,16,6.526283
0.0,7,6.526548
0.0,13,6.526971
0.0,62,6.528702
0.0,5,6.5289
0.0,13,6.529308
0.0,34,6.530285
1.0,11,6.530655
1.0,42,6.531852
0.0,42,6.533044
0.0,17,6.533571
0.0,11,6.533928
0.0,4,6.534097
0.0,51,6.535534
0.0,50,6.536949
0.0,10,6.537281
0.0,10,6.537622
0.0,8,6.537899
0.0,5,6.538095
0.0,30,6.538967
0.0,27,6.539758
0.0,14,6.540195
0.0,14,6.540641
0.0,16,6.541131
0.0,8,6.541406
0.0,12,6.541798
0.0,15,6.542263
0.0,4,6.542432
0.0,5,6.542639
1.0,14,6.543074
0.0,4,6.543243
0.0,13,6.543663
0.0,12,6.544044
0.0,43,6.545255
0.0,9,6.545571
0.0,16,6.54606
0.0,22,6.546725
0.0,24,6.547428
0.0,4,6.547609
0.0,21,6.548232
0.0,6,6.548455
0.0,4,6.548633
0.0,30,6.549503
0.0,22,6.550153
0.0,51,6.551597
0.0,18,6.552139
0.0,15,6.552611
0.0,10,6.552942
0.0,12,6.553324
0.0,21,6.553954
0.0,5,6.554151
0.0,13,6.554571
0.0,6,6.554795
0.0,9,6.555097
0.0,16,6.555597
0.0,15,6.556059
0.0,90,6.558552
0.0,6,6.558777
0.0,15,6.559238
0.0,13,6.559657
0.0,25,6.560398
0.0,4,6.56058
0.0,17,6.561097
0.0,7,6.561347
0.0,22,6.562006
0.0,36,6.563038
0.0,12,6.563422
0.0,28,6.564242
0.0,15,6.564715
0.0,31,6.565611
0.0,25,6.566339
0.0,14,6.566792
0.0,26,6.56756
0.0,15,6.568025
0.0,7,6.568274
0.0,13,6.568696
1.0,11,6.569054
0.0,22,6.569714
1.0,21,6.570335
0.0,12,6.57073
0.0,8,6.571007
0.0,5,6.571203
1.0,26,6.571969
0.0,26,6.572737
0.0,11,6.573094
0.0,22,6.573752
1.0,11,6.57411
0.0,4,6.574279
0.0,7,6.574539
0.0,5,6.574736
0.0,18,6.575286
0.0,26,6.576052
0.0,7,6.576303
0.0,19,6.576889
0.0,5,6.577101
0.0,6,6.577324
0.0,51,6.578763
0.0,11,6.579118
0.0,38,6.580201
0.0,28,6.581019
0.0,19,6.581605
0.0,24,6.582311
0.0,4,6.582481
1.0,41,6.583661
0.0,15,6.584125
0.0,14,6.584574
0.0,4,6.584745
0.0,24,6.585447
0.0,13,6.585863
0.0,14,6.586301
0.0,7,6.586566
0.0,6,6.586792
0.0,12,6.587174
0.0,16,6.587676
0.0,7,6.587927
0.0,19,6.588503
0.0,9,6.588808
0.0,22,6.589456
0.0,12,6.589846
0.0,22,6.590505
0.0,15,6.590969
0.0,4,6.591138
0.0,17,6.591665
0.0,18,6.592208
0.0,9,6.59252
0.0,14,6.592956
0.0,18,6.593507
0.0,6,6.593731
0.0,6,6.593955
0.0,6,6.594176
0.0,4,6.594344
0.0,10,6.594685
0.0,10,6.595015
0.0,7,6.595264
0.0,22,6.595922
0.0,13,6.59633
0.0,6,6.596571
0.0,6,6.596797
0.0,71,6.598768
0.0,21,6.599391
0.0,37,6.600446
0.0,24,6.601155
0.0,26,6.601922
0.0,36,6.602953
0.0,49,6.60433
0.0,15,6.604806
0.0,42,6.606
0.0,56,6.60758
0.0,7,6.607833
0.0,40,6.608972
0.0,7,6.609223
0.0,17,6.60975
0.0,11,6.610107
0.0,16,6.610605
1.0,40,6.611741
0.0,17,6.61226
0.0,6,6.612552
0.0,16,6.613046
0.0,11,6.613404
0.0,47,6.614739
0.0,16,6.615232
0.0,10,6.615572
0.0,39,6.616684
0.0,7,6.616935
0.0,29,6.617776
0.0,46,6.619071
0.0,4,6.619241
0.0,31,6.620134
0.0,6,6.620357
0.0,16,6.620857
0.0,8,6.621134
1.0,8,6.621409
0.0,22,6.622068
0.0,24,6.622783
0.0,8,6.62306
0.0,15,6.623533
0.0,18,6.624075
0.0,34,6.625051
1.0,18,6.625605
0.0,28,6.626407
0.0,7,6.626675
0.0,8,6.626952
0.0,15,6.627413
0.0,9,6.627726
0.0,10,6.628055
0.0,15,6.628525
0.0,28,6.62933
1.0,16,6.62983
0.0,17,6.630344
0.0,5,6.630551
0.0,14,6.630987
0.0,30,6.631859
0.0,19,6.632429
0.0,20,6.633034
0.0,9,6.633339
0.0,16,6.633838
0.0,15,6.634302
0.0,9,6.634615
0.0,29,6.635449
0.0,18,6.635998
0.0,6,6.636222
0.0,22,6.636888
0.0,22,6.63755
0.0,19,6.638121
0.0,5,6.638316
0.0,6,6.638551
0.0,19,6.63912
0.0,11,6.639476
0.0,15,6.639946
0.0,19,6.640531
0.0,10,6.640862
0.0,24,6.641573
0.0,13,6.641985
0.0,7,6.642234
0.0,5,6.642429
0.0,10,6.642769
0.0,43,6.643989
1.0,25,6.644732
0.0,21,6.645355
0.0,48,6.646898
0.0,18,6.647446
0.0,20,6.648052
0.0,6,6.648278
0.0,38,6.64937
0.0,39,6.650495
0.0,6,6.650721
0.0,4,6.65089
1.0,11,6.651246
0.0,44,6.652497
0.0,8,6.652775
0.0,11,6.65313
0.0,19,6.653713
0.0,17,6.654231
0.0,9,6.654544
1.0,10,6.654877
0.0,23,6.65556
0.0,20,6.656156
0.0,9,6.656458
0.0,15,6.65693
0.0,10,6.65726
0.0,10,6.657601
0.0,21,6.658225
0.0,4,6.658395
0.0,12,6.658787
0.0,11,6.659144
0.0,8,6.659419
0.0,13,6.659837
0.0,9,6.660141
0.0,24,6.660855
0.0,33,6.661809
0.0,15,6.662272
0.0,31,6.663172
1.0,27,6.663966
0.0,7,6.664216
0.0,34,6.665191
0.0,9,6.665504
0.0,20,6.6661
0.0,63,6.667862
0.0,38,6.668947
1.0,58,6.670571
0.0,15,6.671035
0.0,8,6.67131
0.0,32,6.672233
0.0,6,6.672458
0.0,80,6.67467
0.0,28,6.675474
1.0,17,6.675999
0.0,6,6.676224
0.0,15,6.676703
0.0,15,6.677166
0.0,18,6.677717
1.0,15,6.67818
0.0,26,6.678943
0.0,11,6.679299
0.0,24,6.680009
0.0,14,6.680445
0.0,10,6.680783
0.0,10,6.681113
0.0,41,6.682272
0.0,5,6.682469
1.0,33,6.683415
0.0,8,6.683702
0.0,18,6.684244
0.0,4,6.684412
0.0,10,6.684752
0.0,11,6.685109
1.0,22,6.685768
0.0,31,6.686675
0.0,8,6.686953
0.0,7,6.687201
0.0,15,6.687674
0.0,19,6.688241
0.0,44,6.68948
0.0,25,6.690216
0.0,4,6.690386
0.0,22,6.691042
0.0,7,6.691293
0.0,11,6.691659
0.0,9,6.691962
0.0,5,6.692159
0.0,26,6.692922
0.0,15,6.693386
0.0,17,6.693911
0.0,34,6.694889
0.0,11,6.695246
0.0,10,6.695588
0.0,6,6.695812
0.0,20,6.696406
0.0,9,6.696727
0.0,17,6.697241
0.0,9,6.697555
0.0,11,6.697911
0.0,37,6.698968
0.0,50,6.700372
0.0,4,6.700553
0.0,24,6.701257
0.0,19,6.701837
0.0,9,6.702141
0.0,12,6.702533
0.0,18,6.703076
0.0,7,6.703326
0.0,23,6.70401
0.0,20,6.704615
0.0,14,6.70505
0.0,14,6.705482
0.0,30,6.706353
0.0,11,6.706725
0.0,10,6.707056
0.0,4,6.707226
0.0,14,6.707675
0.0,8,6.707952
0.0,10,6.708282
0.0,24,6.708995
0.0,8,6.709273
0.0,10,6.709613
0.0,26,6.710372
0.0,30,6.711243
0.0,9,6.711559
0.0,17,6.712076
0.0,10,6.712406
0.0,31,6.713367
0.0,39,6.714519
0.0,4,6.714692
0.0,22,6.71534
0.0,21,6.715973
0.0,6,6.716197
0.0,41,6.71737
0.0,33,6.718321
0.0,30,6.719196
0.0,19,6.719779
0.0,13,6.720189
0.0,18,6.720742
0.0,34,6.721722
0.0,14,6.722157
0.0,41,6.723315
0.0,16,6.723816
0.0,34,6.724795
0.0,4,6.724966
0.0,8,6.72524
0.0,16,6.725741
1.0,12,6.726125
0.0,5,6.726321
0.0,9,6.726641
0.0,10,6.726972
0.0,11,6.727327
0.0,16,6.727825
0.0,18,6.728368
0.0,40,6.729511
0.0,12,6.729893
0.0,26,6.730658
1.0,10,6.730989
0.0,7,6.731237
0.0,4,6.731405
0.0,6,6.731638
0.0,16,6.732127
0.0,8,6.732402
0.0,5,6.732608
0.0,24,6.733308
0.0,7,6.733566
0.0,54,6.735078
0.0,7,6.735329
0.0,20,6.735935
0.0,21,6.736576
0.0,25,6.737304
0.0,11,6.737672
0.0,26,6.738426
0.0,6,6.738658
0.0,24,6.739359
0.0,26,6.740126
0.0,31,6.741026
0.0,9,6.741332
0.0,59,6.742986
0.0,26,6.743757
0.0,7,6.744009
0.0,20,6.744616
0.0,28,6.745426
0.0,32,6.746356
0.0,10,6.746705
0.0,35,6.747714
0.0,17,6.748234
0.0,11,6.7486
0.0,31,6.749495
0.0,5,6.749694
0.0,4,6.749863
0.0,17,6.750378
0.0,12,6.750773
0.0,14,6.751209
0.0,12,6.751602
0.0,83,6.753894
0.0,6,6.754119
0.0,5,6.754314
0.0,47,6.755642
0.0,6,6.755866
0.0,9,6.756169
0.0,12,6.756568
0.0,12,6.756952
0.0,4,6.757121
0.0,57,6.758728
0.0,4,6.7589
0.0,14,6.759336
0.0,15,6.759809
0.0,18,6.76035
0.0,15,6.760822
0.0,27,6.761616
0.0,9,6.761921
0.0,28,6.762742
0.0,15,6.763205
0.0,16,6.763705
0.0,10,6.764035
0.0,4,6.764203
0.0,19,6.764783
0.0,35,6.765785
0.0,16,6.766277
0.0,5,6.766472
0.0,4,6.766656
0.0,11,6.767012
0.0,8,6.767289
1.0,16,6.767791
0.0,17,6.768307
0.0,14,6.768752
0.0,22,6.7694
0.0,4,6.76958
0.0,24,6.770283
0.0,43,6.77151
0.0,11,6.771867
0.0,39,6.772973
0.0,18,6.773525
0.0,6,6.77375
0.0,20,6.774341
0.0,11,6.774707
0.0,20,6.775302
0.0,18,6.775851
0.0,10,6.776181
0.0,15,6.77666
0.0,16,6.777151
0.0,44,6.778392
0.0,4,6.778575
0.0,8,6.778853
0.0,29,6.779698
1.0,11,6.780055
0.0,12,6.780437
0.0,9,6.78075
0.0,15,6.781211
0.0,38,6.782291
0.0,14,6.78274
0.0,20,6.783335
0.0,24,6.784047
0.0,7,6.784297
0.0,67,6.786157
0.0,9,6.786462
0.0,13,6.786883
0.0,5,6.787079
0.0,5,6.787276
0.0,11,6.787644
0.0,100,6.790398
0.0,20,6.791007
0.0,9,6.791312
0.0,30,6.792185
0.0,19,6.792765
0.0,33,6.793717
0.0,64,6.795496
0.0,9,6.7958
0.0,10,6.796129
0.0,6,6.79635
0.0,7,6.796617
0.0,10,6.796948
0.0,8,6.797224
0.0,11,6.797591
0.0,9,6.797896
0.0,21,6.798527
0.0,11,6.798883
1.0,13,6.799291
0.0,10,6.799632
0.0,22,6.800278
0.0,6,6.800511
0.0,5,6.80071
0.0,7,6.800958
0.0,37,6.802008
0.0,12,6.802393
0.0,21,6.803021
0.0,13,6.80343
0.0,25,6.804169
0.0,23,6.804855
0.0,42,6.806047
1.0,37,6.807113
1.0,11,6.807471
0.0,13,6.807887
0.0,19,6.808454
0.0,30,6.809321
0.0,6,6.809557
0.0,11,6.809916
0.0,14,6.810352
0.0,18,6.810906
0.0,9,6.811213
0.0,15,6.811688
0.0,8,6.811965
0.0,16,6.812454
0.0,4,6.812632
0.0,18,6.813174
0.0,24,6.813946
0.0,17,6.814472
0.0,11,6.814839
0.0,26,6.815606
0.0,6,6.81583
0.0,44,6.817083
0.0,43,6.818297
0.0,4,6.818469
0.0,32,6.819392
0.0,15,6.819865
0.0,32,6.820792
0.0,33,6.821742
0.0,8,6.82202
0.0,6,6.822242
0.0,38,6.823321
0.0,31,6.824221
0.0,13,6.824644
0.0,23,6.825317
0.0,25,6.826051
0.0,5,6.826249
0.0,12,6.826646
0.0,18,6.82719
0.0,19,6.827769
0.0,25,6.828505
0.0,37,6.829564
0.0,21,6.830186
0.0,8,6.830461
0.0,13,6.830877
0.0,31,6.831774
0.0,6,6.832
0.0,5,6.832195
0.0,7,6.832443
0.0,13,6.832861
0.0,30,6.833734
0.0,30,6.834605
0.0,11,6.834962
0.0,34,6.835934
0.0,13,6.836344
0.0,34,6.837329
0.0,6,6.837565
0.0,4,6.837736
0.0,8,6.838011
0.0,21,6.838642
0.0,15,6.839104
0.0,7,6.839353
0.0,20,6.839955
0.0,8,6.840233
0.0,6,6.840455
0.0,17,6.840984
0.0,18,6.841538
0.0,41,6.842698
0.0,30,6.84357
0.0,9,6.843875
0.0,7,6.844124
0.0,15,6.844597
0.0,4,6.844768
0.0,7,6.845016
0.0,23,6.845701
0.0,7,6.845951
0.0,9,6.846254
0.0,8,6.846546
0.0,9,6.846849
0.0,54,6.848355
1.0,15,6.848828
0.0,41,6.849991
0.0,17,6.850515
0.0,10,6.850847
0.0,15,6.851308
0.0,13,6.85173
0.0,14,6.85218
0.0,22,6.85284
0.0,20,6.853437
0.0,7,6.853696
0.0,12,6.854081
0.0,19,6.854665
0.0,8,6.854943
0.0,20,6.855547
0.0,20,6.85614
0.0,14,6.856594
0.0,5,6.856791
1.0,52,6.858246
0.0,32,6.859172
0.0,17,6.859696
0.0,10,6.860025
0.0,17,6.860551
0.0,5,6.860749
0.0,4,6.860918
0.0,10,6.861245
0.0,24,6.861956
0.0,73,6.863986
0.0,4,6.864158
0.0,57,6.865752
0.0,6,6.865978
0.0,21,6.866616
0.0,10,6.866945
0.0,13,6.867353
0.0,25,6.868091
0.0,24,6.868805
0.0,27,6.869598
0.0,28,6.870402
0.0,9,6.870715
0.0,41,6.871883
0.0,12,6.872265
0.0,45,6.873539
0.0,23,6.874215
0.0,12,6.874604
0.0,11,6.874959
0.0,25,6.875695
0.0,34,6.876679
0.0,8,6.876956
0.0,8,6.87723
0.0,5,6.877425
0.0,46,6.878726
0.0,15,6.87919
0.0,11,6.879555
0.0,21,6.880177
0.0,7,6.880425
0.0,63,6.882178
0.0,18,6.882733
0.0,16,6.883223
0.0,26,6.883987
0.0,35,6.88499
0.0,17,6.885517
0.0,8,6.885795
0.0,9,6.886097
0.0,22,6.88676
0.0,33,6.887714
0.0,29,6.888556
0.0,4,6.888727
0.0,11,6.889081
0.0,8,6.889355
1.0,15,6.889827
0.0,5,6.890025
0.0,11,6.890379
0.0,16,6.890878
0.0,6,6.891102
0.0,63,6.892864
0.0,7,6.893117
0.0,13,6.893535
0.0,11,6.893891
0.0,29,6.894739
0.0,25,6.895471
0.0,28,6.896288
0.0,11,6.896663
0.0,15,6.897129
1.0,33,6.898081
0.0,6,6.898305
0.0,4,6.898474
0.0,53,6.899965
0.0,19,6.900547
0.0,21,6.901171
0.0,19,6.901752
0.0,11,6.902108
0.0,12,6.902498
0.0,19,6.903068
0.0,9,6.90337
0.0,47,6.904701
0.0,38,6.905786
0.0,32,6.906721
0.0,22,6.907367
0.0,18,6.907917
0.0,14,6.908354
0.0,7,6.908615
0.0,20,6.909211
0.0,42,6.910398
0.0,13,6.910818
0.0,12,6.9112
0.0,28,6.912014
0.0,8,6.91229
0.0,17,6.912816
0.0,11,6.913172
0.0,16,6.913671
0.0,32,6.914597
0.0,15,6.915061
0.0,15,6.915535
0.0,16,6.916024
0.0,6,6.916246
0.0,7,6.916509
0.0,24,6.917211
0.0,12,6.917663
0.0,9,6.917969
0.0,46,6.919263
0.0,14,6.919712
0.0,21,6.920334
0.0,38,6.921419
0.0,21,6.922052
0.0,12,6.922436
0.0,34,6.923415
0.0,15,6.92389
0.0,18,6.924433
0.0,23,6.925119
0.0,34,6.926097
0.0,16,6.926605
1.0,12,6.92699
0.0,11,6.927346
0.0,7,6.927607
0.0,8,6.927885
0.0,9,6.928188
0.0,30,6.929059
0.0,48,6.930421
0.0,11,6.930791
0.0,6,6.931016
0.0,28,6.931834
1.0,34,6.932815
0.0,21,6.93344
0.0,14,6.933883
0.0,15,6.934347
0.0,10,6.934686
0.0,35,6.935688
0.0,13,6.936097
0.0,31,6.937001
0.0,5,6.937199
0.0,22,6.937857
0.0,51,6.939286
0.0,10,6.939629
0.0,23,6.940303
0.0,6,6.940536
0.0,35,6.941541
0.0,16,6.942031
0.0,26,6.942795
0.0,9,6.943099
0.0,10,6.943427
0.0,10,6.943768
0.0,9,6.944072
0.0,9,6.944373
1.0,46,6.945677
0.0,7,6.94593
0.0,11,6.946285
0.0,22,6.946951
0.0,6,6.947176
0.0,17,6.947703
0.0,5,6.947902
0.0,7,6.948151
0.0,13,6.94857
1.0,9,6.948876
0.0,10,6.949205
0.0,12,6.949596
0.0,7,6.949847
0.0,11,6.950202
0.0,11,6.950569
0.0,8,6.950847
0.0,9,6.95115
0.0,8,6.951425
1.0,23,6.952109
0.0,22,6.952771
0.0,28,6.953592
0.0,24,6.954294
0.0,17,6.954819
0.0,6,6.955045
0.0,10,6.955375
0.0,13,6.955794
0.0,44,6.957041
0.0,4,6.957212
0.0,13,6.957631
0.0,4,6.957802
0.0,13,6.958214
0.0,15,6.958687
0.0,42,6.959877
0.0,28,6.9607
0.0,8,6.960977
0.0,11,6.961335
0.0,13,6.961754
0.0,43,6.96297
0.0,9,6.963275
0.0,17,6.963803
0.0,35,6.964807
0.0,8,6.965085
0.0,19,6.965667
0.0,7,6.965918
0.0,12,6.966301
0.0,12,6.9667
0.0,36,6.967738
0.0,12,6.968123
0.0,12,6.968517
0.0,15,6.968982
0.0,5,6.969177
0.0,14,6.969625
0.0,11,6.969983
0.0,19,6.970562
0.0,13,6.970974
0.0,10,6.971305
0.0,26,6.972071
0.0,6,6.972296
0.0,5,6.972501
0.0,10,6.972833
0.0,18,6.973378
0.0,8,6.973665
0.0,10,6.973996
0.0,29,6.974841
0.0,8,6.975117
0.0,4,6.975286
0.0,33,6.976234
0.0,6,6.976459
0.0,17,6.976985
0.0,34,6.977963
0.0,12,6.978348
0.0,18,6.978898
0.0,15,6.979362
0.0,23,6.980048
0.0,8,6.980326
0.0,8,6.980615
0.0,24,6.981316
0.0,10,6.981657
0.0,4,6.981827
0.0,23,6.982514
0.0,8,6.98279
0.0,52,6.984239
0.0,6,6.984463
0.0,8,6.984747
0.0,7,6.984994
0.0,27,6.985785
0.0,14,6.986223
0.0,13,6.986651
0.0,36,6.987687
0.0,5,6.987885
0.0,12,6.988281
0.0,59,6.98994
0.0,11,6.990299
0.0,32,6.991224
0.0,7,6.991475
0.0,22,6.992133
0.0,17,6.992658
0.0,8,6.992935
0.0,34,6.993911
0.0,5,6.994108
0.0,14,6.994555
0.0,17,6.995072
0.0,12,6.995454
0.0,11,6.995818
0.0,8,6.996094
0.0,5,6.996289
0.0,52,6.997757
0.0,13,6.998166
0.0,50,6.999576
0.0,10,6.999907
0.0,34,7.000879
0.0,24,7.00159
0.0,13,7.001998
1.0,7,7.002246
0.0,10,7.002587
0.0,15,7.003047
0.0,10,7.003373
0.0,16,7.003869
0.0,11,7.004225
0.0,78,7.006381
0.0,11,7.006754
0.0,19,7.007323
0.0,17,7.007853
0.0,9,7.008156
0.0,18,7.00871
0.0,23,7.009384
0.0,19,7.009963
0.0,4,7.010133
0.0,8,7.010407
0.0,48,7.011764
0.0,7,7.012015
0.0,32,7.012941
1.0,21,7.013578
0.0,15,7.014041
0.0,15,7.014515
0.0,12,7.014899
0.0,5,7.015095
0.0,18,7.015648
0.0,15,7.016111
0.0,7,7.01636
0.0,34,7.017347
0.0,6,7.017642
0.0,12,7.01803
0.0,25,7.018779
0.0,7,7.019031
0.0,16,7.019531
0.0,8,7.019808
1.0,22,7.020456
0.0,20,7.021058
0.0,11,7.021414
1.0,15,7.02189
1.0,12,7.022273
0.0,9,7.022588
0.0,26,7.023344
0.0,27,7.024135
1.0,73,7.026165
0.0,11,7.026541
0.0,12,7.026925
0.0,8,7.027199
0.0,24,7.027911
0.0,6,7.028134
0.0,47,7.029454
1.0,23,7.030138
0.0,27,7.030931
0.0,27,7.031725
0.0,14,7.032162
1.0,11,7.032528
0.0,7,7.032778
0.0,17,7.033291
0.0,8,7.033578
0.0,23,7.034251
0.0,34,7.035225
0.0,18,7.035778
0.0,14,7.036214
0.0,32,7.037144
0.0,31,7.038043
0.0,5,7.038241
0.0,25,7.038976
0.0,19,7.039553
0.0,27,7.040332
1.0,16,7.040839
0.0,7,7.04109
0.0,6,7.041312
0.0,31,7.042205
0.0,7,7.042455
1.0,8,7.042739
1.0,27,7.043533
0.0,16,7.044022
0.0,5,7.044218
0.0,9,7.04453
0.0,32,7.045444
0.0,5,7.045649
0.0,4,7.045819
0.0,88,7.048236
0.0,8,7.048526
0.0,6,7.048749
0.0,32,7.049665
0.0,15,7.050127
0.0,4,7.050297
0.0,31,7.051192
0.0,16,7.051691
0.0,26,7.052441
0.0,6,7.052672
0.0,5,7.052869
0.0,32,7.053792
0.0,4,7.053962
0.0,25,7.054697
1.0,12,7.055079
0.0,7,7.055327
0.0,10,7.055667
0.0,11,7.056022
0.0,32,7.05695
0.0,42,7.058138
0.0,17,7.058664
0.0,7,7.058914
0.0,7,7.059162
0.0,7,7.059409
0.0,6,7.059642
0.0,26,7.060395
0.0,16,7.060892
0.0,33,7.061841
0.0,17,7.062355
0.0,8,7.062641
0.0,13,7.063051
0.0,10,7.06338
0.0,31,7.064277
0.0,14,7.064727
0.0,23,7.065408
0.0,34,7.066385
0.0,9,7.066706
0.0,29,7.067556
0.0,15,7.06802
0.0,8,7.068296
1.0,19,7.068873
0.0,12,7.069255
0.0,35,7.070256
0.0,10,7.070598
0.0,13,7.071009
0.0,6,7.071232
0.0,5,7.071428
0.0,36,7.072462
0.0,17,7.072985
0.0,36,7.074015
0.0,30,7.074885
0.0,6,7.075109
0.0,7,7.075357
0.0,18,7.075907
0.0,4,7.076078
0.0,38,7.077169
0.0,10,7.077509
0.0,29,7.07834
0.0,4,7.078519
0.0,22,7.079167
0.0,6,7.079389
0.0,7,7.07965
1.0,10,7.079982
0.0,15,7.080443
0.0,26,7.081205
0.0,21,7.081839
0.0,34,7.082815
0.0,4,7.082986
0.0,4,7.083154
0.0,34,7.084131
0.0,9,7.084435
0.0,23,7.085115
0.0,34,7.086095
1.0,35,7.087106
0.0,14,7.087553
0.0,49,7.088926
0.0,14,7.089363
0.0,27,7.090153
0.0,10,7.090484
0.0,7,7.090743
0.0,10,7.091072
0.0,10,7.0914
0.0,8,7.091687
0.0,16,7.092178
0.0,6,7.0924
0.0,58,7.094019
0.0,12,7.094404
0.0,12,7.094798
0.0,24,7.095514
0.0,4,7.095685
0.0,22,7.096332
0.0,36,7.097368
0.0,24,7.098079
0.0,14,7.098528
0.0,13,7.098937
0.0,6,7.099159
0.0,66,7.100995
0.0,27,7.101787
0.0,14,7.102223
0.0,9,7.102535
0.0,16,7.103023
1.0,21,7.103652
0.0,10,7.103983
0.0,32,7.104907
0.0,15,7.10537
0.0,57,7.106969
0.0,15,7.107431
0.0,39,7.108542
0.0,13,7.108951
0.0,19,7.109525
0.0,10,7.109855
0.0,25,7.110592
0.0,6,7.110815
0.0,8,7.11109
0.0,6,7.111312
0.0,33,7.112262
0.0,10,7.112605
0.0,10,7.112936
0.0,7,7.113185
0.0,17,7.113708
0.0,7,7.113957
0.0,4,7.114126
0.0,10,7.114453
0.0,43,7.115671
0.0,8,7.115947
0.0,7,7.116195
0.0,21,7.11683
0.0,9,7.117132
0.0,12,7.117526
0.0,9,7.117887
0.0,31,7.118808
1.0,45,7.120085
0.0,42,7.121279
1.0,46,7.122592
0.0,7,7.122844
0.0,16,7.123333
0.0,15,7.123806
0.0,4,7.123977
0.0,18,7.12453
0.0,22,7.125177
0.0,26,7.125942
0.0,24,7.126661
0.0,15,7.127125
0.0,19,7.127717
0.0,12,7.1281
0.0,27,7.12889
0.0,23,7.129575
0.0,39,7.130686
0.0,67,7.132545
0.0,24,7.133246
0.0,5,7.133442
1.0,12,7.133833
0.0,4,7.134004
0.0,11,7.134359
0.0,43,7.135587
1.0,10,7.135917
0.0,13,7.136326
0.0,11,7.1367
0.0,6,7.136924
0.0,10,7.137252
0.0,18,7.137805
0.0,14,7.13824
0.0,5,7.138436
0.0,7,7.138693
0.0,6,7.138916
0.0,15,7.139377
1.0,31,7.140273
0.0,46,7.141574
0.0,10,7.141904
0.0,13,7.142311
0.0,9,7.142625
0.0,12,7.143008
0.0,18,7.14356
0.0,57,7.145183
0.0,13,7.145607
0.0,24,7.146308
1.0,24,7.14705
0.0,17,7.147578
0.0,13,7.147989
0.0,24,7.1487
1.0,10,7.14903
0.0,19,7.149609
0.0,17,7.150124
0.0,14,7.150568
0.0,20,7.151161
0.0,10,7.151498
0.0,32,7.152414
0.0,12,7.152809
0.0,35,7.153814
0.0,8,7.154091
0.0,18,7.154643
0.0,24,7.155346
0.0,4,7.155526
0.0,5,7.155723
0.0,5,7.155919
0.0,22,7.156582
0.0,16,7.157072
0.0,6,7.157294
0.0,5,7.157499
0.0,28,7.158306
0.0,100,7.161062
0.0,10,7.161395
0.0,11,7.161761
0.0,14,7.162197
0.0,33,7.163142
0.0,24,7.163855
0.0,8,7.164131
0.0,5,7.164326
0.0,16,7.164825
0.0,40,7.165962
0.0,20,7.166575
1.0,18,7.167119
0.0,11,7.167474
0.0,5,7.167681
0.0,17,7.168192
0.0,22,7.168848
0.0,29,7.169694
0.0,5,7.169892
0.0,21,7.170522
0.0,9,7.170825
0.0,17,7.171341
0.0,8,7.171626
0.0,11,7.171982
0.0,11,7.172337
0.0,14,7.172784
0.0,27,7.173578
0.0,11,7.173934
0.0,10,7.174262
0.0,39,7.175364
0.0,16,7.175866
0.0,40,7.177008
0.0,75,7.179084
0.0,28,7.179904
1.0,18,7.180449
0.0,73,7.182464
0.0,14,7.182907
0.0,13,7.183314
0.0,35,7.184314
0.0,13,7.184736
0.0,24,7.185437
0.0,27,7.186226
0.0,19,7.186811
1.0,25,7.187551
0.0,14,7.187987
0.0,58,7.189607
0.0,13,7.190017
0.0,6,7.190239
0.0,22,7.190895
0.0,58,7.192513
0.0,50,7.193915
1.0,29,7.194762
0.0,11,7.195119
0.0,6,7.195341
0.0,30,7.196209
0.0,11,7.196583
0.0,33,7.197536
0.0,9,7.19784
1.0,28,7.198655
0.0,14,7.199092
0.0,21,7.199721
0.0,17,7.200235
0.0,8,7.200522
0.0,28,7.201331
0.0,8,7.201617
0.0,53,7.203101
0.0,10,7.203431
0.0,30,7.204298
0.0,17,7.204823
0.0,11,7.205178
0.0,17,7.205704
1.0,13,7.206113
0.0,11,7.206469
0.0,7,7.206732
0.0,5,7.206927
0.0,27,7.207713
0.0,8,7.20799
0.0,9,7.20829
0.0,38,7.209372
0.0,4,7.209555
0.0,23,7.210227
1.0,34,7.211203
0.0,15,7.211679
0.0,12,7.212062
0.0,20,7.212668
0.0,17,7.213182
0.0,14,7.213628
1.0,33,7.214586
0.0,9,7.21489
0.0,5,7.215086
0.0,16,7.215585
0.0,17,7.2161
0.0,4,7.216269
0.0,13,7.216693
0.0,13,7.217104
0.0,37,7.218159
0.0,16,7.218659
0.0,31,7.219556
0.0,39,7.220668
0.0,20,7.221264
0.0,10,7.221605
0.0,12,7.221989
1.0,14,7.222421
0.0,8,7.222708
0.0,45,7.223975
0.0,7,7.224226
0.0,13,7.224647
0.0,33,7.225598
0.0,16,7.226086
0.0,8,7.226362
0.0,28,7.227245
1.0,13,7.227669
0.0,42,7.228864
0.0,6,7.229089
0.0,19,7.229667
0.0,18,7.230208
0.0,11,7.230575
0.0,62,7.232292
0.0,17,7.232819
0.0,16,7.233305
0.0,28,7.234122
0.0,19,7.234697
0.0,31,7.235596
0.0,8,7.235873
0.0,9,7.236176
0.0,24,7.236896
0.0,14,7.237336
0.0,10,7.237675
0.0,46,7.238975
0.0,8,7.239252
0.0,11,7.239618
0.0,7,7.239868
0.0,8,7.240143
0.0,30,7.241024
0.0,7,7.241276
0.0,6,7.241508
0.0,27,7.242295
0.0,8,7.242584
0.0,16,7.243076
0.0,15,7.243547
0.0,23,7.244222
0.0,31,7.245122
0.0,22,7.245787
0.0,16,7.246276
0.0,6,7.246513
0.0,23,7.24719
0.0,16,7.247688
0.0,17,7.248203
0.0,13,7.248624
0.0,6,7.248849
0.0,6,7.24907
0.0,12,7.249451
0.0,6,7.249681
0.0,14,7.250117
0.0,7,7.250366
1.0,19,7.250946
0.0,10,7.251277
0.0,43,7.252499
0.0,14,7.252934
0.0,7,7.253181
0.0,6,7.253403
0.0,80,7.255612
0.0,13,7.256024
0.0,35,7.257036
0.0,38,7.258123
0.0,18,7.258677
0.0,17,7.259189
0.0,25,7.259926
0.0,23,7.260609
0.0,28,7.261412
0.0,23,7.262091
0.0,5,7.262288
0.0,10,7.262627
0.0,14,7.263063
0.0,8,7.263338
0.0,9,7.263651
0.0,5,7.263847
0.0,8,7.264122
0.0,18,7.264669
0.0,18,7.26521
0.0,22,7.265867
0.0,6,7.26609
0.0,20,7.266699
0.0,26,7.267453
0.0,40,7.268591
0.0,13,7.269001
0.0,7,7.269249
0.0,7,7.269508
0.0,9,7.269812
0.0,12,7.270193
0.0,18,7.270756
0.0,23,7.271429
0.0,5,7.271637
0.0,8,7.271914
0.0,13,7.27232
0.0,15,7.272791
0.0,27,7.273579
0.0,13,7.273988
0.0,8,7.274264
0.0,13,7.274684
0.0,22,7.275332
0.0,40,7.276465
0.0,41,7.277642
0.0,7,7.277892
0.0,11,7.278247
0.0,28,7.279063
0.0,56,7.280637
0.0,5,7.280834
0.0,8,7.281108
0.0,16,7.281604
0.0,12,7.281986
0.0,23,7.282667
0.0,11,7.283023
0.0,12,7.283403
0.0,32,7.284322
0.0,23,7.285009
0.0,12,7.285393
0.0,13,7.285811
0.0,41,7.286978
0.0,11,7.287333
0.0,30,7.288204
0.0,17,7.28873
0.0,12,7.289112
0.0,13,7.28953
0.0,14,7.289964
0.0,6,7.290186
0.0,15,7.290658
0.0,11,7.291015
0.0,17,7.291538
0.0,5,7.291736
0.0,10,7.292065
0.0,9,7.292368
0.0,55,7.293911
0.0,19,7.294481
0.0,12,7.294872
0.0,19,7.29544
0.0,7,7.295698
0.0,20,7.296291
0.0,21,7.296931
0.0,10,7.297262
0.0,40,7.298395
0.0,21,7.299028
0.0,8,7.299305
0.0,6,7.299538
0.0,8,7.299815
0.0,27,7.300605
0.0,6,7.300828
1.0,24,7.301537
0.0,49,7.302912
0.0,8,7.30319
0.0,25,7.303927
0.0,9,7.304231
0.0,9,7.304543
1.0,8,7.304819
0.0,26,7.305585
0.0,10,7.305915
0.0,15,7.306377
0.0,10,7.306723
1.0,43,7.307941
0.0,4,7.308112
0.0,38,7.309193
0.0,15,7.309665
0.0,27,7.310446
0.0,43,7.311665
0.0,5,7.311862
0.0,33,7.312812
0.0,11,7.313169
0.0,7,7.313418
0.0,7,7.313678
0.0,22,7.314325
1.0,21,7.314957
0.0,6,7.315181
0.0,8,7.315456
0.0,6,7.315684
0.0,8,7.315959
0.0,40,7.3171
0.0,62,7.318827
0.0,9,7.319131
0.0,12,7.319523
0.0,25,7.320249
0.0,51,7.321677
0.0,6,7.321902
0.0,6,7.322123
0.0,12,7.322515
1.0,16,7.323004
0.0,10,7.323333
0.0,19,7.323913
0.0,23,7.324597
0.0,16,7.325088
0.0,27,7.325878
0.0,6,7.326103
0.0,4,7.326273
0.0,7,7.32654
1.0,36,7.327636
0.0,23,7.328315
0.0,16,7.328817
0.0,8,7.329095
0.0,31,7.329993
0.0,27,7.330784
0.0,9,7.331088
0.0,8,7.331363
0.0,25,7.332104
0.0,17,7.332631
0.0,5,7.332829
0.0,28,7.333647
0.0,6,7.333871
0.0,6,7.334094
1.0,14,7.334541
0.0,11,7.3349
0.0,18,7.33544
0.0,31,7.336342
0.0,8,7.336639
0.0,18,7.337184
0.0,15,7.337656
0.0,13,7.338065
0.0,27,7.338857
0.0,31,7.339755
0.0,31,7.340655
0.0,31,7.341554
0.0,46,7.342849
0.0,11,7.343206
0.0,8,7.343481
0.0,41,7.344651
0.0,4,7.344822
0.0,6,7.345045
0.0,12,7.345426
0.0,9,7.345738
0.0,47,7.347068
1.0,7,7.34732
0.0,4,7.347497
0.0,23,7.348172
0.0,5,7.348368
0.0,12,7.348761
0.0,68,7.350655
0.0,6,7.350879
0.0,10,7.351208
0.0,7,7.351456
0.0,13,7.35187
0.0,11,7.352226
0.0,48,7.353591
0.0,15,7.354056
0.0,11,7.354413
0.0,14,7.354861
0.0,11,7.355217
0.0,15,7.355691
0.0,75,7.357782
0.0,34,7.358761
0.0,20,7.359359
0.0,6,7.359594
1.0,16,7.360083
0.0,69,7.361996
0.0,11,7.362355
0.0,12,7.362747
0.0,11,7.363103
0.0,12,7.363492
0.0,10,7.363824
0.0,10,7.364152
0.0,8,7.364426
1.0,14,7.364872
0.0,15,7.365332
0.0,24,7.366043
0.0,4,7.366214
0.0,19,7.366798
0.0,24,7.367508
0.0,16,7.367997
0.0,29,7.368839
0.0,8,7.369116
0.0,14,7.369561
0.0,13,7.369971
0.0,8,7.370246
0.0,13,7.370666
0.0,9,7.37097
0.0,17,7.371483
0.0,14,7.371931
1.0,12,7.372312
0.0,36,7.373336
0.0,47,7.374668
0.0,7,7.374918
1.0,28,7.375736
0.0,20,7.376332
0.0,8,7.376625
0.0,9,7.376929
0.0,8,7.377203
0.0,18,7.377756
0.0,27,7.378546
0.0,13,7.378953
0.0,6,7.379175
0.0,20,7.37978
0.0,25,7.38052
0.0,6,7.380744
0.0,8,7.38102
0.0,39,7.382126
0.0,43,7.383342
0.0,6,7.383576
0.0,15,7.384039
0.0,8,7.384314
0.0,10,7.384654
0.0,9,7.384956
0.0,23,7.38564
0.0,7,7.38589
0.0,15,7.386351
0.0,20,7.386962
0.0,12,7.387346
0.0,10,7.387685
0.0,22,7.38833
0.0,20,7.388937
1.0,9,7.389241
0.0,19,7.389817
0.0,16,7.390306
0.0,22,7.390965
0.0,45,7.392234
0.0,27,7.393026
0.0,12,7.393409
0.0,23,7.394089
0.0,42,7.395278
0.0,35,7.396281
0.0,26,7.397052
0.0,5,7.397249
0.0,36,7.398278
0.0,6,7.398512
1.0,9,7.398818
0.0,19,7.399387
0.0,30,7.400258
0.0,8,7.400549
0.0,7,7.4008
0.0,10,7.401129
0.0,6,7.401352
0.0,30,7.402221
0.0,7,7.402471
0.0,23,7.403152
0.0,14,7.403599
0.0,11,7.403956
0.0,16,7.404444
0.0,24,7.405155
0.0,9,7.405459
0.0,10,7.405796
0.0,27,7.406595
0.0,6,7.406827
1.0,22,7.407476
0.0,11,7.407843
0.0,7,7.408092
0.0,16,7.408589
0.0,8,7.408865
0.0,27,7.409657
0.0,17,7.410173
0.0,27,7.410963
0.0,49,7.412335
0.0,13,7.412758
0.0,38,7.413848
0.0,13,7.414257
1.0,33,7.415207
0.0,46,7.41652
0.0,13,7.416929
0.0,6,7.417152
0.0,24,7.417863
0.0,18,7.418406
0.0,13,7.418825
0.0,22,7.419473
0.0,14,7.419919
0.0,25,7.420656
0.0,24,7.421358
0.0,11,7.421725
0.0,10,7.422053
0.0,17,7.422579
0.0,8,7.422854
0.0,5,7.423049
0.0,49,7.424419
0.0,24,7.425132
0.0,25,7.425869
0.0,41,7.427039
0.0,11,7.427397
1.0,11,7.427822
0.0,6,7.428047
0.0,21,7.428681
0.0,10,7.42901
0.0,10,7.429338
0.0,11,7.429704
0.0,15,7.430163
0.0,11,7.43053
0.0,37,7.431588
0.0,19,7.432152
0.0,62,7.433876
0.0,9,7.434181
0.0,5,7.434377
0.0,6,7.43461
0.0,25,7.435337
0.0,12,7.435729
0.0,34,7.43671
0.0,31,7.437606
0.0,24,7.438306
0.0,20,7.438909
0.0,27,7.439699
1.0,50,7.441106
0.0,8,7.441383
0.0,5,7.441591
0.0,4,7.441761
0.0,8,7.442036
0.0,23,7.442719
0.0,9,7.443021
0.0,25,7.443754
0.0,31,7.444646
0.0,19,7.445215
0.0,7,7.445463
0.0,7,7.445721
0.0,17,7.446234
0.0,17,7.446767
0.0,10,7.447098
0.0,11,7.447452
0.0,7,7.44771
0.0,18,7.448252
0.0,34,7.449227
0.0,13,7.449649
0.0,21,7.450271
0.0,28,7.451086
1.0,22,7.451746
0.0,72,7.453744
0.0,32,7.45467
0.0,13,7.455081
0.0,15,7.455552
0.0,4,7.455723
0.0,4,7.455891
0.0,10,7.456218
0.0,10,7.456564
0.0,13,7.456973
0.0,25,7.457712
0.0,12,7.458095
0.0,9,7.458396
0.0,14,7.45884
0.0,11,7.459196
0.0,12,7.459589
0.0,5,7.459785
0.0,19,7.460351
0.0,6,7.460583
0.0,7,7.460833
0.0,25,7.461571
0.0,31,7.462455
0.0,20,7.463058
0.0,8,7.463335
0.0,27,7.464127
0.0,49,7.465514
0.0,43,7.466738
0.0,13,7.467148
0.0,20,7.467753
0.0,4,7.467923
0.0,18,7.468463
0.0,9,7.468774
0.0,11,7.469128
0.0,25,7.469867
0.0,4,7.470038
0.0,16,7.470537
0.0,45,7.471807
0.0,18,7.47235
0.0,19,7.472929
0.0,14,7.473365
0.0,16,7.473864
0.0,27,7.474655
0.0,19,7.475224
0.0,18,7.475776
0.0,15,7.476241
0.0,9,7.476559
0.0,10,7.476889
0.0,16,7.477377
1.0,17,7.477905
0.0,16,7.478395
0.0,6,7.478629
0.0,9,7.478932
0.0,30,7.479804
0.0,24,7.480515
0.0,4,7.480686
0.0,8,7.480961
0.0,6,7.481183
0.0,9,7.481492
1.0,19,7.482065
0.0,5,7.48226
0.0,14,7.482705
0.0,20,7.483301
0.0,27,7.484094
0.0,36,7.485126
0.0,10,7.48546
0.0,17,7.485982
0.0,26,7.486758
0.0,34,7.487737
0.0,4,7.487908
0.0,6,7.48813
0.0,13,7.48855
0.0,21,7.489168
0.0,11,7.489535
0.0,12,7.489917
0.0,8,7.490192
0.0,4,7.49036
0.0,10,7.490702
0.0,18,7.491246
0.0,6,7.491468
0.0,14,7.491914
0.0,31,7.492811
0.0,7,7.493061
0.0,17,7.493588
0.0,4,7.49376
0.0,39,7.494869
0.0,11,7.495224
0.0,12,7.495617
0.0,24,7.496317
0.0,23,7.497007
0.0,10,7.497338
0.0,17,7.497864
0.0,10,7.498192
0.0,19,7.498766
0.0,57,7.500342
0.0,41,7.501511
0.0,10,7.501842
0.0,7,7.50209
0.0,21,7.502723
0.0,14,7.503157
0.0,18,7.503709
0.0,59,7.505351
0.0,6,7.505587
1.0,14,7.506023
0.0,11,7.506378
0.0,10,7.506724
0.0,8,7.507001
0.0,28,7.507818
0.0,15,7.508281
0.0,37,7.509334
0.0,6,7.509569
0.0,42,7.510756
0.0,26,7.511518
0.0,30,7.512374
0.0,7,7.512634
0.0,17,7.513145
0.0,8,7.513419
0.0,12,7.513808
0.0,11,7.514163
0.0,20,7.514766
0.0,18,7.515309
0.0,5,7.515514
0.0,28,7.516319
0.0,16,7.516824
0.0,20,7.517417
0.0,11,7.517784
0.0,23,7.518459
1.0,46,7.51976
0.0,12,7.520144
0.0,33,7.521093
0.0,25,7.521831
1.0,13,7.522239
0.0,4,7.522407
0.0,19,7.522985
0.0,4,7.523155
0.0,16,7.523653
0.0,13,7.524064
1.0,10,7.524395
0.0,20,7.525001
0.0,7,7.525252
0.0,17,7.525779
0.0,7,7.52603
0.0,37,7.527093
0.0,12,7.527477
0.0,21,7.528169
0.0,75,7.530247
0.0,21,7.530885
0.0,30,7.531755
0.0,21,7.532374
1.0,20,7.532979
0.0,34,7.533955
0.0,33,7.534903
0.0,7,7.535152
0.0,25,7.53589
0.0,24,7.536604
0.0,9,7.536908
0.0,9,7.53721
1.0,17,7.537736
0.0,15,7.538198
0.0,13,7.538618
0.0,7,7.538868
0.0,18,7.53941
0.0,12,7.539801
0.0,12,7.540182
0.0,21,7.540812
0.0,6,7.541036
0.0,13,7.541444
0.0,6,7.541676
0.0,21,7.542295
0.0,14,7.542756
1.0,17,7.543272
0.0,45,7.544548
0.0,22,7.545194
0.0,14,7.54564
0.0,12,7.546023
0.0,19,7.546609
0.0,29,7.547445
0.0,18,7.547992
0.0,15,7.548456
0.0,9,7.548765
0.0,20,7.549358
1.0,9,7.549671
1.0,11,7.550029
1.0,7,7.550278
0.0,8,7.550565
0.0,8,7.550841
0.0,7,7.551089
1.0,12,7.551469
0.0,48,7.552825
0.0,19,7.553395
0.0,54,7.55491
0.0,7,7.555161
0.0,26,7.555927
0.0,22,7.556594
0.0,34,7.557578
0.0,14,7.558015
0.0,11,7.55837
0.0,35,7.559373
0.0,48,7.560728
0.0,4,7.560899
0.0,15,7.56136
0.0,10,7.561702
0.0,23,7.562381
0.0,21,7.563014
0.0,42,7.564204
0.0,4,7.564374
0.0,4,7.564554
0.0,10,7.564884
0.0,10,7.565211
0.0,13,7.56563
0.0,7,7.56588
1.0,35,7.566892
0.0,11,7.567251
0.0,30,7.568118
0.0,25,7.568861
0.0,42,7.57005
0.0,13,7.57046
0.0,10,7.570796
0.0,32,7.571723
0.0,19,7.572291
0.0,14,7.572737
0.0,16,7.573227
0.0,17,7.573753
0.0,5,7.573949
0.0,9,7.574251
1.0,9,7.574566
0.0,22,7.575215
0.0,11,7.575582
0.0,17,7.576098
0.0,12,7.57648
0.0,14,7.576931
0.0,16,7.57742
0.0,22,7.578076
0.0,32,7.579
0.0,12,7.579383
0.0,35,7.580386
0.0,32,7.581315
0.0,12,7.58171
0.0,13,7.58212
1.0,60,7.583796
0.0,8,7.584074
0.0,6,7.584298
0.0,12,7.58469
0.0,7,7.58494
0.0,20,7.585545
0.0,5,7.585743
0.0,23,7.586419
0.0,43,7.587653
0.0,15,7.588116
0.0,31,7.589011
0.0,8,7.589288
0.0,57,7.59089
0.0,16,7.591381
0.0,28,7.592195
0.0,18,7.592753
0.0,21,7.593374
0.0,15,7.593847
0.0,5,7.594043
0.0,10,7.594371
0.0,9,7.594683
0.0,24,7.595384
0.0,17,7.595912
0.0,34,7.596898
0.0,53,7.598377
0.0,30,7.599248
0.0,12,7.599644
0.0,12,7.600027
0.0,4,7.600195
1.0,34,7.601169
0.0,19,7.601751
0.0,10,7.602082
0.0,18,7.602634
0.0,9,7.602939
0.0,47,7.604261
0.0,7,7.604524
0.0,40,7.605664
0.0,14,7.606101
0.0,11,7.606456
0.0,21,7.607088
0.0,16,7.607589
0.0,15,7.608051
0.0,9,7.608353
0.0,38,7.609434
0.0,26,7.610197
0.0,49,7.611584
0.0,4,7.611755
0.0,14,7.612187
0.0,18,7.612739
0.0,12,7.613121
0.0,8,7.613396
0.0,5,7.613604
0.0,12,7.613986
0.0,9,7.614287
0.0,7,7.614547
0.0,16,7.615034
0.0,11,7.615387
0.0,8,7.615674
0.0,9,7.615978
0.0,27,7.616772
0.0,47,7.618096
0.0,33,7.619048
0.0,28,7.619871
0.0,4,7.620043
0.0,14,7.620478
0.0,5,7.620685
0.0,12,7.621066
0.0,11,7.621421
0.0,21,7.622051
0.0,15,7.622524
0.0,13,7.622933
0.0,14,7.623367
0.0,5,7.623573
0.0,6,7.623797
0.0,6,7.624018
0.0,28,7.624832
0.0,14,7.625269
0.0,15,7.625743
0.0,32,7.626672
0.0,13,7.627083
0.0,5,7.627279
0.0,13,7.627698
0.0,14,7.628135
0.0,13,7.628556
0.0,21,7.629177
0.0,4,7.629404
0.0,36,7.630442
0.0,28,7.631257
1.0,17,7.631785
0.0,5,7.631983
0.0,17,7.632504
0.0,4,7.632674
0.0,10,7.633002
0.0,21,7.63363
0.0,30,7.634496
0.0,5,7.634695
1.0,48,7.636034
0.0,10,7.636364
0.0,15,7.63684
0.0,17,7.637355
0.0,32,7.638276
0.0,10,7.638618
0.0,11,7.638972
0.0,7,7.63922
0.0,25,7.639953
0.0,9,7.640256
0.0,12,7.640656
0.0,23,7.641329
1.0,22,7.641989
0.0,14,7.642426
0.0,18,7.642977
0.0,45,7.644246
1.0,10,7.644589
1.0,22,7.645236
0.0,8,7.645523
0.0,43,7.646741
0.0,7,7.646991
0.0,22,7.647649
0.0,37,7.648714
0.0,14,7.649149
0.0,16,7.649648
0.0,13,7.650058
0.0,9,7.650358
0.0,23,7.651046
0.0,20,7.651651
0.0,29,7.652482
0.0,6,7.652715
0.0,5,7.652909
0.0,50,7.654306
0.0,16,7.654809
0.0,10,7.655138
0.0,15,7.655611
0.0,12,7.655998
0.0,30,7.656875
0.0,10,7.657204
0.0,31,7.658098
0.0,43,7.659313
0.0,23,7.659999
0.0,60,7.661677
0.0,28,7.662495
1.0,8,7.662773
0.0,12,7.663154
0.0,10,7.663508
0.0,10,7.663838
0.0,23,7.664522
0.0,8,7.664799
1.0,35,7.665807
0.0,56,7.667368
0.0,8,7.667657
0.0,31,7.668556
0.0,11,7.668913
0.0,11,7.669267
0.0,7,7.669526
0.0,13,7.669937
0.0,7,7.670185
0.0,31,7.67108
0.0,48,7.672425
0.0,5,7.672633
0.0,4,7.672803
0.0,12,7.673183
0.0,26,7.673947
0.0,13,7.674357
0.0,10,7.674697
0.0,37,7.675755
0.0,42,7.676957
0.0,9,7.677262
1.0,22,7.677923
0.0,29,7.67877
0.0,28,7.67959
0.0,5,7.679787
0.0,8,7.680061
0.0,5,7.680256
0.0,34,7.681229
0.0,27,7.682024
0.0,10,7.682355
0.0,48,7.683712
0.0,17,7.68424
0.0,20,7.684846
0.0,14,7.685282
0.0,6,7.685515
0.0,13,7.685925
0.0,14,7.68636
1.0,9,7.68668
0.0,9,7.686984
0.0,17,7.687508
0.0,6,7.687732
0.0,53,7.689209
0.0,22,7.689871
0.0,25,7.690609
0.0,10,7.690938
0.0,5,7.691133
0.0,15,7.691604
0.0,6,7.691828
0.0,14,7.692263
0.0,10,7.692602
0.0,29,7.693433
0.0,71,7.69539
0.0,58,7.697009
0.0,10,7.697341
0.0,28,7.698158
0.0,29,7.699001
0.0,31,7.699895
0.0,11,7.70025
0.0,7,7.700509
0.0,22,7.701158
0.0,4,7.701327
0.0,16,7.701823
0.0,26,7.702587
0.0,9,7.702889
0.0,6,7.70311
0.0,33,7.704057
0.0,12,7.704439
0.0,8,7.704724
0.0,13,7.705131
0.0,6,7.705352
0.0,5,7.705557
0.0,40,7.706694
0.0,20,7.707287
0.0,18,7.70784
0.0,6,7.708063
0.0,21,7.708694
0.0,4,7.708865
0.0,50,7.710264
0.0,41,7.711426
0.0,14,7.711873
0.0,6,7.712097
0.0,25,7.712836
0.0,21,7.713458
0.0,16,7.713953
0.0,8,7.71423
1.0,16,7.714733
0.0,20,7.715327
0.0,10,7.715668
0.0,23,7.71634
0.0,4,7.716525
0.0,37,7.717581
0.0,14,7.718016
0.0,27,7.718807
0.0,6,7.71903
0.0,48,7.720373
0.0,48,7.721732
0.0,6,7.721955
0.0,32,7.722875
0.0,20,7.723469
1.0,21,7.7241
0.0,13,7.724516
0.0,23,7.725193
0.0,23,7.725877
0.0,30,7.726753
0.0,21,7.727374
0.0,9,7.727689
0.0,22,7.728335
0.0,9,7.728648
0.0,25,7.729375
0.0,32,7.730295
0.0,14,7.730743
0.0,9,7.731047
0.0,6,7.731268
0.0,9,7.731581
1.0,33,7.732527
0.0,15,7.73299
0.0,23,7.733675
0.0,29,7.734518
0.0,4,7.734689
0.0,7,7.734938
1.0,22,7.735657
0.0,8,7.735936
0.0,14,7.736373
0.0,9,7.736696
0.0,6,7.73692
0.0,11,7.737275
0.0,6,7.737508
0.0,9,7.737811
1.0,16,7.738299
0.0,9,7.738611
0.0,11,7.738968
0.0,6,7.73919
1.0,23,7.739873
0.0,30,7.740741
0.0,9,7.741045
0.0,47,7.742367
0.0,19,7.742949
0.0,9,7.743252
0.0,8,7.743537
0.0,11,7.743893
0.0,42,7.745078
0.0,31,7.745983
0.0,13,7.746394
0.0,35,7.747401
0.0,5,7.74761
0.0,6,7.747833
0.0,27,7.748626
0.0,31,7.749525
0.0,33,7.750465
0.0,10,7.750803
0.0,43,7.752018
0.0,13,7.752428
0.0,7,7.752687
0.0,29,7.753534
0.0,8,7.753812
0.0,14,7.754248
0.0,40,7.755385
0.0,36,7.756417
0.0,13,7.756844
0.0,18,7.757389
0.0,12,7.757783
0.0,14,7.758219
1.0,9,7.758533
0.0,26,7.759288
0.0,17,7.759815
1.0,23,7.760498
0.0,28,7.761308
1.0,29,7.762154
0.0,6,7.762378
0.0,10,7.762718
0.0,9,7.763023
0.0,11,7.763377
0.0,20,7.763984
0.0,19,7.764565
0.0,11,7.764923
0.0,28,7.765739
0.0,59,7.767386
0.0,9,7.767703
1.0,8,7.76798
0.0,10,7.768308
0.0,14,7.768755
0.0,14,7.769191
0.0,27,7.769982
0.0,34,7.770959
0.0,6,7.771183
0.0,33,7.77213
0.0,4,7.7723
1.0,82,7.774567
0.0,8,7.774845
0.0,14,7.775278
0.0,27,7.77607
0.0,11,7.776427
0.0,12,7.776826
0.0,8,7.777103
0.0,6,7.777326
0.0,4,7.777506
1.0,11,7.777864
0.0,7,7.778114
0.0,37,7.779173
0.0,5,7.779371
0.0,45,7.780659
0.0,25,7.781386
0.0,39,7.782509
0.0,4,7.782681
0.0,19,7.783247
0.0,12,7.783639
0.0,43,7.784855
1.0,26,7.785622
0.0,8,7.7859
0.0,8,7.786175
0.0,19,7.786761
0.0,6,7.786984
0.0,24,7.787694
0.0,53,7.789177
0.0,6,7.7894
0.0,8,7.789686
0.0,25,7.790415
0.0,4,7.790596
0.0,7,7.790846
0.0,13,7.791254
0.0,18,7.791805
0.0,29,7.79265
1.0,25,7.793376
0.0,8,7.793664
0.0,8,7.79394
0.0,16,7.794423
0.0,51,7.795859
0.0,66,7.797708
0.0,37,7.798763
0.0,12,7.799147
0.0,11,7.799514
0.0,14,7.79995
0.0,19,7.800526
0.0,9,7.80083
1.0,6,7.801052
0.0,11,7.801406
0.0,4,7.801587
1.0,7,7.801837
0.0,11,7.802193
0.0,10,7.802532
0.0,9,7.802836
0.0,11,7.80319
0.0,10,7.80353
0.0,12,7.803912
0.0,37,7.804967
0.0,9,7.80527
0.0,22,7.805928
0.0,10,7.806258
0.0,18,7.806817
0.0,26,7.807583
0.0,48,7.808939
0.0,9,7.809242
0.0,4,7.80941
0.0,17,7.809936
0.0,16,7.810425
0.0,12,7.810817
0.0,7,7.811068
1.0,19,7.811649
0.0,6,7.811873
0.0,16,7.812363
0.0,14,7.812809
0.0,25,7.813545
0.0,15,7.814005
0.0,13,7.814412
0.0,16,7.814911
0.0,28,7.815726
0.0,41,7.816894
0.0,10,7.817223
0.0,17,7.81775
0.0,18,7.818293
0.0,31,7.819188
0.0,5,7.819386
0.0,6,7.81962
0.0,15,7.820081
0.0,22,7.820738
0.0,10,7.821067
0.0,20,7.821671
0.0,9,7.821974
0.0,6,7.822195
0.0,19,7.822785
0.0,4,7.822956
0.0,39,7.824062
0.0,35,7.825066
0.0,27,7.825858
1.0,63,7.827627
0.0,27,7.828414
0.0,13,7.828835
0.0,34,7.829813
0.0,5,7.830011
0.0,30,7.83088
1.0,12,7.831265
1.0,33,7.832217
0.0,12,7.832613
0.0,13,7.833022
0.0,9,7.833324
0.0,12,7.833719
0.0,42,7.834908
0.0,8,7.835186
0.0,47,7.836589
0.0,17,7.837108
1.0,7,7.837357
0.0,10,7.837697
0.0,21,7.83832
0.0,45,7.839594
0.0,9,7.839898
0.0,11,7.840251
0.0,6,7.840473
0.0,30,7.841347
0.0,11,7.841714
0.0,54,7.843231
1.0,18,7.843783
0.0,13,7.844192
0.0,35,7.845196
0.0,69,7.847118
0.0,4,7.84729
0.0,22,7.847947
0.0,4,7.848118
1.0,14,7.848566
0.0,35,7.849566
0.0,31,7.850448
0.0,11,7.850812
0.0,24,7.851524
0.0,13,7.851934
0.0,12,7.852315
0.0,6,7.85255
0.0,16,7.853038
0.0,43,7.854254
0.0,5,7.854452
0.0,11,7.854815
0.0,9,7.855118
0.0,14,7.855563
0.0,10,7.855891
0.0,10,7.856221
0.0,15,7.8567
0.0,9,7.857003
1.0,60,7.858677
0.0,29,7.859517
0.0,5,7.859714
0.0,28,7.86053
0.0,9,7.860833
0.0,11,7.861188
0.0,22,7.861846
0.0,53,7.863328
0.0,9,7.863643
0.0,14,7.864079
0.0,35,7.86508
0.0,23,7.865765
0.0,9,7.866067
0.0,19,7.866647
0.0,15,7.867109
0.0,20,7.86771
0.0,21,7.868327
0.0,27,7.86912
0.0,7,7.869371
0.0,10,7.86971
0.0,33,7.870661
0.0,23,7.871336
0.0,30,7.872204
1.0,18,7.872758
0.0,17,7.873275
0.0,14,7.873721
0.0,23,7.874393
0.0,12,7.874788
1.0,14,7.875222
0.0,17,7.875747
0.0,8,7.876026
0.0,6,7.876249
0.0,8,7.876542
0.0,63,7.878289
0.0,19,7.878868
0.0,13,7.879278
0.0,16,7.879777
0.0,12,7.880159
0.0,10,7.880497
1.0,10,7.88083
0.0,22,7.881477
0.0,5,7.881684
1.0,14,7.882119
0.0,21,7.882751
0.0,17,7.883266
0.0,51,7.884705
0.0,21,7.885328
0.0,15,7.885802
0.0,31,7.886709
0.0,13,7.887122
0.0,27,7.887914
0.0,12,7.888298
0.0,6,7.888529
0.0,13,7.88894
0.0,9,7.889244
0.0,28,7.890063
0.0,32,7.890994
0.0,4,7.891165
0.0,10,7.891501
0.0,23,7.892177
0.0,17,7.892705
0.0,18,7.893251
0.0,5,7.893447
0.0,15,7.893917
0.0,6,7.894141
1.0,19,7.894721
0.0,6,7.894945
0.0,14,7.89538
0.0,18,7.895931
0.0,16,7.896421
0.0,32,7.897352
0.0,26,7.898121
0.0,5,7.89832
0.0,27,7.899112
0.0,45,7.900385
0.0,36,7.901421
0.0,18,7.901975
0.0,11,7.902332
0.0,6,7.902567
0.0,5,7.902764
0.0,8,7.903039
1.0,40,7.904177
0.0,5,7.904376
0.0,8,7.904665
0.0,6,7.904887
0.0,8,7.905163
0.0,48,7.906535
0.0,24,7.907238
0.0,12,7.907633
0.0,15,7.908096
0.0,52,7.90956
0.0,8,7.909838
0.0,24,7.910551
0.0,21,7.911173
0.0,9,7.911474
0.0,17,7.911998
0.0,21,7.912626
0.0,15,7.913089
0.0,6,7.91331
0.0,31,7.914204
0.0,18,7.914757
0.0,27,7.915546
0.0,24,7.91625
0.0,13,7.916678
0.0,8,7.916955
0.0,9,7.917258
0.0,13,7.917677
0.0,29,7.91852
0.0,11,7.918877
0.0,28,7.919693
0.0,14,7.920129
0.0,35,7.921131
0.0,19,7.921713
0.0,21,7.922336
0.0,15,7.92281
0.0,7,7.923061
0.0,5,7.923257
0.0,24,7.923968
0.0,14,7.924403
0.0,16,7.924902
0.0,33,7.925857
0.0,29,7.926712
0.0,8,7.92699
0.0,6,7.927212
0.0,18,7.927764
0.0,16,7.928253
0.0,6,7.928475
1.0,48,7.929833
0.0,9,7.930135
0.0,6,7.930358
0.0,5,7.930563
0.0,11,7.93092
0.0,16,7.931406
0.0,7,7.931667
0.0,41,7.93283
0.0,13,7.933239
0.0,5,7.933435
1.0,22,7.934092
0.0,11,7.934451
0.0,9,7.934763
0.0,10,7.935094
0.0,10,7.935423
0.0,31,7.93638
0.0,18,7.936947
1.0,13,7.937358
0.0,21,7.937994
0.0,61,7.939701
0.0,74,7.941746
0.0,4,7.941918
0.0,33,7.942869
0.0,17,7.943387
0.0,10,7.943729
0.0,37,7.944786
1.0,14,7.945224
0.0,10,7.945563
0.0,19,7.946133
0.0,10,7.946461
0.0,6,7.946698
0.0,22,7.947348
0.0,25,7.948086
0.0,13,7.948506
0.0,22,7.949154
0.0,12,7.949546
0.0,12,7.949929
0.0,12,7.95031
0.0,17,7.950838
0.0,21,7.951458
0.0,14,7.951901
0.0,8,7.952178
0.0,93,7.95474
0.0,34,7.955719
0.0,20,7.956314
0.0,30,7.957192
0.0,22,7.95785
0.0,13,7.95826
0.0,10,7.958601
0.0,13,7.959012
0.0,23,7.959695
0.0,20,7.960293
0.0,20,7.960897
0.0,4,7.961068
1.0,30,7.961942
0.0,29,7.962788
0.0,55,7.964322
0.0,11,7.964691
0.0,54,7.966198
0.0,22,7.966864
0.0,13,7.967273
1.0,14,7.96772
0.0,15,7.968183
0.0,14,7.968643
0.0,6,7.968868
0.0,38,7.969947
0.0,6,7.970172
0.0,26,7.970935
0.0,22,7.971595
0.0,16,7.972084
0.0,33,7.973031
0.0,31,7.973938
0.0,9,7.974242
0.0,5,7.974438
0.0,27,7.975226
0.0,17,7.975754
0.0,22,7.976404
0.0,30,7.977278
0.0,16,7.97778
0.0,13,7.978189
0.0,6,7.978412
0.0,15,7.978882
0.0,8,7.979161
0.0,41,7.980326
0.0,36,7.98136
0.0,14,7.981807
0.0,6,7.982031
0.0,12,7.982413
0.0,8,7.982701
0.0,6,7.982925
0.0,15,7.983384
1.0,11,7.98375
0.0,10,7.98408
0.0,36,7.985107
0.0,61,7.986813
0.0,16,7.987304
0.0,28,7.988122
0.0,16,7.988625
0.0,19,7.989194
0.0,25,7.989931
0.0,32,7.990858
0.0,87,7.993254
0.0,46,7.994565
0.0,51,7.995992
0.0,36,7.997032
0.0,10,7.997364
0.0,32,7.998289
0.0,16,7.998791
1.0,17,7.999309
0.0,19,7.999887
0.0,7,8.000138
1.0,13,8.00056
0.0,21,8.00118
0.0,12,8.001574
0.0,28,8.002378
0.0,9,8.002692
0.0,8,8.002971
0.0,4,8.00314
0.0,12,8.003535
0.0,4,8.003705
0.0,12,8.004085
0.0,7,8.004334
0.0,13,8.004754
0.0,23,8.005429
0.0,21,8.006063
0.0,19,8.006649
0.0,25,8.007379
0.0,16,8.00788
0.0,20,8.008476
0.0,15,8.008949
0.0,10,8.009277
0.0,16,8.009778
0.0,28,8.010596
0.0,20,8.011192
0.0,14,8.011636
0.0,9,8.01194
0.0,8,8.012216
0.0,21,8.012849
0.0,30,8.013718
0.0,42,8.014912
0.0,4,8.015083
0.0,18,8.015636
0.0,5,8.015832
0.0,73,8.017864
0.0,31,8.018775
0.0,4,8.018947
0.0,17,8.01946
0.0,21,8.020086
0.0,38,8.021195
0.0,8,8.021472
0.0,15,8.021943
0.0,24,8.022652
0.0,27,8.023432
0.0,9,8.023745
0.0,7,8.023995
0.0,5,8.024191
0.0,14,8.024637
0.0,25,8.025365
0.0,4,8.025548
0.0,11,8.025902
0.0,16,8.026389
0.0,11,8.026762
0.0,9,8.027067
0.0,12,8.027449
0.0,37,8.028508
0.0,10,8.028836
0.0,7,8.029085
0.0,19,8.029665
0.0,6,8.029889
0.0,19,8.030455
0.0,7,8.03071
0.0,20,8.031302
0.0,5,8.031507
0.0,7,8.031757
0.0,20,8.032349
0.0,9,8.032664
0.0,23,8.033338
0.0,28,8.034155
0.0,13,8.034575
0.0,41,8.035741
0.0,11,8.036097
0.0,33,8.037053
0.0,17,8.03758
0.0,23,8.038258
0.0,6,8.038481
0.0,22,8.039139
0.0,40,8.040272
0.0,11,8.040646
0.0,9,8.040949
1.0,6,8.041172
0.0,30,8.042045
0.0,12,8.042428
0.0,13,8.042847
0.0,6,8.043129
0.0,28,8.04395
0.0,33,8.044909
0.0,12,8.045294
0.0,17,8.045822
0.0,10,8.046152
0.0,10,8.04648
0.0,6,8.046717
0.0,22,8.047364
0.0,24,8.048077
0.0,30,8.048949
0.0,32,8.049868
0.0,11,8.050223
0.0,7,8.050472
0.0,9,8.050785
0.0,5,8.050981
0.0,9,8.051283
0.0,20,8.051889
0.0,10,8.05222
0.0,21,8.052852
0.0,14,8.053288
0.0,12,8.053683
0.0,6,8.053906
0.0,9,8.054208
0.0,8,8.054482
0.0,56,8.056055
0.0,17,8.05659
0.0,4,8.056761
0.0,12,8.05714
0.0,13,8.057557
1.0,14,8.057995
0.0,36,8.059023
0.0,14,8.059459
0.0,20,8.060061
0.0,28,8.060879
0.0,5,8.061076
0.0,7,8.061324
0.0,10,8.061662
1.0,14,8.062096
0.0,19,8.062676
0.0,15,8.063138
0.0,20,8.063742
0.0,21,8.064363
0.0,31,8.065262
0.0,58,8.066886
0.0,9,8.06719
0.0,38,8.068277
0.0,46,8.069592
0.0,53,8.071077
0.0,8,8.071353
0.0,12,8.071747
0.0,8,8.072023
0.0,11,8.072377
0.0,16,8.072876
0.0,8,8.073152
0.0,8,8.073428
0.0,12,8.073819
0.0,24,8.074529
0.0,36,8.075556
0.0,6,8.075781
0.0,5,8.075976
1.0,17,8.076501
0.0,26,8.077254
0.0,16,8.077754
0.0,10,8.078086
0.0,8,8.078361
0.0,5,8.078568
0.0,43,8.07978
0.0,13,8.080189
0.0,10,8.080528
0.0,18,8.081068
0.0,14,8.081511
0.0,10,8.081841
0.0,31,8.082735
0.0,24,8.083433
0.0,52,8.084894
0.0,100,8.087651
0.0,29,8.088493
0.0,41,8.089657
0.0,6,8.089882
0.0,13,8.090289
0.0,33,8.09124
0.0,14,8.091688
0.0,14,8.092123
0.0,55,8.093664
0.0,16,8.094154
0.0,20,8.094756
0.0,14,8.095191
0.0,18,8.095745
0.0,13,8.096155
0.0,26,8.096925
0.0,4,8.097096
1.0,8,8.097372
0.0,16,8.09787
0.0,20,8.098467
0.0,29,8.09931
0.0,36,8.100345
0.0,16,8.100845
0.0,7,8.101095
0.0,27,8.101887
0.0,23,8.102574
1.0,42,8.103759
0.0,7,8.104011
0.0,19,8.104594
0.0,24,8.105294
0.0,7,8.105554
0.0,12,8.105937
0.0,22,8.1066
0.0,12,8.106983
0.0,5,8.107178
0.0,42,8.108366
0.0,8,8.108655
0.0,5,8.108853
0.0,17,8.109369
0.0,14,8.109815
0.0,7,8.110065
0.0,11,8.110434
0.0,29,8.111274
0.0,16,8.111774
0.0,17,8.112287
0.0,11,8.11265
0.0,67,8.114511
0.0,16,8.114999
0.0,59,8.116646
0.0,34,8.117623
0.0,6,8.117847
0.0,10,8.118174
0.0,11,8.118538
0.0,16,8.119025
0.0,25,8.119761
0.0,42,8.120946
0.0,23,8.121631
0.0,24,8.122334
0.0,13,8.122754
0.0,26,8.123518
0.0,16,8.124008
0.0,13,8.124417
0.0,5,8.124623
0.0,16,8.125109
0.0,32,8.12603
0.0,49,8.127411
0.0,5,8.127619
0.0,6,8.127842
0.0,10,8.12817
0.0,21,8.128805
0.0,22,8.129449
0.0,36,8.130471
1.0,16,8.130968
0.0,5,8.131163
0.0,70,8.133103
0.0,24,8.133815
0.0,35,8.134818
0.0,4,8.134988
0.0,21,8.135617
0.0,9,8.135921
0.0,37,8.136979
0.0,13,8.137388
0.0,9,8.137703
0.0,4,8.137875
0.0,7,8.138125
0.0,14,8.13857
0.0,40,8.139709
0.0,16,8.140198
0.0,8,8.140473
0.0,7,8.140731
0.0,15,8.14119
0.0,25,8.141924
0.0,22,8.142585
0.0,21,8.143206
0.0,13,8.143626
0.0,11,8.143982
0.0,37,8.145033
0.0,32,8.145957
0.0,6,8.146181
0.0,4,8.146407
0.0,78,8.148585
0.0,12,8.14897
0.0,68,8.15086
0.0,12,8.151244
0.0,7,8.151501
0.0,12,8.151884
0.0,6,8.152105
0.0,12,8.152493
0.0,11,8.152853
1.0,18,8.153393
0.0,9,8.153708
0.0,18,8.154251
0.0,49,8.155637
0.0,30,8.156513
0.0,10,8.156844
0.0,11,8.157199
0.0,22,8.157855
0.0,6,8.158078
0.0,36,8.159106
0.0,48,8.160448
0.0,4,8.160626
1.0,22,8.161272
0.0,20,8.161879
0.0,11,8.162235
0.0,8,8.162521
0.0,8,8.162797
0.0,6,8.16302
0.0,9,8.163321
0.0,32,8.164239
0.0,8,8.164528
0.0,37,8.165585
0.0,23,8.166258
0.0,32,8.167185
0.0,22,8.167846
0.0,11,8.168203
0.0,7,8.168451
0.0,26,8.16921
0.0,26,8.169977
0.0,44,8.171224
0.0,7,8.171477
0.0,21,8.172109
0.0,5,8.172305
0.0,14,8.17275
0.0,24,8.173451
0.0,8,8.173736
0.0,30,8.17461
0.0,29,8.175444
0.0,11,8.175807
0.0,22,8.176457
1.0,14,8.176904
0.0,32,8.17783
0.0,9,8.178135
0.0,12,8.178528
0.0,42,8.179719
0.0,20,8.180314
0.0,4,8.180484
0.0,12,8.180876
0.0,7,8.181124
0.0,10,8.181451
0.0,6,8.181681
0.0,19,8.182248
0.0,10,8.182589
0.0,12,8.182971
0.0,6,8.183193
0.0,9,8.183503
0.0,20,8.184098
0.0,12,8.184479
0.0,10,8.184817
0.0,12,8.185199
0.0,68,8.187095
0.0,17,8.187625
0.0,7,8.187875
0.0,16,8.188362
0.0,43,8.189591
0.0,13,8.190003
0.0,6,8.190226
0.0,18,8.190779
0.0,53,8.192263
0.0,6,8.192496
0.0,24,8.193198
0.0,40,8.194336
0.0,5,8.194545
0.0,8,8.194822
0.0,20,8.195415
1.0,31,8.196316
0.0,20,8.196928
0.0,11,8.197285
0.0,57,8.19887
0.0,27,8.199658
0.0,9,8.199961
0.0,59,8.201605
0.0,8,8.201883
1.0,26,8.202643
0.0,49,8.204019
0.0,6,8.204244
0.0,28,8.205066
0.0,79,8.207248
0.0,18,8.207802
1.0,10,8.208133
0.0,11,8.208496
0.0,17,8.209011
0.0,41,8.210176
0.0,11,8.210544
1.0,19,8.211111
0.0,32,8.212036
0.0,4,8.212207
0.0,8,8.212482
0.0,7,8.212741
0.0,6,8.212962
0.0,4,8.21313
0.0,7,8.213377
0.0,14,8.213823
0.0,6,8.214046
0.0,23,8.214728
0.0,11,8.215084
0.0,28,8.215902
0.0,13,8.216311
0.0,17,8.216842
0.0,11,8.217199
0.0,16,8.217696
0.0,8,8.217973
0.0,29,8.218817
0.0,18,8.219359
0.0,30,8.220228
0.0,5,8.220425
0.0,31,8.221317
0.0,36,8.222345
0.0,6,8.22258
0.0,19,8.223146
1.0,16,8.223647
0.0,24,8.224351
0.0,40,8.225501
0.0,10,8.225831
0.0,16,8.226315
0.0,23,8.227003
0.0,11,8.22736
0.0,7,8.227621
0.0,7,8.227871
0.0,17,8.228387
0.0,6,8.228621
0.0,14,8.229057
0.0,7,8.229305
0.0,10,8.229644
1.0,16,8.230134
0.0,21,8.230767
0.0,5,8.230964
0.0,35,8.231967
1.0,25,8.232706
0.0,9,8.233009
0.0,8,8.233285
0.0,32,8.23421
0.0,8,8.234498
0.0,25,8.235227
0.0,18,8.235782
0.0,5,8.23598
0.0,5,8.236176
0.0,25,8.236924
0.0,52,8.238386
0.0,9,8.238701
0.0,7,8.238953
0.0,24,8.239667
0.0,16,8.240157
0.0,17,8.240688
0.0,78,8.242844
0.0,63,8.244597
0.0,15,8.245058
0.0,12,8.24544
0.0,6,8.245672
0.0,19,8.246239
1.0,9,8.246559
0.0,23,8.247233
0.0,24,8.247944
0.0,29,8.248848
0.0,5,8.249047
0.0,17,8.249571
0.0,23,8.250246
0.0,6,8.250468
0.0,7,8.250726
0.0,6,8.250948
0.0,4,8.251117
0.0,7,8.251366
0.0,17,8.251891
0.0,9,8.252194
0.0,9,8.252505
0.0,6,8.252729
0.0,11,8.253084
0.0,5,8.253279
0.0,14,8.253738
0.0,32,8.254663
0.0,11,8.25502
0.0,65,8.256835
0.0,16,8.257326
0.0,12,8.257718
0.0,5,8.257915
0.0,41,8.259074
0.0,6,8.259298
0.0,87,8.261693
0.0,18,8.262235
0.0,35,8.263234
0.0,10,8.263576
0.0,19,8.264143
0.0,9,8.264443
0.0,10,8.264779
0.0,11,8.265134
0.0,16,8.26563
0.0,12,8.266013
0.0,8,8.2663
0.0,12,8.266702
0.0,6,8.266927
0.0,21,8.267559
0.0,8,8.267834
0.0,41,8.268993
0.0,10,8.269324
0.0,4,8.269503
0.0,13,8.269913
0.0,39,8.271021
0.0,7,8.271271
0.0,15,8.271741
0.0,15,8.272205
0.0,24,8.272918
0.0,23,8.273604
0.0,62,8.27532
0.0,7,8.275583
0.0,20,8.276178
0.0,6,8.276399
0.0,9,8.276718
0.0,42,8.277904
0.0,100,8.280667
0.0,45,8.281936
0.0,11,8.282293
0.0,31,8.28319
0.0,14,8.283636
0.0,6,8.283859
0.0,22,8.284516
0.0,17,8.285033
0.0,7,8.28528
0.0,51,8.286717
0.0,24,8.287417
0.0,14,8.287864
0.0,24,8.288574
0.0,43,8.289783
0.0,12,8.290166
0.0,12,8.290558
0.0,31,8.291443
0.0,32,8.292362
0.0,32,8.293281
0.0,47,8.294617
0.0,14,8.295053
0.0,5,8.295249
0.0,8,8.295534
0.0,8,8.29581
0.0,27,8.296603
0.0,6,8.296827
0.0,5,8.297022
0.0,7,8.29727
0.0,19,8.297847
0.0,9,8.29815
0.0,43,8.299365
0.0,9,8.299681
0.0,40,8.300815
0.0,4,8.300986
0.0,10,8.301315
0.0,5,8.301521
0.0,30,8.302383
0.0,30,8.303254
0.0,24,8.303967
0.0,15,8.304427
0.0,21,8.305055
0.0,6,8.305279
0.0,16,8.305778
1.0,34,8.306759
0.0,7,8.30701
0.0,8,8.307285
1.0,17,8.30781
0.0,22,8.308457
0.0,21,8.309086
0.0,6,8.309309
0.0,8,8.309594
0.0,15,8.310056
0.0,29,8.310898
0.0,24,8.311608
0.0,8,8.311885
0.0,38,8.312963
0.0,8,8.31324
0.0,23,8.313921
0.0,14,8.314358
0.0,44,8.315611
0.0,9,8.315913
0.0,18,8.316452
0.0,25,8.317188
0.0,16,8.317691
0.0,5,8.317888
1.0,14,8.318322
0.0,6,8.318556
0.0,5,8.318752
0.0,16,8.319237
0.0,18,8.319789
0.0,5,8.319985
0.0,14,8.32042
0.0,12,8.320812
0.0,26,8.321575
0.0,21,8.322194
0.0,23,8.322875
0.0,6,8.323098
0.0,27,8.32389
0.0,11,8.324244
0.0,21,8.324872
0.0,4,8.325043
0.0,4,8.325212
0.0,6,8.325433
0.0,11,8.325795
0.0,46,8.327098
0.0,5,8.327294
0.0,13,8.327714
0.0,12,8.328095
0.0,12,8.328476
0.0,13,8.328892
0.0,11,8.329245
0.0,21,8.329875
0.0,10,8.330208
0.0,12,8.330602
0.0,18,8.331143
0.0,35,8.332144
0.0,11,8.332511
0.0,8,8.332787
0.0,18,8.333326
0.0,6,8.33356
0.0,16,8.334047
1.0,11,8.334401
0.0,13,8.334816
0.0,6,8.335039
1.0,42,8.336228
0.0,20,8.336839
0.0,16,8.337329
0.0,11,8.337696
0.0,9,8.337999
0.0,6,8.33822
0.0,24,8.338929
1.0,19,8.339505
0.0,7,8.339757
0.0,19,8.340323
0.0,9,8.340637
0.0,16,8.341126
1.0,28,8.341944
0.0,35,8.342947
0.0,25,8.343685
0.0,10,8.344015
0.0,16,8.344511
0.0,28,8.345321
1.0,38,8.346406
0.0,9,8.346729
0.0,5,8.346927
1.0,7,8.347175
0.0,8,8.34745
0.0,4,8.347629
0.0,10,8.347959
0.0,8,8.348292
0.0,6,8.348526
0.0,27,8.349309
1.0,14,8.349755
0.0,12,8.350139
0.0,4,8.350308
0.0,49,8.351697
0.0,8,8.351975
0.0,27,8.352767
0.0,59,8.354409
1.0,23,8.355096
0.0,7,8.355348
0.0,49,8.356744
0.0,15,8.357205
0.0,43,8.35842
0.0,11,8.358788
0.0,18,8.359331
0.0,15,8.359805
0.0,27,8.360601
0.0,40,8.361743
0.0,27,8.362534
0.0,5,8.362732
0.0,16,8.363219
0.0,8,8.363504
0.0,11,8.363862
0.0,34,8.364841
0.0,17,8.365355
1.0,28,8.366178
0.0,4,8.366349
0.0,43,8.367575
0.0,16,8.368063
0.0,7,8.368312
0.0,9,8.368625
0.0,13,8.369036
0.0,11,8.36939
0.0,7,8.36965
0.0,34,8.370623
0.0,35,8.371628
0.0,20,8.372222
0.0,8,8.372506
0.0,22,8.373153
0.0,24,8.373863
0.0,19,8.374431
0.0,16,8.374928
0.0,12,8.375309
0.0,8,8.375596
0.0,6,8.375819
0.0,9,8.376121
0.0,9,8.376422
0.0,7,8.376686
0.0,14,8.377123
0.0,5,8.377318
0.0,16,8.377818
0.0,19,8.378388
0.0,7,8.378648
0.0,22,8.379296
0.0,22,8.379953
0.0,18,8.380503
0.0,17,8.381018
0.0,10,8.381359
0.0,5,8.381566
0.0,31,8.382454
0.0,13,8.382872
0.0,8,8.38315
0.0,4,8.383319
0.0,5,8.383528
0.0,13,8.383936
0.0,10,8.384265
0.0,53,8.385752
1.0,25,8.386477
0.0,20,8.387087
0.0,66,8.388916
0.0,28,8.389734
0.0,32,8.390656
1.0,11,8.391013
0.0,11,8.391371
0.0,8,8.391659
0.0,33,8.392616
0.0,7,8.39288
0.0,27,8.393675
0.0,10,8.394005
0.0,21,8.394638
0.0,19,8.395205
0.0,28,8.396023
1.0,24,8.396741
0.0,31,8.397638
0.0,11,8.397995
0.0,7,8.398244
0.0,7,8.398502
0.0,9,8.398806
0.0,5,8.399001
0.0,14,8.399435
0.0,28,8.40025
0.0,26,8.401017
0.0,9,8.401321
0.0,8,8.401608
0.0,24,8.402308
1.0,8,8.402595
0.0,18,8.403136
0.0,27,8.403925
0.0,17,8.404441
0.0,44,8.405688
0.0,12,8.406071
0.0,26,8.406842
0.0,9,8.407147
0.0,5,8.407342
0.0,31,8.408236
0.0,26,8.409
0.0,24,8.409712
0.0,8,8.409989
0.0,32,8.410912
0.0,9,8.411216
0.0,5,8.411412
0.0,9,8.411725
0.0,21,8.412344
0.0,12,8.412737
0.0,10,8.413066
0.0,6,8.413288
0.0,6,8.413521
0.0,31,8.414407
0.0,4,8.414587
1.0,31,8.415472
0.0,10,8.415809
0.0,41,8.416977
0.0,15,8.417439
0.0,40,8.418581
0.0,12,8.418964
0.0,9,8.419266
0.0,14,8.419711
0.0,26,8.420464
0.0,8,8.420748
0.0,14,8.421185
0.0,9,8.421495
1.0,57,8.423089
0.0,80,8.425306
0.0,14,8.425755
0.0,35,8.426766
0.0,6,8.426992
0.0,9,8.427295
0.0,33,8.428246
0.0,13,8.428668
0.0,17,8.429184
1.0,15,8.429657
0.0,83,8.431942
0.0,11,8.432297
0.0,9,8.432611
1.0,49,8.433988
0.0,13,8.434397
0.0,27,8.435186
0.0,7,8.435437
0.0,8,8.435722
0.0,11,8.436078
0.0,6,8.436301
0.0,13,8.436726
1.0,6,8.436951
0.0,10,8.437279
0.0,5,8.437475
0.0,17,8.438
0.0,12,8.438381
0.0,58,8.440002
0.0,7,8.440253
0.0,12,8.440655
0.0,12,8.441038
0.0,17,8.441563
0.0,36,8.442592
0.0,13,8.443001
0.0,6,8.443224
1.0,29,8.44407
0.0,14,8.44452
0.0,22,8.445171
0.0,32,8.446095
0.0,11,8.446452
0.0,13,8.446874
0.0,18,8.447417
0.0,7,8.447676
0.0,33,8.448625
0.0,14,8.44912
0.0,11,8.449475
0.0,5,8.449683
0.0,6,8.449906
0.0,6,8.450127
1.0,9,8.450429
0.0,56,8.451997
0.0,58,8.453622
0.0,15,8.454087
0.0,12,8.454469
0.0,9,8.454779
0.0,27,8.455574
0.0,42,8.456768
0.0,11,8.457125
0.0,28,8.457942
0.0,7,8.458192
0.0,5,8.458387
0.0,46,8.459697
0.0,24,8.4604
0.0,4,8.46058
0.0,17,8.461095
0.0,7,8.461344
0.0,25,8.462083
0.0,25,8.46282
0.0,4,8.46299
1.0,14,8.463424
0.0,10,8.463761
0.0,13,8.46417
0.0,4,8.464338
0.0,49,8.465722
0.0,6,8.465946
0.0,14,8.46638
0.0,8,8.466671
0.0,7,8.466921
0.0,15,8.467382
0.0,23,8.468068
0.0,19,8.468648
0.0,22,8.469295
0.0,20,8.469896
0.0,46,8.471188
0.0,14,8.471634
0.0,7,8.471885
0.0,20,8.472478
0.0,6,8.47271
0.0,15,8.47317
0.0,57,8.474763
0.0,13,8.475172
0.0,15,8.475643
0.0,16,8.47613
0.0,10,8.476457
0.0,8,8.476746
0.0,13,8.477154
0.0,10,8.47748
0.0,11,8.477844
0.0,29,8.478685
0.0,11,8.479042
0.0,27,8.479833
0.0,13,8.480243
0.0,33,8.481192
0.0,19,8.481774
0.0,10,8.482103
0.0,32,8.483029
0.0,66,8.484864
0.0,4,8.485035
0.0,10,8.485363
0.0,4,8.485545
0.0,10,8.485875
0.0,12,8.486256
0.0,12,8.486655
0.0,32,8.487577
0.0,33,8.488527
0.0,4,8.488698
0.0,28,8.489514
0.0,14,8.489951
0.0,11,8.490307
0.0,27,8.491098
0.0,6,8.491322
0.0,14,8.491768
1.0,19,8.492337
0.0,34,8.49331
0.0,8,8.493599
0.0,21,8.494218
0.0,32,8.495136
0.0,11,8.495499
1.0,14,8.495936
0.0,18,8.496473
0.0,39,8.497592
0.0,5,8.497789
0.0,34,8.498777
0.0,5,8.498975
0.0,9,8.499279
0.0,26,8.500043
0.0,4,8.500214
0.0,5,8.500409
0.0,61,8.502108
0.0,12,8.5025
0.0,25,8.503224
0.0,9,8.503536
0.0,5,8.503733
0.0,27,8.50452
0.0,8,8.504796
0.0,9,8.505098
0.0,17,8.505623
0.0,20,8.506216
0.0,48,8.507577
0.0,14,8.508013
0.0,34,8.508989
0.0,8,8.509265
0.0,14,8.509709
0.0,16,8.510195
0.0,58,8.511817
0.0,27,8.512606
0.0,11,8.512961
0.0,45,8.514224
0.0,28,8.51504
0.0,24,8.515752
0.0,13,8.516162
0.0,17,8.516783
0.0,10,8.517144
0.0,10,8.517477
0.0,24,8.518198
0.0,22,8.518866
0.0,25,8.519615
0.0,12,8.520002
0.0,36,8.521039
0.0,15,8.521521
0.0,93,8.524113
0.0,27,8.524913
0.0,16,8.525407
0.0,25,8.526156
0.0,34,8.527151
1.0,8,8.527434
0.0,8,8.527723
0.0,6,8.527949
1.0,12,8.528335
0.0,15,8.528814
0.0,35,8.52983
0.0,8,8.53011
0.0,34,8.531098
0.0,47,8.53244
0.0,14,8.532889
0.0,6,8.533114
0.0,30,8.533995
0.0,22,8.534661
1.0,9,8.534969
0.0,14,8.535412
0.0,23,8.536106
0.0,5,8.536305
0.0,14,8.536762
0.0,9,8.537085
0.0,10,8.53742
0.0,5,8.537629
0.0,4,8.537801
0.0,9,8.538105
0.0,23,8.538799
0.0,11,8.53916
0.0,6,8.539384
0.0,8,8.539674
0.0,10,8.540008
0.0,5,8.540206
0.0,24,8.540924
0.0,12,8.54131
0.0,20,8.541923
0.0,15,8.54239
0.0,18,8.542947
0.0,18,8.543501
0.0,42,8.544707
0.0,9,8.545014
0.0,11,8.545371
0.0,22,8.546037
0.0,28,8.54687
0.0,9,8.547176
0.0,17,8.547709
0.0,14,8.548151
0.0,14,8.5486
0.0,11,8.548961
0.0,51,8.55047
0.0,21,8.551107
0.0,18,8.551664
1.0,41,8.55284
0.0,14,8.553282
0.0,23,8.553976
1.0,26,8.554748
0.0,10,8.555082
0.0,11,8.555442
0.0,15,8.555918
0.0,35,8.556941
0.0,4,8.557114
0.0,9,8.557417
0.0,45,8.558713
0.0,23,8.559396
0.0,41,8.560574
0.0,24,8.561285
0.0,10,8.561628
0.0,16,8.562123
0.0,30,8.563005
0.0,33,8.563969
0.0,13,8.564383
0.0,12,8.564781
0.0,33,8.56574
1.0,23,8.566422
0.0,20,8.567041
0.0,10,8.567375
0.0,22,8.568038
0.0,7,8.56829
0.0,14,8.568741
0.0,21,8.569369
0.0,42,8.570581
0.0,29,8.571422
0.0,9,8.57174
0.0,58,8.573375
0.0,64,8.57519
0.0,41,8.576372
0.0,9,8.576697
0.0,100,8.579468
0.0,28,8.580297
0.0,8,8.580587
0.0,4,8.580759
1.0,9,8.581065
0.0,5,8.581263
0.0,48,8.582633
0.0,50,8.584053
0.0,14,8.584502
0.0,38,8.585593
0.0,16,8.586088
0.0,27,8.586894
0.0,32,8.587827
0.0,4,8.587999
0.0,11,8.588358
0.0,30,8.589235
0.0,44,8.590491
0.0,13,8.590909
0.0,15,8.591374
0.0,13,8.591796
1.0,20,8.592398
0.0,8,8.592688
0.0,11,8.593047
0.0,10,8.593378
0.0,13,8.593801
0.0,34,8.594795
1.0,8,8.595076
0.0,6,8.595301
0.0,15,8.595777
0.0,10,8.59611
0.0,24,8.596832
0.0,25,8.59758
0.0,24,8.59829
0.0,8,8.598582
0.0,21,8.59921
0.0,11,8.599579
0.0,5,8.599778
0.0,9,8.600082
0.0,4,8.600253
0.0,8,8.600542
0.0,19,8.601118
0.0,7,8.60137
0.0,20,8.601983
0.0,16,8.602481
0.0,27,8.60328
0.0,93,8.60586
0.0,12,8.606247
0.0,23,8.606946
0.0,33,8.607909
1.0,27,8.60871
0.0,7,8.608965
0.0,16,8.609459
0.0,8,8.609745
0.0,32,8.610684
0.0,9,8.610991
0.0,13,8.611403
0.0,6,8.611638
0.0,28,8.612455
0.0,14,8.612902
0.0,6,8.613129
0.0,10,8.613461
0.0,30,8.614332
0.0,21,8.614974
0.0,33,8.615937
0.0,50,8.617358
0.0,5,8.617569
0.0,19,8.618145
0.0,21,8.618788
0.0,10,8.619121
0.0,11,8.619479
0.0,6,8.619714
0.0,77,8.621868
0.0,8,8.622148
0.0,17,8.622679
0.0,21,8.623309
0.0,54,8.624843
0.0,6,8.62507
0.0,8,8.625349
0.0,11,8.625721
0.0,20,8.626324
0.0,8,8.626621
0.0,16,8.627116
0.0,19,8.627704
0.0,7,8.627957
0.0,32,8.628893
0.0,14,8.629336
0.0,6,8.629573
0.0,17,8.630097
0.0,18,8.630657
0.0,20,8.631262
0.0,14,8.631714
0.0,10,8.632048
0.0,26,8.63282
0.0,13,8.633235
0.0,6,8.633461
1.0,36,8.634509
0.0,5,8.634711
0.0,27,8.63551
1.0,10,8.635844
0.0,11,8.636204
0.0,46,8.637534
0.0,11,8.637895
0.0,4,8.638065
0.0,6,8.63829
0.0,6,8.638527
0.0,6,8.638752
0.0,19,8.639325
0.0,15,8.639802
0.0,24,8.640531
0.0,20,8.641134
0.0,12,8.641531
0.0,13,8.641945
0.0,16,8.642439
1.0,17,8.642968
0.0,19,8.643556
0.0,8,8.643835
0.0,7,8.644088
0.0,30,8.644965
0.0,10,8.645297
0.0,11,8.645669
0.0,7,8.645921
0.0,13,8.646332
0.0,27,8.647137
0.0,47,8.648482
0.0,10,8.648827
0.0,10,8.64916
0.0,22,8.649826
0.0,14,8.650266
0.0,19,8.650851
0.0,24,8.651572
0.0,22,8.652223
0.0,8,8.652511
0.0,11,8.652871
0.0,15,8.653338
0.0,29,8.65419
0.0,13,8.654616
0.0,21,8.655246
0.0,64,8.657054
0.0,25,8.65788
0.0,10,8.658216
0.0,27,8.659019
0.0,6,8.659246
0.0,10,8.65959
0.0,15,8.660057
0.0,4,8.660228
0.0,6,8.660453
0.0,13,8.660872
0.0,62,8.662622
0.0,5,8.662822
0.0,7,8.663074
0.0,9,8.66338
0.0,17,8.663912
0.0,11,8.664271
0.0,8,8.664562
0.0,10,8.664894
0.0,24,8.665614
0.0,9,8.665921
0.0,5,8.66612
0.0,27,8.666928
0.0,9,8.667234
0.0,28,8.668065
0.0,11,8.668424
0.0,20,8.669035
0.0,17,8.66957
0.0,18,8.67012
0.0,7,8.670371
0.0,20,8.670982
0.0,35,8.671996
0.0,27,8.672799
0.0,33,8.673766
0.0,12,8.674152
0.0,19,8.674734
0.0,16,8.675231
0.0,66,8.677095
0.0,10,8.677429
0.0,25,8.678175
0.0,11,8.678549
0.0,11,8.678909
0.0,6,8.679134
0.0,20,8.67975
0.0,21,8.680378
0.0,22,8.681065
1.0,15,8.681547
0.0,59,8.68321
0.0,5,8.683408
0.0,24,8.684126
0.0,6,8.684352
0.0,9,8.684669
0.0,5,8.684868
0.0,7,8.685119
0.0,11,8.685478
0.0,27,8.686277
0.0,16,8.686788
0.0,15,8.687253
0.0,17,8.687787
0.0,18,8.688336
0.0,24,8.689055
0.0,11,8.689417
1.0,58,8.691063
0.0,39,8.692189
0.0,13,8.692614
0.0,22,8.693269
0.0,39,8.694389
0.0,7,8.694655
0.0,11,8.695015
0.0,12,8.695401
0.0,19,8.695987
0.0,30,8.696875
0.0,10,8.697208
0.0,15,8.697685
1.0,31,8.698591
0.0,8,8.698872
0.0,20,8.699472
0.0,8,8.699761
0.0,13,8.700171
0.0,22,8.700837
0.0,9,8.701143
0.0,25,8.701887
0.0,14,8.702328
0.0,7,8.70259
0.0,9,8.702897
0.0,18,8.703444
0.0,42,8.704653
0.0,7,8.704907
0.0,8,8.705186
0.0,14,8.705636
0.0,10,8.705969
0.0,26,8.706751
0.0,12,8.707139
0.0,20,8.707753
0.0,24,8.708462
0.0,21,8.7091
0.0,31,8.710008
0.0,8,8.710288
0.0,37,8.711353
0.0,16,8.711864
0.0,59,8.713536
0.0,21,8.714169
0.0,4,8.714339
0.0,12,8.714735
0.0,6,8.714961
0.0,9,8.715265
0.0,13,8.715687
0.0,8,8.715967
0.0,7,8.716216
0.0,14,8.716671
0.0,15,8.71714
0.0,5,8.717338
0.0,15,8.717814
0.0,7,8.718066
0.0,20,8.718678
0.0,5,8.718878
0.0,20,8.719479
1.0,15,8.719954
0.0,9,8.720258
0.0,7,8.720521
0.0,18,8.721068
0.0,24,8.721789
0.0,11,8.722148
0.0,10,8.722479
0.0,11,8.722847
0.0,8,8.723125
0.0,7,8.723376
0.0,12,8.723773
0.0,7,8.724026
0.0,15,8.724501
0.0,4,8.724673
0.0,8,8.724952
0.0,46,8.726266
0.0,23,8.726969
0.0,21,8.727608
0.0,53,8.729104
0.0,12,8.729501
0.0,21,8.730129
0.0,11,8.730496
0.0,20,8.7311
0.0,6,8.731323
0.0,10,8.731664
0.0,15,8.732132
0.0,18,8.732691
0.0,36,8.733739
0.0,20,8.734342
0.0,8,8.734633
0.0,23,8.735319
0.0,9,8.735636
0.0,52,8.737116
0.0,39,8.738243
0.0,12,8.738643
0.0,37,8.739711
1.0,45,8.740997
0.0,23,8.741689
0.0,11,8.742049
1.0,23,8.742744
0.0,11,8.743104
0.0,20,8.743716
1.0,28,8.744549
0.0,51,8.745995
0.0,6,8.74622
0.0,28,8.747054
0.0,11,8.747415
0.0,16,8.747921
0.0,12,8.748307
0.0,16,8.748813
0.0,14,8.749254
0.0,11,8.749624
0.0,8,8.749905
0.0,15,8.750372
0.0,22,8.751037
0.0,10,8.75137
0.0,12,8.751766
0.0,67,8.753648
0.0,11,8.754011
0.0,8,8.754289
0.0,13,8.754715
0.0,7,8.754969
0.0,9,8.755274
0.0,26,8.756044
0.0,8,8.756323
0.0,36,8.757373
0.0,46,8.758754
0.0,10,8.75909
0.0,12,8.759476
0.0,7,8.759737
0.0,60,8.761425
0.0,10,8.761771
0.0,18,8.762321
0.0,6,8.762557
0.0,10,8.76289
0.0,20,8.763497
0.0,7,8.76375
0.0,6,8.763974
0.0,6,8.764197
0.0,28,8.765025
0.0,15,8.765501
0.0,4,8.765672
0.0,7,8.765924
0.0,6,8.766147
0.0,6,8.76637
0.0,11,8.766746
0.0,10,8.76708
0.0,15,8.767558
0.0,7,8.767811
0.0,10,8.768145
0.0,14,8.768595
0.0,10,8.768929
0.0,13,8.76934
0.0,6,8.769575
0.0,5,8.769774
0.0,10,8.770105
0.0,45,8.771381
0.0,40,8.772544
1.0,28,8.773359
0.0,12,8.773756
0.0,27,8.774557
0.0,12,8.774946
0.0,8,8.775223
0.0,4,8.775394
0.0,6,8.775629
0.0,7,8.775881
0.0,11,8.776238
0.0,14,8.776696
0.0,39,8.777817
0.0,34,8.778801
0.0,24,8.779524
0.0,7,8.779778
0.0,21,8.780404
0.0,28,8.78123
0.0,5,8.78143
0.0,5,8.781638
1.0,13,8.782051
0.0,28,8.782879
0.0,4,8.783052
0.0,46,8.784358
0.0,4,8.78454
0.0,50,8.785956
0.0,11,8.786317
0.0,44,8.787587
0.0,8,8.787868
0.0,25,8.788615
0.0,26,8.789379
0.0,9,8.789696
0.0,12,8.790085
0.0,7,8.790337
0.0,18,8.790896
0.0,13,8.791311
0.0,17,8.791843
0.0,28,8.792672
0.0,16,8.793164
0.0,17,8.793691
0.0,8,8.79397
0.0,37,8.795032
0.0,15,8.795508
0.0,9,8.795816
0.0,4,8.795986
0.0,14,8.796425
0.0,25,8.797178
0.0,13,8.797605
0.0,20,8.798209
0.0,14,8.79866
0.0,36,8.799706
0.0,8,8.799986
1.0,16,8.80048
0.0,5,8.800691
0.0,31,8.801596
0.0,9,8.801903
0.0,27,8.802699
0.0,17,8.803219
0.0,20,8.803833
0.0,40,8.804983
0.0,21,8.805621
0.0,30,8.806503
0.0,71,8.808482
0.0,8,8.808772
0.0,8,8.809051
0.0,13,8.809464
0.0,5,8.809671
1.0,19,8.810244
0.0,17,8.810776
0.0,16,8.81127
0.0,5,8.811466
0.0,31,8.812369
0.0,5,8.812578
0.0,16,8.813072
0.0,8,8.813349
0.0,27,8.81415
0.0,11,8.81452
0.0,23,8.815202
0.0,24,8.81592
0.0,4,8.816105
0.0,6,8.816329
0.0,15,8.816815
0.0,31,8.817725
0.0,11,8.818086
0.0,15,8.818563
1.0,18,8.819112
0.0,89,8.821596
0.0,16,8.822092
0.0,22,8.822758
0.0,38,8.823853
0.0,28,8.824679
1.0,12,8.825067
0.0,10,8.825397
0.0,22,8.826062
0.0,4,8.826235
0.0,12,8.826637
0.0,7,8.82689
0.0,55,8.828441
0.0,33,8.829397
0.0,15,8.829875
0.0,8,8.830155
0.0,28,8.830981
0.0,12,8.831369
0.0,30,8.83225
0.0,4,8.832422
0.0,31,8.833325
0.0,4,8.833507
0.0,11,8.833867
0.0,43,8.835093
0.0,25,8.835839
0.0,19,8.836414
1.0,13,8.836845
0.0,16,8.837337
0.0,22,8.837999
0.0,11,8.838361
0.0,11,8.838728
1.0,15,8.839196
0.0,31,8.840101
0.0,20,8.84072
0.0,6,8.840947
0.0,20,8.841559
0.0,12,8.841947
0.0,35,8.84296
1.0,14,8.843402
0.0,6,8.843639
0.0,6,8.843865
0.0,43,8.845098
0.0,8,8.845379
0.0,9,8.845695
0.0,5,8.845894
0.0,5,8.846091
0.0,11,8.846448
0.0,6,8.846686
0.0,34,8.847676
0.0,15,8.848141
0.0,21,8.84878
0.0,7,8.849033
0.0,22,8.8497
0.0,6,8.849927
0.0,10,8.850258
0.0,9,8.850574
1.0,53,8.852067
0.0,19,8.852651
0.0,19,8.853224
0.0,5,8.853423
1.0,31,8.85433
0.0,11,8.854702
0.0,4,8.854876
0.0,11,8.855235
0.0,30,8.856118
0.0,7,8.856372
0.0,7,8.856642
0.0,24,8.85735
0.0,9,8.857668
0.0,17,8.858251
0.0,7,8.858514
0.0,14,8.858957
0.0,18,8.859515
0.0,24,8.860224
0.0,14,8.860676
0.0,43,8.861909
0.0,11,8.862271
0.0,7,8.862536
0.0,4,8.862707
0.0,6,8.862931
0.0,14,8.863373
0.0,12,8.86377
0.0,20,8.864375
0.0,25,8.865121
0.0,14,8.865573
0.0,5,8.865773
0.0,51,8.867228
0.0,5,8.867429
0.0,55,8.868987
0.0,19,8.869576
0.0,19,8.870152
0.0,15,8.870628
0.0,8,8.870908
0.0,16,8.871399
0.0,4,8.871581
0.0,21,8.872211
0.0,8,8.8725
0.0,8,8.872781
0.0,20,8.873381
0.0,13,8.873808
0.0,18,8.874357
0.0,19,8.874945
0.0,19,8.875534
0.0,30,8.876408
0.0,30,8.877295
1.0,14,8.877749
0.0,45,8.879036
0.0,6,8.879262
1.0,7,8.879526
1.0,9,8.879833
0.0,27,8.880635
0.0,17,8.881159
0.0,36,8.882196
0.0,15,8.882675
0.0,18,8.883224
0.0,32,8.884156
0.0,11,8.884528
1.0,87,8.886964
0.0,8,8.887247
0.0,13,8.887673
0.0,7,8.887927
0.0,50,8.88935
0.0,8,8.88964
0.0,6,8.889867
0.0,53,8.891368
0.0,25,8.892119
0.0,9,8.892426
0.0,6,8.892661
0.0,41,8.893835
0.0,12,8.894224
0.0,13,8.894648
1.0,22,8.895304
0.0,25,8.896052
0.0,9,8.89636
0.0,33,8.89733
0.0,10,8.897676
0.0,22,8.89833
0.0,27,8.899134
0.0,8,8.899414
0.0,10,8.899759
0.0,25,8.900505
0.0,12,8.900892
0.0,17,8.901414
0.0,29,8.902268
0.0,33,8.90323
0.0,9,8.903548
0.0,20,8.904151
0.0,9,8.904456
0.0,13,8.904875
0.0,4,8.905047
0.0,28,8.905876
0.0,6,8.906102
0.0,33,8.907069
0.0,15,8.907548
0.0,35,8.90857
0.0,26,8.909331
0.0,31,8.910237
1.0,14,8.910691
0.0,27,8.911479
0.0,9,8.911794
1.0,6,8.912019
0.0,10,8.91235
0.0,11,8.912719
0.0,19,8.913293
0.0,13,8.913715
0.0,24,8.914425
0.0,18,8.914983
0.0,8,8.915262
0.0,6,8.915495
0.0,14,8.915937
0.0,12,8.916322
0.0,10,8.916671
0.0,5,8.91687
0.0,7,8.917122
0.0,4,8.917292
0.0,9,8.917609
0.0,29,8.918453
0.0,19,8.919034
0.0,7,8.919287
0.0,34,8.920274
0.0,11,8.920647
0.0,22,8.921301
0.0,28,8.922127
0.0,14,8.92258
1.0,9,8.922886
0.0,11,8.923244
0.0,10,8.923589
0.0,18,8.924139
0.0,10,8.92447
0.0,27,8.925271
0.0,10,8.925614
0.0,11,8.925973
0.0,27,8.926782
0.0,5,8.926982
0.0,5,8.92718
0.0,6,8.927403
0.0,13,8.927827
0.0,17,8.928348
1.0,32,8.929285
0.0,27,8.930088
0.0,7,8.930341
0.0,85,8.932723
0.0,23,8.933406
0.0,8,8.933697
0.0,11,8.934058
1.0,15,8.934533
0.0,11,8.934893
0.0,4,8.935065
0.0,26,8.935843
0.0,8,8.936124
0.0,15,8.936608
1.0,26,8.937372
0.0,9,8.937689
0.0,18,8.938236
0.0,4,8.938406
0.0,16,8.938911
0.0,16,8.939404
0.0,37,8.940473
0.0,16,8.940975
0.0,12,8.94136
0.0,21,8.941997
0.0,10,8.942329
0.0,8,8.942618
0.0,10,8.942951
1.0,35,8.943963
0.0,31,8.944872
0.0,12,8.945259
0.0,10,8.945602
0.0,4,8.945774
0.0,22,8.946427
0.0,12,8.946829
0.0,97,8.949526
0.0,18,8.950074
0.0,13,8.950496
0.0,15,8.950966
0.0,22,8.951631
0.0,14,8.952071
0.0,9,8.952374
0.0,9,8.952689
0.0,19,8.953262
0.0,10,8.953608
0.0,19,8.954195
0.0,7,8.954448
0.0,15,8.954924
0.0,9,8.955232
0.0,47,8.956579
0.0,9,8.956888
0.0,5,8.957087
0.0,15,8.957564
0.0,9,8.957871
0.0,5,8.958127
0.0,25,8.958872
0.0,7,8.959125
0.0,21,8.959764
0.0,15,8.960232
0.0,16,8.960736
0.0,11,8.961096
0.0,18,8.961652
0.0,50,8.963071
0.0,49,8.964458
0.0,18,8.965015
0.0,16,8.965521
0.0,12,8.96591
0.0,21,8.966555
0.0,58,8.968188
0.0,6,8.968415
0.0,40,8.969576
0.0,19,8.970153
0.0,32,8.971085
0.0,20,8.971701
0.0,7,8.971953
0.0,8,8.972232
0.0,4,8.972401
0.0,9,8.972717
0.0,18,8.973266
0.0,22,8.973928
0.0,5,8.974127
0.0,4,8.974296
0.0,12,8.974692
0.0,43,8.975918
0.0,19,8.976505
0.0,11,8.976866
0.0,45,8.978146
0.0,13,8.97857
0.0,27,8.979356
0.0,10,8.979698
0.0,17,8.980217
0.0,20,8.980833
0.0,70,8.982796
1.0,13,8.98321
0.0,24,8.983929
0.0,5,8.984129
1.0,27,8.984929
0.0,9,8.985235
0.0,25,8.98598
1.0,13,8.986392
0.0,9,8.986716
0.0,33,8.98768
0.0,29,8.98853
0.0,9,8.988836
0.0,14,8.989276
0.0,31,8.990186
0.0,10,8.990531
0.0,6,8.990757
0.0,6,8.99098
0.0,44,8.992236
0.0,38,8.993336
0.0,12,8.993734
0.0,10,8.994066
0.0,6,8.99429
0.0,37,8.995353
0.0,31,8.996261
0.0,7,8.996531
0.0,14,8.996972
0.0,4,8.997142
0.0,26,8.997914
1.0,14,8.998354
0.0,13,8.998782
0.0,8,8.999063
0.0,18,8.999621
0.0,6,8.999847
0.0,7,9.000098
0.0,8,9.000376
0.0,48,9.00176
0.0,36,9.0028
0.0,12,9.003187
0.0,12,9.003582
0.0,57,9.005187
0.0,4,9.005359
0.0,12,9.005757
0.0,20,9.006357
0.0,13,9.006786
0.0,17,9.007308
0.0,14,9.007761
0.0,26,9.008536
0.0,27,9.009325
0.0,9,9.00964
0.0,8,9.009919
0.0,8,9.010197
0.0,4,9.010367
0.0,6,9.010602
0.0,23,9.011285
0.0,10,9.01163
1.0,23,9.012316
1.0,17,9.012846
0.0,7,9.013098
0.0,4,9.013268
0.0,24,9.013984
0.0,4,9.014155
0.0,13,9.014578
0.0,9,9.014884
0.0,8,9.015161
0.0,13,9.015583
0.0,10,9.015916
0.0,26,9.016695
0.0,40,9.017844
0.0,4,9.018016
0.0,30,9.018903
0.0,8,9.019183
0.0,32,9.020119
0.0,6,9.020346
0.0,7,9.020608
0.0,37,9.021678
0.0,7,9.02193
0.0,16,9.022423
0.0,21,9.023061
1.0,14,9.02351
0.0,65,9.025326
0.0,14,9.025779
0.0,25,9.026535
0.0,10,9.026869
0.0,24,9.027589
0.0,9,9.027897
0.0,8,9.028175
0.0,4,9.028346
0.0,6,9.028582
0.0,16,9.029079
0.0,29,9.029933
0.0,22,9.030602
0.0,23,9.031289
0.0,6,9.031525
0.0,15,9.031995
0.0,28,9.032827
0.0,38,9.033927
0.0,30,9.034813
0.0,29,9.035671
0.0,22,9.036326
0.0,16,9.036834
0.0,7,9.037088
0.0,22,9.037756
0.0,42,9.038965
0.0,13,9.039381
0.0,13,9.039807
0.0,5,9.040007
0.0,43,9.041252
0.0,5,9.041452
0.0,16,9.041953
0.0,14,9.042394
0.0,17,9.042926
0.0,37,9.044002
0.0,14,9.044444
0.0,14,9.044893
0.0,6,9.04512
0.0,9,9.045424
0.0,19,9.046007
0.0,6,9.046233
0.0,11,9.04661
0.0,7,9.046863
0.0,28,9.04769
0.0,19,9.048266
0.0,4,9.048437
0.0,22,9.049102
0.0,37,9.050168
0.0,45,9.051452
0.0,22,9.052118
0.0,16,9.052626
0.0,19,9.053202
0.0,10,9.053546
0.0,9,9.053855
0.0,14,9.054296
0.0,29,9.055152
0.0,17,9.055686
0.0,8,9.055965
0.0,16,9.056459
0.0,13,9.056885
0.0,28,9.057715
0.0,6,9.05794
0.0,12,9.058325
0.0,13,9.058749
0.0,6,9.059034
0.0,13,9.059448
0.0,20,9.060056
0.0,7,9.06031
0.0,23,9.061002
0.0,13,9.061416
0.0,5,9.061625
0.0,10,9.061959
0.0,23,9.062651
0.0,64,9.064445
0.0,8,9.064736
0.0,7,9.064988
0.0,13,9.0654
0.0,10,9.065742
0.0,11,9.066102
0.0,23,9.0668
0.0,37,9.067872
0.0,6,9.068098
0.0,4,9.068268
1.0,25,9.069015
0.0,7,9.069268
0.0,18,9.069825
0.0,18,9.070372
0.0,4,9.070554
0.0,45,9.071834
0.0,14,9.072276
0.0,5,9.072473
0.0,14,9.072923
0.0,21,9.073561
0.0,15,9.074027
0.0,9,9.074331
0.0,17,9.074862
0.0,6,9.075087
0.0,17,9.075615
0.0,15,9.076081
0.0,5,9.076277
0.0,22,9.076949
1.0,18,9.077507
0.0,15,9.077973
0.0,7,9.078224
0.0,4,9.078395
0.0,25,9.079137
0.0,14,9.079591
0.0,26,9.080349
0.0,22,9.081014
0.0,26,9.081787
0.0,4,9.081959
0.0,28,9.082786
0.0,33,9.083749
0.0,5,9.083949
0.0,7,9.0842
0.0,13,9.084623
0.0,9,9.084929
0.0,16,9.085423
0.0,17,9.085954
0.0,5,9.086153
0.0,7,9.086404
0.0,11,9.086778
0.0,51,9.088226
0.0,4,9.088411
0.0,10,9.088756
0.0,10,9.08909
0.0,81,9.091344
0.0,15,9.091826
0.0,46,9.093141
0.0,10,9.093475
0.0,7,9.093736
0.0,41,9.094914
0.0,19,9.095499
0.0,7,9.095751
0.0,6,9.095976
0.0,17,9.096511
1.0,15,9.096981
0.0,13,9.097394
0.0,12,9.097793
0.0,26,9.098573
0.0,17,9.099094
0.0,15,9.099574
0.0,10,9.099909
0.0,8,9.100187
0.0,13,9.100611
0.0,5,9.10081
0.0,14,9.10125
1.0,9,9.101568
0.0,23,9.102252
0.0,7,9.102513
0.0,31,9.103411
0.0,9,9.10373
0.0,12,9.104117
0.0,13,9.104541
0.0,6,9.104767
0.0,20,9.105369
0.0,13,9.105794
0.0,18,9.106343
0.0,20,9.106962
0.0,18,9.107521
0.0,43,9.108748
0.0,16,9.109242
0.0,24,9.10996
0.0,100,9.112754
0.0,37,9.113824
0.0,7,9.114077
0.0,14,9.114528
0.0,18,9.115077
1.0,62,9.116839
0.0,7,9.117093
0.0,22,9.117762
0.0,13,9.118176
0.0,15,9.118653
0.0,10,9.118986
0.0,8,9.119265
0.0,28,9.120089
0.0,4,9.120262
0.0,40,9.121411
0.0,5,9.121622
0.0,4,9.121794
0.0,17,9.122314
0.0,10,9.122657
0.0,39,9.12378
0.0,4,9.123952
0.0,21,9.124591
0.0,18,9.125137
0.0,13,9.125561
0.0,22,9.126216
1.0,36,9.127267
0.0,18,9.12783
0.0,9,9.128137
0.0,12,9.128536
0.0,16,9.129031
0.0,6,9.129255
0.0,22,9.129922
0.0,8,9.130202
0.0,5,9.130399
0.0,28,9.131228
0.0,46,9.132551
0.0,36,9.133598
0.0,6,9.133824
0.0,11,9.134183
0.0,8,9.13446
0.0,34,9.135443
1.0,8,9.135732
0.0,5,9.135931
0.0,7,9.136182
0.0,43,9.13742
1.0,42,9.138636
0.0,24,9.139346
0.0,9,9.139664
1.0,29,9.140518
0.0,6,9.140744
0.0,13,9.141156
0.0,6,9.141381
0.0,30,9.142259
0.0,39,9.143384
0.0,4,9.143568
0.0,30,9.14444
0.0,19,9.145023
0.0,35,9.146039
0.0,15,9.146522
0.0,6,9.146748
0.0,13,9.14716
0.0,18,9.147719
0.0,5,9.147918
0.0,18,9.148465
0.0,7,9.148726
0.0,11,9.149085
0.0,11,9.149442
0.0,12,9.149837
0.0,19,9.150412
0.0,25,9.151159
0.0,11,9.151531
0.0,10,9.151865
0.0,15,9.152332
1.0,17,9.152864
1.0,17,9.153388
0.0,23,9.154082
0.0,21,9.154726
0.0,7,9.154979
0.0,8,9.155256
0.0,11,9.155625
0.0,8,9.155906
0.0,20,9.156521
0.0,10,9.156858
0.0,14,9.157298
0.0,13,9.157724
0.0,4,9.157897
0.0,5,9.158095
1.0,9,9.158401
0.0,6,9.158638
0.0,19,9.159216
0.0,7,9.159536
0.0,30,9.160412
0.0,5,9.160622
0.0,15,9.161092
0.0,19,9.161679
0.0,8,9.16196
0.0,10,9.162291
0.0,11,9.162662
0.0,52,9.164138
0.0,20,9.164753
0.0,4,9.164926
0.0,18,9.165474
0.0,8,9.165762
0.0,20,9.166362
0.0,31,9.16728
0.0,7,9.167545
0.0,24,9.168255
0.0,14,9.168705
0.0,43,9.169937
0.0,10,9.170273
0.0,19,9.17086
0.0,37,9.171928
0.0,24,9.172653
0.0,31,9.173564
0.0,33,9.174529
0.0,5,9.174728
0.0,5,9.174925
0.0,4,9.175096
0.0,7,9.175346
0.0,16,9.175851
0.0,32,9.176791
0.0,7,9.177045
0.0,20,9.177656
0.0,13,9.17807
0.0,18,9.178631
0.0,7,9.178884
0.0,35,9.179899
0.0,7,9.180152
0.0,4,9.180323
0.0,22,9.180988
1.0,11,9.181348
0.0,10,9.181693
0.0,6,9.181918
0.0,11,9.182276
0.0,7,9.182538
1.0,9,9.182844
0.0,5,9.18304
0.0,9,9.183346
0.0,11,9.183715
0.0,11,9.184076
0.0,51,9.185526
0.0,13,9.18594
0.0,5,9.186136
0.0,21,9.186779
0.0,38,9.187872
0.0,17,9.188392
0.0,23,9.189082
0.0,33,9.190045
0.0,12,9.190432
0.0,8,9.190721
0.0,4,9.190894
0.0,13,9.191305
0.0,6,9.19154
0.0,10,9.191872
1.0,11,9.192231
0.0,25,9.192992
0.0,6,9.193218
0.0,8,9.193509
0.0,7,9.193761
0.0,12,9.194147
0.0,7,9.194406
1.0,24,9.195127
0.0,17,9.19566
1.0,15,9.196126
0.0,4,9.196297
0.0,5,9.196508
0.0,49,9.197903
0.0,5,9.198102
0.0,13,9.198525
0.0,22,9.199179
0.0,13,9.199602
0.0,27,9.200389
0.0,13,9.200813
0.0,11,9.201174
0.0,53,9.202678
0.0,13,9.203094
0.0,17,9.203628
0.0,4,9.2038
0.0,11,9.204159
0.0,60,9.205844
0.0,13,9.206258
0.0,12,9.206662
1.0,33,9.20762
0.0,4,9.207793
0.0,13,9.208208
1.0,12,9.208606
0.0,9,9.208913
0.0,5,9.20911
0.0,5,9.209309
0.0,13,9.209732
0.0,13,9.210146
0.0,13,9.210568
0.0,9,9.210874
0.0,5,9.211072
0.0,13,9.211494
0.0,22,9.212151
0.0,7,9.212403
0.0,18,9.212964
0.0,7,9.213217
0.0,4,9.213387
0.0,9,9.213703
0.0,8,9.213983
0.0,23,9.214678
0.0,24,9.215386
0.0,10,9.215728
0.0,6,9.215954
0.0,30,9.216838
0.0,20,9.217452
0.0,16,9.217956
0.0,5,9.218155
0.0,15,9.218633
0.0,12,9.219021
0.0,23,9.219712
1.0,29,9.220568
0.0,17,9.221091
0.0,41,9.222269
0.0,10,9.222615
0.0,6,9.222841
0.0,42,9.224043
0.0,34,9.225031
0.0,9,9.225337
0.0,13,9.225763
0.0,18,9.22631
0.0,15,9.226795
0.0,19,9.22737
0.0,11,9.22774
0.0,33,9.228702
0.0,24,9.229411
0.0,27,9.23021
0.0,30,9.231087
0.0,12,9.231473
0.0,4,9.231653
0.0,14,9.232092
0.0,13,9.232512
0.0,16,9.233005
0.0,14,9.233443
0.0,17,9.23397
0.0,12,9.234356
0.0,21,9.234996
0.0,29,9.235852
0.0,24,9.236579
0.0,19,9.23715
1.0,17,9.237682
0.0,36,9.238723
1.0,10,9.239057
0.0,9,9.239362
0.0,21,9.24
0.0,18,9.240562
0.0,17,9.241084
0.0,19,9.241671
0.0,21,9.242297
0.0,12,9.242693
0.0,8,9.242974
0.0,9,9.24328
0.0,14,9.243728
0.0,14,9.244168
0.0,13,9.244593
0.0,10,9.244924
0.0,14,9.24536
0.0,17,9.245892
0.0,16,9.246384
0.0,9,9.246707
0.0,13,9.247122
1.0,12,9.247519
0.0,16,9.248012
0.0,25,9.248759
0.0,12,9.249145
0.0,21,9.249784
0.0,18,9.250332
0.0,4,9.250513
0.0,13,9.250927
0.0,22,9.251593
0.0,39,9.25272
0.0,18,9.25327
0.0,17,9.253802
0.0,11,9.254164
0.0,15,9.254645
0.0,7,9.254898
0.0,45,9.25618
0.0,11,9.25656
0.0,38,9.25766
0.0,6,9.257887
1.0,39,9.259008
0.0,55,9.260571
0.0,8,9.260908
0.0,24,9.261628
0.0,19,9.262202
1.0,24,9.262922
0.0,16,9.263417
0.0,16,9.263924
0.0,24,9.264645
0.0,15,9.265113
0.0,4,9.265284
0.0,4,9.265454
0.0,46,9.266776
0.0,4,9.266949
0.0,68,9.268865
0.0,22,9.269532
0.0,12,9.269919
0.0,10,9.270251
0.0,28,9.271073
0.0,15,9.271551
0.0,13,9.271963
0.0,9,9.272267
0.0,15,9.272743
0.0,32,9.273676
0.0,12,9.274063
0.0,17,9.274594
0.0,30,9.275464
0.0,24,9.276177
0.0,27,9.276985
0.0,19,9.277573
0.0,10,9.277906
0.0,14,9.278346
0.0,38,9.279439
0.0,10,9.27978
0.0,8,9.28006
1.0,9,9.280364
0.0,35,9.281381
0.0,12,9.281782
0.0,5,9.281981
0.0,8,9.282261
0.0,42,9.283468
0.0,32,9.284404
0.0,7,9.284667
0.0,26,9.285427
0.0,8,9.285715
0.0,25,9.286451
0.0,11,9.286826
0.0,13,9.287242
0.0,10,9.287685
0.0,96,9.290358
0.0,10,9.290705
0.0,13,9.291121
0.0,15,9.291599
0.0,19,9.292176
0.0,23,9.292868
0.0,17,9.293391
0.0,16,9.293897
0.0,21,9.294539
0.0,20,9.295141
0.0,21,9.295783
1.0,8,9.296064
0.0,20,9.296685
0.0,45,9.297968
0.0,27,9.298769
0.0,35,9.299781
0.0,6,9.300008
0.0,6,9.300234
0.0,34,9.301219
0.0,18,9.301779
0.0,14,9.302219
0.0,5,9.302416
0.0,6,9.302652
0.0,4,9.302824
0.0,27,9.303623
0.0,14,9.304064
0.0,12,9.304449
0.0,9,9.304763
0.0,6,9.304988
1.0,23,9.30568
1.0,16,9.306175
0.0,34,9.307167
0.0,17,9.307703
0.0,11,9.308063
0.0,22,9.308731
0.0,9,9.309037
0.0,60,9.310745
0.0,53,9.312248
0.0,9,9.312566
0.0,16,9.313062
0.0,16,9.313567
1.0,9,9.313874
0.0,16,9.314365
0.0,12,9.314763
0.0,5,9.314961
0.0,37,9.316028
0.0,18,9.316593
0.0,43,9.317837
0.0,6,9.318064
0.0,11,9.318424
0.0,28,9.319247
0.0,11,9.31962
1.0,8,9.319901
0.0,12,9.320287
0.0,18,9.320846
0.0,6,9.321073
0.0,10,9.321404
0.0,11,9.321774
0.0,8,9.322053
0.0,42,9.323256
0.0,10,9.323602
0.0,16,9.324094
0.0,26,9.324864
0.0,14,9.325304
0.0,16,9.325809
1.0,25,9.32656
0.0,23,9.327243
0.0,13,9.327669
0.0,54,9.329192
0.0,19,9.329777
0.0,58,9.331408
0.0,33,9.332371
0.0,12,9.332768
0.0,5,9.332967
0.0,26,9.333738
0.0,17,9.334259
0.0,4,9.334429
0.0,27,9.335228
0.0,22,9.335896
0.0,34,9.336893
0.0,16,9.337387
0.0,21,9.338025
0.0,12,9.338412
0.0,57,9.340028
0.0,9,9.340336
0.0,8,9.340625
0.0,28,9.341438
0.0,30,9.342316
0.0,22,9.342983
0.0,12,9.343371
0.0,20,9.343984
0.0,19,9.344569
0.0,60,9.346255
0.0,15,9.34674
0.0,21,9.347371
0.0,11,9.347741
0.0,14,9.348181
0.0,7,9.348432
0.0,7,9.348693
0.0,22,9.349348
0.0,11,9.349719
0.0,29,9.350573
0.0,7,9.350827
0.0,8,9.351104
0.0,20,9.351715
0.0,10,9.352057
0.0,20,9.352667
0.0,25,9.353399
1.0,14,9.353848
0.0,6,9.354073
0.0,30,9.354954
0.0,12,9.355341
0.0,17,9.355873
0.0,28,9.356706
0.0,30,9.357589
1.0,17,9.358111
0.0,31,9.35902
0.0,11,9.359381
0.0,6,9.359618
0.0,14,9.36006
0.0,33,9.36102
0.0,24,9.361755
0.0,39,9.362877
0.0,7,9.36313
0.0,12,9.363527
0.0,21,9.364158
0.0,21,9.364795
0.0,74,9.366874
0.0,13,9.367291
0.0,18,9.36785
0.0,10,9.368184
0.0,5,9.368382
0.0,9,9.368698
1.0,18,9.369246
0.0,10,9.36959
0.0,17,9.370111
0.0,5,9.370308
0.0,6,9.370545
0.0,6,9.37083
0.0,45,9.372113
0.0,13,9.372538
0.0,5,9.372737
0.0,38,9.373836
0.0,20,9.374437
0.0,27,9.375237
0.0,9,9.375556
0.0,24,9.376266
0.0,34,9.377262
0.0,41,9.378436
0.0,9,9.37875
0.0,9,9.379057
0.0,4,9.379227
0.0,7,9.379478
0.0,12,9.379874
0.0,17,9.380394
0.0,24,9.38111
0.0,13,9.381537
0.0,14,9.38198
0.0,15,9.382447
0.0,6,9.382681
0.0,8,9.382961
0.0,8,9.38324
0.0,7,9.383501
0.0,16,9.383997
0.0,28,9.384826
0.0,29,9.385682
0.0,6,9.385907
0.0,5,9.386104
0.0,65,9.387936
0.0,11,9.388297
0.0,13,9.38872
0.0,5,9.388918
0.0,13,9.389331
0.0,26,9.390102
0.0,24,9.390821
0.0,29,9.391676
0.0,7,9.391928
0.0,14,9.392367
0.0,8,9.392657
0.0,28,9.393472
0.0,6,9.393706
0.0,17,9.394223
0.0,22,9.394888
0.0,10,9.395221
0.0,4,9.395391
0.0,41,9.396579
0.0,32,9.397514
0.0,28,9.39833
0.0,8,9.398618
0.0,7,9.398871
0.0,7,9.399122
0.0,48,9.400484
0.0,31,9.401393
0.0,18,9.401951
0.0,9,9.402258
0.0,32,9.403192
1.0,26,9.403969
0.0,4,9.404141
0.0,24,9.404861
0.0,15,9.40533
0.0,29,9.406181
1.0,6,9.406408
0.0,4,9.406595
0.0,4,9.406768
0.0,10,9.407098
0.0,17,9.407629
0.0,11,9.407988
1.0,12,9.408372
0.0,17,9.4089
0.0,11,9.409261
0.0,4,9.409431
0.0,16,9.409934
0.0,12,9.410321
0.0,5,9.410529
0.0,9,9.410835
0.0,28,9.411658
0.0,20,9.412257
0.0,18,9.412815
0.0,6,9.41304
0.0,23,9.413731
0.0,50,9.415148
0.0,13,9.415573
0.0,7,9.415825
0.0,15,9.416289
0.0,34,9.41728
0.0,20,9.417893
0.0,5,9.418092
0.0,9,9.418397
0.0,12,9.418795
0.0,31,9.419703
0.0,58,9.421329
1.0,18,9.421888
0.0,4,9.42206
0.0,4,9.422231
0.0,7,9.422482
0.0,26,9.42325
0.0,47,9.4246
0.0,5,9.424799
0.0,53,9.426293
0.0,9,9.426617
0.0,64,9.428407
0.0,100,9.43119
0.0,7,9.431444
0.0,9,9.431757
0.0,15,9.432224
0.0,16,9.432727
0.0,38,9.433822
0.0,39,9.434942
0.0,25,9.435687
0.0,14,9.436128
0.0,19,9.436717
0.0,5,9.436917
0.0,13,9.437329
0.0,23,9.438023
0.0,20,9.438634
0.0,6,9.438859
0.0,25,9.439604
0.0,21,9.440233
0.0,36,9.441278
0.0,34,9.442267
0.0,7,9.442531
0.0,8,9.442809
0.0,6,9.443033
0.0,25,9.443777
0.0,9,9.444084
0.0,15,9.444559
0.0,18,9.445106
0.0,14,9.445556
0.0,50,9.446973
0.0,12,9.447362
0.0,23,9.448053
0.0,28,9.448877
0.0,12,9.449264
0.0,5,9.449461
0.0,26,9.450227
0.0,11,9.450598
0.0,13,9.451012
0.0,5,9.451209
0.0,7,9.451459
0.0,12,9.451852
0.0,14,9.452291
0.0,8,9.452579
0.0,18,9.453128
0.0,17,9.453656
0.0,25,9.454391
0.0,27,9.45519
0.0,9,9.455506
0.0,9,9.455812
0.0,17,9.456331
0.0,8,9.456625
0.0,4,9.456798
0.0,6,9.457021
0.0,27,9.457822
0.0,11,9.458182
0.0,11,9.458552
0.0,8,9.458831
1.0,17,9.45935
0.0,21,9.45999
1.0,29,9.460844
0.0,10,9.461177
1.0,16,9.46168
0.0,17,9.462199
0.0,19,9.462784
0.0,4,9.462956
0.0,8,9.463233
0.0,27,9.464032
0.0,7,9.464284
0.0,19,9.464867
0.0,12,9.465253
0.0,14,9.465704
0.0,5,9.465902
0.0,14,9.466343
0.0,9,9.466666
0.0,33,9.467629
0.0,33,9.46859
0.0,4,9.468762
0.0,7,9.469013
0.0,31,9.469919
0.0,25,9.470665
0.0,7,9.470976
0.0,28,9.471806
1.0,38,9.472904
0.0,23,9.473599
0.0,31,9.474507
0.0,16,9.475002
0.0,11,9.475362
0.0,14,9.475813
0.0,4,9.475985
0.0,4,9.476155
0.0,11,9.476532
0.0,15,9.477
0.0,22,9.477666
0.0,15,9.478134
0.0,8,9.478412
0.0,37,9.479493
0.0,9,9.479803
0.0,8,9.480081
0.0,51,9.481541
0.0,15,9.482012
0.0,44,9.483272
0.0,12,9.48367
0.0,6,9.483896
0.0,8,9.484175
0.0,19,9.48476
0.0,20,9.485361
0.0,14,9.485812
0.0,4,9.485983
0.0,7,9.486234
0.0,30,9.487119
0.0,35,9.488136
0.0,28,9.488961
0.0,42,9.490168
0.0,9,9.490475
0.0,4,9.490658
0.0,4,9.490828
0.0,13,9.491241
0.0,26,9.492018
0.0,29,9.492875
0.0,16,9.49337
0.0,28,9.494196
0.0,10,9.494542
0.0,10,9.494875
0.0,7,9.495126
0.0,9,9.495431
0.0,36,9.496471
0.0,19,9.497064
0.0,19,9.497649
0.0,7,9.497902
0.0,18,9.498449
0.0,14,9.498913
0.0,13,9.499326
0.0,16,9.499832
0.0,7,9.500086
0.0,6,9.500311
0.0,10,9.500655
0.0,11,9.501014
0.0,14,9.501454
0.0,49,9.502852
0.0,31,9.503762
0.0,6,9.503988
0.0,12,9.504372
0.0,11,9.504744
0.0,4,9.504918
0.0,10,9.505249
0.0,20,9.505864
0.0,68,9.507791
0.0,52,9.509269
0.0,16,9.509776
0.0,8,9.510056
0.0,17,9.510586
0.0,29,9.511428
0.0,23,9.51212
0.0,10,9.512454
0.0,12,9.512849
0.0,20,9.513448
0.0,59,9.515116
0.0,44,9.516374
0.0,27,9.51718
0.0,17,9.517715
0.0,50,9.519131
0.0,5,9.51933
0.0,7,9.519593
0.0,4,9.519764
1.0,31,9.52067
1.0,36,9.521714
1.0,18,9.52226
0.0,13,9.522686
0.0,9,9.52299
0.0,14,9.523426
0.0,8,9.523715
0.0,4,9.523886
0.0,19,9.524456
0.0,57,9.526059
0.0,9,9.526368
0.0,12,9.526772
0.0,27,9.527573
0.0,8,9.527853
0.0,50,9.529267
0.0,22,9.529936
0.0,8,9.530214
0.0,27,9.531014
0.0,15,9.53148
1.0,29,9.532335
0.0,53,9.533838
0.0,15,9.534307
0.0,4,9.534477
0.0,6,9.534712
0.0,8,9.534988
0.0,20,9.5356
0.0,25,9.536338
0.0,11,9.536715
0.0,12,9.537103
0.0,27,9.5379
0.0,5,9.5381
0.0,11,9.538458
0.0,17,9.538985
0.0,8,9.539264
0.0,5,9.539462
0.0,11,9.539828
0.0,9,9.540134
0.0,15,9.540612
0.0,44,9.541873
0.0,10,9.542205
0.0,16,9.54271
0.0,55,9.544265
0.0,15,9.544747
0.0,28,9.545579
0.0,12,9.545967
0.0,6,9.546191
0.0,10,9.54654
0.0,20,9.547141
0.0,23,9.547835
0.0,12,9.548224
0.0,24,9.548943
0.0,20,9.549559
0.0,8,9.549839
0.0,47,9.551175
0.0,14,9.551628
0.0,30,9.552508
0.0,13,9.552922
0.0,11,9.553282
0.0,36,9.554318
0.0,30,9.555204
0.0,12,9.555604
0.0,16,9.556099
0.0,58,9.557747
0.0,29,9.558604
0.0,9,9.558912
0.0,20,9.559522
0.0,7,9.559775
0.0,5,9.559973
0.0,11,9.56033
0.0,10,9.560674
0.0,19,9.561248
0.0,9,9.561565
0.0,13,9.561978
0.0,5,9.562174
0.0,18,9.562734
0.0,21,9.563364
0.0,18,9.563924
0.0,9,9.564231
0.0,19,9.564813
0.0,6,9.565039
0.0,13,9.565451
0.0,31,9.566354
0.0,18,9.566919
0.0,32,9.567852
0.0,5,9.568051
0.0,8,9.568331
0.0,9,9.568649
0.0,11,9.569009
0.0,5,9.569206
0.0,27,9.570009
0.0,24,9.570727
0.0,19,9.571303
0.0,8,9.571593
0.0,10,9.571927
0.0,23,9.572618
0.0,48,9.573989
0.0,6,9.574274
0.0,24,9.574999
0.0,30,9.575885
0.0,14,9.576329
0.0,17,9.576868
0.0,27,9.577671
0.0,27,9.57846
0.0,7,9.578719
0.0,9,9.579026
0.0,21,9.579665
0.0,5,9.579864
0.0,21,9.580503
0.0,7,9.580758
0.0,6,9.580981
0.0,21,9.581621
0.0,13,9.582036
0.0,11,9.582393
1.0,36,9.58343
0.0,19,9.584014
0.0,23,9.584708
0.0,22,9.585368
0.0,14,9.585819
0.0,19,9.586394
0.0,13,9.586823
0.0,11,9.587183
1.0,15,9.587662
0.0,5,9.587862
0.0,19,9.588434
0.0,17,9.588965
0.0,32,9.589902
0.0,19,9.590479
0.0,9,9.590795
0.0,23,9.591476
0.0,14,9.591927
1.0,11,9.592287
0.0,7,9.59255
0.0,16,9.593042
0.0,8,9.593319
0.0,5,9.593527
0.0,12,9.593913
0.0,10,9.594244
0.0,32,9.595174
0.0,22,9.59584
0.0,18,9.596387
0.0,21,9.597031
0.0,7,9.597285
0.0,14,9.597733
0.0,21,9.598359
0.0,16,9.598863
0.0,8,9.599142
0.0,13,9.599564
0.0,23,9.600247
0.0,12,9.600642
0.0,12,9.601028
0.0,25,9.601775
0.0,20,9.602377
0.0,15,9.602856
0.0,22,9.603524
0.0,29,9.604367
0.0,14,9.604817
0.0,6,9.605043
0.0,17,9.605572
0.0,12,9.605959
0.0,13,9.60637
0.0,4,9.606558
0.0,10,9.60689
0.0,67,9.608768
0.0,48,9.610136
0.0,9,9.610442
0.0,8,9.61073
0.0,13,9.611142
0.0,12,9.611539
0.0,30,9.612408
0.0,4,9.612589
0.0,20,9.61319
0.0,43,9.614417
0.0,10,9.614762
0.0,8,9.615041
0.0,21,9.615676
0.0,7,9.615929
0.0,15,9.616393
0.0,10,9.616742
0.0,17,9.617261
0.0,48,9.61863
0.0,7,9.618884
0.0,25,9.619633
0.0,43,9.620865
0.0,11,9.621224
0.0,11,9.621592
0.0,18,9.622138
0.0,15,9.622616
0.0,5,9.622815
0.0,34,9.6238
0.0,6,9.624027
0.0,27,9.624824
0.0,12,9.62521
0.0,8,9.625495
0.0,5,9.625695
0.0,11,9.626055
0.0,5,9.626252
0.0,39,9.627375
0.0,17,9.627908
0.0,11,9.628267
0.0,16,9.628772
0.0,43,9.629998
0.0,14,9.630439
0.0,16,9.630941
0.0,7,9.631193
0.0,27,9.631988
0.0,17,9.632518
0.0,56,9.634093
0.0,24,9.634814
0.0,45,9.636094
0.0,50,9.637536
0.0,11,9.637897
0.0,5,9.638096
0.0,5,9.638305
0.0,22,9.638972
0.0,39,9.640089
0.0,22,9.640765
0.0,42,9.641964
0.0,12,9.642351
0.0,7,9.642612
0.0,25,9.643342
0.0,18,9.643898
0.0,19,9.64447
0.0,10,9.644811
0.0,4,9.644981
1.0,17,9.645509
0.0,17,9.646028
0.0,5,9.646225
0.0,12,9.646628
0.0,7,9.64688
0.0,13,9.64729
0.0,4,9.64746
0.0,20,9.648068
1.0,82,9.650358
0.0,6,9.650596
0.0,7,9.650848
0.0,9,9.651153
0.0,9,9.651457
0.0,15,9.65193
0.0,15,9.652396
0.0,39,9.653526
0.0,6,9.653752
0.0,6,9.653976
0.0,15,9.654441
0.0,5,9.654649
0.0,7,9.6549
0.0,17,9.655419
0.0,23,9.656109
0.0,16,9.65662
0.0,14,9.657062
0.0,17,9.657593
0.0,4,9.657766
0.0,5,9.657965
0.0,11,9.658323
0.0,4,9.658504
0.0,17,9.659027
1.0,24,9.65975
0.0,19,9.660327
0.0,24,9.661047
0.0,16,9.661554
0.0,13,9.661969
0.0,17,9.6625
0.0,9,9.662807
0.0,18,9.663352
0.0,7,9.663615
1.0,10,9.66395
0.0,11,9.664309
0.0,19,9.664894
0.0,4,9.665066
0.0,4,9.665237
0.0,21,9.665876
0.0,11,9.666237
0.0,18,9.666801
0.0,7,9.667053
0.0,9,9.667358
0.0,27,9.668161
0.0,15,9.668642
0.0,20,9.669246
0.0,16,9.669753
0.0,11,9.670111
0.0,4,9.670282
0.0,26,9.671055
0.0,10,9.671388
0.0,34,9.672375
0.0,15,9.672857
0.0,54,9.674387
0.0,12,9.674845
0.0,17,9.675367
0.0,22,9.676031
0.0,4,9.676203
0.0,12,9.676606
0.0,7,9.67686
1.0,12,9.677246
0.0,17,9.677776
0.0,13,9.678192
0.0,48,9.679563
0.0,6,9.679787
0.0,26,9.680556
0.0,19,9.681127
0.0,20,9.681738
0.0,34,9.682727
0.0,16,9.683219
0.0,28,9.684044
0.0,33,9.685004
0.0,45,9.686291
0.0,15,9.686775
0.0,10,9.687108
0.0,8,9.687386
0.0,16,9.68789
0.0,17,9.68841
0.0,12,9.688808
0.0,7,9.68906
0.0,31,9.689965
1.0,35,9.690978
0.0,11,9.691341
0.0,14,9.69179
0.0,8,9.69207
0.0,36,9.69311
0.0,6,9.693335
0.0,31,9.69424
0.0,56,9.695832
0.0,12,9.696218
1.0,29,9.697078
0.0,32,9.698016
0.0,19,9.698603
0.0,8,9.698881
0.0,5,9.699079
0.0,5,9.699276
0.0,25,9.700024
0.0,26,9.700799
0.0,10,9.701131
0.0,11,9.701496
0.0,4,9.701669
0.0,7,9.701921
0.0,17,9.702439
0.0,7,9.7027
0.0,18,9.703247
0.0,22,9.703914
0.0,26,9.704687
0.0,14,9.705127
0.0,23,9.70582
0.0,15,9.706288
0.0,5,9.706498
0.0,12,9.706888
0.0,17,9.707408
0.0,36,9.708449
0.0,42,9.709663
0.0,19,9.71024
0.0,6,9.710464
0.0,25,9.711208
0.0,37,9.71228
0.0,41,9.713455
0.0,19,9.714036
0.0,24,9.714754
0.0,16,9.715249
0.0,7,9.715511
1.0,45,9.716797
0.0,7,9.717052
0.0,18,9.71761
0.0,31,9.718516
0.0,20,9.71912
0.0,5,9.719316
0.0,13,9.719738
0.0,63,9.721517
0.0,9,9.721826
0.0,14,9.722263
1.0,13,9.722688
0.0,16,9.723181
0.0,9,9.723484
0.0,14,9.723936
0.0,11,9.724293
0.0,4,9.724463
0.0,43,9.725697
0.0,34,9.726687
0.0,10,9.727021
0.0,14,9.727461
0.0,9,9.727775
0.0,11,9.728132
0.0,16,9.728635
0.0,26,9.729397
0.0,8,9.729687
0.0,11,9.730047
0.0,20,9.730658
0.0,9,9.730965
0.0,6,9.731189
0.0,21,9.731827
0.0,5,9.732026
0.0,10,9.732357
0.0,10,9.732701
0.0,12,9.733089
0.0,4,9.733259
0.0,16,9.733762
0.0,80,9.735993
0.0,14,9.736433
0.0,11,9.736809
0.0,9,9.737115
0.0,45,9.738399
0.0,14,9.738852
0.0,14,9.739292
1.0,11,9.739663
0.0,7,9.739917
0.0,17,9.740436
0.0,29,9.741288
0.0,7,9.741553
1.0,29,9.742397
0.0,18,9.742957
0.0,21,9.743596
0.0,59,9.745252
0.0,12,9.745654
0.0,9,9.745959
0.0,17,9.746479
0.0,20,9.747093
0.0,13,9.747519
0.0,20,9.748122
0.0,47,9.749456
0.0,36,9.750502
0.0,45,9.751786
0.0,21,9.752415
0.0,32,9.753348
0.0,20,9.753961
0.0,6,9.754189
0.0,37,9.755256
0.0,40,9.756404
0.0,40,9.757571
0.0,35,9.758589
0.0,12,9.758977
0.0,9,9.759283
0.0,24,9.76
0.0,9,9.760308
0.0,23,9.760999
1.0,24,9.761719
0.0,25,9.762455
1.0,33,9.763414
0.0,41,9.764602
0.0,14,9.765043
0.0,13,9.765457
0.0,4,9.765635
0.0,40,9.766792
0.0,9,9.767102
0.0,18,9.767658
0.0,9,9.767965
0.0,19,9.768553
0.0,34,9.769542
0.0,36,9.770583
0.0,6,9.77081
0.0,23,9.771498
0.0,15,9.771966
0.0,30,9.772848
0.0,8,9.773128
0.0,19,9.773712
0.0,43,9.774941
0.0,7,9.775194
0.0,9,9.775509
0.0,16,9.776
0.0,13,9.776412
0.0,13,9.776842
0.0,43,9.778079
0.0,22,9.778746
0.0,5,9.778945
0.0,9,9.779251
0.0,26,9.780037
0.0,8,9.780318
0.0,4,9.780498
0.0,38,9.781595
0.0,11,9.781956
0.0,5,9.782152
0.0,10,9.782483
0.0,5,9.782691
0.0,37,9.783818
0.0,14,9.78426
0.0,43,9.785493
0.0,21,9.786126
0.0,7,9.786378
0.0,17,9.786915
0.0,5,9.787115
0.0,12,9.787512
0.0,68,9.789417
0.0,14,9.789871
0.0,22,9.790538
0.0,12,9.790927
0.0,13,9.79134
0.0,24,9.792059
0.0,10,9.792392
0.0,15,9.792872
0.0,17,9.793395
0.0,4,9.793577
1.0,14,9.79402
0.0,9,9.794326
0.0,10,9.794669
0.0,13,9.795083
0.0,18,9.795645
0.0,19,9.796218
0.0,4,9.796389
0.0,53,9.797906
0.0,4,9.798079
0.0,26,9.798854
0.0,75,9.800951
0.0,36,9.801996
0.0,14,9.802436
1.0,16,9.802941
0.0,11,9.803301
0.0,16,9.803806
0.0,10,9.804141
0.0,14,9.804591
0.0,6,9.804818
1.0,42,9.806024
0.0,29,9.806883
0.0,8,9.807163
0.0,9,9.807468
0.0,34,9.808455
0.0,30,9.80933
0.0,12,9.809728
0.0,7,9.809981
0.0,6,9.810205
0.0,12,9.810602
0.0,31,9.811508
0.0,74,9.813586
0.0,9,9.813895
0.0,12,9.81428
0.0,16,9.814785
0.0,9,9.815092
0.0,14,9.815542
0.0,32,9.816469
0.0,14,9.816923
0.0,6,9.817148
0.0,14,9.817598
0.0,31,9.818506
1.0,14,9.818949
0.0,23,9.819643
0.0,42,9.82085
1.0,9,9.821158
0.0,4,9.82133
0.0,14,9.821781
0.0,11,9.822142
0.0,4,9.822312
0.0,68,9.824221
0.0,19,9.82481
0.0,8,9.825092
0.0,11,9.825453
0.0,16,9.825955
0.0,22,9.826627
0.0,20,9.827232
0.0,13,9.827656
0.0,43,9.828888
0.0,45,9.830177
0.0,12,9.830577
0.0,20,9.831182
0.0,38,9.832275
0.0,6,9.832513
0.0,11,9.832873
0.0,8,9.833152
0.0,7,9.833403
0.0,74,9.835472
0.0,24,9.83619
0.0,12,9.836593
0.0,35,9.837608
0.0,8,9.837888
0.0,15,9.838353
0.0,11,9.838723
1.0,32,9.839653
1.0,47,9.840996
0.0,11,9.841357
0.0,6,9.841593
0.0,7,9.841846
0.0,14,9.842284
0.0,31,9.843189
1.0,11,9.843561
0.0,17,9.844083
0.0,23,9.844779
0.0,14,9.845222
0.0,32,9.846158
1.0,39,9.847293
0.0,32,9.848229
0.0,7,9.848483
0.0,8,9.848772
0.0,17,9.84929
0.0,7,9.849554
0.0,22,9.85021
0.0,14,9.85066
0.0,11,9.851021
0.0,8,9.8513
0.0,21,9.851939
0.0,13,9.852354
0.0,9,9.852672
0.0,10,9.853005
0.0,6,9.853229
0.0,13,9.853654
0.0,10,9.853988
0.0,7,9.854241
0.0,12,9.854639
0.0,23,9.855319
0.0,5,9.855529
0.0,9,9.855836
0.0,4,9.856007
0.0,14,9.856445
0.0,21,9.857088
0.0,8,9.85737
0.0,19,9.857957
0.0,32,9.858891
0.0,9,9.859197
0.0,54,9.860734
0.0,9,9.861041
0.0,7,9.861292
0.0,14,9.861742
0.0,14,9.862183
0.0,26,9.862954
0.0,62,9.864712
0.0,18,9.86526
0.0,16,9.865764
0.0,17,9.866284
0.0,13,9.866714
0.0,15,9.867183
0.0,17,9.867715
0.0,11,9.868076
0.0,12,9.868462
0.0,27,9.869263
0.0,32,9.8702
0.0,29,9.871053
0.0,28,9.871883
0.0,63,9.873656
0.0,17,9.874177
0.0,15,9.874657
0.0,12,9.875047
0.0,4,9.875218
1.0,33,9.876181
0.0,25,9.876935
0.0,18,9.877483
0.0,19,9.878067
0.0,24,9.878786
0.0,21,9.879414
0.0,23,9.880108
0.0,7,9.880361
0.0,13,9.880784
0.0,7,9.881037
0.0,8,9.881313
0.0,28,9.882138
0.0,65,9.883969
0.0,13,9.884384
0.0,13,9.884808
0.0,34,9.885792
0.0,9,9.8861
0.0,8,9.886378
0.0,22,9.887048
0.0,32,9.887982
0.0,6,9.888207
0.0,6,9.888431
0.0,5,9.888696
0.0,37,9.889769
0.0,11,9.890131
0.0,31,9.89104
0.0,36,9.892085
0.0,10,9.89242
0.0,10,9.892763
1.0,17,9.893286
0.0,8,9.893575
0.0,39,9.8947
0.0,9,9.895006
0.0,24,9.895723
0.0,24,9.896434
0.0,11,9.896809
1.0,11,9.89717
0.0,23,9.897863
0.0,11,9.898223
0.0,16,9.898728
0.0,31,9.899635
0.0,22,9.900291
0.0,18,9.900852
0.0,61,9.902575
0.0,10,9.90291
0.0,22,9.90358
0.0,4,9.903753
0.0,22,9.904405
0.0,29,9.905257
0.0,21,9.905898
0.0,25,9.906654
0.0,12,9.907042
0.0,31,9.907954
0.0,22,9.908623
1.0,11,9.908986
0.0,9,9.909292
0.0,29,9.910146
0.0,13,9.910571
0.0,52,9.912037
1.0,20,9.912651
0.0,6,9.912878
0.0,25,9.913624
0.0,34,9.91461
0.0,4,9.914783
0.0,8,9.915059
0.0,59,9.916735
0.0,9,9.917044
0.0,32,9.917976
0.0,22,9.918643
0.0,14,9.919084
0.0,13,9.919508
0.0,19,9.920082
0.0,6,9.920307
0.0,26,9.921076
0.0,7,9.921329
1.0,16,9.921835
0.0,37,9.922904
0.0,19,9.923481
0.0,8,9.923772
0.0,20,9.924372
0.0,41,9.925555
0.0,35,9.926577
0.0,15,9.927061
0.0,12,9.927448
0.0,16,9.927951
0.0,15,9.928419
0.0,22,9.929085
0.0,15,9.929566
0.0,6,9.929793
0.0,5,9.929991
0.0,7,9.930242
0.0,12,9.930641
0.0,33,9.931608
0.0,21,9.932236
0.0,39,9.933357
1.0,20,9.933973
0.0,39,9.935097
0.0,13,9.935525
0.0,20,9.93613
0.0,4,9.936301
0.0,13,9.936734
0.0,33,9.937696
0.0,15,9.938163
1.0,24,9.938881
0.0,6,9.939108
0.0,23,9.939798
0.0,6,9.940024
0.0,9,9.940328
0.0,28,9.941159
0.0,21,9.941796
0.0,17,9.942316
0.0,14,9.942767
1.0,15,9.943234
0.0,21,9.943873
0.0,6,9.944101
0.0,23,9.944795
0.0,5,9.944996
0.0,59,9.946669
1.0,18,9.947221
0.0,67,9.949119
0.0,22,9.94979
0.0,17,9.950314
0.0,29,9.951169
0.0,19,9.951757
0.0,30,9.95264
0.0,13,9.953053
0.0,34,9.954041
0.0,18,9.954602
0.0,32,9.955535
1.0,39,9.956659
1.0,13,9.957075
0.0,46,9.958385
0.0,30,9.959273
0.0,10,9.95962
0.0,12,9.960008
0.0,10,9.96034
0.0,5,9.96055
0.0,7,9.960803
0.0,18,9.961349
0.0,38,9.962446
0.0,89,9.964922
0.0,21,9.965562
0.0,40,9.966718
0.0,13,9.967134
0.0,24,9.967854
0.0,11,9.968216
0.0,28,9.969044
0.0,14,9.969492
1.0,29,9.97034
0.0,23,9.97103
0.0,21,9.971672
0.0,9,9.971978
0.0,6,9.972203
0.0,21,9.972842
0.0,17,9.973366
0.0,12,9.973763
0.0,46,9.975079
0.0,38,9.976175
0.0,4,9.976347
0.0,14,9.976804
0.0,23,9.977496
0.0,5,9.977696
1.0,17,9.978218
0.0,12,9.978617
1.0,21,9.979248
0.0,18,9.979809
0.0,11,9.98017
0.0,8,9.980448
0.0,17,9.980978
0.0,12,9.981365
1.0,26,9.982141
0.0,4,9.982314
0.0,12,9.982712
0.0,18,9.98326
0.0,27,9.984058
0.0,10,9.984392
1.0,13,9.984817
0.0,23,9.985508
0.0,18,9.986058
0.0,23,9.986759
0.0,7,9.987013
0.0,8,9.987291
0.0,49,9.988691
0.0,36,9.989731
0.0,9,9.990039
1.0,54,9.991579
0.0,33,9.992544
1.0,41,9.993726
0.0,9,9.994035
0.0,4,9.994206
0.0,10,9.994551
0.0,5,9.99475
0.0,17,9.995271
0.0,20,9.995883
0.0,43,9.997124
0.0,24,9.997849
0.0,27,9.998653
0.0,4,9.998884
0.0,7,9.999138
0.0,19,9.999723
0.0,9,10.000031
0.0,6,10.000254
0.0,5,10.000452
1.0,54,10.001983
0.0,32,10.002914
0.0,58,10.00456
0.0,23,10.005245
1.0,25,10.005992
0.0,31,10.006908
0.0,19,10.007493
0.0,8,10.007775
0.0,37,10.008843
0.0,9,10.009151
0.0,15,10.009629
0.0,20,10.010231
0.0,17,10.010763
0.0,6,10.01099
0.0,14,10.011428
0.0,43,10.012666
0.0,16,10.013162
0.0,5,10.01336
0.0,10,10.013705
0.0,43,10.014928
0.0,19,10.015511
0.0,13,10.015925
0.0,21,10.016567
0.0,11,10.016928
0.0,7,10.017181
0.0,4,10.017352
0.0,12,10.017748
0.0,4,10.01792
0.0,19,10.018509
0.0,39,10.019634
0.0,14,10.020075
0.0,11,10.020434
0.0,4,10.02064
0.0,24,10.021348
0.0,10,10.021693
0.0,20,10.022295
0.0,53,10.023801
0.0,71,10.025796
0.0,13,10.026212
0.0,6,10.026436
0.0,36,10.027482
0.0,9,10.027797
0.0,19,10.02837
0.0,18,10.028927
0.0,15,10.029393
0.0,18,10.029949
0.0,9,10.030256
0.0,13,10.030681
0.0,11,10.031042
0.0,20,10.031658
1.0,20,10.032261
0.0,9,10.032578
0.0,33,10.033542
0.0,6,10.033767
0.0,5,10.033965
0.0,7,10.034217
0.0,10,10.034561
0.0,4,10.034733
0.0,17,10.035253
0.0,19,10.035839
0.0,9,10.036145
0.0,20,10.036764
0.0,22,10.037418
0.0,12,10.037815
0.0,37,10.038886
0.0,27,10.03969
0.0,28,10.040524
0.0,16,10.041019
0.0,7,10.041271
1.0,21,10.04191
0.0,35,10.042929
0.0,38,10.044027
0.0,5,10.044225
0.0,10,10.044569
0.0,17,10.04509
0.0,17,10.045622
0.0,12,10.046009
0.0,5,10.046206
0.0,40,10.047364
0.0,11,10.047737
0.0,22,10.048394
0.0,18,10.048952
0.0,9,10.049259
0.0,16,10.049765
0.0,9,10.050071
0.0,21,10.050708
0.0,14,10.051149
0.0,5,10.051346
0.0,7,10.05161
0.0,40,10.052761
0.0,12,10.053148
0.0,6,10.053373
0.0,11,10.053743
0.0,14,10.054184
0.0,53,10.055687
0.0,7,10.05594
0.0,31,10.057015
0.0,16,10.057548
1.0,10,10.057884
0.0,14,10.058328
0.0,4,10.05851
0.0,18,10.059063
0.0,26,10.059844
0.0,11,10.060206
0.0,26,10.060985
0.0,36,10.062034
0.0,39,10.063169
0.0,18,10.063732
0.0,4,10.063905
0.0,8,10.064185
0.0,36,10.065232
0.0,24,10.065955
1.0,21,10.066604
0.0,38,10.067706
0.0,7,10.067961
0.0,5,10.06816
0.0,8,10.068439
0.0,45,10.069734
0.0,5,10.069947
0.0,34,10.070941
1.0,27,10.071744
0.0,52,10.073222
0.0,10,10.073568
0.0,9,10.073876
0.0,7,10.074128
0.0,20,10.074742
0.0,13,10.075157
0.0,17,10.075691
0.0,47,10.077037
0.0,10,10.077373
0.0,27,10.078176
0.0,6,10.078403
0.0,62,10.08016
0.0,19,10.080747
0.0,21,10.081383
0.0,18,10.081944
0.0,7,10.082199
0.0,10,10.082543
0.0,16,10.083039
0.0,8,10.083319
0.0,7,10.083582
0.0,21,10.084213
0.0,28,10.085045
0.0,6,10.085272
0.0,54,10.086823
0.0,22,10.087483
0.0,14,10.087938
0.0,17,10.088458
0.0,8,10.088744
0.0,25,10.08948
0.0,21,10.090122
0.0,24,10.09084
1.0,32,10.091775
0.0,57,10.093384
0.0,14,10.093838
0.0,9,10.094147
0.0,27,10.09495
0.0,5,10.09515
1.0,39,10.096272
0.0,9,10.0966
0.0,25,10.097343
0.0,5,10.097553
0.0,20,10.098156
0.0,5,10.098354
0.0,11,10.098727
0.0,15,10.099252
0.0,6,10.099479
0.0,32,10.100411
0.0,9,10.100726
0.0,18,10.101275
0.0,6,10.101509
0.0,44,10.102768
0.0,20,10.103369
1.0,7,10.103633
0.0,15,10.104099
0.0,9,10.104405
0.0,32,10.105342
0.0,13,10.105768
0.0,13,10.106181
0.0,20,10.106796
0.0,11,10.107157
0.0,9,10.107463
0.0,29,10.108311
0.0,26,10.109086
0.0,5,10.109286
0.0,24,10.110008
0.0,17,10.110542
0.0,90,10.113042
0.0,8,10.113324
0.0,4,10.113503
0.0,4,10.113676
0.0,34,10.114665
0.0,14,10.115104
0.0,12,10.115497
0.0,15,10.115965
0.0,35,10.116987
0.0,29,10.117841
0.0,4,10.118013
0.0,22,10.118678
0.0,14,10.119118
0.0,8,10.119395
0.0,14,10.119846
0.0,17,10.120367
0.0,10,10.120712
1.0,10,10.121047
0.0,30,10.121929
0.0,9,10.122236
0.0,11,10.122606
0.0,14,10.123045
0.0,13,10.123457
0.0,21,10.124091
0.0,25,10.12484
0.0,39,10.125964
0.0,30,10.12685
0.0,39,10.127973
0.0,8,10.128253
0.0,30,10.129132
0.0,58,10.130775
0.0,43,10.132002
0.0,16,10.132504
0.0,35,10.13352
0.0,13,10.133934
0.0,8,10.134212
0.0,37,10.135278
0.0,6,10.135514
0.0,21,10.136143
0.0,6,10.136367
0.0,33,10.137334
0.0,25,10.138084
0.0,10,10.138418
0.0,29,10.139268
0.0,9,10.139586
1.0,11,10.139947
0.0,23,10.14064
1.0,22,10.141297
0.0,7,10.141561
0.0,63,10.143323
0.0,7,10.143586
0.0,13,10.144002
0.0,13,10.144416
1.0,12,10.144813
0.0,6,10.145039
0.0,7,10.14529
0.0,28,10.146116
0.0,8,10.146397
0.0,30,10.147278
0.0,9,10.147598
0.0,12,10.147986
0.0,12,10.148373
0.0,30,10.149251
0.0,23,10.149949
1.0,8,10.150231
0.0,12,10.150632
0.0,8,10.150913
0.0,33,10.151874
0.0,38,10.152985
0.0,7,10.153252
1.0,27,10.154059
0.0,11,10.154421
0.0,29,10.155275
0.0,29,10.156129
0.0,17,10.156671
0.0,11,10.157032
0.0,28,10.157861
0.0,20,10.158461
0.0,16,10.158962
0.0,46,10.160275
0.0,10,10.16062
0.0,34,10.161609
0.0,8,10.161889
0.0,19,10.162464
0.0,4,10.162646
0.0,15,10.163116
0.0,20,10.163729
0.0,31,10.16464
0.0,21,10.16527
0.0,10,10.165614
0.0,22,10.16627
1.0,29,10.167132
0.0,35,10.168147
0.0,28,10.168978
1.0,16,10.169475
0.0,38,10.170583
0.0,23,10.171269
0.0,11,10.171643
0.0,16,10.172137
0.0,12,10.172533
1.0,30,10.173402
0.0,22,10.174066
0.0,10,10.1744
0.0,19,10.174985
0.0,11,10.175346
0.0,29,10.176197
0.0,27,10.177006
0.0,6,10.177234
0.0,17,10.177769
0.0,11,10.178129
0.0,28,10.178956
0.0,30,10.179837
0.0,5,10.180037
0.0,5,10.180236
0.0,23,10.18093
0.0,7,10.181183
0.0,5,10.181381
0.0,9,10.181697
0.0,26,10.182458
0.0,18,10.183012
0.0,11,10.183372
0.0,9,10.18369
0.0,21,10.184316
0.0,6,10.184552
0.0,21,10.185182
0.0,4,10.185352
0.0,7,10.185613
0.0,31,10.186524
0.0,34,10.187514
0.0,9,10.187821
0.0,4,10.187993
0.0,10,10.188324
0.0,18,10.188881
0.0,44,10.190136
0.0,10,10.190471
0.0,29,10.191323
0.0,13,10.191746
0.0,32,10.192677
0.0,13,10.193089
0.0,12,10.193475
0.0,21,10.194113
0.0,24,10.19483
0.0,17,10.195349
0.0,4,10.195532
0.0,29,10.196374
0.0,19,10.196966
0.0,23,10.197661
0.0,25,10.198395
0.0,13,10.198818
0.0,22,10.199547
0.0,15,10.200018
0.0,12,10.200409
0.0,25,10.201158
0.0,8,10.201439
0.0,14,10.20189
0.0,34,10.202885
0.0,8,10.203165
0.0,11,10.203536
0.0,33,10.204498
0.0,35,10.205516
0.0,11,10.205878
0.0,31,10.206792
0.0,48,10.208165
0.0,18,10.20874
0.0,10,10.209075
0.0,16,10.209582
0.0,17,10.210105
0.0,20,10.21072
0.0,42,10.211929
0.0,26,10.212705
1.0,16,10.213203
0.0,8,10.213484
0.0,18,10.214047
0.0,4,10.214218
0.0,26,10.214994
0.0,8,10.215275
1.0,15,10.215755
0.0,24,10.216469
0.0,28,10.217306
0.0,34,10.218296
0.0,18,10.218858
0.0,12,10.219247
0.0,23,10.219945
0.0,24,10.22067
0.0,10,10.221005
0.0,4,10.221177
0.0,5,10.221375
0.0,6,10.221611
0.0,36,10.222661
0.0,17,10.223188
0.0,10,10.223533
0.0,43,10.224768
1.0,15,10.225237
1.0,21,10.225882
0.0,22,10.226557
0.0,5,10.226758
0.0,10,10.227091
0.0,20,10.227704
0.0,40,10.228852
0.0,5,10.229051
1.0,31,10.229965
0.0,16,10.230463
0.0,12,10.23086
0.0,13,10.231274
0.0,22,10.231944
0.0,13,10.23236
0.0,51,10.233833
0.0,17,10.234357
0.0,6,10.234595
0.0,20,10.235197
0.0,5,10.235397
0.0,29,10.23625
1.0,21,10.236899
0.0,5,10.2371
0.0,11,10.237461
1.0,19,10.238047
0.0,26,10.238826
0.0,14,10.239269
0.0,23,10.239962
0.0,6,10.240189
0.0,25,10.240945
0.0,21,10.241588
0.0,22,10.242246
0.0,18,10.242806
0.0,24,10.243529
0.0,11,10.243891
0.0,10,10.244223
0.0,5,10.24442
0.0,47,10.245772
0.0,16,10.246269
0.0,18,10.246839
0.0,22,10.247511
0.0,24,10.248224
1.0,11,10.248598
0.0,28,10.249418
0.0,9,10.249736
0.0,62,10.251482
1.0,51,10.252945
0.0,12,10.253335
0.0,6,10.253573
0.0,53,10.255084
0.0,31,10.256001
0.0,5,10.256202
0.0,4,10.256373
0.0,11,10.256752
1.0,19,10.257331
0.0,10,10.257677
0.0,8,10.257958
0.0,9,10.258265
0.0,6,10.258499
0.0,26,10.259267
0.0,4,10.259438
0.0,29,10.260294
0.0,13,10.260721
0.0,8,10.261001
0.0,11,10.261361
0.0,6,10.2616
0.0,18,10.26215
0.0,7,10.262403
0.0,30,10.263282
0.0,16,10.26379
0.0,7,10.264044
0.0,47,10.265384
0.0,9,10.265703
0.0,30,10.266588
0.0,27,10.267384
0.0,20,10.268001
0.0,30,10.268888
0.0,6,10.269116
0.0,10,10.269449
0.0,8,10.269737
0.0,12,10.270126
0.0,14,10.270579
0.0,29,10.271425
0.0,6,10.271661
0.0,45,10.27295
0.0,12,10.273338
0.0,35,10.274356
0.0,9,10.274675
0.0,27,10.275467
0.0,9,10.275784
0.0,5,10.275983
0.0,8,10.276262
0.0,16,10.276776
0.0,6,10.277004
0.0,14,10.277443
0.0,13,10.277866
0.0,13,10.278281
0.0,37,10.27935
0.0,8,10.279644
0.0,9,10.279952
0.0,13,10.280366
0.0,15,10.280845
0.0,17,10.28137
0.0,5,10.28158
0.0,6,10.281808
0.0,18,10.282357
0.0,8,10.282649
0.0,34,10.28364
0.0,17,10.284164
0.0,22,10.284829
0.0,4,10.285002
0.0,5,10.2852
0.0,11,10.285573
0.0,20,10.286177
0.0,11,10.286554
0.0,15,10.287023
1.0,10,10.287358
0.0,18,10.287918
0.0,4,10.288091
0.0,14,10.288544
0.0,39,10.28967
0.0,7,10.289923
1.0,17,10.290446
0.0,9,10.290761
0.0,20,10.291365
0.0,7,10.29163
0.0,11,10.291992
0.0,6,10.292217
0.0,21,10.29286
0.0,12,10.293251
0.0,44,10.29452
0.0,46,10.295838
0.0,9,10.296147
0.0,8,10.296428
0.0,14,10.296888
0.0,21,10.297534
0.0,31,10.298436
0.0,11,10.298806
1.0,7,10.299061
0.0,59,10.300792
0.0,7,10.301048
0.0,17,10.30158
0.0,6,10.301807
0.0,15,10.302276
1.0,10,10.302621
0.0,9,10.30293
0.0,8,10.30321
0.0,10,10.303555
1.0,28,10.304377
0.0,19,10.304964
0.0,26,10.305736
0.0,9,10.306043
1.0,33,10.307015
0.0,18,10.307579
0.0,31,10.308477
0.0,7,10.30874
0.0,11,10.3091
0.0,9,10.309405
1.0,11,10.309778
0.0,23,10.310461
0.0,22,10.311125
0.0,5,10.311324
0.0,20,10.311941
0.0,7,10.312196
0.0,5,10.312394
0.0,20,10.313008
0.0,34,10.313998
0.0,13,10.314414
0.0,40,10.315574
0.0,27,10.316367
0.0,12,10.31677
0.0,12,10.317158
0.0,10,10.317499
0.0,10,10.317834
0.0,9,10.318142
0.0,26,10.318915
0.0,5,10.319115
0.0,7,10.319368
0.0,13,10.319796
0.0,20,10.3204
0.0,19,10.320984
0.0,10,10.321319
1.0,27,10.322117
0.0,54,10.323652
0.0,33,10.324617
0.0,11,10.32498
0.0,7,10.325231
0.0,14,10.325682
0.0,8,10.325963
0.0,5,10.32616
0.0,5,10.326357
0.0,39,10.327506
0.0,19,10.328082
0.0,17,10.328612
0.0,17,10.329133
0.0,27,10.329934
0.0,4,10.330106
0.0,35,10.331125
0.0,30,10.332007
0.0,13,10.332421
0.0,9,10.332738
0.0,55,10.334296
0.0,15,10.334777
0.0,7,10.33503
1.0,19,10.335616
0.0,14,10.33606
0.0,26,10.336858
0.0,22,10.337528
0.0,4,10.337702
1.0,24,10.33841
0.0,13,10.338837
0.0,13,10.339252
0.0,12,10.339649
0.0,25,10.340384
0.0,12,10.340784
0.0,6,10.34101
0.0,5,10.341208
0.0,11,10.341579
0.0,16,10.342077
0.0,20,10.342691
0.0,4,10.342863
0.0,14,10.343304
0.0,42,10.344519
0.0,9,10.344826
0.0,5,10.345024
0.0,14,10.345466
0.0,43,10.346717
1.0,14,10.347159
0.0,15,10.347636
0.0,5,10.347836
0.0,18,10.348381
0.0,26,10.349156
0.0,10,10.349499
0.0,16,10.349994
0.0,16,10.350494
0.0,33,10.351452
0.0,4,10.351633
0.0,22,10.352288
0.0,6,10.352525
0.0,7,10.352778
0.0,9,10.353085
0.0,5,10.353282
0.0,49,10.354682
0.0,10,10.355017
0.0,4,10.355188
0.0,24,10.355905
0.0,76,10.358045
0.0,23,10.35874
0.0,8,10.35902
0.0,12,10.359406
0.0,69,10.36135
0.0,33,10.362315
0.0,12,10.362713
0.0,35,10.363732
0.0,19,10.364308
0.0,8,10.364599
0.0,16,10.365095
0.0,43,10.366323
0.0,22,10.366997
0.0,7,10.367251
0.0,18,10.367811
0.0,11,10.368172
0.0,24,10.368891
0.0,33,10.369855
0.0,47,10.371195
0.0,19,10.371783
0.0,26,10.372559
0.0,5,10.372758
0.0,9,10.373065
0.0,38,10.374161
0.0,9,10.374469
1.0,57,10.376092
0.0,6,10.376319
0.0,4,10.376503
0.0,11,10.376866
0.0,37,10.377937
0.0,9,10.378244
1.0,10,10.37859
0.0,16,10.379086
0.0,10,10.379418
0.0,27,10.380213
0.0,62,10.381964
0.0,12,10.382351
0.0,9,10.382668
0.0,12,10.383056
0.0,13,10.383469
0.0,25,10.384216
0.0,8,10.384505
0.0,4,10.384678
0.0,18,10.385226
0.0,35,10.386243
0.0,8,10.38654
0.0,5,10.386741
0.0,24,10.38745
0.0,6,10.387685
0.0,26,10.388448
0.0,55,10.390006
0.0,80,10.392243
0.0,7,10.392507
0.0,18,10.393058
0.0,37,10.39413
0.0,8,10.39441
0.0,10,10.394753
0.0,19,10.39533
0.0,13,10.395755
0.0,13,10.396169
0.0,29,10.397032
0.0,16,10.39754
0.0,21,10.398169
0.0,19,10.398755
0.0,18,10.399304
0.0,7,10.399569
0.0,8,10.399848
0.0,16,10.400403
0.0,10,10.400748
0.0,12,10.401139
1.0,10,10.401473
0.0,26,10.402252
0.0,4,10.402424
0.0,14,10.402877
0.0,24,10.403598
0.0,6,10.403826
0.0,9,10.404132
0.0,65,10.405963
0.0,15,10.406433
0.0,10,10.406783
0.0,13,10.4072
0.0,26,10.407976
0.0,23,10.408676
0.0,16,10.409176
0.0,19,10.409765
1.0,13,10.410181
0.0,23,10.410876
0.0,8,10.411157
0.0,26,10.411938
0.0,32,10.41288
0.0,32,10.413819
0.0,17,10.414343
1.0,11,10.414716
0.0,14,10.415159
0.0,10,10.4155
0.0,20,10.416106
0.0,30,10.416995
0.0,7,10.41725
0.0,9,10.417571
0.0,15,10.418043
0.0,10,10.418377
0.0,9,10.418694
0.0,19,10.419275
1.0,25,10.420023
0.0,15,10.420501
0.0,41,10.421685
0.0,46,10.423001
0.0,25,10.423755
0.0,11,10.424117
0.0,23,10.424808
0.0,4,10.42498
0.0,25,10.425725
0.0,13,10.42614
0.0,6,10.426365
0.0,8,10.426662
0.0,11,10.427024
0.0,15,10.427504
0.0,36,10.428551
0.0,21,10.429183
0.0,62,10.430939
0.0,10,10.431275
1.0,12,10.431674
0.0,15,10.432145
1.0,9,10.432452
0.0,11,10.432823
0.0,24,10.433548
0.0,14,10.433993
0.0,44,10.435253
0.0,24,10.43598
0.0,7,10.436236
0.0,18,10.436805
1.0,11,10.437169
1.0,21,10.437813
0.0,31,10.438728
0.0,43,10.439963
0.0,4,10.440136
0.0,11,10.440514
0.0,44,10.441777
0.0,15,10.442249
0.0,19,10.442837
1.0,19,10.443415
0.0,5,10.443623
0.0,10,10.443959
0.0,33,10.444927
0.0,35,10.445949
0.0,8,10.44623
0.0,9,10.446553
0.0,15,10.447026
0.0,13,10.447441
0.0,10,10.447785
0.0,10,10.44812
0.0,13,10.448545
0.0,6,10.448773
0.0,24,10.449492
0.0,4,10.449668
0.0,11,10.450031
0.0,13,10.450446
0.0,36,10.451499
0.0,5,10.451702
0.0,38,10.452801
0.0,27,10.453607
0.0,6,10.453835
0.0,8,10.454114
0.0,15,10.454595
0.0,21,10.455225
0.0,5,10.455423
0.0,12,10.455821
0.0,23,10.456523
0.0,30,10.457397
0.0,18,10.45796
0.0,12,10.458349
0.0,17,10.458884
0.0,7,10.459138
0.0,15,10.459617
0.0,6,10.459845
0.0,8,10.460123
0.0,7,10.460375
0.0,7,10.460638
0.0,7,10.460892
0.0,27,10.461696
1.0,19,10.462274
0.0,10,10.462621
0.0,62,10.464373
0.0,11,10.464746
0.0,30,10.465635
0.0,12,10.466026
0.0,26,10.46681
0.0,18,10.467362
0.0,55,10.46893
0.0,14,10.469375
0.0,13,10.469801
0.0,29,10.470661
0.0,23,10.471363
0.0,4,10.471546
0.0,13,10.471964
0.0,5,10.472164
0.0,17,10.472698
0.0,24,10.473412
0.0,6,10.473647
0.0,5,10.473848
0.0,4,10.474019
0.0,58,10.475671
0.0,14,10.476115
1.0,9,10.476424
0.0,19,10.477016
0.0,22,10.47769
1.0,29,10.478551
0.0,28,10.479371
0.0,13,10.479797
0.0,31,10.480707
0.0,7,10.480961
0.0,41,10.482141
0.0,4,10.482313
0.0,17,10.482845
0.0,7,10.483099
0.0,16,10.483606
0.0,44,10.484861
0.0,4,10.485034
0.0,8,10.485313
0.0,9,10.485629
0.0,12,10.486019
0.0,28,10.486853
0.0,44,10.488119
0.0,10,10.488454
0.0,9,10.488767
0.0,8,10.489048
0.0,23,10.489743
0.0,25,10.490483
0.0,21,10.491127
0.0,18,10.491689
0.0,16,10.492186
0.0,50,10.493613
0.0,37,10.494688
0.0,25,10.495425
0.0,61,10.497156
0.0,12,10.497556
0.0,13,10.497972
0.0,6,10.498197
0.0,36,10.499243
0.0,20,10.499859
1.0,24,10.500585
0.0,19,10.50122
0.0,33,10.502184
0.0,13,10.502611
0.0,8,10.50289
0.0,30,10.503769
0.0,13,10.504182
0.0,5,10.50438
0.0,7,10.504645
0.0,11,10.505006
0.0,27,10.505807
0.0,39,10.50694
0.0,8,10.507221
0.0,12,10.507619
1.0,22,10.508276
0.0,8,10.508566
1.0,18,10.509113
0.0,8,10.509393
0.0,51,10.51085
0.0,20,10.511452
0.0,7,10.511712
0.0,12,10.512101
0.0,16,10.512608
0.0,9,10.512915
0.0,11,10.513273
0.0,21,10.513911
0.0,49,10.515304
0.0,5,10.515515
0.0,7,10.515768
1.0,11,10.516127
0.0,29,10.516989
0.0,7,10.517242
0.0,20,10.517855
0.0,12,10.518242
0.0,14,10.518694
0.0,41,10.519873
0.0,37,10.520939
0.0,24,10.521663
0.0,32,10.522599
0.0,9,10.522906
1.0,20,10.523516
0.0,19,10.524093
0.0,26,10.524866
0.0,36,10.525909
0.0,17,10.52643
0.0,9,10.526752
0.0,19,10.527328
0.0,4,10.527508
0.0,16,10.528005
1.0,8,10.528284
0.0,37,10.529352
0.0,23,10.530049
0.0,21,10.530688
0.0,4,10.53086
0.0,29,10.531717
0.0,85,10.534087
0.0,18,10.53465
0.0,4,10.534822
0.0,26,10.535595
0.0,8,10.535875
0.0,4,10.536046
0.0,23,10.53675
0.0,46,10.53806
0.0,23,10.538755
0.0,6,10.538982
0.0,5,10.539181
0.0,48,10.540552
0.0,25,10.541288
0.0,10,10.541634
0.0,4,10.541806
0.0,5,10.542004
0.0,10,10.542336
0.0,7,10.542596
0.0,21,10.543226
0.0,15,10.543704
0.0,28,10.544531
0.0,41,10.545712
0.0,15,10.54618
0.0,8,10.546459
0.0,6,10.546697
0.0,21,10.547327
0.0,54,10.548866
0.0,41,10.550042
0.0,22,10.55071
0.0,6,10.550937
0.0,39,10.552053
0.0,31,10.552963
0.0,14,10.553402
0.0,17,10.553934
0.0,4,10.554106
0.0,5,10.554304
0.0,11,10.554674
0.0,11,10.555035
0.0,15,10.555511
0.0,16,10.556006
0.0,11,10.556365
0.0,15,10.556851
0.0,4,10.557024
0.0,18,10.557582
1.0,14,10.558024
0.0,13,10.558438
0.0,11,10.558808
0.0,15,10.559276
0.0,20,10.559889
0.0,14,10.560332
1.0,24,10.561054
0.0,27,10.56186
0.0,13,10.562275
0.0,26,10.563088
0.0,23,10.563786
0.0,4,10.563959
0.0,13,10.564371
0.0,55,10.565935
0.0,41,10.56712
1.0,18,10.567683
0.0,8,10.567964
0.0,49,10.569355
0.0,6,10.569592
0.0,13,10.570007
0.0,6,10.570233
0.0,7,10.570484
0.0,16,10.57099
0.0,8,10.571268
0.0,11,10.571638
0.0,19,10.572213
0.0,17,10.572747
0.0,8,10.573025
0.0,4,10.573196
0.0,9,10.573512
0.0,26,10.574277
0.0,6,10.574512
0.0,5,10.574711
0.0,55,10.576264
0.0,8,10.576563
0.0,11,10.576925
0.0,19,10.577509
0.0,19,10.578088
0.0,15,10.578566
0.0,14,10.579007
0.0,9,10.579313
0.0,63,10.581089
0.0,17,10.581623
0.0,16,10.582119
1.0,12,10.582516
0.0,25,10.583253
0.0,13,10.583679
0.0,19,10.584256
0.0,12,10.584654
0.0,12,10.585042
0.0,5,10.585241
0.0,26,10.586014
1.0,32,10.586956
0.0,32,10.587895
0.0,24,10.588616
0.0,11,10.58898
1.0,18,10.58954
0.0,21,10.59017
1.0,9,10.590476
0.0,60,10.59217
0.0,8,10.592451
0.0,11,10.592821
1.0,40,10.593971
0.0,32,10.594912
0.0,21,10.595552
0.0,19,10.596128
0.0,31,10.597044
0.0,16,10.597553
0.0,4,10.597726
0.0,6,10.597951
0.0,6,10.598176
0.0,25,10.598922
0.0,30,10.599804
0.0,8,10.600085
0.0,19,10.600673
1.0,24,10.601387
0.0,42,10.602669
0.0,45,10.603964
0.0,16,10.604463
0.0,16,10.604966
0.0,8,10.605245
0.0,4,10.605417
0.0,33,10.606385
0.0,24,10.607119
0.0,28,10.607947
0.0,33,10.608925
0.0,8,10.60921
0.0,10,10.609556
0.0,13,10.609975
0.0,13,10.610389
0.0,58,10.612046
0.0,7,10.612301
0.0,63,10.614087
0.0,7,10.614342
0.0,14,10.614796
0.0,37,10.615872
0.0,10,10.616208
0.0,16,10.616721
0.0,56,10.618318
0.0,22,10.618991
1.0,40,10.62015
0.0,43,10.621387
0.0,9,10.621706
0.0,9,10.622013
0.0,26,10.62279
0.0,40,10.623943
0.0,73,10.625998
0.0,39,10.627137
0.0,14,10.627594
0.0,43,10.62883
0.0,9,10.629139
0.0,14,10.629592
0.0,12,10.629982
0.0,17,10.630516
0.0,36,10.631563
0.0,23,10.632246
0.0,10,10.632593
0.0,9,10.632902
0.0,19,10.633477
0.0,22,10.634144
0.0,11,10.634513
0.0,9,10.634823
0.0,11,10.635184
0.0,52,10.636679
0.0,51,10.638138
0.0,34,10.639136
0.0,62,10.640903
0.0,26,10.641683
0.0,10,10.642019
0.0,26,10.642796
0.0,10,10.643131
0.0,8,10.643411
0.0,71,10.645416
0.0,4,10.645601
0.0,36,10.646655
0.0,38,10.647756
1.0,14,10.648201
1.0,31,10.649111
0.0,36,10.650162
0.0,8,10.650442
0.0,16,10.650947
1.0,39,10.652075
0.0,39,10.653199
0.0,17,10.653737
0.0,21,10.654371
0.0,33,10.655332
0.0,13,10.655759
0.0,23,10.656442
1.0,22,10.657119
0.0,19,10.657709
0.0,10,10.658045
0.0,14,10.658494
0.0,46,10.659814
0.0,9,10.660122
0.0,6,10.660348
0.0,7,10.660613
0.0,24,10.661324
0.0,39,10.662449
0.0,8,10.662741
0.0,14,10.663185
0.0,49,10.664595
1.0,10,10.664931
0.0,78,10.667129
0.0,11,10.667501
1.0,21,10.668132
0.0,18,10.668695
0.0,9,10.669004
0.0,26,10.669783
0.0,17,10.670308
0.0,6,10.670545
0.0,4,10.670718
1.0,8,10.670998
0.0,45,10.672291
0.0,5,10.6725
0.0,14,10.672943
0.0,6,10.673168
1.0,7,10.67342
0.0,10,10.673764
0.0,5,10.673965
0.0,8,10.674244
0.0,14,10.6747
0.0,21,10.675332
0.0,11,10.675704
0.0,9,10.676011
0.0,13,10.676426
0.0,34,10.677424
0.0,5,10.677636
0.0,7,10.677889
0.0,12,10.678277
0.0,12,10.678677
0.0,12,10.679067
0.0,27,10.679867
0.0,15,10.680337
0.0,7,10.680601
0.0,9,10.680908
0.0,57,10.682531
0.0,15,10.683003
0.0,8,10.683284
1.0,23,10.683982
0.0,9,10.684291
0.0,11,10.684662
0.0,40,10.68582
0.0,9,10.686128
0.0,12,10.686533
0.0,4,10.686707
1.0,31,10.687622
0.0,13,10.68804
0.0,23,10.688736
0.0,7,10.68899
0.0,5,10.689189
0.0,12,10.689589
0.0,5,10.68979
0.0,12,10.690177
0.0,6,10.690402
0.0,5,10.690612
0.0,9,10.690922
0.0,14,10.691364
0.0,16,10.691871
0.0,26,10.692652
0.0,9,10.692961
0.0,7,10.693213
0.0,26,10.69399
1.0,19,10.694581
0.0,11,10.694942
0.0,45,10.696234
0.0,14,10.696695
0.0,18,10.697248
0.0,6,10.697474
0.0,11,10.697846
0.0,33,10.698814
0.0,8,10.699095
0.0,37,10.700169
0.0,5,10.70037
0.0,21,10.701012
0.0,21,10.701656
0.0,15,10.702128
0.0,17,10.702663
0.0,28,10.703493
0.0,28,10.704316
0.0,25,10.705066
0.0,6,10.705293
