#{"t_start": 1523127907.2203324, "env_id": "MyFrozenLake-v0"}
r,l,t
0.0,2,0.034464
0.0,2,0.034735
0.0,5,0.035182
0.0,5,0.035608
0.0,11,0.036439
0.0,2,0.036673
0.0,2,0.036904
0.0,4,0.037277
0.0,7,0.037832
0.0,5,0.038257
0.0,34,0.039802
0.0,26,0.041004
0.0,16,0.041761
0.0,43,0.043699
0.0,3,0.0439
0.0,18,0.04475
0.0,10,0.045264
0.0,35,0.046849
0.0,24,0.047969
0.0,9,0.04843
0.0,17,0.049241
0.0,19,0.05016
0.0,16,0.050922
0.0,33,0.052428
0.0,44,0.054413
0.0,24,0.055526
0.0,23,0.056597
0.0,75,0.059964
0.0,15,0.060686
0.0,35,0.06229
0.0,12,0.062878
0.0,54,0.065301
0.0,100,0.069731
0.0,21,0.070718
1.0,20,0.071665
0.0,26,0.072863
0.0,100,0.077281
1.0,24,0.078405
0.0,7,0.078775
0.0,10,0.079293
0.0,21,0.080281
0.0,11,0.080823
0.0,4,0.081075
0.0,3,0.081276
0.0,5,0.081558
0.0,30,0.082928
0.0,37,0.084602
0.0,15,0.085331
1.0,27,0.086569
0.0,7,0.086943
0.0,9,0.087408
0.0,19,0.088308
1.0,38,0.090033
0.0,10,0.090544
1.0,26,0.091743
0.0,11,0.092301
0.0,26,0.093506
0.0,4,0.093751
0.0,2,0.093907
0.0,7,0.094293
0.0,4,0.094535
0.0,16,0.09531
0.0,14,0.095999
0.0,8,0.096417
0.0,16,0.097198
0.0,25,0.098364
0.0,25,0.099519
0.0,16,0.100289
0.0,5,0.100575
0.0,11,0.10113
0.0,12,0.101718
0.0,20,0.102657
0.0,13,0.103294
0.0,4,0.103539
0.0,15,0.104267
0.0,26,0.10547
0.0,7,0.105846
0.0,6,0.106186
0.0,6,0.106515
0.0,39,0.108292
0.0,20,0.109236
0.0,11,0.10978
0.0,8,0.110208
0.0,25,0.111368
0.0,6,0.111698
0.0,5,0.11199
0.0,14,0.112667
0.0,6,0.113005
0.0,37,0.114673
0.0,17,0.115487
0.0,24,0.116603
0.0,16,0.117373
0.0,7,0.117748
1.0,15,0.118478
0.0,6,0.118805
0.0,14,0.119486
0.0,5,0.119773
0.0,22,0.120801
0.0,8,0.121225
0.0,6,0.121553
0.0,7,0.121921
1.0,9,0.122387
0.0,24,0.123495
0.0,18,0.124349
0.0,7,0.124724
0.0,2,0.124878
0.0,3,0.125088
0.0,11,0.125635
0.0,8,0.12606
0.0,14,0.126733
0.0,21,0.127719
0.0,14,0.12841
0.0,2,0.128567
0.0,29,0.129891
0.0,12,0.130492
0.0,15,0.131222
0.0,43,0.133152
0.0,12,0.133739
0.0,19,0.134636
0.0,4,0.134942
0.0,15,0.135679
1.0,31,0.13709
0.0,5,0.137374
0.0,26,0.13857
0.0,2,0.138728
0.0,7,0.139113
0.0,31,0.140518
0.0,3,0.140722
0.0,44,0.142694
0.0,40,0.144494
0.0,2,0.14465
0.0,15,0.14537
0.0,16,0.146138
0.0,5,0.146424
0.0,22,0.147443
0.0,9,0.147902
0.0,9,0.148376
0.0,5,0.148663
0.0,17,0.149476
0.0,23,0.150543
0.0,10,0.151057
0.0,17,0.151857
0.0,10,0.152369
0.0,14,0.153047
0.0,31,0.154455
0.0,28,0.155735
0.0,3,0.155936
0.0,11,0.156485
0.0,15,0.15721
0.0,23,0.158285
0.0,7,0.158659
0.0,8,0.159084
0.0,17,0.159881
0.0,3,0.16009
0.0,3,0.160291
0.0,10,0.160792
0.0,6,0.161136
0.0,8,0.161551
0.0,3,0.161751
0.0,21,0.162734
0.0,48,0.164876
0.0,5,0.165174
0.0,7,0.165548
0.0,2,0.165704
0.0,14,0.166383
0.0,7,0.166754
0.0,7,0.167139
0.0,27,0.168383
0.0,12,0.168979
0.0,23,0.170047
0.0,7,0.170421
0.0,11,0.170969
0.0,10,0.17147
0.0,2,0.171625
0.0,52,0.173936
0.0,10,0.174447
0.0,21,0.175428
0.0,24,0.176541
0.0,5,0.176829
0.0,17,0.177641
0.0,7,0.17803
0.0,6,0.17836
0.0,33,0.179852
0.0,7,0.180232
0.0,74,0.183493
0.0,2,0.18365
0.0,33,0.185153
0.0,6,0.185481
0.0,73,0.188694
0.0,27,0.189934
0.0,7,0.190319
0.0,9,0.190777
0.0,6,0.191115
0.0,5,0.1914
0.0,22,0.192422
0.0,44,0.194395
0.0,9,0.194854
0.0,48,0.197007
0.0,3,0.197206
0.0,9,0.197662
0.0,26,0.198859
0.0,35,0.200447
0.0,50,0.202682
0.0,2,0.202839
0.0,15,0.203556
0.0,12,0.204149
0.0,10,0.204647
0.0,18,0.205503
0.0,7,0.205876
0.0,30,0.20725
0.0,9,0.20771
0.0,2,0.207865
0.0,13,0.20851
0.0,5,0.208795
0.0,4,0.209047
0.0,13,0.209677
0.0,7,0.210059
0.0,42,0.211933
0.0,38,0.213645
0.0,13,0.214282
0.0,12,0.214865
0.0,9,0.215331
0.0,7,0.2157
0.0,29,0.21703
0.0,8,0.217447
0.0,34,0.218991
0.0,13,0.219618
0.0,23,0.220687
0.0,58,0.223261
0.0,7,0.223631
0.0,27,0.224867
0.0,19,0.225764
0.0,26,0.226975
0.0,43,0.228904
0.0,20,0.229843
0.0,12,0.23044
0.0,51,0.232727
0.0,7,0.233111
0.0,5,0.233398
0.0,7,0.233771
0.0,33,0.235276
0.0,34,0.236891
0.0,9,0.237361
0.0,27,0.238609
0.0,8,0.239034
0.0,8,0.239469
0.0,5,0.239753
0.0,17,0.240566
0.0,6,0.240898
0.0,20,0.241834
0.0,26,0.243047
0.0,15,0.243767
0.0,47,0.245871
0.0,9,0.246342
0.0,8,0.246755
0.0,17,0.247573
0.0,2,0.247731
0.0,31,0.249158
0.0,100,0.253559
0.0,6,0.253894
0.0,14,0.254577
0.0,14,0.255262
0.0,15,0.255984
0.0,25,0.25714
0.0,16,0.257899
0.0,3,0.258111
0.0,45,0.260132
0.0,59,0.262754
0.0,3,0.262965
0.0,23,0.264034
0.0,2,0.264196
0.0,22,0.265221
0.0,9,0.265684
0.0,6,0.266021
0.0,20,0.266952
0.0,19,0.267848
0.0,41,0.269715
1.0,31,0.271138
0.0,34,0.272676
0.0,3,0.272878
1.0,10,0.273389
0.0,4,0.27363
1.0,19,0.274526
0.0,2,0.274684
0.0,27,0.275915
0.0,7,0.276297
0.0,37,0.277985
0.0,13,0.278613
0.0,12,0.279214
0.0,7,0.279585
0.0,32,0.281049
0.0,5,0.281339
0.0,73,0.284566
0.0,40,0.286384
0.0,20,0.28733
0.0,14,0.288023
0.0,2,0.288179
0.0,3,0.288379
0.0,3,0.288576
1.0,16,0.289344
0.0,7,0.28972
0.0,7,0.290104
0.0,6,0.290433
0.0,14,0.291113
0.0,25,0.292272
0.0,6,0.292603
0.0,5,0.29289
0.0,2,0.293055
0.0,21,0.294036
0.0,11,0.294582
0.0,11,0.295137
0.0,18,0.295989
0.0,12,0.296578
0.0,70,0.299703
0.0,11,0.300257
0.0,38,0.301982
0.0,10,0.302487
0.0,22,0.303515
0.0,16,0.304285
0.0,24,0.305398
0.0,15,0.306128
0.0,28,0.307405
0.0,13,0.308051
0.0,2,0.308213
0.0,18,0.309069
0.0,23,0.31014
0.0,29,0.311468
1.0,78,0.314913
0.0,43,0.316845
0.0,34,0.318407
0.0,8,0.318822
0.0,7,0.319204
0.0,7,0.319576
0.0,9,0.320044
0.0,6,0.320373
0.0,41,0.322232
0.0,15,0.322961
0.0,6,0.323296
0.0,4,0.32354
0.0,29,0.324866
0.0,27,0.326114
0.0,12,0.326703
0.0,5,0.327003
0.0,2,0.32716
0.0,6,0.327487
0.0,8,0.327902
0.0,12,0.328502
0.0,16,0.329274
0.0,30,0.330643
0.0,3,0.330847
0.0,2,0.331015
0.0,12,0.3316
0.0,7,0.331981
0.0,5,0.332265
0.0,3,0.332463
0.0,2,0.332621
0.0,66,0.335549
1.0,12,0.336205
0.0,23,0.33728
0.0,5,0.337566
0.0,3,0.337765
0.0,42,0.339669
0.0,6,0.340012
0.0,12,0.3406
0.0,4,0.34084
0.0,12,0.341439
0.0,2,0.341595
0.0,3,0.341792
0.0,6,0.342127
0.0,2,0.342285
0.0,3,0.342481
0.0,14,0.343162
0.0,20,0.344101
0.0,6,0.344431
0.0,39,0.346191
0.0,24,0.347301
0.0,58,0.349872
0.0,6,0.350211
0.0,5,0.350499
0.0,33,0.352007
0.0,10,0.352506
0.0,10,0.353016
0.0,19,0.3539
0.0,2,0.354066
0.0,27,0.35531
0.0,4,0.355554
0.0,3,0.355753
0.0,5,0.356048
0.0,26,0.357239
0.0,4,0.357485
0.0,12,0.358088
0.0,9,0.358549
0.0,8,0.358969
0.0,4,0.359215
0.0,4,0.359454
0.0,55,0.361898
0.0,45,0.363906
0.0,52,0.366229
0.0,17,0.367042
0.0,30,0.368415
0.0,4,0.368657
1.0,20,0.369595
0.0,25,0.370741
0.0,30,0.372113
0.0,32,0.373566
0.0,49,0.375771
0.0,15,0.376498
0.0,10,0.377008
0.0,11,0.37755
0.0,18,0.378412
0.0,18,0.379261
0.0,41,0.381101
0.0,3,0.381303
0.0,18,0.382153
0.0,50,0.384378
0.0,15,0.3851
0.0,29,0.38642
0.0,10,0.38692
0.0,31,0.38834
0.0,9,0.388796
0.0,11,0.389349
0.0,21,0.390332
0.0,12,0.390913
0.0,5,0.391207
0.0,14,0.391876
0.0,2,0.39204
0.0,5,0.392324
0.0,39,0.394079
0.0,9,0.394535
0.0,2,0.394691
0.0,10,0.395196
0.0,20,0.396131
0.0,6,0.396458
0.0,13,0.397099
0.0,8,0.397518
0.0,2,0.397675
0.0,4,0.397916
0.0,19,0.398811
0.0,2,0.398978
0.0,22,0.399995
0.0,9,0.400455
0.0,10,0.400951
0.0,42,0.402831
0.0,10,0.403344
0.0,6,0.403673
1.0,20,0.404608
0.0,15,0.405327
0.0,27,0.406561
0.0,10,0.407072
0.0,3,0.407275
0.0,22,0.408307
0.0,4,0.408552
0.0,100,0.412922
0.0,10,0.413428
0.0,15,0.414156
0.0,18,0.415012
0.0,33,0.416509
0.0,30,0.417876
0.0,5,0.418179
0.0,22,0.419201
0.0,37,0.420873
0.0,4,0.421129
0.0,10,0.421629
0.0,3,0.421828
0.0,3,0.422037
0.0,11,0.422584
0.0,5,0.42287
0.0,16,0.423634
0.0,6,0.423973
0.0,10,0.424471
0.0,31,0.425878
1.0,40,0.427686
0.0,10,0.428205
0.0,10,0.428705
0.0,11,0.429255
0.0,4,0.429498
0.0,12,0.430093
0.0,4,0.430335
0.0,2,0.43049
0.0,19,0.43138
0.0,4,0.431623
0.0,3,0.431819
0.0,21,0.432799
0.0,17,0.433612
0.0,2,0.433769
0.0,5,0.434066
0.0,6,0.434392
0.0,18,0.435245
0.0,12,0.435826
0.0,10,0.436395
0.0,27,0.43764
0.0,5,0.437928
0.0,8,0.438353
0.0,14,0.439051
1.0,18,0.439899
0.0,12,0.4405
0.0,6,0.440827
0.0,3,0.441039
0.0,32,0.442492
0.0,3,0.442693
0.0,2,0.442848
0.0,10,0.443359
0.0,8,0.443774
0.0,25,0.444925
0.0,12,0.445519
0.0,18,0.446374
0.0,5,0.446658
0.0,10,0.447167
0.0,18,0.448026
0.0,5,0.448312
0.0,3,0.448509
0.0,8,0.448925
0.0,8,0.449348
0.0,3,0.449549
0.0,22,0.450572
0.0,25,0.451726
0.0,18,0.452579
0.0,19,0.453482
0.0,5,0.45377
0.0,16,0.454538
0.0,6,0.454869
0.0,30,0.456245
0.0,20,0.45719
0.0,28,0.45848
0.0,9,0.45894
0.0,11,0.459491
0.0,18,0.460341
0.0,21,0.461326
0.0,6,0.461657
0.0,7,0.462038
0.0,3,0.462236
0.0,2,0.462393
0.0,8,0.462804
1.0,22,0.463837
1.0,32,0.465301
0.0,22,0.466325
0.0,3,0.466525
0.0,22,0.467549
0.0,5,0.467833
0.0,27,0.469086
0.0,2,0.469242
0.0,33,0.470735
0.0,4,0.470989
0.0,23,0.47206
0.0,2,0.472217
0.0,3,0.472416
0.0,21,0.473396
1.0,41,0.475242
1.0,19,0.47614
0.0,4,0.476385
0.0,8,0.476798
0.0,16,0.477571
0.0,27,0.478821
0.0,12,0.479421
0.0,5,0.479709
0.0,4,0.479949
0.0,25,0.481117
0.0,29,0.48245
0.0,29,0.483768
0.0,10,0.484284
0.0,2,0.48444
0.0,16,0.485214
0.0,31,0.486626
0.0,56,0.489139
0.0,6,0.489472
0.0,19,0.490371
0.0,17,0.491189
0.0,6,0.491517
0.0,11,0.492071
0.0,60,0.494741
0.0,7,0.495122
0.0,36,0.496751
0.0,21,0.497739
0.0,39,0.499518
0.0,4,0.499761
0.0,2,0.499915
0.0,2,0.500078
0.0,15,0.500795
0.0,23,0.501866
0.0,2,0.502034
0.0,2,0.502192
0.0,8,0.502604
0.0,22,0.50363
0.0,8,0.504062
0.0,19,0.50495
0.0,12,0.505551
0.0,53,0.507912
0.0,34,0.509466
0.0,29,0.510792
0.0,11,0.51135
0.0,43,0.513286
0.0,44,0.515276
0.0,3,0.51548
0.0,49,0.51768
0.0,24,0.518802
0.0,17,0.519621
0.0,6,0.519951
0.0,14,0.520633
0.0,14,0.521317
0.0,8,0.521735
0.0,26,0.522935
0.0,14,0.523623
0.0,7,0.524004
0.0,32,0.525468
0.0,5,0.525755
0.0,2,0.525913
0.0,39,0.527677
0.0,12,0.528287
0.0,7,0.528658
0.0,4,0.528901
0.0,6,0.529238
0.0,42,0.531148
0.0,7,0.531522
1.0,13,0.532166
0.0,7,0.532539
0.0,21,0.53352
0.0,30,0.534895
0.0,17,0.535704
0.0,8,0.53613
0.0,7,0.53656
0.0,36,0.538196
0.0,18,0.539049
0.0,23,0.540114
0.0,8,0.540526
0.0,17,0.541337
0.0,7,0.541708
0.0,12,0.542304
0.0,3,0.542506
0.0,26,0.543701
0.0,18,0.544558
0.0,4,0.544803
0.0,29,0.546135
0.0,33,0.547628
0.0,10,0.548148
0.0,17,0.548952
0.0,12,0.549547
0.0,17,0.550355
0.0,4,0.550597
0.0,15,0.551319
0.0,23,0.552383
0.0,39,0.554139
0.0,8,0.554554
0.0,15,0.555296
0.0,5,0.555579
0.0,18,0.556427
0.0,2,0.556582
0.0,8,0.557001
0.0,53,0.559364
0.0,31,0.560769
0.0,3,0.56098
0.0,2,0.561139
0.0,6,0.561466
0.0,14,0.562142
0.0,19,0.56304
0.0,32,0.56449
0.0,2,0.564648
0.0,29,0.565976
0.0,36,0.567596
0.0,3,0.567795
0.0,21,0.568779
0.0,18,0.569631
0.0,27,0.570868
0.0,27,0.572117
0.0,6,0.572449
0.0,17,0.573258
0.0,4,0.5735
0.0,3,0.573701
0.0,14,0.574382
0.0,44,0.576355
0.0,9,0.576815
0.0,6,0.577154
0.0,8,0.577567
0.0,21,0.578549
1.0,52,0.58086
0.0,13,0.581497
0.0,4,0.581739
0.0,6,0.582078
0.0,3,0.582277
0.0,18,0.583129
0.0,21,0.584113
0.0,36,0.585743
1.0,14,0.586429
0.0,3,0.586627
0.0,11,0.587183
0.0,19,0.588083
0.0,13,0.588711
0.0,13,0.589352
0.0,9,0.589809
0.0,4,0.59006
0.0,18,0.590905
0.0,6,0.591243
0.0,3,0.591443
0.0,14,0.59212
0.0,14,0.59279
0.0,12,0.593386
0.0,21,0.594368
0.0,23,0.595431
0.0,19,0.596325
0.0,4,0.596568
0.0,5,0.596851
0.0,5,0.597143
0.0,3,0.597346
0.0,6,0.597671
0.0,15,0.598401
0.0,37,0.600073
0.0,4,0.600315
0.0,13,0.60094
0.0,24,0.602055
0.0,27,0.603285
0.0,50,0.605513
0.0,18,0.606364
0.0,3,0.606564
0.0,41,0.608425
0.0,16,0.609196
0.0,19,0.610089
0.0,12,0.610674
0.0,6,0.611008
0.0,45,0.613016
0.0,12,0.613604
0.0,10,0.614118
0.0,32,0.615566
0.0,11,0.616118
0.0,19,0.617014
0.0,22,0.618044
0.0,16,0.618796
0.0,8,0.619221
0.0,3,0.61942
0.0,4,0.619664
0.0,6,0.62
0.0,8,0.620411
0.0,11,0.620948
0.0,29,0.62228
0.0,59,0.624894
0.0,5,0.625189
0.0,6,0.625518
0.0,22,0.626539
0.0,30,0.627899
0.0,21,0.628883
0.0,12,0.629476
0.0,26,0.630664
0.0,29,0.631994
0.0,20,0.632923
0.0,10,0.633451
0.0,3,0.633649
0.0,56,0.636142
0.0,20,0.637144
0.0,16,0.637901
0.0,3,0.638114
0.0,2,0.638269
0.0,9,0.638726
0.0,34,0.640271
0.0,10,0.640774
0.0,11,0.64133
0.0,24,0.64244
0.0,21,0.643425
0.0,33,0.644924
0.0,6,0.645263
0.0,16,0.646027
0.0,15,0.646744
0.0,4,0.646997
0.0,33,0.6485
0.0,13,0.64914
0.0,21,0.650125
0.0,6,0.650456
0.0,3,0.650654
0.0,46,0.652708
0.0,18,0.65356
0.0,26,0.654754
0.0,3,0.654965
0.0,13,0.655596
0.0,17,0.656408
0.0,7,0.656781
1.0,9,0.657252
0.0,12,0.657835
0.0,44,0.659811
0.0,3,0.660024
0.0,42,0.661896
0.0,24,0.663014
0.0,14,0.66368
0.0,3,0.663878
0.0,4,0.66413
0.0,46,0.666198
0.0,7,0.666571
0.0,3,0.666771
0.0,64,0.669632
0.0,5,0.669919
0.0,8,0.670343
0.0,5,0.670633
0.0,2,0.670787
0.0,11,0.67134
0.0,10,0.671838
0.0,16,0.672604
0.0,35,0.674197
0.0,2,0.674355
0.0,20,0.675292
0.0,14,0.675973
0.0,5,0.676257
0.0,25,0.677407
0.0,75,0.680733
0.0,24,0.681852
0.0,2,0.682019
0.0,22,0.683049
0.0,28,0.684333
0.0,13,0.684968
0.0,2,0.685126
0.0,8,0.68554
0.0,21,0.686526
0.0,11,0.687082
0.0,2,0.68724
0.0,3,0.687439
0.0,16,0.688216
0.0,59,0.690833
0.0,3,0.691045
0.0,5,0.691329
0.0,21,0.692312
0.0,18,0.693167
0.0,29,0.69449
0.0,4,0.694732
0.0,3,0.694929
0.0,9,0.695392
0.0,3,0.695591
0.0,11,0.696148
0.0,7,0.696518
0.0,87,0.700362
0.0,8,0.70078
0.0,14,0.701463
0.0,18,0.702308
0.0,8,0.702723
0.0,29,0.704057
0.0,9,0.704515
0.0,56,0.707017
0.0,26,0.708217
0.0,12,0.708801
0.0,16,0.709574
0.0,22,0.710603
0.0,9,0.711075
0.0,66,0.71401
0.0,18,0.714858
0.0,18,0.715717
0.0,24,0.716829
0.0,8,0.717253
0.0,36,0.718887
0.0,5,0.719184
0.0,18,0.720039
0.0,30,0.721407
0.0,7,0.721777
0.0,6,0.722114
0.0,14,0.722785
0.0,10,0.7233
0.0,8,0.723712
0.0,71,0.726854
0.0,23,0.72793
0.0,11,0.72849
0.0,2,0.728647
0.0,24,0.729754
0.0,5,0.730053
0.0,10,0.730553
0.0,7,0.730921
0.0,3,0.731132
0.0,16,0.731888
0.0,4,0.732143
0.0,7,0.732516
0.0,21,0.733497
0.0,18,0.734351
0.0,33,0.735847
0.0,9,0.736318
0.0,23,0.737458
1.0,56,0.739942
0.0,54,0.742357
0.0,6,0.742686
0.0,11,0.743242
0.0,22,0.744265
0.0,7,0.744637
0.0,8,0.745065
0.0,6,0.745396
0.0,19,0.746296
0.0,3,0.746494
0.0,11,0.747043
0.0,12,0.747631
0.0,14,0.748317
0.0,53,0.750672
0.0,19,0.75157
0.0,7,0.751944
0.0,4,0.752195
0.0,33,0.753688
0.0,9,0.754158
0.0,2,0.754315
0.0,16,0.755085
0.0,70,0.758191
0.0,12,0.758779
0.0,29,0.76011
0.0,2,0.760265
0.0,3,0.760464
0.0,7,0.76084
0.0,6,0.761183
0.0,14,0.761853
0.0,9,0.762317
0.0,8,0.762731
0.0,6,0.763067
0.0,11,0.763607
0.0,15,0.764331
1.0,16,0.7651
0.0,26,0.766298
0.0,3,0.766497
0.0,9,0.766962
0.0,5,0.767251
0.0,38,0.76895
0.0,11,0.769503
0.0,42,0.771379
0.0,7,0.771749
0.0,20,0.772681
0.0,5,0.772974
0.0,59,0.775581
0.0,7,0.775963
0.0,29,0.777277
0.0,4,0.77752
0.0,10,0.778032
0.0,13,0.778658
0.0,10,0.77917
0.0,71,0.782297
0.0,17,0.783107
0.0,47,0.785191
0.0,17,0.785999
0.0,4,0.78624
0.0,10,0.786733
0.0,19,0.787627
0.0,9,0.7881
0.0,6,0.788431
1.0,18,0.789279
0.0,2,0.789437
0.0,18,0.790284
0.0,36,0.791909
0.0,4,0.792159
0.0,3,0.792358
0.0,9,0.792816
0.0,5,0.79311
0.0,8,0.793523
0.0,8,0.793932
0.0,2,0.794096
0.0,13,0.794723
0.0,10,0.795235
0.0,7,0.795603
0.0,21,0.796586
0.0,28,0.797865
0.0,17,0.79868
0.0,9,0.79915
0.0,6,0.799477
1.0,26,0.800669
0.0,12,0.801263
0.0,7,0.801632
0.0,9,0.802101
0.0,5,0.802385
0.0,14,0.803067
0.0,78,0.806488
0.0,51,0.808769
0.0,3,0.808979
0.0,56,0.811456
0.0,9,0.811913
0.0,22,0.812935
0.0,3,0.813142
0.0,9,0.813599
0.0,9,0.814063
0.0,10,0.814568
0.0,4,0.814808
0.0,2,0.814973
0.0,14,0.815646
0.0,2,0.8158
0.0,39,0.817552
0.0,3,0.817754
0.0,34,0.819308
0.0,21,0.820293
0.0,3,0.820495
0.0,5,0.820778
0.0,41,0.822617
0.0,15,0.823341
0.0,6,0.823669
0.0,34,0.825215
0.0,4,0.825457
0.0,65,0.828325
0.0,7,0.828694
0.0,98,0.832989
0.0,19,0.833877
0.0,79,0.837348
0.0,18,0.838275
0.0,4,0.838517
0.0,4,0.838757
0.0,8,0.839183
1.0,16,0.839944
0.0,4,0.840198
0.0,4,0.840441
0.0,27,0.841684
0.0,10,0.842212
0.0,18,0.843066
0.0,11,0.843615
0.0,8,0.844037
0.0,11,0.844578
0.0,13,0.845212
0.0,43,0.847153
0.0,21,0.848147
0.0,3,0.84835
0.0,8,0.848764
0.0,32,0.850231
0.0,2,0.85039
0.0,21,0.851373
0.0,7,0.851749
0.0,13,0.852389
0.0,5,0.852677
0.0,21,0.853662
0.0,14,0.854343
0.0,27,0.855583
0.0,33,0.857084
0.0,7,0.857455
0.0,16,0.858224
0.0,6,0.858555
1.0,16,0.859322
0.0,19,0.860223
0.0,8,0.860636
0.0,18,0.861482
0.0,36,0.863114
0.0,16,0.863875
0.0,5,0.864171
0.0,6,0.8645
0.0,4,0.864744
0.0,13,0.86538
0.0,27,0.866617
0.0,9,0.867085
0.0,47,0.869203
0.0,13,0.869828
0.0,15,0.870553
0.0,67,0.873522
0.0,9,0.87399
0.0,13,0.874615
0.0,7,0.874994
0.0,31,0.876403
0.0,8,0.876818
1.0,16,0.877588
0.0,21,0.878577
0.0,26,0.879775
0.0,3,0.879988
0.0,7,0.880362
0.0,12,0.880944
0.0,24,0.882061
0.0,5,0.882346
0.0,36,0.883978
0.0,19,0.884863
0.0,42,0.88676
0.0,8,0.887186
0.0,31,0.888606
0.0,2,0.888763
0.0,4,0.889016
0.0,7,0.889389
0.0,45,0.891407
0.0,19,0.892305
0.0,3,0.892507
0.0,26,0.893705
0.0,6,0.894045
0.0,4,0.894286
0.0,10,0.894783
0.0,5,0.89508
0.0,2,0.895235
0.0,2,0.895389
1.0,9,0.895841
0.0,7,0.896222
0.0,7,0.896593
0.0,2,0.896749
0.0,16,0.897518
0.0,16,0.898296
0.0,17,0.899106
0.0,26,0.900298
0.0,7,0.900672
0.0,12,0.901265
0.0,11,0.901808
0.0,2,0.901973
0.0,9,0.902431
0.0,6,0.902759
0.0,4,0.903009
0.0,6,0.903337
0.0,12,0.903919
0.0,57,0.90645
0.0,2,0.906609
0.0,11,0.907169
0.0,7,0.907543
0.0,35,0.90914
0.0,8,0.909557
0.0,23,0.91063
0.0,2,0.910789
0.0,8,0.911216
0.0,15,0.911931
0.0,3,0.91214
0.0,8,0.912555
0.0,20,0.913495
0.0,21,0.914482
0.0,37,0.916164
0.0,12,0.91675
0.0,5,0.917044
0.0,16,0.917802
0.0,2,0.917972
0.0,44,0.919948
0.0,9,0.920419
0.0,21,0.921399
0.0,37,0.923086
0.0,39,0.924852
0.0,17,0.925663
0.0,3,0.925862
0.0,12,0.926458
0.0,20,0.927393
0.0,26,0.928589
0.0,72,0.931776
0.0,18,0.932639
0.0,15,0.933372
0.0,36,0.935008
0.0,3,0.935211
0.0,25,0.936363
0.0,10,0.936866
0.0,9,0.937335
0.0,2,0.937495
0.0,2,0.937706
0.0,16,0.938481
0.0,18,0.939335
0.0,3,0.939536
1.0,9,0.939999
0.0,11,0.940546
0.0,38,0.942262
0.0,11,0.942804
0.0,5,0.9431
0.0,3,0.943298
0.0,9,0.943753
0.0,38,0.94547
0.0,7,0.945844
0.0,15,0.946569
0.0,4,0.946811
0.0,20,0.94775
0.0,17,0.948565
0.0,7,0.948937
0.0,6,0.949272
0.0,8,0.949684
0.0,19,0.950577
0.0,26,0.951768
0.0,15,0.952494
0.0,11,0.953049
0.0,18,0.953894
0.0,7,0.954273
0.0,16,0.955044
0.0,11,0.95559
0.0,3,0.95579
0.0,10,0.956295
0.0,8,0.956707
0.0,26,0.957901
1.0,19,0.958802
0.0,4,0.959054
0.0,31,0.960468
0.0,4,0.960712
0.0,30,0.962102
0.0,9,0.96256
0.0,3,0.962758
0.0,6,0.963098
0.0,7,0.963467
0.0,34,0.965018
1.0,16,0.965776
0.0,4,0.966026
0.0,30,0.967401
0.0,8,0.967813
0.0,5,0.968117
0.0,2,0.968276
0.0,26,0.96947
0.0,31,0.970886
0.0,5,0.971184
0.0,7,0.971559
0.0,8,0.971983
0.0,36,0.973612
0.0,6,0.973943
0.0,37,0.97562
0.0,3,0.975821
1.0,21,0.976807
0.0,8,0.977232
0.0,8,0.977644
0.0,15,0.978374
0.0,40,0.980179
0.0,10,0.980681
0.0,17,0.981491
0.0,47,0.983583
0.0,11,0.984133
0.0,11,0.984673
0.0,9,0.98514
0.0,10,0.98564
0.0,17,0.986445
0.0,23,0.987504
0.0,10,0.988019
0.0,32,0.989462
0.0,27,0.990702
0.0,43,0.992628
0.0,17,0.993437
0.0,22,0.994462
0.0,17,0.995275
0.0,6,0.995605
0.0,18,0.996454
0.0,22,0.997472
0.0,12,0.998075
0.0,60,1.000727
0.0,4,1.000981
0.0,32,1.002432
0.0,8,1.002848
0.0,5,1.003141
0.0,13,1.003771
0.0,16,1.004535
0.0,7,1.004905
0.0,7,1.005283
0.0,22,1.006308
0.0,38,1.008028
0.0,4,1.008273
0.0,46,1.010328
0.0,80,1.013849
0.0,17,1.014658
0.0,2,1.014816
0.0,20,1.015751
0.0,2,1.015908
0.0,25,1.017066
0.0,71,1.020201
0.0,8,1.020613
0.0,20,1.021556
0.0,12,1.022155
0.0,5,1.022442
0.0,21,1.023432
0.0,10,1.023935
0.0,23,1.025013
0.0,26,1.026207
0.0,6,1.026537
0.0,3,1.026734
0.0,11,1.027285
1.0,6,1.027615
0.0,10,1.028126
0.0,27,1.029371
0.0,3,1.02957
0.0,4,1.02981
0.0,14,1.030488
0.0,13,1.031128
0.0,13,1.031762
0.0,13,1.032403
0.0,11,1.032948
0.0,28,1.034244
0.0,16,1.035018
0.0,8,1.035435
0.0,31,1.036834
0.0,9,1.037303
0.0,17,1.038119
0.0,19,1.039075
0.0,6,1.039406
0.0,34,1.040939
0.0,20,1.04188
0.0,34,1.043428
0.0,10,1.043928
0.0,16,1.044692
0.0,6,1.045034
0.0,7,1.045409
0.0,35,1.047005
0.0,5,1.04729
0.0,3,1.04749
0.0,58,1.050079
0.0,4,1.050322
0.0,58,1.052901
0.0,13,1.05354
0.0,9,1.05401
0.0,50,1.056246
0.0,9,1.056703
0.0,9,1.057174
0.0,30,1.058574
0.0,15,1.059297
0.0,42,1.061183
0.0,24,1.062303
0.0,29,1.063632
0.0,12,1.064235
0.0,2,1.064391
0.0,11,1.064933
0.0,2,1.065096
1.0,23,1.066164
0.0,35,1.067742
0.0,84,1.07146
0.0,16,1.072233
0.0,11,1.072777
0.0,10,1.073291
0.0,13,1.073923
0.0,8,1.074346
0.0,45,1.076373
0.0,27,1.077622
0.0,18,1.078484
0.0,34,1.080037
0.0,10,1.080541
0.0,10,1.081052
0.0,34,1.082593
0.0,23,1.083672
0.0,30,1.08505
0.0,16,1.085805
0.0,34,1.087359
0.0,21,1.088359
0.0,7,1.088734
0.0,21,1.089716
0.0,28,1.091009
0.0,8,1.091427
0.0,8,1.091842
0.0,5,1.09214
0.0,8,1.092557
0.0,15,1.093284
0.0,5,1.093573
0.0,5,1.093859
0.0,10,1.094372
0.0,7,1.094743
0.0,16,1.095515
0.0,64,1.098373
0.0,18,1.099236
0.0,3,1.099438
0.0,16,1.100211
0.0,2,1.100367
0.0,4,1.10061
0.0,17,1.101419
0.0,16,1.102187
0.0,6,1.102516
0.0,19,1.103413
0.0,2,1.103571
1.0,7,1.103944
0.0,12,1.104542
0.0,13,1.105179
0.0,24,1.106284
0.0,19,1.107181
0.0,6,1.107509
0.0,7,1.107877
0.0,4,1.108138
0.0,20,1.109077
0.0,29,1.110404
0.0,15,1.11113
0.0,5,1.111419
0.0,7,1.11179
0.0,16,1.11256
0.0,9,1.113033
0.0,13,1.113666
0.0,2,1.113822
0.0,5,1.114117
0.0,6,1.114445
0.0,16,1.115211
0.0,2,1.115371
0.0,22,1.116394
0.0,8,1.116807
0.0,4,1.117059
0.0,33,1.118556
0.0,15,1.11928
0.0,9,1.119742
0.0,10,1.120258
0.0,4,1.1205
0.0,18,1.121355
0.0,14,1.122035
0.0,29,1.123361
0.0,12,1.123951
0.0,5,1.124249
0.0,32,1.125701
1.0,20,1.126647
0.0,8,1.127071
0.0,15,1.127789
0.0,14,1.128479
0.0,13,1.12912
1.0,13,1.129745
0.0,24,1.130865
0.0,8,1.131291
0.0,55,1.133729
0.0,85,1.137468
0.0,15,1.138205
0.0,31,1.139613
0.0,3,1.139812
0.0,17,1.140624
0.0,11,1.141184
0.0,39,1.143013
0.0,8,1.143426
0.0,8,1.143838
0.0,11,1.144394
0.0,6,1.14472
0.0,38,1.146432
0.0,13,1.147069
0.0,16,1.147826
0.0,27,1.149066
0.0,64,1.151892
0.0,3,1.152104
0.0,22,1.153133
0.0,7,1.153506
0.0,34,1.155048
0.0,33,1.15654
0.0,19,1.157431
1.0,8,1.157846
0.0,12,1.158445
0.0,10,1.158944
0.0,33,1.160447
0.0,4,1.160689
0.0,24,1.1618
0.0,8,1.162222
0.0,15,1.162938
0.0,12,1.163536
0.0,7,1.163907
0.0,12,1.164503
0.0,4,1.164744
0.0,19,1.165635
0.0,25,1.166784
0.0,17,1.167596
0.0,12,1.168197
0.0,25,1.169347
0.0,41,1.171191
0.0,14,1.171864
0.0,5,1.172158
0.0,17,1.172963
0.0,45,1.174977
1.0,15,1.175691
0.0,4,1.17593
0.0,9,1.176392
0.0,8,1.176805
0.0,2,1.176969
0.0,69,1.180013
0.0,23,1.181077
0.0,20,1.18201
0.0,25,1.183161
0.0,10,1.183662
0.0,34,1.185201
0.0,17,1.186008
0.0,12,1.186594
0.0,4,1.186837
0.0,12,1.187431
0.0,56,1.189919
0.0,13,1.190555
0.0,15,1.19128
0.0,12,1.191868
0.0,18,1.19272
0.0,3,1.192919
0.0,27,1.194166
0.0,28,1.195441
0.0,9,1.195894
0.0,9,1.196356
0.0,11,1.196893
0.0,6,1.197231
0.0,6,1.197563
0.0,5,1.197849
0.0,9,1.19832
0.0,22,1.199338
0.0,7,1.199709
0.0,25,1.200863
0.0,53,1.203228
0.0,15,1.203938
0.0,2,1.204102
0.0,4,1.204341
0.0,4,1.204584
0.0,16,1.205355
0.0,22,1.206383
0.0,9,1.20684
0.0,8,1.207262
0.0,5,1.207546
0.0,17,1.208366
0.0,32,1.20982
0.0,20,1.210759
0.0,31,1.212174
0.0,3,1.212377
0.0,3,1.212573
0.0,23,1.213641
0.0,53,1.21601
0.0,9,1.216471
0.0,9,1.216924
0.0,7,1.2173
0.0,5,1.217586
0.0,26,1.218785
0.0,27,1.220037
0.0,15,1.220752
0.0,6,1.22109
0.0,6,1.221417
0.0,5,1.221702
0.0,11,1.222256
0.0,38,1.223967
0.0,45,1.225993
0.0,36,1.227614
0.0,2,1.227772
0.0,42,1.229666
0.0,28,1.230951
0.0,5,1.231246
0.0,4,1.231488
0.0,10,1.231994
0.0,6,1.232323
1.0,9,1.232775
0.0,74,1.236045
0.0,23,1.237111
0.0,3,1.23731
1.0,18,1.238167
0.0,35,1.239751
0.0,28,1.241045
0.0,8,1.241459
0.0,28,1.242731
0.0,27,1.243983
0.0,12,1.244587
0.0,2,1.244743
0.0,2,1.244964
0.0,8,1.245399
0.0,5,1.245683
0.0,13,1.246322
0.0,11,1.24687
0.0,10,1.247379
0.0,15,1.24811
0.0,35,1.249691
0.0,59,1.252342
0.0,14,1.253029
0.0,19,1.253917
0.0,12,1.254509
0.0,70,1.257613
1.0,10,1.25813
0.0,8,1.258545
0.0,7,1.258915
0.0,2,1.259079
0.0,14,1.259751
0.0,6,1.26009
0.0,26,1.261291
1.0,64,1.26414
0.0,20,1.265084
0.0,4,1.265326
0.0,3,1.265526
0.0,17,1.266341
0.0,6,1.266669
0.0,14,1.267355
0.0,10,1.267858
0.0,5,1.268158
0.0,6,1.268485
0.0,10,1.268995
0.0,9,1.269452
0.0,18,1.270303
0.0,3,1.270504
0.0,21,1.271491
0.0,3,1.271693
0.0,6,1.272032
0.0,9,1.272485
0.0,9,1.272941
0.0,12,1.273533
0.0,11,1.274085
0.0,4,1.274328
0.0,21,1.275314
0.0,25,1.276469
0.0,27,1.277699
0.0,38,1.279427
0.0,27,1.280664
0.0,15,1.281396
0.0,7,1.281768
0.0,9,1.282247
0.0,9,1.282706
0.0,66,1.285637
0.0,4,1.285882
0.0,20,1.286823
1.0,28,1.288123
0.0,11,1.288663
0.0,12,1.28926
0.0,14,1.289936
0.0,20,1.290871
0.0,17,1.291688
0.0,12,1.292285
0.0,25,1.293435
0.0,11,1.293995
0.0,5,1.294283
0.0,12,1.294867
0.0,6,1.295207
0.0,8,1.295624
0.0,6,1.29595
0.0,6,1.296286
0.0,7,1.296659
0.0,11,1.297219
0.0,2,1.297376
0.0,7,1.29775
0.0,42,1.299657
0.0,2,1.299814
0.0,6,1.300154
0.0,4,1.300398
1.0,19,1.301293
0.0,8,1.301708
0.0,35,1.303295
0.0,4,1.303541
0.0,11,1.304096
0.0,19,1.304998
0.0,13,1.305627
0.0,4,1.305866
0.0,8,1.306287
1.0,30,1.307664
0.0,24,1.308783
0.0,18,1.309643
0.0,25,1.310801
0.0,24,1.311914
0.0,19,1.312813
0.0,5,1.31311
0.0,17,1.313907
0.0,7,1.314288
0.0,22,1.315313
0.0,9,1.31577
0.0,14,1.316456
0.0,14,1.31714
0.0,22,1.318173
0.0,15,1.318882
0.0,42,1.32078
0.0,11,1.321333
0.0,25,1.322488
0.0,19,1.323382
0.0,11,1.323926
0.0,2,1.324089
0.0,7,1.324461
0.0,5,1.324743
0.0,6,1.325082
0.0,14,1.325754
0.0,6,1.326094
0.0,35,1.327676
0.0,5,1.32798
0.0,23,1.329044
0.0,2,1.329202
0.0,2,1.329358
0.0,4,1.329597
0.0,17,1.330409
0.0,42,1.332304
0.0,21,1.333286
0.0,7,1.333655
0.0,8,1.334079
0.0,12,1.334664
0.0,11,1.335217
0.0,38,1.336929
0.0,30,1.338308
0.0,6,1.33864
0.0,10,1.339154
0.0,17,1.339973
0.0,38,1.341688
0.0,9,1.34216
0.0,11,1.342702
0.0,33,1.344204
0.0,4,1.344447
0.0,12,1.345044
0.0,18,1.34595
0.0,14,1.346633
0.0,2,1.346787
0.0,9,1.347253
0.0,5,1.34754
0.0,4,1.347779
0.0,24,1.348896
0.0,22,1.349924
0.0,12,1.350514
0.0,10,1.351027
0.0,52,1.35333
0.0,8,1.353742
0.0,9,1.354207
0.0,54,1.356606
0.0,8,1.357032
0.0,4,1.357276
0.0,79,1.360744
0.0,3,1.360944
0.0,10,1.361454
0.0,19,1.362349
0.0,15,1.363075
0.0,3,1.363276
0.0,19,1.364171
0.0,12,1.364758
0.0,3,1.364966
0.0,28,1.366247
0.0,41,1.368097
0.0,7,1.368467
0.0,7,1.368839
0.0,13,1.369474
0.0,19,1.370363
0.0,14,1.371044
0.0,11,1.371585
0.0,27,1.372822
0.0,2,1.372989
0.0,17,1.37379
0.0,2,1.373944
0.0,17,1.37475
0.0,7,1.375134
0.0,2,1.375289
0.0,5,1.375574
0.0,65,1.378465
0.0,4,1.378708
0.0,2,1.378865
0.0,6,1.379204
0.0,25,1.380355
0.0,91,1.384347
0.0,14,1.385028
0.0,12,1.385617
0.0,25,1.386765
0.0,5,1.38706
0.0,6,1.387385
0.0,14,1.38807
0.0,6,1.3884
0.0,9,1.388855
0.0,31,1.390265
0.0,3,1.390467
0.0,24,1.391577
0.0,4,1.391822
0.0,10,1.392334
0.0,25,1.393488
0.0,16,1.394256
0.0,16,1.395025
0.0,6,1.395353
0.0,15,1.396074
0.0,11,1.396621
0.0,3,1.396819
0.0,5,1.397115
0.0,11,1.39766
0.0,29,1.398998
0.0,22,1.400027
0.0,6,1.400354
0.0,15,1.401076
0.0,22,1.402103
0.0,15,1.402814
0.0,17,1.403626
0.0,7,1.404006
0.0,28,1.405284
0.0,10,1.405784
0.0,22,1.406806
0.0,5,1.407103
0.0,21,1.408091
0.0,35,1.409677
0.0,18,1.410533
0.0,9,1.411003
0.0,3,1.411203
0.0,7,1.411574
0.0,26,1.412765
1.0,9,1.413234
0.0,12,1.413817
0.0,15,1.414543
0.0,3,1.414744
0.0,16,1.415511
0.0,9,1.415981
0.0,4,1.416225
0.0,17,1.417034
0.0,9,1.417492
0.0,5,1.417778
0.0,6,1.418123
0.0,4,1.418368
0.0,11,1.418911
0.0,9,1.419374
0.0,18,1.420229
0.0,17,1.421043
0.0,11,1.421588
0.0,13,1.422228
0.0,6,1.422554
0.0,10,1.423063
0.0,19,1.423945
0.0,6,1.424283
0.0,11,1.424841
0.0,20,1.425781
0.0,2,1.425939
0.0,6,1.426275
0.0,25,1.427428
0.0,9,1.427889
0.0,14,1.428578
0.0,12,1.429177
0.0,14,1.429849
0.0,13,1.430489
0.0,16,1.431252
0.0,5,1.431535
0.0,4,1.431775
0.0,60,1.434433
0.0,40,1.436239
0.0,2,1.436397
0.0,3,1.436594
0.0,18,1.437447
0.0,3,1.437646
0.0,30,1.439031
1.0,18,1.439868
0.0,29,1.441202
0.0,2,1.441359
0.0,17,1.442167
0.0,6,1.442498
0.0,9,1.442964
0.0,49,1.445151
0.0,13,1.445843
0.0,17,1.44665
0.0,22,1.447669
0.0,88,1.451564
0.0,16,1.452331
0.0,21,1.453307
0.0,29,1.454633
0.0,24,1.455745
0.0,6,1.456086
0.0,41,1.457915
0.0,8,1.458348
0.0,5,1.458632
1.0,7,1.459013
0.0,8,1.45943
0.0,31,1.460846
0.0,7,1.461228
0.0,36,1.462856
1.0,8,1.463286
0.0,6,1.463615
0.0,24,1.464717
0.0,4,1.464968
0.0,25,1.466117
0.0,3,1.466318
0.0,23,1.467386
0.0,41,1.469249
0.0,12,1.469838
0.0,8,1.470265
0.0,2,1.470422
1.0,26,1.471621
0.0,6,1.47195
0.0,13,1.472592
0.0,78,1.476041
0.0,2,1.476199
0.0,3,1.476396
0.0,16,1.477169
0.0,10,1.477668
0.0,3,1.477865
0.0,20,1.478812
0.0,18,1.479675
0.0,23,1.480743
0.0,54,1.483165
0.0,8,1.483577
0.0,4,1.483823
0.0,13,1.484465
0.0,13,1.485109
0.0,2,1.485264
0.0,25,1.486418
0.0,5,1.486705
0.0,2,1.486859
1.0,17,1.487669
0.0,23,1.488749
0.0,51,1.491034
0.0,7,1.491408
0.0,5,1.491691
0.0,7,1.492074
0.0,23,1.493135
0.0,21,1.494117
0.0,26,1.495309
0.0,38,1.497038
0.0,15,1.497754
0.0,2,1.497911
0.0,36,1.499551
0.0,10,1.500063
0.0,16,1.500819
0.0,29,1.502157
0.0,41,1.504006
0.0,16,1.504764
0.0,2,1.504918
0.0,7,1.505295
0.0,15,1.50602
0.0,11,1.506565
0.0,21,1.507544
0.0,9,1.508024
0.0,8,1.508443
0.0,17,1.509259
0.0,26,1.510458
0.0,28,1.511743
0.0,8,1.512168
1.0,11,1.51271
0.0,3,1.512908
0.0,17,1.51372
0.0,28,1.51502
0.0,13,1.51565
0.0,61,1.518377
0.0,3,1.51858
0.0,20,1.519517
0.0,41,1.521366
0.0,23,1.522426
0.0,21,1.523407
0.0,13,1.524051
0.0,2,1.524208
0.0,12,1.524795
0.0,19,1.525697
0.0,7,1.526079
0.0,8,1.526492
0.0,7,1.526862
0.0,10,1.527372
0.0,8,1.527784
0.0,35,1.529391
0.0,10,1.529894
0.0,3,1.530102
0.0,6,1.530433
0.0,15,1.531163
0.0,12,1.531751
0.0,10,1.532259
0.0,15,1.532986
0.0,4,1.533228
0.0,52,1.535541
0.0,22,1.536568
0.0,7,1.536939
1.0,10,1.537447
0.0,11,1.538004
0.0,11,1.53855
0.0,4,1.538792
0.0,9,1.539262
0.0,12,1.539855
0.0,3,1.540064
0.0,9,1.540524
0.0,4,1.540763
0.0,3,1.540972
0.0,16,1.541726
0.0,28,1.543022
0.0,7,1.543395
0.0,19,1.544292
0.0,16,1.545067
0.0,8,1.545483
0.0,33,1.546986
0.0,30,1.54836
0.0,45,1.550379
0.0,8,1.550853
0.0,36,1.552496
0.0,3,1.552697
0.0,2,1.552852
0.0,6,1.55319
0.0,21,1.554172
0.0,58,1.556745
0.0,10,1.557255
0.0,13,1.557882
0.0,7,1.558266
0.0,10,1.558767
0.0,9,1.559237
0.0,68,1.56225
1.0,12,1.562839
0.0,4,1.563089
0.0,2,1.563246
1.0,12,1.563828
0.0,3,1.564034
0.0,8,1.564444
0.0,16,1.565205
0.0,31,1.566615
0.0,22,1.56764
0.0,5,1.567926
0.0,47,1.570034
0.0,21,1.571017
0.0,25,1.572175
0.0,20,1.573112
0.0,5,1.573396
0.0,6,1.573725
0.0,42,1.575608
0.0,15,1.576335
0.0,5,1.57662
0.0,46,1.578681
0.0,14,1.579363
0.0,18,1.580215
0.0,29,1.58153
0.0,13,1.58217
0.0,6,1.582498
0.0,22,1.583521
0.0,7,1.583893
0.0,9,1.584357
0.0,16,1.585118
0.0,12,1.585707
0.0,29,1.587036
0.0,15,1.587745
0.0,37,1.589421
0.0,2,1.589579
0.0,24,1.590685
0.0,22,1.591706
0.0,6,1.592043
0.0,22,1.593065
0.0,14,1.593734
0.0,3,1.593931
0.0,8,1.594352
0.0,6,1.59468
0.0,21,1.595658
0.0,40,1.597457
0.0,37,1.599143
0.0,15,1.599857
0.0,5,1.600152
0.0,16,1.600908
0.0,7,1.601288
0.0,16,1.602052
0.0,35,1.603621
0.0,2,1.603779
0.0,28,1.605064
0.0,7,1.605438
0.0,8,1.60585
0.0,16,1.606613
0.0,56,1.609112
0.0,7,1.609486
0.0,6,1.609811
0.0,2,1.609977
0.0,4,1.610219
0.0,5,1.610502
0.0,36,1.61213
0.0,21,1.613112
0.0,14,1.613779
0.0,14,1.614456
0.0,28,1.615734
0.0,14,1.616419
0.0,12,1.617015
0.0,11,1.617558
0.0,9,1.61803
0.0,5,1.618317
0.0,36,1.619943
0.0,21,1.620925
0.0,4,1.621172
0.0,2,1.621328
0.0,6,1.621659
0.0,28,1.622932
0.0,39,1.624693
0.0,18,1.625556
0.0,7,1.625929
0.0,33,1.62743
0.0,43,1.629365
0.0,3,1.629567
0.0,16,1.630326
0.0,2,1.630481
0.0,4,1.63072
0.0,24,1.63183
0.0,3,1.632044
0.0,2,1.632199
0.0,2,1.632352
0.0,9,1.632806
0.0,2,1.632972
0.0,8,1.633388
0.0,7,1.63376
0.0,26,1.634949
0.0,8,1.635374
0.0,29,1.636698
1.0,12,1.637292
0.0,19,1.63819
0.0,31,1.639598
0.0,8,1.640022
0.0,14,1.640689
0.0,12,1.641283
0.0,8,1.641694
0.0,25,1.642839
0.0,11,1.643392
0.0,16,1.64416
0.0,14,1.644828
0.0,9,1.645294
0.0,8,1.64571
0.0,16,1.646475
0.0,29,1.6478
0.0,5,1.648101
0.0,2,1.648257
0.0,13,1.648887
0.0,4,1.649138
0.0,8,1.649556
0.0,13,1.650197
0.0,11,1.650741
1.0,15,1.65153
0.0,18,1.652387
0.0,21,1.653371
0.0,27,1.654605
0.0,14,1.655285
0.0,5,1.655571
0.0,13,1.65621
0.0,32,1.657658
0.0,15,1.658388
0.0,22,1.659416
0.0,8,1.659832
0.0,5,1.660127
0.0,17,1.660923
0.0,3,1.661127
0.0,4,1.661368
0.0,22,1.662393
0.0,5,1.662682
0.0,4,1.662924
0.0,12,1.66352
0.0,10,1.664033
0.0,4,1.664279
0.0,9,1.664732
0.0,4,1.664984
0.0,13,1.665609
0.0,7,1.665986
1.0,60,1.668654
0.0,34,1.670203
0.0,8,1.670616
0.0,23,1.671686
0.0,9,1.672156
0.0,48,1.674299
0.0,35,1.675885
0.0,4,1.67614
0.0,19,1.677032
0.0,8,1.677448
0.0,11,1.678006
0.0,18,1.678851
0.0,23,1.679919
0.0,17,1.680728
0.0,2,1.680887
0.0,6,1.681223
0.0,17,1.682039
0.0,6,1.682371
0.0,18,1.683229
0.0,18,1.68409
0.0,2,1.684247
0.0,3,1.684443
0.0,9,1.684901
0.0,5,1.685197
0.0,6,1.685529
0.0,2,1.685683
0.0,3,1.685878
0.0,12,1.686478
0.0,20,1.687418
0.0,48,1.689569
0.0,4,1.689812
0.0,18,1.690674
0.0,16,1.691449
0.0,20,1.692393
0.0,15,1.693124
0.0,20,1.694064
0.0,2,1.694222
0.0,4,1.694464
0.0,32,1.695916
0.0,2,1.69608
0.0,7,1.69645
1.0,44,1.698431
0.0,58,1.701004
0.0,15,1.701715
0.0,7,1.702096
0.0,4,1.702338
0.0,12,1.702921
0.0,14,1.703597
0.0,4,1.703839
0.0,6,1.704178
1.0,13,1.70481
0.0,26,1.706006
0.0,12,1.706594
0.0,7,1.706976
0.0,33,1.708476
0.0,42,1.710374
0.0,7,1.710748
0.0,14,1.711432
0.0,14,1.712116
0.0,37,1.713786
0.0,2,1.713942
0.0,11,1.714498
0.0,15,1.715232
1.0,9,1.71569
0.0,3,1.715885
0.0,6,1.716223
0.0,13,1.716854
0.0,43,1.718802
0.0,10,1.719318
0.0,15,1.720042
0.0,4,1.720286
0.0,19,1.721176
0.0,36,1.722797
1.0,23,1.723872
0.0,7,1.724257
0.0,11,1.724796
0.0,11,1.725352
0.0,7,1.725724
0.0,3,1.725924
0.0,13,1.726556
0.0,10,1.727067
0.0,3,1.727268
0.0,18,1.728128
0.0,50,1.730363
0.0,39,1.732127
0.0,23,1.733193
0.0,9,1.73365
0.0,2,1.733806
0.0,6,1.734145
0.0,16,1.734908
0.0,3,1.735115
0.0,11,1.735659
0.0,2,1.735812
0.0,13,1.73645
0.0,9,1.736908
0.0,40,1.738721
0.0,15,1.739454
0.0,3,1.739655
0.0,8,1.740079
0.0,3,1.740278
0.0,26,1.741476
0.0,6,1.741807
0.0,27,1.743057
0.0,8,1.743474
0.0,3,1.743676
0.0,17,1.744486
0.0,11,1.745041
0.0,28,1.746324
0.0,16,1.747087
0.0,48,1.749252
0.0,19,1.75015
0.0,12,1.750733
0.0,14,1.751411
0.0,3,1.75167
0.0,44,1.753651
0.0,4,1.753893
0.0,15,1.754612
0.0,4,1.754852
0.0,11,1.755404
0.0,17,1.756215
0.0,26,1.75741
0.0,17,1.75823
0.0,10,1.758731
0.0,14,1.759411
0.0,25,1.760567
0.0,7,1.76094
0.0,12,1.761529
0.0,17,1.762341
0.0,2,1.762498
0.0,22,1.763521
0.0,6,1.763851
0.0,19,1.764741
0.0,2,1.764896
0.0,6,1.765234
0.0,29,1.766551
0.0,7,1.766921
0.0,55,1.769383
0.0,16,1.770149
0.0,3,1.770346
0.0,8,1.770761
0.0,2,1.770918
0.0,7,1.771296
0.0,2,1.771454
0.0,32,1.772902
0.0,48,1.775057
0.0,12,1.775643
0.0,20,1.776585
0.0,15,1.777304
0.0,12,1.777892
0.0,9,1.778363
0.0,12,1.778943
0.0,10,1.779454
0.0,10,1.779952
0.0,9,1.780417
0.0,14,1.781094
0.0,13,1.781718
0.0,18,1.782573
0.0,34,1.784118
0.0,44,1.786085
0.0,16,1.786844
0.0,5,1.787137
0.0,5,1.787421
0.0,8,1.787833
0.0,11,1.788392
0.0,63,1.791188
0.0,93,1.795269
0.0,15,1.795992
0.0,4,1.796235
0.0,31,1.797646
0.0,4,1.797891
0.0,3,1.798103
0.0,33,1.799585
0.0,8,1.800011
0.0,5,1.800297
0.0,33,1.80178
0.0,13,1.802413
0.0,7,1.802784
0.0,88,1.806628
0.0,18,1.807476
0.0,28,1.808754
0.0,18,1.809602
0.0,100,1.813977
0.0,8,1.814394
0.0,8,1.814815
0.0,4,1.815067
0.0,25,1.816223
0.0,33,1.817716
0.0,44,1.81969
0.0,32,1.821156
0.0,19,1.822051
0.0,30,1.823413
0.0,100,1.827795
0.0,25,1.828964
0.0,15,1.82968
0.0,3,1.829877
0.0,2,1.830041
0.0,9,1.830498
1.0,11,1.83105
0.0,3,1.831246
0.0,4,1.831487
0.0,8,1.831898
0.0,13,1.832533
0.0,8,1.832944
0.0,15,1.833666
0.0,25,1.834813
0.0,2,1.83498
0.0,6,1.835309
0.0,17,1.836115
0.0,25,1.837261
0.0,12,1.837847
0.0,14,1.838531
0.0,20,1.839468
0.0,10,1.839979
0.0,2,1.840134
0.0,51,1.842402
0.0,14,1.843084
0.0,5,1.843374
0.0,12,1.843952
1.0,21,1.844926
0.0,11,1.845479
0.0,9,1.845935
0.0,36,1.847565
0.0,10,1.848084
0.0,20,1.849025
0.0,13,1.849654
0.0,7,1.850034
0.0,5,1.850319
0.0,11,1.850858
0.0,3,1.851068
0.0,10,1.851568
0.0,9,1.852035
0.0,12,1.852622
0.0,19,1.853515
0.0,43,1.855437
0.0,10,1.855935
0.0,7,1.856314
0.0,7,1.856682
1.0,18,1.857535
0.0,48,1.859679
0.0,25,1.860832
0.0,55,1.863266
0.0,15,1.863988
1.0,30,1.865349
0.0,6,1.865678
0.0,6,1.866017
1.0,25,1.867236
0.0,13,1.867867
0.0,21,1.868858
0.0,28,1.870147
0.0,14,1.870824
0.0,10,1.871334
0.0,14,1.87202
0.0,9,1.87248
0.0,34,1.87502
0.0,9,1.87554
0.0,10,1.876064
0.0,38,1.877817
0.0,4,1.878151
0.0,12,1.878735
0.0,47,1.880883
0.0,59,1.883622
0.0,6,1.884047
0.0,12,1.884648
0.0,22,1.885697
0.0,73,1.889038
0.0,21,1.890115
0.0,8,1.890562
0.0,18,1.891428
0.0,9,1.891906
0.0,21,1.892907
0.0,2,1.893099
0.0,8,1.893512
0.0,5,1.893798
0.0,14,1.894504
0.0,20,1.895471
0.0,62,1.8983
0.0,8,1.898797
0.0,3,1.899049
0.0,25,1.900224
0.0,53,1.902659
0.0,10,1.903253
0.0,25,1.904439
0.0,25,1.905636
0.0,25,1.906832
0.0,21,1.907849
0.0,10,1.908373
0.0,9,1.908831
0.0,7,1.909214
0.0,25,1.910371
0.0,40,1.912211
0.0,7,1.913871
0.0,6,1.914221
0.0,27,1.915467
0.0,18,1.916323
0.0,13,1.916951
0.0,8,1.917376
0.0,6,1.917702
0.0,11,1.918269
0.0,10,1.918772
0.0,20,1.91972
0.0,65,1.922615
0.0,9,1.923085
0.0,7,1.923459
0.0,3,1.923656
0.0,5,1.923939
0.0,43,1.925883
1.0,6,1.926221
0.0,2,1.926376
0.0,4,1.926616
0.0,14,1.927297
0.0,10,1.927798
0.0,5,1.9281
0.0,23,1.929167
0.0,18,1.930023
0.0,11,1.930568
0.0,35,1.932165
0.0,17,1.93297
0.0,25,1.934129
0.0,2,1.934286
0.0,7,1.934659
0.0,11,1.935212
0.0,19,1.936112
0.0,25,1.937267
0.0,15,1.937996
0.0,11,1.938543
0.0,8,1.938965
0.0,22,1.939991
0.0,7,1.940359
0.0,18,1.941215
0.0,8,1.941633
0.0,8,1.942058
0.0,8,1.942473
0.0,29,1.943799
0.0,69,1.946866
0.0,12,1.947465
0.0,8,1.94788
0.0,9,1.948358
0.0,7,1.948729
0.0,4,1.948982
0.0,25,1.950142
0.0,4,1.950385
0.0,30,1.951757
0.0,2,1.951916
0.0,57,1.954449
0.0,17,1.955258
1.0,7,1.955628
0.0,7,1.956005
0.0,16,1.956765
0.0,20,1.957706
0.0,12,1.95831
0.0,4,1.958555
0.0,4,1.958798
0.0,7,1.95918
0.0,9,1.959641
0.0,9,1.96011
0.0,9,1.960565
0.0,2,1.960721
0.0,16,1.961487
0.0,7,1.96186
0.0,5,1.962156
0.0,2,1.962311
0.0,21,1.963291
0.0,6,1.963621
0.0,57,1.966163
0.0,11,1.966707
0.0,14,1.96739
0.0,6,1.967721
0.0,2,1.967875
0.0,6,1.968221
0.0,12,1.968814
0.0,54,1.971239
0.0,11,1.971785
0.0,8,1.972306
0.0,3,1.972507
0.0,5,1.972789
0.0,16,1.973557
0.0,56,1.976059
0.0,5,1.976344
0.0,9,1.976797
0.0,72,1.979998
0.0,11,1.980544
0.0,27,1.981782
0.0,2,1.981937
0.0,6,1.982271
0.0,2,1.982424
0.0,16,1.983192
0.0,8,1.983606
0.0,14,1.984283
0.0,57,1.986796
0.0,25,1.987947
0.0,3,1.988161
0.0,20,1.9891
0.0,13,1.989731
0.0,13,1.990369
0.0,88,1.994236
0.0,13,1.994861
0.0,2,1.995028
0.0,26,1.996219
0.0,2,1.996375
0.0,67,1.999333
0.0,70,2.00242
0.0,5,2.002707
0.0,3,2.002906
0.0,59,2.005514
0.0,11,2.006071
0.0,21,2.007053
0.0,22,2.00808
1.0,20,2.009021
0.0,23,2.010082
0.0,15,2.010798
0.0,6,2.011138
0.0,18,2.011985
0.0,5,2.01227
0.0,4,2.012513
0.0,17,2.013324
0.0,19,2.014215
0.0,12,2.014798
0.0,8,2.015217
0.0,28,2.016498
0.0,8,2.016917
0.0,4,2.017165
0.0,18,2.018024
0.0,4,2.018275
0.0,7,2.018641
1.0,6,2.018981
0.0,32,2.020439
0.0,13,2.021078
0.0,4,2.021324
1.0,15,2.022049
0.0,13,2.022678
0.0,13,2.023312
0.0,2,2.023489
0.0,2,2.023642
0.0,45,2.025661
0.0,3,2.025862
0.0,2,2.026026
0.0,2,2.026183
0.0,20,2.027117
0.0,17,2.027916
0.0,23,2.028996
0.0,19,2.029878
0.0,9,2.030344
0.0,19,2.031245
0.0,24,2.032356
0.0,19,2.033251
0.0,2,2.033407
0.0,6,2.033733
0.0,17,2.034542
0.0,8,2.034966
0.0,23,2.036026
1.0,27,2.037268
0.0,25,2.038424
0.0,2,2.038582
0.0,39,2.040344
0.0,11,2.040883
0.0,5,2.041176
0.0,29,2.042502
0.0,20,2.043447
0.0,11,2.043999
0.0,12,2.044585
0.0,6,2.044914
0.0,5,2.045207
0.0,2,2.045362
1.0,10,2.045865
0.0,4,2.046119
0.0,10,2.046617
0.0,10,2.04713
0.0,5,2.047417
0.0,7,2.047787
0.0,6,2.04813
0.0,9,2.048585
0.0,32,2.050047
0.0,9,2.050502
0.0,19,2.0514
0.0,22,2.052423
0.0,27,2.053663
0.0,11,2.054219
0.0,15,2.054933
0.0,27,2.056184
0.0,2,2.05634
1.0,22,2.057367
0.0,13,2.058017
0.0,9,2.058472
0.0,43,2.060415
0.0,6,2.060741
0.0,11,2.061297
1.0,19,2.062195
0.0,7,2.062568
0.0,8,2.062992
1.0,55,2.065442
0.0,8,2.065857
0.0,21,2.06684
0.0,10,2.067354
0.0,6,2.067683
0.0,2,2.067837
0.0,3,2.06805
0.0,14,2.068721
1.0,55,2.071162
0.0,6,2.071493
0.0,47,2.073592
0.0,15,2.074383
0.0,4,2.074626
0.0,18,2.075482
0.0,21,2.076467
0.0,24,2.077584
0.0,41,2.079443
0.0,17,2.080256
0.0,14,2.080936
0.0,27,2.082181
0.0,17,2.082994
0.0,3,2.083197
0.0,30,2.084562
0.0,7,2.084935
0.0,13,2.085572
0.0,33,2.087078
0.0,18,2.087929
0.0,24,2.089055
0.0,16,2.089814
0.0,9,2.090283
1.0,16,2.091055
0.0,2,2.09121
0.0,5,2.091495
0.0,3,2.091694
0.0,19,2.092601
0.0,3,2.092804
0.0,3,2.093015
0.0,19,2.093903
0.0,5,2.0942
0.0,3,2.0944
0.0,9,2.094859
0.0,19,2.095765
0.0,32,2.097238
0.0,2,2.097394
0.0,5,2.097677
0.0,5,2.09798
0.0,3,2.098182
0.0,6,2.098515
0.0,5,2.0988
0.0,55,2.101257
0.0,11,2.101805
0.0,18,2.102671
0.0,10,2.103187
0.0,8,2.103599
0.0,21,2.104582
0.0,32,2.106058
0.0,4,2.106304
0.0,8,2.106719
0.0,18,2.107576
0.0,16,2.108355
0.0,5,2.108641
0.0,9,2.109114
0.0,8,2.109528
0.0,16,2.1103
0.0,13,2.110928
0.0,26,2.112134
0.0,17,2.112935
0.0,17,2.113748
0.0,22,2.114776
0.0,12,2.115379
0.0,13,2.116018
0.0,18,2.116863
0.0,17,2.117676
0.0,6,2.11802
0.0,35,2.119604
0.0,27,2.12084
0.0,10,2.121355
0.0,13,2.121994
0.0,6,2.122328
0.0,67,2.125296
0.0,17,2.126108
0.0,7,2.126478
0.0,28,2.127761
0.0,6,2.128109
0.0,46,2.130172
0.0,11,2.130731
0.0,6,2.131068
0.0,7,2.131443
0.0,4,2.131684
0.0,18,2.132541
0.0,27,2.133781
0.0,8,2.13421
0.0,12,2.134801
0.0,18,2.135661
0.0,21,2.136647
0.0,7,2.137035
0.0,13,2.13766
0.0,6,2.138005
0.0,52,2.140334
0.0,48,2.14248
0.0,3,2.14268
0.0,2,2.142833
0.0,7,2.143217
0.0,14,2.143891
0.0,10,2.144405
0.0,9,2.144864
0.0,3,2.145076
0.0,6,2.145404
0.0,11,2.145946
0.0,100,2.150365
0.0,10,2.150868
0.0,7,2.15125
0.0,4,2.151491
0.0,13,2.152133
0.0,10,2.152634
0.0,2,2.152789
0.0,3,2.152997
0.0,9,2.153452
0.0,39,2.155219
0.0,6,2.155547
0.0,16,2.156311
0.0,27,2.157553
0.0,8,2.157984
0.0,5,2.158268
0.0,2,2.158422
0.0,38,2.160133
0.0,21,2.16111
0.0,8,2.161528
0.0,17,2.162334
0.0,18,2.163187
0.0,75,2.166483
0.0,23,2.167553
0.0,3,2.167751
0.0,7,2.168144
0.0,8,2.168556
0.0,28,2.169835
0.0,3,2.170048
0.0,6,2.170378
1.0,17,2.171194
0.0,46,2.173248
0.0,2,2.173408
1.0,18,2.17426
0.0,7,2.174691
0.0,12,2.175289
0.0,34,2.176827
0.0,12,2.177426
0.0,16,2.178203
0.0,18,2.179055
0.0,12,2.179638
0.0,40,2.181435
0.0,19,2.182331
0.0,19,2.183228
0.0,5,2.183515
1.0,32,2.184969
0.0,10,2.185472
0.0,12,2.186067
0.0,9,2.186525
0.0,9,2.18699
1.0,22,2.188012
0.0,19,2.188896
0.0,18,2.189747
0.0,12,2.190345
0.0,7,2.190718
0.0,33,2.192216
0.0,20,2.193152
0.0,49,2.195336
0.0,20,2.196274
0.0,12,2.19686
0.0,27,2.198111
0.0,18,2.198961
0.0,2,2.19912
0.0,4,2.199359
0.0,3,2.199559
0.0,8,2.19998
0.0,17,2.200783
0.0,22,2.201811
0.0,12,2.202408
0.0,6,2.202735
0.0,2,2.202888
0.0,14,2.203568
0.0,31,2.204988
0.0,5,2.205273
0.0,36,2.206885
0.0,24,2.208009
0.0,19,2.20892
0.0,21,2.209895
0.0,18,2.210746
0.0,23,2.211808
0.0,22,2.212831
0.0,4,2.213085
0.0,2,2.213254
0.0,44,2.215226
0.0,8,2.215641
0.0,32,2.217107
0.0,9,2.217562
0.0,26,2.218759
0.0,7,2.219141
0.0,13,2.219764
0.0,8,2.220189
0.0,2,2.220344
0.0,3,2.220542
0.0,15,2.221259
0.0,23,2.222326
0.0,74,2.225584
0.0,18,2.226439
0.0,5,2.226727
0.0,3,2.226924
0.0,41,2.228818
0.0,9,2.229285
0.0,67,2.232246
0.0,4,2.232491
0.0,6,2.232818
0.0,5,2.233111
0.0,2,2.233267
0.0,12,2.233845
0.0,28,2.235131
0.0,12,2.235717
0.0,3,2.235917
0.0,5,2.236208
0.0,21,2.237188
1.0,7,2.237558
0.0,11,2.23811
0.0,17,2.238914
0.0,3,2.239123
0.0,10,2.239627
0.0,10,2.240136
0.0,13,2.240765
0.0,2,2.240919
0.0,7,2.241301
0.0,10,2.241805
0.0,11,2.242359
0.0,13,2.242998
0.0,18,2.243837
0.0,14,2.244518
0.0,100,2.248891
1.0,35,2.250482
0.0,36,2.252116
0.0,8,2.252532
0.0,15,2.253255
0.0,22,2.254282
0.0,13,2.254909
0.0,12,2.255502
0.0,19,2.256394
0.0,8,2.256807
0.0,11,2.25736
0.0,4,2.257601
0.0,9,2.258077
0.0,26,2.25927
0.0,26,2.260468
0.0,5,2.260752
0.0,16,2.261519
0.0,10,2.262028
0.0,8,2.262444
0.0,16,2.263203
0.0,3,2.2634
0.0,54,2.265808
0.0,17,2.26662
0.0,10,2.267135
0.0,19,2.268034
0.0,7,2.268405
0.0,39,2.270159
0.0,19,2.271059
0.0,3,2.271261
0.0,19,2.272158
0.0,33,2.273651
0.0,4,2.273893
0.0,25,2.275052
0.0,25,2.276204
0.0,43,2.278142
0.0,28,2.279493
0.0,7,2.279863
0.0,33,2.281373
0.0,8,2.281789
0.0,6,2.282125
0.0,13,2.28275
0.0,5,2.283046
0.0,5,2.283336
0.0,3,2.283534
0.0,49,2.285728
0.0,11,2.28628
0.0,4,2.28652
0.0,21,2.287501
0.0,12,2.288101
0.0,21,2.28908
0.0,40,2.290874
0.0,12,2.291473
1.0,36,2.293111
0.0,31,2.29452
0.0,6,2.294852
0.0,4,2.295106
0.0,25,2.296253
0.0,6,2.29658
0.0,13,2.297217
0.0,17,2.298034
0.0,5,2.298321
0.0,2,2.298476
0.0,23,2.299541
0.0,9,2.300009
0.0,6,2.300338
0.0,13,2.300978
0.0,5,2.301266
0.0,37,2.302927
0.0,23,2.304
0.0,7,2.304371
0.0,52,2.306692
0.0,94,2.310831
0.0,34,2.312389
0.0,11,2.31293
0.0,27,2.314173
1.0,24,2.315285
0.0,7,2.315652
0.0,17,2.316458
0.0,13,2.317091
0.0,7,2.31746
0.0,4,2.3177
0.0,36,2.319349
0.0,16,2.320116
0.0,8,2.320532
1.0,8,2.320944
0.0,6,2.321279
0.0,5,2.321562
0.0,3,2.321758
0.0,49,2.323947
1.0,25,2.325111
0.0,10,2.325611
0.0,3,2.325808
0.0,27,2.327058
0.0,14,2.327727
0.0,6,2.328069
0.0,27,2.329305
0.0,7,2.32968
0.0,22,2.330711
0.0,8,2.331139
0.0,16,2.331894
0.0,7,2.332272
0.0,12,2.332855
0.0,12,2.33345
0.0,2,2.333605
0.0,19,2.334499
0.0,16,2.33527
0.0,21,2.33625
0.0,12,2.336838
0.0,55,2.339291
0.0,11,2.339839
0.0,8,2.340264
0.0,13,2.340893
0.0,47,2.342994
0.0,4,2.343235
0.0,10,2.343735
0.0,41,2.345577
0.0,5,2.345864
0.0,6,2.346201
0.0,27,2.347438
0.0,22,2.348473
0.0,5,2.348756
0.0,22,2.349782
0.0,8,2.350208
0.0,18,2.351054
0.0,12,2.351644
0.0,39,2.353409
0.0,12,2.354006
0.0,25,2.355162
0.0,5,2.35545
0.0,21,2.356434
0.0,36,2.358075
0.0,6,2.358401
0.0,5,2.358685
0.0,18,2.359544
0.0,5,2.359829
0.0,7,2.360211
0.0,15,2.360924
0.0,15,2.361646
0.0,8,2.362074
1.0,29,2.3634
1.0,40,2.365209
0.0,2,2.365365
0.0,4,2.365607
0.0,7,2.36599
0.0,3,2.366192
0.0,20,2.367139
0.0,32,2.368602
0.0,27,2.369842
0.0,8,2.370268
0.0,19,2.371164
0.0,17,2.371974
0.0,17,2.372773
0.0,10,2.373283
0.0,7,2.373657
0.0,27,2.374897
0.0,22,2.37592
0.0,7,2.376297
0.0,12,2.376884
0.0,6,2.377226
0.0,20,2.378173
0.0,34,2.379713
0.0,29,2.381109
0.0,28,2.38239
1.0,15,2.383115
0.0,2,2.383271
0.0,9,2.383724
0.0,13,2.384364
0.0,5,2.384649
0.0,3,2.384845
0.0,3,2.385055
0.0,15,2.38577
0.0,11,2.386322
0.0,19,2.387218
0.0,21,2.388204
0.0,16,2.388969
0.0,10,2.389473
0.0,13,2.390111
0.0,7,2.390487
0.0,7,2.390857
0.0,3,2.391068
0.0,2,2.391223
0.0,2,2.391375
0.0,4,2.391618
0.0,38,2.393333
1.0,6,2.393664
0.0,28,2.394945
0.0,4,2.395213
0.0,15,2.395926
0.0,60,2.398599
0.0,3,2.398801
0.0,15,2.399523
0.0,24,2.400634
0.0,37,2.402308
0.0,21,2.403293
0.0,2,2.403448
0.0,13,2.404087
0.0,8,2.404502
0.0,2,2.404656
0.0,2,2.404809
0.0,2,2.40497
0.0,13,2.4056
0.0,15,2.406327
0.0,5,2.406613
0.0,70,2.40971
0.0,22,2.410735
0.0,2,2.410907
0.0,11,2.411463
0.0,8,2.411877
0.0,13,2.412515
0.0,49,2.414699
0.0,8,2.415126
0.0,2,2.415281
0.0,7,2.41565
0.0,7,2.416034
0.0,16,2.416792
0.0,13,2.417427
0.0,45,2.419448
0.0,2,2.419605
0.0,18,2.420457
0.0,6,2.420784
0.0,2,2.42094
0.0,17,2.421748
0.0,4,2.422
0.0,25,2.423155
0.0,6,2.423485
0.0,13,2.424122
0.0,4,2.424365
0.0,12,2.42496
0.0,2,2.425119
0.0,5,2.425405
0.0,4,2.425647
0.0,2,2.425801
0.0,75,2.429122
0.0,9,2.429583
0.0,8,2.430008
0.0,13,2.430635
0.0,13,2.431271
0.0,6,2.431601
0.0,8,2.432022
0.0,37,2.43369
0.0,29,2.435015
0.0,49,2.437195
0.0,2,2.437351
0.0,15,2.438079
0.0,42,2.43995
0.0,33,2.441453
0.0,7,2.441826
0.0,23,2.442884
0.0,5,2.44318
0.0,8,2.443596
0.0,34,2.445145
0.0,26,2.446341
0.0,33,2.447832
0.0,33,2.449341
0.0,4,2.449582
0.0,31,2.451001
0.0,4,2.451245
0.0,11,2.451785
0.0,13,2.452421
0.0,12,2.453021
0.0,36,2.454647
0.0,20,2.455582
0.0,2,2.455738
0.0,6,2.456073
0.0,23,2.457141
0.0,7,2.457515
0.0,12,2.458117
0.0,8,2.458532
0.0,12,2.459125
1.0,19,2.460021
1.0,24,2.461129
0.0,12,2.461711
0.0,4,2.461963
1.0,29,2.463283
0.0,16,2.464048
0.0,11,2.464591
0.0,7,2.464973
0.0,12,2.465562
0.0,11,2.466112
0.0,23,2.467177
0.0,2,2.467336
0.0,10,2.467835
0.0,30,2.469215
0.0,24,2.470328
0.0,27,2.47156
0.0,11,2.472111
0.0,17,2.472907
0.0,3,2.473114
0.0,11,2.473659
0.0,32,2.475126
0.0,24,2.476242
0.0,14,2.47691
0.0,18,2.477762
0.0,69,2.480826
0.0,18,2.481745
0.0,16,2.482515
0.0,22,2.483542
0.0,21,2.48453
0.0,10,2.485042
0.0,5,2.485326
0.0,13,2.485951
0.0,10,2.486465
0.0,11,2.487015
0.0,9,2.487474
0.0,30,2.488844
0.0,2,2.489013
0.0,8,2.489428
1.0,44,2.491401
0.0,30,2.492768
0.0,24,2.493881
0.0,41,2.495731
0.0,5,2.496028
0.0,13,2.496655
0.0,7,2.497037
0.0,14,2.49771
0.0,25,2.498869
0.0,13,2.499513
0.0,22,2.500546
0.0,7,2.500914
0.0,4,2.501166
0.0,7,2.501539
0.0,6,2.501868
0.0,10,2.502382
0.0,12,2.502977
0.0,29,2.504306
0.0,2,2.504465
0.0,4,2.504708
0.0,11,2.505261
0.0,25,2.506419
0.0,9,2.506878
1.0,14,2.507563
0.0,6,2.507892
0.0,9,2.508367
0.0,6,2.508693
0.0,6,2.509031
0.0,8,2.509447
0.0,6,2.509776
0.0,2,2.509929
0.0,7,2.510304
0.0,29,2.511628
0.0,4,2.51187
0.0,16,2.512641
0.0,2,2.512797
0.0,9,2.51326
0.0,17,2.514069
0.0,6,2.514399
0.0,11,2.514943
0.0,6,2.515283
0.0,25,2.516435
0.0,10,2.516937
0.0,19,2.517837
0.0,9,2.518312
0.0,7,2.518686
0.0,7,2.519067
0.0,14,2.519738
1.0,21,2.520724
0.0,15,2.521454
0.0,5,2.521743
0.0,6,2.522081
0.0,5,2.522369
0.0,8,2.52278
0.0,20,2.523724
0.0,11,2.524276
0.0,21,2.525263
0.0,33,2.526758
0.0,17,2.52757
0.0,16,2.528349
0.0,12,2.528936
0.0,23,2.530016
0.0,27,2.531255
0.0,31,2.532668
0.0,10,2.533182
0.0,36,2.5348
0.0,6,2.535139
0.0,20,2.536082
0.0,27,2.537319
0.0,65,2.54022
0.0,9,2.540679
0.0,6,2.541017
0.0,3,2.541215
0.0,10,2.541712
0.0,27,2.54295
0.0,6,2.543288
0.0,17,2.544099
0.0,5,2.544387
0.0,26,2.545585
0.0,8,2.546013
0.0,11,2.546556
0.0,13,2.547197
0.0,9,2.547656
0.0,29,2.549002
0.0,17,2.549804
0.0,30,2.551179
0.0,3,2.551378
0.0,8,2.551789
0.0,51,2.554078
0.0,7,2.554449
0.0,17,2.555263
0.0,5,2.555547
0.0,3,2.555747
0.0,11,2.556296
0.0,9,2.556754
0.0,59,2.559394
0.0,2,2.559554
0.0,20,2.560489
0.0,8,2.560903
0.0,14,2.561583
0.0,31,2.562999
0.0,50,2.56523
0.0,37,2.566895
0.0,7,2.567281
0.0,3,2.56748
0.0,4,2.567721
0.0,25,2.568881
0.0,36,2.570523
0.0,31,2.571934
0.0,3,2.572142
1.0,11,2.572685
0.0,20,2.573625
0.0,9,2.574094
0.0,10,2.574593
0.0,5,2.574879
0.0,21,2.575859
0.0,23,2.576924
0.0,7,2.577304
0.0,49,2.579504
0.0,21,2.580482
0.0,19,2.581379
0.0,8,2.581855
0.0,2,2.58202
0.0,2,2.582175
0.0,5,2.582461
0.0,33,2.58396
0.0,11,2.584507
0.0,2,2.584663
0.0,11,2.585213
0.0,45,2.587229
0.0,3,2.587429
0.0,9,2.587885
0.0,5,2.588184
0.0,78,2.591634
0.0,44,2.593619
0.0,16,2.59439
0.0,7,2.594761
0.0,38,2.596472
0.0,7,2.596846
0.0,28,2.598135
0.0,20,2.599077
0.0,38,2.600784
0.0,12,2.601386
0.0,2,2.601541
0.0,12,2.602134
1.0,55,2.604579
0.0,6,2.604904
0.0,21,2.605885
0.0,6,2.606221
0.0,4,2.606466
0.0,2,2.606621
0.0,2,2.606775
0.0,8,2.607199
0.0,4,2.607443
0.0,26,2.608642
0.0,25,2.609793
0.0,12,2.610389
0.0,5,2.610672
0.0,54,2.613076
0.0,7,2.613446
0.0,8,2.613861
1.0,8,2.614286
0.0,12,2.614877
0.0,5,2.615172
0.0,50,2.617404
0.0,18,2.618272
0.0,12,2.618862
0.0,22,2.619895
0.0,5,2.620193
0.0,14,2.620868
0.0,4,2.62112
0.0,18,2.62197
0.0,54,2.624372
0.0,2,2.624531
0.0,26,2.625727
1.0,20,2.626664
0.0,51,2.628943
0.0,10,2.629451
0.0,23,2.630513
0.0,6,2.630841
0.0,18,2.631696
0.0,3,2.631897
0.0,12,2.63249
0.0,11,2.633042
0.0,8,2.633454
0.0,11,2.634002
0.0,52,2.636315
0.0,4,2.636558
0.0,4,2.636799
0.0,15,2.637522
0.0,15,2.638247
0.0,41,2.640091
0.0,12,2.64068
0.0,13,2.641313
1.0,31,2.642725
0.0,5,2.643022
0.0,33,2.644511
0.0,28,2.645793
0.0,3,2.646003
0.0,3,2.646202
0.0,21,2.647181
0.0,5,2.647469
0.0,34,2.649022
0.0,28,2.650301
0.0,29,2.651626
0.0,45,2.653641
1.0,19,2.654533
0.0,22,2.655552
0.0,26,2.656746
0.0,8,2.657175
1.0,9,2.657629
1.0,12,2.658233
0.0,10,2.658732
0.0,17,2.659536
0.0,19,2.66043
0.0,12,2.661026
0.0,21,2.662003
0.0,17,2.662805
0.0,30,2.66419
0.0,22,2.665213
0.0,16,2.665976
0.0,21,2.666949
0.0,10,2.667459
0.0,2,2.667614
0.0,4,2.667856
0.0,15,2.668585
0.0,13,2.669225
0.0,4,2.669469
0.0,3,2.669667
0.0,26,2.670861
0.0,15,2.671588
0.0,6,2.671913
0.0,4,2.672162
0.0,12,2.672746
0.0,46,2.674797
0.0,7,2.67518
0.0,4,2.675424
0.0,14,2.6761
0.0,33,2.677588
0.0,6,2.677915
0.0,14,2.678602
1.0,25,2.679754
0.0,16,2.68052
0.0,32,2.68197
0.0,26,2.683165
0.0,2,2.683321
0.0,2,2.683476
0.0,17,2.684282
0.0,68,2.687289
0.0,25,2.688449
0.0,6,2.688835
0.0,25,2.690006
1.0,20,2.690938
0.0,29,2.692277
0.0,8,2.692694
0.0,17,2.69352
0.0,7,2.693897
0.0,7,2.694276
0.0,2,2.694431
0.0,10,2.694929
0.0,19,2.695832
0.0,7,2.696217
0.0,14,2.696891
0.0,18,2.697747
0.0,14,2.698438
0.0,5,2.698725
0.0,12,2.69932
0.0,30,2.700687
0.0,12,2.701285
0.0,38,2.703012
0.0,7,2.703383
0.0,6,2.703709
0.0,4,2.70395
0.0,3,2.704159
0.0,23,2.70522
0.0,8,2.705633
0.0,19,2.706525
0.0,7,2.7069
0.0,26,2.708114
0.0,35,2.709698
0.0,14,2.710386
0.0,34,2.711931
0.0,32,2.713392
0.0,11,2.713933
0.0,6,2.714273
0.0,5,2.714558
0.0,15,2.715285
0.0,11,2.715835
0.0,8,2.71626
0.0,11,2.716805
0.0,16,2.717574
0.0,9,2.71805
0.0,23,2.719116
0.0,10,2.719617
0.0,27,2.720863
0.0,35,2.722464
0.0,2,2.722622
0.0,9,2.723093
0.0,32,2.724542
0.0,5,2.72483
0.0,13,2.725469
0.0,21,2.726454
0.0,27,2.727695
0.0,2,2.727853
0.0,27,2.729108
0.0,14,2.729786
0.0,70,2.732878
0.0,3,2.733089
0.0,4,2.733333
0.0,20,2.734274
1.0,16,2.735049
0.0,18,2.735895
0.0,4,2.736145
0.0,25,2.737293
0.0,27,2.738549
0.0,9,2.739017
0.0,6,2.739346
0.0,25,2.740502
0.0,7,2.740876
0.0,6,2.741219
0.0,8,2.741632
0.0,20,2.742566
0.0,13,2.743204
0.0,8,2.743619
0.0,9,2.744085
0.0,28,2.745368
0.0,18,2.746217
0.0,5,2.746501
0.0,25,2.747654
0.0,46,2.74973
0.0,3,2.749932
0.0,5,2.750224
0.0,16,2.750993
0.0,28,2.752277
0.0,22,2.753301
0.0,13,2.75393
0.0,6,2.754269
0.0,9,2.754724
0.0,11,2.75528
0.0,12,2.755865
0.0,9,2.756333
0.0,2,2.756489
0.0,11,2.757043
0.0,13,2.757672
0.0,5,2.757966
0.0,4,2.75821
0.0,5,2.758496
0.0,17,2.759308
1.0,31,2.760718
0.0,14,2.761403
0.0,11,2.761949
0.0,29,2.763285
0.0,17,2.7641
0.0,2,2.764258
0.0,22,2.765285
0.0,21,2.766266
0.0,4,2.766507
0.0,5,2.766788
0.0,13,2.767427
0.0,7,2.767802
0.0,16,2.768578
0.0,9,2.769052
0.0,6,2.769378
0.0,7,2.769746
0.0,14,2.770429
0.0,49,2.77262
0.0,17,2.773431
0.0,6,2.773763
0.0,10,2.774273
0.0,30,2.775639
0.0,6,2.77598
0.0,16,2.776742
0.0,4,2.776994
0.0,8,2.777407
0.0,14,2.778094
0.0,2,2.778253
0.0,32,2.779698
0.0,18,2.780554
0.0,23,2.781619
0.0,6,2.781946
0.0,17,2.782755
0.0,17,2.783565
0.0,5,2.78385
0.0,9,2.784323
0.0,28,2.785607
0.0,13,2.786246
0.0,23,2.787311
0.0,31,2.788725
0.0,42,2.790669
0.0,56,2.793164
0.0,15,2.793877
0.0,10,2.794384
0.0,11,2.794929
0.0,18,2.795777
0.0,9,2.796242
0.0,5,2.796541
0.0,13,2.797178
0.0,13,2.797805
0.0,6,2.798153
0.0,35,2.799728
0.0,28,2.801027
0.0,3,2.801226
0.0,25,2.802379
0.0,6,2.802705
0.0,24,2.803817
1.0,14,2.804498
0.0,22,2.805519
0.0,27,2.806751
0.0,9,2.80722
0.0,4,2.807467
0.0,21,2.808458
0.0,2,2.808616
0.0,5,2.808896
0.0,3,2.809104
0.0,8,2.809514
0.0,23,2.810585
0.0,45,2.812603
0.0,12,2.813204
0.0,4,2.813447
0.0,7,2.813815
1.0,17,2.814623
0.0,17,2.815433
0.0,12,2.816026
0.0,7,2.816397
0.0,16,2.817164
0.0,10,2.817663
0.0,17,2.818482
0.0,17,2.819295
0.0,9,2.819751
0.0,39,2.821501
0.0,34,2.823041
0.0,38,2.824744
0.0,12,2.82534
0.0,5,2.825623
0.0,2,2.825776
0.0,4,2.826028
0.0,13,2.826659
0.0,4,2.826902
0.0,19,2.827793
0.0,2,2.827949
0.0,12,2.828548
0.0,10,2.829056
0.0,26,2.830248
0.0,7,2.83062
0.0,19,2.831511
0.0,12,2.832106
0.0,22,2.833132
0.0,7,2.833504
0.0,6,2.833834
0.0,18,2.834686
0.0,5,2.834982
0.0,4,2.835222
0.0,23,2.836287
1.0,22,2.837311
0.0,2,2.837465
0.0,5,2.83775
0.0,15,2.838482
0.0,13,2.839122
0.0,4,2.839367
0.0,20,2.840303
0.0,3,2.840502
0.0,7,2.84087
0.0,10,2.841381
0.0,10,2.841879
0.0,10,2.842392
0.0,7,2.842761
0.0,19,2.843649
0.0,17,2.844462
0.0,21,2.845447
0.0,4,2.845691
0.0,9,2.84616
0.0,8,2.846573
0.0,40,2.848374
0.0,37,2.850047
0.0,30,2.851415
0.0,13,2.852056
0.0,18,2.852895
0.0,21,2.853873
0.0,19,2.85477
0.0,4,2.855022
0.0,28,2.856297
0.0,2,2.856452
0.0,12,2.857043
0.0,12,2.857633
0.0,10,2.85815
0.0,22,2.859172
0.0,23,2.860235
0.0,3,2.860437
0.0,74,2.863691
0.0,6,2.86403
0.0,37,2.865692
0.0,11,2.866244
0.0,49,2.868428
0.0,16,2.869192
0.0,3,2.869394
0.0,26,2.870579
0.0,15,2.871304
0.0,17,2.872116
0.0,25,2.873265
0.0,3,2.873463
1.0,15,2.874177
0.0,7,2.874546
1.0,10,2.87505
0.0,11,2.875591
0.0,9,2.876055
0.0,5,2.876341
0.0,14,2.877018
0.0,6,2.877345
0.0,31,2.878753
0.0,5,2.879049
0.0,21,2.88003
0.0,7,2.880402
0.0,14,2.881082
0.0,16,2.881836
0.0,9,2.882301
0.0,6,2.882629
0.0,9,2.883093
0.0,3,2.88329
1.0,12,2.883876
0.0,15,2.884598
0.0,4,2.884838
0.0,40,2.886634
0.0,19,2.887532
0.0,84,2.891232
0.0,15,2.892034
0.0,26,2.893227
0.0,26,2.894425
0.0,42,2.896311
0.0,4,2.896556
0.0,34,2.898105
0.0,13,2.898735
0.0,11,2.899287
0.0,14,2.899965
0.0,15,2.900676
0.0,15,2.901395
0.0,27,2.902641
0.0,17,2.90345
0.0,2,2.903609
0.0,16,2.904377
0.0,9,2.904836
0.0,15,2.905562
0.0,14,2.906243
0.0,9,2.9067
0.0,3,2.906897
0.0,14,2.907577
0.0,11,2.908136
0.0,7,2.908507
0.0,37,2.910192
0.0,22,2.911219
0.0,10,2.911722
0.0,29,2.913054
0.0,33,2.91455
0.0,25,2.915698
0.0,15,2.916433
0.0,37,2.91812
0.0,4,2.918362
0.0,41,2.920209
0.0,20,2.921148
0.0,33,2.922642
0.0,17,2.923459
0.0,8,2.923874
0.0,8,2.924301
0.0,9,2.924759
0.0,23,2.925826
0.0,21,2.926811
0.0,33,2.928327
0.0,29,2.929649
0.0,29,2.930992
0.0,39,2.932746
0.0,18,2.933602
0.0,27,2.934841
0.0,7,2.935225
0.0,8,2.935638
0.0,19,2.936534
0.0,100,2.940944
0.0,4,2.941196
0.0,10,2.941694
0.0,3,2.94189
0.0,37,2.943576
0.0,28,2.944865
0.0,13,2.945507
0.0,7,2.945877
0.0,8,2.946304
1.0,33,2.947803
0.0,6,2.948149
0.0,5,2.948436
0.0,7,2.948804
0.0,4,2.949057
0.0,26,2.950253
0.0,18,2.951112
0.0,31,2.952522
0.0,44,2.954508
0.0,26,2.955704
0.0,4,2.955949
0.0,7,2.956328
0.0,43,2.958258
0.0,27,2.959503
0.0,6,2.959832
0.0,4,2.960083
0.0,2,2.960239
0.0,7,2.960609
0.0,18,2.961468
0.0,3,2.961667
0.0,27,2.962903
0.0,9,2.963368
0.0,26,2.964569
0.0,10,2.965084
0.0,12,2.965674
0.0,7,2.966053
0.0,5,2.966341
0.0,2,2.966495
0.0,4,2.966735
0.0,26,2.967923
0.0,6,2.968268
0.0,14,2.968936
0.0,7,2.969315
0.0,30,2.970678
0.0,12,2.971282
0.0,9,2.97174
0.0,27,2.972988
0.0,6,2.973319
0.0,32,2.974771
0.0,2,2.974931
0.0,4,2.975179
0.0,63,2.97797
0.0,19,2.978854
0.0,7,2.979236
0.0,5,2.979522
0.0,16,2.980291
0.0,7,2.980661
0.0,5,2.980943
0.0,25,2.982102
0.0,5,2.982389
0.0,12,2.982982
0.0,8,2.983394
0.0,2,2.98355
0.0,45,2.985575
0.0,12,2.986176
0.0,10,2.986673
0.0,4,2.986913
0.0,4,2.987162
0.0,27,2.988403
0.0,34,2.989938
0.0,16,2.990711
0.0,29,2.992043
0.0,4,2.992284
0.0,6,2.992613
0.0,24,2.993724
0.0,25,2.994876
0.0,46,2.996938
0.0,30,2.998322
0.0,12,2.998907
0.0,12,2.9995
0.0,5,2.999788
0.0,4,3.000039
0.0,3,3.000299
0.0,7,3.000672
0.0,84,3.004373
0.0,6,3.004705
1.0,12,3.005303
0.0,17,3.006112
1.0,22,3.007131
0.0,10,3.00763
0.0,8,3.008061
0.0,13,3.008688
0.0,32,3.010156
0.0,2,3.010314
0.0,24,3.011423
0.0,7,3.011794
0.0,22,3.012817
0.0,22,3.013841
0.0,10,3.014354
0.0,38,3.01607
0.0,12,3.016655
0.0,78,3.020111
0.0,16,3.020871
0.0,7,3.021252
0.0,17,3.022066
0.0,7,3.022449
0.0,32,3.023895
0.0,43,3.02582
0.0,3,3.026028
0.0,5,3.02631
0.0,4,3.026555
0.0,13,3.027191
0.0,24,3.02831
0.0,3,3.028513
0.0,24,3.029622
0.0,3,3.02982
0.0,13,3.030464
0.0,18,3.031318
0.0,3,3.031518
0.0,5,3.031803
0.0,9,3.032269
0.0,4,3.032508
0.0,12,3.033107
0.0,6,3.033433
0.0,7,3.033804
0.0,19,3.03469
0.0,5,3.034987
0.0,5,3.035271
0.0,31,3.036671
0.0,3,3.036872
0.0,45,3.038887
0.0,6,3.03923
0.0,13,3.039862
0.0,8,3.040287
0.0,18,3.041141
0.0,8,3.041553
0.0,33,3.043059
0.0,10,3.043558
0.0,4,3.043795
0.0,15,3.044515
0.0,2,3.044672
0.0,4,3.044911
0.0,6,3.045246
0.0,75,3.048554
0.0,22,3.049579
0.0,6,3.049906
0.0,29,3.051236
0.0,3,3.051435
0.0,8,3.05185
0.0,14,3.052531
0.0,19,3.053432
0.0,18,3.05429
0.0,5,3.054578
0.0,19,3.055467
0.0,31,3.056869
0.0,7,3.057254
1.0,16,3.058028
0.0,5,3.058314
0.0,27,3.059547
0.0,32,3.061012
0.0,15,3.061721
0.0,9,3.062187
0.0,5,3.062474
0.0,11,3.063026
0.0,11,3.063571
0.0,7,3.063942
0.0,23,3.065017
0.0,17,3.065815
0.0,9,3.066282
0.0,13,3.066908
0.0,11,3.067461
0.0,17,3.068278
0.0,26,3.069474
0.0,32,3.07092
0.0,15,3.07164
0.0,11,3.072194
0.0,3,3.072394
0.0,3,3.072591
0.0,2,3.072744
0.0,7,3.073127
0.0,100,3.07751
0.0,13,3.078157
0.0,32,3.079611
0.0,5,3.079896
0.0,8,3.080319
0.0,8,3.080737
0.0,7,3.081122
0.0,17,3.08192
0.0,21,3.0829
0.0,19,3.083798
0.0,3,3.084008
0.0,34,3.085549
0.0,10,3.086061
0.0,26,3.087253
0.0,3,3.087451
0.0,12,3.088051
0.0,26,3.089243
0.0,26,3.090433
0.0,7,3.090801
0.0,24,3.091903
0.0,48,3.094064
0.0,13,3.094696
0.0,3,3.094896
0.0,44,3.096861
0.0,16,3.097628
0.0,20,3.098576
0.0,3,3.098778
0.0,15,3.099501
0.0,15,3.100225
0.0,19,3.101117
0.0,21,3.102185
0.0,20,3.10313
0.0,48,3.105283
0.0,12,3.105873
0.0,2,3.106061
0.0,17,3.106876
0.0,13,3.107516
0.0,19,3.10842
0.0,9,3.108876
0.0,100,3.113272
0.0,30,3.114647
0.0,27,3.115889
0.0,63,3.118697
0.0,17,3.119517
0.0,3,3.119718
0.0,26,3.120916
0.0,16,3.121683
0.0,55,3.124153
0.0,4,3.124397
0.0,6,3.124724
0.0,11,3.125276
0.0,11,3.125818
0.0,10,3.126331
0.0,22,3.12736
0.0,46,3.129427
0.0,25,3.130582
0.0,35,3.132182
0.0,4,3.132427
0.0,14,3.133108
0.0,23,3.134178
0.0,12,3.134762
0.0,96,3.138996
0.0,46,3.14107
0.0,11,3.141616
0.0,14,3.142298
0.0,31,3.143712
0.0,13,3.144357
0.0,9,3.144812
0.0,8,3.145241
1.0,12,3.145827
0.0,8,3.14625
0.0,6,3.146577
0.0,9,3.147043
0.0,14,3.147713
0.0,6,3.148058
0.0,12,3.148642
0.0,11,3.149194
0.0,43,3.151128
0.0,93,3.155229
0.0,22,3.156253
0.0,10,3.156755
0.0,28,3.158045
0.0,14,3.158719
0.0,2,3.158875
0.0,8,3.159303
1.0,24,3.160416
0.0,5,3.160703
0.0,7,3.161083
0.0,17,3.161881
0.0,2,3.162049
0.0,12,3.162632
0.0,17,3.163441
0.0,7,3.163813
1.0,8,3.164236
0.0,10,3.164737
0.0,11,3.165291
0.0,36,3.166909
0.0,7,3.167293
0.0,10,3.16779
0.0,7,3.168182
0.0,8,3.168597
0.0,27,3.169838
0.0,9,3.170307
0.0,5,3.170591
0.0,47,3.172691
0.0,3,3.172893
0.0,9,3.173355
0.0,40,3.17516
0.0,22,3.176184
0.0,12,3.176767
0.0,3,3.176973
0.0,6,3.177303
0.0,15,3.178037
0.0,17,3.17884
0.0,3,3.17905
0.0,14,3.179728
0.0,2,3.179885
0.0,22,3.180907
0.0,23,3.181988
0.0,8,3.182398
0.0,41,3.184248
0.0,23,3.185324
0.0,5,3.185611
0.0,17,3.186424
0.0,22,3.187451
0.0,35,3.189046
0.0,6,3.189372
0.0,6,3.189702
0.0,5,3.189998
0.0,5,3.190285
0.0,15,3.191006
0.0,32,3.192458
0.0,16,3.193226
0.0,33,3.194719
0.0,30,3.196101
0.0,4,3.196344
0.0,2,3.196499
0.0,19,3.197414
0.0,2,3.19757
0.0,19,3.198478
0.0,13,3.19912
1.0,60,3.201783
0.0,29,3.203117
0.0,5,3.203405
0.0,6,3.203735
0.0,16,3.2045
0.0,3,3.204702
0.0,21,3.205684
0.0,54,3.208114
0.0,2,3.208271
0.0,36,3.209896
0.0,23,3.210979
0.0,18,3.211819
0.0,29,3.213158
0.0,38,3.214863
0.0,14,3.215541
0.0,12,3.216139
0.0,6,3.216465
0.0,6,3.216856
0.0,11,3.217412
0.0,3,3.217612
0.0,9,3.218081
0.0,26,3.21928
0.0,18,3.220136
0.0,19,3.221034
0.0,41,3.222872
0.0,10,3.223381
1.0,16,3.22415
0.0,40,3.225943
0.0,27,3.227185
0.0,5,3.227468
0.0,9,3.227924
0.0,14,3.228608
0.0,6,3.228936
0.0,6,3.229275
0.0,16,3.230036
0.0,12,3.230618
0.0,23,3.231684
0.0,6,3.232022
0.0,32,3.233471
0.0,7,3.233844
0.0,7,3.234225
0.0,21,3.235205
0.0,7,3.235579
0.0,14,3.236261
0.0,21,3.237237
0.0,53,3.239602
0.0,10,3.240111
0.0,2,3.240266
0.0,37,3.241926
0.0,35,3.243498
0.0,13,3.244139
0.0,13,3.244765
0.0,9,3.245233
0.0,25,3.246382
0.0,31,3.24779
0.0,12,3.248393
0.0,58,3.25097
0.0,25,3.252125
0.0,2,3.252281
0.0,16,3.253047
0.0,9,3.253503
0.0,11,3.254052
0.0,6,3.254384
0.0,31,3.255787
0.0,3,3.255995
0.0,14,3.256663
0.0,2,3.256816
0.0,89,3.260714
0.0,6,3.261057
0.0,36,3.262671
0.0,17,3.263489
0.0,3,3.263687
0.0,12,3.264287
0.0,22,3.265312
0.0,14,3.265997
0.0,4,3.266242
0.0,19,3.267134
0.0,4,3.267376
0.0,28,3.268663
0.0,57,3.271194
0.0,23,3.272256
0.0,21,3.273235
0.0,26,3.274428
0.0,7,3.274801
0.0,7,3.275181
0.0,22,3.276202
1.0,47,3.278303
0.0,11,3.278843
0.0,12,3.27944
0.0,4,3.279682
0.0,3,3.279877
0.0,3,3.280087
0.0,10,3.280591
0.0,48,3.282728
0.0,6,3.283069
0.0,24,3.284172
0.0,7,3.284542
0.0,3,3.284738
0.0,37,3.286405
0.0,18,3.287259
0.0,48,3.289413
0.0,28,3.290693
0.0,12,3.291288
0.0,15,3.292011
0.0,2,3.292168
0.0,16,3.292923
0.0,29,3.294254
0.0,20,3.295187
0.0,16,3.295945
0.0,20,3.296881
0.0,20,3.297818
0.0,23,3.298887
0.0,38,3.3006
0.0,33,3.302098
0.0,27,3.303338
0.0,30,3.3047
0.0,49,3.306874
0.0,11,3.307427
0.0,15,3.30816
0.0,2,3.308317
0.0,15,3.309036
1.0,8,3.30945
0.0,5,3.309733
0.0,4,3.309986
0.0,4,3.31023
0.0,7,3.310603
0.0,6,3.310928
0.0,2,3.311091
0.0,4,3.311335
0.0,6,3.311662
0.0,2,3.311818
0.0,5,3.312115
0.0,14,3.312786
0.0,10,3.313294
0.0,3,3.313492
0.0,6,3.313819
0.0,2,3.313983
0.0,2,3.314137
0.0,9,3.314594
0.0,12,3.315188
0.0,2,3.315344
0.0,3,3.315542
0.0,7,3.315913
0.0,4,3.316166
0.0,2,3.31632
0.0,10,3.316817
0.0,7,3.317256
0.0,2,3.317412
0.0,12,3.318013
0.0,15,3.318728
0.0,9,3.31919
0.0,6,3.31952
0.0,4,3.319762
0.0,14,3.320443
0.0,9,3.320896
0.0,9,3.321361
0.0,10,3.321862
0.0,8,3.322287
0.0,39,3.324052
0.0,5,3.324338
0.0,5,3.324621
1.0,15,3.32535
0.0,9,3.325809
0.0,18,3.326666
0.0,14,3.327353
0.0,11,3.327898
0.0,16,3.328664
1.0,7,3.329048
0.0,9,3.329503
0.0,9,3.32997
0.0,6,3.330304
0.0,10,3.330801
0.0,4,3.331054
0.0,11,3.331599
1.0,8,3.332022
0.0,10,3.332522
0.0,7,3.332894
0.0,8,3.333321
0.0,23,3.3344
0.0,4,3.334641
0.0,11,3.335196
0.0,28,3.336487
0.0,36,3.338137
0.0,32,3.3396
0.0,16,3.340373
0.0,12,3.34097
0.0,5,3.341253
0.0,12,3.341842
0.0,11,3.342398
0.0,16,3.343172
0.0,13,3.343801
0.0,7,3.344185
0.0,18,3.345045
0.0,44,3.347021
0.0,29,3.348354
0.0,31,3.349766
0.0,50,3.352019
0.0,7,3.352391
0.0,2,3.352545
0.0,11,3.353097
0.0,2,3.353256
0.0,16,3.354026
0.0,23,3.355092
0.0,2,3.35525
0.0,40,3.357052
0.0,19,3.357932
0.0,6,3.358277
0.0,11,3.358823
0.0,11,3.359378
0.0,12,3.359969
0.0,6,3.360296
0.0,29,3.361619
0.0,13,3.362255
0.0,33,3.36375
0.0,14,3.364432
0.0,17,3.365244
0.0,8,3.365658
0.0,29,3.367
0.0,3,3.367203
0.0,37,3.368873
0.0,9,3.369341
0.0,18,3.370191
0.0,15,3.3709
0.0,14,3.371577
0.0,10,3.372086
0.0,43,3.374026
0.0,20,3.374962
0.0,34,3.376506
0.0,20,3.377447
0.0,8,3.377862
0.0,2,3.378034
0.0,19,3.378928
0.0,22,3.380144
0.0,7,3.380518
0.0,32,3.381986
0.0,27,3.383228
0.0,11,3.383773
0.0,23,3.384845
0.0,9,3.385317
0.0,5,3.385603
0.0,2,3.385757
0.0,26,3.386948
0.0,10,3.387464
0.0,9,3.387925
0.0,4,3.388179
0.0,4,3.388434
0.0,48,3.390596
0.0,6,3.390927
0.0,13,3.391562
0.0,16,3.392335
0.0,15,3.393063
0.0,32,3.394517
0.0,15,3.395239
0.0,4,3.39548
0.0,46,3.397545
0.0,21,3.398538
0.0,4,3.398785
0.0,40,3.400589
0.0,11,3.401142
0.0,20,3.402089
0.0,8,3.402508
0.0,6,3.402834
0.0,18,3.40369
0.0,7,3.404072
0.0,17,3.40487
0.0,77,3.408272
0.0,9,3.408731
0.0,8,3.409154
0.0,8,3.409566
0.0,23,3.410628
0.0,46,3.41268
0.0,30,3.414056
0.0,15,3.414772
0.0,34,3.416317
0.0,17,3.417132
0.0,19,3.4181
0.0,13,3.418735
0.0,3,3.418935
0.0,6,3.419273
0.0,4,3.419516
0.0,62,3.422279
0.0,20,3.423222
0.0,65,3.426109
0.0,16,3.426867
0.0,16,3.427635
0.0,3,3.427833
0.0,27,3.429091
0.0,20,3.430027
0.0,6,3.430357
0.0,19,3.431251
0.0,41,3.433105
0.0,8,3.433522
0.0,31,3.434933
0.0,9,3.435401
0.0,20,3.436338
0.0,4,3.436581
0.0,22,3.437604
0.0,12,3.438208
0.0,70,3.441305
0.0,13,3.441935
0.0,69,3.444995
0.0,38,3.446704
0.0,100,3.451131
0.0,18,3.451978
0.0,12,3.452565
0.0,2,3.452718
0.0,28,3.454011
0.0,7,3.45438
0.0,12,3.45498
0.0,4,3.455221
0.0,17,3.456032
0.0,10,3.45653
0.0,56,3.459034
0.0,19,3.459917
0.0,3,3.460127
0.0,65,3.462999
0.0,39,3.464757
0.0,10,3.465274
0.0,7,3.465643
0.0,27,3.466875
0.0,39,3.468656
0.0,72,3.471843
0.0,33,3.473348
0.0,100,3.477712
0.0,3,3.477915
0.0,30,3.47929
0.0,34,3.480825
0.0,100,3.485203
0.0,4,3.485444
0.0,2,3.485598
0.0,2,3.485753
0.0,2,3.485908
0.0,7,3.486285
0.0,17,3.487095
0.0,3,3.487297
0.0,2,3.487449
0.0,2,3.487602
0.0,3,3.487798
0.0,57,3.490348
0.0,30,3.491715
0.0,8,3.492142
0.0,72,3.495324
0.0,6,3.495656
0.0,45,3.497672
0.0,20,3.498624
0.0,5,3.498911
0.0,21,3.499892
0.0,6,3.500231
0.0,100,3.504631
0.0,10,3.505142
0.0,10,3.505641
0.0,26,3.506833
0.0,3,3.507044
0.0,13,3.507671
1.0,6,3.508014
0.0,6,3.508343
0.0,19,3.509237
0.0,2,3.509393
0.0,4,3.509632
0.0,67,3.512594
0.0,21,3.513582
0.0,16,3.514346
1.0,15,3.515072
0.0,28,3.516355
0.0,27,3.517591
0.0,21,3.518577
0.0,4,3.51882
1.0,22,3.519841
1.0,11,3.520396
0.0,15,3.521122
0.0,12,3.521707
0.0,18,3.522561
0.0,9,3.523029
1.0,23,3.524087
0.0,21,3.52507
0.0,14,3.525743
0.0,8,3.526168
0.0,81,3.529722
0.0,13,3.530358
0.0,5,3.530646
0.0,28,3.531919
0.0,5,3.532216
0.0,12,3.532803
0.0,16,3.533566
0.0,20,3.534506
0.0,51,3.536775
0.0,15,3.537501
0.0,2,3.537657
1.0,10,3.538168
0.0,2,3.538325
0.0,16,3.539094
0.0,42,3.540982
0.0,21,3.541946
0.0,3,3.542154
0.0,13,3.54278
0.0,5,3.543074
0.0,15,3.543788
0.0,30,3.545166
0.0,6,3.545499
0.0,13,3.546143
0.0,6,3.546471
0.0,13,3.547167
0.0,20,3.548118
0.0,14,3.548795
0.0,16,3.549569
0.0,37,3.551246
0.0,14,3.551919
0.0,34,3.553464
0.0,24,3.554576
0.0,3,3.554775
0.0,31,3.55621
0.0,8,3.556629
0.0,10,3.557143
0.0,15,3.557863
0.0,12,3.558471
0.0,15,3.559195
0.0,14,3.559868
0.0,72,3.563072
0.0,20,3.564014
0.0,2,3.564171
1.0,9,3.564629
0.0,18,3.565489
0.0,8,3.565901
0.0,5,3.566198
0.0,16,3.566962
1.0,13,3.567596
0.0,13,3.568246
0.0,13,3.568875
0.0,13,3.569518
0.0,5,3.569805
0.0,13,3.570452
0.0,4,3.570697
0.0,3,3.570898
0.0,4,3.571151
0.0,20,3.572093
0.0,12,3.572683
1.0,8,3.573108
0.0,14,3.573781
0.0,23,3.574855
0.0,14,3.575542
0.0,8,3.575963
0.0,4,3.576207
0.0,8,3.576619
0.0,12,3.577214
0.0,37,3.578887
0.0,12,3.579489
0.0,4,3.579732
0.0,35,3.581322
0.0,26,3.58252
0.0,17,3.583335
0.0,14,3.584015
0.0,11,3.584558
0.0,50,3.586788
0.0,15,3.587517
0.0,54,3.58993
0.0,15,3.59065
0.0,15,3.591379
0.0,18,3.592228
0.0,45,3.59425
0.0,12,3.594834
0.0,13,3.595474
0.0,10,3.595984
0.0,16,3.596745
0.0,17,3.597559
0.0,4,3.597802
0.0,12,3.598409
0.0,7,3.59878
0.0,45,3.600797
0.0,2,3.600965
0.0,2,3.601123
0.0,13,3.601754
0.0,2,3.601909
0.0,43,3.603848
0.0,23,3.604921
0.0,9,3.605392
0.0,5,3.605681
0.0,9,3.606152
0.0,8,3.606567
0.0,17,3.60738
0.0,7,3.607752
0.0,30,3.609138
0.0,25,3.610297
0.0,6,3.610626
0.0,4,3.610868
0.0,12,3.611466
0.0,21,3.61245
0.0,7,3.612823
0.0,53,3.615202
0.0,16,3.615968
0.0,9,3.616428
0.0,6,3.616755
0.0,9,3.617228
0.0,2,3.6174
0.0,12,3.618001
0.0,35,3.619584
0.0,83,3.623269
0.0,17,3.624085
0.0,32,3.625538
0.0,26,3.626745
0.0,8,3.627176
0.0,15,3.627891
0.0,3,3.628106
0.0,18,3.628952
0.0,9,3.629422
0.0,27,3.630668
0.0,17,3.631479
0.0,35,3.633077
0.0,12,3.633665
0.0,22,3.634689
0.0,8,3.635118
0.0,3,3.635319
0.0,2,3.635473
0.0,15,3.636192
0.0,17,3.637011
0.0,5,3.637301
0.0,3,3.6375
1.0,37,3.639197
0.0,38,3.640914
0.0,8,3.64134
0.0,12,3.641927
0.0,2,3.64209
0.0,34,3.643633
0.0,30,3.64502
0.0,3,3.64522
0.0,2,3.645375
0.0,10,3.64587
0.0,11,3.646419
0.0,20,3.647359
0.0,13,3.648078
0.0,15,3.648796
0.0,26,3.649994
0.0,5,3.650283
0.0,3,3.650484
0.0,34,3.652033
0.0,4,3.652276
0.0,36,3.653905
0.0,47,3.65601
0.0,33,3.657503
0.0,15,3.658239
0.0,16,3.659014
0.0,72,3.6622
0.0,12,3.662787
0.0,2,3.662943
0.0,15,3.663672
0.0,14,3.664356
0.0,29,3.665683
0.0,18,3.666538
0.0,46,3.668616
0.0,34,3.670164
0.0,22,3.671197
0.0,11,3.671737
0.0,5,3.672035
0.0,9,3.672495
0.0,23,3.67357
0.0,8,3.673997
0.0,29,3.675324
0.0,10,3.675829
0.0,24,3.676946
0.0,17,3.677753
0.0,12,3.678357
0.0,9,3.678816
0.0,6,3.679156
0.0,7,3.679529
0.0,2,3.679683
0.0,5,3.679977
0.0,29,3.681305
1.0,8,3.68172
0.0,12,3.682317
0.0,10,3.682817
0.0,20,3.683751
0.0,8,3.684179
0.0,9,3.684634
0.0,23,3.685698
0.0,3,3.685899
0.0,6,3.686237
0.0,31,3.687649
0.0,5,3.687935
0.0,12,3.688534
0.0,75,3.691848
0.0,2,3.692018
0.0,24,3.693129
0.0,52,3.695438
0.0,10,3.695939
0.0,19,3.696833
0.0,20,3.697768
0.0,39,3.699533
0.0,2,3.69969
0.0,5,3.699983
0.0,6,3.70031
0.0,19,3.701206
0.0,11,3.701751
0.0,21,3.70273
0.0,4,3.702981
0.0,2,3.703138
0.0,9,3.703592
0.0,26,3.704781
0.0,2,3.704936
0.0,3,3.705144
0.0,29,3.70647
0.0,27,3.707715
1.0,9,3.708187
0.0,18,3.70904
0.0,7,3.709412
0.0,13,3.710052
0.0,49,3.712232
0.0,34,3.713777
0.0,6,3.714114
0.0,14,3.714788
0.0,7,3.71517
0.0,10,3.715669
0.0,10,3.716179
0.0,3,3.716381
0.0,17,3.717193
0.0,10,3.717692
0.0,39,3.719464
0.0,38,3.721189
0.0,17,3.722001
0.0,15,3.72272
0.0,16,3.723488
0.0,9,3.723946
0.0,6,3.724283
0.0,24,3.725396
0.0,12,3.725992
0.0,17,3.726794
0.0,4,3.727046
0.0,2,3.727201
0.0,13,3.727826
0.0,5,3.728129
0.0,53,3.730498
1.0,35,3.732087
1.0,34,3.733623
0.0,6,3.733952
0.0,2,3.734118
0.0,9,3.734575
0.0,2,3.734729
0.0,6,3.735068
0.0,4,3.73531
0.0,2,3.735464
0.0,4,3.735703
0.0,31,3.737119
0.0,20,3.738068
0.0,10,3.738569
0.0,5,3.738853
0.0,5,3.739148
0.0,13,3.739776
0.0,71,3.742918
0.0,11,3.743471
0.0,3,3.743672
0.0,7,3.744055
0.0,23,3.745123
0.0,14,3.745797
0.0,24,3.746914
0.0,8,3.747338
0.0,4,3.747583
0.0,18,3.748507
0.0,18,3.749363
0.0,44,3.751347
1.0,32,3.752807
0.0,44,3.754789
0.0,18,3.755647
0.0,14,3.756334
0.0,16,3.757106
0.0,29,3.758438
0.0,3,3.758641
0.0,24,3.759756
0.0,4,3.760009
0.0,17,3.760813
0.0,17,3.761626
0.0,13,3.76227
0.0,5,3.762558
0.0,24,3.763671
0.0,12,3.764271
0.0,4,3.764518
0.0,5,3.764801
1.0,20,3.765742
0.0,9,3.766209
0.0,3,3.76641
0.0,6,3.766739
0.0,2,3.766892
0.0,33,3.768412
0.0,13,3.769052
0.0,13,3.76968
0.0,18,3.770535
0.0,16,3.771305
0.0,52,3.773624
0.0,40,3.77543
0.0,9,3.775886
0.0,6,3.776223
0.0,26,3.777422
0.0,14,3.778114
0.0,2,3.77827
1.0,25,3.779422
0.0,2,3.779578
0.0,9,3.780047
0.0,24,3.781166
0.0,15,3.781886
0.0,3,3.782097
0.0,26,3.783295
0.0,6,3.783626
0.0,12,3.784225
0.0,14,3.784904
0.0,19,3.785801
0.0,2,3.785966
0.0,7,3.786342
0.0,24,3.78745
0.0,28,3.788741
0.0,26,3.789939
0.0,32,3.791404
0.0,9,3.791866
0.0,29,3.793204
0.0,24,3.794322
0.0,10,3.79482
0.0,25,3.795983
0.0,12,3.796571
0.0,7,3.796938
0.0,9,3.797404
0.0,47,3.79952
0.0,14,3.800207
0.0,11,3.800753
0.0,2,3.800909
0.0,28,3.802198
0.0,2,3.802354
0.0,6,3.802685
0.0,14,3.803368
0.0,3,3.803567
0.0,6,3.803895
0.0,9,3.804362
0.0,17,3.805173
1.0,26,3.806367
0.0,25,3.807514
0.0,31,3.808934
0.0,6,3.809271
0.0,18,3.810126
0.0,10,3.810627
0.0,23,3.811693
0.0,9,3.81216
0.0,12,3.812749
0.0,30,3.814137
0.0,30,3.815512
0.0,5,3.815797
0.0,2,3.815974
0.0,30,3.817349
0.0,5,3.817635
0.0,3,3.817832
0.0,36,3.819476
0.0,16,3.820249
0.0,3,3.820448
0.0,3,3.820647
0.0,12,3.821249
0.0,6,3.821577
0.0,15,3.822302
0.0,50,3.824541
0.0,24,3.82566
0.0,4,3.825905
0.0,8,3.82633
0.0,14,3.827013
0.0,12,3.827602
1.0,34,3.829155
0.0,11,3.829697
0.0,16,3.830466
0.0,34,3.832025
0.0,17,3.832821
0.0,17,3.833637
0.0,3,3.833838
0.0,19,3.834726
0.0,3,3.834925
0.0,15,3.835645
0.0,3,3.835843
0.0,16,3.836612
0.0,5,3.836898
0.0,6,3.837233
0.0,3,3.837432
0.0,14,3.838121
0.0,10,3.838624
0.0,5,3.838907
0.0,8,3.83933
0.0,17,3.840142
0.0,27,3.841384
0.0,10,3.841891
0.0,8,3.842321
0.0,2,3.842478
0.0,20,3.843416
0.0,8,3.843833
0.0,13,3.844477
0.0,28,3.845764
0.0,6,3.846107
0.0,9,3.846564
0.0,9,3.847035
0.0,10,3.847538
0.0,2,3.847696
0.0,4,3.848013
0.0,21,3.848994
0.0,52,3.851311
0.0,6,3.851642
0.0,3,3.851839
0.0,25,3.853
0.0,25,3.854151
0.0,47,3.856256
0.0,58,3.858823
0.0,17,3.859633
0.0,14,3.860316
0.0,7,3.860686
0.0,8,3.861107
0.0,8,3.861519
0.0,16,3.86229
0.0,12,3.862876
0.0,19,3.86377
0.0,2,3.863926
0.0,5,3.864218
0.0,16,3.864984
0.0,32,3.866426
0.0,21,3.867408
0.0,9,3.867864
0.0,6,3.868211
0.0,14,3.868884
0.0,6,3.869223
0.0,3,3.86942
0.0,5,3.869704
0.0,7,3.870088
0.0,2,3.870244
0.0,23,3.871307
0.0,4,3.871551
0.0,7,3.871922
0.0,26,3.873124
0.0,14,3.873793
0.0,39,3.875548
0.0,8,3.875972
0.0,5,3.876256
0.0,13,3.876882
0.0,33,3.878391
0.0,27,3.879633
0.0,36,3.881264
0.0,9,3.881725
0.0,35,3.883314
0.0,23,3.884384
0.0,17,3.885194
0.0,33,3.886689
0.0,23,3.887749
0.0,60,3.89042
0.0,7,3.890792
0.0,2,3.890945
0.0,9,3.891407
0.0,3,3.891606
0.0,39,3.893359
0.0,7,3.893729
0.0,66,3.896644
0.0,64,3.899479
0.0,3,3.899683
0.0,37,3.901353
1.0,68,3.904342
0.0,17,3.90515
0.0,73,3.908375
0.0,29,3.909696
0.0,63,3.91248
0.0,8,3.912895
0.0,21,3.91387
0.0,19,3.914762
0.0,3,3.914971
0.0,13,3.915601
0.0,25,3.91675
0.0,9,3.917218
0.0,6,3.917547
1.0,12,3.918147
0.0,14,3.918814
0.0,5,3.919107
0.0,21,3.92009
0.0,22,3.92111
0.0,45,3.923133
0.0,4,3.923376
0.0,22,3.924394
0.0,19,3.925294
0.0,34,3.926831
0.0,45,3.928853
0.0,18,3.929705
0.0,4,3.929946
0.0,8,3.930372
0.0,3,3.930571
0.0,7,3.930941
0.0,8,3.931365
0.0,7,3.931736
0.0,4,3.931986
0.0,9,3.932443
0.0,13,3.933079
0.0,14,3.933748
0.0,16,3.934518
0.0,22,3.935538
0.0,16,3.936304
0.0,25,3.937454
0.0,10,3.937968
0.0,8,3.938381
0.0,28,3.939659
0.0,5,3.939942
0.0,6,3.94028
0.0,4,3.940522
0.0,35,3.942109
0.0,4,3.942352
0.0,5,3.942637
0.0,37,3.944312
0.0,28,3.945595
0.0,11,3.946152
0.0,26,3.947339
0.0,2,3.947495
0.0,11,3.948052
0.0,9,3.948512
0.0,9,3.948976
0.0,26,3.950168
1.0,30,3.951532
0.0,7,3.951901
0.0,11,3.952453
0.0,26,3.953645
0.0,50,3.955866
0.0,28,3.957155
0.0,2,3.95731
0.0,19,3.958212
0.0,34,3.959742
0.0,5,3.960039
0.0,18,3.960945
0.0,11,3.961495
0.0,29,3.96282
0.0,27,3.96408
0.0,30,3.965447
0.0,62,3.968227
0.0,6,3.968556
0.0,6,3.968889
0.0,6,3.96923
0.0,17,3.970047
0.0,50,3.972284
0.0,10,3.97279
1.0,10,3.973303
0.0,61,3.976037
0.0,25,3.977198
0.0,7,3.977571
0.0,9,3.978046
0.0,47,3.98016
0.0,9,3.980618
0.0,4,3.980862
0.0,45,3.982882
0.0,3,3.983096
0.0,52,3.985413
0.0,8,3.985827
0.0,43,3.98777
0.0,5,3.988075
0.0,22,3.989105
0.0,6,3.989432
0.0,4,3.989672
0.0,23,3.990739
0.0,12,3.99134
0.0,20,3.99228
0.0,8,3.992693
0.0,14,3.993372
0.0,37,3.995048
0.0,9,3.995505
0.0,9,3.995976
0.0,8,3.996389
0.0,9,3.996843
0.0,16,3.997609
0.0,16,3.998385
0.0,4,3.998632
0.0,10,3.999141
0.0,14,3.999814
0.0,24,4.000925
0.0,32,4.002388
0.0,43,4.004315
0.0,23,4.005383
0.0,3,4.005585
0.0,9,4.006053
0.0,27,4.007292
0.0,19,4.008202
0.0,6,4.008532
0.0,14,4.009211
0.0,4,4.009454
0.0,17,4.010261
0.0,45,4.012285
0.0,4,4.012527
0.0,9,4.012989
0.0,9,4.01345
0.0,11,4.014003
0.0,24,4.015113
0.0,16,4.015864
0.0,6,4.0162
0.0,4,4.016444
1.0,7,4.016815
0.0,16,4.017579
0.0,8,4.018017
0.0,11,4.018575
0.0,48,4.020737
0.0,16,4.021509
0.0,14,4.022193
0.0,56,4.024689
0.0,8,4.02513
0.0,12,4.025712
0.0,26,4.026912
0.0,3,4.027124
0.0,14,4.027801
0.0,34,4.029361
0.0,23,4.030435
0.0,17,4.031249
0.0,4,4.031494
0.0,16,4.032262
0.0,2,4.032418
0.0,14,4.033098
0.0,4,4.03334
0.0,9,4.033796
0.0,15,4.034529
0.0,19,4.035434
0.0,18,4.036283
0.0,21,4.037266
0.0,11,4.037814
0.0,19,4.038719
0.0,22,4.039747
0.0,23,4.040823
0.0,87,4.044659
0.0,18,4.045512
0.0,15,4.046241
0.0,42,4.048131
0.0,27,4.049368
0.0,17,4.050177
0.0,76,4.053538
0.0,7,4.053909
0.0,5,4.054202
0.0,50,4.056439
0.0,15,4.057164
0.0,42,4.059057
0.0,12,4.059643
0.0,11,4.060195
0.0,32,4.061649
0.0,4,4.061894
0.0,100,4.066308
0.0,23,4.067381
0.0,7,4.067753
0.0,7,4.06814
0.0,12,4.068727
0.0,34,4.070275
0.0,11,4.070819
0.0,7,4.071203
0.0,6,4.071534
0.0,21,4.072519
0.0,2,4.072674
0.0,8,4.073155
0.0,20,4.074099
0.0,8,4.074514
0.0,16,4.075278
0.0,100,4.079668
0.0,17,4.080482
0.0,21,4.081466
0.0,3,4.081669
0.0,4,4.081907
0.0,22,4.082929
0.0,29,4.08426
0.0,27,4.085501
0.0,28,4.086784
0.0,9,4.087253
0.0,3,4.087452
0.0,4,4.087691
0.0,7,4.088077
0.0,53,4.090438
0.0,38,4.092157
0.0,37,4.093819
0.0,22,4.094834
0.0,7,4.095216
0.0,15,4.09593
0.0,3,4.096138
0.0,7,4.096508
0.0,28,4.097785
0.0,19,4.09869
0.0,7,4.099071
0.0,19,4.099952
0.0,13,4.100591
0.0,33,4.102087
0.0,5,4.102381
0.0,24,4.103483
0.0,4,4.103724
0.0,20,4.104654
0.0,9,4.105121
0.0,11,4.10566
0.0,52,4.10798
0.0,60,4.110631
0.0,2,4.11079
0.0,9,4.111253
0.0,12,4.111837
0.0,27,4.113081
0.0,2,4.113237
0.0,61,4.115931
0.0,30,4.117306
0.0,2,4.117465
0.0,2,4.117618
0.0,2,4.117772
0.0,4,4.118031
0.0,23,4.119097
0.0,25,4.120254
0.0,6,4.120583
0.0,13,4.121221
0.0,16,4.121985
0.0,5,4.122269
0.0,5,4.122553
0.0,86,4.126343
0.0,23,4.127408
0.0,5,4.127697
0.0,14,4.128381
0.0,10,4.128879
0.0,41,4.13072
0.0,3,4.130919
0.0,36,4.132546
0.0,30,4.133911
0.0,11,4.13446
0.0,17,4.135276
0.0,52,4.137587
0.0,18,4.138447
0.0,20,4.139387
0.0,6,4.139719
0.0,100,4.144095
0.0,7,4.144467
0.0,12,4.145064
0.0,11,4.145608
0.0,70,4.148691
0.0,5,4.148987
0.0,50,4.151215
0.0,75,4.15451
0.0,20,4.155447
0.0,75,4.158758
0.0,52,4.161079
0.0,18,4.161919
0.0,33,4.163418
0.0,24,4.164523
0.0,35,4.16611
0.0,6,4.166439
0.0,66,4.169355
0.0,100,4.17375
0.0,32,4.175208
0.0,6,4.175537
0.0,4,4.175779
0.0,2,4.175935
0.0,6,4.176272
0.0,37,4.177927
0.0,24,4.179059
0.0,21,4.180042
0.0,11,4.180588
0.0,25,4.181743
0.0,10,4.182256
0.0,49,4.184453
0.0,55,4.186893
0.0,100,4.191289
0.0,32,4.192735
0.0,14,4.193418
0.0,13,4.19406
0.0,15,4.194774
0.0,4,4.195024
0.0,5,4.195311
0.0,4,4.195551
0.0,3,4.19575
0.0,10,4.196262
0.0,6,4.196589
0.0,20,4.197528
0.0,20,4.198478
0.0,2,4.198636
0.0,2,4.19879
0.0,2,4.199012
0.0,12,4.199601
0.0,6,4.199933
0.0,4,4.200182
0.0,23,4.201258
0.0,13,4.20189
0.0,4,4.202146
0.0,4,4.20239
0.0,15,4.20311
0.0,5,4.203398
0.0,38,4.205119
0.0,8,4.205532
0.0,10,4.206045
0.0,20,4.206986
0.0,43,4.208917
0.0,5,4.209216
0.0,14,4.209889
0.0,11,4.210446
0.0,12,4.211042
0.0,13,4.211674
0.0,2,4.211832
0.0,30,4.213212
0.0,13,4.213846
0.0,7,4.214229
0.0,3,4.214431
0.0,26,4.21563
0.0,7,4.216013
0.0,5,4.216303
0.0,22,4.217325
0.0,23,4.218405
0.0,4,4.218647
0.0,22,4.21967
0.0,18,4.220531
0.0,7,4.220902
0.0,18,4.221758
0.0,3,4.221967
0.0,14,4.222641
1.0,18,4.223495
0.0,13,4.224132
0.0,19,4.225026
0.0,11,4.225567
0.0,23,4.226635
0.0,8,4.227061
0.0,7,4.227432
0.0,23,4.228507
0.0,18,4.229364
0.0,6,4.229693
0.0,23,4.230756
0.0,32,4.232215
0.0,6,4.232545
0.0,5,4.232829
0.0,33,4.234332
0.0,14,4.235015
0.0,24,4.236129
0.0,13,4.236759
0.0,6,4.237096
0.0,9,4.237555
0.0,15,4.238285
0.0,3,4.238486
0.0,24,4.239594
1.0,15,4.240319
0.0,18,4.241176
0.0,14,4.241846
1.0,28,4.243144
1.0,25,4.244295
0.0,18,4.245153
1.0,24,4.246264
0.0,15,4.246995
0.0,5,4.247283
0.0,3,4.247483
0.0,4,4.247729
0.0,7,4.248118
0.0,31,4.249525
0.0,14,4.250211
0.0,64,4.253049
0.0,6,4.253381
0.0,5,4.253666
0.0,24,4.254772
0.0,9,4.255244
1.0,28,4.256526
0.0,28,4.257824
1.0,15,4.258557
0.0,15,4.259284
0.0,25,4.26044
0.0,33,4.261934
0.0,11,4.262485
0.0,11,4.263041
0.0,3,4.263241
0.0,18,4.264094
0.0,10,4.264593
0.0,7,4.264972
0.0,15,4.265687
0.0,18,4.266536
0.0,14,4.267221
0.0,7,4.267591
0.0,33,4.269107
0.0,28,4.270389
0.0,25,4.271542
0.0,2,4.271698
0.0,56,4.274196
0.0,23,4.275271
0.0,11,4.275816
0.0,9,4.276284
0.0,10,4.276789
0.0,19,4.277688
0.0,2,4.277846
0.0,28,4.279144
0.0,26,4.280343
0.0,11,4.28089
0.0,12,4.281486
0.0,12,4.282081
0.0,18,4.282924
0.0,17,4.283733
0.0,3,4.283935
0.0,5,4.284231
0.0,12,4.284817
0.0,6,4.285156
0.0,12,4.285743
0.0,34,4.287295
0.0,13,4.28793
0.0,43,4.289866
0.0,7,4.290249
0.0,7,4.290619
0.0,17,4.291422
0.0,11,4.291977
0.0,24,4.293085
0.0,29,4.294406
0.0,63,4.297215
0.0,15,4.297929
0.0,8,4.298361
0.0,51,4.300639
0.0,4,4.300944
0.0,6,4.301287
0.0,8,4.3017
0.0,12,4.302298
0.0,15,4.30303
0.0,22,4.304053
0.0,4,4.304295
0.0,19,4.305188
0.0,3,4.305389
0.0,8,4.305804
0.0,5,4.3061
0.0,75,4.309406
0.0,14,4.310086
0.0,18,4.310931
0.0,3,4.311138
0.0,25,4.312285
0.0,15,4.313013
0.0,34,4.314553
0.0,6,4.314879
0.0,8,4.315303
0.0,6,4.31563
0.0,5,4.315916
0.0,12,4.316509
0.0,38,4.318229
0.0,46,4.320288
0.0,4,4.32053
0.0,11,4.321079
0.0,21,4.322063
0.0,22,4.323083
0.0,9,4.323543
0.0,71,4.326678
0.0,22,4.327698
0.0,17,4.328517
0.0,33,4.33002
0.0,28,4.331303
0.0,59,4.333911
0.0,50,4.336149
0.0,25,4.337299
0.0,7,4.337673
0.0,7,4.338059
0.0,9,4.338517
0.0,35,4.340097
0.0,24,4.341214
0.0,37,4.342888
0.0,7,4.343273
0.0,10,4.343775
0.0,24,4.344887
0.0,18,4.345738
0.0,19,4.346635
0.0,8,4.34706
0.0,7,4.347432
0.0,9,4.347888
1.0,10,4.348398
0.0,24,4.349509
0.0,5,4.349795
0.0,3,4.350002
0.0,4,4.350243
0.0,13,4.350871
0.0,5,4.351165
0.0,4,4.351405
0.0,17,4.352217
1.0,14,4.352887
0.0,18,4.353731
0.0,45,4.355752
0.0,26,4.356949
0.0,10,4.357459
0.0,24,4.358574
0.0,47,4.360678
0.0,6,4.361019
0.0,38,4.362721
0.0,10,4.363231
0.0,18,4.364083
0.0,28,4.365365
0.0,18,4.366222
0.0,9,4.366682
0.0,24,4.367785
0.0,10,4.368303
0.0,25,4.369456
0.0,9,4.369911
0.0,16,4.370674
0.0,2,4.370829
1.0,32,4.372286
0.0,6,4.372618
0.0,25,4.373776
1.0,63,4.376578
1.0,11,4.377128
0.0,9,4.377586
1.0,14,4.378272
0.0,40,4.380082
0.0,43,4.382015
0.0,11,4.382562
0.0,2,4.382716
0.0,7,4.383096
0.0,7,4.38347
0.0,2,4.383625
0.0,27,4.384866
0.0,4,4.385119
0.0,100,4.389512
0.0,17,4.390328
0.0,12,4.390918
0.0,8,4.391343
0.0,8,4.391753
0.0,16,4.392521
0.0,18,4.393373
0.0,15,4.394101
0.0,20,4.395043
0.0,10,4.395544
0.0,19,4.396437
0.0,24,4.397543
0.0,37,4.39923
0.0,2,4.399387
0.0,18,4.40024
0.0,12,4.400842
0.0,9,4.401314
0.0,18,4.402169
0.0,12,4.40275
0.0,7,4.403193
0.0,17,4.404009
0.0,3,4.404211
0.0,14,4.404879
0.0,4,4.405132
0.0,12,4.40572
0.0,39,4.407478
0.0,5,4.407762
0.0,7,4.408154
0.0,21,4.409132
0.0,46,4.411199
1.0,28,4.412482
0.0,29,4.413809
0.0,13,4.414458
0.0,4,4.414703
0.0,9,4.415169
0.0,21,4.416154
1.0,12,4.416741
1.0,14,4.417423
0.0,12,4.418027
0.0,11,4.418567
0.0,24,4.419682
0.0,26,4.420887
0.0,9,4.421358
0.0,14,4.42205
0.0,17,4.422854
0.0,4,4.423106
0.0,26,4.424309
0.0,29,4.425637
0.0,11,4.426194
0.0,30,4.427561
0.0,6,4.427892
0.0,8,4.428321
0.0,13,4.428951
0.0,3,4.429162
0.0,32,4.430609
0.0,18,4.431461
0.0,30,4.432831
0.0,42,4.434729
0.0,33,4.43624
0.0,10,4.43674
0.0,15,4.437463
0.0,11,4.438021
0.0,38,4.439737
0.0,29,4.441079
0.0,12,4.44167
0.0,21,4.442656
0.0,4,4.4429
0.0,7,4.443282
0.0,3,4.44348
0.0,5,4.443765
1.0,14,4.444452
0.0,42,4.446346
0.0,2,4.446502
0.0,8,4.446911
0.0,15,4.447629
0.0,3,4.44783
1.0,9,4.448309
0.0,61,4.451027
0.0,27,4.452277
0.0,23,4.453345
0.0,12,4.453933
0.0,16,4.454701
0.0,5,4.454998
0.0,24,4.456104
0.0,13,4.456731
0.0,2,4.456884
0.0,4,4.457135
0.0,9,4.457597
0.0,25,4.458753
0.0,51,4.461045
0.0,3,4.461246
0.0,9,4.461702
0.0,10,4.462213
0.0,2,4.462368
0.0,17,4.463184
0.0,26,4.464384
0.0,3,4.464583
0.0,3,4.464779
0.0,5,4.465073
0.0,17,4.465886
0.0,13,4.466523
0.0,30,4.467887
0.0,8,4.468319
0.0,25,4.469473
0.0,6,4.469799
0.0,3,4.470008
0.0,8,4.470421
0.0,10,4.470919
0.0,32,4.472383
0.0,2,4.472541
0.0,12,4.473139
0.0,2,4.473297
0.0,29,4.474623
0.0,3,4.474822
0.0,5,4.475118
0.0,9,4.475574
0.0,25,4.476733
0.0,9,4.477202
0.0,21,4.47819
0.0,27,4.479432
0.0,18,4.480294
0.0,25,4.481455
0.0,12,4.482054
0.0,10,4.482557
0.0,35,4.484153
0.0,19,4.485053
0.0,16,4.485808
0.0,2,4.485972
0.0,12,4.48656
0.0,21,4.487544
0.0,3,4.487747
0.0,61,4.490494
0.0,13,4.49114
0.0,9,4.4916
0.0,14,4.492285
0.0,6,4.49262
0.0,25,4.493778
0.0,10,4.494292
0.0,19,4.495192
0.0,2,4.49535
0.0,25,4.496509
0.0,7,4.496881
0.0,45,4.498902
0.0,2,4.49907
0.0,9,4.49953
0.0,10,4.500043
0.0,10,4.500547
0.0,2,4.500706
0.0,3,4.500903
0.0,18,4.501763
0.0,11,4.502318
0.0,9,4.502773
1.0,15,4.503558
0.0,7,4.503928
0.0,35,4.505521
0.0,15,4.506251
0.0,2,4.506407
0.0,2,4.50656
0.0,3,4.50676
0.0,15,4.507487
0.0,17,4.508306
0.0,28,4.509588
0.0,5,4.509872
0.0,5,4.510168
0.0,23,4.511232
0.0,7,4.511603
0.0,12,4.5122
0.0,18,4.513058
1.0,11,4.513606
0.0,7,4.513982
0.0,7,4.514355
0.0,2,4.514508
0.0,3,4.514707
0.0,6,4.515047
0.0,4,4.515289
0.0,4,4.515531
1.0,18,4.516386
0.0,8,4.5168
0.0,23,4.51787
0.0,14,4.518561
0.0,10,4.519075
0.0,4,4.519317
0.0,2,4.51947
0.0,2,4.519623
0.0,6,4.519947
0.0,20,4.520881
0.0,26,4.522087
0.0,13,4.52272
0.0,12,4.523312
0.0,8,4.523727
0.0,15,4.524448
0.0,8,4.524863
0.0,17,4.52567
0.0,25,4.526827
0.0,3,4.527037
0.0,4,4.527279
0.0,2,4.527432
0.0,10,4.527935
0.0,5,4.528234
0.0,3,4.528433
0.0,2,4.528588
0.0,4,4.528827
0.0,13,4.529466
0.0,2,4.529622
0.0,9,4.530091
0.0,3,4.53029
0.0,13,4.530916
0.0,22,4.531936
0.0,16,4.532702
0.0,11,4.533253
0.0,12,4.533838
0.0,15,4.534561
0.0,9,4.535029
0.0,5,4.535313
0.0,2,4.535469
0.0,11,4.536023
0.0,15,4.53674
0.0,12,4.537338
1.0,18,4.538193
1.0,30,4.539553
0.0,14,4.540237
0.0,8,4.540649
0.0,31,4.542071
0.0,19,4.542969
0.0,8,4.543386
0.0,12,4.54398
0.0,16,4.544732
0.0,15,4.545455
0.0,9,4.545912
0.0,9,4.546381
0.0,13,4.547019
0.0,33,4.548518
0.0,36,4.550148
0.0,9,4.550611
0.0,12,4.551207
0.0,20,4.552146
0.0,39,4.553886
0.0,30,4.555255
0.0,8,4.555671
0.0,7,4.556051
0.0,3,4.55625
0.0,54,4.55866
0.0,5,4.558948
0.0,37,4.560618
0.0,31,4.562041
0.0,9,4.562496
0.0,10,4.563007
0.0,4,4.563248
0.0,12,4.563832
0.0,13,4.564471
0.0,23,4.565532
0.0,14,4.566211
0.0,13,4.566842
0.0,34,4.568388
0.0,5,4.568672
0.0,7,4.569057
0.0,46,4.571115
0.0,17,4.571913
0.0,9,4.572379
0.0,28,4.573658
0.0,12,4.574252
0.0,21,4.575229
0.0,5,4.575512
0.0,3,4.575709
0.0,6,4.576049
0.0,6,4.576376
0.0,17,4.577183
0.0,10,4.577683
0.0,14,4.578372
0.0,4,4.578614
0.0,32,4.580078
0.0,46,4.582131
0.0,6,4.582458
0.0,28,4.583738
0.0,71,4.586873
0.0,2,4.587043
0.0,18,4.587888
0.0,7,4.588275
1.0,29,4.589593
0.0,5,4.589878
0.0,16,4.590641
0.0,22,4.591666
0.0,8,4.592096
0.0,25,4.593251
0.0,4,4.593493
0.0,11,4.594049
0.0,7,4.59442
0.0,4,4.594663
0.0,6,4.594999
0.0,21,4.59598
0.0,76,4.59933
0.0,32,4.600773
0.0,20,4.601713
0.0,36,4.603344
0.0,22,4.604429
0.0,8,4.604846
0.0,5,4.605145
0.0,32,4.606599
0.0,11,4.607152
0.0,43,4.609096
0.0,9,4.609556
0.0,24,4.610671
0.0,3,4.61087
0.0,55,4.613329
0.0,8,4.613747
0.0,13,4.614384
0.0,2,4.61454
0.0,13,4.615181
0.0,4,4.615425
0.0,29,4.61675
0.0,10,4.617265
1.0,46,4.619329
0.0,6,4.619655
0.0,5,4.619943
0.0,4,4.620195
1.0,85,4.62397
0.0,9,4.624428
0.0,17,4.625237
0.0,2,4.625395
0.0,8,4.625813
0.0,5,4.62611
0.0,4,4.626352
0.0,21,4.627338
1.0,35,4.628933
0.0,22,4.629964
0.0,19,4.630855
0.0,11,4.63141
0.0,4,4.631652
0.0,3,4.631849
0.0,11,4.6324
0.0,16,4.633167
0.0,11,4.633714
0.0,14,4.634396
0.0,35,4.635993
0.0,4,4.636236
0.0,11,4.636777
0.0,8,4.637201
0.0,12,4.637789
0.0,11,4.638348
0.0,2,4.638505
0.0,13,4.639142
0.0,32,4.640592
0.0,10,4.641103
0.0,2,4.641259
0.0,34,4.6428
0.0,5,4.643099
0.0,20,4.644038
0.0,13,4.644665
0.0,3,4.644862
0.0,21,4.645859
0.0,12,4.646457
0.0,18,4.647314
0.0,8,4.647727
0.0,8,4.648158
0.0,2,4.648314
0.0,2,4.648468
0.0,12,4.649066
0.0,27,4.650302
0.0,47,4.652389
0.0,2,4.652548
0.0,42,4.65443
0.0,22,4.655453
0.0,16,4.656217
0.0,13,4.656843
0.0,11,4.657399
0.0,13,4.658045
0.0,31,4.659449
0.0,6,4.659779
0.0,13,4.660419
0.0,3,4.660619
0.0,12,4.661217
0.0,8,4.661632
0.0,9,4.662098
0.0,13,4.662727
1.0,19,4.663623
0.0,33,4.66513
0.0,3,4.665332
0.0,12,4.665914
0.0,2,4.666077
0.0,53,4.668441
0.0,20,4.669378
0.0,91,4.673374
0.0,14,4.674059
0.0,13,4.674688
0.0,32,4.676148
0.0,9,4.676607
0.0,49,4.678804
0.0,6,4.679147
0.0,5,4.679432
0.0,11,4.679983
0.0,41,4.681815
0.0,14,4.682501
0.0,9,4.682966
0.0,12,4.683555
0.0,24,4.684664
0.0,23,4.685727
0.0,12,4.686327
0.0,5,4.686614
0.0,49,4.6888
0.0,76,4.692176
0.0,16,4.692933
0.0,4,4.693184
0.0,67,4.696158
0.0,16,4.696916
0.0,44,4.698901
0.0,6,4.699243
0.0,7,4.699618
0.0,4,4.699862
0.0,8,4.700287
0.0,5,4.700578
0.0,14,4.701261
0.0,14,4.701933
0.0,13,4.702572
0.0,7,4.702944
0.0,32,4.704404
0.0,15,4.70513
0.0,26,4.706337
0.0,8,4.706749
1.0,17,4.70756
0.0,53,4.709933
0.0,19,4.710833
0.0,18,4.711747
0.0,17,4.71256
0.0,26,4.713754
0.0,4,4.714008
0.0,4,4.714251
1.0,12,4.714835
0.0,11,4.715384
0.0,17,4.71619
0.0,4,4.716433
0.0,6,4.716759
0.0,11,4.717313
0.0,5,4.717601
0.0,59,4.720223
0.0,16,4.720988
0.0,24,4.722093
0.0,2,4.72225
0.0,20,4.723189
0.0,20,4.724131
0.0,42,4.726022
0.0,67,4.729
0.0,13,4.729635
0.0,5,4.729918
0.0,27,4.731164
0.0,12,4.731746
0.0,34,4.733287
0.0,30,4.734651
0.0,22,4.735675
0.0,27,4.736914
0.0,21,4.737892
0.0,11,4.738448
0.0,7,4.738819
0.0,2,4.738983
0.0,55,4.741422
0.0,18,4.742278
0.0,5,4.74256
0.0,66,4.745474
0.0,18,4.746329
0.0,17,4.747133
0.0,6,4.747464
0.0,11,4.74802
0.0,17,4.748823
0.0,17,4.749632
0.0,5,4.749916
0.0,9,4.750382
0.0,5,4.750665
0.0,37,4.752338
0.0,11,4.752885
0.0,8,4.753306
0.0,47,4.755404
0.0,33,4.756894
0.0,5,4.757192
0.0,7,4.757565
0.0,11,4.758125
0.0,15,4.758837
1.0,13,4.759474
0.0,11,4.760026
0.0,6,4.760352
0.0,62,4.763088
0.0,15,4.763804
0.0,26,4.765007
0.0,26,4.766207
0.0,4,4.766449
0.0,7,4.766815
0.0,43,4.768746
0.0,5,4.769042
0.0,8,4.769458
0.0,7,4.769826
0.0,11,4.770378
0.0,14,4.771063
0.0,18,4.771906
1.0,27,4.77315
1.0,24,4.774258
0.0,26,4.775448
0.0,5,4.775732
0.0,9,4.776201
1.0,49,4.778386
0.0,7,4.778754
0.0,26,4.779948
0.0,12,4.78054
0.0,11,4.781093
0.0,2,4.781248
0.0,2,4.781401
0.0,4,4.781642
0.0,4,4.781882
0.0,10,4.782387
0.0,11,4.782928
0.0,3,4.783131
0.0,39,4.784873
0.0,7,4.785253
0.0,2,4.785408
0.0,3,4.785607
0.0,13,4.786239
0.0,3,4.786439
0.0,45,4.788454
0.0,10,4.788964
0.0,11,4.789503
0.0,30,4.790861
0.0,6,4.791199
0.0,5,4.791482
0.0,21,4.792459
0.0,4,4.792702
0.0,11,4.793257
0.0,26,4.794453
0.0,3,4.794652
0.0,2,4.794806
0.0,14,4.795485
0.0,6,4.795813
0.0,28,4.797098
0.0,7,4.797468
0.0,8,4.797877
0.0,5,4.798177
0.0,12,4.79876
1.0,12,4.799352
0.0,28,4.800626
0.0,21,4.801603
0.0,48,4.803744
1.0,9,4.804214
0.0,36,4.805828
0.0,10,4.806341
0.0,9,4.806796
0.0,52,4.809124
0.0,9,4.809581
0.0,17,4.810387
0.0,18,4.81124
0.0,12,4.811826
0.0,21,4.812871
0.0,19,4.813769
0.0,4,4.814024
0.0,15,4.814742
0.0,3,4.814938
0.0,15,4.815658
0.0,32,4.817124
0.0,3,4.817323
0.0,7,4.817693
0.0,11,4.818254
0.0,77,4.82166
0.0,3,4.821862
0.0,4,4.822114
0.0,24,4.823225
0.0,27,4.824465
0.0,12,4.825062
0.0,8,4.825476
0.0,2,4.825633
0.0,4,4.825872
0.0,36,4.827506
0.0,5,4.827791
0.0,9,4.828263
0.0,59,4.830883
0.0,2,4.83105
0.0,16,4.831805
0.0,8,4.832233
0.0,26,4.833427
0.0,5,4.833714
0.0,2,4.83387
0.0,2,4.834037
0.0,26,4.835238
1.0,13,4.835869
0.0,45,4.837893
0.0,19,4.838792
0.0,4,4.839046
0.0,9,4.839504
0.0,39,4.841269
0.0,10,4.841768
0.0,72,4.844951
0.0,8,4.845379
0.0,13,4.846017
0.0,2,4.846173
0.0,3,4.846373
0.0,13,4.847008
1.0,13,4.847633
0.0,5,4.847918
0.0,4,4.848175
0.0,4,4.848416
0.0,2,4.848571
0.0,12,4.849168
0.0,17,4.849977
0.0,9,4.850439
0.0,2,4.850593
0.0,11,4.851146
0.0,14,4.851815
0.0,21,4.852801
0.0,13,4.853445
0.0,3,4.853645
0.0,7,4.854027
0.0,13,4.854656
0.0,7,4.855044
0.0,26,4.856238
0.0,18,4.857097
0.0,8,4.857509
1.0,15,4.858238
0.0,5,4.858525
0.0,8,4.858941
0.0,2,4.859108
0.0,6,4.859435
0.0,7,4.859803
0.0,11,4.860358
1.0,32,4.861813
0.0,2,4.861981
0.0,3,4.86218
0.0,48,4.864324
0.0,6,4.864652
0.0,7,4.865031
0.0,20,4.865968
0.0,10,4.866468
0.0,33,4.867975
0.0,5,4.86826
0.0,7,4.868627
0.0,7,4.869009
0.0,22,4.870037
0.0,31,4.871443
0.0,8,4.87186
0.0,5,4.872156
0.0,4,4.872398
0.0,7,4.872772
0.0,13,4.87341
0.0,6,4.873741
0.0,32,4.875202
0.0,17,4.876016
0.0,6,4.876344
0.0,14,4.877022
0.0,24,4.878136
0.0,21,4.879124
0.0,7,4.879493
0.0,29,4.880816
0.0,11,4.881369
0.0,28,4.882651
0.0,7,4.883033
0.0,2,4.883191
0.0,23,4.884256
0.0,5,4.884542
0.0,61,4.887255
0.0,4,4.887499
0.0,5,4.887784
0.0,46,4.889858
0.0,18,4.890712
0.0,23,4.891779
0.0,23,4.892853
0.0,8,4.893277
0.0,8,4.893696
0.0,24,4.894806
0.0,14,4.895492
0.0,17,4.896306
0.0,5,4.896594
0.0,40,4.898417
0.0,3,4.898616
0.0,2,4.898769
0.0,10,4.899278
0.0,19,4.900173
0.0,35,4.901757
0.0,10,4.902272
0.0,25,4.903433
0.0,5,4.903721
0.0,19,4.90462
0.0,54,4.907036
0.0,11,4.90758
0.0,8,4.908007
0.0,20,4.908938
0.0,57,4.911474
0.0,9,4.91193
0.0,8,4.912414
0.0,13,4.913053
0.0,10,4.913554
0.0,23,4.914624
0.0,18,4.915481
0.0,20,4.916418
0.0,26,4.917616
0.0,18,4.918476
0.0,35,4.920073
0.0,29,4.921392
0.0,20,4.92233
0.0,10,4.922832
0.0,2,4.922994
0.0,5,4.923303
0.0,4,4.923546
0.0,10,4.924057
0.0,55,4.926499
0.0,17,4.927307
0.0,12,4.927896
0.0,7,4.928286
0.0,12,4.92887
0.0,7,4.929251
0.0,24,4.930366
0.0,15,4.931087
0.0,28,4.932371
0.0,39,4.934132
0.0,16,4.934888
0.0,12,4.935481
0.0,9,4.935939
0.0,20,4.936874
0.0,5,4.937171
0.0,62,4.939919
0.0,30,4.941294
0.0,16,4.94206
0.0,19,4.942948
0.0,6,4.943284
0.0,13,4.943913
0.0,22,4.944932
0.0,24,4.946046
0.0,30,4.947408
0.0,19,4.948312
0.0,56,4.950787
0.0,14,4.951471
0.0,63,4.95426
0.0,3,4.954463
0.0,8,4.954877
0.0,27,4.956129
0.0,82,4.959732
0.0,26,4.960936
0.0,12,4.961536
0.0,7,4.961913
0.0,11,4.962463
0.0,3,4.962663
0.0,70,4.965757
0.0,59,4.968395
1.0,51,4.970658
0.0,60,4.973326
0.0,91,4.977325
0.0,53,4.97968
0.0,2,4.979839
0.0,62,4.982588
0.0,4,4.982834
0.0,54,4.98524
0.0,13,4.985869
0.0,14,4.986544
0.0,23,4.987607
0.0,8,4.988039
0.0,12,4.988624
0.0,15,4.989351
0.0,14,4.990034
0.0,6,4.990363
0.0,7,4.990732
0.0,7,4.99111
0.0,10,4.99161
0.0,6,4.991937
0.0,6,4.992272
0.0,48,4.994422
0.0,19,4.995317
0.0,2,4.995472
0.0,57,4.998006
0.0,21,4.998986
0.0,13,4.999612
0.0,26,5.000804
0.0,7,5.001186
0.0,72,5.004374
0.0,3,5.004576
0.0,5,5.00486
0.0,15,5.005583
0.0,11,5.006134
0.0,16,5.006886
0.0,41,5.008734
0.0,7,5.009116
0.0,12,5.009697
0.0,24,5.010809
0.0,8,5.011236
0.0,11,5.011779
0.0,2,5.011933
0.0,5,5.012227
0.0,2,5.012384
0.0,3,5.01258
0.0,61,5.01528
0.0,14,5.01595
0.0,2,5.016117
0.0,23,5.017182
0.0,16,5.017935
1.0,26,5.019145
0.0,14,5.019816
0.0,23,5.020884
0.0,7,5.021266
0.0,2,5.021424
0.0,13,5.022063
0.0,13,5.022687
0.0,16,5.023456
0.0,17,5.024264
0.0,7,5.024636
0.0,10,5.025145
0.0,13,5.02577
0.0,13,5.026412
0.0,14,5.027091
0.0,80,5.030607
0.0,14,5.03129
0.0,16,5.032058
0.0,24,5.03316
0.0,5,5.033446
0.0,7,5.033817
0.0,3,5.034024
0.0,29,5.035337
0.0,10,5.035912
0.0,14,5.036593
0.0,7,5.036975
0.0,4,5.037217
0.0,9,5.037671
0.0,11,5.038233
0.0,21,5.039216
0.0,10,5.039716
0.0,5,5.040014
0.0,17,5.040813
0.0,84,5.044516
0.0,10,5.045028
0.0,5,5.045318
0.0,16,5.046081
0.0,41,5.047916
0.0,10,5.048426
0.0,55,5.050865
0.0,8,5.05129
0.0,2,5.051449
0.0,11,5.052005
0.0,7,5.052374
0.0,3,5.052577
0.0,13,5.053217
0.0,11,5.053758
0.0,28,5.05505
0.0,31,5.056463
0.0,5,5.056751
1.0,35,5.058356
0.0,24,5.05949
0.0,13,5.06013
0.0,16,5.060896
0.0,28,5.062189
0.0,19,5.063091
0.0,2,5.063249
0.0,7,5.063622
0.0,10,5.064132
0.0,2,5.064288
1.0,18,5.065153
0.0,15,5.065869
0.0,10,5.066383
0.0,8,5.066797
0.0,9,5.067263
0.0,11,5.067805
0.0,32,5.069276
0.0,12,5.069864
0.0,19,5.070762
0.0,5,5.071062
0.0,3,5.07126
0.0,16,5.072024
0.0,8,5.072438
0.0,36,5.074068
0.0,47,5.07617
0.0,13,5.076799
0.0,6,5.07714
0.0,26,5.078339
0.0,7,5.078715
0.0,7,5.0791
0.0,5,5.079384
0.0,6,5.07971
0.0,5,5.080006
0.0,18,5.080848
0.0,29,5.082184
0.0,16,5.082944
0.0,33,5.084443
0.0,12,5.08504
0.0,20,5.085979
0.0,9,5.086441
0.0,3,5.086641
0.0,8,5.087063
0.0,3,5.087264
0.0,61,5.089981
0.0,5,5.090268
0.0,21,5.091246
0.0,5,5.091533
0.0,9,5.092001
0.0,9,5.092456
0.0,5,5.092743
0.0,19,5.093637
0.0,23,5.094708
0.0,32,5.096171
0.0,4,5.096417
0.0,3,5.096617
0.0,18,5.097465
0.0,17,5.098282
0.0,8,5.098698
0.0,5,5.098995
0.0,3,5.099194
0.0,10,5.099692
0.0,5,5.099989
0.0,3,5.100188
0.0,38,5.101893
0.0,10,5.102403
0.0,47,5.104507
0.0,29,5.105834
0.0,5,5.106131
0.0,21,5.107113
0.0,8,5.107529
0.0,8,5.107943
0.0,10,5.108458
0.0,6,5.108782
0.0,19,5.109678
1.0,8,5.110105
0.0,2,5.110259
0.0,6,5.11059
0.0,23,5.111659
0.0,7,5.112045
0.0,34,5.113588
0.0,2,5.113743
0.0,38,5.115458
0.0,7,5.115828
0.0,7,5.116212
0.0,23,5.117273
0.0,2,5.117428
0.0,8,5.117841
0.0,9,5.118318
0.0,53,5.120683
0.0,61,5.123399
0.0,13,5.124037
0.0,6,5.124367
0.0,16,5.125136
0.0,35,5.126713
0.0,24,5.127825
0.0,13,5.128469
0.0,13,5.129112
0.0,15,5.129828
0.0,4,5.130085
0.0,7,5.130459
0.0,39,5.132217
0.0,4,5.13246
0.0,21,5.13344
0.0,9,5.133896
0.0,25,5.135052
0.0,41,5.136895
0.0,30,5.138342
0.0,39,5.140103
0.0,19,5.140997
0.0,24,5.142106
0.0,6,5.142433
0.0,5,5.142716
0.0,12,5.143313
0.0,25,5.144466
0.0,28,5.145751
0.0,12,5.146349
0.0,3,5.14655
0.0,51,5.148832
0.0,7,5.149217
0.0,33,5.150711
0.0,9,5.151185
0.0,6,5.151514
0.0,8,5.151929
0.0,21,5.152908
0.0,49,5.155134
0.0,15,5.15585
0.0,48,5.15802
0.0,9,5.158477
0.0,6,5.158805
0.0,10,5.159315
0.0,14,5.160004
0.0,7,5.160376
0.0,10,5.160877
0.0,53,5.163251
0.0,17,5.164064
0.0,9,5.16452
0.0,15,5.165246
0.0,12,5.16583
0.0,13,5.166472
0.0,25,5.167629
0.0,18,5.168486
0.0,6,5.168814
0.0,7,5.169196
0.0,18,5.170048
1.0,44,5.172033
0.0,5,5.172317
0.0,8,5.172733
0.0,6,5.17307
0.0,32,5.174522
0.0,2,5.17468
0.0,16,5.175444
0.0,5,5.175731
0.0,18,5.176584
0.0,5,5.176869
0.0,37,5.178547
0.0,7,5.17892
0.0,23,5.179987
0.0,2,5.180143
0.0,14,5.18082
0.0,27,5.182057
0.0,25,5.183212
0.0,39,5.184969
0.0,2,5.185128
0.0,10,5.185627
0.0,10,5.186136
0.0,27,5.187372
0.0,5,5.187655
0.0,6,5.187996
0.0,3,5.188195
0.0,10,5.188697
0.0,7,5.189075
1.0,28,5.190351
0.0,16,5.191117
0.0,2,5.191272
0.0,9,5.191726
0.0,12,5.192321
0.0,8,5.192733
0.0,32,5.194196
0.0,8,5.194607
0.0,15,5.195329
0.0,20,5.196267
0.0,10,5.196764
1.0,6,5.197101
0.0,3,5.197303
0.0,4,5.197546
0.0,46,5.199617
0.0,14,5.200296
0.0,34,5.201832
0.0,16,5.202602
0.0,27,5.203842
0.0,3,5.204052
0.0,15,5.204758
1.0,9,5.205224
0.0,33,5.206715
0.0,8,5.207142
0.0,56,5.209631
0.0,15,5.210359
0.0,25,5.211512
0.0,7,5.211885
0.0,5,5.212183
0.0,22,5.213209
0.0,9,5.213663
0.0,17,5.214473
0.0,21,5.215455
0.0,42,5.217353
0.0,2,5.217511
0.0,3,5.217708
0.0,8,5.218138
0.0,26,5.219325
0.0,17,5.220139
0.0,14,5.220806
0.0,10,5.221317
0.0,8,5.221728
0.0,2,5.221884
0.0,6,5.222224
0.0,13,5.222851
0.0,18,5.223701
1.0,6,5.224042
0.0,42,5.225914
0.0,24,5.227036
0.0,30,5.228403
0.0,12,5.229004
0.0,26,5.230193
0.0,9,5.23065
0.0,9,5.231117
0.0,9,5.231575
1.0,20,5.232512
0.0,11,5.233068
0.0,8,5.233484
0.0,18,5.234334
0.0,16,5.235107
0.0,10,5.235606
0.0,11,5.236161
0.0,19,5.23706
0.0,6,5.237463
0.0,20,5.238408
0.0,26,5.239604
0.0,2,5.23976
0.0,2,5.239916
0.0,44,5.241893
0.0,5,5.242192
0.0,5,5.242481
0.0,34,5.244029
0.0,10,5.24453
0.0,11,5.245088
0.0,4,5.24533
0.0,7,5.245698
0.0,15,5.246423
0.0,26,5.247619
0.0,9,5.248095
0.0,28,5.249378
0.0,55,5.251832
0.0,4,5.252084
0.0,11,5.252624
0.0,17,5.253434
0.0,6,5.253766
0.0,24,5.254874
0.0,8,5.255302
0.0,38,5.257031
0.0,4,5.257291
0.0,7,5.257661
0.0,3,5.257859
0.0,44,5.259849
0.0,22,5.260882
0.0,13,5.261529
0.0,3,5.261731
0.0,25,5.262887
0.0,4,5.263142
0.0,45,5.265162
0.0,11,5.265709
0.0,29,5.267036
0.0,4,5.26728
0.0,36,5.268907
0.0,2,5.269073
0.0,6,5.269402
0.0,23,5.270464
0.0,6,5.270796
0.0,9,5.271261
0.0,22,5.272284
0.0,15,5.273009
0.0,29,5.274338
0.0,2,5.274494
0.0,6,5.274818
0.0,24,5.275927
0.0,22,5.276949
0.0,22,5.277983
0.0,7,5.278352
0.0,16,5.279125
0.0,25,5.280275
0.0,4,5.28052
0.0,4,5.28076
0.0,37,5.282436
0.0,31,5.283848
0.0,21,5.28483
0.0,3,5.285039
0.0,23,5.286109
0.0,11,5.286653
0.0,17,5.287459
0.0,6,5.287788
0.0,26,5.289003
0.0,3,5.289205
0.0,7,5.289573
0.0,2,5.289726
0.0,5,5.290019
0.0,8,5.290433
0.0,15,5.291157
0.0,14,5.291833
0.0,2,5.292001
0.0,61,5.294711
1.0,19,5.295612
0.0,18,5.296472
0.0,10,5.296985
0.0,10,5.297484
0.0,19,5.298394
0.0,7,5.298769
0.0,16,5.299545
0.0,10,5.300058
0.0,16,5.300817
0.0,10,5.301329
0.0,59,5.303961
0.0,5,5.304253
0.0,17,5.305065
0.0,9,5.305524
0.0,15,5.306254
0.0,8,5.306665
0.0,24,5.307778
0.0,42,5.309684
0.0,23,5.310761
0.0,12,5.311356
0.0,10,5.311862
0.0,3,5.31207
0.0,2,5.312225
0.0,19,5.313123
0.0,9,5.313586
0.0,39,5.31536
1.0,23,5.316431
0.0,2,5.316586
0.0,6,5.31691
0.0,20,5.317845
0.0,7,5.318232
0.0,15,5.318945
0.0,5,5.319244
0.0,29,5.320567
0.0,15,5.321293
0.0,17,5.32211
0.0,4,5.322352
0.0,2,5.322505
0.0,18,5.323359
0.0,50,5.325604
0.0,5,5.325891
0.0,3,5.326099
0.0,18,5.326939
0.0,3,5.327146
0.0,17,5.327939
0.0,4,5.328198
0.0,16,5.328963
1.0,9,5.329421
0.0,19,5.330316
0.0,10,5.330815
0.0,7,5.331199
0.0,20,5.332139
0.0,28,5.333421
0.0,15,5.334152
1.0,26,5.335349
0.0,27,5.336587
0.0,31,5.338017
0.0,2,5.338232
0.0,9,5.338686
0.0,5,5.33898
0.0,4,5.339225
0.0,4,5.339467
0.0,40,5.341266
0.0,9,5.341726
0.0,8,5.342149
0.0,17,5.342948
0.0,38,5.344663
0.0,3,5.344863
0.0,14,5.345541
0.0,83,5.349179
1.0,8,5.349597
0.0,16,5.350361
0.0,8,5.350773
0.0,18,5.351629
0.0,2,5.351787
0.0,6,5.352127
0.0,2,5.352283
0.0,11,5.352826
0.0,18,5.353675
0.0,12,5.35427
0.0,22,5.355295
0.0,5,5.35558
0.0,42,5.357457
0.0,53,5.359812
0.0,2,5.359976
0.0,22,5.361005
0.0,14,5.361675
0.0,19,5.362572
0.0,12,5.363169
0.0,6,5.363498
0.0,18,5.364353
0.0,4,5.364598
0.0,8,5.365018
0.0,32,5.366469
0.0,3,5.36667
0.0,47,5.368773
0.0,11,5.369328
0.0,4,5.369569
1.0,8,5.369995
0.0,56,5.372468
0.0,5,5.372755
0.0,5,5.373049
0.0,17,5.373847
0.0,10,5.374353
0.0,46,5.376404
0.0,5,5.376689
0.0,5,5.376985
0.0,8,5.3774
0.0,30,5.37877
0.0,23,5.37984
0.0,14,5.380525
0.0,9,5.380991
1.0,18,5.381833
0.0,7,5.382214
0.0,20,5.383157
0.0,4,5.383399
0.0,23,5.384469
1.0,9,5.384924
0.0,2,5.385084
0.0,4,5.385329
0.0,19,5.386221
0.0,17,5.387031
0.0,18,5.387871
0.0,5,5.388171
0.0,4,5.388412
0.0,5,5.388693
0.0,26,5.389885
0.0,16,5.390654
0.0,12,5.391252
0.0,12,5.391838
1.0,11,5.39239
0.0,23,5.393453
0.0,12,5.394052
0.0,18,5.394896
0.0,3,5.395103
0.0,14,5.395775
0.0,9,5.396244
0.0,10,5.396744
0.0,12,5.397336
0.0,13,5.397979
0.0,5,5.398263
0.0,6,5.39859
0.0,2,5.398743
0.0,33,5.400243
0.0,10,5.400746
0.0,15,5.401472
0.0,14,5.402151
0.0,2,5.402309
0.0,20,5.403246
0.0,5,5.403529
0.0,46,5.405591
0.0,17,5.406406
0.0,12,5.407001
0.0,3,5.407202
0.0,4,5.407441
0.0,4,5.407683
0.0,24,5.408797
0.0,15,5.409523
0.0,25,5.410675
0.0,15,5.411404
0.0,9,5.411859
0.0,6,5.412196
0.0,11,5.41274
0.0,16,5.413501
0.0,20,5.414438
0.0,16,5.415198
1.0,20,5.416133
0.0,15,5.416846
0.0,38,5.418564
0.0,4,5.418806
0.0,2,5.418967
0.0,2,5.419123
0.0,53,5.421475
0.0,14,5.422158
0.0,12,5.42274
0.0,21,5.423725
0.0,5,5.424022
0.0,25,5.425172
0.0,23,5.426241
0.0,7,5.426616
0.0,22,5.427636
0.0,11,5.428193
0.0,4,5.428435
0.0,29,5.429754
0.0,50,5.431985
0.0,4,5.432229
0.0,12,5.432815
0.0,2,5.43298
0.0,11,5.433523
0.0,11,5.434074
0.0,6,5.434404
0.0,10,5.434905
0.0,5,5.435201
0.0,18,5.436055
0.0,2,5.436213
0.0,25,5.437356
0.0,4,5.437598
0.0,13,5.438243
0.0,27,5.439579
0.0,5,5.439866
0.0,14,5.440544
0.0,24,5.441655
0.0,8,5.442082
0.0,15,5.442796
0.0,40,5.444606
0.0,9,5.445072
0.0,6,5.445399
0.0,6,5.445727
0.0,17,5.44654
0.0,37,5.448225
0.0,8,5.448641
0.0,17,5.449455
1.0,15,5.45018
0.0,6,5.450506
1.0,15,5.451228
0.0,19,5.452131
1.0,15,5.452841
0.0,5,5.453138
0.0,9,5.453597
1.0,45,5.455621
0.0,28,5.456896
0.0,22,5.457918
0.0,6,5.458262
0.0,26,5.459455
0.0,18,5.460309
0.0,28,5.461588
0.0,9,5.462059
0.0,3,5.46226
0.0,28,5.463542
0.0,3,5.463741
0.0,27,5.46499
0.0,22,5.466014
0.0,11,5.466556
0.0,28,5.467841
0.0,4,5.468103
0.0,29,5.469429
0.0,17,5.470241
0.0,2,5.470399
0.0,36,5.472039
0.0,19,5.472925
0.0,13,5.473561
0.0,10,5.474071
0.0,3,5.474272
0.0,35,5.47586
0.0,6,5.476203
0.0,16,5.476971
0.0,12,5.477558
0.0,14,5.478251
0.0,4,5.478495
0.0,2,5.478652
0.0,5,5.478939
0.0,10,5.47945
0.0,2,5.479607
1.0,14,5.480289
0.0,35,5.481872
0.0,5,5.482168
0.0,26,5.483365
0.0,8,5.483783
0.0,9,5.484248
0.0,21,5.485231
0.0,19,5.48613
0.0,11,5.486676
0.0,47,5.488786
0.0,43,5.490728
0.0,13,5.491368
1.0,35,5.49296
0.0,16,5.493724
0.0,8,5.494148
0.0,15,5.494858
0.0,9,5.495327
0.0,11,5.495867
0.0,11,5.496418
0.0,6,5.496748
1.0,8,5.497171
0.0,16,5.497926
0.0,12,5.498523
0.0,19,5.499424
0.0,4,5.499671
0.0,9,5.500136
0.0,8,5.500554
0.0,8,5.500977
0.0,8,5.501391
0.0,9,5.501848
0.0,7,5.502228
0.0,19,5.503129
0.0,33,5.504623
0.0,14,5.505308
0.0,19,5.506209
0.0,3,5.506411
0.0,2,5.506565
0.0,23,5.507629
0.0,17,5.50845
0.0,7,5.508821
0.0,18,5.509681
0.0,12,5.51028
0.0,2,5.510438
0.0,4,5.510679
0.0,9,5.511145
0.0,11,5.511689
0.0,52,5.514023
0.0,21,5.51501
0.0,7,5.515386
0.0,21,5.516366
0.0,33,5.517862
0.0,19,5.51877
0.0,3,5.518979
0.0,17,5.519778
0.0,35,5.521372
0.0,28,5.522659
0.0,14,5.523344
0.0,2,5.523501
0.0,3,5.523698
0.0,19,5.524594
0.0,4,5.524852
0.0,81,5.528442
0.0,30,5.529812
0.0,28,5.531102
0.0,40,5.532897
0.0,7,5.533278
0.0,3,5.533477
0.0,13,5.534117
0.0,5,5.534402
0.0,25,5.535565
1.0,8,5.535995
0.0,6,5.536321
0.0,53,5.538697
0.0,16,5.539476
0.0,6,5.539806
0.0,19,5.540701
0.0,2,5.540915
0.0,5,5.541212
0.0,19,5.542112
0.0,7,5.542484
0.0,21,5.543465
0.0,3,5.543664
0.0,7,5.544045
0.0,9,5.544501
0.0,11,5.545053
0.0,8,5.545469
0.0,16,5.546237
0.0,19,5.547131
0.0,11,5.547674
0.0,11,5.548233
0.0,4,5.548474
0.0,2,5.548627
0.0,5,5.548912
0.0,12,5.549505
0.0,3,5.549706
0.0,26,5.550895
0.0,18,5.551746
0.0,68,5.554749
0.0,34,5.5563
0.0,3,5.556501
0.0,35,5.558097
0.0,8,5.558513
0.0,10,5.55902
0.0,8,5.559435
0.0,17,5.560245
0.0,17,5.561052
0.0,6,5.561382
0.0,2,5.561535
0.0,12,5.562129
0.0,7,5.562503
0.0,11,5.563049
0.0,43,5.564977
0.0,10,5.56548
0.0,9,5.565934
0.0,3,5.566139
0.0,33,5.56762
0.0,9,5.568095
0.0,17,5.568894
0.0,31,5.570299
0.0,13,5.570928
0.0,18,5.571772
0.0,8,5.5722
0.0,6,5.572525
0.0,22,5.573549
0.0,7,5.573916
0.0,4,5.574164
0.0,7,5.574535
0.0,8,5.574949
0.0,5,5.575245
0.0,16,5.576005
0.0,26,5.577189
0.0,7,5.577561
0.0,15,5.578286
0.0,2,5.578442
0.0,15,5.579161
0.0,5,5.579443
0.0,6,5.579768
0.0,21,5.580744
0.0,2,5.580903
0.0,11,5.581454
0.0,11,5.582009
1.0,9,5.582468
0.0,16,5.583226
0.0,8,5.583642
0.0,15,5.584365
0.0,24,5.585475
0.0,9,5.585929
0.0,11,5.586479
0.0,31,5.587877
0.0,6,5.588218
0.0,25,5.589373
0.0,12,5.589972
0.0,2,5.590127
0.0,11,5.590667
0.0,14,5.591348
0.0,23,5.592418
0.0,16,5.593185
0.0,3,5.593383
0.0,15,5.594106
0.0,6,5.594437
0.0,12,5.59503
0.0,15,5.595742
0.0,52,5.598062
0.0,15,5.598773
1.0,29,5.600107
0.0,17,5.600902
0.0,37,5.60256
0.0,33,5.604054
0.0,18,5.604901
0.0,2,5.605064
0.0,8,5.605478
0.0,61,5.608174
0.0,2,5.608332
0.0,61,5.611033
0.0,65,5.613897
0.0,8,5.61432
0.0,22,5.61534
0.0,35,5.61691
0.0,24,5.618022
0.0,10,5.61852
0.0,44,5.620484
0.0,29,5.621798
0.0,31,5.623219
0.0,2,5.623374
0.0,3,5.62357
0.0,58,5.626135
0.0,2,5.62629
0.0,26,5.627481
0.0,15,5.628207
0.0,49,5.630387
0.0,19,5.631285
0.0,7,5.631658
0.0,2,5.631814
0.0,2,5.631991
0.0,13,5.632622
0.0,30,5.633998
0.0,46,5.636052
0.0,8,5.636468
0.0,15,5.637193
0.0,13,5.637814
0.0,41,5.639663
0.0,12,5.640261
0.0,47,5.642345
0.0,6,5.642676
0.0,2,5.642829
0.0,12,5.643422
0.0,2,5.643636
0.0,26,5.644856
0.0,50,5.647113
0.0,6,5.647442
0.0,61,5.650173
0.0,74,5.653442
0.0,8,5.653856
0.0,27,5.655115
0.0,69,5.658189
0.0,22,5.659222
0.0,10,5.659726
0.0,40,5.661536
0.0,44,5.663521
0.0,54,5.665938
0.0,4,5.666192
0.0,8,5.666607
0.0,44,5.668602
0.0,8,5.669033
0.0,21,5.670022
0.0,54,5.67243
0.0,15,5.673156
0.0,57,5.675692
0.0,6,5.67603
0.0,3,5.676227
0.0,2,5.676381
0.0,16,5.677152
0.0,13,5.677778
0.0,18,5.678639
0.0,14,5.679323
0.0,5,5.67961
0.0,17,5.680422
0.0,17,5.68123
0.0,35,5.682813
0.0,59,5.685451
0.0,14,5.686135
0.0,7,5.686506
0.0,33,5.688018
0.0,4,5.688261
0.0,4,5.688505
0.0,5,5.68879
0.0,19,5.689693
0.0,11,5.690252
0.0,13,5.690884
0.0,18,5.691743
0.0,35,5.693348
0.0,11,5.69389
0.0,6,5.694227
0.0,20,5.695166
0.0,9,5.695622
0.0,50,5.697859
1.0,28,5.699159
0.0,20,5.700097
0.0,11,5.700641
0.0,4,5.700884
0.0,58,5.703466
0.0,10,5.703978
0.0,40,5.705776
0.0,2,5.705934
0.0,27,5.707186
0.0,16,5.707945
0.0,3,5.708159
0.0,6,5.70849
0.0,4,5.70873
0.0,9,5.709199
0.0,2,5.709357
0.0,3,5.709554
0.0,11,5.710108
0.0,20,5.711045
0.0,11,5.711591
0.0,2,5.711747
0.0,5,5.712045
0.0,2,5.712201
0.0,2,5.712358
0.0,2,5.712514
0.0,11,5.713066
0.0,56,5.715555
0.0,7,5.715929
1.0,14,5.716611
0.0,12,5.71721
0.0,14,5.717885
0.0,6,5.718233
0.0,6,5.718561
0.0,28,5.719849
0.0,6,5.720193
0.0,10,5.720696
0.0,20,5.721637
0.0,7,5.722025
0.0,6,5.722354
0.0,27,5.723597
0.0,8,5.724027
0.0,21,5.725017
0.0,20,5.725943
0.0,4,5.726195
0.0,4,5.726434
1.0,13,5.727073
0.0,9,5.727528
0.0,84,5.731236
0.0,11,5.731781
0.0,5,5.732081
0.0,27,5.733325
0.0,22,5.734361
0.0,12,5.734951
0.0,43,5.736889
0.0,24,5.73802
0.0,15,5.738739
0.0,20,5.739677
0.0,4,5.739922
0.0,29,5.741259
0.0,19,5.742157
0.0,4,5.742402
0.0,20,5.743342
0.0,19,5.744237
0.0,5,5.74452
0.0,18,5.745375
0.0,13,5.746017
0.0,19,5.746901
0.0,15,5.74762
0.0,15,5.748354
0.0,13,5.748997
0.0,4,5.749243
0.0,13,5.749872
0.0,19,5.750773
0.0,5,5.751071
0.0,12,5.751658
0.0,13,5.752301
0.0,22,5.753325
0.0,20,5.754264
0.0,20,5.755211
0.0,23,5.75628
1.0,19,5.757237
0.0,22,5.758274
0.0,3,5.758473
0.0,11,5.759024
0.0,15,5.759741
1.0,20,5.760677
0.0,2,5.760834
0.0,24,5.761946
0.0,10,5.762456
0.0,13,5.763095
0.0,13,5.763719
0.0,15,5.764444
0.0,6,5.764774
0.0,21,5.765754
0.0,4,5.766006
0.0,23,5.76708
0.0,31,5.768503
0.0,10,5.769016
0.0,24,5.770121
0.0,7,5.770489
0.0,17,5.7713
0.0,8,5.771713
0.0,5,5.772007
0.0,2,5.772163
0.0,3,5.772359
0.0,9,5.772819
0.0,30,5.774195
0.0,10,5.774695
0.0,8,5.775116
0.0,23,5.776188
0.0,9,5.776645
0.0,9,5.777113
0.0,19,5.778013
0.0,27,5.779244
0.0,4,5.779486
0.0,30,5.780843
1.0,11,5.781396
0.0,10,5.781896
0.0,15,5.782615
1.0,14,5.783298
0.0,13,5.783928
0.0,24,5.785048
0.0,41,5.786884
0.0,14,5.787564
0.0,27,5.788804
0.0,5,5.789102
0.0,14,5.789774
0.0,36,5.791402
0.0,16,5.792169
0.0,54,5.794575
0.0,11,5.795127
0.0,4,5.79537
0.0,26,5.796565
0.0,32,5.798034
0.0,16,5.798788
0.0,42,5.800672
0.0,6,5.80101
0.0,16,5.801766
0.0,10,5.802274
0.0,4,5.802515
0.0,36,5.804142
0.0,16,5.8049
0.0,3,5.805108
0.0,22,5.806129
0.0,20,5.807066
0.0,4,5.807311
0.0,49,5.8095
0.0,29,5.810823
0.0,4,5.81108
0.0,5,5.811363
0.0,12,5.811947
1.0,32,5.813403
0.0,9,5.81386
0.0,6,5.8142
0.0,36,5.81582
0.0,6,5.816158
0.0,28,5.817436
0.0,6,5.817764
0.0,8,5.818195
0.0,22,5.819223
0.0,46,5.821272
0.0,12,5.821859
0.0,13,5.822499
0.0,8,5.822916
0.0,16,5.823684
0.0,15,5.82441
0.0,3,5.824611
0.0,22,5.825633
0.0,13,5.826273
0.0,4,5.826517
0.0,57,5.829063
0.0,7,5.829432
0.0,2,5.829586
0.0,13,5.83022
0.0,19,5.831116
0.0,11,5.83166
0.0,9,5.832131
0.0,15,5.832844
0.0,4,5.833096
0.0,25,5.834248
0.0,11,5.83479
0.0,19,5.835682
0.0,7,5.836066
0.0,16,5.836824
1.0,19,5.837721
0.0,5,5.838023
0.0,2,5.838192
0.0,33,5.839684
0.0,3,5.839887
0.0,2,5.84005
0.0,41,5.841889
0.0,8,5.842312
0.0,10,5.842814
0.0,13,5.843451
0.0,28,5.844729
0.0,14,5.845409
0.0,27,5.846654
0.0,10,5.847169
0.0,5,5.847453
0.0,33,5.848961
0.0,3,5.849165
0.0,16,5.849921
0.0,29,5.851251
0.0,13,5.851878
0.0,8,5.852296
0.0,7,5.852669
0.0,13,5.853313
0.0,28,5.85459
0.0,7,5.854973
0.0,2,5.855128
0.0,3,5.855327
0.0,8,5.855738
0.0,9,5.856206
0.0,7,5.856576
0.0,24,5.857751
0.0,23,5.858826
0.0,5,5.859124
0.0,14,5.859798
0.0,3,5.86001
0.0,6,5.860342
0.0,19,5.861236
0.0,20,5.862177
0.0,20,5.86312
0.0,6,5.863451
0.0,8,5.863866
0.0,29,5.865206
0.0,8,5.865624
0.0,26,5.866829
0.0,14,5.867508
0.0,8,5.867921
0.0,5,5.868217
0.0,20,5.869159
0.0,29,5.870481
0.0,58,5.87307
0.0,7,5.873445
0.0,21,5.874434
0.0,52,5.876751
0.0,5,5.877051
0.0,4,5.877295
0.0,12,5.877877
0.0,21,5.878864
0.0,33,5.880363
0.0,6,5.880691
0.0,7,5.881075
0.0,6,5.881405
0.0,6,5.881732
0.0,18,5.882586
0.0,67,5.885549
0.0,81,5.889134
0.0,25,5.890294
0.0,11,5.890837
0.0,21,5.891819
0.0,9,5.892288
0.0,2,5.892444
0.0,39,5.894202
0.0,37,5.895868
0.0,3,5.896079
0.0,2,5.896234
0.0,8,5.896647
0.0,11,5.897201
0.0,15,5.897913
0.0,31,5.899325
0.0,12,5.899912
0.0,28,5.901207
0.0,42,5.9031
0.0,2,5.903256
0.0,5,5.903538
0.0,22,5.904555
0.0,57,5.9071
0.0,35,5.908686
0.0,68,5.911696
0.0,22,5.912719
0.0,20,5.913662
0.0,9,5.914132
0.0,32,5.915585
0.0,17,5.916397
0.0,57,5.918947
0.0,20,5.919884
0.0,100,5.924284
0.0,10,5.924781
0.0,26,5.925983
0.0,2,5.926139
0.0,12,5.926726
0.0,2,5.926882
0.0,9,5.927349
0.0,22,5.92838
0.0,49,5.930571
0.0,23,5.931888
0.0,4,5.932173
0.0,63,5.935011
0.0,19,5.93591
0.0,6,5.936253
0.0,24,5.93737
0.0,5,5.937661
0.0,27,5.938915
0.0,3,5.939127
0.0,4,5.939373
0.0,11,5.939919
0.0,30,5.941306
0.0,30,5.942682
0.0,58,5.945283
0.0,21,5.946268
0.0,3,5.94647
0.0,34,5.948035
0.0,24,5.949153
0.0,4,5.949399
0.0,35,5.950999
0.0,37,5.95268
0.0,35,5.954288
0.0,86,5.958122
0.0,37,5.959805
0.0,65,5.962707
0.0,40,5.964516
0.0,90,5.968498
0.0,7,5.968876
0.0,17,5.969699
0.0,100,5.974144
0.0,16,5.974904
0.0,33,5.976418
0.0,8,5.976835
0.0,2,5.977001
0.0,14,5.977672
0.0,7,5.978062
0.0,3,5.978262
0.0,33,5.979765
0.0,15,5.980495
0.0,52,5.982825
0.0,15,5.983557
0.0,100,5.987999
0.0,38,5.989728
0.0,22,5.990761
0.0,14,5.991448
0.0,34,5.99301
0.0,7,5.993383
0.0,7,5.993757
0.0,2,5.993914
0.0,27,5.99517
0.0,21,5.996161
0.0,18,5.997022
0.0,15,5.997744
0.0,2,5.9979
0.0,22,5.998934
0.0,4,5.999245
0.0,21,6.000243
0.0,62,6.003019
0.0,26,6.004226
0.0,14,6.004908
0.0,19,6.005808
0.0,14,6.006499
0.0,100,6.010952
0.0,5,6.01125
0.0,3,6.011447
0.0,2,6.011601
0.0,100,6.016038
0.0,12,6.016628
0.0,3,6.016826
0.0,2,6.01699
0.0,9,6.017452
0.0,26,6.018663
0.0,39,6.020452
0.0,8,6.02087
0.0,11,6.021427
0.0,32,6.022886
0.0,37,6.024573
0.0,86,6.028397
0.0,14,6.029088
0.0,61,6.031802
0.0,53,6.034189
0.0,8,6.034612
0.0,8,6.035038
0.0,11,6.035589
0.0,100,6.040041
0.0,12,6.040632
0.0,16,6.041408
0.0,38,6.043144
0.0,17,6.043952
0.0,17,6.044766
0.0,29,6.046107
0.0,10,6.046609
0.0,9,6.047076
0.0,19,6.047981
0.0,14,6.048659
0.0,10,6.04917
0.0,11,6.049715
0.0,8,6.05014
0.0,14,6.050819
0.0,46,6.052892
0.0,21,6.053885
0.0,28,6.055188
0.0,15,6.05591
0.0,11,6.056469
0.0,13,6.057112
0.0,9,6.057578
0.0,19,6.058489
0.0,2,6.058646
0.0,22,6.059676
0.0,9,6.060146
0.0,8,6.060563
0.0,15,6.061293
0.0,13,6.061918
0.0,4,6.062169
0.0,5,6.062455
0.0,21,6.063445
0.0,100,6.067875
0.0,14,6.068571
0.0,2,6.068728
0.0,12,6.069324
0.0,6,6.069654
0.0,17,6.070473
0.0,7,6.070845
0.0,7,6.071226
0.0,5,6.071517
0.0,4,6.071758
0.0,3,6.071964
1.0,27,6.073213
0.0,8,6.073633
0.0,11,6.074194
1.0,11,6.074744
0.0,9,6.075214
0.0,8,6.075634
0.0,32,6.077107
0.0,13,6.077743
0.0,5,6.078049
0.0,4,6.078293
0.0,2,6.078447
0.0,7,6.078816
0.0,6,6.07916
0.0,39,6.080923
0.0,19,6.08183
0.0,7,6.082214
0.0,7,6.082587
0.0,34,6.08415
0.0,24,6.085269
0.0,8,6.08569
0.0,28,6.086999
0.0,2,6.087159
0.0,34,6.088714
0.0,4,6.08897
0.0,28,6.090261
0.0,13,6.090896
0.0,3,6.091108
0.0,30,6.092487
0.0,4,6.092729
1.0,12,6.093326
0.0,7,6.093697
0.0,5,6.093991
0.0,17,6.094797
0.0,7,6.095184
0.0,28,6.096473
0.0,22,6.097507
0.0,13,6.098162
0.0,3,6.098362
0.0,18,6.09922
0.0,74,6.102502
0.0,7,6.102878
0.0,6,6.103217
0.0,9,6.103675
0.0,5,6.103969
0.0,34,6.105516
0.0,6,6.105909
0.0,3,6.106119
0.0,10,6.10662
0.0,3,6.106818
0.0,11,6.107377
0.0,4,6.107623
0.0,21,6.108615
0.0,38,6.110344
0.0,41,6.112205
0.0,41,6.114068
0.0,28,6.115354
0.0,27,6.116602
0.0,9,6.117073
0.0,33,6.118591
0.0,7,6.118969
0.0,11,6.119514
0.0,17,6.120329
0.0,7,6.1207
0.0,14,6.121385
0.0,17,6.1222
0.0,16,6.122969
0.0,3,6.12317
0.0,51,6.125456
0.0,21,6.126441
0.0,8,6.126853
0.0,16,6.127627
0.0,12,6.128232
0.0,24,6.129353
0.0,51,6.131646
0.0,28,6.132934
0.0,8,6.133357
0.0,3,6.133555
0.0,12,6.134152
0.0,25,6.135306
0.0,19,6.136207
0.0,6,6.13654
0.0,75,6.139886
0.0,18,6.140749
0.0,2,6.140906
0.0,8,6.141337
0.0,23,6.142416
0.0,66,6.145378
0.0,19,6.14628
0.0,19,6.147185
0.0,19,6.148093
0.0,2,6.148249
0.0,47,6.150368
0.0,11,6.150917
0.0,26,6.152121
0.0,3,6.152324
0.0,10,6.152826
0.0,6,6.153163
0.0,21,6.154155
0.0,29,6.155489
0.0,9,6.155949
0.0,42,6.157853
0.0,27,6.159111
0.0,21,6.160099
0.0,40,6.161897
0.0,6,6.162241
0.0,10,6.162748
0.0,7,6.163135
0.0,67,6.166122
0.0,27,6.167375
0.0,35,6.168982
0.0,22,6.17002
0.0,53,6.172395
0.0,29,6.173725
0.0,11,6.174285
0.0,22,6.175313
0.0,72,6.178511
0.0,64,6.181365
0.0,42,6.183267
0.0,100,6.18768
0.0,6,6.188027
0.0,8,6.188446
0.0,3,6.188645
0.0,2,6.188799
0.0,47,6.190916
0.0,2,6.191082
0.0,5,6.191369
0.0,6,6.191699
0.0,100,6.19611
0.0,3,6.196311
0.0,15,6.197037
0.0,4,6.197279
0.0,3,6.197477
0.0,9,6.197935
0.0,5,6.198234
0.0,54,6.200655
0.0,11,6.201217
0.0,17,6.202037
0.0,33,6.203537
0.0,16,6.204311
0.0,52,6.206645
0.0,16,6.207418
0.0,26,6.208625
0.0,5,6.208915
0.0,52,6.211262
0.0,17,6.212077
0.0,9,6.21254
0.0,39,6.214314
0.0,99,6.218706
0.0,100,6.223161
0.0,6,6.223493
0.0,28,6.224786
0.0,4,6.225044
0.0,18,6.225894
0.0,6,6.226234
0.0,20,6.227181
0.0,14,6.227858
0.0,4,6.228119
0.0,4,6.228363
0.0,5,6.228647
0.0,7,6.229028
0.0,14,6.229761
0.0,4,6.230013
1.0,18,6.23086
0.0,15,6.231587
0.0,4,6.231833
0.0,5,6.232135
0.0,4,6.232382
0.0,14,6.233068
0.0,48,6.235228
0.0,37,6.236901
0.0,61,6.239645
0.0,35,6.241246
0.0,39,6.243014
0.0,2,6.243174
1.0,32,6.244628
0.0,9,6.245099
0.0,7,6.245475
0.0,8,6.245892
0.0,52,6.248234
0.0,7,6.248607
0.0,10,6.249116
0.0,28,6.250413
0.0,4,6.25066
0.0,16,6.251433
0.0,16,6.252212
0.0,11,6.252755
1.0,11,6.253312
0.0,2,6.253469
0.0,16,6.254235
0.0,14,6.254911
0.0,6,6.255249
0.0,13,6.255881
0.0,20,6.256825
0.0,8,6.257254
0.0,24,6.258371
0.0,7,6.258742
0.0,9,6.25921
0.0,8,6.25963
0.0,8,6.260058
0.0,11,6.260604
0.0,6,6.260932
0.0,3,6.261142
0.0,33,6.262642
0.0,4,6.262887
0.0,8,6.263313
0.0,20,6.26426
0.0,5,6.264544
0.0,10,6.265059
0.0,44,6.267042
0.0,3,6.267242
0.0,3,6.267441
0.0,15,6.268178
0.0,13,6.268812
0.0,2,6.268976
0.0,6,6.269309
0.0,9,6.269765
0.0,76,6.273151
0.0,21,6.274142
0.0,4,6.274385
0.0,10,6.274881
0.0,13,6.275527
0.0,4,6.275772
0.0,37,6.277457
0.0,5,6.277744
1.0,34,6.279303
0.0,6,6.279633
0.0,36,6.281271
0.0,7,6.281647
0.0,33,6.283172
0.0,20,6.284118
0.0,16,6.284883
1.0,22,6.285906
0.0,17,6.286713
0.0,2,6.286868
0.0,20,6.287812
0.0,20,6.288766
0.0,8,6.289196
0.0,23,6.290269
0.0,12,6.290857
0.0,8,6.291283
0.0,4,6.291526
0.0,10,6.292036
0.0,8,6.292454
0.0,6,6.292781
0.0,2,6.292935
0.0,2,6.293098
0.0,10,6.293596
0.0,19,6.294497
0.0,4,6.294739
0.0,43,6.296691
0.0,6,6.297033
0.0,3,6.297232
0.0,6,6.297561
1.0,35,6.299165
0.0,15,6.299878
0.0,4,6.300133
0.0,3,6.300333
0.0,8,6.300746
0.0,4,6.300996
0.0,3,6.301198
0.0,5,6.301482
0.0,9,6.301937
0.0,32,6.303414
0.0,5,6.3037
0.0,3,6.303897
0.0,25,6.305069
0.0,4,6.305313
0.0,4,6.305552
0.0,10,6.306076
0.0,30,6.307456
0.0,100,6.311862
0.0,5,6.312164
0.0,6,6.312496
0.0,2,6.312655
0.0,32,6.31413
0.0,30,6.315507
0.0,69,6.318583
0.0,3,6.318787
0.0,3,6.318997
0.0,4,6.319241
0.0,2,6.319395
0.0,18,6.320252
0.0,16,6.321029
0.0,7,6.321402
0.0,2,6.32156
0.0,16,6.322335
0.0,27,6.323579
0.0,18,6.324437
1.0,6,6.324771
0.0,27,6.326023
0.0,43,6.327975
0.0,8,6.328395
0.0,22,6.329428
0.0,12,6.330095
0.0,7,6.330467
0.0,10,6.330977
0.0,35,6.332573
0.0,7,6.332945
0.0,37,6.334631
0.0,53,6.337014
0.0,12,6.33761
0.0,11,6.338172
0.0,27,6.339425
0.0,9,6.339886
0.0,2,6.340053
0.0,12,6.340641
0.0,11,6.341194
0.0,6,6.341527
0.0,52,6.343854
0.0,36,6.345497
0.0,17,6.346314
0.0,2,6.346473
0.0,14,6.347162
1.0,34,6.348716
0.0,5,6.349012
0.0,3,6.349214
0.0,32,6.350677
0.0,31,6.352106
0.0,28,6.353399
0.0,25,6.354559
0.0,4,6.354806
0.0,40,6.356611
0.0,12,6.357204
0.0,33,6.358707
0.0,19,6.359609
0.0,20,6.36055
0.0,9,6.361021
0.0,8,6.361438
0.0,16,6.362206
0.0,41,6.364053
0.0,9,6.36451
0.0,7,6.364882
0.0,3,6.365094
0.0,8,6.36551
0.0,22,6.366538
0.0,25,6.367696
0.0,4,6.367939
0.0,54,6.370373
0.0,6,6.370707
0.0,19,6.371605
0.0,29,6.372939
0.0,5,6.373235
0.0,27,6.374481
0.0,23,6.375555
0.0,14,6.37624
0.0,28,6.377524
0.0,5,6.377813
0.0,31,6.37924
0.0,12,6.37983
0.0,11,6.380388
0.0,3,6.380591
0.0,3,6.38079
0.0,65,6.383682
1.0,17,6.384502
0.0,13,6.385141
0.0,8,6.385557
0.0,33,6.387076
0.0,16,6.387837
0.0,9,6.388319
0.0,21,6.389307
0.0,7,6.389679
0.0,7,6.390063
0.0,25,6.391222
1.0,10,6.391729
0.0,3,6.391925
0.0,6,6.392264
0.0,41,6.394135
0.0,19,6.395039
0.0,7,6.395417
0.0,7,6.395794
0.0,13,6.396434
0.0,9,6.396896
0.0,4,6.39715
0.0,11,6.397697
0.0,7,6.398089
0.0,11,6.398635
0.0,11,6.399194
0.0,7,6.399568
0.0,27,6.400815
0.0,20,6.401763
0.0,15,6.402488
0.0,17,6.4033
0.0,19,6.404207
0.0,4,6.404452
0.0,15,6.405177
0.0,7,6.405552
0.0,14,6.406237
0.0,21,6.40723
0.0,9,6.407696
0.0,36,6.409356
0.0,6,6.409684
0.0,10,6.410197
0.0,5,6.410483
0.0,7,6.410857
0.0,3,6.411067
0.0,17,6.41187
0.0,77,6.415286
0.0,32,6.416755
0.0,27,6.418013
0.0,2,6.41817
0.0,2,6.418327
0.0,7,6.418697
0.0,18,6.41956
0.0,16,6.420336
0.0,8,6.420752
0.0,5,6.421047
0.0,6,6.421375
0.0,19,6.42227
0.0,18,6.423133
0.0,43,6.425089
0.0,11,6.425637
0.0,8,6.426061
0.0,6,6.426396
0.0,2,6.426554
0.0,58,6.429143
0.0,14,6.429824
0.0,12,6.43049
0.0,11,6.43105
0.0,11,6.431598
0.0,5,6.431885
0.0,16,6.432658
0.0,9,6.433131
0.0,8,6.433549
0.0,4,6.433791
0.0,12,6.434395
0.0,11,6.434945
0.0,4,6.435198
0.0,19,6.436103
0.0,100,6.440519
0.0,28,6.441811
0.0,45,6.443845
0.0,4,6.444099
0.0,5,6.444387
0.0,8,6.444799
0.0,16,6.445563
0.0,6,6.445895
0.0,3,6.446103
0.0,22,6.44714
0.0,6,6.447473
0.0,16,6.448247
0.0,19,6.449155
0.0,6,6.449488
0.0,6,6.449817
0.0,4,6.450072
0.0,11,6.450616
0.0,38,6.452345
0.0,7,6.452724
0.0,12,6.453327
0.0,9,6.45379
0.0,44,6.455775
0.0,42,6.457678
0.0,24,6.458804
0.0,9,6.459279
0.0,12,6.45987
0.0,10,6.460386
0.0,6,6.460718
0.0,9,6.461185
0.0,16,6.461944
0.0,14,6.462626
0.0,12,6.463221
0.0,11,6.463768
0.0,6,6.464112
0.0,7,6.464488
0.0,30,6.465868
0.0,24,6.467002
0.0,2,6.467159
0.0,7,6.467529
0.0,13,6.468182
0.0,21,6.469177
0.0,29,6.470518
0.0,27,6.471764
0.0,22,6.472795
0.0,9,6.473269
0.0,7,6.473641
0.0,6,6.473982
0.0,5,6.474269
0.0,4,6.474514
0.0,15,6.475252
0.0,28,6.476556
0.0,16,6.47733
0.0,53,6.479715
0.0,13,6.480357
0.0,40,6.482178
0.0,28,6.483473
0.0,2,6.483633
0.0,26,6.484839
0.0,45,6.48688
0.0,18,6.487744
1.0,6,6.488092
0.0,4,6.488334
0.0,12,6.488925
0.0,50,6.491181
0.0,7,6.491554
0.0,6,6.491881
0.0,9,6.492348
0.0,29,6.493683
0.0,19,6.494593
0.0,12,6.495195
0.0,12,6.495784
0.0,13,6.496425
0.0,21,6.497418
0.0,5,6.497707
0.0,4,6.497949
0.0,29,6.499295
0.0,28,6.50059
0.0,11,6.501143
0.0,7,6.501514
0.0,3,6.501711
0.0,2,6.501868
0.0,27,6.503117
0.0,5,6.503403
0.0,22,6.504435
0.0,2,6.504591
0.0,2,6.504746
0.0,7,6.50513
0.0,23,6.506203
0.0,12,6.506799
0.0,7,6.507197
0.0,33,6.5087
0.0,37,6.510388
1.0,36,6.512029
0.0,48,6.5142
0.0,10,6.514707
0.0,7,6.515089
0.0,14,6.515763
0.0,25,6.516922
0.0,4,6.517173
0.0,7,6.517546
0.0,39,6.519324
0.0,37,6.521009
0.0,19,6.521909
1.0,9,6.522377
0.0,11,6.522923
0.0,29,6.524263
0.0,9,6.524722
0.0,9,6.52519
0.0,15,6.525913
0.0,8,6.526342
0.0,26,6.527544
1.0,15,6.528283
0.0,8,6.528702
0.0,3,6.528901
0.0,38,6.530629
0.0,17,6.531507
0.0,14,6.532195
0.0,11,6.532743
0.0,8,6.533168
0.0,11,6.533713
0.0,49,6.535918
0.0,22,6.53696
0.0,2,6.537119
0.0,39,6.538889
0.0,2,6.539059
0.0,2,6.539216
0.0,5,6.539502
0.0,8,6.539918
0.0,8,6.54034
0.0,2,6.540498
0.0,12,6.541099
0.0,14,6.541781
0.0,38,6.543514
0.0,21,6.544503
0.0,49,6.546701
0.0,12,6.547305
0.0,9,6.547767
0.0,6,6.548113
0.0,29,6.54945
0.0,2,6.549607
0.0,6,6.549932
0.0,14,6.550609
1.0,15,6.551342
0.0,4,6.551583
0.0,43,6.553535
0.0,6,6.553869
0.0,10,6.554388
0.0,2,6.554545
0.0,24,6.555663
0.0,13,6.556312
0.0,14,6.556997
0.0,10,6.557507
0.0,8,6.557923
0.0,16,6.558699
0.0,15,6.55943
0.0,18,6.560288
0.0,10,6.560787
1.0,16,6.561556
0.0,14,6.56224
0.0,15,6.562967
0.0,27,6.564217
0.0,21,6.56521
0.0,8,6.565629
0.0,22,6.566659
0.0,25,6.567818
0.0,10,6.568343
0.0,9,6.568804
0.0,19,6.569703
0.0,17,6.57052
0.0,11,6.571079
0.0,4,6.571321
0.0,5,6.571608
0.0,15,6.572329
0.0,14,6.573015
0.0,6,6.573348
0.0,18,6.574197
0.0,22,6.575222
0.0,6,6.575549
0.0,23,6.576616
1.0,15,6.577346
0.0,6,6.577672
0.0,60,6.580355
0.0,22,6.581384
0.0,4,6.581626
1.0,10,6.582137
0.0,4,6.582378
0.0,26,6.583575
0.0,29,6.5849
0.0,14,6.585584
0.0,5,6.585874
0.0,39,6.587642
0.0,19,6.588553
0.0,34,6.590109
0.0,3,6.590312
0.0,16,6.591088
0.0,33,6.592597
0.0,40,6.594425
0.0,8,6.594844
0.0,19,6.595745
0.0,31,6.597176
0.0,8,6.597594
0.0,7,6.597986
0.0,4,6.598229
0.0,25,6.599395
0.0,19,6.600304
0.0,7,6.600677
0.0,9,6.60115
0.0,2,6.601305
0.0,19,6.602207
0.0,12,6.602797
0.0,3,6.603006
0.0,9,6.603462
0.0,4,6.603702
0.0,8,6.604131
0.0,2,6.604289
0.0,26,6.605497
0.0,12,6.6061
0.0,25,6.607255
0.0,17,6.608081
0.0,17,6.608887
0.0,8,6.609312
0.0,15,6.610042
0.0,6,6.610371
0.0,36,6.612012
0.0,2,6.612168
0.0,17,6.61298
0.0,11,6.613527
0.0,13,6.614166
0.0,16,6.614931
0.0,33,6.616436
0.0,15,6.617165
0.0,5,6.617451
0.0,12,6.618054
0.0,8,6.618473
0.0,11,6.619026
0.0,36,6.620666
0.0,5,6.620961
0.0,2,6.62112
0.0,21,6.622103
0.0,36,6.623735
0.0,23,6.624818
0.0,14,6.625506
0.0,37,6.627193
0.0,2,6.62735
0.0,2,6.627508
0.0,22,6.628549
0.0,12,6.629153
0.0,12,6.629744
0.0,22,6.630775
1.0,17,6.631654
0.0,38,6.633387
0.0,5,6.633678
0.0,14,6.634364
1.0,13,6.63501
0.0,7,6.635385
0.0,16,6.636163
0.0,2,6.636319
0.0,2,6.636473
0.0,10,6.63698
0.0,10,6.637488
0.0,14,6.638181
0.0,28,6.639476
0.0,2,6.639634
1.0,27,6.640879
0.0,12,6.641478
0.0,2,6.641634
0.0,26,6.642841
0.0,28,6.64414
0.0,37,6.645814
0.0,37,6.647504
0.0,36,6.649152
0.0,3,6.649353
0.0,28,6.650641
0.0,32,6.652115
0.0,37,6.653787
0.0,15,6.654519
0.0,12,6.655117
0.0,25,6.656272
0.0,21,6.657262
0.0,19,6.658171
0.0,2,6.65833
0.0,9,6.658788
0.0,27,6.66004
0.0,3,6.66024
0.0,22,6.661268
0.0,37,6.662945
0.0,11,6.663505
0.0,19,6.664405
0.0,17,6.665217
0.0,32,6.666676
1.0,25,6.66783
0.0,17,6.668647
0.0,22,6.669679
0.0,10,6.670189
0.0,7,6.670565
0.0,42,6.672462
0.0,18,6.673321
0.0,22,6.674348
0.0,38,6.676067
0.0,16,6.676827
0.0,17,6.677641
0.0,6,6.677989
0.0,3,6.678192
0.0,5,6.678474
0.0,34,6.680027
0.0,5,6.680312
0.0,3,6.68051
0.0,11,6.681065
0.0,23,6.68214
0.0,13,6.682767
0.0,12,6.683369
0.0,9,6.683829
0.0,24,6.684948
0.0,16,6.685721
0.0,2,6.685876
0.0,13,6.686512
0.0,4,6.686759
0.0,9,6.68723
0.0,50,6.689476
0.0,22,6.690506
0.0,4,6.690749
0.0,2,6.690903
0.0,26,6.692107
0.0,35,6.6937
0.0,9,6.694168
0.0,16,6.694934
0.0,10,6.695446
0.0,7,6.695816
0.0,11,6.696375
0.0,5,6.69666
0.0,28,6.697933
0.0,35,6.699531
0.0,31,6.700949
0.0,11,6.701506
0.0,6,6.701834
0.0,37,6.703511
0.0,28,6.704809
0.0,26,6.706021
0.0,7,6.706398
0.0,7,6.706771
0.0,27,6.708027
0.0,12,6.708614
0.0,12,6.70921
0.0,39,6.710975
0.0,6,6.711304
0.0,10,6.711801
0.0,7,6.712184
0.0,2,6.712339
0.0,27,6.713583
0.0,5,6.71387
0.0,15,6.714602
0.0,8,6.715027
0.0,8,6.715441
0.0,15,6.716169
0.0,36,6.717802
0.0,6,6.71815
0.0,11,6.71869
0.0,6,6.719025
0.0,2,6.71918
0.0,23,6.720245
0.0,29,6.721582
0.0,6,6.72191
0.0,4,6.72216
1.0,8,6.722571
0.0,6,6.7229
0.0,25,6.72406
0.0,21,6.725047
0.0,39,6.726806
0.0,12,6.72741
0.0,20,6.728361
0.0,6,6.728691
0.0,7,6.729078
0.0,22,6.730103
1.0,27,6.731343
0.0,23,6.732499
0.0,19,6.733402
0.0,4,6.733645
0.0,25,6.734794
0.0,2,6.73495
0.0,13,6.735588
0.0,40,6.737389
0.0,31,6.73881
0.0,2,6.738979
0.0,11,6.739527
0.0,8,6.739939
0.0,34,6.741497
0.0,25,6.742659
0.0,36,6.744303
0.0,2,6.744462
0.0,2,6.744617
0.0,8,6.745044
0.0,42,6.74694
0.0,5,6.747237
0.0,9,6.747692
0.0,12,6.748292
0.0,23,6.749362
0.0,17,6.750181
0.0,6,6.750511
0.0,24,6.751627
0.0,17,6.752444
0.0,47,6.754563
0.0,10,6.755082
0.0,8,6.755501
0.0,40,6.757316
0.0,19,6.75822
0.0,4,6.758466
0.0,16,6.759237
0.0,6,6.759569
1.0,18,6.760429
0.0,4,6.760678
0.0,2,6.760836
0.0,29,6.762182
0.0,14,6.762861
0.0,10,6.763373
0.0,9,6.763837
0.0,2,6.764005
0.0,20,6.764944
0.0,2,6.765109
0.0,23,6.766186
0.0,16,6.76695
0.0,14,6.767634
0.0,100,6.772081
0.0,8,6.772502
0.0,9,6.772977
0.0,8,6.773395
0.0,5,6.773682
0.0,16,6.774455
0.0,4,6.774699
0.0,4,6.77494
0.0,3,6.775149
0.0,5,6.775437
0.0,14,6.776127
0.0,10,6.776633
0.0,30,6.778025
0.0,9,6.77849
0.0,5,6.778779
0.0,11,6.779336
0.0,3,6.779536
0.0,18,6.780393
0.0,29,6.781731
0.0,16,6.782503
0.0,4,6.782746
0.0,5,6.783044
0.0,4,6.783288
0.0,3,6.783484
0.0,9,6.783943
0.0,3,6.784154
0.0,10,6.784654
0.0,19,6.785559
0.0,23,6.786631
0.0,33,6.788155
0.0,60,6.790838
0.0,4,6.791093
0.0,61,6.793815
0.0,21,6.794807
0.0,25,6.795981
0.0,2,6.796141
0.0,15,6.796859
0.0,32,6.798343
0.0,26,6.799552
0.0,13,6.800199
0.0,9,6.800664
0.0,20,6.801612
0.0,8,6.802043
0.0,13,6.802681
0.0,49,6.804885
0.0,12,6.805488
0.0,47,6.807605
0.0,2,6.807762
0.0,57,6.810334
0.0,39,6.812106
0.0,37,6.813795
0.0,47,6.815923
0.0,8,6.816349
0.0,22,6.817384
0.0,11,6.817935
0.0,2,6.818104
0.0,27,6.819351
0.0,16,6.820127
0.0,15,6.820845
0.0,93,6.824978
0.0,17,6.825789
1.0,17,6.826606
0.0,6,6.826936
0.0,2,6.827103
0.0,13,6.827732
0.0,6,6.828078
0.0,17,6.828883
0.0,55,6.831339
0.0,100,6.835739
0.0,5,6.836039
0.0,5,6.836327
0.0,3,6.836528
0.0,19,6.837426
0.0,2,6.837583
0.0,7,6.837951
0.0,26,6.839164
0.0,10,6.839667
0.0,18,6.840522
0.0,7,6.840962
0.0,76,6.844337
0.0,24,6.845453
0.0,19,6.846353
0.0,6,6.846687
0.0,10,6.8472
0.0,5,6.847489
0.0,2,6.847645
0.0,19,6.848552
0.0,42,6.850449
0.0,57,6.853008
0.0,3,6.853209
0.0,23,6.854284
0.0,54,6.856691
0.0,7,6.857078
0.0,31,6.858507
0.0,5,6.858798
1.0,28,6.860105
0.0,6,6.860432
0.0,13,6.861072
0.0,6,6.861401
0.0,15,6.862135
0.0,2,6.862296
0.0,24,6.863414
0.0,15,6.864144
0.0,6,6.864473
0.0,2,6.864626
0.0,3,6.864823
0.0,2,6.864991
0.0,7,6.865365
0.0,20,6.86631
0.0,39,6.868087
0.0,25,6.869257
0.0,12,6.869845
0.0,18,6.870705
0.0,11,6.871265
0.0,14,6.87194
0.0,33,6.873452
0.0,11,6.874014
0.0,2,6.874172
0.0,3,6.874372
0.0,8,6.874786
0.0,17,6.875606
0.0,78,6.879081
0.0,12,6.879676
0.0,23,6.880755
0.0,10,6.881269
0.0,8,6.881685
0.0,2,6.88184
0.0,20,6.882784
0.0,22,6.883811
0.0,3,6.884022
0.0,22,6.885058
0.0,10,6.885565
0.0,4,6.885807
0.0,5,6.886104
0.0,17,6.886909
0.0,9,6.887384
0.0,90,6.891372
0.0,4,6.891618
0.0,24,6.892732
0.0,29,6.894082
0.0,21,6.895069
0.0,9,6.895532
0.0,4,6.895775
0.0,26,6.896984
0.0,15,6.897708
0.0,5,6.898012
0.0,23,6.899086
0.0,14,6.899767
0.0,16,6.900541
0.0,9,6.901016
0.0,14,6.901698
0.0,3,6.901899
0.0,40,6.903712
0.0,6,6.904052
0.0,23,6.90513
0.0,35,6.90672
0.0,96,6.910989
0.0,8,6.911407
0.0,46,6.913478
0.0,58,6.916074
0.0,26,6.917281
0.0,5,6.917572
0.0,20,6.918522
0.0,5,6.918808
0.0,9,6.91929
0.0,28,6.920576
0.0,10,6.921092
0.0,9,6.921553
0.0,26,6.922752
0.0,12,6.923355
0.0,25,6.924511
0.0,4,6.924756
0.0,5,6.925051
0.0,7,6.925427
0.0,18,6.92629
0.0,18,6.927146
0.0,76,6.930519
0.0,10,6.931038
0.0,17,6.931839
0.0,8,6.932263
0.0,25,6.933417
0.0,5,6.933709
0.0,22,6.934736
0.0,75,6.938081
0.0,98,6.942398
0.0,83,6.946084
0.0,23,6.947156
0.0,10,6.947662
0.0,81,6.951246
1.0,57,6.953788
0.0,7,6.95417
0.0,30,6.955542
1.0,34,6.957102
0.0,9,6.957562
0.0,10,6.958076
0.0,23,6.959146
0.0,10,6.959651
0.0,2,6.959805
0.0,20,6.960749
0.0,5,6.961048
0.0,11,6.961668
0.0,9,6.962137
0.0,38,6.96385
0.0,4,6.964109
0.0,4,6.964352
0.0,15,6.96508
0.0,14,6.965752
0.0,6,6.966094
0.0,8,6.966507
0.0,14,6.967191
0.0,2,6.967348
0.0,6,6.967673
0.0,2,6.96783
0.0,9,6.968308
0.0,3,6.968507
0.0,3,6.968705
0.0,2,6.968859
0.0,11,6.969412
0.0,3,6.969611
0.0,6,6.969937
0.0,9,6.970409
0.0,25,6.97157
0.0,27,6.972825
0.0,12,6.973425
0.0,87,6.977292
0.0,2,6.977452
0.0,34,6.979012
0.0,12,6.979602
0.0,29,6.980934
0.0,48,6.983102
0.0,6,6.983432
0.0,17,6.984245
0.0,12,6.984832
0.0,5,6.985131
0.0,38,6.986854
0.0,5,6.987156
0.0,8,6.987573
0.0,37,6.989267
0.0,19,6.990172
0.0,53,6.992558
0.0,19,6.99346
0.0,4,6.993705
0.0,14,6.994394
0.0,4,6.994641
0.0,18,6.995497
0.0,57,6.998063
0.0,18,6.998916
0.0,7,6.999298
0.0,34,7.000853
0.0,67,7.003846
0.0,7,7.004233
0.0,11,7.00478
0.0,13,7.005423
0.0,61,7.008165
0.0,19,7.009068
0.0,47,7.011183
0.0,4,7.011429
0.0,20,7.012374
0.0,64,7.015232
0.0,12,7.015824
0.0,17,7.016639
0.0,7,7.017023
0.0,11,7.01757
0.0,82,7.021226
0.0,69,7.024315
0.0,30,7.025697
0.0,10,7.026218
0.0,10,7.026724
0.0,82,7.030393
0.0,5,7.03068
0.0,4,7.030922
0.0,63,7.033735
0.0,48,7.035907
0.0,100,7.040345
0.0,27,7.041595
0.0,10,7.042112
0.0,3,7.042312
0.0,21,7.043302
0.0,19,7.044206
0.0,30,7.04559
0.0,15,7.046321
0.0,9,7.046779
0.0,18,7.047635
0.0,79,7.051156
0.0,87,7.055016
0.0,2,7.055176
0.0,21,7.056165
0.0,100,7.060591
0.0,8,7.061019
0.0,4,7.061262
0.0,8,7.061681
0.0,7,7.062063
0.0,16,7.062821
0.0,34,7.06438
0.0,3,7.064581
0.0,88,7.068493
0.0,46,7.070577
0.0,6,7.070911
0.0,9,7.071379
0.0,8,7.071798
0.0,63,7.07461
0.0,40,7.076437
0.0,100,7.080868
0.0,17,7.081682
0.0,2,7.081838
0.0,3,7.082046
0.0,17,7.08285
0.0,2,7.083014
0.0,11,7.083564
0.0,3,7.083765
0.0,2,7.083922
0.0,2,7.084083
0.0,93,7.088207
0.0,59,7.090845
0.0,98,7.095184
0.0,10,7.09569
0.0,91,7.099774
0.0,100,7.104182
0.0,21,7.105172
0.0,17,7.105987
0.0,27,7.10723
0.0,20,7.108181
0.0,8,7.108598
0.0,5,7.108882
0.0,17,7.10969
0.0,9,7.110164
0.0,3,7.110366
0.0,14,7.111053
1.0,33,7.112559
1.0,18,7.113418
0.0,6,7.11375
1.0,30,7.11514
0.0,76,7.118515
0.0,2,7.118673
0.0,7,7.119052
0.0,4,7.119299
0.0,36,7.120924
0.0,27,7.12218
0.0,12,7.122764
0.0,3,7.122969
0.0,6,7.123301
0.0,45,7.125335
0.0,6,7.125663
0.0,13,7.126308
0.0,3,7.126509
0.0,7,7.126879
0.0,20,7.127817
0.0,6,7.128165
0.0,20,7.129109
0.0,49,7.131302
0.0,9,7.13176
0.0,8,7.132181
0.0,21,7.133166
0.0,11,7.133711
0.0,45,7.13573
0.0,9,7.136206
0.0,6,7.136534
0.0,8,7.136961
0.0,16,7.137723
0.0,5,7.138027
0.0,20,7.138974
0.0,17,7.139781
0.0,14,7.140463
0.0,13,7.141105
0.0,17,7.141909
0.0,23,7.142987
0.0,12,7.143589
0.0,43,7.145534
0.0,16,7.146307
0.0,21,7.147294
0.0,86,7.151113
0.0,13,7.151742
0.0,17,7.152555
0.0,29,7.153882
0.0,35,7.155478
0.0,15,7.156213
0.0,20,7.157162
0.0,33,7.158676
0.0,12,7.159275
0.0,16,7.160051
0.0,19,7.160939
0.0,13,7.161584
0.0,17,7.162395
0.0,7,7.16277
0.0,4,7.163023
0.0,12,7.163611
0.0,2,7.163767
0.0,38,7.165492
0.0,14,7.166175
0.0,18,7.167037
0.0,9,7.167498
0.0,2,7.167654
0.0,14,7.168345
0.0,10,7.168849
0.0,21,7.169837
0.0,27,7.171091
0.0,2,7.171247
0.0,13,7.171872
0.0,7,7.172253
0.0,13,7.172888
0.0,3,7.173097
0.0,3,7.173295
0.0,10,7.173799
0.0,11,7.174353
0.0,5,7.17464
0.0,30,7.176031
0.0,43,7.177989
0.0,28,7.179278
0.0,6,7.179611
0.0,4,7.179853
0.0,6,7.180192
0.0,16,7.18098
0.0,39,7.182739
0.0,56,7.185257
0.0,18,7.186115
0.0,3,7.186315
0.0,11,7.186857
0.0,3,7.187065
0.0,76,7.19044
0.0,6,7.190777
0.0,23,7.19186
0.0,4,7.192116
0.0,56,7.19463
0.0,38,7.196365
0.0,32,7.197883
0.0,16,7.198658
0.0,86,7.202487
0.0,47,7.204601
0.0,6,7.204936
0.0,24,7.20606
0.0,6,7.206389
0.0,3,7.206586
0.0,34,7.208147
0.0,11,7.208696
0.0,47,7.210806
0.0,100,7.21526
1.0,17,7.216072
0.0,44,7.218059
0.0,18,7.218909
0.0,4,7.219162
0.0,5,7.219449
0.0,3,7.219664
0.0,2,7.219819
0.0,70,7.22294
0.0,3,7.223151
0.0,8,7.223569
0.0,2,7.223726
0.0,3,7.223924
0.0,3,7.224128
0.0,9,7.224591
0.0,18,7.225454
0.0,18,7.226318
0.0,37,7.228003
0.0,14,7.228682
0.0,22,7.229711
0.0,30,7.231091
0.0,43,7.23304
0.0,2,7.233197
0.0,37,7.234874
0.0,10,7.235391
0.0,11,7.235939
0.0,6,7.236277
0.0,57,7.238816
0.0,5,7.239118
0.0,9,7.239578
0.0,8,7.240001
0.0,9,7.240459
1.0,23,7.241532
0.0,5,7.241816
0.0,41,7.243681
0.0,23,7.244761
0.0,3,7.24497
0.0,31,7.246388
0.0,34,7.247937
0.0,15,7.248668
0.0,13,7.249311
0.0,4,7.249557
0.0,38,7.251278
0.0,21,7.252269
0.0,12,7.252855
0.0,51,7.255153
0.0,21,7.256142
0.0,13,7.25678
0.0,6,7.257122
0.0,15,7.257843
0.0,20,7.258795
0.0,5,7.259093
0.0,3,7.259291
0.0,16,7.260056
0.0,3,7.260258
0.0,7,7.260631
1.0,21,7.26162
0.0,10,7.262137
0.0,6,7.262465
0.0,47,7.264598
0.0,7,7.264983
0.0,16,7.265749
0.0,33,7.267266
0.0,49,7.269481
0.0,7,7.269857
0.0,16,7.270627
0.0,13,7.271272
0.0,14,7.271951
0.0,33,7.27346
0.0,4,7.273703
0.0,9,7.274173
0.0,14,7.27485
0.0,3,7.27506
0.0,10,7.275564
0.0,12,7.276165
0.0,34,7.277712
0.0,29,7.279066
0.0,5,7.279357
0.0,12,7.279942
0.0,2,7.280108
0.0,12,7.2807
1.0,22,7.281735
0.0,23,7.282809
0.0,8,7.283238
0.0,36,7.284873
0.0,10,7.285386
0.0,9,7.285846
0.0,22,7.286878
0.0,6,7.28722
0.0,24,7.28835
0.0,37,7.290045
0.0,20,7.290994
0.0,10,7.291495
0.0,24,7.292615
0.0,16,7.293393
0.0,22,7.294434
0.0,2,7.294591
0.0,34,7.296141
0.0,23,7.297221
0.0,24,7.298414
0.0,25,7.299572
0.0,12,7.300172
0.0,32,7.301632
0.0,9,7.302102
0.0,10,7.302602
0.0,39,7.304375
0.0,4,7.304621
1.0,14,7.305306
0.0,8,7.305721
0.0,3,7.305919
0.0,7,7.306299
0.0,6,7.306628
0.0,21,7.307617
0.0,8,7.308053
0.0,20,7.308996
0.0,2,7.309152
0.0,50,7.311398
0.0,9,7.311859
0.0,4,7.312115
0.0,10,7.312619
0.0,4,7.31286
0.0,12,7.313457
0.0,34,7.315021
0.0,2,7.315179
0.0,4,7.31542
0.0,18,7.316276
0.0,7,7.316651
0.0,6,7.316989
0.0,17,7.317792
0.0,7,7.318178
0.0,14,7.318855
0.0,8,7.319279
0.0,26,7.32048
0.0,18,7.321339
0.0,15,7.322072
0.0,27,7.323314
0.0,16,7.324084
0.0,23,7.325162
0.0,45,7.327189
0.0,8,7.32761
0.0,5,7.327898
0.0,28,7.329195
0.0,5,7.329484
0.0,16,7.330254
0.0,7,7.330628
0.0,23,7.331702
0.0,8,7.332129
0.0,11,7.332671
0.0,7,7.333053
0.0,48,7.335206
0.0,9,7.335663
0.0,35,7.337259
0.0,2,7.337416
0.0,11,7.337968
0.0,27,7.339206
0.0,12,7.339792
0.0,24,7.340904
0.0,30,7.342286
0.0,36,7.343919
0.0,7,7.344304
0.0,32,7.345755
0.0,2,7.345915
0.0,9,7.346381
0.0,9,7.346843
0.0,47,7.348961
0.0,3,7.349166
0.0,25,7.350329
0.0,10,7.350835
0.0,9,7.351302
0.0,7,7.351676
0.0,11,7.352236
0.0,2,7.352393
0.0,3,7.352593
0.0,29,7.353922
0.0,10,7.354438
0.0,2,7.354594
0.0,17,7.355404
0.0,21,7.356395
0.0,2,7.356551
0.0,33,7.358072
0.0,40,7.359875
0.0,3,7.360086
0.0,27,7.361332
0.0,3,7.361534
0.0,8,7.361946
0.0,3,7.362155
0.0,11,7.3627
0.0,23,7.363775
0.0,26,7.364998
0.0,16,7.365761
0.0,9,7.366232
0.0,3,7.366431
0.0,10,7.366934
0.0,13,7.367578
0.0,6,7.367907
0.0,4,7.368168
0.0,2,7.368324
0.0,8,7.368739
0.0,2,7.368896
0.0,8,7.369319
0.0,25,7.370481
0.0,23,7.371561
0.0,6,7.371891
0.0,30,7.373263
0.0,12,7.373846
0.0,39,7.375615
0.0,8,7.376046
0.0,11,7.37659
0.0,54,7.379029
1.0,49,7.381226
0.0,44,7.383211
0.0,32,7.384673
0.0,32,7.386143
0.0,5,7.386432
0.0,13,7.387075
0.0,15,7.387789
0.0,31,7.389215
0.0,3,7.389418
0.0,14,7.390101
0.0,2,7.390261
0.0,25,7.391418
0.0,9,7.391879
0.0,38,7.393612
0.0,10,7.394127
0.0,15,7.394862
0.0,87,7.398726
0.0,16,7.399563
0.0,14,7.400254
0.0,17,7.401069
0.0,28,7.402361
0.0,11,7.402909
0.0,14,7.403589
0.0,5,7.403878
0.0,23,7.404952
0.0,2,7.405121
0.0,20,7.406066
0.0,5,7.406355
0.0,68,7.40939
0.0,16,7.410164
0.0,3,7.410366
0.0,15,7.41109
0.0,41,7.412938
0.0,6,7.413281
0.0,13,7.413911
0.0,5,7.414209
0.0,4,7.414454
0.0,35,7.416045
0.0,37,7.417724
0.0,20,7.418677
0.0,6,7.41902
0.0,6,7.41935
0.0,20,7.420293
0.0,19,7.4212
0.0,3,7.421402
0.0,4,7.421646
0.0,46,7.423718
0.0,15,7.424445
0.0,14,7.425133
0.0,9,7.425594
0.0,60,7.428287
0.0,12,7.428875
0.0,7,7.42926
0.0,6,7.429588
0.0,13,7.430226
0.0,42,7.432132
0.0,30,7.433506
0.0,13,7.434153
0.0,14,7.434826
0.0,6,7.43517
0.0,25,7.436334
1.0,14,7.43703
0.0,18,7.437873
0.0,22,7.438905
0.0,25,7.440075
0.0,7,7.440447
0.0,12,7.441042
0.0,3,7.441245
0.0,13,7.44188
0.0,28,7.443186
0.0,11,7.443734
0.0,10,7.444248
0.0,8,7.444667
0.0,12,7.445264
0.0,3,7.445464
0.0,16,7.446238
0.0,10,7.446745
0.0,13,7.44739
0.0,8,7.447809
0.0,2,7.447977
0.0,12,7.44857
0.0,21,7.449554
0.0,18,7.45041
0.0,14,7.451094
0.0,15,7.451809
0.0,6,7.452153
0.0,13,7.452781
0.0,9,7.45325
0.0,49,7.455448
0.0,11,7.456003
0.0,10,7.45651
0.0,33,7.458021
0.0,22,7.459049
0.0,2,7.459208
0.0,4,7.459449
0.0,16,7.460224
0.0,6,7.460555
0.0,12,7.461152
0.0,21,7.462144
0.0,6,7.462476
0.0,6,7.462807
0.0,11,7.463365
0.0,11,7.463911
0.0,5,7.464204
0.0,19,7.465106
0.0,12,7.465698
0.0,44,7.467684
0.0,19,7.468601
0.0,3,7.468803
0.0,22,7.46983
0.0,12,7.470431
0.0,6,7.470763
0.0,21,7.471753
0.0,66,7.474692
0.0,13,7.475341
0.0,30,7.47672
0.0,15,7.477447
0.0,10,7.477952
0.0,19,7.478857
0.0,9,7.479325
0.0,10,7.479828
0.0,14,7.480514
0.0,22,7.481546
0.0,12,7.482148
0.0,13,7.482782
0.0,11,7.483342
0.0,2,7.4835
0.0,25,7.484661
0.0,29,7.486001
0.0,4,7.486247
0.0,28,7.48753
0.0,5,7.487817
0.0,4,7.488076
0.0,24,7.489194
0.0,23,7.490274
0.0,5,7.490563
0.0,5,7.490851
0.0,11,7.491415
0.0,21,7.49241
0.0,35,7.494007
0.0,4,7.494254
0.0,11,7.494802
0.0,30,7.496192
0.0,31,7.497616
0.0,15,7.498356
0.0,14,7.499047
0.0,15,7.499825
0.0,52,7.502172
0.0,6,7.502502
0.0,7,7.502877
0.0,9,7.503348
0.0,25,7.504509
0.0,3,7.504709
0.0,17,7.505527
0.0,8,7.505945
0.0,8,7.506372
0.0,2,7.506527
0.0,7,7.506897
0.0,38,7.508637
0.0,22,7.509674
0.0,5,7.509972
0.0,38,7.5117
0.0,4,7.511942
0.0,62,7.514714
0.0,11,7.515274
0.0,2,7.515433
0.0,9,7.515893
0.0,19,7.516797
0.0,14,7.517483
0.0,27,7.518739
0.0,13,7.519386
0.0,25,7.520551
0.0,61,7.523272
0.0,7,7.523645
0.0,29,7.524988
0.0,33,7.526501
1.0,29,7.52784
0.0,3,7.528058
0.0,21,7.529043
0.0,36,7.530683
0.0,3,7.530885
0.0,35,7.532485
0.0,93,7.536606
0.0,5,7.536896
0.0,15,7.537618
0.0,12,7.538226
0.0,16,7.539004
0.0,47,7.541119
0.0,29,7.542449
0.0,6,7.542779
0.0,8,7.543206
0.0,2,7.543365
0.0,11,7.543914
0.0,10,7.544427
0.0,7,7.544801
0.0,3,7.54501
0.0,4,7.545252
0.0,12,7.545843
1.0,7,7.546227
0.0,16,7.546998
1.0,22,7.548042
0.0,5,7.54833
0.0,2,7.548485
0.0,11,7.549038
0.0,12,7.549623
0.0,22,7.550657
0.0,60,7.553341
0.0,31,7.554759
0.0,4,7.555015
0.0,14,7.555688
0.0,9,7.556159
0.0,6,7.556488
0.0,25,7.557648
1.0,11,7.558213
0.0,22,7.559243
0.0,10,7.559744
0.0,33,7.561258
0.0,12,7.561847
0.0,8,7.562273
0.0,8,7.562689
0.0,49,7.564894
0.0,4,7.565148
0.0,10,7.565653
0.0,26,7.566849
0.0,59,7.569502
0.0,2,7.569661
0.0,6,7.569999
0.0,16,7.570763
0.0,9,7.571234
0.0,6,7.571566
0.0,6,7.571895
0.0,2,7.572061
0.0,7,7.572435
0.0,15,7.573165
0.0,9,7.573623
0.0,2,7.573776
0.0,14,7.574462
0.0,8,7.574877
0.0,5,7.575176
0.0,70,7.578303
0.0,3,7.578506
0.0,29,7.579842
0.0,28,7.58115
0.0,5,7.581437
0.0,3,7.581634
0.0,7,7.582016
0.0,10,7.582523
0.0,41,7.584386
0.0,13,7.585031
0.0,24,7.58615
0.0,2,7.586306
0.0,13,7.586936
0.0,2,7.587099
0.0,45,7.589136
0.0,15,7.589856
1.0,19,7.590762
0.0,29,7.592106
0.0,3,7.592309
1.0,10,7.592813
0.0,18,7.593672
0.0,16,7.594448
0.0,17,7.595263
0.0,4,7.595505
0.0,10,7.596031
0.0,14,7.596708
0.0,12,7.597313
0.0,25,7.598483
0.0,5,7.598773
0.0,17,7.599591
0.0,3,7.599853
0.0,15,7.600585
0.0,17,7.601402
0.0,4,7.601644
0.0,10,7.602162
0.0,10,7.602668
0.0,20,7.603617
0.0,15,7.604352
0.0,3,7.604552
0.0,41,7.606411
0.0,40,7.608228
0.0,25,7.609387
0.0,7,7.609762
0.0,10,7.610273
0.0,11,7.610817
0.0,51,7.61311
0.0,5,7.613398
0.0,4,7.613642
0.0,16,7.614413
0.0,11,7.614962
0.0,4,7.615206
0.0,3,7.615407
1.0,18,7.616267
0.0,7,7.61664
0.0,21,7.617633
0.0,10,7.618156
0.0,16,7.618918
0.0,18,7.619768
0.0,12,7.620372
0.0,4,7.620615
0.0,2,7.620769
0.0,14,7.621449
0.0,11,7.622005
0.0,6,7.622339
0.0,37,7.62402
0.0,36,7.625648
0.0,19,7.626549
0.0,14,7.62723
0.0,44,7.629226
0.0,30,7.630595
0.0,5,7.630885
0.0,23,7.631968
0.0,50,7.634223
0.0,6,7.634556
0.0,5,7.634843
0.0,14,7.635531
0.0,6,7.635861
0.0,6,7.636199
0.0,53,7.638589
0.0,7,7.638974
0.0,5,7.639264
0.0,5,7.639549
0.0,19,7.640454
0.0,19,7.64136
0.0,11,7.641909
0.0,8,7.642332
0.0,12,7.64292
0.0,5,7.643212
0.0,22,7.644248
0.0,4,7.644494
0.0,19,7.645397
0.0,43,7.647344
0.0,11,7.647891
0.0,35,7.649491
0.0,3,7.649695
0.0,3,7.649892
0.0,12,7.65049
0.0,23,7.651563
0.0,43,7.653499
0.0,37,7.655185
0.0,15,7.655904
0.0,2,7.656069
0.0,70,7.659192
0.0,16,7.659968
0.0,61,7.66269
0.0,26,7.663887
0.0,31,7.665315
0.0,34,7.666866
0.0,7,7.667249
0.0,60,7.669931
0.0,11,7.670484
0.0,4,7.670727
0.0,7,7.67111
0.0,12,7.671696
0.0,13,7.672333
0.0,25,7.673489
0.0,41,7.675346
0.0,4,7.675589
0.0,2,7.675742
0.0,23,7.676813
0.0,4,7.677067
0.0,42,7.678962
0.0,4,7.67921
0.0,2,7.679364
0.0,2,7.679518
1.0,35,7.681114
0.0,20,7.682065
0.0,10,7.682571
0.0,5,7.68286
0.0,16,7.683633
0.0,25,7.684803
0.0,2,7.684968
0.0,22,7.685996
0.0,11,7.68654
0.0,9,7.687011
0.0,5,7.687301
0.0,6,7.687633
0.0,23,7.688716
0.0,4,7.68897
0.0,22,7.689999
0.0,38,7.691715
0.0,73,7.69498
0.0,10,7.695483
0.0,22,7.696514
0.0,13,7.697161
0.0,20,7.698114
0.0,7,7.698489
0.0,22,7.699515
0.0,15,7.700245
0.0,26,7.70151
0.0,29,7.702842
0.0,11,7.7034
0.0,32,7.704862
0.0,17,7.705684
0.0,8,7.706115
0.0,20,7.707062
0.0,26,7.70827
1.0,24,7.709384
0.0,25,7.710542
0.0,6,7.710869
0.0,9,7.711338
0.0,12,7.711932
0.0,24,7.713054
0.0,26,7.714264
0.0,18,7.715123
0.0,4,7.715366
0.0,27,7.716615
0.0,17,7.717436
0.0,17,7.718262
0.0,3,7.718462
0.0,5,7.718749
0.0,27,7.720005
0.0,7,7.720377
0.0,2,7.720534
0.0,4,7.720777
0.0,11,7.721336
0.0,25,7.722497
0.0,24,7.723615
0.0,44,7.725606
0.0,31,7.727036
0.0,22,7.728072
0.0,42,7.729965
0.0,4,7.730208
0.0,31,7.731617
0.0,3,7.731817
0.0,14,7.732496
0.0,30,7.733874
0.0,30,7.735262
0.0,6,7.735591
0.0,41,7.737435
0.0,8,7.737849
0.0,18,7.738713
0.0,2,7.738872
0.0,8,7.739303
0.0,31,7.740716
0.0,6,7.741059
0.0,3,7.741259
0.0,2,7.741413
0.0,8,7.741829
0.0,64,7.744674
0.0,27,7.745913
0.0,6,7.746252
0.0,11,7.7468
0.0,4,7.747051
0.0,3,7.74725
0.0,18,7.748114
0.0,2,7.74827
0.0,14,7.748944
0.0,35,7.750541
0.0,23,7.751612
0.0,5,7.751902
0.0,12,7.752499
0.0,33,7.754011
0.0,6,7.754342
0.0,7,7.754714
0.0,11,7.755272
0.0,72,7.758466
0.0,4,7.758714
0.0,34,7.760267
0.0,3,7.76047
0.0,8,7.760883
0.0,53,7.763257
0.0,24,7.764374
0.0,4,7.764619
0.0,5,7.764906
0.0,6,7.765245
0.0,17,7.766059
0.0,26,7.767267
0.0,16,7.768043
0.0,16,7.768805
0.0,11,7.769361
0.0,24,7.770478
0.0,50,7.772714
0.0,6,7.773057
0.0,64,7.775899
0.0,9,7.776371
0.0,14,7.777057
0.0,2,7.777213
0.0,2,7.777368
0.0,11,7.777912
0.0,3,7.778125
0.0,10,7.778626
0.0,11,7.77918
0.0,16,7.779947
0.0,17,7.780766
0.0,16,7.781542
0.0,32,7.783013
0.0,2,7.783169
0.0,15,7.78389
0.0,4,7.784143
0.0,33,7.785646
0.0,9,7.786118
0.0,27,7.787365
0.0,8,7.787782
0.0,19,7.78869
0.0,26,7.789895
0.0,16,7.790667
0.0,30,7.792048
0.0,27,7.793295
0.0,21,7.794283
0.0,6,7.794611
0.0,37,7.7963
0.0,36,7.797934
0.0,36,7.799573
0.0,17,7.800389
0.0,23,7.801463
0.0,11,7.802023
0.0,19,7.802916
0.0,19,7.803892
0.0,26,7.805108
0.0,6,7.805438
0.0,7,7.805813
0.0,22,7.806861
0.0,15,7.807593
0.0,2,7.807749
0.0,3,7.80795
0.0,19,7.808859
0.0,9,7.809334
0.0,43,7.811291
0.0,25,7.812459
0.0,14,7.813151
0.0,2,7.81331
0.0,25,7.81447
0.0,12,7.815066
0.0,57,7.817631
0.0,25,7.818799
0.0,2,7.818964
0.0,4,7.819207
0.0,2,7.819361
0.0,9,7.81982
0.0,10,7.820334
0.0,21,7.821322
0.0,7,7.821696
0.0,33,7.823219
0.0,56,7.825732
0.0,6,7.826076
0.0,9,7.826535
0.0,32,7.828014
0.0,11,7.828562
0.0,23,7.829644
0.0,9,7.830121
0.0,2,7.830279
0.0,3,7.830479
0.0,3,7.830679
0.0,3,7.830881
0.0,3,7.831091
0.0,14,7.831769
0.0,7,7.832154
0.0,64,7.835025
0.0,7,7.835401
0.0,13,7.836039
0.0,5,7.836325
0.0,12,7.836912
0.0,34,7.838474
0.0,9,7.838932
0.0,18,7.839788
0.0,14,7.840473
0.0,7,7.840847
0.0,13,7.84149
1.0,12,7.842095
0.0,13,7.842733
0.0,5,7.843032
0.0,11,7.843581
0.0,11,7.844145
0.0,10,7.844652
0.0,4,7.844892
0.0,4,7.845143
0.0,25,7.846305
0.0,13,7.846937
0.0,36,7.848586
0.0,5,7.848875
0.0,26,7.850092
0.0,5,7.850379
1.0,12,7.850979
0.0,11,7.851529
0.0,7,7.851901
0.0,55,7.854387
0.0,59,7.857044
0.0,18,7.857893
0.0,15,7.858622
0.0,3,7.858824
0.0,39,7.86061
0.0,12,7.861212
0.0,15,7.861935
0.0,14,7.86262
0.0,7,7.863006
0.0,8,7.863425
0.0,12,7.864023
0.0,17,7.864829
0.0,2,7.864995
0.0,12,7.865588
0.0,4,7.865834
0.0,59,7.868485
0.0,6,7.868816
0.0,22,7.869849
0.0,16,7.870624
0.0,18,7.871486
0.0,35,7.873101
0.0,20,7.874049
0.0,12,7.87464
0.0,18,7.8755
0.0,3,7.8757
0.0,5,7.875995
0.0,3,7.876195
0.0,12,7.876788
0.0,31,7.87823
0.0,3,7.878433
0.0,30,7.879813
0.0,16,7.880589
0.0,2,7.880748
1.0,18,7.881605
0.0,30,7.882992
0.0,22,7.884023
0.0,13,7.884658
0.0,12,7.885258
0.0,30,7.886648
0.0,5,7.886938
0.0,30,7.888331
0.0,30,7.889707
0.0,11,7.890262
0.0,31,7.891685
0.0,6,7.89203
0.0,19,7.892928
0.0,4,7.893177
0.0,4,7.893419
0.0,12,7.894016
0.0,19,7.894915
0.0,14,7.895599
0.0,15,7.896332
1.0,11,7.896884
0.0,17,7.897697
0.0,8,7.898132
0.0,18,7.898992
0.0,14,7.89967
0.0,6,7.900014
0.0,20,7.90095
0.0,10,7.90146
0.0,49,7.903666
0.0,4,7.903985
0.0,4,7.904229
0.0,22,7.905266
0.0,42,7.907163
0.0,3,7.907364
0.0,7,7.907736
0.0,9,7.90821
0.0,21,7.909206
0.0,10,7.909711
0.0,12,7.910308
0.0,18,7.911163
0.0,25,7.91232
0.0,32,7.913792
0.0,9,7.914264
0.0,25,7.915429
0.0,6,7.915758
0.0,21,7.916742
0.0,3,7.916941
0.0,3,7.91715
0.0,7,7.917524
0.0,2,7.917679
0.0,18,7.918546
0.0,62,7.921322
0.0,18,7.922188
0.0,15,7.922914
0.0,10,7.923425
0.0,7,7.923799
0.0,6,7.924141
0.0,11,7.924688
0.0,21,7.925679
0.0,5,7.925974
0.0,8,7.926394
0.0,10,7.926897
0.0,18,7.927754
0.0,16,7.928536
0.0,49,7.930733
0.0,7,7.931119
0.0,2,7.931276
0.0,25,7.932434
0.0,26,7.933639
0.0,2,7.933798
0.0,4,7.93405
0.0,44,7.936044
0.0,8,7.93646
0.0,20,7.937403
0.0,7,7.93778
0.0,95,7.942002
0.0,4,7.942248
0.0,4,7.942493
0.0,14,7.943181
0.0,28,7.944472
0.0,52,7.946812
0.0,24,7.947925
0.0,39,7.949712
0.0,3,7.949912
0.0,16,7.950682
0.0,10,7.951197
0.0,11,7.951746
0.0,88,7.955648
0.0,10,7.956165
0.0,30,7.957545
0.0,16,7.958325
0.0,13,7.958965
0.0,8,7.959386
0.0,61,7.962122
0.0,10,7.962628
0.0,15,7.96336
0.0,9,7.963819
0.0,17,7.964627
0.0,20,7.965575
0.0,18,7.966432
0.0,7,7.966807
0.0,30,7.968203
0.0,4,7.968447
0.0,53,7.970824
1.0,27,7.972078
0.0,3,7.972277
0.0,15,7.973007
0.0,9,7.973469
1.0,20,7.974406
0.0,41,7.97627
0.0,5,7.976561
0.0,18,7.977413
0.0,3,7.977615
0.0,15,7.978353
0.0,6,7.978687
0.0,22,7.979717
0.0,6,7.980061
0.0,3,7.980263
0.0,10,7.980763
0.0,12,7.981361
0.0,10,7.981859
0.0,19,7.982759
0.0,8,7.983191
0.0,4,7.983438
0.0,10,7.98394
0.0,2,7.984109
0.0,24,7.985226
0.0,20,7.98617
0.0,6,7.986498
0.0,5,7.986785
0.0,2,7.98694
0.0,9,7.987411
0.0,4,7.987652
0.0,5,7.98794
0.0,3,7.988153
0.0,14,7.98883
0.0,71,7.992008
0.0,20,7.992943
0.0,21,7.993935
0.0,4,7.994186
0.0,2,7.99434
0.0,24,7.99546
0.0,52,7.997788
1.0,18,7.998655
0.0,7,7.999043
0.0,7,7.99942
0.0,13,8.000064
0.0,40,8.001879
0.0,2,8.002049
0.0,18,8.002903
0.0,4,8.003159
0.0,21,8.004162
0.0,29,8.005565
0.0,17,8.006387
0.0,17,8.007209
0.0,15,8.007931
0.0,44,8.009923
0.0,40,8.01174
0.0,4,8.011998
0.0,17,8.012802
0.0,27,8.014053
0.0,19,8.014941
0.0,40,8.016755
0.0,4,8.017009
0.0,25,8.018175
0.0,64,8.021053
0.0,5,8.021341
0.0,6,8.021668
0.0,5,8.021951
0.0,9,8.022418
0.0,2,8.022574
0.0,2,8.022731
0.0,24,8.023848
0.0,22,8.02488
0.0,41,8.026747
0.0,4,8.027003
0.0,19,8.027903
0.0,8,8.028334
0.0,14,8.029017
0.0,22,8.030048
0.0,6,8.030378
0.0,2,8.030533
1.0,11,8.031086
0.0,12,8.031678
0.0,4,8.031919
0.0,13,8.032565
0.0,48,8.034723
0.0,11,8.035282
0.0,2,8.035441
0.0,35,8.037041
0.0,41,8.038903
0.0,37,8.040585
0.0,53,8.042963
0.0,7,8.04334
0.0,25,8.044494
0.0,29,8.045828
0.0,33,8.047337
0.0,53,8.049727
0.0,23,8.050808
0.0,5,8.051109
0.0,38,8.052868
0.0,7,8.053256
0.0,14,8.053936
0.0,24,8.05506
0.0,23,8.056138
0.0,4,8.056385
0.0,14,8.057073
0.0,4,8.057316
0.0,6,8.057646
0.0,5,8.057934
0.0,8,8.058366
0.0,10,8.058868
0.0,4,8.059125
0.0,24,8.060249
0.0,16,8.061025
0.0,10,8.061528
0.0,8,8.061946
0.0,7,8.062329
0.0,6,8.062662
0.0,2,8.062817
0.0,29,8.064169
0.0,19,8.065073
0.0,7,8.065444
0.0,2,8.065601
0.0,3,8.065798
0.0,28,8.067107
0.0,2,8.067264
1.0,13,8.067897
0.0,22,8.068928
0.0,2,8.069091
0.0,43,8.071057
0.0,19,8.071964
0.0,18,8.072816
0.0,7,8.073203
0.0,6,8.073531
0.0,2,8.073685
0.0,2,8.073839
0.0,9,8.07431
0.0,8,8.074728
0.0,2,8.074883
0.0,4,8.075138
0.0,51,8.077441
0.0,2,8.077597
0.0,25,8.078767
0.0,8,8.079197
0.0,29,8.080541
0.0,16,8.081315
0.0,18,8.082175
0.0,23,8.08325
0.0,61,8.085979
0.0,35,8.087575
0.0,18,8.088447
0.0,2,8.088604
0.0,10,8.089116
1.0,13,8.089748
0.0,3,8.089944
0.0,50,8.092195
0.0,17,8.093011
0.0,27,8.094254
0.0,2,8.09441
0.0,5,8.094694
0.0,13,8.095337
0.0,5,8.095622
0.0,11,8.096177
0.0,18,8.097034
0.0,81,8.100636
0.0,4,8.100885
0.0,2,8.10105
0.0,11,8.101594
0.0,42,8.103504
0.0,3,8.103707
0.0,25,8.104865
0.0,7,8.105248
0.0,5,8.105532
0.0,29,8.106927
0.0,10,8.107441
0.0,25,8.108612
0.0,9,8.109083
0.0,6,8.109417
0.0,6,8.109747
0.0,44,8.111736
0.0,48,8.113904
0.0,14,8.114584
0.0,16,8.115363
0.0,2,8.11552
0.0,35,8.117118
0.0,5,8.117411
0.0,50,8.11967
0.0,60,8.122365
0.0,5,8.122651
0.0,23,8.123725
0.0,6,8.124066
0.0,4,8.12431
0.0,3,8.124506
0.0,17,8.125318
0.0,11,8.125868
0.0,5,8.126167
0.0,3,8.126365
0.0,7,8.126734
0.0,10,8.127248
0.0,7,8.12762
0.0,11,8.12818
0.0,13,8.128814
0.0,63,8.131623
0.0,3,8.131827
0.0,8,8.132252
0.0,8,8.132667
0.0,46,8.134734
0.0,21,8.135717
0.0,100,8.140174
0.0,21,8.141164
0.0,4,8.141408
0.0,25,8.142568
0.0,8,8.142996
0.0,17,8.143798
0.0,30,8.14519
0.0,10,8.145692
0.0,9,8.146163
0.0,27,8.147403
0.0,13,8.148053
0.0,23,8.14913
0.0,4,8.149374
0.0,5,8.14966
0.0,3,8.149858
0.0,47,8.15199
0.0,32,8.153452
0.0,28,8.154751
0.0,17,8.155572
0.0,4,8.155816
0.0,5,8.156116
0.0,14,8.156794
0.0,6,8.157136
0.0,25,8.1583
0.0,55,8.16076
0.0,18,8.161621
0.0,2,8.16178
0.0,3,8.161988
0.0,10,8.162497
0.0,2,8.162652
0.0,100,8.16707
0.0,4,8.167316
0.0,15,8.168054
0.0,17,8.168863
0.0,21,8.169855
0.0,23,8.170934
0.0,11,8.171487
0.0,9,8.171948
0.0,46,8.174021
0.0,7,8.174398
0.0,2,8.174553
0.0,22,8.175583
0.0,13,8.176225
0.0,6,8.17656
0.0,10,8.177073
0.0,9,8.177534
0.0,4,8.177774
0.0,2,8.177929
0.0,13,8.178576
0.0,17,8.179394
0.0,12,8.179995
0.0,37,8.181672
0.0,28,8.182971
0.0,2,8.18313
0.0,3,8.183329
0.0,2,8.183486
0.0,4,8.183727
0.0,31,8.185157
0.0,67,8.188148
0.0,4,8.188396
0.0,12,8.188992
0.0,100,8.193424
0.0,9,8.193881
0.0,3,8.194093
0.0,9,8.194552
0.0,13,8.19519
0.0,2,8.195346
0.0,3,8.195546
0.0,5,8.195829
0.0,51,8.198122
0.0,6,8.198453
0.0,40,8.200273
0.0,3,8.200475
0.0,7,8.20085
0.0,3,8.201058
0.0,34,8.202609
0.0,3,8.20281
0.0,31,8.204238
0.0,3,8.204439
0.0,5,8.204722
0.0,2,8.204875
0.0,4,8.205126
0.0,12,8.205714
0.0,16,8.206488
0.0,9,8.206947
0.0,3,8.207158
0.0,100,8.211593
0.0,7,8.212039
0.0,9,8.212505
0.0,23,8.213583
0.0,7,8.213964
0.0,2,8.214134
0.0,43,8.216083
0.0,9,8.216545
0.0,100,8.220987
0.0,11,8.221536
0.0,5,8.221821
0.0,5,8.222116
0.0,14,8.222793
0.0,17,8.223605
0.0,28,8.224891
0.0,14,8.225574
0.0,22,8.226604
0.0,5,8.226892
0.0,9,8.227358
0.0,2,8.227517
0.0,13,8.228167
0.0,11,8.228715
0.0,29,8.230061
0.0,19,8.23095
0.0,29,8.232296
0.0,13,8.232931
0.0,21,8.233917
0.0,4,8.234168
0.0,16,8.234928
0.0,7,8.235308
0.0,9,8.23577
0.0,4,8.236023
0.0,6,8.236354
0.0,19,8.237256
0.0,3,8.237458
0.0,3,8.237656
0.0,7,8.238042
0.0,2,8.238199
0.0,18,8.239058
0.0,8,8.239474
0.0,9,8.239934
0.0,10,8.240445
0.0,11,8.241005
0.0,3,8.241207
0.0,53,8.243587
0.0,43,8.245549
0.0,13,8.246192
0.0,5,8.246482
0.0,15,8.247212
0.0,16,8.247998
0.0,20,8.248936
0.0,16,8.249714
0.0,40,8.251533
0.0,2,8.251689
0.0,21,8.252673
0.0,13,8.253316
0.0,33,8.254819
0.0,21,8.255809
0.0,2,8.255974
0.0,7,8.256346
0.0,31,8.257766
0.0,48,8.259932
1.0,11,8.260485
0.0,2,8.26064
0.0,7,8.261024
0.0,2,8.261182
0.0,28,8.262474
0.0,3,8.262677
0.0,41,8.264539
0.0,22,8.265577
0.0,11,8.266132
1.0,11,8.266682
0.0,5,8.266973
0.0,7,8.267349
0.0,18,8.268213
0.0,8,8.268632
0.0,15,8.269361
0.0,59,8.27201
0.0,21,8.272996
1.0,8,8.27341
0.0,9,8.27387
0.0,32,8.275616
0.0,6,8.275854
0.0,68,8.277809
0.0,73,8.279902
1.0,15,8.280391
0.0,33,8.281378
1.0,31,8.282306
0.0,5,8.282509
0.0,57,8.284164
0.0,17,8.284697
0.0,23,8.285405
0.0,23,8.286119
0.0,39,8.287274
0.0,20,8.287892
0.0,18,8.288471
0.0,13,8.288894
0.0,68,8.290851
0.0,11,8.291231
0.0,39,8.292382
0.0,15,8.292863
0.0,48,8.294268
0.0,14,8.29472
0.0,10,8.295071
0.0,34,8.296086
0.0,7,8.296345
0.0,18,8.296904
0.0,8,8.297199
0.0,83,8.299586
0.0,40,8.300767
0.0,4,8.300943
0.0,7,8.301213
0.0,8,8.301497
1.0,36,8.302568
0.0,24,8.303309
0.0,36,8.304381
0.0,62,8.30618
1.0,49,8.30761
0.0,56,8.309244
0.0,27,8.310063
1.0,6,8.310295
0.0,50,8.31175
0.0,81,8.314089
0.0,31,8.315021
0.0,16,8.315527
0.0,43,8.316787
0.0,48,8.318203
0.0,9,8.318517
0.0,10,8.318857
0.0,52,8.320374
0.0,55,8.32198
0.0,99,8.324803
0.0,45,8.326134
0.0,29,8.32701
0.0,100,8.329853
0.0,19,8.330454
0.0,10,8.330796
0.0,31,8.331725
0.0,100,8.33457
0.0,4,8.334746
0.0,22,8.335427
0.0,18,8.335999
0.0,6,8.33623
1.0,63,8.33805
0.0,6,8.338282
0.0,23,8.338988
0.0,6,8.33922
0.0,25,8.339981
0.0,10,8.340322
0.0,11,8.340688
0.0,12,8.341093
0.0,11,8.341461
0.0,56,8.343087
1.0,9,8.343401
0.0,18,8.343975
1.0,43,8.345234
0.0,78,8.347473
0.0,22,8.348161
0.0,6,8.348392
0.0,13,8.348813
0.0,8,8.349108
0.0,17,8.349638
0.0,20,8.350265
0.0,32,8.351223
1.0,62,8.353025
0.0,59,8.354728
0.0,14,8.355191
0.0,13,8.355614
0.0,12,8.356023
0.0,5,8.356227
0.0,12,8.356622
0.0,73,8.35872
0.0,20,8.359351
0.0,14,8.359803
0.0,17,8.360347
0.0,25,8.361115
0.0,18,8.361677
1.0,31,8.362605
0.0,23,8.363316
0.0,34,8.364329
0.0,30,8.365232
0.0,11,8.365599
0.0,27,8.366416
0.0,8,8.366703
0.0,26,8.367491
0.0,100,8.370362
1.0,28,8.371216
1.0,29,8.372093
1.0,33,8.37308
0.0,15,8.373562
0.0,22,8.374243
0.0,34,8.375258
0.0,4,8.375489
0.0,10,8.375843
0.0,27,8.37666
0.0,19,8.37726
0.0,40,8.37844
0.0,25,8.379206
0.0,12,8.3796
0.0,37,8.380691
0.0,47,8.382068
0.0,14,8.382518
0.0,26,8.383306
0.0,9,8.383618
0.0,16,8.384131
0.0,14,8.38458
0.0,17,8.385123
0.0,11,8.385489
0.0,19,8.386086
1.0,8,8.38637
0.0,28,8.387212
0.0,38,8.388332
1.0,26,8.389125
0.0,36,8.390188
0.0,11,8.390558
1.0,13,8.390989
1.0,32,8.391929
1.0,26,8.392713
0.0,24,8.393448
0.0,76,8.395618
0.0,13,8.396052
0.0,16,8.396554
0.0,20,8.397175
0.0,28,8.398024
0.0,13,8.398449
0.0,22,8.399129
0.0,12,8.399524
0.0,16,8.400038
0.0,15,8.400515
0.0,14,8.400971
0.0,26,8.401753
0.0,28,8.402595
0.0,19,8.403194
0.0,17,8.403727
0.0,39,8.404875
0.0,15,8.405363
0.0,86,8.40781
0.0,16,8.408331
0.0,8,8.408616
0.0,13,8.409048
0.0,13,8.40947
0.0,6,8.409699
0.0,15,8.410186
0.0,14,8.410635
0.0,38,8.411756
1.0,19,8.412356
0.0,11,8.412726
0.0,28,8.413575
0.0,53,8.415117
0.0,23,8.415816
0.0,5,8.416032
0.0,50,8.417501
0.0,7,8.41776
1.0,48,8.419171
1.0,13,8.419597
0.0,17,8.420142
1.0,62,8.421926
1.0,75,8.424093
0.0,87,8.426591
0.0,13,8.427028
0.0,22,8.427699
0.0,48,8.429113
0.0,6,8.429345
1.0,38,8.430464
0.0,12,8.430859
0.0,11,8.431237
0.0,27,8.43206
0.0,59,8.43376
0.0,11,8.434143
0.0,5,8.434346
0.0,17,8.434877
0.0,13,8.435311
0.0,23,8.436018
0.0,49,8.43744
0.0,14,8.437892
0.0,8,8.43819
0.0,18,8.438751
0.0,35,8.439791
0.0,9,8.440116
0.0,18,8.440679
0.0,93,8.443337
0.0,25,8.444099
0.0,46,8.445441
0.0,15,8.445919
0.0,6,8.446157
0.0,20,8.446769
0.0,13,8.447201
0.0,33,8.448187
1.0,11,8.448557
0.0,25,8.449317
1.0,17,8.449847
0.0,29,8.450716
0.0,26,8.451507
0.0,18,8.452079
0.0,16,8.452584
0.0,58,8.45426
0.0,26,8.455052
0.0,71,8.457086
0.0,5,8.45729
0.0,14,8.45774
0.0,60,8.459476
0.0,42,8.46071
0.0,27,8.461532
0.0,14,8.461993
0.0,6,8.462223
0.0,12,8.462617
0.0,71,8.464652
0.0,15,8.465142
1.0,38,8.466263
0.0,66,8.468163
0.0,42,8.469391
0.0,13,8.469812
0.0,26,8.470604
1.0,38,8.471718
0.0,34,8.472731
0.0,89,8.47527
0.0,9,8.475642
0.0,9,8.475964
0.0,64,8.477803
0.0,11,8.478189
0.0,25,8.478942
1.0,12,8.479347
0.0,38,8.480468
0.0,36,8.481533
0.0,50,8.482992
0.0,32,8.483938
0.0,10,8.484287
0.0,9,8.484599
0.0,38,8.485718
0.0,5,8.485921
0.0,14,8.486377
0.0,4,8.486551
0.0,18,8.487123
0.0,74,8.489256
0.0,12,8.489654
0.0,40,8.490833
0.0,18,8.491406
0.0,14,8.491856
0.0,36,8.492923
0.0,38,8.494051
0.0,12,8.494449
0.0,31,8.495378
0.0,19,8.495976
0.0,82,8.498312
0.0,10,8.498654
1.0,29,8.499527
0.0,44,8.500815
0.0,81,8.503144
0.0,13,8.503568
0.0,69,8.505552
0.0,62,8.507346
0.0,72,8.509419
0.0,41,8.510621
0.0,28,8.511468
0.0,17,8.512011
0.0,20,8.512623
0.0,27,8.513437
0.0,63,8.515254
0.0,70,8.517261
0.0,43,8.518527
0.0,17,8.519068
1.0,19,8.519654
0.0,91,8.522245
0.0,94,8.524914
1.0,18,8.525482
0.0,8,8.525766
0.0,25,8.526528
0.0,23,8.527234
1.0,23,8.527929
0.0,11,8.528308
0.0,15,8.528785
0.0,9,8.529107
1.0,71,8.531143
0.0,75,8.533293
0.0,47,8.534657
1.0,74,8.536777
0.0,70,8.53879
0.0,50,8.540247
0.0,63,8.542057
1.0,19,8.542649
0.0,41,8.543852
0.0,44,8.545146
0.0,25,8.545901
0.0,36,8.546976
0.0,48,8.54838
0.0,38,8.5495
0.0,14,8.549953
0.0,12,8.550358
0.0,12,8.550751
0.0,11,8.55113
0.0,49,8.552554
0.0,11,8.552926
0.0,11,8.553301
0.0,22,8.553983
0.0,36,8.555054
1.0,36,8.556118
0.0,19,8.556708
0.0,19,8.557307
0.0,22,8.557994
0.0,100,8.560838
0.0,22,8.561522
0.0,52,8.563038
0.0,40,8.56421
0.0,44,8.565495
0.0,17,8.566038
0.0,45,8.567352
0.0,38,8.56848
0.0,17,8.569025
1.0,11,8.569396
0.0,17,8.569929
0.0,43,8.571197
0.0,35,8.572237
0.0,22,8.572908
1.0,85,8.575342
0.0,48,8.576788
0.0,7,8.577058
0.0,18,8.577615
0.0,21,8.578273
0.0,83,8.580636
0.0,17,8.581176
0.0,33,8.582155
0.0,72,8.58421
0.0,32,8.585162
0.0,31,8.586087
0.0,48,8.587473
0.0,54,8.589051
0.0,11,8.589417
0.0,100,8.592252
0.0,18,8.592814
0.0,8,8.593108
0.0,15,8.593583
0.0,30,8.59448
0.0,42,8.595708
1.0,50,8.597162
0.0,14,8.59761
0.0,29,8.598485
0.0,22,8.599164
0.0,24,8.599887
0.0,34,8.600895
0.0,24,8.601632
0.0,21,8.602285
0.0,20,8.602898
0.0,18,8.603463
0.0,66,8.605353
1.0,8,8.605639
0.0,11,8.606016
0.0,33,8.606993
0.0,16,8.607497
0.0,12,8.60789
0.0,19,8.608491
0.0,26,8.60928
0.0,40,8.610453
0.0,15,8.610928
0.0,7,8.611191
0.0,30,8.612089
0.0,17,8.61262
0.0,17,8.613161
0.0,40,8.61433
0.0,9,8.614642
0.0,75,8.616781
0.0,25,8.617543
1.0,32,8.618504
0.0,7,8.618761
0.0,16,8.619276
0.0,75,8.621415
0.0,14,8.621863
0.0,10,8.622211
0.0,21,8.622853
0.0,11,8.623228
1.0,13,8.623649
0.0,20,8.624273
0.0,89,8.62679
1.0,81,8.629107
0.0,11,8.629474
0.0,37,8.630559
0.0,35,8.631592
0.0,91,8.634166
0.0,7,8.634424
0.0,49,8.635846
0.0,5,8.63606
1.0,34,8.637065
0.0,11,8.637431
0.0,84,8.639822
0.0,21,8.640472
0.0,34,8.641476
0.0,13,8.6419
0.0,27,8.642714
0.0,10,8.643067
0.0,11,8.643434
0.0,9,8.643745
0.0,38,8.644858
1.0,38,8.645987
0.0,8,8.646273
0.0,17,8.646803
0.0,25,8.647564
0.0,35,8.648614
0.0,48,8.650012
0.0,21,8.650654
0.0,81,8.652972
0.0,17,8.653504
0.0,36,8.654567
0.0,5,8.654769
0.0,8,8.655063
0.0,10,8.655403
0.0,25,8.656162
0.0,24,8.656885
1.0,23,8.657589
0.0,26,8.658386
0.0,20,8.659012
0.0,35,8.660051
0.0,20,8.660663
1.0,23,8.661367
0.0,21,8.662018
0.0,66,8.663896
1.0,72,8.665964
0.0,34,8.66697
0.0,19,8.667554
0.0,81,8.669867
0.0,10,8.67022
0.0,33,8.671199
1.0,51,8.672677
0.0,83,8.675058
0.0,41,8.676257
0.0,11,8.676684
0.0,20,8.677309
0.0,11,8.677677
0.0,31,8.678608
0.0,15,8.679097
1.0,68,8.681062
0.0,40,8.682236
0.0,100,8.685082
0.0,21,8.685728
0.0,78,8.687966
0.0,44,8.689249
0.0,29,8.690123
1.0,12,8.690517
0.0,14,8.690975
1.0,31,8.691893
1.0,50,8.693354
0.0,15,8.693832
0.0,55,8.695422
0.0,20,8.696049
0.0,9,8.696363
0.0,17,8.696894
0.0,19,8.697494
0.0,42,8.698735
0.0,100,8.701581
0.0,12,8.701989
0.0,23,8.702684
0.0,19,8.703282
0.0,26,8.704071
0.0,22,8.70474
0.0,11,8.705119
0.0,27,8.705925
0.0,38,8.707049
0.0,32,8.708006
0.0,6,8.708237
0.0,12,8.708632
0.0,12,8.709037
0.0,62,8.710812
0.0,7,8.711083
1.0,30,8.711983
0.0,10,8.712325
0.0,56,8.713931
0.0,40,8.715118
1.0,7,8.715377
0.0,15,8.715852
0.0,12,8.716257
0.0,8,8.716542
0.0,37,8.717634
1.0,72,8.719702
0.0,28,8.720552
0.0,29,8.721427
0.0,13,8.72185
0.0,42,8.723091
0.0,39,8.724243
0.0,15,8.724722
0.0,71,8.726763
0.0,4,8.72694
0.0,4,8.727123
0.0,60,8.728854
0.0,11,8.729235
0.0,22,8.729904
0.0,35,8.730948
0.0,43,8.732214
0.0,8,8.7325
0.0,54,8.734069
0.0,26,8.734853
0.0,51,8.736341
0.0,41,8.737546
0.0,11,8.737912
1.0,23,8.738622
0.0,57,8.740269
0.0,9,8.740584
0.0,20,8.741209
0.0,100,8.744067
0.0,100,8.746911
0.0,23,8.74762
0.0,35,8.748664
0.0,9,8.748986
0.0,21,8.74963
1.0,43,8.750891
0.0,38,8.75202
0.0,27,8.752829
0.0,53,8.754377
0.0,33,8.75536
0.0,23,8.756069
0.0,35,8.757115
0.0,12,8.757513
0.0,21,8.758173
1.0,37,8.75927
0.0,17,8.759805
0.0,61,8.761574
1.0,60,8.763318
0.0,11,8.763689
0.0,12,8.764094
0.0,10,8.764437
1.0,23,8.765145
0.0,95,8.767845
0.0,33,8.768841
0.0,7,8.769112
0.0,38,8.770234
0.0,14,8.770687
0.0,100,8.773541
0.0,23,8.774252
0.0,8,8.774541
0.0,17,8.775085
0.0,36,8.776157
1.0,18,8.776721
0.0,25,8.777545
1.0,22,8.778232
0.0,16,8.778737
0.0,70,8.78074
0.0,31,8.781672
0.0,39,8.782817
0.0,7,8.783086
0.0,18,8.783643
0.0,32,8.784599
0.0,15,8.785087
0.0,15,8.785561
0.0,17,8.786104
0.0,7,8.786362
0.0,41,8.787557
0.0,10,8.787897
0.0,26,8.788687
1.0,59,8.790389
1.0,66,8.792284
0.0,8,8.792571
0.0,20,8.793197
0.0,6,8.793427
0.0,51,8.794907
0.0,15,8.795393
0.0,49,8.796816
0.0,21,8.797467
0.0,43,8.798728
0.0,61,8.800495
0.0,50,8.801941
0.0,17,8.802485
0.0,70,8.804491
1.0,32,8.80545
0.0,18,8.806021
0.0,9,8.806333
0.0,4,8.806507
0.0,22,8.807186
1.0,12,8.80758
0.0,20,8.808211
0.0,10,8.808551
0.0,100,8.811403
1.0,57,8.813058
1.0,28,8.81389
0.0,65,8.815752
1.0,49,8.817181
0.0,54,8.818738
0.0,65,8.820604
0.0,23,8.821313
0.0,26,8.822099
1.0,22,8.822768
0.0,28,8.823612
0.0,28,8.824459
0.0,21,8.825112
1.0,36,8.826174
0.0,21,8.826815
1.0,6,8.827055
0.0,14,8.827506
0.0,19,8.828106
1.0,87,8.830577
1.0,47,8.831944
0.0,23,8.832651
0.0,48,8.834052
0.0,31,8.834978
1.0,21,8.835618
0.0,8,8.835901
0.0,39,8.837058
0.0,27,8.837861
0.0,52,8.83937
1.0,7,8.839627
0.0,31,8.840553
0.0,17,8.8411
0.0,13,8.84152
0.0,23,8.842222
0.0,6,8.842452
1.0,28,8.843292
0.0,30,8.844193
0.0,25,8.844941
0.0,18,8.845509
0.0,47,8.846871
0.0,15,8.847358
0.0,16,8.847861
0.0,43,8.849133
0.0,50,8.85058
1.0,65,8.852454
0.0,23,8.853164
1.0,63,8.854975
0.0,29,8.855838
1.0,21,8.856492
0.0,15,8.85698
0.0,29,8.857843
0.0,33,8.858833
0.0,7,8.859102
0.0,72,8.861166
0.0,57,8.862803
0.0,15,8.863293
0.0,34,8.8643
0.0,51,8.865772
1.0,57,8.867422
0.0,42,8.86866
0.0,45,8.869975
0.0,8,8.870262
0.0,24,8.870996
0.0,11,8.871363
0.0,17,8.871892
0.0,22,8.872571
0.0,18,8.873142
0.0,15,8.873619
0.0,10,8.873966
0.0,11,8.874333
0.0,4,8.874507
0.0,19,8.875104
0.0,28,8.875948
0.0,61,8.877703
0.0,47,8.879145
0.0,9,8.879458
0.0,14,8.879906
0.0,4,8.88009
0.0,7,8.880346
0.0,88,8.882843
0.0,31,8.88377
0.0,61,8.885534
0.0,25,8.886299
0.0,54,8.887856
0.0,32,8.888814
0.0,14,8.889275
1.0,33,8.890256
0.0,47,8.891617
0.0,7,8.891874
0.0,46,8.89322
0.0,12,8.893615
0.0,100,8.896476
0.0,66,8.898385
0.0,30,8.899287
0.0,68,8.901242
0.0,34,8.902255
0.0,10,8.902595
0.0,31,8.903523
0.0,68,8.905473
0.0,13,8.905895
0.0,17,8.906437
0.0,18,8.907008
0.0,21,8.90765
0.0,12,8.908059
0.0,9,8.90837
1.0,33,8.909349
0.0,37,8.910439
0.0,93,8.913089
0.0,29,8.91395
0.0,52,8.915457
0.0,22,8.916136
0.0,36,8.9172
0.0,20,8.917811
0.0,78,8.920053
0.0,6,8.920284
0.0,15,8.920759
0.0,20,8.921381
0.0,81,8.923688
1.0,14,8.92415
0.0,36,8.925219
0.0,10,8.925561
0.0,35,8.926593
1.0,17,8.927135
0.0,11,8.927503
0.0,21,8.928163
1.0,35,8.929193
0.0,76,8.931369
1.0,33,8.93235
1.0,8,8.932636
0.0,86,8.935088
0.0,48,8.936484
0.0,11,8.93685
0.0,13,8.937283
0.0,16,8.937788
0.0,40,8.938977
0.0,6,8.939207
0.0,40,8.940381
0.0,32,8.941337
0.0,15,8.941816
0.0,10,8.942165
0.0,100,8.945011
0.0,39,8.946164
0.0,64,8.948019
0.0,19,8.948607
1.0,27,8.949424
0.0,11,8.949793
0.0,68,8.951749
0.0,20,8.952375
1.0,35,8.953414
0.0,38,8.954533
0.0,18,8.955104
0.0,14,8.955555
1.0,29,8.956427
0.0,11,8.956795
0.0,7,8.957062
0.0,12,8.957457
0.0,49,8.958885
0.0,17,8.959431
0.0,10,8.95977
0.0,44,8.961064
0.0,16,8.961568
0.0,12,8.961973
1.0,23,8.962673
0.0,15,8.963162
0.0,61,8.964917
0.0,14,8.965376
0.0,38,8.966495
0.0,27,8.967317
1.0,15,8.967797
1.0,15,8.96829
1.0,34,8.9693
0.0,10,8.969642
1.0,12,8.970049
0.0,15,8.970529
0.0,58,8.972209
0.0,4,8.972384
0.0,55,8.97398
0.0,34,8.974992
0.0,23,8.975687
0.0,56,8.977308
0.0,37,8.978409
0.0,24,8.979205
0.0,44,8.980493
0.0,35,8.981527
0.0,58,8.983204
0.0,15,8.983679
0.0,14,8.984137
0.0,82,8.986469
0.0,15,8.986946
0.0,34,8.987948
0.0,8,8.988247
0.0,19,8.988836
0.0,43,8.990099
0.0,28,8.990933
0.0,70,8.992929
0.0,22,8.993605
0.0,13,8.994037
0.0,24,8.99476
0.0,38,8.995874
0.0,11,8.996252
0.0,23,8.996948
1.0,13,8.99738
0.0,24,8.998121
1.0,13,8.998542
0.0,13,8.998973
0.0,68,9.000909
0.0,26,9.001698
0.0,20,9.002323
0.0,59,9.004034
0.0,14,9.004483
1.0,64,9.006335
0.0,28,9.007182
1.0,19,9.007767
0.0,21,9.008424
0.0,11,9.008792
0.0,47,9.01017
0.0,23,9.010866
0.0,9,9.011188
0.0,30,9.012087
0.0,64,9.01392
0.0,10,9.014269
0.0,32,9.015222
0.0,25,9.015982
0.0,60,9.0177
1.0,18,9.018277
0.0,12,9.018672
0.0,100,9.021517
0.0,57,9.023169
0.0,48,9.02456
1.0,36,9.025629
0.0,11,9.026008
0.0,100,9.028854
0.0,43,9.030125
0.0,18,9.030686
0.0,25,9.031449
0.0,15,9.031925
0.0,25,9.03268
0.0,13,9.033115
0.0,9,9.033428
0.0,22,9.034108
0.0,26,9.034888
0.0,54,9.036461
0.0,35,9.037498
0.0,16,9.038017
0.0,13,9.038439
0.0,21,9.039088
0.0,29,9.039945
0.0,54,9.041505
0.0,81,9.043814
0.0,34,9.044823
0.0,6,9.045064
0.0,40,9.04624
1.0,46,9.047577
0.0,4,9.047752
0.0,56,9.04938
1.0,7,9.049639
0.0,7,9.049895
0.0,26,9.050684
0.0,7,9.05094
1.0,87,9.053417
0.0,29,9.054291
0.0,5,9.054494
0.0,57,9.056148
0.0,19,9.056735
0.0,15,9.057223
1.0,18,9.057784
1.0,46,9.059139
0.0,14,9.05959
1.0,13,9.060021
0.0,28,9.060854
0.0,19,9.061451
0.0,32,9.062408
0.0,73,9.064501
0.0,8,9.064786
0.0,17,9.065328
0.0,18,9.065888
0.0,9,9.066207
0.0,15,9.066685
0.0,39,9.067831
0.0,39,9.068992
0.0,53,9.070525
0.0,82,9.072852
0.0,20,9.073478
0.0,18,9.07405
0.0,30,9.074937
1.0,6,9.075175
1.0,47,9.076539
0.0,9,9.076853
0.0,9,9.077177
0.0,17,9.077708
1.0,13,9.078146
0.0,57,9.079792
1.0,27,9.08067
0.0,33,9.081653
1.0,30,9.08255
0.0,17,9.083095
0.0,31,9.084021
1.0,23,9.084718
0.0,39,9.08586
1.0,34,9.086865
0.0,34,9.08787
0.0,91,9.090466
0.0,57,9.092112
0.0,22,9.092781
0.0,34,9.093788
0.0,22,9.094467
0.0,24,9.095201
0.0,45,9.096506
0.0,8,9.096791
1.0,10,9.09714
0.0,39,9.098291
1.0,48,9.099683
0.0,18,9.100252
0.0,15,9.10073
0.0,69,9.102713
0.0,10,9.103065
0.0,22,9.103735
0.0,24,9.104479
0.0,37,9.105574
0.0,41,9.106775
0.0,23,9.107486
0.0,21,9.108147
1.0,17,9.108682
0.0,8,9.108976
0.0,25,9.109732
0.0,30,9.110634
0.0,31,9.111564
0.0,21,9.11222
0.0,27,9.113039
0.0,7,9.113297
0.0,39,9.114446
0.0,27,9.115266
1.0,27,9.116085
0.0,16,9.116588
0.0,8,9.116871
0.0,4,9.117055
0.0,48,9.118452
0.0,14,9.118903
0.0,47,9.12028
0.0,39,9.121431
0.0,34,9.122453
0.0,25,9.123218
0.0,58,9.124887
0.0,4,9.125073
0.0,9,9.125385
1.0,12,9.12578
0.0,17,9.126322
1.0,47,9.127694
0.0,13,9.128134
0.0,28,9.128982
0.0,47,9.130348
0.0,21,9.131001
0.0,12,9.131396
0.0,85,9.133814
0.0,74,9.135934
0.0,52,9.137446
0.0,39,9.138598
0.0,52,9.140113
0.0,27,9.140916
0.0,17,9.141454
0.0,44,9.142735
0.0,16,9.143287
0.0,4,9.143461
0.0,57,9.145107
0.0,100,9.147946
0.0,26,9.148741
0.0,11,9.149118
0.0,4,9.149293
0.0,26,9.15008
0.0,41,9.151284
0.0,65,9.153156
0.0,13,9.153579
0.0,71,9.155615
0.0,17,9.15616
0.0,17,9.156693
0.0,13,9.157125
0.0,17,9.157658
0.0,100,9.160509
0.0,26,9.1613
0.0,27,9.162121
1.0,9,9.162434
0.0,26,9.163224
0.0,30,9.164124
0.0,96,9.166841
0.0,16,9.167356
0.0,20,9.167982
0.0,18,9.168539
0.0,100,9.171367
0.0,5,9.17157
1.0,33,9.172555
0.0,36,9.173621
0.0,6,9.173852
0.0,12,9.174256
0.0,36,9.175318
0.0,17,9.175851
0.0,52,9.177365
0.0,13,9.177788
0.0,9,9.178118
0.0,13,9.178544
0.0,37,9.179641
0.0,35,9.180685
0.0,29,9.181617
1.0,25,9.182383
1.0,27,9.183198
0.0,48,9.184602
0.0,47,9.185973
0.0,30,9.18686
0.0,31,9.187784
0.0,14,9.188253
0.0,40,9.189421
0.0,46,9.19076
1.0,24,9.191495
0.0,5,9.191699
0.0,14,9.192159
0.0,56,9.193777
1.0,12,9.194184
0.0,49,9.195601
1.0,18,9.196171
0.0,31,9.197098
0.0,37,9.198191
0.0,24,9.198912
0.0,5,9.199122
0.0,57,9.20076
1.0,34,9.201769
0.0,12,9.202177
0.0,100,9.205019
0.0,5,9.205222
0.0,100,9.208076
0.0,16,9.208585
0.0,9,9.208896
0.0,38,9.210018
0.0,37,9.211107
0.0,63,9.212913
0.0,11,9.213288
1.0,41,9.214485
0.0,39,9.215628
0.0,4,9.215802
0.0,50,9.21726
0.0,8,9.217545
0.0,5,9.217746
0.0,7,9.218017
0.0,21,9.218657
1.0,17,9.219198
0.0,24,9.219922
0.0,23,9.220623
0.0,39,9.221771
0.0,10,9.22212
0.0,39,9.223261
1.0,46,9.224602
0.0,4,9.224776
1.0,50,9.226237
0.0,16,9.226742
0.0,17,9.227284
0.0,7,9.22754
0.0,27,9.228359
0.0,70,9.23036
0.0,29,9.23123
0.0,30,9.232133
1.0,30,9.233032
0.0,40,9.23421
1.0,25,9.234971
1.0,13,9.235394
0.0,58,9.237074
0.0,11,9.237442
0.0,38,9.238564
0.0,10,9.238904
0.0,100,9.241738
0.0,57,9.24339
0.0,20,9.244015
0.0,35,9.245048
0.0,7,9.245305
1.0,58,9.246978
0.0,6,9.247208
0.0,5,9.247409
0.0,25,9.248177
0.0,27,9.248989
0.0,57,9.25066
0.0,18,9.251231
0.0,55,9.252809
0.0,30,9.253705
1.0,74,9.255811
0.0,87,9.258292
0.0,36,9.259358
0.0,51,9.260832
0.0,6,9.261072
0.0,23,9.261768
0.0,86,9.264223
0.0,43,9.265483
0.0,6,9.265713
0.0,77,9.267909
0.0,34,9.268924
0.0,99,9.271714
1.0,24,9.272449
0.0,14,9.272898
1.0,41,9.274105
0.0,26,9.274886
0.0,40,9.276071
0.0,12,9.276467
0.0,13,9.276887
0.0,11,9.277263
1.0,42,9.278504
0.0,15,9.278992
0.0,23,9.279687
0.0,10,9.280036
0.0,31,9.28095
0.0,16,9.281525
0.0,17,9.282069
0.0,30,9.282965
0.0,9,9.283278
0.0,49,9.284693
0.0,100,9.287534
0.0,15,9.288024
0.0,13,9.288447
0.0,20,9.289069
0.0,27,9.289871
0.0,86,9.292323
0.0,17,9.292857
0.0,5,9.293069
0.0,5,9.293271
0.0,19,9.293855
0.0,23,9.29456
0.0,26,9.295346
0.0,13,9.295768
0.0,18,9.296339
0.0,29,9.297209
1.0,37,9.298305
0.0,15,9.298781
0.0,8,9.299077
0.0,8,9.299363
0.0,61,9.301122
0.0,7,9.301381
0.0,21,9.302033
0.0,20,9.302646
0.0,52,9.304157
0.0,19,9.304742
0.0,40,9.305911
0.0,19,9.306505
0.0,10,9.306846
0.0,13,9.307277
1.0,49,9.308701
0.0,33,9.309683
1.0,32,9.310638
0.0,52,9.312153
0.0,32,9.31311
0.0,25,9.31386
0.0,25,9.314617
0.0,20,9.315241
0.0,18,9.315801
0.0,96,9.318536
0.0,19,9.319134
0.0,5,9.319337
0.0,19,9.319926
0.0,12,9.320328
0.0,10,9.320666
0.0,48,9.322065
0.0,10,9.322405
0.0,31,9.323327
0.0,22,9.32401
0.0,42,9.325233
0.0,100,9.328078
1.0,48,9.32949
1.0,44,9.330777
0.0,47,9.33215
0.0,13,9.332573
0.0,9,9.332883
0.0,30,9.333778
0.0,21,9.334432
1.0,65,9.336296
1.0,23,9.337
0.0,100,9.33985
0.0,26,9.340641
0.0,14,9.341101
0.0,10,9.341439
0.0,53,9.342975
0.0,22,9.343644
0.0,52,9.345154
0.0,37,9.346252
0.0,9,9.346565
0.0,16,9.347082
1.0,46,9.348425
0.0,26,9.349213
0.0,31,9.35014
0.0,18,9.350697
0.0,9,9.351019
0.0,89,9.353543
0.0,46,9.354878
0.0,53,9.356421
0.0,28,9.357265
0.0,9,9.357579
0.0,45,9.358891
0.0,100,9.361733
0.0,15,9.362223
0.0,55,9.363807
0.0,76,9.365986
0.0,29,9.366847
0.0,9,9.367171
0.0,24,9.367893
0.0,33,9.368882
0.0,11,9.369261
1.0,14,9.36971
0.0,18,9.37028
1.0,9,9.370592
0.0,26,9.371382
0.0,40,9.372557
0.0,34,9.373568
0.0,17,9.374115
0.0,28,9.374951
1.0,36,9.376024
0.0,26,9.376801
1.0,25,9.377562
0.0,24,9.378303
1.0,26,9.379093
0.0,13,9.379516
0.0,16,9.38003
1.0,33,9.381006
0.0,59,9.382768
0.0,40,9.383947
0.0,11,9.384326
0.0,35,9.385362
0.0,78,9.387578
1.0,21,9.388237
0.0,65,9.390109
0.0,25,9.390859
0.0,30,9.391756
0.0,82,9.394108
0.0,42,9.395337
0.0,29,9.396209
0.0,16,9.396714
0.0,37,9.397804
0.0,11,9.398188
0.0,22,9.398854
0.0,21,9.399504
0.0,18,9.400075
1.0,14,9.400525
0.0,85,9.402945
0.0,81,9.405271
0.0,10,9.405613
1.0,69,9.407601
0.0,25,9.408372
0.0,21,9.409025
0.0,29,9.409887
0.0,25,9.410651
0.0,27,9.411476
0.0,94,9.414155
0.0,13,9.414581
0.0,5,9.414782
0.0,47,9.416156
0.0,32,9.417111
0.0,20,9.417723
0.0,13,9.418162
0.0,41,9.419365
0.0,9,9.419678
0.0,53,9.421222
0.0,16,9.421728
0.0,19,9.422324
0.0,30,9.423229
0.0,6,9.42346
0.0,25,9.424222
0.0,88,9.426736
0.0,23,9.427446
1.0,27,9.428269
0.0,12,9.428666
0.0,46,9.43001
0.0,6,9.43024
0.0,34,9.431249
0.0,20,9.431864
1.0,17,9.432407
0.0,10,9.432747
0.0,43,9.434012
0.0,6,9.434242
1.0,65,9.436118
0.0,31,9.437047
1.0,38,9.438175
1.0,9,9.438487
0.0,16,9.439003
1.0,33,9.439987
1.0,50,9.441438
0.0,38,9.442556
0.0,28,9.443404
1.0,24,9.44414
0.0,11,9.444508
0.0,20,9.445132
1.0,80,9.447427
0.0,11,9.447796
1.0,44,9.449092
1.0,27,9.4499
0.0,11,9.450277
1.0,32,9.451231
0.0,18,9.451792
1.0,66,9.453689
0.0,21,9.454344
0.0,41,9.455542
0.0,84,9.457927
0.0,23,9.458637
0.0,43,9.459902
0.0,29,9.460775
0.0,53,9.462315
0.0,13,9.462738
0.0,42,9.463978
0.0,16,9.464484
1.0,55,9.466083
1.0,12,9.46648
1.0,12,9.466872
0.0,50,9.468338
0.0,6,9.468568
0.0,9,9.46888
0.0,12,9.469284
0.0,24,9.470022
0.0,12,9.470416
1.0,11,9.470783
0.0,6,9.471023
1.0,21,9.471664
0.0,32,9.472617
0.0,42,9.473849
1.0,56,9.475476
0.0,8,9.475761
1.0,16,9.476274
0.0,9,9.476588
0.0,7,9.476843
0.0,18,9.477413
0.0,8,9.4777
0.0,18,9.478274
0.0,10,9.478615
1.0,38,9.479734
0.0,8,9.480032
0.0,27,9.480841
0.0,6,9.481081
1.0,97,9.483891
0.0,25,9.484656
0.0,94,9.487339
0.0,9,9.487653
0.0,14,9.488118
0.0,34,9.489124
0.0,69,9.491099
0.0,14,9.491551
0.0,20,9.492175
0.0,13,9.492599
0.0,26,9.493387
1.0,28,9.494232
0.0,15,9.49471
0.0,41,9.495909
0.0,11,9.496287
0.0,19,9.496874
0.0,6,9.497114
0.0,7,9.497371
0.0,32,9.498331
0.0,10,9.498672
0.0,15,9.499158
0.0,8,9.499443
0.0,25,9.500203
0.0,21,9.500844
0.0,7,9.501113
0.0,6,9.501343
0.0,19,9.501929
0.0,29,9.502796
0.0,10,9.503148
0.0,22,9.503818
0.0,34,9.50483
0.0,15,9.50532
0.0,94,9.508002
0.0,49,9.509418
0.0,10,9.509757
0.0,38,9.510875
0.0,29,9.511747
0.0,71,9.513785
0.0,20,9.514411
0.0,33,9.51539
0.0,16,9.515894
0.0,27,9.516711
0.0,31,9.517637
0.0,34,9.518652
1.0,6,9.518882
0.0,27,9.519703
0.0,13,9.520139
0.0,68,9.522095
1.0,8,9.522383
0.0,25,9.523147
0.0,24,9.52387
0.0,41,9.52508
0.0,68,9.527037
0.0,4,9.527213
0.0,95,9.529916
0.0,33,9.530895
0.0,42,9.532138
0.0,10,9.532479
0.0,19,9.533077
0.0,16,9.533581
0.0,28,9.534426
0.0,20,9.535053
0.0,32,9.536004
0.0,13,9.536425
0.0,6,9.536653
0.0,93,9.539307
1.0,57,9.540946
0.0,44,9.542241
0.0,20,9.542856
0.0,47,9.544237
0.0,31,9.545163
0.0,23,9.54586
0.0,4,9.546046
0.0,32,9.546997
0.0,27,9.547802
0.0,42,9.549048
0.0,35,9.550087
0.0,24,9.55081
0.0,63,9.552646
0.0,13,9.553081
0.0,14,9.553532
1.0,11,9.553899
0.0,95,9.556609
0.0,49,9.558046
0.0,73,9.560137
0.0,4,9.560313
0.0,61,9.562078
0.0,15,9.562558
0.0,26,9.56335
0.0,19,9.563936
0.0,16,9.564451
0.0,18,9.56502
0.0,31,9.565936
0.0,19,9.566532
0.0,28,9.567375
0.0,25,9.568146
1.0,18,9.568708
0.0,26,9.5695
0.0,7,9.569758
1.0,29,9.570631
0.0,4,9.570805
0.0,57,9.572445
0.0,14,9.572894
0.0,20,9.573519
0.0,55,9.575115
0.0,20,9.575734
0.0,40,9.576911
1.0,94,9.579597
0.0,16,9.580115
0.0,11,9.580484
0.0,29,9.581358
0.0,11,9.581782
0.0,91,9.584384
0.0,32,9.58534
0.0,15,9.585816
0.0,18,9.586386
1.0,37,9.587483
0.0,29,9.588361
0.0,10,9.588701
0.0,15,9.589185
0.0,22,9.589852
1.0,27,9.590667
0.0,23,9.591376
0.0,22,9.592051
0.0,20,9.592662
0.0,6,9.59289
0.0,38,9.594014
0.0,24,9.594738
0.0,11,9.595113
0.0,40,9.596277
0.0,12,9.59667
0.0,21,9.59732
0.0,68,9.599271
0.0,4,9.599447
0.0,11,9.599813
0.0,17,9.600355
0.0,83,9.602721
0.0,4,9.602896
0.0,42,9.604127
0.0,10,9.604465
1.0,14,9.604913
0.0,77,9.607111
0.0,23,9.607805
0.0,41,9.609013
0.0,12,9.609407
0.0,57,9.611046
0.0,83,9.613412
0.0,15,9.61389
1.0,55,9.615482
0.0,20,9.616109
1.0,10,9.616448
0.0,19,9.617042
0.0,9,9.617353
0.0,17,9.617883
0.0,24,9.618622
0.0,19,9.619218
0.0,23,9.619916
0.0,82,9.622259
0.0,19,9.622849
0.0,11,9.623226
0.0,13,9.623645
1.0,15,9.624131
0.0,27,9.624932
1.0,14,9.625387
0.0,27,9.626202
0.0,9,9.626514
0.0,9,9.626826
0.0,48,9.628233
1.0,7,9.628492
0.0,34,9.629501
0.0,16,9.630015
0.0,67,9.631915
0.0,42,9.633147
0.0,8,9.633431
0.0,26,9.634215
0.0,67,9.636128
0.0,19,9.636714
0.0,17,9.637256
0.0,17,9.637785
0.0,43,9.639053
0.0,33,9.640029
1.0,27,9.640832
0.0,42,9.642064
0.0,21,9.642707
0.0,13,9.643138
0.0,60,9.644855
1.0,12,9.645261
0.0,40,9.646434
0.0,37,9.647523
1.0,31,9.648452
0.0,25,9.649213
0.0,51,9.650686
0.0,55,9.652272
0.0,100,9.65511
0.0,22,9.655778
1.0,27,9.656596
0.0,34,9.657601
0.0,100,9.660455
0.0,62,9.662242
0.0,42,9.663472
0.0,27,9.664289
0.0,9,9.6646
0.0,31,9.665521
0.0,55,9.667104
0.0,27,9.667909
0.0,17,9.668456
0.0,7,9.668712
1.0,10,9.669062
0.0,18,9.669619
0.0,12,9.670023
0.0,11,9.67039
0.0,22,9.671066
0.0,31,9.671986
0.0,24,9.67271
0.0,8,9.673003
0.0,37,9.674091
0.0,15,9.674567
0.0,26,9.675353
1.0,29,9.676223
0.0,54,9.677779
0.0,7,9.678054
0.0,18,9.678615
0.0,7,9.678871
0.0,14,9.679329
0.0,30,9.680232
0.0,38,9.681352
0.0,10,9.681694
0.0,7,9.682021
0.0,10,9.682362
0.0,6,9.68259
0.0,14,9.683049
0.0,14,9.683498
0.0,17,9.684039
0.0,18,9.684597
0.0,23,9.685298
1.0,60,9.687036
0.0,11,9.687404
0.0,10,9.687741
0.0,36,9.688806
0.0,39,9.68995
0.0,32,9.690904
0.0,16,9.691416
0.0,28,9.692261
0.0,44,9.69354
0.0,15,9.694028
0.0,47,9.695396
1.0,12,9.695792
0.0,13,9.696226
0.0,32,9.697179
0.0,25,9.697928
0.0,7,9.698196
0.0,54,9.699751
0.0,71,9.701783
0.0,13,9.702217
0.0,25,9.702976
1.0,23,9.703675
0.0,9,9.703998
0.0,67,9.70591
0.0,15,9.706396
1.0,38,9.70751
0.0,8,9.707795
0.0,64,9.70964
0.0,50,9.711098
0.0,9,9.711411
0.0,36,9.712474
0.0,21,9.713127
0.0,26,9.713906
0.0,17,9.714445
0.0,11,9.714812
0.0,9,9.715135
0.0,10,9.715475
0.0,10,9.715813
0.0,7,9.71608
0.0,53,9.717607
0.0,10,9.717946
0.0,10,9.718301
0.0,11,9.718666
0.0,25,9.719424
0.0,36,9.720493
0.0,18,9.721063
0.0,84,9.723449
1.0,56,9.725068
0.0,35,9.726102
0.0,29,9.726971
0.0,18,9.727531
0.0,25,9.728298
1.0,7,9.728555
0.0,55,9.730143
0.0,32,9.731098
1.0,12,9.731492
1.0,29,9.732363
0.0,53,9.733894
0.0,27,9.734713
0.0,22,9.735395
0.0,58,9.737077
0.0,100,9.739922
0.0,7,9.74019
0.0,39,9.741335
0.0,8,9.741621
0.0,57,9.743269
0.0,77,9.745469
0.0,25,9.746236
0.0,9,9.746548
0.0,13,9.746979
1.0,43,9.748245
0.0,20,9.748861
1.0,14,9.749321
0.0,24,9.750057
0.0,12,9.750452
0.0,6,9.750681
0.0,12,9.751086
0.0,21,9.75173
0.0,74,9.753842
1.0,20,9.754473
0.0,50,9.755925
0.0,28,9.756767
0.0,11,9.757146
0.0,45,9.75846
0.0,23,9.759169
0.0,12,9.759562
0.0,22,9.760237
1.0,31,9.761164
0.0,24,9.761901
0.0,15,9.76239
1.0,21,9.763044
0.0,20,9.763659
0.0,80,9.765948
0.0,52,9.767461
0.0,10,9.767802
0.0,39,9.768963
0.0,5,9.769168
1.0,47,9.770534
0.0,38,9.771653
0.0,15,9.772145
0.0,12,9.772542
0.0,23,9.77325
0.0,9,9.773562
0.0,12,9.773963
0.0,25,9.774718
0.0,16,9.775234
0.0,13,9.775656
0.0,14,9.776114
0.0,20,9.776732
0.0,100,9.779583
0.0,70,9.781596
0.0,86,9.784055
0.0,10,9.784454
0.0,26,9.785242
0.0,85,9.787666
0.0,18,9.788242
1.0,58,9.789899
0.0,88,9.792403
0.0,18,9.792975
0.0,20,9.793591
0.0,9,9.793904
1.0,30,9.794799
0.0,56,9.79642
0.0,14,9.796868
0.0,65,9.798735
0.0,40,9.799911
0.0,55,9.801503
0.0,32,9.802454
0.0,28,9.8033
0.0,43,9.804549
0.0,19,9.805145
0.0,38,9.806257
0.0,25,9.807014
0.0,100,9.809825
1.0,27,9.810637
0.0,16,9.811152
0.0,37,9.812234
0.0,66,9.814118
1.0,13,9.81454
0.0,16,9.815053
1.0,20,9.815666
0.0,34,9.81667
0.0,19,9.817266
1.0,42,9.818491
0.0,12,9.818886
0.0,15,9.81937
0.0,19,9.819964
0.0,52,9.821462
0.0,4,9.821637
0.0,21,9.822287
0.0,23,9.822993
0.0,9,9.823304
0.0,12,9.823697
1.0,81,9.826008
0.0,14,9.826458
0.0,38,9.82757
0.0,17,9.828115
0.0,11,9.828481
0.0,11,9.828845
0.0,76,9.831022
0.0,7,9.83128
1.0,49,9.832692
1.0,13,9.833127
0.0,21,9.833768
0.0,42,9.835009
0.0,29,9.835872
1.0,40,9.837048
0.0,72,9.839114
0.0,7,9.839372
0.0,15,9.839847
0.0,23,9.840552
0.0,28,9.841391
0.0,21,9.842041
0.0,22,9.842708
0.0,68,9.844653
0.0,72,9.846712
0.0,14,9.847172
0.0,49,9.848599
0.0,28,9.849443
0.0,33,9.850423
0.0,11,9.85079
0.0,23,9.851493
0.0,11,9.85186
0.0,59,9.853567
0.0,51,9.85505
1.0,34,9.856054
0.0,45,9.857359
0.0,48,9.858757
1.0,13,9.859191
0.0,14,9.859641
0.0,38,9.860754
1.0,57,9.8624
0.0,7,9.862658
0.0,16,9.86317
0.0,16,9.863672
0.0,100,9.866498
0.0,26,9.867287
0.0,16,9.867792
0.0,33,9.868775
0.0,100,9.871605
0.0,63,9.873414
0.0,39,9.874556
1.0,31,9.87548
0.0,26,9.876269
0.0,100,9.879117
0.0,9,9.87943
0.0,15,9.879904
0.0,21,9.880558
0.0,34,9.881565
0.0,26,9.882354
0.0,9,9.882666
0.0,11,9.883043
0.0,8,9.883327
0.0,78,9.885546
1.0,64,9.887385
0.0,22,9.888068
0.0,38,9.889187
1.0,25,9.889938
0.0,90,9.892509
0.0,35,9.893543
0.0,9,9.893853
0.0,27,9.894666
0.0,36,9.895728
0.0,20,9.896352
0.0,13,9.896774
0.0,23,9.89754
0.0,25,9.898312
0.0,19,9.898901
1.0,13,9.899332
1.0,16,9.899838
0.0,51,9.901325
0.0,45,9.902637
0.0,5,9.902839
1.0,42,9.904071
0.0,33,9.905051
0.0,24,9.905775
0.0,34,9.906785
1.0,49,9.908228
0.0,17,9.908762
1.0,14,9.909221
0.0,59,9.91092
0.0,24,9.911652
0.0,10,9.912003
0.0,6,9.912232
0.0,10,9.912571
0.0,16,9.913085
0.0,7,9.913343
1.0,31,9.914267
0.0,24,9.915001
0.0,40,9.916171
0.0,26,9.916947
0.0,21,9.917595
0.0,34,9.918611
0.0,11,9.918989
0.0,10,9.919328
0.0,100,9.922173
0.0,22,9.922843
0.0,17,9.923386
0.0,27,9.924203
0.0,18,9.924762
0.0,12,9.925166
0.0,16,9.925671
0.0,100,9.92852
0.0,12,9.928915
0.0,44,9.930202
0.0,26,9.93099
0.0,12,9.931387
0.0,39,9.932529
0.0,41,9.933729
0.0,93,9.936378
0.0,10,9.936719
0.0,15,9.937204
0.0,28,9.938051
0.0,11,9.938417
0.0,25,9.939177
0.0,8,9.939463
0.0,20,9.940089
1.0,33,9.941072
1.0,37,9.942162
1.0,23,9.942856
0.0,28,9.943704
0.0,30,9.944601
0.0,50,9.946058
0.0,15,9.946533
0.0,24,9.947267
0.0,4,9.947442
0.0,12,9.947833
0.0,14,9.948297
1.0,16,9.948801
0.0,38,9.949911
0.0,33,9.950889
0.0,76,9.953073
0.0,54,9.954632
0.0,29,9.955507
0.0,30,9.956406
0.0,18,9.956977
0.0,15,9.957455
0.0,7,9.957711
0.0,27,9.958531
1.0,18,9.959101
0.0,7,9.959359
0.0,15,9.959834
0.0,28,9.960678
0.0,20,9.961301
0.0,42,9.962534
1.0,7,9.962792
0.0,68,9.964737
0.0,22,9.965417
0.0,62,9.967201
0.0,22,9.967871
0.0,22,9.968557
0.0,15,9.969048
0.0,13,9.969469
0.0,9,9.969781
0.0,19,9.970378
0.0,22,9.971053
0.0,11,9.971422
0.0,100,9.974267
1.0,39,9.975412
1.0,57,9.977062
0.0,8,9.977349
0.0,80,9.979626
1.0,63,9.981448
0.0,35,9.982493
0.0,18,9.983063
0.0,13,9.983486
0.0,11,9.983852
1.0,24,9.984584
0.0,29,9.985457
0.0,34,9.986465
0.0,52,9.987985
0.0,13,9.988421
0.0,9,9.988733
0.0,18,9.989303
0.0,31,9.990232
0.0,36,9.991301
0.0,94,9.993985
0.0,45,9.9953
0.0,53,9.996833
0.0,53,9.998434
0.0,22,9.999115
0.0,18,9.999672
0.0,40,10.000838
0.0,18,10.001408
0.0,6,10.001638
0.0,65,10.003507
0.0,29,10.004383
0.0,11,10.004752
0.0,16,10.005264
0.0,4,10.005438
0.0,28,10.00628
0.0,49,10.007697
0.0,19,10.0083
0.0,10,10.008638
0.0,19,10.009234
0.0,35,10.010273
0.0,21,10.010914
0.0,35,10.011945
0.0,11,10.012321
0.0,34,10.013325
1.0,12,10.013721
0.0,28,10.014563
0.0,27,10.01538
0.0,50,10.016824
0.0,46,10.01818
0.0,94,10.02086
0.0,47,10.022239
0.0,61,10.023995
0.0,14,10.024446
1.0,20,10.02507
1.0,7,10.025327
0.0,15,10.025801
0.0,9,10.026122
0.0,15,10.026598
0.0,34,10.027602
0.0,36,10.028675
0.0,15,10.029163
0.0,58,10.030821
0.0,10,10.031173
0.0,8,10.031456
0.0,43,10.032708
0.0,13,10.033143
0.0,48,10.034536
0.0,20,10.035163
0.0,20,10.035774
1.0,15,10.036263
0.0,20,10.036875
0.0,19,10.037473
1.0,32,10.03843
0.0,40,10.039606
0.0,8,10.039891
0.0,26,10.040684
0.0,25,10.041445
0.0,18,10.042013
0.0,26,10.04279
0.0,11,10.043168
0.0,52,10.044989
1.0,15,10.045483
0.0,13,10.045905
0.0,14,10.04636
0.0,33,10.047336
0.0,100,10.050185
0.0,21,10.050826
0.0,20,10.05145
0.0,9,10.05176
0.0,51,10.053249
0.0,100,10.056082
0.0,16,10.056588
1.0,51,10.058074
0.0,16,10.058578
0.0,7,10.058833
0.0,22,10.059511
0.0,69,10.06149
0.0,20,10.062116
0.0,21,10.06276
0.0,44,10.06405
0.0,9,10.064361
0.0,33,10.065341
0.0,9,10.065652
0.0,10,10.066
0.0,21,10.066642
0.0,38,10.067801
0.0,13,10.068262
0.0,33,10.069239
0.0,8,10.069523
1.0,49,10.070942
0.0,14,10.0714
0.0,20,10.072022
0.0,35,10.073055
0.0,17,10.073585
0.0,22,10.074261
0.0,44,10.075539
0.0,10,10.075878
0.0,84,10.078272
0.0,32,10.079226
1.0,26,10.080017
0.0,21,10.080656
0.0,18,10.081222
0.0,6,10.081452
0.0,10,10.081789
0.0,32,10.082738
0.0,37,10.083826
0.0,44,10.085117
0.0,30,10.086014
0.0,46,10.087349
0.0,16,10.087853
0.0,60,10.089586
0.0,32,10.090538
0.0,11,10.090904
0.0,72,10.092962
0.0,7,10.093221
0.0,38,10.094338
0.0,42,10.095565
1.0,11,10.095932
0.0,10,10.09628
1.0,99,10.099091
0.0,39,10.100314
0.0,43,10.101575
0.0,55,10.103169
0.0,25,10.103921
1.0,11,10.104296
1.0,13,10.10472
0.0,10,10.105069
0.0,34,10.106077
0.0,30,10.106979
0.0,22,10.10765
1.0,16,10.108169
0.0,59,10.10986
0.0,8,10.110157
0.0,16,10.11066
0.0,52,10.112164
0.0,9,10.112475
1.0,38,10.113591
0.0,24,10.114327
0.0,41,10.115534
0.0,23,10.116242
0.0,25,10.117004
0.0,33,10.117986
0.0,15,10.118465
0.0,16,10.118977
0.0,16,10.119481
0.0,54,10.121043
0.0,23,10.121738
0.0,24,10.122472
0.0,31,10.123399
1.0,10,10.12374
0.0,14,10.1242
0.0,45,10.125508
0.0,5,10.125711
1.0,24,10.126446
0.0,17,10.126988
0.0,21,10.12763
0.0,59,10.129335
0.0,8,10.129621
0.0,17,10.130163
0.0,15,10.13064
0.0,9,10.13095
1.0,36,10.132021
0.0,13,10.132442
0.0,7,10.132696
0.0,33,10.133671
0.0,40,10.134841
0.0,29,10.135712
0.0,44,10.137002
0.0,7,10.137261
0.0,9,10.137571
0.0,22,10.138251
0.0,17,10.138782
1.0,48,10.14018
0.0,30,10.141075
0.0,24,10.141795
0.0,43,10.143058
0.0,23,10.143756
0.0,6,10.143994
0.0,94,10.146657
0.0,12,10.147063
0.0,38,10.148186
0.0,15,10.148662
1.0,52,10.150162
0.0,41,10.151359
0.0,100,10.154201
0.0,22,10.154874
0.0,14,10.155331
0.0,35,10.156361
0.0,32,10.157314
0.0,15,10.15779
1.0,14,10.158256
0.0,19,10.158844
0.0,8,10.159138
0.0,9,10.159451
0.0,70,10.161458
0.0,7,10.161715
0.0,40,10.16289
1.0,16,10.163405
0.0,26,10.164195
0.0,5,10.164398
0.0,13,10.16482
0.0,29,10.165688
1.0,15,10.166176
0.0,5,10.166379
1.0,19,10.166973
0.0,54,10.168533
0.0,37,10.169626
0.0,23,10.170333
0.0,7,10.170592
0.0,40,10.171764
0.0,34,10.172772
0.0,15,10.173259
0.0,42,10.174494
0.0,31,10.175418
0.0,28,10.176262
1.0,12,10.176655
0.0,14,10.177114
0.0,47,10.178485
0.0,5,10.178689
0.0,25,10.179451
0.0,19,10.18005
1.0,28,10.180886
0.0,67,10.182807
0.0,10,10.183158
0.0,7,10.183416
0.0,9,10.183728
0.0,23,10.184431
0.0,41,10.185641
0.0,41,10.186842
0.0,22,10.187524
1.0,15,10.188019
0.0,51,10.189495
0.0,10,10.189837
1.0,65,10.191701
0.0,27,10.192522
0.0,22,10.193205
0.0,22,10.193878
1.0,20,10.194504
1.0,27,10.195324
0.0,10,10.195665
0.0,22,10.196342
0.0,12,10.196736
0.0,38,10.197852
0.0,4,10.198043
0.0,65,10.199901
0.0,15,10.200448
0.0,19,10.201044
0.0,18,10.201602
0.0,16,10.202115
0.0,20,10.202725
0.0,4,10.202897
0.0,8,10.20319
0.0,22,10.203858
0.0,29,10.204726
0.0,20,10.205351
0.0,32,10.206301
0.0,90,10.208862
0.0,24,10.209598
0.0,100,10.21244
0.0,43,10.213691
0.0,14,10.21415
0.0,10,10.214489
0.0,18,10.215054
0.0,13,10.215473
0.0,44,10.216748
0.0,20,10.217368
0.0,13,10.217788
0.0,22,10.21847
0.0,7,10.218727
0.0,47,10.220098
0.0,36,10.221157
1.0,38,10.222268
0.0,9,10.222578
1.0,39,10.223716
0.0,56,10.225332
0.0,11,10.225698
0.0,14,10.226157
1.0,39,10.227297
0.0,65,10.229162
0.0,28,10.230004
0.0,13,10.230423
0.0,16,10.230923
0.0,23,10.231622
1.0,44,10.232903
0.0,22,10.233577
1.0,36,10.234642
0.0,25,10.235404
0.0,9,10.235715
0.0,36,10.236772
0.0,11,10.237147
1.0,23,10.23784
0.0,10,10.238195
0.0,34,10.2392
0.0,57,10.240829
1.0,16,10.241342
0.0,24,10.242075
0.0,7,10.242332
1.0,22,10.243009
0.0,12,10.243406
0.0,6,10.243634
1.0,84,10.246035
0.0,20,10.246647
0.0,68,10.248595
0.0,30,10.249492
0.0,42,10.250721
1.0,38,10.251839
0.0,5,10.252053
1.0,15,10.252528
0.0,86,10.254966
0.0,30,10.255849
0.0,100,10.258689
0.0,27,10.259501
0.0,31,10.260425
0.0,36,10.261486
1.0,17,10.26203
1.0,38,10.263146
0.0,29,10.264018
1.0,17,10.264546
0.0,22,10.265222
0.0,43,10.266472
0.0,13,10.266891
0.0,35,10.267921
0.0,25,10.268681
0.0,32,10.269634
0.0,59,10.271343
0.0,17,10.271875
0.0,37,10.272971
0.0,20,10.273583
0.0,80,10.275865
0.0,19,10.276463
0.0,7,10.276718
1.0,49,10.278151
0.0,20,10.278767
0.0,50,10.280226
1.0,12,10.28062
0.0,26,10.28141
0.0,6,10.281639
0.0,9,10.28195
0.0,52,10.283458
1.0,10,10.283797
0.0,34,10.284801
1.0,15,10.285286
0.0,8,10.285571
0.0,30,10.286468
0.0,78,10.288705
0.0,9,10.289029
0.0,29,10.289889
0.0,49,10.291318
0.0,4,10.291493
0.0,100,10.294333
0.0,52,10.295829
0.0,29,10.296701
0.0,28,10.297543
0.0,19,10.298149
0.0,82,10.30048
0.0,32,10.301435
0.0,76,10.303612
1.0,24,10.30435
0.0,30,10.305252
0.0,14,10.305701
1.0,21,10.306354
0.0,9,10.306733
0.0,23,10.307442
0.0,64,10.309292
0.0,20,10.309908
0.0,17,10.310449
0.0,22,10.311127
0.0,28,10.311969
0.0,9,10.312281
0.0,21,10.312921
0.0,17,10.31346
0.0,16,10.313973
0.0,19,10.31456
0.0,82,10.316887
0.0,8,10.317184
1.0,51,10.318663
0.0,6,10.318893
1.0,35,10.319929
0.0,49,10.321357
1.0,52,10.322855
0.0,30,10.323753
0.0,13,10.324187
0.0,27,10.325004
0.0,16,10.325508
0.0,65,10.327369
1.0,9,10.327682
0.0,13,10.32812
0.0,53,10.329642
0.0,74,10.331756
0.0,25,10.33252
0.0,5,10.332722
0.0,52,10.334229
0.0,10,10.334569
0.0,22,10.335247
0.0,27,10.336064
0.0,22,10.336733
0.0,4,10.336906
0.0,27,10.337718
0.0,72,10.339772
0.0,16,10.340287
1.0,40,10.34146
0.0,42,10.342689
0.0,10,10.34304
0.0,28,10.343873
0.0,16,10.344388
0.0,4,10.344563
0.0,38,10.345677
0.0,57,10.347333
0.0,46,10.348674
1.0,25,10.349438
0.0,19,10.350035
0.0,25,10.350784
0.0,57,10.352426
0.0,19,10.353023
0.0,17,10.353554
0.0,8,10.353838
1.0,53,10.355377
0.0,43,10.356631
1.0,24,10.357367
0.0,6,10.357598
0.0,27,10.35842
0.0,71,10.360457
0.0,58,10.362132
0.0,32,10.363083
0.0,22,10.363751
0.0,100,10.366594
1.0,21,10.367249
0.0,100,10.370103
0.0,50,10.371549
0.0,56,10.373167
0.0,8,10.373452
0.0,7,10.373708
0.0,18,10.374274
0.0,17,10.374806
0.0,7,10.375073
0.0,41,10.376273
0.0,26,10.377062
0.0,76,10.379242
0.0,100,10.382085
1.0,56,10.383716
0.0,100,10.38656
0.0,97,10.389327
0.0,19,10.389915
1.0,46,10.391256
0.0,37,10.392344
0.0,29,10.393218
0.0,42,10.39445
0.0,50,10.395899
0.0,43,10.397163
0.0,65,10.399035
0.0,95,10.401713
0.0,8,10.40201
0.0,13,10.402434
1.0,80,10.404716
0.0,13,10.405154
0.0,15,10.405631
0.0,7,10.405887
0.0,16,10.406415
0.0,4,10.40659
1.0,42,10.407822
0.0,21,10.408483
0.0,40,10.409656
0.0,5,10.409859
0.0,12,10.410263
0.0,4,10.410438
0.0,52,10.411947
0.0,35,10.412995
0.0,45,10.41431
0.0,48,10.415704
0.0,12,10.416112
1.0,9,10.416425
0.0,4,10.416599
0.0,51,10.418094
0.0,28,10.418932
0.0,7,10.419195
0.0,56,10.420867
0.0,23,10.421576
0.0,5,10.421778
0.0,17,10.42232
0.0,27,10.423135
0.0,12,10.42353
0.0,40,10.424704
0.0,22,10.425386
1.0,17,10.425917
0.0,34,10.426916
0.0,36,10.427982
0.0,38,10.429096
0.0,9,10.429407
0.0,38,10.430521
0.0,16,10.431034
0.0,24,10.431756
1.0,19,10.432354
0.0,11,10.432719
0.0,13,10.43315
0.0,39,10.434295
0.0,21,10.434933
0.0,48,10.436327
0.0,10,10.436666
1.0,19,10.437259
0.0,71,10.439288
0.0,17,10.439818
0.0,29,10.440686
0.0,13,10.441119
1.0,31,10.442044
0.0,11,10.44241
0.0,34,10.44341
0.0,13,10.443829
0.0,12,10.444232
0.0,14,10.444679
0.0,20,10.4453
0.0,14,10.445748
1.0,10,10.446095
0.0,13,10.446515
0.0,16,10.447028
0.0,17,10.447558
0.0,16,10.448074
0.0,24,10.448795
0.0,20,10.449414
0.0,68,10.45136
0.0,7,10.451617
0.0,47,10.45299
0.0,5,10.453193
0.0,91,10.455773
0.0,53,10.457316
0.0,24,10.458054
0.0,63,10.459861
0.0,12,10.460267
0.0,7,10.460524
0.0,7,10.46078
0.0,21,10.461429
0.0,4,10.461602
0.0,12,10.462006
0.0,26,10.462786
0.0,28,10.463627
0.0,18,10.464196
0.0,23,10.464892
0.0,18,10.465459
0.0,39,10.4666
0.0,7,10.466856
0.0,15,10.467341
1.0,24,10.468084
0.0,6,10.468315
0.0,32,10.469271
0.0,34,10.470283
0.0,51,10.471758
0.0,100,10.474595
0.0,49,10.476017
0.0,21,10.476657
1.0,58,10.47834
0.0,57,10.479979
0.0,6,10.480208
0.0,17,10.480736
0.0,57,10.48238
0.0,5,10.482582
0.0,22,10.483258
0.0,15,10.48373
0.0,69,10.485707
0.0,79,10.487977
0.0,12,10.488371
0.0,76,10.490541
0.0,37,10.49163
0.0,100,10.494467
0.0,10,10.494806
0.0,27,10.49562
0.0,33,10.496597
0.0,41,10.497789
0.0,18,10.498365
0.0,70,10.500356
0.0,100,10.503192
0.0,19,10.503778
0.0,25,10.504537
0.0,46,10.50587
0.0,14,10.50633
0.0,22,10.507006
0.0,4,10.507181
0.0,10,10.507518
0.0,36,10.508584
1.0,37,10.509678
0.0,44,10.510966
0.0,12,10.51136
0.0,17,10.511889
0.0,25,10.512649
0.0,8,10.512933
0.0,48,10.514329
0.0,31,10.515254
0.0,29,10.516128
1.0,34,10.517135
0.0,17,10.517667
0.0,37,10.518765
0.0,44,10.520059
0.0,38,10.521242
0.0,16,10.521752
0.0,21,10.522406
0.0,16,10.52291
0.0,31,10.523836
0.0,16,10.524354
0.0,31,10.52528
0.0,8,10.525566
0.0,24,10.526301
0.0,28,10.527147
0.0,80,10.529435
0.0,21,10.53009
0.0,33,10.53107
0.0,49,10.53249
0.0,58,10.534159
0.0,56,10.535773
0.0,59,10.537471
0.0,81,10.539792
0.0,21,10.540448
1.0,12,10.540843
0.0,12,10.541248
0.0,57,10.542888
0.0,49,10.544322
1.0,46,10.54566
0.0,9,10.545984
0.0,18,10.546543
0.0,9,10.546854
0.0,6,10.547093
0.0,16,10.547597
0.0,26,10.548394
0.0,68,10.55035
0.0,13,10.550774
0.0,58,10.552448
0.0,41,10.553647
0.0,92,10.556268
0.0,14,10.556719
0.0,31,10.557641
0.0,64,10.559484
0.0,48,10.560877
0.0,20,10.561503
0.0,100,10.564345
0.0,41,10.565547
0.0,7,10.565805
0.0,36,10.56687
0.0,11,10.56725
0.0,34,10.568264
0.0,82,10.5706
0.0,100,10.573427
0.0,5,10.573631
0.0,15,10.574116
0.0,14,10.574564
0.0,16,10.575077
0.0,30,10.575974
0.0,11,10.576344
0.0,9,10.576656
0.0,18,10.577225
0.0,23,10.577922
0.0,27,10.578743
0.0,19,10.579344
0.0,30,10.580246
0.0,21,10.580887
0.0,10,10.581238
0.0,100,10.584085
1.0,33,10.58507
0.0,26,10.585852
0.0,47,10.587224
0.0,100,10.59007
0.0,39,10.591216
0.0,47,10.592578
0.0,13,10.593012
1.0,29,10.593871
0.0,46,10.595217
0.0,18,10.595774
0.0,19,10.59637
0.0,11,10.596737
1.0,40,10.59791
0.0,25,10.598673
0.0,39,10.599818
0.0,33,10.600801
0.0,23,10.601506
0.0,42,10.602736
0.0,25,10.603498
0.0,74,10.605615
1.0,26,10.606406
0.0,21,10.607059
0.0,44,10.608345
0.0,66,10.610239
1.0,33,10.611221
0.0,46,10.612556
0.0,34,10.613561
0.0,54,10.615128
0.0,24,10.615853
0.0,100,10.618698
0.0,14,10.619161
0.0,5,10.619364
0.0,16,10.619869
0.0,39,10.621019
0.0,56,10.62264
1.0,61,10.624396
0.0,12,10.624792
0.0,15,10.625278
1.0,36,10.626338
0.0,24,10.627071
0.0,9,10.627383
0.0,19,10.627982
0.0,27,10.628788
0.0,37,10.629883
0.0,35,10.630922
1.0,20,10.631541
0.0,10,10.631881
0.0,4,10.632067
0.0,100,10.634952
0.0,18,10.635523
0.0,33,10.636501
0.0,28,10.637343
0.0,9,10.637655
0.0,22,10.638336
0.0,68,10.640279
0.0,30,10.641179
0.0,26,10.641968
1.0,13,10.642389
0.0,55,10.643974
0.0,8,10.644259
0.0,56,10.645871
0.0,22,10.646547
0.0,13,10.646978
0.0,35,10.648014
1.0,19,10.648601
0.0,25,10.64936
0.0,7,10.649617
0.0,45,10.650923
0.0,20,10.651542
0.0,100,10.654384
1.0,31,10.655308
0.0,35,10.65634
0.0,13,10.65676
0.0,32,10.657715
0.0,12,10.658124
0.0,7,10.658382
0.0,8,10.658665
0.0,10,10.659013
1.0,14,10.659463
0.0,12,10.659854
0.0,26,10.660642
0.0,33,10.661623
0.0,10,10.661973
0.0,28,10.662801
1.0,9,10.663121
0.0,29,10.663991
0.0,11,10.664356
0.0,7,10.664612
0.0,44,10.665888
0.0,60,10.667608
0.0,10,10.667948
0.0,4,10.668136
0.0,12,10.668528
1.0,48,10.669912
0.0,28,10.67075
0.0,37,10.671841
0.0,86,10.674306
0.0,8,10.674591
0.0,9,10.6749
0.0,21,10.675551
0.0,65,10.67742
0.0,5,10.677623
0.0,37,10.678714
0.0,16,10.679227
0.0,29,10.680099
0.0,49,10.681516
0.0,53,10.683049
0.0,30,10.683935
0.0,49,10.68536
1.0,61,10.687114
0.0,23,10.687808
0.0,18,10.68838
0.0,21,10.689028
0.0,18,10.689584
0.0,12,10.689987
0.0,87,10.692444
0.0,51,10.693916
0.0,83,10.696289
0.0,13,10.696712
0.0,100,10.699558
0.0,12,10.699962
0.0,17,10.700494
0.0,76,10.702666
0.0,17,10.703209
0.0,24,10.703931
0.0,100,10.706762
0.0,36,10.707829
0.0,16,10.708349
0.0,6,10.70858
0.0,31,10.709504
0.0,6,10.709734
0.0,6,10.709973
0.0,8,10.710257
1.0,25,10.711016
0.0,18,10.711574
0.0,26,10.712361
0.0,13,10.71278
0.0,53,10.714316
0.0,11,10.714683
0.0,5,10.714884
0.0,12,10.715285
1.0,22,10.715949
0.0,29,10.716813
0.0,41,10.718026
0.0,18,10.718583
0.0,16,10.719095
0.0,22,10.719764
0.0,7,10.720033
0.0,4,10.720206
0.0,100,10.723044
0.0,26,10.723824
0.0,18,10.724393
0.0,14,10.724842
1.0,17,10.725385
0.0,52,10.726889
0.0,69,10.728867
0.0,28,10.729717
0.0,12,10.730122
0.0,62,10.731894
0.0,19,10.732493
0.0,99,10.735363
0.0,28,10.736207
0.0,26,10.736995
0.0,13,10.737417
0.0,7,10.737674
0.0,40,10.738852
1.0,16,10.739366
0.0,33,10.740349
0.0,37,10.741441
0.0,19,10.74204
0.0,59,10.743733
0.0,100,10.746577
0.0,15,10.747066
0.0,17,10.747601
0.0,16,10.748119
0.0,11,10.748489
1.0,39,10.749635
0.0,26,10.750426
0.0,52,10.751925
0.0,75,10.754079
0.0,21,10.754723
0.0,90,10.757297
0.0,75,10.75945
1.0,10,10.75979
0.0,53,10.761329
0.0,14,10.761781
0.0,55,10.763373
0.0,51,10.764851
0.0,20,10.765478
0.0,15,10.765965
0.0,11,10.766334
0.0,25,10.767094
0.0,35,10.768135
0.0,29,10.769008
0.0,13,10.769431
0.0,100,10.772277
0.0,15,10.772758
0.0,85,10.775182
0.0,9,10.775496
0.0,35,10.776531
0.0,31,10.777454
0.0,100,10.780297
0.0,66,10.782201
0.0,31,10.783129
0.0,17,10.783665
0.0,27,10.784485
0.0,100,10.787333
0.0,31,10.788268
0.0,32,10.78922
0.0,96,10.791939
0.0,8,10.792233
0.0,10,10.792574
0.0,44,10.793857
1.0,19,10.794455
0.0,24,10.79519
1.0,12,10.795585
0.0,40,10.796753
0.0,50,10.798213
0.0,21,10.798854
1.0,54,10.800416
0.0,8,10.800702
1.0,30,10.801601
0.0,22,10.802281
0.0,19,10.80287
0.0,19,10.803466
0.0,9,10.803779
0.0,33,10.804759
0.0,20,10.805384
0.0,100,10.808233
0.0,29,10.809109
0.0,8,10.809393
0.0,19,10.809988
0.0,16,10.810493
0.0,32,10.811447
0.0,29,10.812315
0.0,25,10.813077
0.0,11,10.813445
0.0,46,10.814778
0.0,58,10.81645
0.0,78,10.818681
0.0,12,10.819087
0.0,11,10.819453
0.0,62,10.821239
0.0,48,10.822629
1.0,6,10.82286
0.0,29,10.823733
0.0,75,10.825872
0.0,32,10.826825
1.0,22,10.827504
0.0,69,10.829485
0.0,43,10.830742
0.0,33,10.831722
0.0,27,10.832539
0.0,54,10.834105
0.0,47,10.835464
0.0,24,10.836201
0.0,54,10.837758
0.0,34,10.838773
0.0,26,10.839562
0.0,22,10.840243
0.0,26,10.841032
0.0,63,10.842834
0.0,18,10.843407
0.0,13,10.84383
0.0,55,10.845434
0.0,41,10.84664
0.0,30,10.847541
0.0,19,10.848148
0.0,87,10.850616
0.0,11,10.851054
0.0,53,10.85258
0.0,52,10.854086
0.0,41,10.855281
1.0,10,10.855622
0.0,8,10.855905
0.0,19,10.856497
0.0,84,10.858882
0.0,58,10.860561
0.0,17,10.8611
0.0,13,10.861521
1.0,36,10.86258
0.0,16,10.863093
0.0,24,10.863814
0.0,11,10.864187
0.0,37,10.865274
1.0,53,10.8668
0.0,22,10.867479
0.0,40,10.868653
0.0,19,10.869248
0.0,51,10.870718
0.0,25,10.871477
0.0,29,10.872345
0.0,99,10.875145
0.0,23,10.87584
0.0,66,10.877724
0.0,32,10.878684
0.0,15,10.879174
0.0,58,10.880836
0.0,99,10.88364
0.0,9,10.88396
0.0,96,10.886672
0.0,32,10.887626
0.0,30,10.888525
0.0,14,10.888985
0.0,32,10.889925
1.0,16,10.890434
0.0,63,10.892247
0.0,29,10.893118
0.0,18,10.893675
0.0,54,10.895237
0.0,16,10.895741
1.0,52,10.897243
0.0,5,10.897445
0.0,88,10.899962
0.0,34,10.900966
0.0,81,10.903266
0.0,29,10.904136
0.0,55,10.905715
0.0,60,10.907439
0.0,14,10.907887
0.0,8,10.908185
0.0,11,10.908552
0.0,53,10.91009
0.0,21,10.910732
0.0,10,10.911081
0.0,29,10.911942
1.0,16,10.912453
0.0,17,10.912994
0.0,7,10.913251
0.0,12,10.913643
0.0,58,10.915315
0.0,88,10.9178
0.0,15,10.918292
1.0,9,10.918603
1.0,24,10.919336
0.0,43,10.920588
1.0,20,10.921213
0.0,19,10.921798
0.0,7,10.922065
0.0,30,10.922949
1.0,14,10.923408
0.0,11,10.923774
0.0,21,10.92442
0.0,7,10.924677
0.0,66,10.926569
1.0,22,10.927251
0.0,14,10.927702
0.0,6,10.927928
0.0,38,10.929053
0.0,100,10.931886
0.0,15,10.932374
0.0,24,10.933106
0.0,34,10.934112
0.0,18,10.934669
0.0,43,10.935921
0.0,35,10.936962
0.0,17,10.937494
1.0,12,10.937885
0.0,6,10.938128
0.0,19,10.938714
0.0,43,10.939974
0.0,7,10.940232
1.0,8,10.940515
0.0,8,10.940798
0.0,4,10.940981
1.0,51,10.942446
0.0,22,10.943124
0.0,47,10.944482
0.0,44,10.945761
0.0,21,10.946413
0.0,62,10.9482
0.0,10,10.948539
0.0,37,10.949626
1.0,48,10.951031
0.0,41,10.952308
0.0,58,10.953983
1.0,29,10.954846
0.0,12,10.955252
0.0,20,10.955867
0.0,5,10.956079
0.0,50,10.957522
0.0,11,10.957889
0.0,19,10.95849
0.0,44,10.959773
0.0,37,10.96086
0.0,14,10.961321
0.0,39,10.962462
1.0,50,10.963905
0.0,34,10.964912
0.0,43,10.966167
0.0,100,10.969006
1.0,39,10.970152
0.0,35,10.971189
0.0,48,10.972589
0.0,60,10.974325
0.0,17,10.974859
0.0,6,10.975098
0.0,22,10.975765
0.0,100,10.978611
0.0,39,10.979762
0.0,4,10.979938
0.0,44,10.981227
0.0,11,10.981596
1.0,24,10.98233
0.0,27,10.983148
1.0,41,10.984348
0.0,58,10.986025
1.0,9,10.986338
0.0,14,10.986785
0.0,43,10.988047
0.0,11,10.988414
0.0,58,10.990083
0.0,11,10.990451
0.0,38,10.991564
0.0,33,10.992544
0.0,78,10.994765
0.0,38,10.995887
0.0,16,10.996401
1.0,10,10.996741
0.0,16,10.997253
0.0,28,10.9981
0.0,24,10.998822
0.0,31,10.999747
0.0,19,11.000344
0.0,7,11.000602
0.0,27,11.001417
0.0,35,11.002456
0.0,15,11.002932
0.0,23,11.003634
0.0,61,11.005389
0.0,60,11.007118
0.0,11,11.007486
0.0,53,11.009029
0.0,88,11.011527
1.0,33,11.012505
0.0,18,11.013076
0.0,34,11.014081
0.0,43,11.015336
0.0,21,11.01599
0.0,70,11.018002
0.0,52,11.019504
0.0,29,11.020383
1.0,20,11.021008
0.0,9,11.021321
0.0,37,11.022412
0.0,10,11.022752
1.0,31,11.023675
0.0,23,11.024383
0.0,7,11.02464
1.0,38,11.025756
0.0,10,11.026114
0.0,14,11.026564
0.0,8,11.026847
0.0,5,11.027058
0.0,31,11.027988
0.0,9,11.028301
0.0,60,11.030031
0.0,28,11.030864
0.0,41,11.032076
0.0,38,11.033193
0.0,14,11.033642
0.0,28,11.034483
0.0,14,11.034933
0.0,64,11.036771
0.0,34,11.03778
0.0,24,11.03852
0.0,16,11.039035
1.0,9,11.039349
0.0,34,11.040358
0.0,8,11.040643
0.0,50,11.042101
0.0,60,11.043822
0.0,33,11.044805
0.0,89,11.048258
0.0,7,11.048601
1.0,14,11.049078
0.0,49,11.050516
0.0,65,11.052468
0.0,21,11.053325
0.0,7,11.053598
0.0,37,11.054694
0.0,6,11.054953
0.0,78,11.057227
0.0,21,11.057944
0.0,17,11.058507
0.0,12,11.058905
0.0,17,11.059451
0.0,53,11.061014
0.0,25,11.061815
0.0,31,11.062754
0.0,12,11.063187
0.0,37,11.064286
0.0,12,11.064703
0.0,26,11.065505
1.0,35,11.066588
0.0,16,11.067133
0.0,43,11.068413
0.0,32,11.06941
0.0,14,11.069878
0.0,9,11.070206
0.0,20,11.070825
0.0,24,11.071575
0.0,17,11.07213
0.0,53,11.073685
0.0,24,11.074466
0.0,14,11.074925
0.0,23,11.07564
0.0,4,11.075824
0.0,59,11.077546
1.0,23,11.07832
0.0,15,11.078806
0.0,4,11.079004
0.0,39,11.080153
1.0,31,11.081087
1.0,51,11.082565
0.0,9,11.082878
0.0,17,11.083422
0.0,4,11.083596
1.0,17,11.084138
0.0,53,11.08566
0.0,10,11.08601
0.0,33,11.08699
0.0,99,11.089811
1.0,44,11.091106
1.0,25,11.091857
0.0,26,11.092652
0.0,43,11.093907
0.0,20,11.094529
0.0,60,11.096256
1.0,53,11.097777
0.0,28,11.098626
0.0,31,11.09955
0.0,26,11.100341
0.0,12,11.100736
0.0,9,11.10106
1.0,32,11.102011
0.0,83,11.104373
0.0,71,11.1064
0.0,8,11.106684
0.0,38,11.1078
0.0,100,11.110655
0.0,7,11.110914
0.0,9,11.111234
0.0,25,11.111992
0.0,40,11.113158
0.0,17,11.11369
0.0,14,11.114149
0.0,13,11.11457
0.0,34,11.11557
0.0,4,11.115744
0.0,10,11.116091
0.0,12,11.116487
0.0,32,11.117442
0.0,12,11.117836
1.0,29,11.118707
0.0,30,11.119605
0.0,21,11.120257
0.0,17,11.120786
0.0,11,11.121162
1.0,26,11.121936
0.0,26,11.122719
0.0,64,11.124561
0.0,5,11.124764
0.0,43,11.126023
0.0,24,11.126745
0.0,13,11.127173
0.0,23,11.127867
0.0,38,11.128996
0.0,16,11.129498
0.0,13,11.129918
0.0,25,11.130677
0.0,30,11.131577
0.0,25,11.132338
0.0,30,11.133234
0.0,23,11.133928
0.0,21,11.134575
0.0,19,11.135171
0.0,35,11.136206
0.0,100,11.139055
0.0,26,11.139834
0.0,9,11.140156
0.0,17,11.140687
0.0,37,11.141778
0.0,19,11.142378
0.0,100,11.14521
0.0,44,11.146494
0.0,32,11.147445
0.0,4,11.147621
1.0,36,11.148683
0.0,13,11.149116
1.0,25,11.149867
0.0,24,11.150601
1.0,43,11.151855
0.0,69,11.153823
0.0,32,11.154897
0.0,46,11.156243
0.0,7,11.156501
0.0,49,11.15791
0.0,15,11.1584
0.0,13,11.15882
0.0,51,11.160296
1.0,20,11.160908
1.0,17,11.161447
0.0,28,11.162289
0.0,29,11.163159
1.0,60,11.164874
0.0,24,11.165607
0.0,16,11.166121
0.0,100,11.168941
0.0,23,11.169649
0.0,78,11.17186
0.0,19,11.172459
0.0,35,11.173494
0.0,27,11.174312
0.0,100,11.177151
0.0,18,11.177711
0.0,30,11.178616
0.0,10,11.178964
0.0,48,11.180352
0.0,25,11.181113
0.0,48,11.182505
0.0,59,11.184208
0.0,16,11.184713
0.0,27,11.185527
0.0,5,11.18573
0.0,6,11.185966
0.0,29,11.186827
0.0,19,11.187424
0.0,27,11.188248
0.0,24,11.188984
0.0,57,11.190624
0.0,23,11.191334
0.0,19,11.191921
1.0,46,11.193265
0.0,30,11.194165
0.0,27,11.194981
0.0,4,11.195156
0.0,16,11.195657
0.0,33,11.196634
0.0,12,11.197038
0.0,46,11.198379
0.0,28,11.199228
0.0,22,11.199896
0.0,31,11.200824
0.0,18,11.201394
0.0,10,11.201735
0.0,36,11.202796
0.0,5,11.203009
0.0,23,11.203702
0.0,10,11.20405
0.0,32,11.205004
0.0,6,11.205234
1.0,11,11.205601
0.0,25,11.20636
0.0,20,11.206983
0.0,26,11.207762
1.0,11,11.208145
0.0,4,11.20832
0.0,21,11.208967
0.0,35,11.210004
0.0,27,11.210807
0.0,49,11.212233
0.0,24,11.212965
0.0,14,11.213416
0.0,23,11.214122
0.0,34,11.215129
0.0,7,11.215386
1.0,15,11.215859
0.0,38,11.216985
0.0,9,11.217297
0.0,18,11.217854
1.0,9,11.218182
0.0,10,11.218523
0.0,69,11.220503
0.0,39,11.221647
0.0,16,11.222161
0.0,18,11.222719
1.0,63,11.224525
0.0,39,11.22567
1.0,94,11.228343
0.0,55,11.229923
1.0,26,11.230707
1.0,57,11.232359
0.0,76,11.234528
0.0,21,11.235181
0.0,11,11.235547
0.0,15,11.236033
0.0,100,11.238866
0.0,9,11.23919
0.0,9,11.239503
0.0,5,11.239704
1.0,90,11.242272
0.0,8,11.242558
0.0,24,11.243291
0.0,9,11.243604
0.0,42,11.244826
1.0,33,11.245807
1.0,72,11.247861
0.0,16,11.248383
0.0,78,11.250597
0.0,9,11.25091
0.0,100,11.253739
0.0,38,11.254859
0.0,10,11.255281
1.0,13,11.255703
0.0,73,11.257787
0.0,15,11.258277
0.0,51,11.259749
0.0,11,11.260126
0.0,22,11.26079
0.0,5,11.261001
0.0,38,11.262113
1.0,43,11.263362
0.0,16,11.263863
0.0,14,11.264321
0.0,28,11.265161
0.0,10,11.265498
0.0,54,11.267057
0.0,38,11.268176
1.0,10,11.268516
0.0,19,11.269112
1.0,22,11.269778
0.0,100,11.272608
1.0,35,11.273643
0.0,10,11.273994
0.0,15,11.274493
0.0,15,11.27498
0.0,14,11.275428
0.0,50,11.276877
0.0,9,11.2772
1.0,27,11.278023
0.0,6,11.278253
0.0,87,11.28072
0.0,23,11.281427
0.0,64,11.283267
0.0,46,11.284607
0.0,74,11.286721
0.0,16,11.287235
0.0,20,11.287847
0.0,16,11.288364
0.0,29,11.289235
0.0,16,11.289737
0.0,57,11.291381
0.0,9,11.291694
1.0,81,11.294008
0.0,9,11.294322
1.0,25,11.295082
0.0,33,11.296062
0.0,45,11.297367
0.0,8,11.297652
0.0,16,11.2982
0.0,34,11.299226
0.0,23,11.299924
0.0,21,11.300568
0.0,17,11.30111
0.0,23,11.301805
0.0,4,11.301989
0.0,12,11.302384
0.0,11,11.302748
0.0,38,11.303861
0.0,5,11.304074
0.0,18,11.304632
0.0,10,11.30498
0.0,5,11.305182
0.0,86,11.307613
0.0,14,11.30808
0.0,73,11.310155
0.0,21,11.310796
0.0,42,11.312027
0.0,8,11.312313
0.0,19,11.312898
0.0,36,11.313968
0.0,8,11.314253
0.0,24,11.314985
1.0,12,11.315379
0.0,38,11.31649
0.0,16,11.317004
0.0,43,11.318258
0.0,76,11.320416
0.0,13,11.320838
0.0,27,11.321657
0.0,29,11.322526
0.0,11,11.322892
0.0,23,11.323597
0.0,36,11.324661
0.0,6,11.324891
0.0,100,11.32773
0.0,35,11.328769
1.0,40,11.329937
0.0,99,11.332746
0.0,91,11.335346
0.0,70,11.337348
0.0,72,11.339408
0.0,9,11.339721
0.0,30,11.340619
0.0,29,11.341491
0.0,17,11.342032
0.0,34,11.34304
1.0,24,11.343766
0.0,19,11.344364
1.0,25,11.345125
0.0,10,11.345464
1.0,98,11.34824
1.0,68,11.350193
0.0,28,11.351033
0.0,41,11.352232
0.0,21,11.352874
0.0,100,11.355722
0.0,57,11.357374
1.0,27,11.358198
0.0,20,11.358812
0.0,14,11.359333
0.0,20,11.359948
0.0,12,11.360353
0.0,49,11.361771
0.0,25,11.362532
0.0,23,11.363237
0.0,60,11.364962
0.0,15,11.36544
0.0,12,11.365833
0.0,54,11.367393
0.0,17,11.367928
0.0,56,11.369547
0.0,28,11.370393
0.0,15,11.370869
0.0,29,11.371742
0.0,11,11.372119
0.0,64,11.373946
0.0,11,11.374323
0.0,9,11.374634
0.0,23,11.375338
0.0,25,11.376099
0.0,15,11.376575
1.0,49,11.378002
0.0,46,11.37934
0.0,35,11.380377
0.0,12,11.380774
0.0,91,11.383354
0.0,63,11.385167
0.0,22,11.385835
0.0,67,11.387756
0.0,33,11.388741
1.0,7,11.38901
0.0,89,11.391533
0.0,24,11.392266
0.0,52,11.393763
0.0,9,11.394085
0.0,59,11.395783
0.0,39,11.396925
0.0,15,11.397408
0.0,14,11.397857
0.0,16,11.398375
0.0,25,11.399139
0.0,37,11.400229
1.0,27,11.401042
0.0,14,11.401492
0.0,44,11.40277
0.0,11,11.403151
1.0,14,11.4036
0.0,100,11.406444
0.0,77,11.408657
0.0,14,11.409119
1.0,23,11.409811
0.0,30,11.41071
0.0,32,11.411663
1.0,30,11.41256
1.0,40,11.41373
0.0,16,11.414245
0.0,13,11.414666
0.0,5,11.414867
1.0,78,11.417089
0.0,7,11.417348
0.0,38,11.418469
0.0,11,11.418836
0.0,14,11.419296
1.0,61,11.421054
0.0,14,11.421505
0.0,26,11.422289
1.0,55,11.42387
0.0,28,11.424717
1.0,15,11.425205
0.0,13,11.425628
0.0,5,11.42583
0.0,9,11.426152
0.0,56,11.427765
0.0,31,11.428701
0.0,17,11.429244
0.0,54,11.430801
0.0,57,11.432447
0.0,26,11.433237
0.0,12,11.433632
0.0,68,11.435585
0.0,48,11.436989
0.0,96,11.439716
0.0,15,11.440207
1.0,19,11.440795
0.0,100,11.443643
0.0,23,11.444352
0.0,53,11.445881
0.0,32,11.446835
0.0,13,11.447268
0.0,15,11.447746
0.0,22,11.448431
0.0,13,11.448852
0.0,18,11.449421
0.0,34,11.450428
0.0,20,11.451053
0.0,13,11.451475
0.0,12,11.451868
0.0,12,11.452272
0.0,33,11.453254
0.0,50,11.454702
0.0,34,11.455712
1.0,13,11.456144
0.0,14,11.456592
0.0,27,11.457408
0.0,51,11.458888
0.0,20,11.459513
0.0,13,11.460006
0.0,37,11.461102
0.0,20,11.461715
0.0,19,11.462314
0.0,7,11.46257
0.0,21,11.46322
0.0,38,11.464332
0.0,96,11.467044
0.0,10,11.467385
0.0,7,11.467639
0.0,20,11.468264
0.0,36,11.469321
0.0,20,11.469934
0.0,51,11.471407
1.0,47,11.472773
1.0,18,11.473343
0.0,54,11.474898
1.0,15,11.475384
0.0,34,11.476389
0.0,24,11.477121
0.0,57,11.478763
0.0,94,11.481441
1.0,24,11.482174
0.0,17,11.482703
0.0,8,11.482995
0.0,33,11.483974
0.0,7,11.48423
1.0,18,11.484785
0.0,35,11.485812
1.0,25,11.48657
0.0,49,11.488002
0.0,100,11.490833
0.0,32,11.491787
0.0,10,11.492136
0.0,58,11.493804
0.0,31,11.494728
0.0,54,11.496287
1.0,36,11.497362
0.0,75,11.499517
0.0,100,11.502361
0.0,13,11.502785
0.0,12,11.503189
0.0,15,11.503664
1.0,80,11.505942
0.0,66,11.507827
0.0,5,11.508045
0.0,15,11.508521
0.0,45,11.509831
1.0,26,11.510623
0.0,55,11.512218
0.0,24,11.51294
0.0,36,11.514012
0.0,29,11.51487
0.0,6,11.515109
0.0,20,11.515721
0.0,69,11.517693
0.0,10,11.518049
0.0,27,11.518852
0.0,35,11.519883
0.0,42,11.521119
0.0,5,11.52132
0.0,40,11.522491
0.0,11,11.522859
0.0,17,11.523402
0.0,100,11.526241
0.0,15,11.52672
0.0,60,11.528447
1.0,60,11.530179
0.0,4,11.530353
0.0,14,11.530798
0.0,18,11.531363
0.0,87,11.533836
0.0,9,11.534159
0.0,12,11.534554
0.0,31,11.53548
1.0,53,11.537014
0.0,20,11.537626
1.0,19,11.538229
1.0,72,11.540289
0.0,7,11.540546
0.0,16,11.541059
0.0,81,11.543361
0.0,30,11.544262
0.0,17,11.544791
0.0,77,11.547003
0.0,34,11.548011
0.0,36,11.549071
0.0,59,11.550767
1.0,38,11.55189
1.0,9,11.552214
0.0,42,11.55344
0.0,25,11.554202
0.0,22,11.554872
0.0,30,11.555773
0.0,5,11.555985
0.0,12,11.556381
0.0,58,11.558062
0.0,19,11.558648
0.0,100,11.561497
0.0,7,11.561755
0.0,18,11.562324
0.0,15,11.562798
1.0,33,11.563779
0.0,23,11.564484
0.0,60,11.566211
0.0,6,11.566442
0.0,22,11.567119
0.0,9,11.56749
0.0,64,11.569337
0.0,32,11.570295
0.0,11,11.570664
0.0,33,11.571644
0.0,40,11.572814
0.0,61,11.574573
1.0,68,11.576523
0.0,52,11.578041
0.0,31,11.578968
0.0,100,11.581789
0.0,30,11.582686
0.0,21,11.583339
0.0,13,11.583761
0.0,100,11.586599
0.0,47,11.587978
0.0,14,11.58843
0.0,53,11.58997
0.0,30,11.59086
0.0,4,11.591044
0.0,26,11.591825
0.0,25,11.592584
0.0,23,11.59329
0.0,16,11.593794
0.0,36,11.594858
0.0,22,11.595539
0.0,4,11.595713
0.0,21,11.596366
0.0,12,11.596762
0.0,100,11.599608
0.0,4,11.599785
1.0,6,11.600027
0.0,63,11.60183
0.0,19,11.602427
0.0,7,11.602686
1.0,6,11.602915
0.0,39,11.60407
1.0,22,11.604741
0.0,85,11.60717
0.0,12,11.607565
0.0,6,11.607793
0.0,8,11.608092
0.0,100,11.610913
0.0,6,11.611153
0.0,5,11.611356
0.0,36,11.61242
0.0,62,11.614205
0.0,8,11.61449
0.0,34,11.615502
0.0,47,11.616868
1.0,41,11.618085
0.0,45,11.619393
1.0,11,11.619761
0.0,6,11.62
0.0,25,11.620751
0.0,20,11.621377
0.0,17,11.621908
0.0,19,11.622502
0.0,9,11.622814
0.0,100,11.625657
1.0,40,11.626833
1.0,33,11.627817
0.0,21,11.628476
0.0,37,11.629567
0.0,37,11.630657
0.0,23,11.631363
0.0,7,11.63162
0.0,49,11.633049
0.0,27,11.633854
0.0,100,11.636687
0.0,37,11.637776
0.0,74,11.639896
0.0,63,11.641704
0.0,11,11.642083
0.0,8,11.642368
0.0,31,11.643293
1.0,66,11.645192
0.0,14,11.645642
0.0,10,11.645991
0.0,67,11.647901
0.0,9,11.648229
0.0,17,11.648759
0.0,50,11.650213
1.0,34,11.651223
0.0,11,11.65159
0.0,24,11.652323
0.0,22,11.653003
0.0,74,11.655112
0.0,13,11.655535
0.0,45,11.656841
0.0,15,11.657327
1.0,19,11.657912
0.0,8,11.658209
0.0,9,11.658523
0.0,12,11.658916
1.0,78,11.661149
0.0,16,11.661657
1.0,51,11.663144
1.0,14,11.663594
0.0,42,11.664821
0.0,58,11.666498
1.0,12,11.666892
0.0,17,11.667433
1.0,14,11.667884
0.0,15,11.668375
0.0,96,11.671163
0.0,40,11.672333
1.0,33,11.673319
0.0,46,11.67465
1.0,25,11.675412
0.0,7,11.675669
0.0,15,11.676155
0.0,21,11.676794
0.0,6,11.677031
0.0,11,11.677396
0.0,18,11.677952
0.0,13,11.678388
1.0,44,11.679663
0.0,15,11.680147
0.0,50,11.681591
0.0,14,11.68205
0.0,6,11.682279
1.0,6,11.682506
0.0,34,11.683515
0.0,17,11.684056
1.0,9,11.684367
0.0,14,11.684815
0.0,52,11.686319
1.0,44,11.687598
0.0,69,11.689576
0.0,11,11.689944
0.0,6,11.690181
0.0,27,11.690995
1.0,40,11.692159
0.0,70,11.694156
0.0,19,11.694739
0.0,32,11.695689
0.0,33,11.696666
0.0,6,11.696895
0.0,52,11.698403
0.0,100,11.70123
0.0,67,11.70314
0.0,5,11.703343
0.0,74,11.705449
0.0,31,11.706372
0.0,21,11.70702
0.0,41,11.708219
0.0,36,11.709278
0.0,21,11.709914
0.0,18,11.710477
0.0,51,11.711946
1.0,25,11.712703
0.0,38,11.713815
0.0,10,11.714165
0.0,45,11.715469
0.0,29,11.716339
0.0,4,11.716513
0.0,33,11.717484
0.0,8,11.717768
1.0,46,11.719116
0.0,42,11.720341
0.0,33,11.721336
0.0,38,11.722449
0.0,35,11.723487
0.0,28,11.724329
1.0,39,11.725472
0.0,47,11.726836
0.0,16,11.72735
0.0,83,11.729712
0.0,36,11.730776
0.0,7,11.731045
0.0,17,11.731575
0.0,57,11.733222
1.0,51,11.734694
1.0,23,11.735399
0.0,55,11.736986
0.0,29,11.737849
0.0,56,11.739474
0.0,16,11.739986
0.0,64,11.741817
0.0,51,11.743297
0.0,17,11.743826
0.0,22,11.744509
0.0,16,11.745026
0.0,49,11.74645
1.0,31,11.747379
0.0,11,11.747745
0.0,11,11.748127
0.0,47,11.749492
0.0,27,11.750311
0.0,34,11.751316
1.0,24,11.75205
1.0,32,11.753005
0.0,6,11.753234
0.0,100,11.756079
1.0,40,11.757254
0.0,23,11.757949
0.0,7,11.758218
0.0,15,11.758695
0.0,27,11.759509
0.0,6,11.759739
0.0,6,11.759977
0.0,18,11.760536
0.0,18,11.761104
0.0,42,11.762328
0.0,42,11.763556
0.0,49,11.764987
0.0,18,11.765546
1.0,10,11.765884
1.0,14,11.766342
0.0,51,11.767819
0.0,25,11.768589
0.0,21,11.769304
0.0,7,11.769563
0.0,12,11.769965
0.0,21,11.770608
1.0,14,11.771068
1.0,22,11.771739
0.0,28,11.772584
1.0,41,11.773782
0.0,27,11.774596
0.0,41,11.775796
0.0,49,11.777228
0.0,5,11.777431
0.0,44,11.778716
0.0,67,11.780635
0.0,16,11.78115
0.0,15,11.781628
0.0,31,11.782555
0.0,33,11.783534
0.0,21,11.784185
0.0,40,11.785358
0.0,5,11.78556
0.0,21,11.786212
0.0,9,11.786525
0.0,79,11.788774
0.0,37,11.789862
0.0,12,11.790266
0.0,53,11.791793
1.0,14,11.792253
0.0,5,11.792457
0.0,72,11.794509
0.0,17,11.795054
0.0,19,11.79564
0.0,53,11.797177
0.0,21,11.797816
0.0,11,11.798198
0.0,4,11.798374
0.0,14,11.798822
1.0,48,11.800224
0.0,83,11.80258
0.0,18,11.803151
0.0,16,11.803655
0.0,10,11.804006
1.0,41,11.805202
0.0,19,11.80579
0.0,18,11.806358
0.0,37,11.807448
0.0,76,11.809619
1.0,26,11.810414
0.0,95,11.813114
0.0,69,11.815089
1.0,37,11.816181
1.0,27,11.816997
0.0,14,11.817448
0.0,16,11.817949
1.0,95,11.820657
0.0,100,11.823507
1.0,34,11.824519
0.0,16,11.825035
0.0,41,11.826235
0.0,16,11.826736
0.0,65,11.828611
0.0,16,11.829129
0.0,31,11.83006
0.0,22,11.830729
0.0,19,11.831327
0.0,39,11.832473
0.0,29,11.833346
0.0,85,11.835759
0.0,80,11.838058
0.0,58,11.839723
0.0,36,11.840788
0.0,12,11.841194
0.0,100,11.844031
0.0,12,11.844428
0.0,6,11.844656
0.0,33,11.845639
0.0,15,11.846124
1.0,90,11.84869
0.0,26,11.849483
0.0,22,11.850162
1.0,22,11.850833
0.0,8,11.85113
0.0,11,11.851497
0.0,34,11.852502
1.0,13,11.852923
0.0,46,11.854267
0.0,38,11.855385
1.0,18,11.855945
1.0,17,11.856486
0.0,16,11.856998
0.0,58,11.858673
0.0,24,11.859406
0.0,39,11.860551
0.0,30,11.861448
0.0,16,11.861951
0.0,30,11.862849
0.0,46,11.86419
0.0,70,11.866193
0.0,5,11.866395
0.0,32,11.867347
0.0,13,11.867768
0.0,29,11.868644
0.0,54,11.870209
0.0,39,11.871356
0.0,100,11.874196
0.0,36,11.875334
0.0,8,11.87562
0.0,57,11.87727
0.0,15,11.877746
0.0,89,11.880275
1.0,29,11.881145
0.0,36,11.882205
0.0,15,11.882682
0.0,100,11.885516
0.0,15,11.886002
0.0,39,11.887144
0.0,100,11.889977
0.0,37,11.891064
0.0,75,11.8932
0.0,40,11.894367
0.0,49,11.895779
0.0,19,11.896377
0.0,46,11.897712
1.0,51,11.899194
1.0,33,11.900173
0.0,6,11.900403
1.0,8,11.900686
0.0,14,11.901144
0.0,16,11.901647
1.0,16,11.902159
0.0,25,11.902908
0.0,14,11.903361
0.0,12,11.903754
1.0,40,11.904923
0.0,59,11.906625
1.0,21,11.907275
0.0,69,11.909255
0.0,10,11.909594
0.0,22,11.91027
0.0,15,11.910746
1.0,38,11.911861
0.0,22,11.912541
0.0,12,11.912934
0.0,22,11.913609
0.0,37,11.91469
0.0,40,11.91586
0.0,63,11.917671
1.0,36,11.918743
1.0,9,11.919066
0.0,8,11.919349
0.0,34,11.920353
0.0,16,11.920856
0.0,15,11.921341
0.0,8,11.921625
0.0,27,11.922438
0.0,30,11.923337
0.0,9,11.923647
0.0,14,11.924105
0.0,31,11.925025
0.0,50,11.926468
0.0,47,11.927827
0.0,26,11.92862
1.0,37,11.929712
1.0,13,11.930145
0.0,9,11.930457
0.0,53,11.931983
0.0,9,11.932295
0.0,21,11.932934
0.0,18,11.933497
0.0,16,11.934011
0.0,16,11.934514
1.0,11,11.93488
0.0,16,11.935392
1.0,9,11.935704
0.0,12,11.936107
0.0,22,11.936773
0.0,75,11.938919
1.0,14,11.939378
0.0,4,11.939564
0.0,31,11.940487
0.0,12,11.940881
0.0,55,11.942472
0.0,36,11.943532
1.0,23,11.944239
0.0,66,11.946126
1.0,23,11.94682
0.0,66,11.948716
0.0,68,11.950666
0.0,6,11.950897
0.0,11,11.951273
0.0,36,11.952335
0.0,42,11.95356
0.0,17,11.954101
1.0,17,11.954631
0.0,23,11.955338
0.0,9,11.955651
0.0,11,11.956027
0.0,8,11.95631
0.0,60,11.958046
1.0,18,11.958607
0.0,8,11.958889
0.0,35,11.959926
0.0,14,11.960383
0.0,81,11.962689
0.0,14,11.96315
0.0,26,11.963926
0.0,100,11.966762
0.0,50,11.968225
0.0,41,11.969422
0.0,19,11.970017
0.0,11,11.970383
0.0,11,11.970747
1.0,44,11.97203
0.0,35,11.973059
1.0,31,11.973983
0.0,50,11.97543
1.0,24,11.976241
0.0,8,11.976527
0.0,31,11.977452
0.0,48,11.978844
0.0,72,11.980907
0.0,35,11.98194
0.0,23,11.982646
1.0,19,11.983243
0.0,24,11.983976
0.0,25,11.984727
0.0,6,11.984964
1.0,12,11.98536
0.0,44,11.98664
0.0,7,11.986897
0.0,12,11.987299
0.0,64,11.989142
0.0,23,11.98984
0.0,7,11.990106
0.0,43,11.991364
0.0,30,11.992264
0.0,19,11.992851
1.0,81,11.995177
0.0,39,11.996321
0.0,6,11.996552
0.0,64,11.998393
0.0,43,11.999648
0.0,5,11.999852
0.0,53,12.001395
0.0,34,12.002405
0.0,6,12.002635
0.0,41,12.003837
0.0,66,12.005738
1.0,25,12.006504
0.0,11,12.006871
1.0,20,12.007497
1.0,22,12.00818
0.0,13,12.008603
0.0,17,12.009145
0.0,36,12.010203
0.0,13,12.010624
0.0,41,12.011823
0.0,17,12.012364
0.0,34,12.013373
0.0,55,12.014951
0.0,42,12.016185
0.0,25,12.016933
0.0,29,12.0178
0.0,13,12.018238
0.0,12,12.018633
0.0,23,12.019341
0.0,7,12.019598
0.0,57,12.021262
0.0,39,12.022413
0.0,19,12.023011
0.0,19,12.023597
0.0,14,12.024058
0.0,11,12.024425
0.0,17,12.024961
0.0,57,12.026605
0.0,68,12.028561
0.0,48,12.029966
1.0,12,12.030361
0.0,19,12.030947
0.0,8,12.03124
0.0,28,12.032082
0.0,42,12.033309
0.0,57,12.034946
1.0,50,12.036402
0.0,11,12.036769
0.0,18,12.037338
0.0,23,12.038052
0.0,30,12.038941
0.0,32,12.039892
0.0,5,12.040102
0.0,54,12.041661
0.0,30,12.042559
0.0,14,12.043018
0.0,80,12.04529
0.0,18,12.045852
0.0,33,12.046828
0.0,36,12.047891
0.0,15,12.048382
0.0,6,12.048612
0.0,51,12.050087
0.0,24,12.05081
0.0,22,12.051489
0.0,4,12.051664
1.0,71,12.053697
0.0,21,12.054354
0.0,13,12.054777
0.0,11,12.055153
0.0,17,12.055683
0.0,7,12.055939
1.0,32,12.05689
0.0,13,12.057321
1.0,95,12.060019
0.0,8,12.060305
0.0,18,12.060863
0.0,11,12.061238
0.0,28,12.062083
0.0,23,12.062778
0.0,14,12.063237
0.0,33,12.064218
0.0,61,12.065974
1.0,11,12.066342
0.0,44,12.067617
0.0,39,12.068768
0.0,26,12.069558
0.0,21,12.070209
0.0,5,12.070412
0.0,25,12.071173
0.0,22,12.071843
0.0,25,12.072607
0.0,18,12.073177
0.0,18,12.073737
0.0,20,12.074361
0.0,17,12.074894
0.0,44,12.076185
0.0,24,12.07698
0.0,20,12.077595
0.0,56,12.079216
0.0,100,12.082053
0.0,38,12.08317
1.0,46,12.084509
0.0,63,12.08632
1.0,44,12.087595
0.0,5,12.087797
0.0,43,12.089063
1.0,56,12.090674
0.0,6,12.090904
0.0,9,12.091221
0.0,74,12.093333
0.0,26,12.094118
0.0,31,12.095041
0.0,49,12.096459
0.0,34,12.097463
0.0,15,12.097941
0.0,10,12.098292
0.0,45,12.0996
0.0,41,12.100795
0.0,26,12.101584
1.0,15,12.102072
0.0,12,12.102466
0.0,4,12.102638
0.0,6,12.102864
0.0,28,12.103705
1.0,19,12.104302
0.0,75,12.106442
1.0,17,12.106984
0.0,22,12.10765
0.0,60,12.109381
0.0,72,12.111436
0.0,43,12.112691
1.0,13,12.113125
0.0,57,12.114761
0.0,29,12.11563
0.0,10,12.11598
0.0,14,12.116427
0.0,25,12.117188
1.0,9,12.117501
0.0,7,12.117757
0.0,86,12.120223
0.0,29,12.121092
0.0,39,12.122231
0.0,53,12.123757
0.0,10,12.124106
0.0,46,12.125438
0.0,73,12.127516
0.0,46,12.12886
0.0,61,12.130607
0.0,81,12.13291
0.0,77,12.135111
0.0,13,12.135532
0.0,17,12.136072
0.0,26,12.136851
0.0,5,12.137063
0.0,6,12.137292
0.0,8,12.137575
1.0,34,12.138587
1.0,13,12.13902
0.0,11,12.139388
0.0,34,12.140391
0.0,93,12.143033
0.0,100,12.145863
0.0,30,12.146765
0.0,51,12.14826
0.0,97,12.151023
1.0,26,12.151798
0.0,15,12.152283
0.0,38,12.153399
0.0,11,12.153766
0.0,41,12.154972
0.0,73,12.157055
0.0,21,12.157715
0.0,13,12.158154
0.0,11,12.158522
0.0,88,12.161034
0.0,7,12.161293
0.0,20,12.161906
0.0,84,12.164297
0.0,7,12.164554
0.0,8,12.164837
0.0,9,12.165159
0.0,25,12.16591
0.0,17,12.166448
0.0,74,12.168572
0.0,19,12.169172
0.0,32,12.170124
0.0,83,12.172482
0.0,50,12.173933
0.0,40,12.175109
0.0,30,12.176008
0.0,41,12.1772
0.0,17,12.177732
0.0,65,12.1796
0.0,9,12.179912
0.0,7,12.180176
0.0,29,12.181049
0.0,6,12.181277
0.0,25,12.182037
0.0,12,12.182432
1.0,26,12.183218
0.0,63,12.185029
1.0,44,12.186306
0.0,11,12.186671
0.0,100,12.189524
0.0,25,12.19029
0.0,11,12.190735
0.0,27,12.191558
0.0,15,12.192046
0.0,16,12.192551
1.0,25,12.193313
0.0,7,12.193572
0.0,42,12.194796
1.0,64,12.196637
0.0,31,12.197565
0.0,9,12.197878
0.0,20,12.198509
0.0,7,12.198765
0.0,7,12.199033
0.0,21,12.199676
0.0,51,12.201158
0.0,11,12.201525
0.0,6,12.201754
0.0,9,12.202076
1.0,23,12.202772
0.0,15,12.203258
0.0,59,12.204941
0.0,22,12.205616
0.0,42,12.20684
1.0,12,12.207245
0.0,39,12.208395
0.0,13,12.208818
0.0,48,12.210216
0.0,29,12.211088
0.0,15,12.211563
0.0,12,12.211963
0.0,8,12.212248
0.0,35,12.213281
0.0,60,12.215006
0.0,17,12.215537
0.0,14,12.215995
0.0,8,12.216278
0.0,32,12.217225
0.0,19,12.217813
1.0,20,12.218443
0.0,26,12.219234
0.0,4,12.219409
0.0,42,12.220638
1.0,82,12.222974
0.0,32,12.223915
0.0,83,12.226283
0.0,100,12.229119
0.0,22,12.22979
0.0,10,12.230139
0.0,46,12.231471
0.0,88,12.233974
0.0,40,12.235144
1.0,50,12.236587
0.0,16,12.237101
0.0,14,12.237549
0.0,25,12.238315
0.0,20,12.238928
0.0,76,12.241097
0.0,15,12.241574
0.0,61,12.243322
0.0,38,12.24444
0.0,60,12.24617
0.0,32,12.247124
0.0,34,12.248135
0.0,56,12.249747
0.0,29,12.250619
0.0,33,12.251601
0.0,17,12.252142
0.0,28,12.252985
0.0,50,12.254431
0.0,23,12.255134
0.0,18,12.255691
0.0,11,12.256069
0.0,34,12.257073
0.0,43,12.25833
1.0,14,12.258778
1.0,24,12.259511
0.0,38,12.260629
0.0,45,12.261939
0.0,62,12.263723
0.0,23,12.264428
0.0,29,12.265298
1.0,12,12.265692
0.0,6,12.265921
0.0,33,12.266897
0.0,21,12.267549
0.0,22,12.268236
0.0,16,12.268739
0.0,34,12.269746
0.0,78,12.271974
0.0,6,12.272205
0.0,11,12.272571
0.0,86,12.27502
0.0,16,12.275524
0.0,22,12.276202
0.0,11,12.276568
1.0,24,12.277299
0.0,27,12.27812
0.0,34,12.279129
0.0,8,12.279414
0.0,10,12.279751
0.0,22,12.280428
0.0,22,12.281108
0.0,68,12.283054
0.0,30,12.283942
0.0,12,12.284346
0.0,100,12.287185
0.0,48,12.288581
0.0,30,12.289481
0.0,19,12.290079
0.0,13,12.290501
0.0,9,12.290869
0.0,89,12.293393
1.0,48,12.294776
0.0,15,12.295263
0.0,35,12.29629
0.0,9,12.296601
0.0,26,12.297385
0.0,43,12.298639
0.0,17,12.299181
0.0,24,12.299904
0.0,31,12.300825
0.0,58,12.302498
0.0,7,12.302755
0.0,9,12.303076
0.0,8,12.30336
0.0,12,12.303752
0.0,22,12.30443
0.0,92,12.307053
0.0,18,12.307613
0.0,17,12.308159
0.0,26,12.308935
0.0,6,12.309171
0.0,44,12.310448
1.0,33,12.311425
0.0,22,12.312104
0.0,65,12.31395
0.0,7,12.314217
1.0,23,12.314911
0.0,15,12.315393
0.0,14,12.31584
0.0,23,12.316544
0.0,34,12.31755
0.0,22,12.318231
1.0,56,12.319844
0.0,38,12.320975
0.0,20,12.321586
1.0,24,12.322316
0.0,55,12.323896
0.0,6,12.324135
0.0,100,12.326966
0.0,19,12.327553
0.0,28,12.328396
0.0,10,12.328734
0.0,75,12.330872
0.0,19,12.331468
0.0,15,12.331942
0.0,15,12.332423
0.0,6,12.332651
0.0,11,12.333025
0.0,34,12.334029
0.0,44,12.335304
0.0,55,12.336892
0.0,33,12.337875
0.0,17,12.338423
0.0,26,12.339211
0.0,43,12.340461
0.0,10,12.340802
0.0,10,12.34115
0.0,95,12.343849
0.0,91,12.346437
0.0,25,12.347196
0.0,68,12.349145
0.0,13,12.349566
0.0,31,12.35049
0.0,35,12.351525
0.0,11,12.35189
0.0,6,12.352129
0.0,5,12.352331
0.0,39,12.353469
0.0,20,12.354094
1.0,38,12.355206
0.0,78,12.357424
0.0,11,12.357791
0.0,59,12.359496
0.0,54,12.361059
0.0,9,12.361372
1.0,14,12.361819
0.0,19,12.362414
0.0,10,12.362755
0.0,24,12.363486
0.0,13,12.363904
0.0,30,12.364799
0.0,4,12.364983
0.0,25,12.365731
0.0,16,12.366241
0.0,29,12.367113
1.0,24,12.36785
0.0,76,12.370033
0.0,5,12.370236
0.0,41,12.371429
0.0,30,12.372329
0.0,12,12.372724
0.0,24,12.373457
0.0,24,12.374187
0.0,58,12.375849
0.0,45,12.377165
0.0,45,12.378483
0.0,5,12.378685
0.0,5,12.378885
0.0,20,12.379696
0.0,77,12.38189
0.0,46,12.383236
0.0,65,12.385102
0.0,15,12.385579
0.0,83,12.387938
0.0,26,12.388729
0.0,37,12.38982
0.0,24,12.390557
0.0,54,12.392183
0.0,36,12.393249
0.0,6,12.393481
0.0,13,12.393901
0.0,40,12.395081
0.0,38,12.3962
0.0,25,12.39695
1.0,62,12.398737
1.0,25,12.399503
0.0,54,12.401071
0.0,16,12.401575
0.0,6,12.401804
0.0,25,12.402564
1.0,25,12.403323
0.0,56,12.404933
0.0,25,12.405691
1.0,39,12.40683
0.0,12,12.407236
0.0,23,12.407935
0.0,5,12.408149
0.0,4,12.408323
1.0,27,12.40914
0.0,81,12.411438
0.0,17,12.411979
1.0,69,12.413938
0.0,11,12.414316
0.0,22,12.414994
0.0,23,12.415687
0.0,10,12.416035
0.0,15,12.416511
0.0,84,12.418902
0.0,23,12.419608
1.0,47,12.420976
0.0,50,12.422419
0.0,23,12.423129
0.0,60,12.424849
0.0,43,12.426118
0.0,29,12.426987
1.0,37,12.428082
0.0,38,12.429203
0.0,34,12.43021
0.0,20,12.430823
0.0,58,12.432497
0.0,18,12.433066
0.0,29,12.433927
0.0,10,12.434273
0.0,9,12.434586
0.0,39,12.435731
0.0,7,12.436
0.0,33,12.436978
0.0,5,12.43718
0.0,56,12.438799
0.0,14,12.439259
0.0,17,12.439792
0.0,17,12.440332
0.0,46,12.441666
0.0,35,12.442699
0.0,10,12.443049
0.0,15,12.443525
0.0,67,12.445441
0.0,42,12.446665
0.0,13,12.447097
0.0,24,12.447817
0.0,13,12.448255
1.0,29,12.449126
0.0,44,12.450408
0.0,33,12.451385
0.0,11,12.451752
0.0,7,12.452017
0.0,21,12.452659
0.0,9,12.45298
0.0,100,12.455807
0.0,9,12.456131
1.0,12,12.456527
0.0,59,12.458239
0.0,30,12.45914
0.0,58,12.460809
0.0,11,12.46119
0.0,35,12.462228
0.0,6,12.462459
0.0,6,12.462688
0.0,17,12.463229
0.0,18,12.463788
0.0,12,12.464192
0.0,17,12.464723
1.0,60,12.466453
1.0,33,12.467435
0.0,74,12.469563
0.0,6,12.469794
0.0,8,12.470088
0.0,13,12.470508
1.0,25,12.471271
1.0,35,12.472307
0.0,53,12.473832
1.0,52,12.475343
0.0,5,12.475545
0.0,79,12.477806
1.0,37,12.478904
0.0,9,12.479225
0.0,28,12.480069
0.0,26,12.480848
1.0,15,12.481335
0.0,30,12.482233
0.0,39,12.483377
0.0,73,12.485465
1.0,20,12.486092
0.0,14,12.486541
1.0,12,12.486935
0.0,36,12.488009
0.0,12,12.488407
0.0,4,12.488582
0.0,6,12.488811
0.0,17,12.489355
0.0,15,12.489833
0.0,20,12.490458
0.0,22,12.49114
0.0,83,12.49356
0.0,13,12.493994
1.0,26,12.494773
0.0,100,12.497613
0.0,61,12.499379
1.0,17,12.499911
0.0,68,12.501849
0.0,49,12.503276
0.0,15,12.503751
0.0,22,12.504429
0.0,29,12.5053
0.0,37,12.506392
0.0,14,12.506842
0.0,16,12.507357
0.0,10,12.507696
0.0,10,12.508051
0.0,30,12.508938
0.0,9,12.509259
1.0,27,12.510071
1.0,38,12.511186
0.0,53,12.512717
0.0,50,12.514168
0.0,5,12.514371
1.0,15,12.514845
0.0,4,12.515027
0.0,68,12.516972
0.0,13,12.517393
0.0,15,12.517868
0.0,37,12.518968
0.0,15,12.519445
1.0,36,12.520506
0.0,6,12.520736
0.0,39,12.521876
0.0,24,12.522608
0.0,41,12.523803
0.0,18,12.524374
0.0,57,12.526016
0.0,13,12.526437
0.0,70,12.52843
0.0,18,12.528999
0.0,4,12.529173
0.0,6,12.529399
0.0,41,12.530596
0.0,18,12.531166
0.0,41,12.53236
0.0,54,12.53391
1.0,18,12.534477
1.0,40,12.535645
0.0,8,12.535929
1.0,16,12.536437
0.0,5,12.536638
0.0,52,12.538155
0.0,22,12.538824
0.0,9,12.539144
0.0,65,12.541
0.0,11,12.541366
0.0,12,12.541758
0.0,12,12.542161
0.0,43,12.543413
0.0,5,12.543617
0.0,11,12.543992
0.0,37,12.545083
0.0,34,12.546089
0.0,11,12.546455
0.0,100,12.549297
0.0,30,12.550197
0.0,10,12.550536
1.0,11,12.550902
0.0,7,12.551166
0.0,56,12.552779
0.0,14,12.55324
0.0,49,12.554656
1.0,59,12.556358
0.0,58,12.558039
0.0,16,12.558544
0.0,12,12.558936
0.0,15,12.559418
0.0,7,12.559674
0.0,20,12.560293
0.0,17,12.560821
1.0,29,12.56169
0.0,14,12.562147
0.0,10,12.562483
0.0,48,12.56387
0.0,13,12.564304
0.0,58,12.565972
0.0,8,12.566256
0.0,8,12.566538
1.0,95,12.569239
0.0,13,12.569661
0.0,53,12.571194
1.0,24,12.571916
0.0,14,12.57237
0.0,77,12.574575
0.0,61,12.576326
0.0,15,12.576802
0.0,19,12.577398
0.0,54,12.578968
0.0,17,12.5795
0.0,52,12.581012
0.0,4,12.581186
1.0,28,12.582028
0.0,6,12.582258
0.0,32,12.583208
0.0,12,12.583601
0.0,19,12.584198
0.0,71,12.586221
0.0,52,12.58772
0.0,48,12.589123
0.0,15,12.589971
0.0,79,12.592484
1.0,9,12.592932
0.0,22,12.593625
0.0,41,12.594837
0.0,17,12.595392
0.0,28,12.596249
0.0,20,12.596867
0.0,36,12.597933
0.0,37,12.599051
0.0,35,12.600093
0.0,44,12.601382
1.0,26,12.602182
0.0,23,12.603144
0.0,42,12.60443
0.0,5,12.60464
0.0,29,12.605515
0.0,29,12.606392
0.0,45,12.607714
0.0,52,12.609249
0.0,9,12.609567
0.0,9,12.609881
1.0,12,12.61029
0.0,44,12.611586
0.0,10,12.611929
0.0,37,12.613032
0.0,98,12.615829
0.0,100,12.618704
0.0,27,12.619529
0.0,39,12.62068
0.0,34,12.621695
0.0,7,12.621964
0.0,81,12.624281
0.0,32,12.625243
1.0,39,12.626398
0.0,8,12.626685
0.0,77,12.628904
0.0,8,12.629202
0.0,38,12.630327
0.0,18,12.630888
1.0,22,12.631617
0.0,25,12.63239
1.0,41,12.633634
0.0,20,12.634292
0.0,8,12.634585
1.0,41,12.635805
0.0,19,12.636437
0.0,10,12.636788
1.0,13,12.637231
0.0,45,12.638553
0.0,45,12.639863
0.0,38,12.641006
0.0,4,12.641183
1.0,7,12.641439
0.0,23,12.642146
0.0,34,12.643154
0.0,6,12.643384
0.0,26,12.644168
1.0,16,12.644672
0.0,56,12.646289
0.0,58,12.647967
0.0,55,12.649556
0.0,10,12.649895
0.0,13,12.650326
0.0,45,12.651635
1.0,30,12.652535
0.0,5,12.652738
0.0,20,12.653365
0.0,51,12.65484
0.0,15,12.655327
0.0,93,12.657973
1.0,31,12.658892
0.0,39,12.660049
0.0,33,12.661033
0.0,5,12.661236
1.0,57,12.662877
1.0,10,12.663229
0.0,6,12.663459
0.0,100,12.666308
1.0,57,12.66795
0.0,40,12.669139
0.0,18,12.6697
0.0,8,12.669995
0.0,10,12.670335
0.0,34,12.671345
0.0,26,12.672136
0.0,30,12.673033
0.0,10,12.673374
0.0,12,12.673768
0.0,12,12.674172
0.0,11,12.674541
0.0,85,12.676952
0.0,16,12.677466
1.0,27,12.678288
0.0,51,12.679768
0.0,31,12.680696
0.0,28,12.68154
0.0,19,12.682138
0.0,26,12.682917
0.0,15,12.683401
0.0,43,12.68465
0.0,6,12.68488
0.0,18,12.685448
0.0,9,12.68576
0.0,15,12.686247
1.0,27,12.68706
0.0,74,12.689183
0.0,29,12.690053
0.0,14,12.690501
0.0,100,12.693336
1.0,53,12.694864
0.0,12,12.69527
1.0,33,12.696348
0.0,67,12.698271
0.0,97,12.70102
0.0,24,12.701741
0.0,100,12.704584
0.0,36,12.705648
0.0,60,12.707384
0.0,34,12.708396
1.0,11,12.708766
0.0,49,12.710188
0.0,24,12.710909
0.0,26,12.711691
0.0,28,12.712533
0.0,82,12.714861
0.0,40,12.71604
0.0,15,12.716516
0.0,31,12.717439
0.0,57,12.719088
0.0,15,12.719563
0.0,20,12.720185
0.0,40,12.721349
0.0,6,12.721578
0.0,29,12.722447
0.0,31,12.723369
0.0,28,12.724214
0.0,13,12.724634
0.0,32,12.725584
1.0,52,12.727091
0.0,86,12.729532
0.0,26,12.73032
0.0,9,12.730632
0.0,60,12.732358
0.0,27,12.733171
0.0,21,12.733809
0.0,47,12.735183
1.0,13,12.735605
0.0,33,12.736582
0.0,9,12.736893
0.0,13,12.737323
0.0,20,12.737935
0.0,42,12.739165
0.0,50,12.740609
0.0,54,12.742169
0.0,70,12.744178
0.0,74,12.746295
0.0,25,12.747054
1.0,31,12.747983
0.0,80,12.750256
0.0,40,12.751426
0.0,32,12.75238
0.0,10,12.752718
0.0,10,12.753066
0.0,51,12.754532
0.0,100,12.757374
0.0,11,12.757742
1.0,76,12.759909
0.0,32,12.760858
0.0,65,12.762718
0.0,23,12.763423
0.0,22,12.764103
0.0,17,12.764632
0.0,32,12.76558
0.0,14,12.766038
0.0,15,12.766514
0.0,9,12.766824
0.0,25,12.767582
1.0,32,12.768542
1.0,18,12.769113
0.0,6,12.769343
1.0,17,12.769873
1.0,59,12.771578
0.0,32,12.772532
0.0,23,12.773237
0.0,21,12.773877
0.0,8,12.774171
0.0,36,12.775232
0.0,26,12.776019
1.0,36,12.777081
0.0,15,12.777558
1.0,10,12.777895
0.0,100,12.780734
0.0,14,12.781196
0.0,11,12.781563
0.0,7,12.781817
0.0,77,12.784026
0.0,64,12.785852
0.0,16,12.786367
0.0,31,12.787291
1.0,22,12.787974
0.0,38,12.789093
0.0,25,12.789848
1.0,42,12.791084
1.0,14,12.791533
1.0,16,12.792046
0.0,19,12.792631
0.0,16,12.793145
0.0,21,12.793784
0.0,37,12.794872
0.0,40,12.796051
0.0,46,12.79739
0.0,27,12.79821
0.0,7,12.798466
0.0,52,12.799979
0.0,26,12.800775
0.0,36,12.801835
1.0,61,12.803593
1.0,18,12.804162
0.0,32,12.805111
0.0,31,12.806037
1.0,35,12.807138
0.0,100,12.809988
0.0,11,12.810357
0.0,49,12.811774
0.0,55,12.813369
0.0,73,12.815464
0.0,100,12.818303
0.0,14,12.818755
0.0,20,12.819376
0.0,42,12.820607
0.0,53,12.822145
0.0,24,12.822869
0.0,7,12.823136
0.0,32,12.82409
0.0,20,12.824701
0.0,47,12.826069
0.0,19,12.826658
1.0,49,12.828092
0.0,23,12.82879
1.0,10,12.82914
0.0,32,12.830092
0.0,9,12.830404
0.0,51,12.831872
0.0,23,12.832579
0.0,17,12.833123
0.0,24,12.833847
0.0,26,12.834635
0.0,25,12.835394
0.0,27,12.836209
1.0,24,12.836936
0.0,29,12.837801
1.0,12,12.838211
0.0,30,12.839112
0.0,29,12.839981
0.0,49,12.841402
0.0,9,12.841716
0.0,48,12.84312
0.0,11,12.843489
0.0,10,12.843829
0.0,21,12.844479
0.0,59,12.846179
1.0,55,12.847765
0.0,22,12.848453
0.0,39,12.849598
0.0,24,12.850332
0.0,29,12.851203
1.0,36,12.852267
0.0,24,12.853002
0.0,14,12.85345
0.0,22,12.854129
0.0,6,12.854358
0.0,8,12.854641
0.0,20,12.855263
0.0,27,12.856081
1.0,22,12.85675
0.0,16,12.857267
0.0,12,12.857661
1.0,16,12.858178
0.0,90,12.86073
0.0,19,12.86133
0.0,18,12.861887
0.0,72,12.863949
0.0,37,12.865044
0.0,30,12.865929
1.0,60,12.867655
0.0,6,12.867886
0.0,15,12.868377
0.0,61,12.870141
0.0,23,12.870839
0.0,22,12.871518
0.0,6,12.871749
0.0,52,12.873259
1.0,64,12.875103
0.0,24,12.875829
0.0,97,12.878587
0.0,17,12.879131
0.0,42,12.880358
0.0,35,12.881391
0.0,68,12.883341
0.0,17,12.883874
0.0,60,12.885607
0.0,16,12.886121
0.0,6,12.886351
0.0,51,12.887825
0.0,4,12.888016
0.0,4,12.888191
0.0,9,12.888501
0.0,13,12.888921
0.0,51,12.890397
0.0,24,12.891128
0.0,20,12.891743
0.0,20,12.892364
0.0,20,12.892989
0.0,11,12.893355
0.0,28,12.894194
1.0,20,12.894807
0.0,37,12.895897
0.0,55,12.897496
0.0,48,12.89889
0.0,22,12.899573
0.0,30,12.900472
0.0,33,12.901455
0.0,100,12.904291
0.0,10,12.904632
0.0,36,12.905696
0.0,13,12.906129
0.0,35,12.907219
0.0,8,12.907503
0.0,34,12.908513
0.0,25,12.909273
0.0,16,12.909775
0.0,43,12.911033
0.0,14,12.911481
0.0,17,12.912019
0.0,23,12.912712
0.0,31,12.913634
0.0,8,12.913918
0.0,32,12.914863
0.0,27,12.915678
0.0,100,12.91853
0.0,18,12.919101
1.0,38,12.920221
0.0,8,12.920506
0.0,23,12.921208
0.0,63,12.923013
1.0,31,12.92393
0.0,33,12.924903
0.0,53,12.926432
0.0,9,12.926743
0.0,15,12.927229
0.0,20,12.927838
0.0,28,12.928685
0.0,8,12.92898
0.0,66,12.930851
0.0,9,12.931173
0.0,16,12.931678
0.0,42,12.932904
0.0,30,12.933801
0.0,47,12.935172
0.0,39,12.936318
0.0,31,12.937242
0.0,5,12.937443
0.0,16,12.937945
0.0,10,12.938297
0.0,54,12.93985
0.0,12,12.940254
0.0,50,12.941699
0.0,28,12.942541
0.0,33,12.943516
0.0,30,12.944412
0.0,14,12.944861
0.0,30,12.945759
0.0,40,12.946937
1.0,22,12.947616
0.0,14,12.94808
0.0,41,12.949277
0.0,59,12.950969
0.0,72,12.95302
1.0,6,12.953249
0.0,15,12.953725
0.0,9,12.954045
0.0,11,12.95441
0.0,46,12.955744
0.0,50,12.9572
0.0,12,12.957593
0.0,28,12.958441
0.0,40,12.959611
1.0,21,12.96026
0.0,50,12.961714
0.0,100,12.964554
0.0,18,12.965125
0.0,33,12.966103
0.0,80,12.968388
0.0,26,12.96918
0.0,17,12.969732
0.0,14,12.970192
0.0,17,12.970723
0.0,49,12.972143
0.0,25,12.972893
1.0,14,12.973349
0.0,49,12.974764
1.0,9,12.975087
0.0,36,12.976146
0.0,23,12.976838
0.0,22,12.977514
0.0,21,12.978172
0.0,100,12.981006
0.0,42,12.982229
0.0,83,12.984583
0.0,5,12.984786
0.0,16,12.985298
0.0,9,12.98561
0.0,9,12.98592
0.0,25,12.986677
0.0,24,12.98741
0.0,30,12.98831
0.0,16,12.988813
0.0,90,12.991366
0.0,11,12.991732
0.0,6,12.991968
1.0,51,12.993432
0.0,14,12.993881
0.0,9,12.994203
0.0,28,12.995042
0.0,20,12.995657
0.0,18,12.996227
0.0,34,12.997232
1.0,14,12.997682
0.0,23,12.998393
0.0,30,12.999289
0.0,9,12.9996
0.0,8,12.999883
0.0,30,13.00078
0.0,5,13.000994
0.0,73,13.003081
1.0,77,13.00527
1.0,74,13.007387
0.0,30,13.008357
0.0,27,13.009174
0.0,100,13.012011
0.0,4,13.012188
0.0,12,13.012581
0.0,14,13.013036
0.0,16,13.013539
0.0,39,13.014701
0.0,61,13.016464
0.0,100,13.019301
0.0,18,13.019863
0.0,73,13.021961
1.0,24,13.022689
0.0,20,13.023313
0.0,46,13.024647
0.0,100,13.027486
1.0,34,13.028507
0.0,7,13.028767
0.0,28,13.029613
0.0,44,13.030895
1.0,21,13.03155
0.0,8,13.031836
0.0,8,13.032132
1.0,26,13.032911
0.0,26,13.033694
0.0,15,13.034183
0.0,30,13.035078
0.0,13,13.035498
0.0,100,13.038341
1.0,9,13.038655
1.0,81,13.040964
0.0,12,13.041361
0.0,17,13.041889
0.0,46,13.043234
0.0,17,13.043766
0.0,100,13.0466
0.0,28,13.047443
0.0,5,13.047646
0.0,6,13.047874
0.0,78,13.050113
0.0,12,13.050509
0.0,14,13.050965
0.0,16,13.051468
0.0,30,13.052363
0.0,22,13.053041
0.0,16,13.053543
0.0,19,13.054139
0.0,35,13.055172
0.0,54,13.056724
0.0,33,13.057698
0.0,8,13.057999
0.0,23,13.058697
0.0,27,13.059515
0.0,28,13.060358
0.0,31,13.061285
0.0,30,13.06218
0.0,33,13.063158
0.0,58,13.064826
1.0,45,13.066139
0.0,23,13.066834
0.0,30,13.067731
0.0,5,13.067934
0.0,35,13.068981
1.0,23,13.069677
0.0,51,13.071157
0.0,41,13.072358
0.0,5,13.072559
0.0,13,13.072991
0.0,61,13.07474
0.0,58,13.076417
0.0,33,13.0774
0.0,32,13.078355
1.0,32,13.079307
0.0,14,13.079757
0.0,44,13.081042
1.0,22,13.081708
0.0,20,13.082332
0.0,35,13.083362
0.0,4,13.083537
1.0,34,13.084542
0.0,35,13.085579
0.0,20,13.086204
0.0,38,13.087316
0.0,27,13.088138
0.0,21,13.088779
0.0,48,13.090184
0.0,10,13.090524
0.0,7,13.090779
0.0,4,13.090961
0.0,46,13.092298
0.0,46,13.093636
0.0,11,13.094014
0.0,100,13.096834
0.0,18,13.097407
0.0,34,13.098421
0.0,40,13.099595
0.0,35,13.100631
0.0,12,13.101037
0.0,32,13.101987
0.0,100,13.104816
0.0,7,13.105085
0.0,100,13.107905
1.0,40,13.109089
1.0,19,13.109677
0.0,25,13.110438
0.0,46,13.111769
0.0,29,13.112638
0.0,53,13.114238
0.0,21,13.114883
0.0,7,13.115149
1.0,28,13.115991
0.0,33,13.116967
0.0,30,13.117849
1.0,26,13.118644
0.0,55,13.120237
1.0,25,13.120998
0.0,23,13.121694
0.0,39,13.122833
0.0,27,13.123646
0.0,18,13.124217
0.0,15,13.124692
0.0,38,13.125808
0.0,27,13.126625
0.0,42,13.127855
0.0,15,13.128348
0.0,17,13.128879
0.0,25,13.129637
0.0,32,13.130591
0.0,21,13.131247
0.0,6,13.131475
0.0,63,13.133282
0.0,72,13.135341
0.0,44,13.136624
0.0,27,13.137439
0.0,20,13.138069
0.0,29,13.13893
0.0,14,13.139386
0.0,55,13.140975
0.0,32,13.141916
0.0,19,13.142506
0.0,10,13.142847
0.0,37,13.143937
0.0,24,13.144665
1.0,60,13.146395
0.0,20,13.147017
0.0,100,13.149851
0.0,6,13.150091
0.0,15,13.150566
1.0,23,13.151269
0.0,49,13.152681
0.0,19,13.153277
0.0,32,13.154222
0.0,31,13.155147
0.0,37,13.156233
0.0,50,13.157683
0.0,29,13.158557
0.0,14,13.159015
0.0,62,13.160783
1.0,9,13.161106
1.0,9,13.161419
1.0,52,13.162915
1.0,37,13.164013
0.0,15,13.164489
0.0,41,13.165682
0.0,21,13.166331
0.0,9,13.166645
0.0,61,13.168405
0.0,31,13.16933
0.0,14,13.169778
0.0,54,13.171343
0.0,100,13.174179
0.0,100,13.177023
0.0,42,13.178257
0.0,20,13.178869
0.0,14,13.179327
1.0,67,13.181249
1.0,26,13.182039
1.0,76,13.184204
0.0,6,13.184435
0.0,21,13.185086
0.0,81,13.187382
0.0,64,13.18922
0.0,32,13.190175
0.0,24,13.190895
0.0,21,13.191544
0.0,8,13.191827
0.0,24,13.19256
0.0,8,13.192844
0.0,11,13.193222
1.0,30,13.194118
0.0,100,13.196952
0.0,50,13.198405
0.0,10,13.198743
0.0,74,13.200857
0.0,7,13.201123
0.0,54,13.202678
0.0,22,13.203358
0.0,9,13.203671
0.0,10,13.204017
0.0,35,13.205049
0.0,31,13.205968
0.0,41,13.207157
0.0,22,13.207821
0.0,9,13.208146
0.0,58,13.209806
0.0,28,13.210647
0.0,27,13.211463
1.0,27,13.212277
0.0,29,13.213146
0.0,25,13.213894
0.0,47,13.215267
0.0,100,13.218101
0.0,47,13.219464
0.0,57,13.221174
0.0,14,13.221626
0.0,20,13.222247
0.0,8,13.222531
0.0,6,13.22276
0.0,17,13.223301
1.0,6,13.223532
0.0,35,13.224568
0.0,24,13.2253
0.0,30,13.226196
0.0,15,13.226671
0.0,22,13.227348
1.0,7,13.227606
0.0,6,13.227834
0.0,21,13.228488
0.0,79,13.230743
0.0,75,13.232882
0.0,10,13.233233
0.0,55,13.234808
0.0,61,13.236566
0.0,44,13.237843
0.0,100,13.240692
1.0,18,13.241265
0.0,11,13.241646
0.0,23,13.242351
0.0,5,13.242554
0.0,10,13.242891
0.0,19,13.243486
0.0,40,13.24466
1.0,11,13.245038
0.0,30,13.245925
0.0,11,13.246299
0.0,35,13.247331
1.0,59,13.249039
0.0,9,13.249353
0.0,100,13.252184
0.0,43,13.253443
0.0,19,13.25404
0.0,23,13.254736
0.0,27,13.255549
0.0,11,13.255916
0.0,17,13.256456
0.0,21,13.257108
0.0,10,13.257447
0.0,30,13.258348
0.0,27,13.259166
0.0,49,13.260577
0.0,40,13.261744
0.0,31,13.26267
1.0,68,13.264616
0.0,9,13.264929
0.0,35,13.265968
1.0,22,13.266635
0.0,10,13.266983
0.0,16,13.267486
0.0,100,13.270329
0.0,94,13.272993
0.0,24,13.273717
0.0,34,13.274722
1.0,15,13.275208
0.0,13,13.275629
1.0,85,13.278053
0.0,98,13.280823
0.0,9,13.281149
0.0,28,13.282007
0.0,31,13.282921
0.0,94,13.285593
1.0,34,13.286603
0.0,6,13.286833
0.0,18,13.287401
0.0,22,13.288083
1.0,7,13.288342
0.0,76,13.29051
1.0,12,13.290905
0.0,50,13.292358
0.0,21,13.29301
0.0,11,13.293379
1.0,23,13.294083
0.0,18,13.294644
0.0,79,13.296888
0.0,98,13.299679
0.0,6,13.29991
0.0,28,13.300749
0.0,36,13.301809
1.0,48,13.303213
0.0,6,13.303444
0.0,17,13.303984
0.0,15,13.30446
0.0,37,13.305544
0.0,6,13.305773
0.0,60,13.307494
0.0,63,13.309309
0.0,20,13.309924
1.0,68,13.311865
0.0,17,13.312408
0.0,14,13.312855
0.0,26,13.313641
0.0,9,13.313963
0.0,27,13.314768
0.0,34,13.315776
1.0,26,13.316561
0.0,4,13.316736
0.0,33,13.317718
0.0,39,13.318861
0.0,36,13.319925
0.0,18,13.320569
0.0,25,13.321337
0.0,18,13.321896
0.0,31,13.32282
1.0,12,13.323225
0.0,60,13.32495
0.0,8,13.325242
0.0,19,13.325827
1.0,17,13.326368
0.0,51,13.327837
0.0,44,13.329134
0.0,16,13.329638
0.0,72,13.3317
0.0,100,13.33454
0.0,23,13.335247
1.0,11,13.335614
0.0,28,13.336455
0.0,22,13.33713
0.0,16,13.337635
0.0,13,13.338071
1.0,30,13.338965
0.0,62,13.340739
0.0,19,13.341334
0.0,6,13.341562
0.0,21,13.342212
1.0,11,13.34258
1.0,11,13.342944
1.0,69,13.344916
0.0,11,13.345292
0.0,13,13.345711
0.0,25,13.346522
0.0,21,13.347176
0.0,49,13.348599
0.0,36,13.349662
0.0,29,13.350533
0.0,13,13.350965
0.0,32,13.35191
0.0,6,13.352145
0.0,19,13.35273
0.0,24,13.353462
1.0,30,13.354362
0.0,27,13.355175
0.0,10,13.355514
1.0,64,13.357352
0.0,11,13.357719
0.0,27,13.358537
1.0,56,13.360156
0.0,14,13.360603
0.0,31,13.361523
0.0,100,13.364359
0.0,4,13.364534
1.0,35,13.365569
1.0,23,13.366276
1.0,37,13.367362
0.0,20,13.367991
0.0,11,13.368356
0.0,30,13.369251
1.0,9,13.369561
0.0,69,13.371528
0.0,53,13.373066
0.0,69,13.375043
0.0,39,13.376187
0.0,30,13.377084
0.0,7,13.377341
0.0,66,13.379228
1.0,16,13.379732
0.0,35,13.380768
0.0,13,13.381198
1.0,47,13.382567
0.0,4,13.382742
0.0,87,13.385223
0.0,46,13.38656
1.0,59,13.388265
0.0,20,13.388876
0.0,43,13.390139
0.0,53,13.391666
0.0,54,13.393237
0.0,24,13.39397
0.0,9,13.394281
0.0,72,13.396333
0.0,11,13.396698
0.0,12,13.397103
0.0,30,13.398004
0.0,34,13.39901
0.0,34,13.400016
0.0,100,13.402847
0.0,46,13.404193
1.0,37,13.405278
0.0,65,13.407134
0.0,4,13.407308
0.0,24,13.408047
0.0,18,13.408605
0.0,12,13.409008
0.0,17,13.409538
0.0,23,13.410244
0.0,76,13.412412
0.0,41,13.413609
0.0,23,13.414313
0.0,28,13.415154
1.0,35,13.416186
0.0,5,13.416388
0.0,42,13.417611
0.0,62,13.419399
1.0,6,13.419631
0.0,9,13.419942
0.0,100,13.422833
1.0,24,13.423571
0.0,28,13.424416
0.0,38,13.42553
0.0,17,13.426068
0.0,37,13.427158
1.0,100,13.430001
0.0,50,13.431446
0.0,8,13.431732
0.0,28,13.432574
0.0,36,13.433637
0.0,10,13.433988
0.0,17,13.43452
0.0,31,13.43544
0.0,16,13.435945
0.0,11,13.436322
0.0,40,13.437497
0.0,58,13.439178
0.0,57,13.440817
1.0,12,13.441222
0.0,30,13.442122
0.0,7,13.44238
0.0,28,13.443223
1.0,31,13.444144
0.0,35,13.445179
0.0,14,13.445628
0.0,13,13.446059
0.0,38,13.447176
0.0,42,13.448402
0.0,11,13.448769
0.0,8,13.449064
0.0,26,13.449844
0.0,20,13.450465
1.0,38,13.451583
0.0,21,13.452235
0.0,27,13.45305
0.0,40,13.454223
1.0,93,13.456856
0.0,65,13.458726
0.0,27,13.459542
0.0,13,13.459975
0.0,13,13.460397
0.0,32,13.46135
0.0,40,13.462533
0.0,38,13.463653
0.0,98,13.466437
0.0,94,13.469116
0.0,18,13.469677
0.0,6,13.469907
0.0,19,13.4705
0.0,13,13.470924
0.0,99,13.473736
0.0,78,13.475972
0.0,6,13.476204
1.0,22,13.476871
0.0,21,13.477522
0.0,16,13.478042
0.0,13,13.478464
0.0,41,13.479661
0.0,15,13.480148
0.0,15,13.480624
0.0,10,13.480971
0.0,30,13.481859
1.0,30,13.482753
0.0,45,13.484076
0.0,14,13.484527
0.0,38,13.485642
0.0,18,13.486213
0.0,12,13.486608
0.0,15,13.487095
0.0,100,13.489921
0.0,18,13.490491
0.0,13,13.490912
0.0,11,13.491287
0.0,61,13.493036
0.0,40,13.494205
0.0,31,13.495131
0.0,17,13.495665
0.0,12,13.496068
0.0,9,13.49638
0.0,16,13.496883
0.0,39,13.498042
0.0,15,13.498519
0.0,18,13.499087
1.0,69,13.501056
0.0,67,13.502981
0.0,5,13.503185
0.0,86,13.505626
0.0,6,13.505857
1.0,40,13.507131
1.0,18,13.50769
0.0,27,13.50851
0.0,15,13.508998
0.0,21,13.509639
0.0,40,13.510805
0.0,13,13.511238
0.0,15,13.511714
0.0,48,13.513112
0.0,100,13.515942
0.0,4,13.516127
1.0,25,13.516877
0.0,72,13.518946
0.0,20,13.519569
0.0,19,13.520168
0.0,9,13.52048
0.0,40,13.521725
0.0,19,13.522326
0.0,72,13.524381
0.0,37,13.52547
0.0,46,13.526808
1.0,50,13.528265
0.0,51,13.529736
0.0,49,13.531162
0.0,61,13.532904
0.0,77,13.535107
0.0,78,13.537332
0.0,22,13.538015
0.0,41,13.539216
0.0,15,13.539691
0.0,60,13.541418
0.0,6,13.54165
0.0,19,13.542244
0.0,82,13.544584
0.0,11,13.544952
1.0,20,13.545572
0.0,82,13.54791
1.0,13,13.548346
0.0,90,13.550908
1.0,16,13.551422
0.0,92,13.554039
0.0,88,13.556532
0.0,7,13.55679
1.0,9,13.557112
0.0,7,13.557369
0.0,40,13.558544
0.0,13,13.558976
0.0,66,13.560858
0.0,22,13.561534
0.0,20,13.562157
0.0,6,13.562387
0.0,20,13.563008
0.0,35,13.56404
0.0,68,13.565983
0.0,29,13.566842
0.0,62,13.568621
0.0,66,13.570519
0.0,26,13.571309
0.0,42,13.572534
0.0,22,13.573212
0.0,76,13.575375
0.0,17,13.575908
0.0,23,13.57661
0.0,23,13.577314
1.0,43,13.578578
0.0,36,13.579643
0.0,52,13.581157
0.0,11,13.581525
0.0,6,13.581753
0.0,35,13.58279
0.0,15,13.583277
0.0,16,13.58378
0.0,4,13.583952
0.0,12,13.584355
0.0,56,13.585975
0.0,36,13.587037
0.0,70,13.589052
0.0,100,13.591888
0.0,8,13.592183
0.0,16,13.592685
1.0,75,13.594825
0.0,8,13.59512
0.0,50,13.596563
0.0,15,13.597051
0.0,68,13.599008
0.0,100,13.601836
0.0,4,13.602023
0.0,4,13.602197
1.0,53,13.603723
0.0,15,13.604208
0.0,19,13.604793
0.0,9,13.605114
0.0,38,13.606236
0.0,38,13.607353
0.0,37,13.608449
0.0,100,13.61129
0.0,17,13.611822
0.0,47,13.613189
0.0,18,13.613747
0.0,14,13.614204
0.0,25,13.61496
0.0,57,13.616594
0.0,38,13.617705
0.0,51,13.61919
1.0,14,13.61964
0.0,27,13.620451
0.0,42,13.621673
0.0,13,13.622102
0.0,35,13.623137
0.0,25,13.623886
0.0,22,13.624563
0.0,12,13.624966
0.0,29,13.625825
0.0,58,13.627496
0.0,8,13.62778
0.0,10,13.628136
1.0,26,13.628911
1.0,28,13.629749
0.0,63,13.631556
0.0,11,13.631922
0.0,22,13.632594
0.0,61,13.634426
0.0,20,13.635054
0.0,12,13.635449
0.0,12,13.635843
0.0,17,13.636384
0.0,8,13.636667
0.0,11,13.637043
1.0,8,13.637328
0.0,11,13.637693
1.0,57,13.639345
0.0,47,13.640708
0.0,31,13.641631
0.0,15,13.642118
0.0,40,13.643285
0.0,57,13.644922
1.0,12,13.645324
0.0,17,13.645857
0.0,13,13.646287
0.0,16,13.64679
0.0,14,13.647249
0.0,23,13.647941
0.0,8,13.64824
1.0,37,13.649327
0.0,7,13.649586
0.0,32,13.650537
0.0,4,13.650713
0.0,40,13.651888
0.0,9,13.652212
0.0,31,13.653138
0.0,8,13.653424
0.0,16,13.653925
0.0,100,13.656754
0.0,13,13.657189
0.0,11,13.657557
0.0,100,13.660405
0.0,14,13.660858
0.0,15,13.661344
1.0,36,13.662405
0.0,21,13.663057
0.0,65,13.664914
0.0,25,13.665672
0.0,35,13.666706
1.0,12,13.667113
0.0,39,13.668266
0.0,49,13.669682
1.0,23,13.67039
0.0,47,13.671756
0.0,47,13.673132
0.0,18,13.673693
0.0,5,13.673895
0.0,6,13.674135
0.0,89,13.676653
0.0,55,13.678249
1.0,22,13.678917
1.0,23,13.679624
0.0,32,13.680579
0.0,32,13.681534
0.0,10,13.681875
0.0,75,13.684033
0.0,36,13.685098
0.0,23,13.685794
0.0,20,13.686422
0.0,85,13.688847
1.0,13,13.689298
0.0,100,13.692142
0.0,58,13.693813
1.0,54,13.69538
0.0,15,13.695858
0.0,8,13.696153
0.0,14,13.696602
0.0,5,13.696803
0.0,19,13.697397
0.0,45,13.698711
0.0,46,13.700059
1.0,32,13.701012
0.0,22,13.701681
0.0,5,13.701882
0.0,13,13.702313
0.0,26,13.703103
0.0,27,13.703905
0.0,5,13.704116
0.0,75,13.706259
0.0,20,13.706876
0.0,32,13.707831
0.0,10,13.708189
0.0,12,13.708583
0.0,16,13.709095
0.0,15,13.709573
0.0,57,13.711225
0.0,6,13.711455
0.0,100,13.714304
0.0,42,13.715531
0.0,37,13.716626
0.0,15,13.717114
0.0,20,13.717727
0.0,17,13.718274
0.0,18,13.718833
1.0,9,13.719156
0.0,12,13.71955
0.0,100,13.722386
0.0,18,13.722946
1.0,15,13.723432
0.0,7,13.723688
0.0,19,13.724283
0.0,35,13.725318
0.0,33,13.7263
0.0,46,13.727632
0.0,11,13.728017
0.0,53,13.729545
0.0,54,13.731111
0.0,26,13.731891
0.0,88,13.734403
0.0,20,13.735085
0.0,7,13.735342
0.0,32,13.73629
1.0,17,13.73682
0.0,27,13.737634
1.0,20,13.738266
0.0,23,13.738968
0.0,8,13.73925
0.0,38,13.740362
0.0,15,13.740835
1.0,13,13.741268
0.0,56,13.742872
0.0,15,13.743359
1.0,8,13.743644
0.0,62,13.745423
0.0,24,13.746157
0.0,14,13.746605
0.0,4,13.746777
0.0,17,13.747317
0.0,24,13.748055
1.0,15,13.748528
0.0,17,13.749069
0.0,12,13.749462
0.0,73,13.751535
0.0,19,13.752134
0.0,30,13.753028
0.0,30,13.753915
0.0,59,13.75561
0.0,18,13.756181
0.0,13,13.756605
0.0,30,13.757498
0.0,41,13.7587
0.0,8,13.758996
0.0,14,13.759443
0.0,65,13.761306
0.0,38,13.762419
0.0,23,13.763124
0.0,27,13.76393
0.0,8,13.764222
0.0,24,13.764946
0.0,53,13.766478
0.0,5,13.766679
1.0,20,13.767302
0.0,10,13.767641
0.0,8,13.767924
0.0,30,13.76882
0.0,46,13.770173
0.0,26,13.770951
0.0,41,13.772156
0.0,5,13.772357
0.0,21,13.773009
1.0,25,13.773756
1.0,23,13.774462
0.0,16,13.774974
0.0,42,13.776201
1.0,57,13.777831
0.0,65,13.779699
1.0,17,13.780241
0.0,9,13.780553
0.0,73,13.782635
0.0,10,13.782984
0.0,30,13.783872
0.0,28,13.78471
0.0,9,13.785031
0.0,11,13.785396
0.0,5,13.785595
0.0,26,13.786383
0.0,24,13.787116
1.0,24,13.787837
1.0,22,13.788521
0.0,32,13.789469
0.0,17,13.790009
0.0,84,13.792392
0.0,48,13.793777
0.0,10,13.794127
0.0,82,13.796459
0.0,29,13.797334
1.0,50,13.79879
0.0,31,13.799719
0.0,6,13.799948
0.0,60,13.801664
0.0,16,13.802178
0.0,54,13.803724
1.0,9,13.804047
0.0,48,13.805433
0.0,58,13.80711
0.0,55,13.808695
0.0,52,13.810199
0.0,10,13.810539
0.0,70,13.812539
0.0,6,13.812768
0.0,45,13.814082
0.0,53,13.815609
0.0,38,13.816725
0.0,10,13.817075
0.0,8,13.817358
0.0,95,13.82006
0.0,33,13.821034
0.0,80,13.823306
0.0,18,13.823864
1.0,21,13.824515
0.0,100,13.827359
0.0,7,13.827617
0.0,18,13.82819
0.0,15,13.828667
0.0,30,13.829564
0.0,13,13.829998
0.0,18,13.830557
0.0,4,13.83073
1.0,20,13.831351
0.0,38,13.83247
0.0,43,13.833723
0.0,10,13.834077
0.0,18,13.834636
0.0,49,13.836143
0.0,13,13.836567
0.0,8,13.836851
0.0,52,13.838363
0.0,26,13.839149
0.0,15,13.839627
0.0,10,13.839975
0.0,41,13.841174
0.0,18,13.841733
0.0,9,13.842055
0.0,25,13.842809
0.0,32,13.84376
0.0,5,13.843972
1.0,42,13.845194
0.0,17,13.845725
0.0,12,13.846129
0.0,23,13.846824
0.0,31,13.847754
0.0,39,13.848907
0.0,33,13.849886
0.0,31,13.850813
0.0,8,13.851109
0.0,17,13.851643
1.0,11,13.852021
0.0,27,13.852827
0.0,22,13.853507
0.0,100,13.856347
0.0,22,13.857028
0.0,20,13.857642
0.0,5,13.857843
0.0,15,13.858335
0.0,8,13.858621
0.0,4,13.858795
0.0,18,13.859365
1.0,56,13.86099
0.0,32,13.861936
0.0,13,13.862366
0.0,7,13.862622
1.0,27,13.863437
0.0,10,13.863778
0.0,23,13.864483
0.0,8,13.864769
0.0,9,13.865092
0.0,77,13.867291
0.0,57,13.868936
0.0,8,13.86923
0.0,28,13.870075
0.0,69,13.872049
0.0,17,13.872584
0.0,39,13.873727
0.0,5,13.87393
0.0,26,13.874718
0.0,78,13.87694
0.0,8,13.877235
0.0,47,13.878605
0.0,8,13.878892
0.0,99,13.881703
0.0,51,13.883191
0.0,88,13.885695
0.0,55,13.887294
0.0,30,13.888202
0.0,26,13.888994
0.0,63,13.890799
1.0,22,13.89148
0.0,10,13.89182
0.0,80,13.894111
0.0,17,13.894644
0.0,14,13.895105
0.0,10,13.895462
0.0,54,13.897027
0.0,33,13.898012
0.0,30,13.8989
0.0,6,13.899139
0.0,23,13.899837
0.0,32,13.900785
0.0,11,13.901164
0.0,22,13.901833
0.0,82,13.904175
0.0,31,13.905101
0.0,72,13.907163
0.0,9,13.907476
0.0,65,13.909347
0.0,17,13.909878
0.0,54,13.911441
0.0,68,13.913395
0.0,18,13.91396
1.0,51,13.915431
0.0,62,13.917213
0.0,56,13.918828
0.0,16,13.919344
0.0,20,13.919968
0.0,60,13.921686
0.0,23,13.922392
0.0,20,13.923014
0.0,8,13.9233
1.0,6,13.923527
0.0,45,13.924845
0.0,41,13.926057
0.0,9,13.926371
0.0,11,13.926737
0.0,35,13.927769
0.0,18,13.928345
0.0,53,13.929871
0.0,22,13.93055
0.0,19,13.931147
0.0,21,13.931787
0.0,37,13.932876
0.0,48,13.93428
0.0,39,13.935425
0.0,25,13.936243
0.0,15,13.936719
0.0,6,13.936947
0.0,15,13.93743
0.0,100,13.940279
0.0,8,13.940565
0.0,15,13.94105
0.0,14,13.941501
0.0,44,13.942776
0.0,39,13.943923
0.0,21,13.944574
0.0,26,13.945359
0.0,77,13.947551
1.0,40,13.948727
0.0,15,13.949215
0.0,30,13.950111
0.0,6,13.950341
0.0,7,13.950596
0.0,32,13.951543
0.0,35,13.952573
0.0,8,13.952856
0.0,46,13.954197
0.0,41,13.955393
0.0,14,13.955841
0.0,13,13.956273
0.0,61,13.958029
0.0,51,13.959496
1.0,69,13.961466
0.0,17,13.962008
0.0,21,13.962648
0.0,56,13.964268
0.0,84,13.966657
1.0,44,13.967939
0.0,39,13.969093
0.0,9,13.969402
0.0,25,13.97016
0.0,42,13.971379
0.0,90,13.973933
0.0,16,13.974442
0.0,29,13.975308
0.0,5,13.97551
0.0,23,13.976214
0.0,12,13.976606
0.0,31,13.977526
0.0,32,13.978475
0.0,36,13.979532
1.0,34,13.980534
0.0,100,13.983364
0.0,27,13.984178
0.0,77,13.986367
0.0,12,13.986761
0.0,84,13.989162
0.0,32,13.990113
0.0,100,13.99293
0.0,10,13.993277
0.0,34,13.994275
0.0,27,13.995088
0.0,16,13.99559
0.0,100,13.998428
0.0,55,14.000019
0.0,9,14.000331
0.0,43,14.001579
0.0,15,14.002064
0.0,67,14.003978
0.0,44,14.005253
0.0,5,14.005455
0.0,33,14.006432
0.0,12,14.006825
0.0,6,14.007062
0.0,9,14.007375
0.0,100,14.010214
0.0,37,14.011302
0.0,48,14.012686
0.0,5,14.012889
0.0,25,14.013644
1.0,24,14.014376
0.0,92,14.016972
0.0,32,14.017909
0.0,13,14.018342
0.0,26,14.019125
0.0,63,14.020933
0.0,29,14.021794
0.0,35,14.022825
0.0,7,14.023092
0.0,41,14.024282
0.0,11,14.024649
0.0,19,14.025243
0.0,11,14.025608
0.0,9,14.025918
0.0,73,14.02801
0.0,9,14.028323
0.0,5,14.028523
1.0,9,14.028833
0.0,100,14.031659
0.0,51,14.033133
0.0,11,14.033501
0.0,29,14.034369
0.0,45,14.035675
0.0,29,14.036541
0.0,38,14.037654
1.0,9,14.037981
0.0,14,14.03843
0.0,5,14.038631
1.0,23,14.039331
1.0,12,14.039725
0.0,25,14.040483
0.0,5,14.040685
0.0,11,14.041061
0.0,21,14.04176
0.0,19,14.042356
0.0,28,14.043202
0.0,17,14.043733
0.0,25,14.044492
0.0,72,14.046545
0.0,7,14.046803
0.0,38,14.047913
0.0,28,14.048758
1.0,19,14.049357
1.0,17,14.049889
0.0,100,14.052727
0.0,4,14.052902
0.0,16,14.053415
0.0,29,14.054284
0.0,88,14.056788
0.0,27,14.057606
0.0,92,14.06022
0.0,16,14.060725
0.0,56,14.06234
0.0,25,14.063104
0.0,7,14.063362
0.0,7,14.063618
0.0,35,14.064653
0.0,14,14.065116
0.0,11,14.065483
0.0,9,14.065793
0.0,45,14.067116
0.0,34,14.068131
0.0,64,14.069971
0.0,100,14.072799
0.0,9,14.073123
0.0,47,14.074488
0.0,12,14.074884
0.0,28,14.075726
0.0,25,14.07649
0.0,39,14.077637
0.0,48,14.07904
0.0,6,14.07927
0.0,27,14.080083
0.0,17,14.080614
0.0,20,14.081236
0.0,13,14.081657
0.0,9,14.081978
1.0,13,14.082399
0.0,64,14.084234
0.0,52,14.085737
0.0,100,14.088586
0.0,24,14.089324
0.0,45,14.090634
1.0,81,14.092939
0.0,37,14.094039
0.0,47,14.095401
0.0,7,14.095658
0.0,4,14.095831
1.0,88,14.098333
0.0,33,14.09931
0.0,8,14.099595
0.0,27,14.10041
1.0,44,14.101689
0.0,23,14.102393
0.0,55,14.103987
0.0,36,14.105048
0.0,77,14.107244
0.0,45,14.10856
0.0,19,14.109159
0.0,11,14.109526
1.0,29,14.110398
0.0,11,14.110767
0.0,24,14.111499
0.0,17,14.112043
0.0,29,14.112903
0.0,22,14.113579
0.0,5,14.113782
0.0,10,14.11413
0.0,100,14.116948
0.0,14,14.117405
0.0,29,14.118279
0.0,13,14.118701
0.0,28,14.119542
0.0,27,14.12036
0.0,53,14.121889
0.0,15,14.122389
0.0,27,14.123206
0.0,40,14.124383
0.0,8,14.124668
0.0,51,14.126147
0.0,40,14.127316
0.0,100,14.130161
0.0,9,14.130476
0.0,18,14.131047
0.0,23,14.131742
0.0,65,14.133609
0.0,6,14.133839
0.0,22,14.134515
0.0,16,14.135031
0.0,14,14.13548
0.0,48,14.136869
0.0,39,14.138028
0.0,49,14.139447
0.0,36,14.140511
0.0,37,14.141599
0.0,90,14.144161
0.0,43,14.145418
1.0,20,14.146044
0.0,100,14.148889
0.0,62,14.150736
0.0,52,14.152247
0.0,31,14.153169
0.0,32,14.154118
0.0,9,14.154428
0.0,8,14.15471
0.0,17,14.155249
0.0,6,14.155478
0.0,100,14.158313
0.0,36,14.159382
1.0,23,14.160089
1.0,9,14.160402
0.0,6,14.16063
0.0,47,14.161996
0.0,44,14.163275
0.0,7,14.163532
0.0,7,14.163789
0.0,30,14.164687
0.0,64,14.166529
0.0,53,14.168071
0.0,18,14.168627
0.0,4,14.1688
0.0,86,14.171248
1.0,83,14.173605
0.0,10,14.173945
0.0,31,14.17487
0.0,18,14.175438
0.0,47,14.176799
0.0,39,14.177937
0.0,13,14.17837
0.0,77,14.180566
0.0,45,14.181876
0.0,17,14.182419
0.0,40,14.183589
1.0,87,14.186065
0.0,56,14.187678
0.0,26,14.188468
0.0,6,14.188698
0.0,6,14.188927
0.0,20,14.189546
0.0,67,14.191472
0.0,7,14.19173
1.0,64,14.193576
0.0,25,14.194341
0.0,5,14.194545
1.0,44,14.195832
0.0,16,14.196348
1.0,73,14.198441
0.0,23,14.199151
0.0,17,14.199682
0.0,8,14.199974
0.0,29,14.200833
0.0,7,14.201098
0.0,20,14.20171
0.0,6,14.20194
0.0,36,14.203003
1.0,66,14.204883
0.0,12,14.20529
0.0,26,14.20608
0.0,59,14.20777
0.0,95,14.210477
0.0,84,14.212868
0.0,51,14.214352
0.0,28,14.215194
0.0,45,14.216503
0.0,69,14.218486
1.0,35,14.219523
0.0,54,14.221088
0.0,31,14.222012
0.0,8,14.222296
0.0,23,14.223004
0.0,17,14.223533
0.0,12,14.223925
0.0,58,14.22559
0.0,25,14.226349
0.0,41,14.227543
0.0,93,14.230189
0.0,4,14.230365
0.0,100,14.233202
0.0,42,14.234427
0.0,27,14.235243
1.0,50,14.236687
0.0,29,14.237557
0.0,47,14.238923
0.0,19,14.239515
0.0,24,14.24025
1.0,44,14.241533
0.0,21,14.242182
0.0,16,14.242686
0.0,21,14.243337
0.0,29,14.244209
1.0,23,14.2449
0.0,93,14.247543
0.0,29,14.24842
1.0,12,14.248815
0.0,28,14.249655
0.0,11,14.250031
0.0,100,14.252846
0.0,48,14.254241
0.0,13,14.254661
1.0,80,14.256929
0.0,30,14.257819
1.0,7,14.258092
1.0,90,14.260634
0.0,11,14.261073
0.0,16,14.261577
0.0,30,14.262474
0.0,14,14.26292
0.0,7,14.263185
0.0,14,14.263634
0.0,44,14.264913
0.0,4,14.265097
0.0,22,14.265766
0.0,9,14.266089
0.0,39,14.267232
0.0,48,14.268627
0.0,84,14.271021
0.0,10,14.271363
0.0,9,14.271673
0.0,20,14.272295
0.0,60,14.274024
0.0,22,14.274692
0.0,72,14.276737
0.0,99,14.279551
0.0,39,14.280697
1.0,31,14.281621
0.0,5,14.281823
0.0,21,14.282475
0.0,57,14.284118
0.0,23,14.28481
0.0,11,14.285187
1.0,12,14.285579
0.0,7,14.285836
0.0,20,14.286459
0.0,35,14.287491
0.0,52,14.289003
0.0,53,14.290529
0.0,22,14.291209
0.0,12,14.291605
0.0,14,14.292062
0.0,31,14.292988
0.0,20,14.293602
0.0,9,14.293914
0.0,38,14.295035
1.0,23,14.295731
0.0,57,14.297368
0.0,68,14.299324
0.0,64,14.301163
0.0,6,14.301393
0.0,17,14.301923
0.0,25,14.30268
0.0,14,14.30314
0.0,12,14.303535
0.0,19,14.304134
0.0,27,14.304938
0.0,6,14.305177
1.0,9,14.305488
0.0,43,14.306736
0.0,17,14.307278
1.0,54,14.308832
0.0,59,14.310539
0.0,40,14.311716
0.0,9,14.312038
0.0,29,14.3129
0.0,99,14.315713
0.0,20,14.31634
0.0,18,14.3169
0.0,19,14.317496
0.0,33,14.318482
0.0,64,14.320321
0.0,9,14.320635
0.0,18,14.321205
1.0,41,14.322406
0.0,21,14.323056
0.0,27,14.323861
0.0,7,14.324127
0.0,88,14.32661
0.0,26,14.327396
0.0,12,14.327794
0.0,52,14.329311
0.0,14,14.32976
0.0,66,14.331654
0.0,24,14.332392
0.0,29,14.333263
0.0,8,14.333548
0.0,14,14.334007
0.0,10,14.334347
0.0,41,14.335544
1.0,8,14.33583
0.0,10,14.33618
0.0,27,14.336997
0.0,58,14.338668
0.0,10,14.339018
0.0,52,14.340519
0.0,39,14.341666
0.0,19,14.342263
1.0,12,14.342658
0.0,29,14.343529
0.0,16,14.344044
0.0,35,14.345072
0.0,12,14.345465
0.0,26,14.346253
0.0,14,14.346703
0.0,32,14.347651
0.0,10,14.348008
0.0,13,14.348429
0.0,7,14.348685
0.0,34,14.349706
0.0,20,14.350331
0.0,39,14.351471
0.0,14,14.351921
0.0,69,14.353895
0.0,16,14.35441
0.0,10,14.354751
0.0,20,14.355379
0.0,21,14.356031
0.0,68,14.357976
0.0,100,14.360808
0.0,23,14.36158
1.0,81,14.363889
1.0,20,14.364517
0.0,18,14.365085
0.0,94,14.367748
0.0,78,14.369985
0.0,12,14.370379
0.0,10,14.370717
0.0,12,14.371117
0.0,24,14.37184
0.0,24,14.37257
0.0,5,14.372773
0.0,86,14.375219
0.0,18,14.375777
0.0,75,14.377914
0.0,9,14.378242
0.0,28,14.379082
0.0,56,14.380688
1.0,37,14.381778
0.0,19,14.382376
0.0,31,14.3833
0.0,51,14.384772
0.0,17,14.385314
1.0,24,14.386049
0.0,59,14.387748
0.0,8,14.388049
0.0,22,14.388714
0.0,23,14.389419
0.0,16,14.389923
0.0,24,14.390651
0.0,10,14.391003
0.0,40,14.392174
0.0,21,14.392815
0.0,17,14.393356
0.0,12,14.393751
0.0,8,14.394045
1.0,14,14.394494
0.0,12,14.394885
0.0,30,14.395781
0.0,35,14.396814
1.0,27,14.397629
1.0,40,14.398805
0.0,18,14.399375
0.0,6,14.399606
0.0,36,14.400669
0.0,46,14.40202
0.0,9,14.402332
0.0,13,14.402751
0.0,18,14.403318
0.0,44,14.404591
1.0,10,14.404929
0.0,44,14.406211
0.0,81,14.40852
0.0,23,14.409226
0.0,100,14.412056
0.0,5,14.41226
0.0,4,14.412432
0.0,96,14.415157
0.0,23,14.415851
0.0,20,14.416472
1.0,22,14.417151
0.0,13,14.417572
1.0,14,14.418037
1.0,57,14.419667
0.0,100,14.422502
1.0,12,14.422898
1.0,13,14.423327
0.0,34,14.424332
0.0,47,14.42569
0.0,36,14.426748
0.0,25,14.427511
0.0,36,14.428583
0.0,31,14.429505
0.0,90,14.432062
1.0,14,14.432511
0.0,37,14.433602
0.0,12,14.434007
0.0,22,14.434676
0.0,18,14.435246
1.0,15,14.435722
1.0,6,14.435951
0.0,53,14.437482
0.0,11,14.437849
0.0,18,14.43842
0.0,47,14.439782
0.0,51,14.441262
0.0,53,14.442792
1.0,59,14.444495
1.0,18,14.445067
0.0,6,14.445296
0.0,13,14.445717
0.0,98,14.4485
0.0,17,14.449041
1.0,34,14.450052
0.0,4,14.450228
0.0,25,14.450992
0.0,28,14.451825
0.0,30,14.452722
1.0,17,14.453263
0.0,11,14.453629
1.0,12,14.454035
0.0,15,14.454511
0.0,28,14.455354
1.0,30,14.45625
0.0,59,14.457939
1.0,42,14.459177
0.0,18,14.459737
0.0,18,14.460306
0.0,18,14.460866
0.0,6,14.461162
0.0,10,14.461516
0.0,28,14.46236
1.0,23,14.463068
0.0,78,14.465288
1.0,75,14.467432
1.0,38,14.46856
0.0,9,14.468875
1.0,25,14.469636
0.0,55,14.471229
1.0,30,14.472128
0.0,43,14.473381
0.0,12,14.473775
0.0,51,14.475254
0.0,11,14.475621
1.0,22,14.476299
1.0,49,14.477717
0.0,17,14.478265
0.0,22,14.478933
0.0,16,14.479445
0.0,42,14.480667
0.0,19,14.481267
0.0,51,14.482744
0.0,51,14.484232
0.0,37,14.485322
0.0,70,14.487326
0.0,24,14.488065
0.0,13,14.488487
0.0,25,14.489247
0.0,36,14.490317
0.0,28,14.491162
0.0,93,14.493797
0.0,38,14.494913
0.0,69,14.496886
0.0,15,14.497374
0.0,30,14.498278
0.0,35,14.499311
1.0,35,14.500344
0.0,35,14.501382
0.0,32,14.502335
0.0,19,14.502919
1.0,20,14.50354
0.0,21,14.504194
0.0,29,14.505065
0.0,17,14.505598
0.0,14,14.506056
0.0,44,14.507338
0.0,51,14.508818
0.0,9,14.509143
1.0,16,14.509646
0.0,68,14.511593
0.0,31,14.512519
0.0,14,14.51298
0.0,12,14.513376
0.0,17,14.513909
0.0,11,14.514284
0.0,43,14.515541
0.0,64,14.517383
0.0,67,14.519315
0.0,34,14.520323
1.0,37,14.521411
0.0,15,14.521888
0.0,14,14.522348
0.0,17,14.52288
0.0,52,14.524393
0.0,8,14.524678
0.0,38,14.525789
0.0,20,14.526414
0.0,29,14.527282
0.0,4,14.527457
1.0,51,14.528935
0.0,31,14.529857
0.0,9,14.53018
0.0,19,14.530769
0.0,6,14.531007
0.0,12,14.531401
1.0,39,14.532539
0.0,20,14.533165
0.0,20,14.533779
0.0,16,14.534292
0.0,41,14.535492
1.0,9,14.535804
0.0,73,14.537883
0.0,10,14.538239
0.0,58,14.539909
0.0,54,14.541481
1.0,80,14.543758
0.0,7,14.544027
0.0,34,14.545036
0.0,13,14.545459
0.0,25,14.546218
0.0,68,14.548177
0.0,9,14.54849
0.0,66,14.550382
0.0,32,14.551335
0.0,63,14.55315
0.0,21,14.553791
0.0,21,14.554441
0.0,49,14.555856
0.0,31,14.556783
0.0,25,14.557543
0.0,5,14.557746
0.0,55,14.55934
1.0,23,14.56005
0.0,4,14.560227
0.0,20,14.560838
0.0,87,14.563314
0.0,32,14.564336
0.0,20,14.56495
0.0,15,14.565435
0.0,67,14.567354
0.0,14,14.567803
0.0,14,14.568267
0.0,15,14.568741
0.0,39,14.569885
0.0,23,14.570591
0.0,18,14.571159
1.0,17,14.57169
0.0,44,14.57298
1.0,22,14.573646
0.0,66,14.57554
0.0,66,14.577435
0.0,12,14.57783
1.0,34,14.578845
0.0,13,14.579279
0.0,31,14.580204
0.0,13,14.580624
0.0,72,14.582688
0.0,84,14.585085
0.0,20,14.585697
0.0,21,14.586345
0.0,46,14.587679
0.0,24,14.588418
0.0,10,14.588756
1.0,27,14.58957
1.0,19,14.590165
0.0,24,14.590888
0.0,28,14.591728
1.0,39,14.592874
0.0,10,14.593226
0.0,35,14.594261
0.0,6,14.594491
0.0,49,14.595908
0.0,5,14.59612
0.0,28,14.596963
1.0,24,14.597682
0.0,17,14.598227
0.0,24,14.598948
0.0,35,14.599988
0.0,29,14.600844
1.0,20,14.601465
1.0,42,14.602686
0.0,35,14.603722
0.0,30,14.604623
0.0,48,14.606028
0.0,82,14.608367
0.0,41,14.609567
0.0,21,14.610215
0.0,22,14.610882
0.0,15,14.61137
0.0,25,14.612129
1.0,77,14.614325
0.0,13,14.614747
0.0,17,14.615287
0.0,12,14.615681
0.0,17,14.61622
0.0,13,14.616643
0.0,26,14.617431
1.0,11,14.617798
0.0,8,14.618097
0.0,62,14.619868
0.0,37,14.620968
1.0,50,14.622412
1.0,9,14.622725
0.0,20,14.62335
0.0,40,14.624522
0.0,31,14.625449
0.0,10,14.625789
0.0,27,14.626603
0.0,8,14.626888
0.0,17,14.627426
0.0,68,14.629382
0.0,18,14.629942
0.0,24,14.630672
0.0,28,14.631515
0.0,25,14.632276
0.0,61,14.634033
0.0,100,14.63687
0.0,100,14.639725
1.0,12,14.640131
0.0,6,14.640361
0.0,11,14.640726
0.0,100,14.643571
1.0,6,14.643802
0.0,12,14.644205
0.0,13,14.644626
0.0,33,14.645604
0.0,52,14.64711
0.0,100,14.64994
0.0,26,14.650721
0.0,31,14.651643
0.0,18,14.65221
0.0,14,14.652659
0.0,25,14.653416
0.0,39,14.654559
0.0,30,14.655453
0.0,39,14.656596
0.0,15,14.657084
0.0,7,14.657341
0.0,94,14.660023
0.0,6,14.660255
0.0,8,14.660538
0.0,10,14.660876
1.0,64,14.662711
0.0,26,14.663502
0.0,51,14.665043
0.0,10,14.665385
0.0,26,14.666173
0.0,23,14.666867
1.0,24,14.667598
0.0,11,14.667981
0.0,27,14.668788
0.0,12,14.669193
0.0,21,14.669835
0.0,7,14.670104
0.0,27,14.670911
0.0,21,14.67156
0.0,24,14.672293
0.0,22,14.672971
0.0,71,14.675001
0.0,23,14.675697
1.0,16,14.676211
0.0,6,14.676441
0.0,8,14.676724
0.0,25,14.677483
1.0,31,14.678413
0.0,13,14.678834
0.0,32,14.679785
1.0,18,14.680356
0.0,100,14.683188
0.0,7,14.683447
0.0,4,14.683621
0.0,31,14.684549
0.0,8,14.684834
0.0,28,14.685671
0.0,8,14.685963
1.0,25,14.686714
0.0,7,14.68698
0.0,26,14.687756
0.0,9,14.688085
0.0,11,14.688452
0.0,6,14.688679
1.0,12,14.689084
0.0,29,14.689944
0.0,21,14.690592
0.0,30,14.691485
0.0,29,14.692358
1.0,54,14.693915
0.0,35,14.694947
0.0,6,14.695186
0.0,27,14.695999
0.0,32,14.69694
0.0,100,14.699786
0.0,20,14.700414
0.0,21,14.701065
0.0,62,14.702842
1.0,33,14.703824
0.0,62,14.70561
0.0,80,14.707889
0.0,48,14.709296
0.0,29,14.710169
0.0,38,14.711286
0.0,7,14.711543
0.0,4,14.711717
0.0,17,14.712257
0.0,20,14.712871
0.0,8,14.713165
0.0,20,14.713777
1.0,31,14.7147
0.0,9,14.715023
0.0,100,14.717853
0.0,35,14.718893
0.0,24,14.719626
1.0,24,14.720359
0.0,11,14.720726
1.0,11,14.721111
0.0,7,14.72137
0.0,28,14.722214
0.0,21,14.722853
0.0,32,14.723807
0.0,26,14.724599
0.0,45,14.725917
0.0,61,14.727667
1.0,15,14.728161
1.0,28,14.729007
0.0,10,14.729348
0.0,53,14.730875
0.0,11,14.731254
0.0,10,14.731593
0.0,66,14.73348
0.0,20,14.734106
1.0,9,14.734421
0.0,7,14.734677
0.0,5,14.734878
0.0,67,14.7368
1.0,9,14.737125
0.0,11,14.737492
0.0,14,14.73794
0.0,9,14.738266
0.0,30,14.739164
1.0,49,14.740589
0.0,18,14.741158
0.0,8,14.741443
0.0,29,14.742312
0.0,53,14.743846
0.0,7,14.744114
0.0,82,14.746449
0.0,22,14.747132
0.0,84,14.749523
0.0,18,14.750097
0.0,34,14.751107
0.0,38,14.752227
0.0,63,14.754037
0.0,32,14.754994
0.0,100,14.75782
0.0,19,14.758425
1.0,32,14.75938
0.0,7,14.759638
1.0,42,14.760862
0.0,57,14.762515
0.0,16,14.763029
0.0,41,14.764228
1.0,17,14.764817
0.0,12,14.765222
0.0,48,14.76661
0.0,25,14.76737
0.0,27,14.768193
0.0,32,14.769141
0.0,17,14.769671
0.0,7,14.769927
0.0,8,14.770231
1.0,23,14.770926
0.0,9,14.771243
0.0,100,14.774083
0.0,40,14.775254
0.0,18,14.77581
0.0,6,14.77605
0.0,32,14.777002
0.0,29,14.77786
0.0,76,14.780036
0.0,45,14.781341
1.0,21,14.781992
0.0,84,14.78437
0.0,32,14.785324
1.0,41,14.78652
0.0,17,14.78706
0.0,17,14.787588
0.0,100,14.790429
0.0,31,14.791354
0.0,7,14.791611
0.0,18,14.79218
1.0,18,14.792736
0.0,29,14.793607
0.0,48,14.795002
0.0,69,14.796973
1.0,33,14.797939
0.0,22,14.798618
0.0,30,14.799512
0.0,19,14.800108
0.0,21,14.800747
0.0,20,14.801369
0.0,8,14.801653
0.0,8,14.801936
0.0,100,14.804763
0.0,42,14.805999
0.0,23,14.806694
0.0,33,14.807669
0.0,15,14.808162
0.0,87,14.810627
0.0,10,14.810975
0.0,36,14.812033
0.0,30,14.812915
0.0,21,14.813562
0.0,5,14.813763
0.0,18,14.814329
0.0,11,14.814696
0.0,16,14.815209
0.0,74,14.817322
0.0,52,14.818837
0.0,36,14.8199
0.0,10,14.820248
0.0,65,14.822117
0.0,31,14.823039
0.0,42,14.824266
0.0,41,14.825469
0.0,7,14.825726
0.0,20,14.826349
0.0,7,14.826605
0.0,14,14.827063
0.0,42,14.828289
0.0,61,14.830036
0.0,32,14.830987
1.0,10,14.831325
0.0,71,14.833346
0.0,7,14.833604
0.0,56,14.835215
0.0,44,14.836494
0.0,27,14.837307
0.0,96,14.840029
0.0,12,14.840423
0.0,50,14.841867
0.0,18,14.842436
0.0,41,14.843638
0.0,36,14.844699
0.0,8,14.844994
0.0,6,14.845223
0.0,9,14.845533
0.0,24,14.846264
0.0,34,14.847266
1.0,75,14.849408
0.0,18,14.849978
0.0,98,14.852746
0.0,26,14.853536
1.0,19,14.854136
1.0,29,14.855004
0.0,5,14.855206
1.0,8,14.855488
1.0,40,14.856657
0.0,22,14.857336
0.0,13,14.857756
0.0,7,14.858026
0.0,47,14.859376
0.0,32,14.860332
0.0,18,14.860889
0.0,34,14.861894
1.0,93,14.86453
0.0,12,14.864923
0.0,19,14.865511
0.0,20,14.866134
1.0,21,14.866772
0.0,9,14.867091
0.0,7,14.867348
0.0,8,14.867689
0.0,20,14.868317
0.0,88,14.870815
1.0,35,14.871851
0.0,9,14.872175
0.0,17,14.872707
0.0,58,14.87438
0.0,16,14.874884
0.0,9,14.875205
0.0,35,14.876236
0.0,7,14.876493
0.0,17,14.877033
1.0,42,14.878263
1.0,11,14.878632
0.0,5,14.878833
0.0,44,14.880121
1.0,22,14.880788
0.0,30,14.881686
0.0,100,14.884524
0.0,10,14.884866
0.0,8,14.885161
0.0,29,14.88603
0.0,100,14.88886
0.0,24,14.889597
0.0,90,14.892161
0.0,42,14.893386
0.0,33,14.894366
0.0,17,14.894898
0.0,74,14.897024
0.0,34,14.898039
0.0,17,14.898572
0.0,8,14.898855
0.0,37,14.899943
0.0,73,14.902039
0.0,13,14.902462
1.0,13,14.902881
0.0,38,14.904005
0.0,13,14.904427
0.0,20,14.905053
1.0,19,14.905639
0.0,13,14.90607
0.0,45,14.907381
0.0,20,14.908011
0.0,53,14.909548
0.0,27,14.910365
0.0,11,14.910733
0.0,100,14.913579
0.0,22,14.914264
0.0,7,14.914522
0.0,11,14.914888
0.0,79,14.917153
0.0,76,14.919329
0.0,24,14.920064
0.0,100,14.922907
0.0,22,14.923588
0.0,24,14.924324
0.0,7,14.924581
0.0,43,14.925833
0.0,23,14.926541
0.0,13,14.926973
0.0,18,14.927531
0.0,20,14.928158
0.0,37,14.929245
1.0,20,14.929858
0.0,24,14.930589
0.0,100,14.933434
0.0,13,14.933856
1.0,12,14.934261
0.0,33,14.935241
0.0,23,14.935937
0.0,9,14.936257
0.0,22,14.936924
0.0,8,14.937213
0.0,100,14.940054
0.0,18,14.940616
0.0,21,14.941268
0.0,10,14.941608
0.0,23,14.942313
0.0,16,14.942816
0.0,100,14.94565
0.0,82,14.947999
0.0,10,14.94834
0.0,12,14.948733
0.0,32,14.949684
0.0,45,14.951004
0.0,100,14.953838
0.0,19,14.954437
0.0,36,14.955498
0.0,9,14.955811
0.0,60,14.957546
0.0,18,14.958121
0.0,11,14.958488
0.0,17,14.95903
0.0,10,14.959369
0.0,64,14.961206
0.0,14,14.961657
1.0,66,14.963547
1.0,35,14.964579
0.0,41,14.96578
0.0,17,14.966321
0.0,10,14.96666
0.0,47,14.968038
0.0,78,14.970266
0.0,9,14.970579
0.0,27,14.971395
0.0,8,14.971681
0.0,9,14.972001
0.0,25,14.972748
0.0,95,14.975442
0.0,7,14.975772
0.0,35,14.976801
0.0,21,14.977452
0.0,19,14.978054
0.0,16,14.978555
0.0,43,14.979811
0.0,13,14.980246
0.0,34,14.981251
0.0,35,14.982284
1.0,46,14.983618
0.0,33,14.984594
0.0,12,14.984997
0.0,24,14.98572
0.0,9,14.986039
1.0,51,14.987507
0.0,11,14.987874
1.0,31,14.988801
0.0,75,14.990928
1.0,22,14.991603
0.0,41,14.992811
1.0,31,14.993736
0.0,30,14.994635
0.0,25,14.995395
0.0,16,14.995899
0.0,27,14.996714
0.0,84,14.999117
1.0,29,14.999988
0.0,33,15.000964
0.0,45,15.002269
0.0,62,15.004052
1.0,65,15.005908
0.0,15,15.006394
0.0,38,15.007512
0.0,42,15.00874
0.0,20,15.009367
1.0,24,15.010105
0.0,36,15.011168
0.0,54,15.012726
0.0,35,15.013762
0.0,7,15.014029
0.0,65,15.01589
0.0,95,15.018604
0.0,11,15.018983
0.0,8,15.019269
0.0,36,15.020338
1.0,42,15.021566
0.0,6,15.021796
0.0,14,15.022257
0.0,10,15.022595
0.0,51,15.024079
0.0,31,15.025003
1.0,11,15.02537
0.0,12,15.025764
0.0,6,15.026001
0.0,4,15.026176
0.0,100,15.029022
1.0,14,15.029472
0.0,12,15.029865
0.0,31,15.030789
1.0,14,15.031252
0.0,8,15.031538
0.0,17,15.032079
0.0,43,15.03334
0.0,6,15.03357
0.0,39,15.034717
0.0,12,15.035122
0.0,10,15.035461
0.0,48,15.036849
0.0,11,15.037228
0.0,43,15.038491
0.0,17,15.039032
0.0,13,15.039457
0.0,12,15.039851
0.0,38,15.040984
0.0,5,15.041187
0.0,12,15.04158
0.0,22,15.04226
0.0,82,15.044593
0.0,24,15.045328
0.0,15,15.045802
0.0,7,15.046068
0.0,64,15.047892
0.0,9,15.04822
0.0,24,15.048939
0.0,100,15.051767
0.0,31,15.052691
0.0,30,15.053586
0.0,8,15.053869
0.0,25,15.05463
0.0,13,15.055061
0.0,10,15.0554
0.0,27,15.056213
1.0,12,15.056607
0.0,14,15.057065
0.0,59,15.058764
0.0,63,15.06058
0.0,19,15.061176
1.0,18,15.061734
1.0,36,15.062796
1.0,37,15.063888
0.0,13,15.06432
0.0,22,15.064997
0.0,35,15.066029
0.0,14,15.066476
0.0,40,15.067645
1.0,13,15.068082
0.0,25,15.068836
0.0,35,15.069871
0.0,6,15.070112
0.0,19,15.070699
0.0,5,15.0709
0.0,26,15.071687
0.0,4,15.071863
0.0,45,15.073185
0.0,34,15.074195
1.0,28,15.075038
0.0,5,15.075242
0.0,24,15.075976
0.0,48,15.077432
0.0,31,15.078366
0.0,14,15.078816
0.0,37,15.079904
0.0,46,15.08125
0.0,62,15.083035
0.0,42,15.084261
0.0,13,15.084683
0.0,10,15.085032
0.0,11,15.085399
1.0,18,15.085965
1.0,18,15.086527
0.0,28,15.087371
0.0,8,15.087656
0.0,57,15.089312
0.0,24,15.090047
0.0,24,15.090774
0.0,26,15.09156
0.0,20,15.092183
0.0,55,15.093762
0.0,13,15.094195
1.0,45,15.095501
0.0,16,15.09602
0.0,41,15.097216
1.0,66,15.099121
1.0,26,15.099903
0.0,9,15.100224
0.0,5,15.100426
0.0,41,15.101625
0.0,63,15.103434
0.0,34,15.10444
0.0,17,15.104981
1.0,70,15.10698
0.0,28,15.107809
0.0,53,15.109343
0.0,19,15.109927
0.0,100,15.11276
0.0,31,15.113685
0.0,21,15.114334
0.0,20,15.114945
0.0,9,15.115266
0.0,67,15.117185
0.0,10,15.117525
1.0,34,15.118533
0.0,33,15.119511
0.0,47,15.120871
1.0,23,15.121578
0.0,9,15.121891
0.0,67,15.123808
0.0,54,15.125373
0.0,40,15.12654
0.0,41,15.127743
0.0,7,15.128016
0.0,19,15.128601
0.0,5,15.128801
1.0,14,15.12926
0.0,22,15.129928
0.0,26,15.130713
0.0,5,15.130915
0.0,16,15.131426
0.0,28,15.13227
1.0,10,15.132609
1.0,7,15.132865
0.0,12,15.133269
1.0,30,15.134166
0.0,37,15.135255
0.0,57,15.13689
1.0,25,15.13765
0.0,55,15.139253
0.0,16,15.139759
0.0,31,15.140682
0.0,32,15.141636
0.0,34,15.142642
0.0,14,15.143102
0.0,8,15.143385
0.0,21,15.144035
0.0,7,15.144291
1.0,7,15.144547
0.0,94,15.147214
0.0,11,15.147583
1.0,15,15.148073
1.0,47,15.14944
0.0,18,15.150009
0.0,19,15.150594
0.0,11,15.150966
0.0,20,15.151579
0.0,23,15.152281
1.0,18,15.152838
0.0,13,15.153269
1.0,11,15.153636
0.0,16,15.154149
0.0,10,15.154489
0.0,7,15.154744
0.0,10,15.155092
0.0,11,15.155459
0.0,50,15.156893
0.0,16,15.157405
0.0,54,15.158972
1.0,16,15.159477
1.0,13,15.159898
0.0,11,15.160274
1.0,20,15.160885
0.0,19,15.16148
0.0,30,15.162377
0.0,5,15.162579
0.0,38,15.163692
0.0,52,15.165198
0.0,14,15.165648
0.0,18,15.166215
0.0,19,15.1668
0.0,26,15.167591
0.0,7,15.167848
0.0,51,15.169341
0.0,17,15.169873
0.0,4,15.170059
0.0,4,15.170233
0.0,5,15.170435
0.0,52,15.17193
0.0,26,15.172716
0.0,8,15.173011
0.0,28,15.173845
0.0,70,15.175849
0.0,5,15.176064
0.0,13,15.176561
1.0,9,15.176873
0.0,84,15.179286
0.0,34,15.180296
1.0,10,15.180635
0.0,23,15.181339
0.0,8,15.181623
1.0,46,15.182952
0.0,29,15.183818
0.0,21,15.184467
0.0,95,15.187168
1.0,8,15.187455
1.0,51,15.188926
0.0,31,15.189846
0.0,5,15.190058
0.0,7,15.190314
0.0,41,15.191511
0.0,26,15.192297
0.0,5,15.192498
0.0,4,15.192671
0.0,34,15.193672
0.0,38,15.194788
0.0,21,15.19544
0.0,7,15.195697
0.0,27,15.196505
1.0,24,15.19724
0.0,32,15.198196
0.0,9,15.198509
0.0,10,15.198847
0.0,10,15.199196
1.0,20,15.19981
0.0,41,15.201018
0.0,13,15.20144
0.0,21,15.202092
0.0,20,15.202707
0.0,10,15.203056
0.0,28,15.203893
1.0,25,15.204657
0.0,9,15.204979
0.0,55,15.206561
0.0,41,15.207764
0.0,16,15.208285
0.0,34,15.209295
0.0,27,15.210113
1.0,18,15.21067
0.0,55,15.212261
0.0,11,15.212628
0.0,30,15.213526
0.0,17,15.214067
0.0,27,15.214871
1.0,38,15.215998
0.0,59,15.217688
0.0,36,15.218763
0.0,15,15.21925
1.0,39,15.220392
0.0,11,15.220759
1.0,27,15.221571
0.0,18,15.222142
0.0,25,15.222888
0.0,14,15.223344
0.0,46,15.224675
0.0,17,15.225218
0.0,64,15.227059
0.0,58,15.228727
0.0,46,15.230069
0.0,13,15.230492
0.0,6,15.230721
0.0,15,15.231207
0.0,68,15.233154
0.0,11,15.233522
0.0,35,15.234555
0.0,26,15.235343
0.0,26,15.236131
0.0,72,15.238201
0.0,41,15.239402
0.0,8,15.239687
0.0,37,15.240773
0.0,19,15.24137
0.0,18,15.241929
0.0,57,15.243562
0.0,77,15.245755
0.0,40,15.246925
1.0,11,15.247299
0.0,12,15.247692
0.0,35,15.248727
0.0,37,15.249819
0.0,8,15.250115
0.0,13,15.250537
0.0,19,15.251131
0.0,65,15.252999
0.0,98,15.255769
0.0,25,15.256531
1.0,74,15.258651
0.0,67,15.260573
0.0,82,15.262901
0.0,28,15.263744
1.0,6,15.263984
0.0,16,15.264486
0.0,4,15.264658
1.0,41,15.265854
0.0,7,15.266124
0.0,28,15.266968
0.0,20,15.267581
0.0,36,15.26865
0.0,37,15.269739
0.0,40,15.270909
1.0,18,15.271475
1.0,23,15.272183
0.0,37,15.273277
0.0,10,15.273616
0.0,67,15.275533
0.0,84,15.277935
1.0,25,15.278698
0.0,8,15.278992
0.0,12,15.279446
0.0,40,15.280616
0.0,10,15.280966
0.0,23,15.281663
0.0,26,15.28245
0.0,29,15.283318
0.0,39,15.284461
0.0,31,15.285385
0.0,64,15.287217
0.0,20,15.287832
0.0,40,15.289019
0.0,5,15.289222
0.0,74,15.291336
0.0,60,15.293065
0.0,34,15.294074
0.0,42,15.2953
0.0,52,15.296794
1.0,39,15.297935
0.0,35,15.298981
0.0,6,15.299212
0.0,6,15.299441
0.0,56,15.30106
0.0,17,15.301593
0.0,12,15.301998
0.0,47,15.303363
0.0,12,15.303759
0.0,12,15.304162
0.0,12,15.304557
1.0,50,15.306009
1.0,15,15.306485
1.0,8,15.30677
0.0,24,15.307504
0.0,11,15.307872
0.0,20,15.308501
0.0,51,15.30998
0.0,38,15.311102
0.0,14,15.311551
0.0,33,15.31253
0.0,16,15.313042
0.0,15,15.313519
0.0,23,15.314224
0.0,27,15.315043
0.0,50,15.316486
0.0,9,15.316797
0.0,73,15.318891
1.0,38,15.320022
0.0,57,15.321663
0.0,5,15.321866
0.0,10,15.322216
0.0,12,15.322611
0.0,8,15.322894
0.0,43,15.324158
0.0,37,15.325248
0.0,49,15.326666
0.0,24,15.3274
0.0,100,15.330325
0.0,5,15.330529
0.0,92,15.333152
0.0,31,15.33408
0.0,34,15.335091
0.0,45,15.336398
0.0,24,15.337132
1.0,58,15.338797
0.0,30,15.339695
0.0,44,15.340981
0.0,24,15.341701
0.0,38,15.342816
1.0,26,15.343605
0.0,17,15.344148
0.0,8,15.344433
1.0,7,15.344689
0.0,12,15.345093
1.0,58,15.346756
0.0,9,15.347081
0.0,12,15.347475
0.0,8,15.347759
0.0,8,15.348061
0.0,39,15.349205
0.0,100,15.352043
0.0,12,15.352438
0.0,20,15.35306
0.0,40,15.354232
0.0,10,15.354571
0.0,56,15.356186
0.0,34,15.357195
1.0,13,15.357619
0.0,54,15.359188
1.0,84,15.361572
0.0,14,15.362034
0.0,45,15.363342
1.0,23,15.364047
0.0,19,15.364633
0.0,11,15.36501
0.0,19,15.365595
1.0,12,15.365999
0.0,7,15.366257
0.0,28,15.367096
1.0,16,15.367599
0.0,29,15.368477
0.0,51,15.369962
1.0,12,15.370359
0.0,25,15.371118
0.0,57,15.37275
0.0,52,15.374263
0.0,78,15.376487
0.0,34,15.377496
0.0,37,15.378589
0.0,20,15.379217
1.0,8,15.379502
0.0,25,15.380264
0.0,33,15.381241
0.0,32,15.382198
0.0,15,15.382674
0.0,12,15.383135
0.0,23,15.383828
0.0,14,15.384286
0.0,32,15.385234
1.0,10,15.385572
0.0,99,15.388365
0.0,46,15.389694
0.0,26,15.390476
0.0,16,15.390991
0.0,28,15.39182
0.0,32,15.392772
0.0,30,15.393666
0.0,5,15.393868
0.0,19,15.394506
0.0,37,15.395596
0.0,28,15.396438
0.0,41,15.397633
0.0,67,15.399551
0.0,17,15.400093
0.0,15,15.400567
0.0,30,15.401464
1.0,32,15.402415
0.0,24,15.403145
0.0,9,15.403456
0.0,6,15.403684
0.0,10,15.404032
0.0,67,15.405944
0.0,27,15.406756
1.0,15,15.40724
0.0,20,15.407851
0.0,10,15.408204
0.0,29,15.409074
0.0,53,15.410598
0.0,14,15.411057
0.0,47,15.412418
0.0,14,15.412867
0.0,50,15.41432
0.0,9,15.414632
0.0,21,15.415281
0.0,50,15.416721
0.0,13,15.417152
0.0,26,15.41793
0.0,17,15.418473
1.0,39,15.419619
0.0,9,15.419932
0.0,40,15.421108
0.0,77,15.423304
0.0,16,15.423809
0.0,100,15.42666
0.0,23,15.427366
0.0,37,15.428462
0.0,61,15.430219
0.0,31,15.431146
1.0,41,15.432344
0.0,17,15.432878
0.0,59,15.43458
0.0,33,15.435559
0.0,66,15.437451
0.0,53,15.439
0.0,24,15.439722
0.0,16,15.440235
0.0,100,15.443081
0.0,26,15.443858
0.0,100,15.4467
0.0,22,15.44738
0.0,41,15.448584
0.0,15,15.449071
1.0,36,15.450136
0.0,93,15.452775
0.0,41,15.453991
0.0,9,15.454304
0.0,36,15.45537
0.0,17,15.455903
0.0,18,15.456472
0.0,33,15.457453
0.0,28,15.458306
0.0,19,15.458895
0.0,12,15.459297
0.0,14,15.459743
0.0,10,15.460093
1.0,17,15.460623
0.0,23,15.461328
0.0,21,15.461978
0.0,30,15.462863
0.0,28,15.463708
0.0,22,15.46439
0.0,16,15.464894
0.0,43,15.466155
0.0,7,15.466413
0.0,4,15.466587
0.0,24,15.467321
0.0,21,15.467975
1.0,10,15.468314
0.0,8,15.468597
0.0,5,15.468796
1.0,26,15.469586
0.0,13,15.470019
0.0,6,15.470249
0.0,31,15.471172
0.0,15,15.471649
0.0,19,15.472247
0.0,11,15.472615
0.0,36,15.473679
0.0,60,15.475409
0.0,19,15.476007
0.0,35,15.477043
0.0,39,15.478195
0.0,12,15.478592
0.0,23,15.479298
0.0,22,15.479979
0.0,14,15.480429
0.0,22,15.48111
0.0,15,15.481589
0.0,10,15.481928
0.0,26,15.482711
0.0,22,15.483451
0.0,34,15.484459
0.0,27,15.485276
0.0,98,15.488063
0.0,49,15.489482
0.0,35,15.490518
0.0,23,15.491225
0.0,60,15.492951
0.0,36,15.494024
0.0,38,15.495146
0.0,13,15.495569
0.0,29,15.49644
1.0,83,15.498803
0.0,30,15.499705
1.0,39,15.500854
0.0,59,15.502561
1.0,22,15.503243
0.0,59,15.504932
0.0,19,15.505528
0.0,28,15.506373
0.0,43,15.507629
0.0,15,15.508124
0.0,35,15.509157
0.0,28,15.510001
0.0,45,15.511316
0.0,22,15.511994
0.0,71,15.514024
1.0,22,15.514693
0.0,12,15.515098
0.0,13,15.515521
0.0,15,15.516004
0.0,9,15.516315
0.0,17,15.516846
0.0,63,15.518666
0.0,72,15.520738
0.0,38,15.521859
0.0,93,15.524513
1.0,16,15.52503
0.0,4,15.525207
0.0,48,15.5266
0.0,6,15.526831
0.0,6,15.527071
0.0,52,15.52858
0.0,17,15.529127
0.0,19,15.529715
0.0,10,15.530064
0.0,49,15.531487
0.0,27,15.532305
0.0,31,15.533233
0.0,17,15.533765
0.0,15,15.534253
0.0,5,15.534456
0.0,100,15.5373
0.0,11,15.537672
0.0,100,15.540529
0.0,100,15.54338
0.0,45,15.544691
0.0,8,15.544987
0.0,10,15.545328
0.0,16,15.545831
0.0,16,15.546346
0.0,4,15.546522
0.0,16,15.547037
0.0,15,15.547515
0.0,7,15.547771
0.0,6,15.548015
0.0,44,15.549301
0.0,17,15.549834
0.0,15,15.55032
0.0,39,15.551465
0.0,39,15.55261
0.0,35,15.553644
0.0,36,15.554706
0.0,14,15.555168
0.0,17,15.5557
0.0,43,15.556952
1.0,52,15.558462
0.0,73,15.560552
1.0,38,15.561668
0.0,38,15.562789
0.0,22,15.563468
0.0,45,15.56478
0.0,41,15.565983
0.0,18,15.566541
0.0,17,15.567081
0.0,34,15.568097
0.0,8,15.568382
0.0,26,15.569172
0.0,25,15.569922
0.0,44,15.571206
0.0,6,15.571436
0.0,40,15.572606
0.0,30,15.573504
0.0,7,15.573765
0.0,17,15.574306
0.0,12,15.574701
1.0,31,15.57563
0.0,8,15.575916
0.0,78,15.578153
0.0,36,15.579221
0.0,11,15.579588
1.0,14,15.580045
1.0,11,15.580412
0.0,40,15.581583
0.0,11,15.58195
0.0,29,15.582815
1.0,29,15.583683
0.0,32,15.584638
0.0,6,15.584868
0.0,22,15.585545
0.0,37,15.586634
0.0,16,15.587149
1.0,24,15.587873
0.0,7,15.588197
0.0,21,15.588837
0.0,27,15.58965
0.0,9,15.58997
1.0,95,15.592648
0.0,100,15.595476
0.0,24,15.596208
1.0,13,15.596628
0.0,100,15.599468
0.0,86,15.601906
0.0,78,15.604137
1.0,13,15.604557
0.0,22,15.605232
0.0,10,15.60557
0.0,11,15.605933
1.0,13,15.606376
0.0,8,15.60666
0.0,45,15.607987
0.0,5,15.60819
0.0,17,15.608719
0.0,27,15.609531
0.0,12,15.609928
0.0,30,15.610819
0.0,55,15.612415
1.0,84,15.6148
0.0,29,15.615669
0.0,50,15.617129
0.0,45,15.61845
0.0,18,15.619019
0.0,82,15.621344
0.0,27,15.622159
0.0,9,15.62247
1.0,55,15.624062
0.0,35,15.625089
0.0,7,15.625346
0.0,23,15.626051
0.0,10,15.626391
1.0,12,15.626783
0.0,36,15.627843
0.0,4,15.628032
1.0,7,15.628289
0.0,36,15.629348
0.0,42,15.63058
0.0,87,15.633052
0.0,13,15.633474
0.0,34,15.634477
1.0,26,15.635269
0.0,97,15.638039
0.0,8,15.638326
0.0,24,15.639061
1.0,21,15.639702
1.0,18,15.640271
0.0,51,15.64174
0.0,8,15.642034
0.0,72,15.644088
0.0,67,15.646004
0.0,13,15.646425
0.0,8,15.646707
0.0,15,15.647193
0.0,11,15.64756
0.0,44,15.64884
0.0,20,15.649464
1.0,29,15.650334
0.0,39,15.651478
1.0,98,15.654262
0.0,48,15.655653
0.0,22,15.656332
0.0,28,15.657175
0.0,35,15.658219
0.0,10,15.658557
0.0,17,15.659099
0.0,27,15.659905
0.0,66,15.661788
0.0,27,15.662606
0.0,21,15.663256
0.0,100,15.666093
0.0,79,15.668356
0.0,20,15.66898
0.0,41,15.670176
0.0,39,15.671317
0.0,19,15.671905
0.0,40,15.673088
0.0,13,15.673511
0.0,19,15.674107
0.0,60,15.675833
0.0,11,15.67621
0.0,20,15.676822
1.0,32,15.677776
0.0,60,15.679517
0.0,33,15.680503
0.0,12,15.680896
0.0,5,15.681107
1.0,36,15.682172
0.0,15,15.682648
0.0,12,15.683052
0.0,17,15.683582
0.0,30,15.684479
1.0,20,15.685104
0.0,6,15.685333
0.0,81,15.687638
0.0,84,15.690054
0.0,21,15.690698
0.0,21,15.691351
0.0,32,15.692309
0.0,17,15.692842
0.0,66,15.694732
0.0,6,15.694972
0.0,18,15.695529
0.0,96,15.698254
0.0,22,15.698921
0.0,11,15.699296
0.0,22,15.699978
0.0,8,15.700322
0.0,23,15.70103
0.0,44,15.702307
0.0,79,15.70456
0.0,31,15.705492
0.0,12,15.705888
0.0,5,15.7061
0.0,9,15.706413
0.0,24,15.707147
0.0,12,15.707543
0.0,55,15.709142
0.0,38,15.710257
1.0,29,15.711129
1.0,19,15.711715
0.0,8,15.71201
0.0,57,15.713647
0.0,25,15.714408
0.0,22,15.715086
0.0,8,15.715371
0.0,24,15.716105
0.0,8,15.716391
0.0,40,15.717557
0.0,28,15.718407
0.0,33,15.719387
1.0,22,15.720066
0.0,21,15.720707
0.0,28,15.721546
0.0,63,15.723353
0.0,100,15.726192
0.0,7,15.72645
0.0,12,15.726843
1.0,47,15.728229
0.0,78,15.730451
0.0,33,15.731429
0.0,72,15.733477
0.0,22,15.734155
0.0,41,15.735349
0.0,26,15.736138
0.0,36,15.737201
0.0,87,15.739676
0.0,25,15.740439
0.0,39,15.741582
0.0,8,15.741867
1.0,11,15.742244
0.0,79,15.744492
0.0,85,15.746905
1.0,29,15.747776
0.0,22,15.748463
0.0,74,15.75058
0.0,52,15.75209
0.0,15,15.752565
0.0,13,15.752995
0.0,15,15.753472
0.0,44,15.754751
0.0,4,15.754926
0.0,18,15.755491
0.0,10,15.75583
0.0,23,15.756534
0.0,8,15.756818
0.0,8,15.757111
0.0,52,15.758612
1.0,10,15.758951
0.0,19,15.759547
0.0,5,15.759747
0.0,7,15.760013
1.0,87,15.762475
0.0,13,15.7629
1.0,19,15.763493
0.0,60,15.765225
0.0,29,15.766097
0.0,7,15.766355
0.0,41,15.76756
0.0,11,15.767927
0.0,23,15.768632
0.0,6,15.768863
0.0,10,15.769214
0.0,39,15.77036
1.0,77,15.77256
0.0,27,15.773379
0.0,24,15.774115
1.0,25,15.774868
0.0,50,15.776322
0.0,58,15.777998
0.0,4,15.778174
0.0,36,15.779238
0.0,10,15.779579
0.0,15,15.780063
0.0,17,15.780592
0.0,20,15.781216
0.0,16,15.781719
0.0,11,15.782094
1.0,20,15.782706
0.0,18,15.783274
1.0,22,15.783942
0.0,60,15.785674
0.0,49,15.787101
1.0,28,15.787934
0.0,27,15.788755
0.0,100,15.791598
0.0,8,15.791885
0.0,19,15.79248
0.0,13,15.792903
0.0,8,15.793196
0.0,100,15.796028
0.0,28,15.796865
0.0,57,15.79852
0.0,10,15.79886
0.0,24,15.799593
0.0,56,15.801215
0.0,38,15.80239
0.0,27,15.803205
0.0,7,15.803463
0.0,13,15.803883
0.0,55,15.805471
0.0,16,15.805986
0.0,20,15.806597
0.0,19,15.807193
0.0,68,15.809144
0.0,38,15.810262
0.0,87,15.812725
0.0,40,15.813893
0.0,12,15.814295
0.0,34,15.815298
0.0,38,15.816411
0.0,23,15.817115
0.0,12,15.817506
1.0,17,15.81805
0.0,48,15.819432
1.0,86,15.821864
1.0,63,15.824367
0.0,5,15.824638
1.0,19,15.825408
0.0,22,15.826107
0.0,6,15.826344
0.0,16,15.82687
0.0,56,15.828523
0.0,23,15.829297
0.0,36,15.830385
0.0,79,15.832698
0.0,7,15.833051
0.0,18,15.833612
0.0,28,15.834471
0.0,9,15.834797
0.0,15,15.835289
0.0,16,15.835793
0.0,20,15.836429
1.0,82,15.838799
0.0,80,15.841178
0.0,11,15.841615
0.0,9,15.841929
0.0,13,15.84236
0.0,10,15.842701
0.0,12,15.843114
1.0,15,15.843594
0.0,20,15.844225
0.0,17,15.844761
0.0,25,15.845532
0.0,20,15.846176
0.0,25,15.84693
0.0,13,15.847369
0.0,69,15.84938
0.0,21,15.850107
0.0,79,15.85239
0.0,40,15.85364
0.0,19,15.854276
0.0,56,15.8559
0.0,53,15.857481
0.0,23,15.85822
0.0,20,15.858837
0.0,14,15.859296
0.0,9,15.859608
0.0,22,15.860287
0.0,27,15.861109
0.0,13,15.861531
0.0,14,15.86199
0.0,28,15.862825
0.0,23,15.863532
0.0,70,15.865543
0.0,14,15.866002
0.0,15,15.866478
0.0,36,15.867537
0.0,5,15.867739
0.0,10,15.868093
0.0,37,15.869179
0.0,38,15.870296
0.0,75,15.872437
0.0,36,15.873503
0.0,18,15.874073
0.0,43,15.875324
0.0,12,15.875719
0.0,12,15.876122
0.0,16,15.876625
0.0,12,15.877027
1.0,37,15.878122
0.0,29,15.878991
0.0,6,15.879219
0.0,37,15.880309
0.0,14,15.880757
0.0,15,15.881243
0.0,62,15.883029
0.0,16,15.883532
0.0,13,15.883951
0.0,7,15.884215
1.0,14,15.884663
0.0,6,15.884891
0.0,14,15.885351
0.0,14,15.885801
0.0,44,15.887091
0.0,95,15.889795
0.0,52,15.891308
0.0,44,15.892596
0.0,29,15.893465
1.0,34,15.894472
0.0,43,15.895722
1.0,10,15.896072
0.0,48,15.897461
0.0,18,15.898034
0.0,7,15.898293
0.0,6,15.898521
0.0,10,15.89886
0.0,9,15.899179
0.0,27,15.899995
0.0,17,15.900528
0.0,98,15.903307
0.0,74,15.905551
0.0,5,15.905757
0.0,17,15.906301
0.0,61,15.908064
0.0,19,15.908652
1.0,34,15.909664
0.0,20,15.910291
0.0,18,15.910852
0.0,20,15.911477
0.0,50,15.912932
0.0,23,15.913636
0.0,13,15.914067
1.0,15,15.914545
0.0,25,15.915307
0.0,100,15.918158
0.0,52,15.919666
0.0,23,15.920374
0.0,27,15.92119
0.0,49,15.922611
0.0,25,15.923371
0.0,41,15.924573
0.0,30,15.925472
0.0,19,15.92607
0.0,67,15.927997
0.0,12,15.928393
0.0,11,15.928758
1.0,25,15.929518
0.0,22,15.930199
0.0,9,15.930512
0.0,42,15.931735
0.0,51,15.933215
0.0,41,15.934417
0.0,14,15.934867
0.0,6,15.935105
0.0,19,15.935689
0.0,22,15.936366
1.0,34,15.937371
0.0,15,15.937849
0.0,19,15.938449
0.0,6,15.938679
0.0,23,15.939384
0.0,76,15.941549
0.0,28,15.942393
1.0,7,15.942651
0.0,13,15.943082
0.0,16,15.943588
0.0,42,15.94481
0.0,12,15.945217
0.0,21,15.945858
0.0,29,15.946732
1.0,11,15.947112
1.0,34,15.948123
0.0,26,15.9489
0.0,18,15.949466
0.0,7,15.949724
0.0,15,15.950209
0.0,60,15.951919
1.0,55,15.95351
0.0,25,15.954274
0.0,41,15.955472
0.0,84,15.957856
0.0,65,15.959735
0.0,19,15.960334
0.0,12,15.960728
1.0,25,15.961488
0.0,6,15.961718
0.0,19,15.962314
0.0,15,15.962788
0.0,13,15.96322
0.0,24,15.963943
0.0,8,15.964237
0.0,24,15.964969
1.0,6,15.965199
0.0,28,15.966039
1.0,24,15.96676
0.0,99,15.969573
0.0,26,15.970364
1.0,10,15.970704
0.0,6,15.970932
0.0,55,15.972521
0.0,10,15.972862
0.0,29,15.973728
0.0,20,15.974354
0.0,23,15.975065
0.0,25,15.975814
0.0,29,15.976685
0.0,29,15.977556
0.0,52,15.979074
0.0,27,15.979879
0.0,18,15.980447
0.0,25,15.98121
0.0,30,15.982109
0.0,69,15.98409
0.0,21,15.984732
0.0,14,15.98519
0.0,55,15.986776
0.0,71,15.988816
0.0,6,15.989057
0.0,39,15.990201
0.0,31,15.991129
0.0,22,15.991798
0.0,28,15.992639
0.0,58,15.994317
0.0,49,15.995732
0.0,20,15.996359
0.0,53,15.997885
0.0,32,15.998844
0.0,13,15.999278
0.0,45,16.000592
0.0,15,16.001078
0.0,20,16.001693
0.0,7,16.001949
0.0,67,16.003869
0.0,24,16.004665
0.0,20,16.005292
0.0,14,16.005739
0.0,15,16.006224
0.0,38,16.007338
0.0,81,16.009649
0.0,10,16.009997
0.0,43,16.011243
0.0,55,16.012818
0.0,21,16.013467
0.0,16,16.013979
1.0,22,16.014645
0.0,85,16.017067
0.0,51,16.018543
0.0,20,16.019168
1.0,30,16.020072
0.0,74,16.022172
0.0,100,16.025007
0.0,47,16.026369
0.0,17,16.026899
0.0,10,16.027248
0.0,18,16.027806
0.0,57,16.029449
0.0,55,16.031034
0.0,62,16.0328
0.0,13,16.033232
0.0,41,16.034423
0.0,17,16.034985
0.0,21,16.035626
0.0,36,16.036687
0.0,26,16.037475
0.0,72,16.03954
0.0,38,16.040656
0.0,5,16.040858
0.0,27,16.041673
0.0,31,16.042599
0.0,35,16.043633
0.0,9,16.043945
0.0,49,16.045367
1.0,34,16.046371
0.0,25,16.047129
0.0,4,16.047303
0.0,79,16.04956
0.0,49,16.050989
0.0,15,16.051465
0.0,19,16.052058
0.0,9,16.052368
0.0,17,16.052897
0.0,13,16.053328
0.0,21,16.053977
0.0,9,16.054289
0.0,18,16.054847
0.0,22,16.055524
1.0,23,16.056231
0.0,100,16.059076
0.0,16,16.05958
0.0,30,16.060473
0.0,10,16.060813
0.0,65,16.062669
0.0,13,16.063103
0.0,100,16.06593
0.0,40,16.067108
1.0,86,16.069556
1.0,27,16.070372
0.0,45,16.071679
0.0,52,16.07319
0.0,42,16.074412
1.0,7,16.074668
0.0,22,16.075345
0.0,98,16.078136
0.0,12,16.078531
1.0,74,16.080653
0.0,100,16.08349
1.0,23,16.084197
0.0,9,16.084509
0.0,9,16.084818
0.0,49,16.086246
0.0,5,16.086448
0.0,12,16.086841
1.0,38,16.087968
0.0,53,16.089489
1.0,16,16.090004
0.0,34,16.09101
1.0,45,16.092313
0.0,10,16.092652
0.0,48,16.09405
0.0,5,16.094251
0.0,53,16.095773
0.0,16,16.09629
1.0,93,16.098929
0.0,8,16.099222
0.0,11,16.099588
0.0,8,16.09987
0.0,21,16.100522
0.0,8,16.100806
0.0,37,16.101894
0.0,24,16.102628
1.0,13,16.103058
1.0,36,16.104111
1.0,27,16.104915
0.0,30,16.105805
0.0,14,16.106266
0.0,5,16.106467
0.0,48,16.107855
0.0,47,16.109245
0.0,21,16.109887
0.0,97,16.112641
0.0,4,16.112817
0.0,50,16.11427
0.0,28,16.115112
0.0,40,16.116281
0.0,100,16.1192
0.0,34,16.120207
0.0,48,16.121601
0.0,17,16.122143
0.0,16,16.122645
0.0,21,16.123295
0.0,41,16.124496
0.0,60,16.12623
0.0,33,16.127213
1.0,44,16.128495
0.0,4,16.128671
0.0,8,16.128963
0.0,29,16.129824
0.0,38,16.130938
0.0,20,16.131561
0.0,52,16.133069
0.0,16,16.133572
1.0,15,16.134057
0.0,37,16.135146
0.0,47,16.136509
0.0,68,16.138456
0.0,48,16.139847
0.0,17,16.140388
0.0,16,16.140893
0.0,18,16.141459
0.0,44,16.142734
0.0,16,16.14325
0.0,51,16.144721
0.0,17,16.145264
0.0,18,16.145824
0.0,20,16.146447
0.0,25,16.147207
0.0,11,16.147573
0.0,11,16.147939
0.0,19,16.148539
0.0,39,16.14968
0.0,20,16.150306
1.0,30,16.151201
0.0,65,16.153069
0.0,11,16.153437
0.0,43,16.154689
0.0,22,16.155369
0.0,18,16.155928
0.0,15,16.15641
0.0,23,16.157115
1.0,23,16.157809
0.0,16,16.158327
0.0,33,16.159304
0.0,8,16.159589
0.0,17,16.16013
0.0,36,16.161194
0.0,69,16.163167
0.0,18,16.163727
0.0,100,16.166564
0.0,19,16.16716
0.0,15,16.167635
0.0,13,16.168072
0.0,16,16.168575
0.0,21,16.169225
0.0,10,16.169564
0.0,24,16.170299
0.0,42,16.171527
0.0,10,16.171866
0.0,58,16.173539
1.0,12,16.173936
0.0,22,16.174612
0.0,83,16.17698
0.0,28,16.177811
0.0,26,16.178603
0.0,75,16.180748
0.0,8,16.181045
0.0,15,16.18152
0.0,6,16.181748
0.0,24,16.182478
0.0,18,16.183049
1.0,20,16.183664
0.0,25,16.184422
0.0,49,16.18584
0.0,13,16.186274
0.0,14,16.186722
0.0,60,16.188453
0.0,18,16.189025
0.0,13,16.189446
0.0,26,16.190232
0.0,55,16.19181
0.0,76,16.193977
0.0,17,16.194507
0.0,62,16.196282
0.0,5,16.196485
0.0,34,16.19749
0.0,33,16.198478
0.0,57,16.200115
0.0,25,16.200865
0.0,24,16.201598
0.0,56,16.203212
0.0,49,16.204626
0.0,11,16.205004
0.0,84,16.207386
0.0,30,16.208289
0.0,10,16.208627
0.0,5,16.208827
0.0,5,16.209038
0.0,17,16.209568
0.0,28,16.21041
1.0,16,16.210911
0.0,13,16.211339
0.0,96,16.214063
0.0,10,16.214405
0.0,35,16.215435
0.0,28,16.216283
0.0,32,16.217311
1.0,12,16.217708
0.0,25,16.21847
0.0,33,16.219447
0.0,11,16.219812
0.0,34,16.220819
0.0,44,16.222106
0.0,21,16.222744
0.0,38,16.223857
0.0,62,16.225642
0.0,13,16.226074
0.0,21,16.22671
0.0,46,16.228056
0.0,71,16.230081
0.0,85,16.232494
0.0,13,16.232916
0.0,39,16.234068
0.0,31,16.234995
0.0,66,16.236878
0.0,7,16.237146
0.0,17,16.237678
1.0,40,16.238854
0.0,65,16.24072
1.0,30,16.241617
0.0,23,16.242323
0.0,45,16.243634
0.0,43,16.244885
0.0,11,16.245262
0.0,45,16.24657
0.0,31,16.247494
0.0,4,16.247668
0.0,47,16.249052
0.0,16,16.249556
0.0,49,16.250986
1.0,12,16.251381
0.0,19,16.251977
0.0,29,16.252839
0.0,30,16.253747
0.0,13,16.25418
0.0,29,16.255054
0.0,30,16.255939
0.0,19,16.256534
0.0,28,16.25738
0.0,5,16.257582
0.0,54,16.259153
0.0,51,16.26063
0.0,13,16.261064
0.0,23,16.261759
1.0,16,16.262274
0.0,9,16.262587
0.0,11,16.262963
0.0,76,16.265142
0.0,38,16.26626
0.0,44,16.267548
1.0,32,16.268514
0.0,4,16.268688
1.0,28,16.269534
0.0,30,16.270439
0.0,28,16.271287
0.0,30,16.272187
0.0,12,16.272583
0.0,9,16.272895
0.0,56,16.274516
0.0,14,16.274975
0.0,12,16.275368
0.0,11,16.275734
0.0,36,16.2768
0.0,14,16.277261
1.0,31,16.278193
0.0,39,16.279342
0.0,13,16.279765
0.0,35,16.280804
0.0,100,16.283649
0.0,27,16.284467
0.0,34,16.285478
0.0,6,16.285708
1.0,13,16.286141
0.0,5,16.286342
1.0,26,16.287129
0.0,86,16.289572
0.0,5,16.289775
0.0,87,16.292256
0.0,51,16.293723
0.0,5,16.293924
0.0,37,16.295025
0.0,7,16.295283
0.0,35,16.296316
0.0,100,16.299162
0.0,100,16.302005
0.0,43,16.303259
0.0,8,16.303544
0.0,33,16.30452
0.0,53,16.306055
1.0,17,16.306586
0.0,13,16.307018
0.0,18,16.307575
0.0,13,16.308009
0.0,6,16.308239
0.0,43,16.30949
0.0,40,16.310663
0.0,26,16.311451
0.0,23,16.312156
0.0,37,16.313241
1.0,16,16.313745
1.0,11,16.31412
0.0,30,16.315013
0.0,99,16.317799
0.0,31,16.31873
0.0,10,16.319138
0.0,15,16.319616
0.0,42,16.320844
0.0,100,16.323691
0.0,26,16.324483
1.0,28,16.325331
0.0,75,16.327475
0.0,40,16.328657
0.0,12,16.329063
0.0,55,16.330645
0.0,17,16.331191
0.0,23,16.331886
0.0,33,16.332868
0.0,100,16.335713
0.0,100,16.338557
0.0,25,16.339323
0.0,13,16.339744
0.0,100,16.342591
0.0,10,16.342934
0.0,15,16.343418
1.0,28,16.344262
0.0,16,16.344768
0.0,7,16.345035
0.0,27,16.34584
0.0,37,16.34693
0.0,21,16.347578
0.0,23,16.348291
0.0,28,16.349138
1.0,18,16.349699
0.0,18,16.350266
0.0,8,16.350551
0.0,19,16.351148
0.0,51,16.352625
0.0,21,16.353278
0.0,9,16.353592
1.0,39,16.354734
0.0,4,16.35491
0.0,19,16.355503
0.0,36,16.356566
0.0,17,16.357108
0.0,35,16.358149
0.0,10,16.358489
0.0,29,16.359357
0.0,18,16.359916
0.0,9,16.360238
0.0,88,16.362734
0.0,34,16.363745
0.0,31,16.364672
0.0,35,16.365705
0.0,10,16.366057
0.0,71,16.368099
0.0,6,16.368331
0.0,35,16.369366
0.0,6,16.369596
0.0,85,16.372023
0.0,7,16.372283
0.0,18,16.372841
0.0,17,16.373382
0.0,5,16.373585
0.0,88,16.376088
0.0,19,16.376676
0.0,39,16.377818
0.0,18,16.378396
0.0,36,16.379457
0.0,100,16.382289
0.0,22,16.382967
0.0,60,16.384682
0.0,11,16.385061
1.0,27,16.385866
0.0,57,16.387516
0.0,27,16.388338
1.0,14,16.388787
0.0,25,16.389546
0.0,15,16.390035
0.0,7,16.390293
0.0,47,16.391654
1.0,26,16.392437
0.0,33,16.39342
0.0,16,16.393923
0.0,17,16.394461
0.0,72,16.39652
0.0,98,16.399306
0.0,100,16.402152
0.0,15,16.40263
1.0,15,16.403118
1.0,46,16.404449
0.0,7,16.404707
0.0,32,16.405661
0.0,8,16.405947
0.0,21,16.406599
0.0,68,16.408551
0.0,20,16.409177
1.0,7,16.409435
0.0,51,16.410913
1.0,14,16.411373
0.0,16,16.411878
0.0,17,16.412419
0.0,29,16.413294
0.0,12,16.413689
0.0,100,16.416527
0.0,9,16.416842
0.0,49,16.41828
0.0,16,16.418787
0.0,17,16.419328
1.0,39,16.420475
0.0,27,16.421293
0.0,9,16.421606
0.0,29,16.422476
0.0,44,16.423812
0.0,21,16.424464
1.0,37,16.42555
0.0,11,16.425917
0.0,76,16.428102
1.0,10,16.428442
0.0,96,16.431177
0.0,8,16.431463
0.0,46,16.432801
0.0,33,16.433777
0.0,20,16.4344
0.0,28,16.435241
1.0,57,16.436878
1.0,21,16.437527
0.0,5,16.437729
0.0,33,16.43871
0.0,12,16.439116
0.0,100,16.44194
0.0,47,16.443307
0.0,29,16.444177
0.0,36,16.445241
1.0,41,16.446438
0.0,13,16.446861
0.0,36,16.447921
0.0,42,16.449153
0.0,51,16.450625
0.0,31,16.45155
0.0,21,16.452199
1.0,18,16.452759
0.0,24,16.45349
0.0,20,16.454113
0.0,16,16.454615
0.0,11,16.454991
0.0,10,16.455329
0.0,7,16.455582
1.0,30,16.456477
0.0,30,16.457376
0.0,6,16.457606
0.0,21,16.458261
0.0,12,16.458655
0.0,95,16.461354
0.0,26,16.462144
1.0,19,16.462733
0.0,23,16.463436
0.0,78,16.46565
1.0,11,16.466029
0.0,34,16.467038
0.0,30,16.467925
0.0,39,16.469081
0.0,10,16.469421
0.0,23,16.470124
0.0,13,16.470551
0.0,39,16.471692
0.0,10,16.472044
0.0,6,16.472273
0.0,58,16.473933
0.0,20,16.474552
0.0,8,16.474835
0.0,11,16.47521
0.0,52,16.476707
0.0,20,16.477332
0.0,43,16.478591
0.0,14,16.47905
0.0,11,16.479416
0.0,24,16.480148
0.0,14,16.480596
0.0,11,16.480972
0.0,18,16.481529
0.0,65,16.483396
0.0,23,16.484099
0.0,11,16.484469
0.0,10,16.484807
0.0,29,16.485676
0.0,24,16.486409
0.0,13,16.486832
0.0,39,16.487986
0.0,34,16.488995
0.0,11,16.489361
0.0,12,16.489754
0.0,23,16.490458
0.0,100,16.493297
0.0,4,16.493472
1.0,56,16.49509
0.0,26,16.49587
0.0,22,16.496549
0.0,44,16.497829
0.0,8,16.49813
1.0,13,16.498551
0.0,6,16.498778
0.0,43,16.500042
0.0,10,16.500381
0.0,29,16.50125
0.0,8,16.501534
0.0,5,16.501733
0.0,30,16.502627
0.0,6,16.502857
0.0,79,16.505113
0.0,6,16.505343
0.0,10,16.505681
0.0,77,16.50787
0.0,74,16.509997
0.0,27,16.5108
0.0,17,16.51134
0.0,25,16.512097
0.0,52,16.513594
0.0,14,16.514053
0.0,100,16.516884
0.0,45,16.518214
0.0,26,16.519002
0.0,16,16.519505
0.0,25,16.520266
1.0,15,16.520742
0.0,100,16.523564
0.0,39,16.524768
0.0,35,16.525805
1.0,14,16.526267
0.0,29,16.527136
0.0,5,16.527339
1.0,22,16.528022
0.0,25,16.528773
0.0,30,16.529667
0.0,18,16.530237
0.0,29,16.531107
0.0,16,16.531611
0.0,16,16.532124
0.0,30,16.533022
0.0,47,16.534381
1.0,13,16.534803
0.0,100,16.53764
0.0,9,16.537966
0.0,71,16.539992
0.0,10,16.540334
0.0,26,16.541122
0.0,42,16.54235
0.0,66,16.544245
1.0,30,16.545144
0.0,7,16.545403
0.0,21,16.546053
1.0,14,16.546504
0.0,32,16.547459
0.0,46,16.548803
0.0,81,16.551127
0.0,25,16.551879
0.0,10,16.552228
0.0,29,16.553098
0.0,17,16.553628
0.0,72,16.555687
0.0,17,16.556231
0.0,36,16.557291
0.0,22,16.557974
0.0,11,16.558341
0.0,40,16.559511
1.0,60,16.56125
0.0,64,16.563097
0.0,39,16.564244
1.0,29,16.565117
0.0,21,16.565761
0.0,12,16.566165
0.0,41,16.567366
0.0,13,16.56779
0.0,16,16.568308
0.0,16,16.568812
0.0,32,16.569763
0.0,22,16.570443
0.0,16,16.570946
0.0,7,16.571212
0.0,13,16.571633
1.0,35,16.572664
0.0,85,16.5751
0.0,7,16.575358
0.0,64,16.577196
0.0,27,16.578021
0.0,100,16.580857
0.0,93,16.583515
0.0,14,16.583976
0.0,14,16.584426
0.0,38,16.585547
1.0,13,16.585982
0.0,7,16.58624
0.0,5,16.586441
0.0,22,16.587121
0.0,100,16.589967
0.0,25,16.590718
0.0,13,16.591149
0.0,7,16.591405
0.0,12,16.591797
0.0,21,16.592444
0.0,12,16.592838
1.0,19,16.593432
0.0,18,16.594002
0.0,14,16.594451
0.0,23,16.595154
0.0,8,16.595438
1.0,16,16.59594
0.0,23,16.596644
0.0,65,16.598508
0.0,30,16.599407
1.0,40,16.600576
0.0,7,16.600834
0.0,96,16.603555
0.0,6,16.603788
0.0,19,16.604382
0.0,12,16.604777
0.0,43,16.606035
0.0,17,16.606567
0.0,5,16.606768
0.0,11,16.607143
1.0,9,16.607456
0.0,9,16.607767
0.0,13,16.608206
0.0,89,16.610733
0.0,26,16.611521
0.0,11,16.611889
1.0,72,16.613945
0.0,37,16.615044
0.0,34,16.616048
0.0,9,16.61636
0.0,100,16.619208
1.0,24,16.619933
0.0,13,16.620363
0.0,27,16.621177
0.0,11,16.621545
0.0,8,16.621828
0.0,100,16.624671
0.0,26,16.625531
0.0,18,16.626103
0.0,6,16.626332
0.0,15,16.626807
0.0,56,16.628427
0.0,42,16.629656
0.0,27,16.630472
0.0,31,16.631395
0.0,8,16.631677
0.0,28,16.632519
0.0,6,16.632747
0.0,51,16.634225
0.0,23,16.634917
0.0,40,16.636095
0.0,8,16.636381
1.0,11,16.636746
1.0,36,16.637803
1.0,37,16.638896
0.0,14,16.639354
0.0,12,16.639747
0.0,4,16.63992
0.0,18,16.640486
0.0,18,16.641054
0.0,28,16.641885
0.0,49,16.643308
0.0,13,16.64373
0.0,35,16.644762
0.0,31,16.645683
1.0,19,16.646279
0.0,87,16.648758
0.0,22,16.649439
0.0,23,16.650146
0.0,4,16.65032
0.0,24,16.651052
0.0,20,16.651666
0.0,48,16.653066
0.0,57,16.6547
0.0,33,16.655678
0.0,32,16.656629
0.0,14,16.657087
0.0,61,16.658839
0.0,10,16.65919
0.0,16,16.659693
0.0,12,16.660098
0.0,94,16.662755
0.0,13,16.663189
0.0,11,16.663555
0.0,10,16.663893
1.0,18,16.664461
0.0,48,16.665848
0.0,16,16.666362
0.0,48,16.667752
0.0,36,16.668824
0.0,29,16.669696
0.0,27,16.670513
1.0,45,16.671819
1.0,10,16.672169
0.0,17,16.672711
1.0,27,16.673526
0.0,14,16.673985
0.0,13,16.674404
1.0,29,16.675271
0.0,35,16.676306
1.0,32,16.677264
0.0,20,16.677878
0.0,8,16.678178
0.0,9,16.678491
0.0,9,16.6788
0.0,85,16.681235
0.0,26,16.682027
0.0,17,16.682558
1.0,25,16.683321
0.0,19,16.683908
0.0,38,16.68503
1.0,78,16.687257
0.0,16,16.687761
0.0,24,16.688501
0.0,11,16.688869
0.0,26,16.689659
0.0,6,16.689888
0.0,74,16.692018
0.0,8,16.692304
0.0,16,16.692806
0.0,78,16.695043
1.0,36,16.696105
0.0,14,16.696554
1.0,26,16.697342
0.0,15,16.697818
1.0,83,16.700195
0.0,17,16.700727
1.0,16,16.701243
0.0,24,16.701976
0.0,55,16.703561
0.0,74,16.705683
0.0,37,16.706772
0.0,30,16.707673
0.0,97,16.710443
0.0,13,16.710865
0.0,29,16.711734
0.0,30,16.712633
0.0,21,16.713281
0.0,49,16.714695
0.0,4,16.714869
0.0,26,16.715653
0.0,13,16.716084
0.0,12,16.716478
0.0,14,16.716926
0.0,13,16.717352
0.0,100,16.720206
0.0,98,16.722976
1.0,12,16.723374
0.0,55,16.724962
0.0,33,16.726002
0.0,40,16.727175
0.0,34,16.728189
0.0,44,16.729475
1.0,24,16.730209
0.0,75,16.732358
0.0,72,16.734415
1.0,38,16.735534
0.0,9,16.735848
0.0,21,16.736502
0.0,19,16.737102
1.0,21,16.737743
0.0,25,16.738512
0.0,18,16.739082
0.0,23,16.739777
0.0,18,16.740346
0.0,15,16.740825
1.0,20,16.741448
0.0,23,16.742155
0.0,5,16.742358
0.0,26,16.743146
0.0,100,16.745985
0.0,48,16.747381
0.0,51,16.748858
0.0,23,16.74957
0.0,69,16.751545
0.0,32,16.752499
0.0,10,16.75284
1.0,75,16.754987
0.0,42,16.756215
1.0,18,16.756772
0.0,40,16.757943
0.0,24,16.758678
0.0,41,16.759876
0.0,16,16.760392
0.0,10,16.760732
0.0,28,16.761575
0.0,13,16.762009
0.0,9,16.762322
0.0,14,16.762771
0.0,23,16.763477
1.0,61,16.765237
0.0,9,16.765551
0.0,41,16.766754
0.0,26,16.767547
0.0,4,16.767722
0.0,12,16.768133
1.0,42,16.769364
0.0,29,16.770238
0.0,38,16.771357
0.0,42,16.772583
0.0,45,16.773891
0.0,17,16.774433
0.0,12,16.774828
0.0,65,16.776695
0.0,48,16.778108
0.0,7,16.778367
0.0,34,16.779373
0.0,25,16.780135
1.0,28,16.780978
0.0,14,16.781429
1.0,69,16.783404
0.0,13,16.783827
0.0,30,16.784726
0.0,43,16.785989
0.0,8,16.786274
0.0,36,16.787338
0.0,5,16.787541
0.0,7,16.787797
0.0,21,16.788454
0.0,21,16.789106
0.0,9,16.789418
0.0,10,16.789757
0.0,15,16.790244
0.0,22,16.790914
0.0,24,16.791646
0.0,24,16.792381
0.0,46,16.793718
0.0,20,16.794343
0.0,10,16.794682
0.0,30,16.795576
0.0,9,16.795887
0.0,9,16.796209
0.0,27,16.797023
1.0,20,16.797636
1.0,37,16.798733
0.0,18,16.799304
0.0,38,16.800417
0.0,46,16.801747
0.0,6,16.801986
0.0,75,16.804122
0.0,78,16.80635
1.0,17,16.806883
0.0,26,16.807667
0.0,45,16.808989
0.0,17,16.80952
0.0,46,16.810855
0.0,82,16.813199
0.0,15,16.813678
0.0,100,16.816509
1.0,18,16.817084
0.0,61,16.818841
0.0,18,16.81941
0.0,7,16.819668
0.0,47,16.82105
1.0,6,16.821281
0.0,29,16.822152
0.0,18,16.822713
0.0,10,16.823064
0.0,10,16.823404
0.0,24,16.824137
0.0,16,16.824642
0.0,6,16.824872
1.0,27,16.825688
0.0,7,16.826015
0.0,25,16.826767
0.0,25,16.827526
0.0,15,16.828017
0.0,10,16.828354
0.0,10,16.828692
0.0,55,16.830282
0.0,29,16.831152
1.0,35,16.832185
0.0,63,16.833992
0.0,41,16.835189
0.0,100,16.838024
0.0,42,16.839253
0.0,30,16.840152
0.0,12,16.840545
0.0,11,16.840909
1.0,12,16.84131
0.0,39,16.842451
0.0,19,16.843045
0.0,19,16.843631
0.0,41,16.844826
0.0,13,16.845257
0.0,7,16.845514
0.0,24,16.846248
0.0,51,16.847721
1.0,17,16.84827
0.0,22,16.848937
0.0,10,16.849283
0.0,35,16.850316
0.0,18,16.850877
0.0,15,16.851361
0.0,7,16.851617
0.0,39,16.852764
0.0,20,16.853388
0.0,14,16.853836
0.0,11,16.854212
0.0,31,16.855135
0.0,32,16.85609
0.0,9,16.856402
0.0,93,16.859051
0.0,15,16.859526
0.0,13,16.859945
1.0,78,16.862176
0.0,9,16.862489
0.0,21,16.863139
0.0,15,16.863614
1.0,36,16.864673
0.0,51,16.866153
0.0,35,16.867186
0.0,19,16.867771
0.0,97,16.870524
0.0,6,16.870756
0.0,36,16.871818
0.0,51,16.873306
0.0,22,16.873983
0.0,66,16.875868
0.0,6,16.876108
0.0,50,16.877558
0.0,26,16.878354
1.0,7,16.878612
0.0,26,16.879419
0.0,80,16.881717
1.0,39,16.882863
0.0,47,16.884242
1.0,17,16.884774
0.0,17,16.885315
0.0,43,16.886573
0.0,15,16.887062
1.0,19,16.887649
0.0,40,16.888824
0.0,6,16.889065
0.0,31,16.889994
0.0,6,16.890224
1.0,16,16.890729
0.0,61,16.892489
0.0,27,16.893308
0.0,11,16.893678
0.0,44,16.894969
0.0,31,16.895884
0.0,26,16.896672
0.0,48,16.898079
1.0,62,16.899854
0.0,23,16.900563
0.0,28,16.901408
0.0,10,16.901747
0.0,24,16.902483
0.0,10,16.902824
0.0,48,16.904228
0.0,58,16.905892
0.0,21,16.906544
0.0,10,16.906885
1.0,19,16.907484
0.0,20,16.908116
0.0,18,16.908677
0.0,12,16.90908
0.0,28,16.90991
0.0,36,16.910985
0.0,42,16.91221
1.0,71,16.914247
0.0,14,16.914695
0.0,42,16.915925
0.0,33,16.916897
0.0,9,16.917219
0.0,55,16.918809
0.0,25,16.919572
0.0,9,16.919884
0.0,4,16.920067
0.0,11,16.920434
0.0,12,16.920827
0.0,13,16.92126
0.0,4,16.921434
0.0,69,16.923418
0.0,35,16.924453
0.0,9,16.924765
0.0,16,16.92528
0.0,48,16.926671
0.0,10,16.92708
0.0,11,16.927449
0.0,49,16.928874
0.0,15,16.929363
0.0,59,16.931192
0.0,49,16.932617
0.0,53,16.934166
0.0,16,16.934669
0.0,51,16.936159
1.0,68,16.938121
0.0,55,16.93971
0.0,26,16.940501
0.0,47,16.941871
0.0,13,16.942304
0.0,50,16.943749
0.0,6,16.943991
0.0,13,16.944413
0.0,24,16.945148
0.0,75,16.947294
0.0,15,16.947773
0.0,16,16.948292
0.0,66,16.950183
0.0,32,16.951138
0.0,5,16.951341
0.0,4,16.951514
0.0,7,16.95177
0.0,67,16.953691
0.0,18,16.954262
0.0,73,16.95635
0.0,32,16.957306
0.0,5,16.957509
0.0,13,16.95793
0.0,17,16.958477
0.0,30,16.959378
0.0,6,16.959608
0.0,43,16.960861
1.0,24,16.961596
0.0,12,16.962002
0.0,32,16.962941
0.0,9,16.963263
0.0,59,16.964952
0.0,6,16.965193
0.0,57,16.966831
0.0,52,16.96835
0.0,34,16.969361
1.0,42,16.970588
0.0,17,16.971131
0.0,25,16.971883
0.0,17,16.972424
0.0,17,16.972963
1.0,21,16.973607
1.0,43,16.974862
1.0,18,16.975433
0.0,23,16.976141
0.0,48,16.977535
0.0,18,16.978112
0.0,28,16.978946
0.0,18,16.979514
0.0,61,16.981275
0.0,28,16.98212
0.0,49,16.983536
0.0,71,16.985569
1.0,20,16.986195
0.0,45,16.987507
0.0,19,16.98811
0.0,18,16.988671
0.0,16,16.989185
0.0,29,16.990055
0.0,36,16.991119
1.0,31,16.992049
0.0,5,16.992253
0.0,35,16.993291
0.0,39,16.994436
0.0,12,16.99483
0.0,23,16.995534
0.0,29,16.996407
0.0,91,16.999004
1.0,66,17.00089
0.0,10,17.001242
1.0,24,17.001976
0.0,18,17.002536
0.0,30,17.003437
0.0,34,17.004446
0.0,59,17.006149
0.0,8,17.006436
1.0,44,17.007716
0.0,37,17.008817
0.0,12,17.009225
0.0,11,17.009592
0.0,11,17.009967
0.0,40,17.011139
0.0,60,17.012861
0.0,36,17.013926
0.0,40,17.015101
0.0,20,17.015717
0.0,20,17.016339
0.0,12,17.016732
1.0,7,17.016999
0.0,12,17.017393
0.0,25,17.018158
0.0,29,17.019029
0.0,10,17.019368
0.0,45,17.020683
0.0,21,17.021337
1.0,10,17.021675
1.0,22,17.022351
1.0,14,17.022803
0.0,20,17.023423
0.0,4,17.023597
0.0,23,17.024302
0.0,100,17.027159
0.0,21,17.027801
0.0,41,17.029069
0.0,28,17.029903
0.0,14,17.03036
0.0,100,17.033201
0.0,11,17.03357
0.0,28,17.03441
0.0,20,17.03503
0.0,13,17.03545
0.0,47,17.036813
0.0,100,17.039662
0.0,33,17.040642
0.0,12,17.041048
0.0,6,17.041277
0.0,8,17.041559
0.0,32,17.04251
0.0,21,17.043159
0.0,73,17.045243
0.0,37,17.046334
0.0,21,17.046985
0.0,65,17.048846
0.0,26,17.049634
0.0,43,17.05089
0.0,8,17.051185
0.0,62,17.052967
0.0,8,17.053252
0.0,36,17.054314
0.0,35,17.055352
0.0,11,17.055717
0.0,16,17.056233
0.0,9,17.056544
0.0,24,17.057278
0.0,94,17.059948
0.0,51,17.061424
0.0,38,17.062542
0.0,30,17.06344
0.0,49,17.064859
1.0,22,17.065542
0.0,9,17.065854
0.0,8,17.066151
0.0,18,17.06671
0.0,29,17.067579
0.0,39,17.06873
0.0,14,17.069192
0.0,36,17.070256
0.0,16,17.07076
0.0,22,17.071439
0.0,8,17.071724
0.0,42,17.072948
0.0,15,17.073433
0.0,12,17.073825
0.0,4,17.074009
0.0,5,17.07421
1.0,18,17.074768
0.0,57,17.076413
0.0,22,17.077092
1.0,54,17.07865
0.0,43,17.079902
0.0,13,17.080333
1.0,19,17.080918
0.0,26,17.0817
0.0,100,17.084545
0.0,41,17.085746
0.0,25,17.086507
0.0,14,17.086983
0.0,5,17.087187
0.0,7,17.087445
0.0,39,17.088592
0.0,19,17.08919
0.0,27,17.090007
0.0,9,17.09032
0.0,46,17.091655
0.0,22,17.09234
0.0,18,17.092901
1.0,17,17.093442
0.0,14,17.093891
1.0,45,17.095206
0.0,14,17.095657
0.0,68,17.097599
0.0,9,17.097913
1.0,19,17.098513
0.0,18,17.099084
0.0,35,17.100116
0.0,20,17.100732
0.0,75,17.102873
0.0,74,17.105006
0.0,7,17.105263
0.0,7,17.105519
0.0,16,17.10603
0.0,62,17.107801
0.0,12,17.108212
1.0,30,17.109112
0.0,16,17.109615
0.0,40,17.110785
0.0,5,17.110997
1.0,30,17.111883
0.0,27,17.112696
0.0,17,17.113242
1.0,48,17.114644
0.0,6,17.114875
0.0,13,17.115305
0.0,4,17.115479
0.0,28,17.116323
0.0,27,17.117139
0.0,52,17.118643
0.0,20,17.119271
0.0,26,17.120065
0.0,6,17.120296
1.0,40,17.121467
0.0,54,17.123036
0.0,67,17.124951
0.0,86,17.127404
0.0,47,17.128782
0.0,31,17.129768
0.0,58,17.131444
0.0,25,17.132206
0.0,25,17.132964
0.0,10,17.133305
0.0,6,17.133533
0.0,33,17.134515
0.0,27,17.135332
0.0,55,17.13691
0.0,5,17.137122
0.0,12,17.137516
0.0,19,17.138119
0.0,13,17.138541
1.0,29,17.13941
1.0,18,17.139981
0.0,5,17.140184
0.0,13,17.140604
1.0,43,17.141859
0.0,41,17.143073
0.0,35,17.144114
0.0,15,17.144593
0.0,78,17.146819
0.0,46,17.148177
0.0,27,17.148992
0.0,24,17.149717
0.0,46,17.151056
0.0,8,17.151341
0.0,9,17.151651
0.0,12,17.152056
0.0,14,17.152504
0.0,28,17.153348
0.0,45,17.154658
0.0,27,17.155475
0.0,87,17.157937
0.0,34,17.158948
0.0,12,17.159351
0.0,4,17.159524
0.0,12,17.159918
0.0,36,17.160982
0.0,13,17.161405
0.0,5,17.161607
0.0,14,17.162064
0.0,10,17.162404
0.0,82,17.164731
0.0,14,17.165191
0.0,16,17.165694
0.0,15,17.166178
0.0,17,17.16671
0.0,62,17.168497
0.0,9,17.168811
1.0,20,17.169434
1.0,16,17.169939
0.0,12,17.170343
0.0,30,17.171239
0.0,42,17.17247
1.0,7,17.172728
0.0,13,17.17316
0.0,27,17.17398
0.0,46,17.175319
0.0,11,17.175687
0.0,45,17.177002
0.0,18,17.177562
0.0,12,17.177969
0.0,82,17.180298
1.0,14,17.180749
0.0,10,17.1811
0.0,22,17.181768
1.0,17,17.182309
0.0,13,17.182731
0.0,56,17.18435
0.0,17,17.184883
0.0,7,17.18515
0.0,90,17.187698
0.0,28,17.18855
0.0,80,17.190827
0.0,24,17.191566
0.0,15,17.192056
0.0,9,17.192369
1.0,8,17.192653
0.0,10,17.193003
1.0,34,17.194017
1.0,18,17.194579
0.0,10,17.194918
0.0,33,17.195895
0.0,21,17.196547
0.0,8,17.196832
0.0,49,17.198264
0.0,8,17.198551
1.0,7,17.198808
1.0,48,17.200213
0.0,14,17.200665
0.0,23,17.201392
0.0,37,17.202482
0.0,34,17.203493
0.0,12,17.203889
0.0,29,17.204759
0.0,28,17.205604
0.0,100,17.208449
0.0,24,17.209188
0.0,87,17.211679
0.0,8,17.211976
0.0,14,17.212427
0.0,4,17.2126
0.0,23,17.213305
0.0,33,17.214288
0.0,16,17.214792
0.0,33,17.215775
0.0,83,17.218155
0.0,100,17.221
0.0,4,17.221176
0.0,10,17.221514
0.0,31,17.22244
0.0,10,17.222782
0.0,37,17.223872
0.0,23,17.224582
0.0,23,17.22529
0.0,11,17.225659
0.0,10,17.226008
0.0,100,17.228851
0.0,26,17.229718
0.0,6,17.229949
0.0,63,17.231764
0.0,25,17.232528
0.0,69,17.234493
0.0,4,17.234668
0.0,15,17.235151
0.0,46,17.236486
0.0,60,17.238222
1.0,19,17.238809
0.0,29,17.239682
0.0,19,17.240279
0.0,37,17.241365
0.0,12,17.241757
1.0,23,17.242464
0.0,14,17.242914
0.0,10,17.24326
0.0,15,17.243734
0.0,16,17.244247
0.0,19,17.24483
0.0,12,17.245235
0.0,31,17.246159
0.0,35,17.247192
0.0,24,17.247911
0.0,26,17.248702
1.0,48,17.250108
0.0,25,17.250857
0.0,43,17.252118
0.0,19,17.252702
0.0,15,17.253186
0.0,10,17.253525
0.0,12,17.253917
0.0,14,17.25437
0.0,71,17.256404
0.0,44,17.25769
0.0,12,17.258102
0.0,27,17.258906
0.0,11,17.25928
0.0,11,17.259647
0.0,50,17.261101
0.0,18,17.26166
0.0,26,17.262446
0.0,25,17.263207
0.0,26,17.263996
0.0,16,17.264499
0.0,41,17.265693
0.0,41,17.266893
0.0,33,17.267872
0.0,4,17.268061
0.0,19,17.268644
0.0,71,17.270675
0.0,25,17.271435
0.0,31,17.272358
0.0,11,17.272725
0.0,42,17.273951
0.0,8,17.274243
0.0,12,17.274635
0.0,28,17.275474
0.0,65,17.277338
0.0,39,17.278486
0.0,18,17.279055
0.0,24,17.279777
1.0,6,17.280015
0.0,23,17.280721
0.0,16,17.281234
0.0,40,17.282406
1.0,30,17.283306
0.0,17,17.283838
0.0,30,17.284735
0.0,100,17.287576
0.0,34,17.288593
0.0,28,17.289438
0.0,76,17.291611
0.0,14,17.292073
0.0,25,17.292823
1.0,58,17.294502
0.0,7,17.29476
0.0,18,17.295354
0.0,43,17.296611
0.0,17,17.297154
0.0,50,17.298602
0.0,23,17.299307
0.0,24,17.300043
0.0,20,17.300656
0.0,9,17.300977
1.0,24,17.301699
0.0,94,17.304372
0.0,31,17.305301
0.0,19,17.305888
0.0,50,17.307346
0.0,25,17.308112
0.0,94,17.310776
0.0,8,17.311072
0.0,19,17.311658
0.0,53,17.3132
0.0,43,17.314456
0.0,16,17.31497
0.0,17,17.315501
0.0,6,17.315728
0.0,54,17.317294
0.0,16,17.317799
0.0,27,17.31862
0.0,22,17.319302
0.0,65,17.321175
0.0,8,17.32146
0.0,16,17.321971
0.0,36,17.323034
0.0,25,17.323786
1.0,45,17.325108
1.0,8,17.325396
0.0,16,17.325898
0.0,95,17.328601
0.0,27,17.329418
0.0,12,17.329814
0.0,32,17.330823
0.0,44,17.332117
0.0,38,17.333238
0.0,20,17.333853
0.0,20,17.334474
0.0,41,17.335674
0.0,47,17.337045
0.0,13,17.337576
0.0,100,17.340415
0.0,12,17.340811
0.0,9,17.341135
0.0,19,17.341721
0.0,63,17.343526
0.0,11,17.343893
1.0,28,17.344735
0.0,18,17.345305
0.0,14,17.345753
0.0,45,17.34707
0.0,8,17.347354
0.0,46,17.348696
0.0,82,17.351036
0.0,7,17.351296
0.0,19,17.351882
0.0,23,17.352584
0.0,4,17.352758
0.0,28,17.353601
0.0,28,17.354442
0.0,36,17.355505
1.0,32,17.356458
0.0,54,17.358022
0.0,18,17.358581
0.0,32,17.359531
1.0,75,17.361665
0.0,29,17.362537
0.0,17,17.363078
0.0,21,17.36372
0.0,25,17.364479
0.0,8,17.364763
0.0,16,17.365277
0.0,5,17.365479
0.0,20,17.366103
0.0,34,17.367106
0.0,9,17.367418
0.0,26,17.368211
0.0,37,17.369303
0.0,18,17.36986
0.0,21,17.370509
0.0,47,17.371875
0.0,20,17.372499
0.0,99,17.375304
1.0,41,17.376503
1.0,19,17.3771
1.0,16,17.377604
0.0,22,17.378287
0.0,8,17.378572
0.0,6,17.378801
0.0,63,17.380791
1.0,25,17.381558
0.0,4,17.381735
1.0,56,17.383356
0.0,17,17.383888
0.0,44,17.385183
0.0,18,17.385743
1.0,68,17.387699
0.0,6,17.38793
0.0,21,17.388583
0.0,32,17.38954
0.0,76,17.391716
0.0,27,17.392534
0.0,32,17.393484
0.0,9,17.393796
0.0,15,17.394283
0.0,98,17.397064
0.0,8,17.39735
0.0,33,17.398333
0.0,12,17.398731
1.0,18,17.3993
0.0,87,17.40178
0.0,65,17.403652
0.0,9,17.403975
0.0,57,17.405613
0.0,57,17.407266
0.0,56,17.408885
0.0,34,17.409897
0.0,100,17.412739
0.0,41,17.413944
0.0,13,17.414374
0.0,7,17.414632
1.0,23,17.41534
0.0,49,17.416762
0.0,17,17.417305
0.0,25,17.418074
0.0,21,17.418717
0.0,27,17.419531
0.0,29,17.420405
1.0,72,17.422469
1.0,26,17.423258
0.0,13,17.42368
0.0,12,17.424084
0.0,54,17.425638
0.0,45,17.42695
0.0,23,17.427657
0.0,8,17.427941
0.0,16,17.428459
0.0,21,17.429109
0.0,100,17.431938
0.0,11,17.432315
0.0,21,17.432964
0.0,21,17.433604
0.0,9,17.433914
0.0,10,17.434261
0.0,77,17.436459
0.0,100,17.439308
1.0,33,17.440293
0.0,24,17.4411
0.0,22,17.441766
0.0,21,17.442457
0.0,7,17.442715
0.0,12,17.443119
0.0,17,17.443649
0.0,38,17.444762
0.0,26,17.445552
0.0,9,17.445864
0.0,52,17.447378
0.0,26,17.448174
0.0,19,17.44876
0.0,13,17.449191
0.0,25,17.449936
0.0,63,17.451745
0.0,42,17.45298
0.0,26,17.453756
0.0,7,17.454024
1.0,13,17.454445
0.0,10,17.454784
1.0,34,17.455788
0.0,53,17.457331
0.0,24,17.458072
0.0,52,17.459572
0.0,15,17.460058
1.0,25,17.460806
0.0,26,17.461593
0.0,70,17.463598
0.0,71,17.465628
0.0,73,17.467716
0.0,40,17.468892
0.0,28,17.469733
0.0,29,17.470603
0.0,66,17.472498
0.0,37,17.473585
0.0,37,17.47467
0.0,100,17.4775
0.0,21,17.478156
0.0,46,17.479484
0.0,17,17.480022
0.0,25,17.48077
0.0,71,17.482799
0.0,22,17.483474
0.0,7,17.483731
0.0,22,17.484409
1.0,34,17.48542
0.0,9,17.485733
0.0,9,17.486053
1.0,24,17.486773
0.0,10,17.487122
0.0,9,17.487434
0.0,43,17.488693
0.0,100,17.491531
0.0,5,17.491734
0.0,14,17.492191
0.0,17,17.49272
0.0,32,17.493669
0.0,16,17.494183
0.0,7,17.49444
0.0,49,17.49586
0.0,10,17.496212
0.0,9,17.496525
0.0,20,17.497144
0.0,48,17.498538
0.0,11,17.498905
1.0,30,17.499801
0.0,12,17.500219
0.0,23,17.500917
0.0,11,17.501292
0.0,13,17.501713
0.0,17,17.502256
0.0,46,17.503592
0.0,5,17.503793
0.0,15,17.504278
0.0,36,17.505343
0.0,17,17.505874
0.0,14,17.506331
0.0,26,17.50712
0.0,22,17.507787
0.0,12,17.508196
0.0,28,17.509037
0.0,38,17.510151
0.0,18,17.510709
0.0,7,17.510974
0.0,48,17.512357
0.0,11,17.512722
0.0,37,17.513803
0.0,22,17.514484
0.0,25,17.515244
0.0,15,17.515721
0.0,45,17.51704
0.0,14,17.517488
0.0,7,17.517745
0.0,45,17.519065
1.0,88,17.521567
0.0,9,17.52188
0.0,13,17.522313
0.0,65,17.524176
0.0,32,17.525126
0.0,28,17.525968
0.0,15,17.526441
0.0,9,17.526753
0.0,13,17.527183
0.0,27,17.527995
0.0,10,17.528335
0.0,85,17.53075
0.0,41,17.531952
0.0,17,17.532493
0.0,87,17.534963
0.0,11,17.535332
0.0,34,17.536341
0.0,65,17.538211
0.0,19,17.538796
0.0,25,17.539555
0.0,6,17.539786
0.0,6,17.540025
0.0,7,17.540282
0.0,28,17.541126
0.0,51,17.542659
1.0,11,17.54304
0.0,16,17.543543
0.0,11,17.543909
0.0,64,17.545742
0.0,17,17.546284
1.0,12,17.546677
