#{"t_start": 1522230777.3064864, "env_id": "MyFrozenLake-v0"}
r,l,t
0.0,2,0.016768
0.0,2,0.017027
0.0,4,0.017421
0.0,18,0.018717
0.0,14,0.019755
0.0,2,0.019993
0.0,2,0.020237
0.0,18,0.02153
0.0,16,0.022698
0.0,16,0.023666
0.0,26,0.02487
0.0,53,0.027264
0.0,25,0.028433
0.0,14,0.029125
0.0,8,0.029545
0.0,2,0.029702
0.0,13,0.030346
0.0,2,0.030507
1.0,33,0.032019
0.0,26,0.033246
1.0,11,0.033797
0.0,100,0.038264
0.0,1,0.038378
0.0,1,0.038488
0.0,5,0.038773
0.0,1,0.038883
0.0,11,0.039441
0.0,44,0.041443
0.0,6,0.041775
0.0,7,0.042164
0.0,18,0.043022
0.0,36,0.044684
0.0,14,0.045377
0.0,43,0.047344
0.0,18,0.04821
0.0,21,0.049206
0.0,25,0.050382
0.0,7,0.050762
0.0,37,0.052465
0.0,39,0.054259
0.0,23,0.055345
0.0,8,0.055769
0.0,2,0.055924
0.0,2,0.056094
1.0,40,0.057919
0.0,1,0.058031
0.0,8,0.058457
0.0,2,0.058613
0.0,21,0.059604
0.0,19,0.060517
0.0,10,0.061022
0.0,1,0.061141
0.0,7,0.061517
0.0,26,0.062733
0.0,23,0.06382
0.0,9,0.064294
0.0,12,0.064886
0.0,21,0.065881
0.0,1,0.065995
0.0,22,0.067031
0.0,66,0.069994
0.0,1,0.070117
0.0,28,0.071413
0.0,7,0.071791
0.0,1,0.071903
0.0,19,0.072808
0.0,54,0.07526
0.0,23,0.076344
0.0,45,0.078393
0.0,2,0.078552
0.0,18,0.079412
0.0,37,0.0811
0.0,10,0.081607
1.0,42,0.083525
1.0,27,0.084773
0.0,4,0.085016
0.0,4,0.085267
1.0,19,0.086169
1.0,14,0.086847
0.0,11,0.087404
0.0,17,0.088227
0.0,3,0.088428
1.0,15,0.089159
0.0,6,0.08949
1.0,33,0.091003
0.0,29,0.092356
0.0,22,0.0934
0.0,24,0.094524
0.0,18,0.09539
0.0,28,0.096685
0.0,10,0.097204
0.0,37,0.09889
0.0,3,0.099103
1.0,14,0.099783
0.0,21,0.100773
0.0,12,0.101378
0.0,21,0.102368
0.0,50,0.104631
0.0,2,0.104791
0.0,76,0.10819
0.0,7,0.108568
0.0,4,0.108813
0.0,100,0.113268
0.0,12,0.113865
0.0,12,0.114465
0.0,12,0.11507
0.0,28,0.116368
0.0,12,0.116962
0.0,15,0.117747
0.0,34,0.119304
0.0,15,0.12003
0.0,2,0.120194
0.0,8,0.120611
0.0,21,0.121603
0.0,11,0.12216
0.0,6,0.122489
0.0,2,0.122646
0.0,20,0.123598
0.0,4,0.123842
1.0,13,0.124484
0.0,34,0.126027
0.0,5,0.126323
0.0,36,0.127958
1.0,38,0.129681
0.0,56,0.13219
0.0,7,0.132565
1.0,13,0.133217
0.0,10,0.133724
0.0,8,0.134153
0.0,8,0.134571
0.0,35,0.136173
1.0,11,0.13672
0.0,17,0.137532
0.0,13,0.138173
0.0,8,0.138589
0.0,20,0.139537
0.0,2,0.139695
0.0,8,0.14012
0.0,37,0.141791
0.0,12,0.142397
0.0,61,0.145133
0.0,34,0.146686
0.0,15,0.147418
0.0,27,0.148662
1.0,25,0.14983
0.0,19,0.150733
0.0,11,0.151296
1.0,32,0.152751
0.0,33,0.154278
0.0,12,0.154871
0.0,13,0.155518
0.0,6,0.155848
0.0,1,0.155958
0.0,12,0.156558
0.0,3,0.156761
0.0,6,0.157101
0.0,8,0.15752
1.0,41,0.159369
0.0,4,0.159613
0.0,8,0.160032
0.0,9,0.160512
0.0,5,0.160801
0.0,22,0.161832
0.0,2,0.161992
0.0,38,0.163724
0.0,15,0.164454
0.0,32,0.165911
0.0,14,0.166598
0.0,15,0.167331
0.0,7,0.167703
0.0,20,0.168647
0.0,1,0.168761
0.0,38,0.170489
0.0,8,0.170906
0.0,6,0.171252
0.0,10,0.171758
0.0,30,0.173149
0.0,13,0.173784
0.0,3,0.173985
0.0,2,0.174152
0.0,23,0.175233
0.0,20,0.176182
0.0,37,0.17786
0.0,36,0.179509
0.0,15,0.180241
0.0,2,0.180401
0.0,14,0.181093
1.0,16,0.181857
0.0,20,0.182805
0.0,6,0.183156
0.0,1,0.18327
0.0,17,0.184085
0.0,15,0.184807
0.0,17,0.185624
0.0,8,0.186043
0.0,15,0.186773
0.0,1,0.186883
0.0,18,0.187745
0.0,10,0.188262
0.0,11,0.188815
1.0,26,0.190027
1.0,28,0.191327
0.0,3,0.191528
1.0,27,0.192777
1.0,11,0.193341
0.0,12,0.193934
1.0,55,0.196398
1.0,38,0.198133
0.0,41,0.199979
0.0,8,0.200405
0.0,19,0.20131
0.0,49,0.203521
0.0,14,0.204207
0.0,16,0.204971
0.0,15,0.2057
1.0,15,0.206433
0.0,47,0.208547
0.0,35,0.210154
0.0,5,0.210445
0.0,27,0.211693
0.0,2,0.211852
1.0,21,0.212839
0.0,8,0.213274
0.0,7,0.213647
0.0,7,0.214017
0.0,3,0.214228
1.0,11,0.214776
0.0,28,0.216072
0.0,11,0.216622
0.0,2,0.216777
0.0,1,0.216888
0.0,4,0.217145
0.0,3,0.217403
0.0,1,0.217516
0.0,11,0.218076
0.0,26,0.219283
1.0,16,0.22006
0.0,32,0.221527
0.0,44,0.223523
0.0,41,0.225395
0.0,12,0.225987
1.0,12,0.226589
0.0,10,0.227105
1.0,22,0.228145
0.0,7,0.228534
1.0,33,0.230058
0.0,12,0.230648
1.0,24,0.231773
1.0,10,0.232287
0.0,54,0.234714
0.0,12,0.235321
0.0,6,0.235652
0.0,47,0.237775
0.0,5,0.238075
0.0,23,0.239155
0.0,22,0.240186
0.0,15,0.240912
0.0,19,0.241817
0.0,18,0.242683
1.0,16,0.243462
0.0,2,0.24362
0.0,9,0.244091
0.0,4,0.24434
1.0,73,0.247608
0.0,2,0.247765
0.0,2,0.247921
1.0,15,0.248656
0.0,14,0.249346
1.0,26,0.250557
0.0,2,0.250715
0.0,21,0.251712
1.0,13,0.252353
0.0,21,0.25335
0.0,6,0.253683
0.0,6,0.254012
0.0,8,0.254443
0.0,2,0.254601
0.0,5,0.254891
1.0,10,0.255404
0.0,2,0.25556
0.0,68,0.2586
0.0,6,0.258937
0.0,2,0.259104
0.0,19,0.260003
1.0,13,0.260646
0.0,14,0.261337
0.0,3,0.261538
0.0,4,0.261779
0.0,4,0.262022
0.0,54,0.264452
0.0,72,0.26766
1.0,8,0.268091
0.0,15,0.268818
0.0,28,0.27012
0.0,16,0.270891
0.0,1,0.271005
0.0,12,0.271605
0.0,8,0.272025
0.0,9,0.272496
0.0,22,0.273536
0.0,24,0.274661
0.0,17,0.27548
0.0,7,0.275856
0.0,9,0.276329
0.0,4,0.276573
0.0,16,0.277345
1.0,51,0.279645
0.0,1,0.279757
0.0,5,0.280043
0.0,14,0.28073
0.0,5,0.281024
0.0,2,0.281189
1.0,23,0.282268
0.0,17,0.283092
0.0,5,0.28338
0.0,52,0.285719
0.0,42,0.287629
0.0,2,0.287789
1.0,59,0.290437
1.0,19,0.291339
1.0,43,0.293298
0.0,1,0.293412
0.0,13,0.294044
1.0,8,0.294474
0.0,8,0.294889
0.0,4,0.295145
0.0,16,0.295913
0.0,20,0.296862
0.0,8,0.297294
0.0,21,0.298289
1.0,8,0.298709
0.0,4,0.298951
1.0,22,0.299984
1.0,13,0.30063
0.0,24,0.301754
0.0,14,0.302447
1.0,43,0.304404
1.0,29,0.305745
1.0,25,0.306916
0.0,6,0.30726
0.0,16,0.308028
0.0,5,0.308326
0.0,2,0.308481
0.0,12,0.309082
0.0,5,0.309373
0.0,7,0.309747
0.0,2,0.309904
1.0,26,0.311123
0.0,5,0.311409
0.0,14,0.312097
1.0,7,0.312474
1.0,44,0.314486
0.0,6,0.314817
0.0,10,0.315332
1.0,20,0.316286
0.0,7,0.316669
0.0,19,0.317575
0.0,17,0.318454
1.0,15,0.319189
1.0,12,0.31978
0.0,2,0.319935
0.0,3,0.320143
0.0,12,0.320733
0.0,39,0.3225
0.0,5,0.322789
0.0,5,0.323093
0.0,29,0.324422
1.0,9,0.324884
1.0,18,0.325747
1.0,13,0.326394
0.0,16,0.327163
0.0,1,0.327274
1.0,10,0.327776
0.0,3,0.327975
0.0,10,0.328487
0.0,15,0.329218
0.0,2,0.329374
0.0,18,0.330239
0.0,2,0.330397
1.0,16,0.331166
0.0,4,0.33141
1.0,7,0.331788
0.0,4,0.332029
0.0,5,0.332326
0.0,63,0.335151
0.0,5,0.335438
0.0,13,0.33608
0.0,5,0.336368
0.0,10,0.336869
0.0,21,0.337855
0.0,7,0.338241
0.0,15,0.338958
0.0,1,0.33908
0.0,24,0.340195
0.0,33,0.341692
0.0,17,0.342507
0.0,19,0.343413
0.0,4,0.343657
0.0,37,0.345332
0.0,16,0.346105
0.0,19,0.346994
0.0,16,0.347766
1.0,17,0.348582
0.0,25,0.349738
0.0,8,0.350167
0.0,25,0.351328
0.0,8,0.351748
0.0,7,0.352136
0.0,3,0.352338
0.0,7,0.352711
1.0,21,0.353709
0.0,100,0.358154
0.0,9,0.358619
0.0,10,0.359132
0.0,4,0.359376
0.0,8,0.359793
0.0,19,0.360702
0.0,22,0.361737
0.0,5,0.362025
0.0,46,0.364111
0.0,48,0.366273
0.0,27,0.367519
0.0,36,0.369155
0.0,4,0.369403
0.0,2,0.369557
0.0,31,0.370978
0.0,9,0.371449
0.0,11,0.371991
0.0,4,0.372244
0.0,29,0.373584
0.0,23,0.374653
0.0,30,0.376045
0.0,7,0.37643
0.0,18,0.377286
0.0,16,0.378055
0.0,11,0.378601
1.0,20,0.379544
0.0,35,0.381145
0.0,14,0.381822
0.0,15,0.382556
1.0,18,0.383423
0.0,3,0.383623
0.0,8,0.384037
0.0,6,0.384377
0.0,6,0.384708
0.0,5,0.385013
0.0,4,0.385267
0.0,2,0.385422
0.0,18,0.386277
1.0,35,0.387874
0.0,6,0.388217
1.0,19,0.389117
1.0,35,0.390703
0.0,14,0.39139
0.0,6,0.391726
0.0,21,0.392717
0.0,12,0.393323
0.0,14,0.393998
0.0,14,0.394683
0.0,7,0.395069
0.0,15,0.395792
0.0,15,0.396515
0.0,5,0.396801
0.0,2,0.396962
0.0,5,0.397259
0.0,5,0.397547
0.0,17,0.398367
0.0,19,0.399271
1.0,24,0.400388
0.0,7,0.40076
0.0,29,0.402103
0.0,2,0.402262
1.0,8,0.402675
0.0,16,0.403457
1.0,25,0.404617
0.0,22,0.405644
0.0,82,0.409282
0.0,2,0.40944
0.0,1,0.40955
1.0,89,0.413499
0.0,28,0.414786
0.0,24,0.415909
0.0,23,0.416982
0.0,18,0.417839
0.0,21,0.418909
0.0,6,0.419254
0.0,18,0.420119
1.0,41,0.421993
0.0,20,0.422944
1.0,28,0.424257
1.0,52,0.426587
1.0,28,0.427886
0.0,4,0.428159
1.0,28,0.429458
0.0,16,0.430238
1.0,29,0.431582
0.0,57,0.434149
0.0,35,0.435753
0.0,14,0.436442
0.0,11,0.43699
0.0,29,0.438332
0.0,4,0.438579
1.0,8,0.438995
0.0,17,0.43981
1.0,12,0.440406
1.0,19,0.441311
0.0,1,0.441423
0.0,23,0.442509
0.0,3,0.442709
0.0,11,0.443272
1.0,16,0.444038
0.0,11,0.444594
0.0,3,0.444796
1.0,15,0.445532
1.0,26,0.446738
0.0,2,0.446894
1.0,34,0.448451
0.0,46,0.450529
0.0,7,0.450905
0.0,3,0.451114
1.0,10,0.451621
0.0,2,0.451776
0.0,5,0.452071
1.0,11,0.452621
0.0,100,0.457032
0.0,11,0.457593
0.0,15,0.458322
1.0,9,0.458786
0.0,26,0.459992
0.0,20,0.460938
0.0,10,0.461455
0.0,1,0.461569
1.0,21,0.462563
0.0,40,0.464387
0.0,6,0.464722
0.0,28,0.466016
0.0,27,0.467274
0.0,14,0.467953
0.0,3,0.468164
0.0,6,0.468495
0.0,40,0.470319
0.0,3,0.470518
0.0,6,0.470849
0.0,33,0.472361
1.0,39,0.474134
1.0,13,0.474767
1.0,24,0.475883
0.0,2,0.476041
0.0,3,0.476253
1.0,42,0.47816
0.0,9,0.478618
1.0,20,0.479567
1.0,15,0.480294
0.0,15,0.481014
1.0,56,0.483521
0.0,1,0.483634
0.0,23,0.484707
0.0,38,0.486439
1.0,13,0.487084
0.0,49,0.489289
0.0,24,0.490412
0.0,12,0.491004
0.0,24,0.492129
0.0,6,0.492461
0.0,14,0.493152
0.0,30,0.494528
0.0,8,0.494946
0.0,6,0.495284
0.0,18,0.496142
0.0,32,0.497606
0.0,4,0.497849
1.0,16,0.498621
0.0,25,0.499787
0.0,15,0.500521
0.0,6,0.500853
0.0,21,0.501839
0.0,16,0.502616
0.0,5,0.502902
0.0,36,0.504551
0.0,3,0.504752
1.0,15,0.505482
1.0,22,0.506515
0.0,13,0.507159
0.0,8,0.507576
1.0,26,0.508781
1.0,33,0.510304
0.0,37,0.511986
1.0,20,0.512937
1.0,47,0.515086
0.0,5,0.515376
0.0,4,0.515621
1.0,11,0.516176
0.0,44,0.518173
0.0,19,0.519152
0.0,37,0.520828
0.0,20,0.521781
0.0,1,0.521892
0.0,2,0.522056
0.0,26,0.523265
0.0,5,0.523554
0.0,31,0.524973
0.0,8,0.525402
1.0,57,0.527941
1.0,23,0.529009
0.0,15,0.529738
0.0,33,0.53125
0.0,9,0.531713
0.0,9,0.532182
0.0,11,0.532727
0.0,26,0.533929
0.0,25,0.535096
0.0,2,0.535255
0.0,7,0.535624
1.0,31,0.537029
0.0,20,0.537965
0.0,9,0.538431
1.0,16,0.539203
1.0,40,0.540992
1.0,19,0.541894
1.0,28,0.543191
1.0,23,0.544258
1.0,27,0.545496
0.0,7,0.54587
1.0,18,0.546734
0.0,17,0.547546
0.0,22,0.548579
0.0,8,0.548995
1.0,62,0.551746
1.0,9,0.552215
0.0,73,0.555462
1.0,20,0.556399
0.0,19,0.557299
1.0,10,0.5578
0.0,21,0.558784
1.0,46,0.560865
0.0,2,0.561021
0.0,20,0.561957
1.0,9,0.562428
1.0,25,0.563593
0.0,7,0.563967
0.0,1,0.564089
1.0,10,0.564591
0.0,57,0.567138
0.0,15,0.567863
0.0,7,0.568249
0.0,15,0.568969
0.0,6,0.56931
1.0,35,0.570896
1.0,13,0.571537
1.0,27,0.572772
1.0,28,0.574075
1.0,45,0.576102
0.0,3,0.576304
0.0,55,0.578775
0.0,11,0.579334
0.0,14,0.580008
0.0,76,0.583394
0.0,5,0.583685
0.0,24,0.584805
0.0,1,0.584917
0.0,7,0.585302
0.0,8,0.58572
0.0,8,0.586146
0.0,1,0.58626
0.0,10,0.586767
0.0,39,0.588544
0.0,5,0.588833
0.0,4,0.589087
1.0,39,0.590855
0.0,23,0.591923
0.0,6,0.592263
1.0,35,0.593861
0.0,16,0.594637
0.0,13,0.595286
0.0,7,0.595658
0.0,22,0.596684
0.0,3,0.596886
1.0,22,0.597924
1.0,21,0.598906
0.0,21,0.599886
1.0,10,0.600403
1.0,14,0.601087
1.0,19,0.601982
0.0,2,0.602146
0.0,7,0.60252
1.0,36,0.60416
0.0,4,0.604404
1.0,7,0.604777
0.0,7,0.605161
0.0,1,0.605273
0.0,4,0.605513
0.0,45,0.607542
0.0,13,0.608188
0.0,6,0.608517
0.0,19,0.609415
0.0,4,0.609662
0.0,14,0.610352
0.0,13,0.610988
0.0,6,0.611328
0.0,8,0.611748
0.0,5,0.612036
1.0,12,0.612632
0.0,30,0.614012
0.0,4,0.614265
0.0,15,0.614978
0.0,3,0.615187
0.0,2,0.615345
0.0,5,0.615632
0.0,21,0.616618
1.0,20,0.617562
0.0,22,0.618591
0.0,4,0.618895
0.0,18,0.619756
1.0,76,0.623164
0.0,20,0.62411
1.0,10,0.624622
0.0,8,0.625037
1.0,14,0.625723
1.0,17,0.626544
1.0,45,0.628583
0.0,64,0.63146
1.0,36,0.63312
0.0,2,0.633277
0.0,26,0.634485
1.0,30,0.635867
0.0,15,0.636603
0.0,18,0.637463
0.0,6,0.637796
0.0,25,0.638962
0.0,12,0.639563
0.0,18,0.640431
0.0,22,0.641463
0.0,11,0.642012
0.0,26,0.643233
0.0,7,0.643609
0.0,6,0.643939
1.0,15,0.644666
0.0,13,0.645313
0.0,9,0.645774
0.0,3,0.645988
0.0,10,0.646502
0.0,9,0.646963
0.0,19,0.64787
1.0,35,0.649486
0.0,7,0.64986
0.0,42,0.651773
0.0,44,0.653775
1.0,40,0.655598
1.0,35,0.657201
0.0,11,0.65775
1.0,28,0.659045
0.0,42,0.660951
0.0,8,0.661381
1.0,7,0.661754
1.0,37,0.663452
0.0,41,0.66532
0.0,1,0.665434
1.0,40,0.667253
0.0,32,0.668717
0.0,14,0.669408
0.0,4,0.669652
0.0,2,0.669809
0.0,4,0.67006
0.0,14,0.670739
0.0,86,0.674566
0.0,3,0.674767
0.0,23,0.675849
1.0,8,0.67628
0.0,53,0.678662
1.0,17,0.679482
1.0,10,0.679986
0.0,7,0.680368
0.0,1,0.680481
0.0,10,0.680988
0.0,6,0.681328
0.0,22,0.68236
0.0,20,0.683324
0.0,35,0.684925
0.0,20,0.685875
1.0,11,0.686441
0.0,3,0.686643
0.0,48,0.688797
0.0,9,0.68927
0.0,7,0.689646
0.0,14,0.690333
1.0,17,0.691153
0.0,9,0.691616
0.0,1,0.691728
0.0,47,0.693858
0.0,8,0.694292
1.0,16,0.695065
1.0,21,0.696043
0.0,10,0.696553
0.0,4,0.696797
0.0,62,0.699562
0.0,25,0.70073
0.0,24,0.701849
0.0,2,0.702006
1.0,15,0.702734
0.0,2,0.702889
0.0,3,0.703104
1.0,19,0.703997
0.0,14,0.704682
0.0,27,0.705933
0.0,5,0.706232
0.0,12,0.706821
0.0,33,0.70835
1.0,8,0.708768
0.0,16,0.709544
0.0,1,0.709655
1.0,29,0.710992
0.0,12,0.711589
1.0,19,0.712497
0.0,3,0.7127
0.0,46,0.714788
0.0,21,0.715779
1.0,41,0.717649
0.0,6,0.717981
0.0,21,0.718975
0.0,59,0.721677
0.0,13,0.722327
0.0,3,0.722528
0.0,3,0.722728
0.0,28,0.724025
0.0,6,0.724365
0.0,14,0.725039
0.0,25,0.72621
0.0,9,0.72667
1.0,12,0.72727
0.0,12,0.727857
0.0,18,0.72871
0.0,26,0.729909
0.0,5,0.730209
0.0,2,0.730368
0.0,38,0.732089
0.0,13,0.732718
0.0,8,0.73315
1.0,14,0.733827
0.0,9,0.734296
1.0,20,0.735239
0.0,3,0.73544
0.0,3,0.735641
0.0,5,0.735928
1.0,25,0.737097
1.0,16,0.737855
0.0,6,0.738195
1.0,12,0.738782
0.0,11,0.73934
0.0,2,0.739499
1.0,36,0.741133
0.0,1,0.741247
0.0,5,0.741535
0.0,26,0.742744
0.0,29,0.744097
0.0,4,0.744344
1.0,11,0.744895
0.0,27,0.746152
0.0,7,0.746528
0.0,24,0.747645
0.0,9,0.748119
1.0,26,0.749321
0.0,2,0.749477
1.0,48,0.751629
0.0,4,0.751871
0.0,31,0.753308
0.0,30,0.75469
0.0,8,0.755121
1.0,25,0.75628
0.0,12,0.756866
1.0,42,0.758766
0.0,12,0.75937
1.0,8,0.75979
0.0,7,0.760177
0.0,13,0.76081
1.0,47,0.762924
1.0,66,0.765861
0.0,18,0.766721
1.0,17,0.767539
0.0,7,0.767913
1.0,44,0.769894
1.0,20,0.770834
0.0,23,0.771905
0.0,1,0.772018
1.0,8,0.77244
1.0,15,0.773179
0.0,14,0.773856
0.0,20,0.774804
0.0,9,0.775276
0.0,9,0.775737
0.0,9,0.776209
0.0,36,0.777839
0.0,2,0.777996
1.0,21,0.778978
0.0,34,0.78053
1.0,50,0.782769
0.0,13,0.783417
0.0,47,0.785517
1.0,61,0.788251
0.0,6,0.788583
1.0,19,0.789487
1.0,21,0.790474
0.0,1,0.790585
1.0,43,0.792534
0.0,32,0.794002
0.0,19,0.794904
0.0,27,0.79616
0.0,23,0.797226
0.0,4,0.797472
0.0,7,0.797841
0.0,7,0.798226
1.0,11,0.798771
0.0,2,0.798927
0.0,7,0.79931
1.0,37,0.800986
0.0,66,0.803924
0.0,11,0.80448
0.0,1,0.804594
0.0,3,0.804795
1.0,23,0.805867
0.0,8,0.806294
0.0,23,0.80737
0.0,14,0.808042
0.0,9,0.808513
0.0,11,0.809068
0.0,3,0.80927
0.0,4,0.809515
1.0,52,0.811843
0.0,46,0.813917
1.0,7,0.814303
0.0,20,0.81525
0.0,11,0.815801
0.0,9,0.81627
0.0,12,0.816862
0.0,4,0.817118
0.0,7,0.817493
0.0,21,0.818479
0.0,27,0.819731
1.0,10,0.820308
0.0,5,0.820596
0.0,13,0.821244
0.0,8,0.821666
0.0,40,0.823503
1.0,14,0.824192
1.0,26,0.825397
1.0,19,0.826302
0.0,8,0.826719
1.0,48,0.828894
1.0,63,0.831717
0.0,43,0.833681
0.0,4,0.833929
0.0,33,0.835452
0.0,1,0.835566
1.0,29,0.836904
0.0,32,0.838384
1.0,13,0.839021
0.0,11,0.839574
0.0,11,0.840132
0.0,11,0.840681
0.0,27,0.841934
0.0,9,0.842411
0.0,27,0.843674
0.0,2,0.843831
0.0,2,0.843986
0.0,19,0.844893
0.0,6,0.845239
1.0,35,0.846835
0.0,17,0.847651
0.0,20,0.8486
0.0,2,0.848759
0.0,19,0.849663
0.0,5,0.84995
1.0,18,0.850809
0.0,19,0.851709
0.0,7,0.852094
0.0,18,0.85294
0.0,18,0.853801
0.0,5,0.854102
0.0,46,0.85618
0.0,10,0.856688
1.0,14,0.857376
1.0,30,0.858748
0.0,11,0.859304
1.0,29,0.860641
0.0,1,0.86075
1.0,58,0.863357
0.0,2,0.863513
1.0,31,0.864931
0.0,2,0.865114
0.0,48,0.867289
0.0,6,0.867623
1.0,22,0.868654
0.0,8,0.869087
0.0,9,0.86955
0.0,6,0.869881
0.0,1,0.869991
1.0,22,0.871021
0.0,15,0.871751
1.0,57,0.874332
0.0,6,0.874664
0.0,1,0.874774
0.0,3,0.874979
0.0,4,0.875234
0.0,7,0.87561
0.0,1,0.875722
0.0,19,0.876624
0.0,35,0.878227
0.0,6,0.878558
0.0,25,0.879719
0.0,15,0.88045
0.0,12,0.881042
1.0,19,0.881946
0.0,21,0.882931
0.0,29,0.884285
1.0,12,0.884878
0.0,2,0.885034
0.0,2,0.885201
0.0,2,0.885357
0.0,4,0.8856
0.0,4,0.885844
1.0,30,0.88723
1.0,36,0.888868
0.0,97,0.893176
0.0,8,0.893595
0.0,6,0.893929
0.0,28,0.895226
0.0,11,0.895777
0.0,27,0.897031
1.0,20,0.897978
0.0,1,0.898097
1.0,32,0.89957
0.0,3,0.89977
1.0,88,0.903684
1.0,60,0.90638
1.0,32,0.907846
1.0,10,0.908361
0.0,12,0.908952
0.0,4,0.909207
1.0,24,0.910333
1.0,73,0.913596
0.0,13,0.914242
0.0,20,0.915195
0.0,24,0.916322
0.0,8,0.916739
0.0,29,0.918084
1.0,29,0.919427
0.0,1,0.919541
0.0,21,0.920531
0.0,18,0.921464
0.0,13,0.922112
0.0,21,0.923112
0.0,27,0.924363
1.0,10,0.924871
0.0,7,0.925256
1.0,13,0.925889
0.0,33,0.927405
0.0,8,0.927826
1.0,36,0.929475
0.0,22,0.930504
0.0,31,0.931924
1.0,20,0.932869
0.0,11,0.933434
0.0,16,0.934209
0.0,4,0.934455
0.0,33,0.935956
0.0,9,0.936427
0.0,3,0.93663
0.0,25,0.937797
0.0,24,0.938915
1.0,33,0.940439
1.0,8,0.940854
0.0,3,0.94106
0.0,2,0.941216
1.0,35,0.942809
0.0,5,0.943115
0.0,10,0.94362
0.0,22,0.944651
0.0,7,0.945025
0.0,24,0.946147
1.0,17,0.946951
0.0,23,0.948029
0.0,36,0.949679
1.0,22,0.950718
0.0,16,0.951487
0.0,3,0.951689
1.0,20,0.952629
0.0,11,0.953188
1.0,8,0.953604
1.0,14,0.954287
0.0,2,0.954444
0.0,6,0.954776
0.0,22,0.955801
0.0,6,0.956145
0.0,7,0.956521
0.0,6,0.956851
1.0,15,0.957576
1.0,42,0.95947
0.0,1,0.95958
1.0,15,0.960315
1.0,26,0.961517
0.0,5,0.961807
0.0,4,0.96206
1.0,34,0.963605
1.0,11,0.96416
1.0,15,0.964881
0.0,44,0.966862
0.0,18,0.967722
1.0,15,0.968451
0.0,9,0.96891
0.0,11,0.969465
0.0,6,0.969794
0.0,26,0.970993
0.0,53,0.973382
0.0,85,0.97716
1.0,19,0.978062
0.0,3,0.978262
0.0,2,0.978419
0.0,6,0.978744
0.0,14,0.979424
0.0,5,0.979709
0.0,28,0.980999
1.0,12,0.981599
0.0,32,0.983073
0.0,18,0.98392
1.0,40,0.985734
1.0,31,0.987164
0.0,3,0.987364
0.0,7,0.987737
0.0,9,0.988209
0.0,33,0.989713
0.0,11,0.99027
0.0,21,0.991255
0.0,4,0.991499
1.0,22,0.992523
0.0,16,0.993302
0.0,11,0.99385
1.0,18,0.994703
0.0,2,0.994859
1.0,34,0.996421
0.0,74,0.999727
0.0,34,1.001293
0.0,37,1.002973
0.0,10,1.003497
0.0,4,1.00374
0.0,42,1.005645
0.0,11,1.006205
0.0,1,1.006318
0.0,3,1.006521
0.0,4,1.006764
0.0,32,1.008237
1.0,9,1.008699
0.0,10,1.009214
0.0,29,1.010549
0.0,13,1.011191
0.0,4,1.01144
0.0,5,1.011726
0.0,1,1.011837
1.0,13,1.012486
0.0,43,1.014435
1.0,16,1.015204
0.0,26,1.016402
0.0,8,1.016819
0.0,18,1.017677
0.0,38,1.019404
0.0,39,1.021171
0.0,14,1.02191
1.0,17,1.02273
0.0,100,1.027161
0.0,20,1.02811
0.0,1,1.028223
1.0,49,1.030427
1.0,20,1.031372
0.0,21,1.032359
1.0,17,1.033179
1.0,52,1.035523
0.0,10,1.036027
0.0,15,1.036753
0.0,31,1.038188
1.0,71,1.041348
0.0,24,1.042466
0.0,1,1.042578
0.0,17,1.043405
0.0,4,1.043648
0.0,1,1.043757
0.0,20,1.044698
0.0,12,1.045296
0.0,7,1.045671
1.0,36,1.047319
0.0,8,1.047738
1.0,27,1.048985
0.0,1,1.049106
0.0,7,1.049479
0.0,80,1.05304
0.0,32,1.054517
1.0,19,1.055427
0.0,3,1.055628
0.0,10,1.056144
0.0,4,1.056389
1.0,12,1.056974
0.0,6,1.057315
1.0,32,1.058776
1.0,40,1.060599
0.0,15,1.06133
0.0,24,1.062455
0.0,9,1.062919
1.0,15,1.063651
0.0,27,1.064907
1.0,18,1.065772
0.0,6,1.066113
0.0,23,1.06719
0.0,21,1.068181
0.0,5,1.06847
0.0,10,1.068974
0.0,25,1.070145
0.0,21,1.071134
0.0,2,1.07129
0.0,24,1.072409
0.0,29,1.073749
0.0,14,1.074437
0.0,34,1.07598
0.0,18,1.076842
0.0,42,1.078747
0.0,8,1.079176
0.0,22,1.080209
0.0,6,1.08054
0.0,25,1.0817
0.0,4,1.081944
1.0,6,1.082285
0.0,1,1.082397
1.0,30,1.083781
0.0,18,1.084643
0.0,18,1.085506
0.0,8,1.085922
0.0,33,1.087435
1.0,19,1.08834
0.0,12,1.088928
0.0,57,1.091499
0.0,15,1.092235
0.0,78,1.095711
1.0,30,1.097099
0.0,1,1.097212
0.0,8,1.097628
1.0,65,1.100537
0.0,19,1.101436
0.0,25,1.1026
0.0,2,1.102759
0.0,9,1.103232
0.0,14,1.103909
0.0,100,1.108353
1.0,42,1.110269
0.0,38,1.111994
0.0,18,1.11285
0.0,22,1.113889
0.0,5,1.114185
0.0,50,1.116432
0.0,10,1.116937
0.0,16,1.117705
0.0,16,1.118497
1.0,29,1.119833
1.0,36,1.121474
0.0,19,1.122375
1.0,41,1.124243
0.0,17,1.125047
0.0,4,1.1253
1.0,46,1.127375
0.0,6,1.127703
0.0,20,1.128654
1.0,16,1.129426
0.0,28,1.130716
0.0,2,1.130879
1.0,9,1.131351
0.0,19,1.132259
0.0,17,1.133086
0.0,1,1.133199
1.0,27,1.134447
0.0,5,1.134737
0.0,14,1.135428
0.0,21,1.136492
0.0,16,1.137261
1.0,55,1.139725
0.0,6,1.140064
0.0,5,1.140352
0.0,40,1.142161
0.0,36,1.143808
0.0,1,1.143922
0.0,6,1.144264
0.0,56,1.14678
0.0,26,1.147989
0.0,17,1.148802
0.0,8,1.149233
1.0,49,1.151429
0.0,5,1.151716
0.0,1,1.151828
0.0,3,1.152029
0.0,8,1.152456
0.0,9,1.152915
0.0,46,1.154991
0.0,17,1.155806
0.0,15,1.156533
0.0,8,1.156949
1.0,21,1.157938
1.0,16,1.158712
0.0,4,1.158956
0.0,2,1.159121
0.0,13,1.159753
0.0,34,1.161314
0.0,5,1.161601
1.0,20,1.162543
0.0,1,1.162654
0.0,20,1.163607
0.0,30,1.164983
0.0,19,1.165886
0.0,19,1.166793
0.0,8,1.167221
0.0,1,1.167334
0.0,55,1.169788
0.0,12,1.170385
0.0,19,1.17129
0.0,8,1.17171
0.0,3,1.17191
0.0,5,1.172204
1.0,66,1.17516
0.0,39,1.17693
0.0,23,1.178012
1.0,12,1.178611
0.0,19,1.179515
0.0,1,1.179628
0.0,48,1.181794
1.0,15,1.182524
0.0,12,1.183129
0.0,7,1.183503
0.0,33,1.185006
0.0,17,1.185819
0.0,5,1.186118
0.0,5,1.186407
0.0,2,1.186562
1.0,28,1.187843
0.0,11,1.188399
0.0,17,1.189215
1.0,17,1.190016
1.0,17,1.190821
1.0,32,1.192296
0.0,11,1.192846
0.0,13,1.193496
0.0,30,1.194865
1.0,34,1.19642
0.0,12,1.197007
0.0,14,1.19769
0.0,1,1.197803
0.0,5,1.198102
0.0,16,1.198865
1.0,65,1.201751
0.0,5,1.202035
0.0,11,1.202589
0.0,11,1.20315
0.0,19,1.204035
0.0,15,1.204762
0.0,23,1.205834
1.0,60,1.20851
1.0,59,1.211146
0.0,11,1.211692
0.0,1,1.211801
0.0,9,1.212273
1.0,10,1.212776
0.0,29,1.21412
1.0,12,1.214709
1.0,9,1.215175
0.0,37,1.216848
1.0,25,1.218012
1.0,19,1.218909
1.0,37,1.220598
1.0,42,1.222498
0.0,19,1.223403
0.0,31,1.224814
0.0,12,1.225414
0.0,2,1.225571
0.0,12,1.226168
0.0,30,1.227545
1.0,11,1.228099
0.0,17,1.228903
0.0,6,1.229244
0.0,29,1.230587
0.0,31,1.232009
1.0,16,1.232779
0.0,5,1.233082
0.0,81,1.236668
0.0,23,1.237807
0.0,12,1.238408
0.0,2,1.238566
0.0,4,1.23881
0.0,23,1.239885
1.0,35,1.241493
0.0,4,1.241736
0.0,14,1.242425
0.0,7,1.2428
1.0,49,1.245019
0.0,16,1.245789
0.0,15,1.246526
0.0,15,1.24726
1.0,12,1.247853
1.0,29,1.249202
0.0,26,1.250411
1.0,19,1.251312
0.0,24,1.252436
0.0,23,1.253518
1.0,15,1.254252
0.0,22,1.255288
1.0,29,1.25663
1.0,7,1.257002
0.0,23,1.258084
0.0,52,1.260418
0.0,13,1.261062
0.0,15,1.261784
1.0,10,1.2623
0.0,10,1.262801
1.0,13,1.263451
0.0,4,1.263695
0.0,14,1.264385
0.0,13,1.265026
0.0,7,1.265407
0.0,3,1.265606
0.0,6,1.265934
0.0,33,1.267448
0.0,55,1.269922
0.0,25,1.271103
1.0,25,1.272263
0.0,57,1.274821
0.0,23,1.275899
0.0,9,1.276371
0.0,45,1.278407
0.0,8,1.278828
0.0,17,1.279644
0.0,7,1.280018
0.0,18,1.280876
0.0,4,1.281141
0.0,10,1.281644
0.0,22,1.28268
0.0,2,1.282838
1.0,22,1.283875
0.0,4,1.28413
1.0,17,1.284937
0.0,26,1.286154
0.0,36,1.287797
0.0,10,1.288312
0.0,8,1.288732
0.0,8,1.289159
0.0,4,1.289404
0.0,14,1.29009
0.0,7,1.290466
0.0,45,1.292498
0.0,6,1.292832
0.0,9,1.293307
1.0,21,1.294299
1.0,35,1.295889
1.0,29,1.29723
0.0,37,1.298908
1.0,45,1.300946
0.0,1,1.301067
0.0,6,1.301402
0.0,16,1.302178
1.0,25,1.303358
0.0,4,1.303604
0.0,11,1.304159
0.0,7,1.304533
0.0,24,1.30565
1.0,39,1.307433
0.0,18,1.308298
1.0,39,1.310071
1.0,58,1.312655
0.0,28,1.313952
0.0,11,1.314515
0.0,9,1.314975
0.0,4,1.315227
0.0,34,1.316779
0.0,5,1.317076
0.0,1,1.317187
1.0,60,1.319867
0.0,13,1.320512
0.0,3,1.320716
0.0,2,1.32087
0.0,5,1.321167
0.0,4,1.321412
0.0,2,1.321568
1.0,20,1.322511
0.0,4,1.322768
1.0,12,1.323374
1.0,22,1.324405
1.0,17,1.325215
0.0,11,1.325763
0.0,51,1.328058
1.0,12,1.32865
0.0,14,1.329335
0.0,7,1.32971
0.0,6,1.330044
0.0,6,1.330386
1.0,16,1.331163
0.0,2,1.331319
0.0,8,1.331732
0.0,55,1.334211
0.0,10,1.334718
0.0,1,1.334831
0.0,20,1.335775
0.0,21,1.336768
0.0,22,1.337873
0.0,11,1.338433
0.0,7,1.33881
1.0,42,1.340716
0.0,7,1.341103
0.0,17,1.341911
0.0,8,1.342338
0.0,7,1.34271
0.0,11,1.343276
0.0,17,1.344095
1.0,25,1.345255
1.0,20,1.3462
0.0,13,1.346829
0.0,38,1.348552
1.0,20,1.349494
0.0,15,1.350221
0.0,19,1.351126
0.0,63,1.353935
0.0,7,1.35432
0.0,1,1.35443
0.0,14,1.35512
0.0,4,1.355362
0.0,30,1.35673
0.0,1,1.356843
0.0,5,1.357138
0.0,10,1.35764
0.0,21,1.358627
0.0,13,1.359275
0.0,42,1.361179
0.0,7,1.36155
0.0,8,1.361964
0.0,1,1.362084
1.0,25,1.363247
0.0,11,1.363795
1.0,18,1.364656
0.0,12,1.365255
0.0,6,1.365587
0.0,2,1.365741
0.0,8,1.366165
0.0,59,1.368792
1.0,17,1.369608
0.0,7,1.369981
1.0,7,1.37036
1.0,12,1.370944
0.0,1,1.37106
0.0,3,1.371259
1.0,23,1.372336
0.0,2,1.372491
1.0,18,1.373349
1.0,34,1.374897
0.0,1,1.375011
1.0,22,1.376034
0.0,30,1.377408
0.0,60,1.380076
0.0,22,1.381106
1.0,16,1.381867
0.0,33,1.383382
0.0,3,1.383585
1.0,7,1.38396
1.0,22,1.384987
1.0,16,1.385752
0.0,1,1.385862
0.0,28,1.387157
0.0,29,1.38849
0.0,5,1.388782
0.0,22,1.389814
0.0,46,1.391884
0.0,14,1.392574
0.0,3,1.392776
1.0,25,1.393939
0.0,2,1.394104
0.0,4,1.394348
0.0,7,1.394717
0.0,7,1.395097
1.0,12,1.395686
0.0,25,1.396834
0.0,23,1.397913
0.0,11,1.398473
0.0,8,1.398894
0.0,6,1.399233
0.0,9,1.399693
1.0,21,1.400675
1.0,16,1.401448
0.0,1,1.401559
0.0,4,1.401803
0.0,1,1.401914
0.0,5,1.402211
0.0,18,1.403072
0.0,3,1.403274
1.0,38,1.404985
0.0,6,1.405329
1.0,35,1.406909
1.0,17,1.407722
0.0,7,1.408102
0.0,32,1.409556
0.0,27,1.410793
0.0,11,1.41135
1.0,52,1.413686
0.0,25,1.414846
0.0,2,1.415002
0.0,3,1.415211
1.0,52,1.417536
0.0,2,1.417693
0.0,2,1.417849
1.0,9,1.418314
0.0,27,1.419553
0.0,1,1.419667
0.0,10,1.420179
0.0,28,1.421461
0.0,39,1.423234
0.0,18,1.424091
1.0,30,1.425466
0.0,1,1.425578
0.0,13,1.426223
0.0,14,1.426899
0.0,3,1.427112
0.0,8,1.427529
0.0,13,1.428181
1.0,28,1.429474
0.0,86,1.433288
0.0,5,1.433579
1.0,36,1.43523
0.0,66,1.438173
0.0,10,1.438743
0.0,5,1.439045
0.0,28,1.440351
0.0,23,1.441427
0.0,31,1.442852
0.0,13,1.443508
0.0,27,1.444764
0.0,8,1.445193
1.0,55,1.447661
0.0,2,1.447819
0.0,11,1.448381
1.0,18,1.449244
1.0,72,1.452445
0.0,17,1.453269
0.0,2,1.453426
0.0,10,1.453931
0.0,18,1.454797
0.0,11,1.455356
0.0,22,1.45639
0.0,5,1.456681
0.0,4,1.456925
0.0,14,1.457607
0.0,12,1.458206
0.0,4,1.458452
0.0,19,1.459354
0.0,13,1.459988
1.0,8,1.460411
0.0,4,1.460655
0.0,10,1.461169
1.0,40,1.462981
1.0,15,1.463713
0.0,2,1.46387
0.0,87,1.467724
0.0,2,1.467881
0.0,7,1.468267
0.0,1,1.468381
1.0,15,1.469112
0.0,31,1.470526
0.0,1,1.47064
0.0,2,1.470796
0.0,3,1.470995
0.0,30,1.472379
0.0,4,1.472622
0.0,41,1.474482
0.0,3,1.474682
0.0,28,1.475969
1.0,61,1.478694
1.0,31,1.48012
1.0,62,1.482891
1.0,17,1.483712
1.0,24,1.484835
0.0,8,1.48526
1.0,38,1.486984
1.0,29,1.488334
0.0,18,1.489186
0.0,9,1.489648
0.0,20,1.4906
0.0,14,1.49129
0.0,69,1.494383
0.0,6,1.494714
1.0,18,1.495576
1.0,29,1.496908
0.0,24,1.498025
0.0,3,1.498236
0.0,2,1.498392
1.0,13,1.499023
0.0,30,1.5004
0.0,6,1.500731
0.0,43,1.502679
1.0,11,1.503246
0.0,1,1.503356
0.0,34,1.504899
0.0,2,1.505069
0.0,3,1.505268
0.0,1,1.50538
0.0,20,1.506325
0.0,6,1.506659
0.0,30,1.508035
1.0,27,1.509296
1.0,24,1.510413
0.0,1,1.510524
0.0,41,1.51238
0.0,12,1.512974
0.0,5,1.513276
0.0,13,1.513909
1.0,70,1.517034
1.0,13,1.517678
0.0,7,1.518058
1.0,21,1.519037
0.0,16,1.51981
0.0,1,1.519921
1.0,10,1.520435
0.0,48,1.522597
0.0,12,1.523205
0.0,15,1.523925
0.0,4,1.524178
1.0,26,1.525388
0.0,1,1.525499
0.0,2,1.525652
0.0,26,1.526858
0.0,54,1.529287
1.0,7,1.529662
1.0,7,1.530034
1.0,9,1.530502
0.0,21,1.531492
0.0,17,1.532311
0.0,5,1.532614
0.0,29,1.53395
1.0,36,1.535596
0.0,10,1.536118
0.0,5,1.536405
0.0,4,1.536648
0.0,25,1.537812
1.0,14,1.538502
0.0,1,1.538668
0.0,15,1.539397
0.0,13,1.54003
0.0,2,1.540196
0.0,9,1.540653
0.0,2,1.540809
1.0,13,1.541448
0.0,16,1.542214
0.0,5,1.542504
0.0,13,1.543151
1.0,37,1.544814
0.0,43,1.546759
0.0,3,1.546959
0.0,32,1.54843
0.0,7,1.548804
0.0,3,1.549003
0.0,4,1.549256
0.0,21,1.55024
0.0,3,1.550439
1.0,21,1.551422
0.0,18,1.552284
0.0,23,1.553365
0.0,8,1.553786
0.0,13,1.554426
0.0,11,1.554972
0.0,1,1.555093
0.0,75,1.558422
0.0,8,1.558845
1.0,19,1.559741
0.0,20,1.56069
0.0,20,1.561629
0.0,60,1.564303
0.0,14,1.564979
0.0,10,1.565491
1.0,18,1.566348
1.0,14,1.567025
0.0,15,1.567749
1.0,70,1.570849
0.0,9,1.571316
0.0,22,1.57235
0.0,30,1.573726
0.0,24,1.574834
0.0,2,1.574992
1.0,27,1.576246
0.0,6,1.576576
0.0,45,1.578618
0.0,100,1.583064
0.0,3,1.583267
0.0,18,1.584131
0.0,35,1.585723
0.0,12,1.586327
0.0,24,1.587456
0.0,11,1.588001
1.0,32,1.589475
0.0,8,1.589892
1.0,38,1.591618
0.0,23,1.592684
0.0,38,1.594413
0.0,18,1.595273
1.0,63,1.598081
0.0,5,1.598369
0.0,52,1.600693
1.0,34,1.602247
0.0,17,1.60306
0.0,22,1.604089
0.0,1,1.604202
0.0,6,1.604532
0.0,14,1.605212
0.0,16,1.605975
0.0,27,1.607229
0.0,2,1.607385
0.0,4,1.607625
0.0,5,1.607912
1.0,26,1.609129
0.0,9,1.60959
0.0,12,1.610185
0.0,40,1.611992
0.0,8,1.61242
0.0,7,1.612792
1.0,10,1.613314
1.0,29,1.614642
0.0,35,1.616229
1.0,24,1.617337
0.0,1,1.61745
0.0,10,1.617948
0.0,9,1.618413
0.0,24,1.619529
0.0,1,1.619642
0.0,12,1.62024
0.0,2,1.620403
0.0,1,1.620511
1.0,13,1.621147
0.0,24,1.622264
1.0,15,1.622978
1.0,37,1.624659
1.0,24,1.62577
0.0,1,1.625882
1.0,11,1.626435
0.0,26,1.627634
0.0,13,1.628277
0.0,3,1.628479
0.0,9,1.628937
0.0,7,1.629319
1.0,32,1.630779
0.0,19,1.631681
0.0,36,1.633329
0.0,11,1.633872
1.0,46,1.63595
0.0,9,1.63642
0.0,75,1.639746
0.0,10,1.640259
0.0,4,1.640505
0.0,11,1.641058
0.0,22,1.642082
0.0,23,1.643229
0.0,9,1.643692
1.0,27,1.644938
0.0,24,1.646065
1.0,19,1.646959
0.0,12,1.64756
0.0,14,1.648251
1.0,17,1.649068
1.0,21,1.650041
0.0,17,1.650859
1.0,19,1.65176
0.0,2,1.651915
0.0,41,1.653783
0.0,10,1.654299
1.0,17,1.655121
0.0,5,1.655406
0.0,44,1.657395
0.0,9,1.657853
0.0,15,1.658585
0.0,50,1.660846
1.0,29,1.662193
0.0,21,1.66319
0.0,10,1.663697
0.0,27,1.664941
0.0,8,1.665372
0.0,3,1.665576
1.0,21,1.666562
0.0,10,1.667078
0.0,11,1.66763
0.0,4,1.667874
0.0,26,1.669095
0.0,3,1.669296
0.0,17,1.670111
0.0,23,1.671188
0.0,13,1.671823
1.0,17,1.672641
0.0,8,1.673076
1.0,54,1.6755
1.0,20,1.676445
0.0,43,1.67839
0.0,18,1.679256
0.0,1,1.679369
0.0,9,1.67983
1.0,26,1.681031
1.0,14,1.681716
1.0,45,1.683758
0.0,47,1.685873
0.0,4,1.686129
0.0,2,1.686285
0.0,5,1.686573
1.0,54,1.689003
0.0,9,1.689473
0.0,8,1.689891
0.0,1,1.69
0.0,8,1.690422
0.0,1,1.690535
0.0,6,1.690868
0.0,6,1.691209
0.0,7,1.691584
1.0,15,1.692311
0.0,10,1.692813
1.0,61,1.695544
1.0,21,1.696534
0.0,6,1.696866
1.0,51,1.699165
0.0,2,1.69932
0.0,43,1.701262
0.0,5,1.701553
0.0,39,1.703333
0.0,26,1.704538
0.0,6,1.70487
0.0,5,1.705165
0.0,12,1.70576
1.0,14,1.706448
0.0,15,1.70718
0.0,21,1.708174
1.0,19,1.70908
1.0,10,1.709588
0.0,3,1.709787
0.0,62,1.712559
0.0,13,1.71321
0.0,5,1.713497
1.0,20,1.714438
0.0,7,1.714809
1.0,58,1.717392
0.0,3,1.717595
0.0,10,1.718105
0.0,95,1.722319
0.0,12,1.722906
1.0,39,1.724681
0.0,12,1.725283
0.0,6,1.725616
0.0,7,1.725988
0.0,8,1.726414
0.0,19,1.727314
0.0,11,1.72786
1.0,13,1.728503
1.0,24,1.729619
0.0,42,1.731522
0.0,22,1.73256
0.0,17,1.733384
1.0,43,1.735331
0.0,5,1.73562
0.0,5,1.735906
0.0,23,1.736981
0.0,3,1.737192
0.0,13,1.737828
0.0,3,1.738029
0.0,13,1.738667
1.0,18,1.739527
0.0,14,1.740216
0.0,4,1.74046
0.0,26,1.741663
0.0,14,1.742353
0.0,17,1.743234
0.0,12,1.743825
0.0,4,1.744078
0.0,6,1.744406
1.0,38,1.746133
0.0,12,1.746722
1.0,27,1.747962
1.0,25,1.749121
0.0,1,1.749234
1.0,19,1.750137
0.0,14,1.750811
0.0,10,1.751327
0.0,29,1.752675
0.0,63,1.755499
0.0,19,1.7564
1.0,21,1.757393
0.0,13,1.758027
0.0,7,1.758409
1.0,18,1.759269
0.0,9,1.759724
1.0,15,1.760463
0.0,10,1.760964
1.0,48,1.763137
0.0,7,1.763508
0.0,7,1.76388
0.0,16,1.764648
0.0,17,1.765463
0.0,12,1.766063
0.0,6,1.766392
0.0,44,1.768373
1.0,21,1.769358
1.0,29,1.770686
0.0,25,1.771835
1.0,30,1.773222
1.0,15,1.773939
1.0,15,1.774664
0.0,9,1.775137
0.0,25,1.776291
0.0,10,1.776798
1.0,9,1.777262
1.0,12,1.777846
1.0,18,1.7787
0.0,1,1.778812
0.0,5,1.77911
0.0,14,1.779778
1.0,14,1.780459
0.0,6,1.780789
0.0,77,1.784242
0.0,44,1.786234
0.0,7,1.786611
0.0,7,1.78698
0.0,35,1.788582
0.0,6,1.788914
1.0,10,1.789426
0.0,30,1.790811
1.0,19,1.791718
0.0,15,1.792448
0.0,13,1.793098
0.0,7,1.793473
0.0,24,1.794584
0.0,4,1.794832
1.0,16,1.795599
0.0,18,1.796463
1.0,20,1.797407
0.0,1,1.797517
0.0,10,1.798015
0.0,16,1.798788
0.0,27,1.800035
1.0,45,1.802076
1.0,8,1.80249
0.0,6,1.802816
0.0,5,1.803118
0.0,15,1.803835
0.0,21,1.804817
0.0,49,1.807021
0.0,33,1.80853
0.0,41,1.810382
0.0,2,1.81054
0.0,15,1.81127
0.0,12,1.811857
0.0,15,1.812584
0.0,6,1.812913
0.0,19,1.813814
0.0,5,1.814114
0.0,11,1.814663
0.0,4,1.814906
0.0,2,1.815073
0.0,22,1.816103
1.0,48,1.818265
1.0,34,1.819805
1.0,10,1.82032
0.0,14,1.820994
0.0,13,1.821635
0.0,1,1.821745
0.0,13,1.822389
0.0,15,1.823124
0.0,15,1.823853
0.0,1,1.823965
0.0,31,1.82539
0.0,55,1.827846
0.0,22,1.828871
0.0,2,1.82903
0.0,33,1.830538
1.0,54,1.832949
0.0,2,1.833124
0.0,36,1.834751
0.0,3,1.834954
0.0,20,1.835896
0.0,4,1.836153
0.0,20,1.837099
1.0,29,1.83843
0.0,12,1.839017
1.0,62,1.841765
0.0,16,1.842536
1.0,31,1.844022
0.0,16,1.844794
1.0,12,1.845394
1.0,14,1.846078
0.0,27,1.847326
0.0,2,1.847486
0.0,16,1.848256
0.0,2,1.848412
1.0,20,1.849356
0.0,41,1.851216
1.0,14,1.851892
1.0,17,1.852707
0.0,30,1.854108
0.0,8,1.854527
0.0,4,1.854769
1.0,26,1.855969
0.0,4,1.856223
0.0,47,1.858352
0.0,32,1.859818
0.0,5,1.860119
0.0,12,1.860712
0.0,16,1.861486
0.0,20,1.86244
0.0,6,1.86277
0.0,20,1.863717
0.0,11,1.86428
1.0,43,1.866231
1.0,16,1.866999
0.0,7,1.86738
0.0,10,1.867882
1.0,31,1.869314
0.0,28,1.87061
0.0,23,1.871691
1.0,22,1.872727
1.0,18,1.873597
0.0,29,1.874929
0.0,49,1.877149
0.0,5,1.877436
0.0,47,1.879551
0.0,38,1.881283
1.0,10,1.881788
0.0,7,1.882172
0.0,7,1.882544
1.0,42,1.884451
0.0,15,1.885182
0.0,9,1.885645
0.0,6,1.885979
0.0,51,1.88828
0.0,5,1.888571
0.0,38,1.890308
0.0,44,1.892304
0.0,6,1.89264
0.0,1,1.89275
1.0,17,1.893569
0.0,4,1.893814
0.0,3,1.894014
0.0,8,1.894439
0.0,14,1.895124
0.0,6,1.895455
0.0,4,1.895697
0.0,6,1.896026
0.0,4,1.896275
1.0,34,1.897816
0.0,15,1.898553
0.0,33,1.900076
0.0,13,1.900713
0.0,45,1.90274
0.0,8,1.903181
0.0,1,1.903294
0.0,30,1.904671
0.0,47,1.906793
0.0,19,1.9077
0.0,51,1.909997
0.0,28,1.911309
0.0,4,1.911553
1.0,21,1.912548
0.0,1,1.912658
0.0,1,1.912767
1.0,16,1.913549
1.0,24,1.914673
0.0,4,1.914917
0.0,34,1.916479
1.0,29,1.917815
0.0,45,1.919851
0.0,4,1.920108
0.0,81,1.923713
0.0,2,1.92387
0.0,1,1.923981
0.0,4,1.924236
1.0,30,1.925612
0.0,19,1.926518
0.0,6,1.926847
1.0,60,1.929539
0.0,30,1.930914
0.0,8,1.931344
0.0,13,1.931979
0.0,6,1.932318
1.0,19,1.933226
0.0,13,1.933861
0.0,3,1.934072
0.0,15,1.934791
0.0,3,1.934989
0.0,12,1.935591
0.0,23,1.936675
0.0,100,1.941103
1.0,48,1.943272
0.0,4,1.943515
0.0,9,1.943976
0.0,9,1.944447
0.0,5,1.944733
0.0,17,1.945545
1.0,34,1.947105
1.0,7,1.947478
1.0,19,1.948375
0.0,2,1.948591
1.0,27,1.949846
0.0,4,1.950099
1.0,17,1.950902
0.0,6,1.951242
0.0,5,1.951528
0.0,60,1.954217
1.0,44,1.956205
0.0,61,1.958916
0.0,12,1.959517
1.0,18,1.960379
0.0,7,1.960752
0.0,23,1.961822
0.0,7,1.962209
0.0,20,1.963158
1.0,29,1.964491
0.0,11,1.965038
0.0,4,1.965288
1.0,19,1.966184
1.0,18,1.967033
0.0,12,1.967626
0.0,21,1.968611
1.0,20,1.969551
0.0,40,1.971361
0.0,15,1.972091
0.0,18,1.972943
0.0,5,1.973243
1.0,32,1.974706
0.0,4,1.974947
1.0,34,1.9765
1.0,29,1.977833
0.0,16,1.978617
0.0,13,1.979264
1.0,28,1.980553
0.0,13,1.981194
1.0,10,1.981698
0.0,2,1.981851
1.0,72,1.985047
1.0,15,1.98577
0.0,12,1.986371
0.0,8,1.986784
0.0,5,1.987082
1.0,33,1.988577
0.0,17,1.989395
0.0,2,1.989553
0.0,33,1.991044
0.0,8,1.991472
0.0,1,1.991581
1.0,17,1.992394
0.0,32,1.993854
1.0,22,1.99488
1.0,19,1.995775
0.0,10,1.99637
1.0,19,1.997291
1.0,30,1.998678
0.0,35,2.000287
0.0,8,2.00071
0.0,23,2.001787
0.0,20,2.00274
0.0,36,2.004398
0.0,5,2.004687
0.0,6,2.005022
0.0,11,2.00558
0.0,6,2.005914
1.0,26,2.00714
1.0,34,2.008701
0.0,13,2.009347
1.0,19,2.010257
0.0,3,2.010457
1.0,20,2.011405
0.0,15,2.012135
0.0,16,2.012902
0.0,60,2.015604
1.0,26,2.016817
0.0,9,2.01729
0.0,22,2.01833
1.0,21,2.019325
1.0,33,2.020836
0.0,8,2.021267
0.0,6,2.0216
0.0,100,2.026034
0.0,18,2.026896
0.0,3,2.027107
1.0,23,2.028188
1.0,25,2.029358
0.0,7,2.029735
1.0,15,2.030466
0.0,6,2.030801
0.0,6,2.031142
0.0,23,2.032225
1.0,38,2.033966
1.0,11,2.034529
0.0,10,2.035032
0.0,2,2.035198
1.0,37,2.036884
1.0,41,2.038754
1.0,22,2.03979
1.0,54,2.042236
0.0,2,2.042394
0.0,3,2.042595
0.0,45,2.044641
0.0,3,2.044843
0.0,1,2.044953
0.0,2,2.045119
0.0,14,2.045799
0.0,7,2.046184
0.0,30,2.047566
1.0,27,2.048818
1.0,12,2.049422
1.0,23,2.050499
0.0,4,2.050741
0.0,24,2.051863
0.0,5,2.052221
0.0,28,2.053527
0.0,5,2.053818
0.0,22,2.054851
1.0,10,2.055372
0.0,5,2.055658
0.0,10,2.056177
0.0,9,2.056643
0.0,54,2.059081
0.0,28,2.060381
0.0,18,2.061248
0.0,15,2.061974
1.0,17,2.062795
0.0,5,2.063099
0.0,1,2.06321
0.0,3,2.063409
0.0,2,2.063565
0.0,40,2.06539
1.0,33,2.066908
0.0,10,2.067428
1.0,51,2.069746
0.0,5,2.070032
1.0,35,2.071648
0.0,1,2.071761
0.0,31,2.073206
0.0,15,2.07393
0.0,6,2.074269
0.0,21,2.07526
0.0,1,2.075375
0.0,19,2.076277
0.0,6,2.07661
1.0,15,2.07734
1.0,24,2.078463
0.0,32,2.079933
0.0,1,2.080045
0.0,22,2.081092
1.0,19,2.081995
1.0,12,2.082596
0.0,4,2.082839
0.0,23,2.083921
0.0,2,2.084091
0.0,4,2.084337
0.0,5,2.084626
0.0,11,2.085183
0.0,12,2.085782
0.0,7,2.086167
0.0,7,2.086543
0.0,12,2.087146
0.0,17,2.087953
0.0,44,2.089951
0.0,3,2.090163
1.0,9,2.090627
0.0,7,2.090999
0.0,40,2.092818
0.0,4,2.093081
0.0,47,2.095211
0.0,32,2.096686
0.0,2,2.096843
0.0,1,2.096955
0.0,18,2.097816
0.0,4,2.098071
0.0,13,2.098711
0.0,42,2.100628
0.0,22,2.101669
0.0,9,2.102143
0.0,6,2.102474
0.0,7,2.102848
0.0,31,2.104292
0.0,8,2.104717
0.0,41,2.106596
0.0,6,2.10693
0.0,1,2.107043
0.0,25,2.10822
0.0,5,2.108509
0.0,68,2.111568
0.0,3,2.111772
0.0,16,2.112554
1.0,18,2.113422
0.0,16,2.1142
1.0,56,2.116707
0.0,3,2.116909
0.0,20,2.117868
0.0,71,2.121063
1.0,56,2.123585
1.0,13,2.124227
0.0,4,2.12447
0.0,3,2.124668
0.0,3,2.124867
0.0,2,2.125024
0.0,2,2.125188
0.0,3,2.125388
0.0,53,2.127772
0.0,4,2.128017
0.0,7,2.128399
0.0,28,2.129697
0.0,3,2.129898
1.0,37,2.131582
0.0,25,2.132749
0.0,18,2.133622
0.0,10,2.134141
0.0,4,2.134386
1.0,17,2.135201
0.0,2,2.13536
0.0,17,2.136174
1.0,23,2.137254
1.0,16,2.138014
0.0,20,2.138958
0.0,6,2.139301
1.0,50,2.141557
1.0,16,2.142334
1.0,24,2.143465
1.0,25,2.144632
1.0,13,2.145279
0.0,19,2.146187
0.0,13,2.146822
0.0,8,2.147255
1.0,28,2.148549
0.0,15,2.149285
0.0,1,2.149398
0.0,13,2.150031
1.0,52,2.152383
1.0,13,2.153093
0.0,39,2.154871
0.0,9,2.155346
0.0,8,2.155765
0.0,47,2.1579
0.0,5,2.158201
0.0,4,2.158447
0.0,41,2.160321
0.0,23,2.161402
0.0,19,2.162309
1.0,16,2.163095
0.0,10,2.163604
0.0,19,2.164505
0.0,24,2.16563
1.0,21,2.166621
0.0,20,2.167566
0.0,21,2.168563
0.0,4,2.168808
1.0,13,2.169453
0.0,36,2.171107
0.0,40,2.172921
1.0,21,2.173922
0.0,14,2.174616
1.0,36,2.176265
1.0,19,2.177171
0.0,12,2.177764
0.0,24,2.178885
0.0,3,2.179097
1.0,8,2.179515
1.0,17,2.180334
0.0,9,2.180811
0.0,13,2.181458
1.0,13,2.182104
0.0,14,2.182783
0.0,1,2.182894
1.0,11,2.183463
0.0,42,2.185369
0.0,7,2.185745
0.0,14,2.18644
0.0,3,2.186641
0.0,31,2.188063
0.0,8,2.188484
0.0,2,2.188642
0.0,13,2.189287
0.0,15,2.19001
0.0,1,2.190131
1.0,17,2.190956
1.0,23,2.192029
1.0,36,2.193694
0.0,6,2.194026
0.0,19,2.194927
0.0,1,2.195038
0.0,4,2.195295
0.0,8,2.195711
0.0,2,2.195865
0.0,2,2.196022
1.0,19,2.196918
1.0,11,2.197477
0.0,37,2.199179
0.0,29,2.200525
0.0,27,2.201787
0.0,4,2.202031
1.0,54,2.204477
0.0,3,2.204679
0.0,4,2.204923
0.0,2,2.205088
0.0,9,2.205552
1.0,32,2.207012
1.0,13,2.207653
1.0,57,2.210217
0.0,13,2.210848
0.0,13,2.211492
0.0,1,2.211606
0.0,24,2.212726
0.0,1,2.212838
0.0,9,2.21332
0.0,12,2.213909
0.0,45,2.215936
1.0,17,2.216756
0.0,8,2.217186
0.0,1,2.217301
0.0,72,2.220515
1.0,51,2.22282
0.0,30,2.224226
0.0,11,2.224774
0.0,1,2.224887
0.0,13,2.225529
0.0,3,2.225731
0.0,20,2.226671
0.0,54,2.229099
0.0,34,2.230655
0.0,1,2.230767
0.0,38,2.232515
0.0,20,2.233478
1.0,20,2.234429
0.0,5,2.234719
0.0,13,2.235367
1.0,30,2.236755
0.0,12,2.237355
0.0,2,2.237515
1.0,7,2.237887
0.0,5,2.238185
1.0,14,2.238866
1.0,28,2.240175
0.0,8,2.240594
0.0,4,2.240835
1.0,16,2.241613
1.0,13,2.24226
0.0,45,2.244302
0.0,9,2.244768
0.0,13,2.245415
0.0,37,2.247118
1.0,13,2.247757
1.0,21,2.248748
0.0,3,2.248951
0.0,5,2.249252
1.0,23,2.250334
0.0,4,2.25058
0.0,14,2.251267
0.0,4,2.251513
0.0,7,2.251889
1.0,17,2.252711
1.0,34,2.254344
0.0,5,2.254635
1.0,23,2.255712
1.0,22,2.256747
0.0,7,2.257135
0.0,10,2.257647
0.0,3,2.257848
1.0,22,2.258887
0.0,20,2.259837
1.0,14,2.260528
0.0,3,2.260731
0.0,30,2.262129
0.0,6,2.262465
0.0,11,2.263013
0.0,2,2.263185
0.0,10,2.263693
0.0,3,2.263892
0.0,11,2.264455
1.0,33,2.265965
0.0,33,2.267495
0.0,17,2.268326
0.0,22,2.269365
0.0,3,2.269568
0.0,12,2.270166
0.0,36,2.27181
0.0,19,2.272721
0.0,1,2.272833
0.0,8,2.273271
0.0,2,2.273427
0.0,13,2.274069
0.0,67,2.277081
1.0,23,2.278165
1.0,18,2.279016
0.0,3,2.279225
0.0,11,2.279772
0.0,28,2.281074
0.0,4,2.28132
1.0,28,2.282614
0.0,54,2.285041
0.0,11,2.285601
1.0,10,2.286115
0.0,38,2.287846
0.0,4,2.288103
0.0,10,2.288612
0.0,11,2.289173
1.0,43,2.291131
1.0,26,2.292343
0.0,5,2.292629
1.0,10,2.293147
0.0,12,2.293739
1.0,35,2.295354
0.0,33,2.296866
0.0,10,2.297385
0.0,6,2.297716
0.0,35,2.299313
0.0,36,2.300952
0.0,9,2.301425
0.0,10,2.301932
0.0,21,2.302919
0.0,49,2.305155
0.0,6,2.305487
0.0,2,2.305644
0.0,29,2.306989
0.0,45,2.309029
0.0,8,2.309456
1.0,25,2.310617
0.0,30,2.311994
0.0,3,2.312207
0.0,4,2.312456
0.0,4,2.312697
0.0,2,2.312852
1.0,44,2.314851
1.0,19,2.31576
1.0,16,2.316536
1.0,16,2.317321
0.0,1,2.317431
0.0,4,2.317675
0.0,46,2.319754
1.0,32,2.321231
0.0,4,2.321476
0.0,20,2.32242
0.0,4,2.322666
0.0,23,2.323742
0.0,1,2.323856
0.0,10,2.324375
0.0,7,2.324748
0.0,27,2.325997
0.0,4,2.32625
0.0,1,2.326361
1.0,9,2.326824
0.0,12,2.327425
0.0,6,2.327757
1.0,13,2.328404
1.0,39,2.330173
1.0,12,2.330761
0.0,16,2.331528
0.0,5,2.331817
0.0,40,2.333642
1.0,20,2.334594
1.0,39,2.336371
0.0,3,2.336573
0.0,2,2.336729
0.0,1,2.33684
0.0,27,2.338094
0.0,3,2.338295
0.0,15,2.339012
1.0,15,2.33974
0.0,21,2.340735
1.0,16,2.341518
1.0,7,2.341892
0.0,81,2.345519
0.0,7,2.345896
1.0,72,2.349119
0.0,11,2.349668
0.0,8,2.350092
1.0,15,2.350816
0.0,4,2.35107
0.0,31,2.352503
1.0,55,2.354975
0.0,6,2.355378
1.0,63,2.358241
1.0,12,2.358834
0.0,1,2.358945
1.0,32,2.360428
0.0,26,2.361639
1.0,26,2.362852
1.0,13,2.363502
0.0,9,2.36396
0.0,29,2.365313
0.0,9,2.365777
0.0,8,2.366204
0.0,11,2.366754
0.0,14,2.367443
1.0,17,2.368263
1.0,18,2.369128
1.0,16,2.369891
0.0,9,2.370361
0.0,12,2.370955
0.0,79,2.37448
0.0,3,2.374682
0.0,47,2.376798
0.0,15,2.377533
0.0,5,2.377824
0.0,3,2.378023
0.0,4,2.378277
0.0,7,2.378652
0.0,20,2.3796
1.0,32,2.381079
0.0,2,2.381238
1.0,24,2.382358
0.0,15,2.383094
0.0,9,2.383554
1.0,25,2.384715
0.0,7,2.385099
1.0,41,2.386948
0.0,3,2.387164
0.0,17,2.387971
0.0,1,2.388094
0.0,8,2.388515
0.0,18,2.38938
0.0,1,2.389491
1.0,36,2.39114
0.0,7,2.391518
0.0,10,2.392019
1.0,14,2.392709
0.0,7,2.393104
0.0,14,2.393787
0.0,26,2.394996
0.0,18,2.395861
0.0,8,2.396293
0.0,1,2.396404
0.0,7,2.396778
0.0,5,2.397092
0.0,27,2.398343
1.0,14,2.399026
0.0,37,2.400714
0.0,6,2.401045
0.0,2,2.401214
1.0,36,2.402852
0.0,46,2.404938
0.0,6,2.405282
0.0,10,2.405789
0.0,4,2.406035
0.0,26,2.407257
0.0,29,2.408595
0.0,29,2.409938
0.0,23,2.411021
0.0,3,2.411234
0.0,27,2.412488
0.0,3,2.412689
0.0,10,2.413215
0.0,49,2.415441
0.0,16,2.416221
0.0,14,2.416902
0.0,27,2.418172
0.0,6,2.418505
0.0,13,2.419146
1.0,14,2.41983
0.0,8,2.420261
0.0,30,2.421644
1.0,31,2.423082
0.0,7,2.42346
0.0,8,2.423876
0.0,2,2.424033
0.0,64,2.426904
0.0,8,2.427336
0.0,9,2.4278
0.0,6,2.428143
0.0,2,2.428302
0.0,14,2.428975
1.0,21,2.429969
0.0,11,2.430524
0.0,7,2.430904
0.0,15,2.431638
1.0,19,2.432553
1.0,16,2.433334
0.0,6,2.433666
0.0,1,2.433776
0.0,72,2.436996
0.0,3,2.437208
1.0,16,2.437968
1.0,11,2.438528
0.0,29,2.439869
0.0,16,2.440643
0.0,21,2.441636
0.0,11,2.442197
0.0,64,2.445078
0.0,6,2.445414
1.0,25,2.446573
0.0,2,2.446731
0.0,5,2.447017
1.0,48,2.4492
0.0,35,2.450791
0.0,2,2.450948
0.0,2,2.451113
0.0,16,2.451876
0.0,4,2.452131
1.0,33,2.453645
0.0,34,2.455206
0.0,9,2.455726
0.0,4,2.455971
0.0,5,2.45627
1.0,39,2.458045
0.0,8,2.458472
0.0,52,2.460822
0.0,2,2.460979
0.0,4,2.461233
0.0,22,2.46227
0.0,35,2.463882
1.0,31,2.465327
0.0,14,2.466
0.0,9,2.466467
0.0,36,2.46813
0.0,25,2.469294
0.0,7,2.46967
1.0,24,2.47079
0.0,1,2.470901
0.0,5,2.4712
0.0,32,2.472666
0.0,4,2.47291
0.0,34,2.474483
0.0,1,2.474596
1.0,41,2.476456
1.0,34,2.478015
1.0,83,2.481713
1.0,21,2.482712
0.0,4,2.482956
0.0,5,2.483262
0.0,2,2.483421
0.0,5,2.483709
0.0,13,2.484353
0.0,2,2.484512
1.0,18,2.485371
0.0,4,2.485617
0.0,7,2.485993
1.0,33,2.487518
0.0,21,2.48851
1.0,42,2.490427
0.0,14,2.491121
0.0,27,2.492381
0.0,2,2.49254
0.0,4,2.492785
0.0,5,2.49309
0.0,14,2.493766
1.0,8,2.494196
0.0,8,2.494612
0.0,35,2.49622
0.0,1,2.496334
1.0,14,2.497012
0.0,11,2.497569
1.0,11,2.498137
0.0,22,2.499176
0.0,12,2.49977
0.0,7,2.500157
0.0,6,2.500493
0.0,7,2.50087
0.0,18,2.501733
0.0,2,2.501889
0.0,24,2.503007
1.0,9,2.503481
0.0,47,2.505611
0.0,4,2.50586
0.0,18,2.506718
1.0,30,2.50811
0.0,3,2.508313
0.0,34,2.509864
0.0,1,2.509976
0.0,29,2.511326
0.0,10,2.511832
0.0,5,2.512131
0.0,17,2.512939
0.0,7,2.513335
0.0,4,2.513579
1.0,24,2.5147
1.0,7,2.515086
0.0,3,2.515288
0.0,10,2.515794
1.0,43,2.517749
1.0,19,2.518654
0.0,2,2.518809
0.0,28,2.520107
0.0,1,2.520221
0.0,1,2.520331
0.0,11,2.52088
0.0,36,2.522529
0.0,7,2.524075
0.0,14,2.5248
1.0,7,2.525199
1.0,17,2.526012
0.0,1,2.526145
0.0,34,2.527715
0.0,11,2.528302
0.0,4,2.528547
0.0,17,2.529374
0.0,32,2.530848
1.0,28,2.532184
1.0,18,2.533076
0.0,1,2.533194
1.0,19,2.534095
1.0,24,2.535228
0.0,5,2.535526
1.0,29,2.536869
1.0,10,2.537407
1.0,34,2.538966
1.0,22,2.540027
0.0,12,2.540633
0.0,6,2.540962
1.0,37,2.542665
0.0,6,2.54302
0.0,5,2.54333
0.0,9,2.543792
0.0,17,2.544615
0.0,42,2.546536
1.0,52,2.548917
0.0,20,2.549915
0.0,4,2.550182
0.0,2,2.550339
1.0,21,2.551337
1.0,42,2.553264
0.0,1,2.553404
0.0,5,2.553696
1.0,40,2.555526
0.0,8,2.55617
1.0,12,2.556765
1.0,18,2.557629
1.0,17,2.55845
0.0,12,2.559043
0.0,22,2.560094
0.0,4,2.560344
0.0,7,2.560712
1.0,9,2.561192
1.0,13,2.561827
0.0,2,2.561983
1.0,7,2.562369
1.0,28,2.563678
1.0,13,2.56433
0.0,6,2.564665
1.0,19,2.565576
0.0,13,2.566226
0.0,29,2.567575
0.0,11,2.568148
0.0,12,2.568743
1.0,30,2.570138
1.0,18,2.571009
0.0,8,2.571447
0.0,3,2.571648
1.0,53,2.574067
1.0,45,2.576104
0.0,14,2.576783
0.0,30,2.578176
0.0,2,2.578336
0.0,7,2.57871
0.0,14,2.579395
0.0,4,2.579641
0.0,1,2.57975
0.0,81,2.583368
0.0,5,2.58366
0.0,15,2.584391
0.0,15,2.585129
0.0,16,2.585898
0.0,13,2.586546
1.0,15,2.58728
0.0,53,2.58968
0.0,2,2.589838
0.0,51,2.59215
1.0,47,2.594287
0.0,14,2.594967
0.0,24,2.596101
0.0,2,2.596257
1.0,18,2.597122
0.0,21,2.598117
0.0,68,2.601161
0.0,1,2.601273
0.0,4,2.60152
0.0,3,2.601723
0.0,12,2.602325
0.0,12,2.602922
0.0,20,2.603878
0.0,2,2.604034
0.0,15,2.604766
1.0,32,2.606244
0.0,22,2.607304
0.0,24,2.608429
0.0,4,2.608673
1.0,44,2.610666
0.0,16,2.611439
1.0,12,2.612031
1.0,17,2.612848
1.0,17,2.613675
0.0,36,2.615329
0.0,5,2.615616
0.0,7,2.615995
0.0,41,2.617857
0.0,4,2.618117
1.0,11,2.618664
0.0,4,2.618907
0.0,11,2.619466
0.0,12,2.620075
0.0,8,2.620496
0.0,14,2.621186
0.0,3,2.621386
0.0,4,2.62163
0.0,6,2.621958
0.0,4,2.622214
1.0,36,2.623867
1.0,20,2.624819
0.0,7,2.625206
0.0,38,2.626938
0.0,26,2.628158
0.0,33,2.62967
0.0,2,2.629827
0.0,17,2.630651
0.0,1,2.630764
0.0,4,2.631011
1.0,28,2.632322
0.0,15,2.633043
0.0,4,2.633303
1.0,21,2.634296
0.0,4,2.634539
0.0,9,2.634998
1.0,53,2.637388
1.0,27,2.638638
0.0,35,2.640243
0.0,19,2.641154
0.0,5,2.641441
0.0,9,2.641905
0.0,8,2.642339
0.0,39,2.644116
0.0,9,2.64458
0.0,13,2.645227
0.0,1,2.645341
0.0,1,2.645453
0.0,3,2.645654
0.0,10,2.64617
1.0,13,2.646803
1.0,42,2.648717
0.0,31,2.650152
0.0,14,2.650829
1.0,10,2.651345
0.0,19,2.652252
0.0,13,2.652887
1.0,23,2.65397
1.0,39,2.655749
0.0,9,2.656315
0.0,12,2.656908
0.0,2,2.657077
0.0,9,2.657542
0.0,29,2.65888
0.0,9,2.659358
0.0,11,2.659908
0.0,17,2.660726
0.0,4,2.660973
0.0,16,2.661746
0.0,12,2.662348
0.0,23,2.663437
1.0,8,2.663858
0.0,10,2.664372
1.0,24,2.665498
0.0,32,2.666959
0.0,1,2.667114
0.0,11,2.667668
1.0,9,2.668144
1.0,10,2.66865
0.0,61,2.671409
0.0,19,2.672316
0.0,4,2.672563
0.0,3,2.672764
0.0,7,2.673155
0.0,7,2.673532
0.0,23,2.674616
0.0,4,2.674864
0.0,7,2.675251
1.0,18,2.676118
0.0,2,2.676274
1.0,15,2.676991
1.0,27,2.678254
1.0,7,2.678627
0.0,11,2.679183
0.0,41,2.681036
0.0,2,2.681205
0.0,17,2.682012
0.0,37,2.683747
1.0,29,2.685109
0.0,53,2.687522
0.0,29,2.688865
0.0,4,2.689119
0.0,16,2.689886
0.0,2,2.690041
0.0,32,2.691516
0.0,10,2.692028
0.0,18,2.692891
0.0,15,2.693627
0.0,28,2.694921
1.0,14,2.695616
1.0,36,2.697265
1.0,12,2.69786
0.0,15,2.69859
0.0,26,2.699798
1.0,14,2.700493
0.0,3,2.700693
1.0,38,2.702434
0.0,53,2.704831
1.0,35,2.706441
1.0,29,2.707775
0.0,22,2.70881
1.0,7,2.7092
0.0,44,2.711193
1.0,9,2.711658
0.0,5,2.711945
0.0,23,2.713029
0.0,10,2.713555
0.0,11,2.714114
0.0,7,2.714492
1.0,30,2.715876
0.0,2,2.716036
0.0,28,2.717345
1.0,32,2.718815
0.0,1,2.718928
0.0,31,2.72036
1.0,25,2.721524
0.0,7,2.7219
0.0,5,2.722199
1.0,12,2.722794
0.0,4,2.723037
0.0,18,2.723901
1.0,16,2.724674
0.0,23,2.725756
0.0,21,2.72675
0.0,12,2.727353
0.0,2,2.727512
0.0,11,2.728066
1.0,28,2.729356
0.0,33,2.730862
0.0,34,2.732427
1.0,61,2.735169
0.0,68,2.738211
0.0,44,2.740209
1.0,50,2.742464
0.0,42,2.744376
0.0,34,2.74593
0.0,19,2.746835
0.0,24,2.74796
0.0,6,2.748303
0.0,7,2.748678
0.0,18,2.749537
1.0,11,2.750101
0.0,1,2.750211
1.0,17,2.75102
0.0,8,2.751449
1.0,24,2.752577
0.0,41,2.75445
0.0,5,2.754738
0.0,30,2.756134
0.0,13,2.75677
0.0,6,2.757113
0.0,11,2.757664
0.0,29,2.759002
0.0,2,2.759168
0.0,22,2.760202
1.0,30,2.761588
1.0,18,2.76245
0.0,2,2.762607
1.0,22,2.763647
0.0,37,2.765402
0.0,10,2.765912
0.0,9,2.766388
1.0,18,2.767252
1.0,29,2.768591
1.0,26,2.769799
0.0,8,2.770227
0.0,1,2.770339
1.0,71,2.77352
0.0,27,2.774773
0.0,5,2.775072
1.0,11,2.775627
1.0,18,2.776491
1.0,47,2.778617
1.0,15,2.779348
0.0,18,2.780207
1.0,23,2.78128
0.0,8,2.7817
1.0,31,2.783145
0.0,2,2.783302
0.0,26,2.784507
0.0,19,2.785412
0.0,28,2.786712
1.0,17,2.787534
0.0,2,2.78769
1.0,15,2.788421
0.0,9,2.788885
0.0,3,2.789095
0.0,2,2.789253
0.0,35,2.790849
0.0,16,2.791629
1.0,21,2.792624
0.0,4,2.792868
0.0,25,2.794039
1.0,11,2.794602
0.0,31,2.796033
0.0,5,2.79633
0.0,23,2.797414
0.0,83,2.801129
0.0,1,2.801241
1.0,30,2.802621
0.0,4,2.802864
0.0,2,2.803018
0.0,24,2.804143
0.0,7,2.80452
0.0,18,2.805382
0.0,7,2.805756
0.0,56,2.808271
0.0,17,2.809089
0.0,1,2.809203
0.0,2,2.809357
0.0,8,2.809776
0.0,5,2.810075
0.0,11,2.810626
0.0,2,2.810783
0.0,16,2.811557
1.0,14,2.812252
1.0,47,2.814391
0.0,51,2.816688
0.0,2,2.816844
0.0,8,2.817276
0.0,1,2.817387
0.0,4,2.817632
0.0,15,2.818368
0.0,42,2.820276
1.0,52,2.822617
0.0,43,2.824595
1.0,10,2.825113
0.0,7,2.825488
0.0,25,2.826649
0.0,10,2.827169
0.0,37,2.82886
0.0,32,2.830338
0.0,3,2.830539
0.0,11,2.831098
0.0,44,2.833106
1.0,33,2.834619
0.0,7,2.834994
0.0,3,2.835206
0.0,1,2.83532
1.0,21,2.83631
0.0,95,2.84052
0.0,6,2.840854
0.0,32,2.842339
0.0,5,2.842629
0.0,6,2.842962
0.0,34,2.844532
0.0,1,2.844644
0.0,18,2.845505
0.0,7,2.845885
0.0,24,2.847005
0.0,6,2.847346
1.0,31,2.848773
1.0,24,2.849895
0.0,16,2.850674
1.0,18,2.851544
0.0,4,2.851787
0.0,17,2.852601
0.0,28,2.8539
0.0,18,2.854765
1.0,35,2.856372
0.0,8,2.856787
0.0,41,2.858649
0.0,25,2.859812
1.0,27,2.861076
0.0,9,2.861539
0.0,14,2.862224
0.0,1,2.862336
1.0,10,2.862839
1.0,35,2.864451
0.0,3,2.864653
0.0,15,2.865381
1.0,44,2.867378
0.0,3,2.867578
0.0,16,2.868351
0.0,12,2.868942
0.0,67,2.871939
0.0,5,2.872297
0.0,18,2.873171
0.0,21,2.874169
0.0,1,2.874281
1.0,34,2.875839
0.0,54,2.878291
1.0,23,2.879379
0.0,18,2.880243
0.0,31,2.881674
0.0,24,2.882801
0.0,6,2.883149
0.0,43,2.885109
0.0,9,2.885576
1.0,37,2.88727
0.0,9,2.887731
0.0,13,2.888377
0.0,1,2.888489
0.0,4,2.888731
0.0,15,2.889474
1.0,32,2.890943
1.0,10,2.891458
0.0,45,2.89351
0.0,15,2.894246
1.0,12,2.894837
0.0,1,2.894948
0.0,13,2.895596
1.0,23,2.89668
1.0,30,2.898075
1.0,15,2.898802
1.0,25,2.899966
1.0,37,2.901663
0.0,14,2.902353
1.0,29,2.903697
0.0,2,2.903856
0.0,8,2.904286
0.0,7,2.904662
0.0,3,2.904863
1.0,10,2.905376
0.0,53,2.907767
0.0,3,2.907967
0.0,100,2.912416
0.0,10,2.912927
0.0,22,2.913967
0.0,4,2.914222
0.0,13,2.914857
0.0,4,2.915109
0.0,23,2.916187
0.0,3,2.916391
0.0,87,2.92027
1.0,7,2.920644
0.0,19,2.92155
0.0,38,2.923298
0.0,12,2.923888
1.0,26,2.925111
0.0,3,2.925311
0.0,15,2.926029
1.0,41,2.927896
0.0,6,2.928242
0.0,25,2.929409
0.0,13,2.930047
0.0,4,2.930303
1.0,29,2.931636
1.0,45,2.933671
1.0,28,2.934965
1.0,52,2.937335
1.0,18,2.93822
0.0,12,2.938812
0.0,5,2.939112
0.0,29,2.940452
0.0,6,2.940782
0.0,25,2.941947
0.0,6,2.942291
0.0,8,2.942709
1.0,15,2.943449
0.0,6,2.943777
1.0,41,2.945643
0.0,3,2.945845
0.0,20,2.946793
1.0,18,2.947657
0.0,2,2.947815
0.0,4,2.948068
0.0,12,2.948657
1.0,33,2.950182
0.0,16,2.950951
0.0,17,2.95177
0.0,2,2.951928
1.0,30,2.953332
0.0,2,2.953488
0.0,5,2.953777
1.0,7,2.954161
0.0,7,2.954533
1.0,16,2.95531
0.0,7,2.955686
0.0,14,2.956378
0.0,5,2.956667
0.0,10,2.957183
0.0,8,2.957601
1.0,25,2.958771
0.0,16,2.95955
1.0,18,2.960414
0.0,1,2.960524
0.0,20,2.961478
0.0,4,2.961721
0.0,38,2.963469
0.0,4,2.963717
0.0,69,2.966819
1.0,14,2.967517
1.0,25,2.968685
0.0,24,2.969812
0.0,11,2.970375
0.0,7,2.970752
0.0,23,2.971831
0.0,13,2.972474
0.0,2,2.972632
1.0,18,2.9735
0.0,13,2.974224
0.0,8,2.974646
1.0,23,2.975726
0.0,4,2.975969
0.0,8,2.9764
0.0,24,2.97753
1.0,66,2.980486
0.0,27,2.981735
1.0,9,2.982212
1.0,14,2.98289
0.0,20,2.983843
0.0,1,2.983955
1.0,22,2.984984
0.0,16,2.985756
0.0,21,2.986754
0.0,23,2.987833
0.0,3,2.988037
0.0,1,2.98816
0.0,69,2.991246
0.0,30,2.992634
0.0,26,2.993854
0.0,6,2.9942
0.0,2,2.994356
1.0,45,2.996395
0.0,10,2.996902
1.0,19,2.997806
0.0,7,2.998192
1.0,25,2.999354
0.0,30,3.000738
0.0,5,3.001029
0.0,11,3.001592
0.0,6,3.001925
1.0,14,3.002613
1.0,10,3.003136
1.0,10,3.003639
0.0,68,3.006679
0.0,4,3.006926
0.0,5,3.007221
1.0,8,3.007638
1.0,32,3.009111
0.0,5,3.009401
1.0,27,3.010648
1.0,36,3.012304
0.0,22,3.01335
1.0,22,3.014381
0.0,12,3.014971
0.0,9,3.015445
0.0,16,3.016223
0.0,3,3.016423
0.0,14,3.017112
0.0,23,3.018191
0.0,4,3.018434
0.0,7,3.018807
0.0,20,3.01975
0.0,20,3.020698
1.0,14,3.021385
0.0,20,3.022336
0.0,21,3.023336
0.0,29,3.024677
1.0,25,3.025844
0.0,24,3.026965
0.0,17,3.027789
0.0,39,3.029573
0.0,1,3.029687
0.0,10,3.030204
1.0,21,3.031202
0.0,6,3.031536
0.0,26,3.032745
0.0,13,3.033404
1.0,30,3.034791
1.0,21,3.035779
1.0,33,3.037296
1.0,9,3.03776
0.0,4,3.038004
0.0,32,3.039479
0.0,12,3.04008
0.0,4,3.040328
0.0,5,3.040613
0.0,17,3.041432
0.0,1,3.041546
0.0,15,3.042282
0.0,4,3.042528
0.0,10,3.043061
1.0,21,3.044046
0.0,41,3.045922
0.0,3,3.046135
0.0,15,3.046862
0.0,17,3.047681
0.0,11,3.048241
0.0,6,3.048577
0.0,6,3.048912
0.0,12,3.049515
1.0,14,3.050208
0.0,13,3.050849
0.0,10,3.051367
0.0,4,3.051612
1.0,11,3.052169
1.0,33,3.053684
0.0,1,3.053797
0.0,1,3.053908
0.0,16,3.054685
0.0,2,3.054844
0.0,15,3.055579
0.0,9,3.056044
0.0,3,3.056256
0.0,30,3.057637
0.0,10,3.058153
1.0,24,3.059275
0.0,25,3.060446
0.0,18,3.061314
0.0,4,3.06156
1.0,43,3.06352
1.0,36,3.065173
0.0,1,3.065284
0.0,23,3.066357
0.0,18,3.067221
0.0,26,3.068426
1.0,22,3.069472
0.0,53,3.071862
0.0,8,3.072293
1.0,99,3.076688
1.0,15,3.077481
1.0,18,3.078342
0.0,3,3.078543
0.0,2,3.078701
0.0,2,3.078858
0.0,25,3.080024
0.0,1,3.080143
0.0,28,3.081441
0.0,32,3.082912
0.0,37,3.084618
0.0,46,3.086698
1.0,19,3.08761
0.0,9,3.08808
0.0,17,3.08889
0.0,34,3.090458
1.0,9,3.09092
1.0,23,3.091995
1.0,44,3.094
1.0,22,3.095034
0.0,5,3.095333
1.0,32,3.096802
0.0,4,3.097045
1.0,32,3.098522
0.0,16,3.099303
1.0,35,3.100895
0.0,7,3.101279
1.0,16,3.102042
0.0,6,3.102382
1.0,27,3.10364
0.0,4,3.103884
0.0,26,3.105098
0.0,24,3.106222
0.0,15,3.106941
0.0,20,3.107887
0.0,14,3.108578
1.0,19,3.109485
0.0,16,3.110262
0.0,7,3.110636
0.0,25,3.111803
1.0,34,3.11337
1.0,30,3.114751
0.0,1,3.114865
0.0,68,3.117908
0.0,24,3.119027
1.0,41,3.120892
0.0,5,3.12119
0.0,1,3.121304
1.0,37,3.123
0.0,12,3.123608
1.0,10,3.124124
0.0,5,3.124413
1.0,7,3.124786
0.0,1,3.124897
0.0,18,3.125762
0.0,2,3.125923
0.0,25,3.127102
0.0,4,3.127346
0.0,17,3.128169
0.0,55,3.130643
0.0,5,3.130933
1.0,22,3.131963
0.0,50,3.134234
0.0,50,3.136494
0.0,39,3.138273
1.0,21,3.139272
1.0,10,3.139775
1.0,17,3.140597
0.0,3,3.140799
0.0,2,3.140954
0.0,3,3.141165
0.0,39,3.142937
0.0,4,3.143198
1.0,19,3.144106
0.0,11,3.144655
0.0,1,3.144767
0.0,9,3.145241
0.0,34,3.146799
0.0,2,3.146957
0.0,15,3.147693
0.0,3,3.147893
0.0,2,3.148056
0.0,17,3.148868
0.0,10,3.149387
1.0,18,3.150253
0.0,18,3.151124
1.0,15,3.151846
0.0,12,3.152449
1.0,9,3.15291
0.0,9,3.153389
1.0,58,3.155996
0.0,6,3.156339
1.0,62,3.159132
0.0,23,3.160218
0.0,9,3.160682
1.0,19,3.161588
1.0,38,3.16333
1.0,12,3.163923
0.0,3,3.164134
1.0,11,3.164683
1.0,26,3.165896
0.0,1,3.166007
1.0,52,3.168364
0.0,17,3.169183
1.0,18,3.17004
0.0,27,3.171305
0.0,21,3.172298
0.0,2,3.172457
1.0,36,3.174112
0.0,8,3.174535
0.0,8,3.174951
1.0,15,3.175684
0.0,9,3.176157
1.0,22,3.177196
0.0,1,3.177309
0.0,23,3.178387
0.0,4,3.178693
1.0,55,3.181195
0.0,33,3.182723
1.0,32,3.184216
1.0,12,3.184807
0.0,1,3.184919
0.0,20,3.185862
0.0,8,3.186293
0.0,11,3.186843
0.0,12,3.187446
1.0,20,3.188395
1.0,9,3.188859
0.0,2,3.189013
0.0,2,3.189179
1.0,26,3.190388
1.0,20,3.191333
0.0,6,3.191664
0.0,4,3.191908
0.0,16,3.192683
0.0,3,3.192886
0.0,46,3.194975
0.0,10,3.195493
0.0,21,3.196482
0.0,3,3.196685
0.0,3,3.196883
1.0,12,3.197488
0.0,41,3.199356
0.0,27,3.200611
0.0,16,3.201387
0.0,12,3.201975
0.0,12,3.202578
0.0,13,3.203226
0.0,12,3.20382
0.0,15,3.204553
0.0,7,3.204928
0.0,2,3.205096
1.0,12,3.205686
1.0,94,3.209869
0.0,10,3.21039
1.0,14,3.211083
0.0,1,3.211195
0.0,20,3.212146
0.0,11,3.212692
0.0,11,3.213254
0.0,8,3.213671
0.0,9,3.214142
0.0,3,3.214346
0.0,31,3.215771
0.0,34,3.21734
0.0,3,3.217542
0.0,20,3.218489
0.0,4,3.218735
0.0,13,3.219378
0.0,1,3.219491
0.0,37,3.221185
0.0,29,3.222528
0.0,43,3.224491
0.0,15,3.225229
0.0,33,3.226744
0.0,14,3.227436
1.0,26,3.228641
0.0,4,3.228886
0.0,15,3.229617
0.0,1,3.229731
1.0,22,3.230765
0.0,5,3.231064
0.0,1,3.231177
0.0,19,3.232087
0.0,2,3.232244
0.0,2,3.232401
0.0,18,3.233277
0.0,21,3.234277
0.0,45,3.236317
0.0,11,3.236867
1.0,10,3.237381
0.0,7,3.237759
1.0,29,3.239116
0.0,6,3.239449
0.0,5,3.239739
0.0,68,3.242789
0.0,19,3.243704
0.0,1,3.243816
0.0,4,3.24407
0.0,7,3.244448
0.0,1,3.24456
1.0,15,3.245296
0.0,14,3.245975
0.0,10,3.246492
1.0,20,3.247448
1.0,33,3.248964
0.0,5,3.249263
0.0,21,3.250258
1.0,25,3.251424
0.0,100,3.255886
1.0,21,3.256879
0.0,2,3.257039
0.0,37,3.258735
0.0,4,3.25898
1.0,34,3.260549
0.0,1,3.26066
1.0,14,3.261349
1.0,14,3.262027
0.0,3,3.262236
1.0,26,3.263448
0.0,52,3.265792
0.0,23,3.266882
0.0,17,3.267706
0.0,29,3.269045
0.0,14,3.269732
0.0,18,3.270596
0.0,44,3.27259
0.0,30,3.273983
0.0,1,3.274107
0.0,11,3.274657
1.0,27,3.275906
1.0,24,3.277022
0.0,16,3.277796
0.0,100,3.282237
0.0,15,3.28302
0.0,13,3.283666
0.0,27,3.284926
0.0,4,3.285182
0.0,5,3.285473
0.0,9,3.285935
0.0,25,3.287118
1.0,19,3.288013
0.0,5,3.288312
1.0,29,3.289656
0.0,9,3.290133
0.0,37,3.291821
1.0,51,3.294155
1.0,18,3.295007
0.0,29,3.296351
0.0,42,3.298274
0.0,19,3.299181
1.0,11,3.299733
1.0,21,3.300728
1.0,49,3.30295
0.0,12,3.303557
1.0,49,3.305787
1.0,13,3.306437
0.0,6,3.306766
0.0,19,3.307674
1.0,44,3.309674
0.0,20,3.310625
0.0,8,3.311043
0.0,8,3.311472
0.0,2,3.31163
0.0,26,3.312837
0.0,27,3.314109
0.0,11,3.314656
1.0,25,3.315823
0.0,11,3.316381
1.0,14,3.31707
1.0,67,3.320077
0.0,12,3.320673
1.0,16,3.321447
0.0,13,3.322098
0.0,3,3.322301
0.0,12,3.322898
0.0,16,3.323679
0.0,42,3.325605
0.0,5,3.325897
0.0,24,3.327021
0.0,40,3.328843
0.0,12,3.329454
1.0,12,3.330046
0.0,51,3.332353
0.0,3,3.332558
1.0,17,3.33338
0.0,3,3.33358
1.0,27,3.334829
0.0,38,3.336568
0.0,8,3.336987
0.0,10,3.3375
0.0,23,3.338579
0.0,10,3.339097
0.0,13,3.339736
0.0,37,3.341423
0.0,10,3.341934
1.0,23,3.343016
0.0,40,3.344849
1.0,29,3.346206
0.0,9,3.346668
1.0,25,3.347833
0.0,9,3.348305
1.0,23,3.349384
0.0,17,3.3502
0.0,22,3.35124
1.0,19,3.352153
1.0,9,3.352613
0.0,11,3.353179
0.0,19,3.354088
1.0,25,3.355254
1.0,22,3.356287
1.0,16,3.35706
0.0,41,3.358923
0.0,3,3.359138
0.0,1,3.35925
1.0,28,3.360545
0.0,3,3.360747
0.0,13,3.361394
1.0,10,3.361901
1.0,35,3.36351
1.0,21,3.364503
0.0,21,3.365494
0.0,25,3.366667
0.0,1,3.366779
0.0,14,3.367471
0.0,48,3.369645
0.0,3,3.369848
1.0,29,3.371196
1.0,22,3.372228
0.0,8,3.372646
0.0,23,3.373735
0.0,9,3.374209
1.0,31,3.37563
0.0,3,3.375831
0.0,26,3.37704
1.0,14,3.377735
0.0,15,3.378469
1.0,11,3.37902
0.0,18,3.379878
1.0,24,3.381003
0.0,2,3.381169
0.0,2,3.381327
1.0,30,3.382704
1.0,19,3.383617
1.0,13,3.384262
0.0,4,3.384506
0.0,30,3.385888
0.0,1,3.386
1.0,14,3.386681
0.0,11,3.387304
0.0,5,3.387591
0.0,14,3.388283
0.0,7,3.388656
1.0,20,3.389612
0.0,23,3.390685
0.0,7,3.391071
0.0,25,3.392241
0.0,10,3.392745
0.0,5,3.393034
1.0,38,3.394784
1.0,17,3.395606
0.0,5,3.395891
0.0,12,3.396494
0.0,33,3.398011
0.0,1,3.398134
0.0,13,3.398771
1.0,16,3.399548
0.0,8,3.399967
1.0,29,3.401317
0.0,6,3.401648
0.0,2,3.401805
0.0,5,3.402102
0.0,21,3.403104
1.0,21,3.404097
1.0,98,3.408464
0.0,31,3.409889
0.0,19,3.410797
0.0,93,3.414942
0.0,63,3.417773
0.0,4,3.41802
0.0,9,3.41849
0.0,3,3.418689
0.0,3,3.418891
0.0,2,3.419055
0.0,19,3.419963
0.0,13,3.420607
0.0,28,3.4219
0.0,1,3.422014
0.0,24,3.423155
0.0,39,3.424946
0.0,1,3.425068
0.0,1,3.425182
0.0,16,3.425947
0.0,6,3.426288
0.0,35,3.427889
0.0,17,3.428709
0.0,7,3.429097
1.0,23,3.430182
0.0,9,3.430642
0.0,30,3.432028
1.0,18,3.43289
0.0,7,3.433283
0.0,6,3.433617
0.0,23,3.434697
0.0,8,3.435125
0.0,31,3.436557
0.0,30,3.437939
0.0,20,3.438888
1.0,39,3.440679
0.0,6,3.441011
0.0,56,3.443556
0.0,25,3.444726
0.0,1,3.444838
0.0,4,3.445093
0.0,3,3.445293
0.0,17,3.446111
1.0,24,3.447234
0.0,5,3.447523
1.0,14,3.44821
0.0,36,3.449856
1.0,24,3.450979
1.0,29,3.452328
0.0,14,3.453005
0.0,4,3.453261
0.0,4,3.453507
1.0,57,3.456073
0.0,5,3.456366
0.0,4,3.456608
0.0,13,3.457255
0.0,14,3.457934
0.0,100,3.462378
1.0,23,3.463464
0.0,5,3.463753
0.0,6,3.464095
0.0,44,3.466095
0.0,33,3.467613
0.0,17,3.468432
0.0,18,3.469294
1.0,19,3.470203
0.0,1,3.470316
0.0,1,3.470426
1.0,23,3.471504
1.0,9,3.471966
1.0,38,3.473708
1.0,60,3.476398
0.0,1,3.476512
0.0,13,3.477155
0.0,32,3.47863
0.0,9,3.479106
0.0,18,3.479957
0.0,4,3.48021
1.0,14,3.480889
0.0,30,3.482282
1.0,7,3.482656
1.0,15,3.483391
1.0,25,3.484559
0.0,1,3.484683
0.0,32,3.486159
0.0,7,3.486536
0.0,8,3.486956
1.0,11,3.487516
1.0,20,3.488472
0.0,19,3.489438
0.0,12,3.490032
0.0,1,3.490157
1.0,20,3.491109
0.0,4,3.491355
0.0,31,3.492787
0.0,33,3.494324
0.0,4,3.494573
0.0,17,3.495393
0.0,13,3.496031
0.0,14,3.496719
0.0,25,3.49789
0.0,10,3.498407
0.0,1,3.498519
0.0,44,3.500523
0.0,13,3.501173
0.0,3,3.501377
0.0,3,3.501576
0.0,12,3.502185
0.0,3,3.502385
0.0,21,3.503384
0.0,46,3.505475
0.0,5,3.505767
0.0,9,3.506241
0.0,1,3.506354
0.0,46,3.508442
1.0,27,3.509697
0.0,7,3.510081
0.0,12,3.510671
0.0,10,3.51119
0.0,17,3.512001
0.0,4,3.512256
0.0,6,3.512586
0.0,5,3.512875
0.0,4,3.513139
0.0,10,3.513641
0.0,9,3.514113
0.0,19,3.51501
1.0,33,3.516526
1.0,8,3.51695
1.0,15,3.517683
1.0,50,3.519929
1.0,18,3.520792
0.0,5,3.52109
0.0,4,3.521335
0.0,5,3.521623
0.0,6,3.521956
0.0,21,3.522942
0.0,23,3.524029
0.0,2,3.524192
1.0,24,3.525315
0.0,25,3.526483
0.0,25,3.527647
0.0,6,3.527979
1.0,18,3.528843
0.0,1,3.528956
1.0,18,3.52982
0.0,27,3.531088
1.0,15,3.531811
0.0,2,3.531968
0.0,7,3.532353
0.0,11,3.532902
0.0,43,3.534859
0.0,44,3.536849
0.0,13,3.537496
0.0,14,3.538189
0.0,5,3.538479
0.0,68,3.541528
0.0,27,3.542779
0.0,14,3.543479
0.0,1,3.543593
0.0,25,3.544754
0.0,9,3.545228
0.0,15,3.545948
0.0,2,3.546116
1.0,15,3.546835
0.0,19,3.547742
0.0,17,3.548562
0.0,23,3.549643
0.0,16,3.550425
0.0,29,3.551766
0.0,11,3.55233
0.0,12,3.552923
0.0,40,3.554754
0.0,48,3.556928
0.0,5,3.557227
0.0,19,3.558132
0.0,27,3.559391
0.0,50,3.561649
0.0,5,3.561941
0.0,7,3.562328
0.0,1,3.562441
0.0,47,3.564589
1.0,22,3.565627
0.0,9,3.5661
1.0,19,3.566999
1.0,19,3.567897
0.0,9,3.568367
0.0,44,3.570367
0.0,25,3.571538
0.0,5,3.571828
0.0,7,3.572214
1.0,18,3.573079
0.0,94,3.577251
0.0,15,3.577977
0.0,4,3.578231
0.0,4,3.578473
1.0,6,3.578802
0.0,6,3.579144
0.0,4,3.579388
0.0,50,3.581637
0.0,2,3.581796
1.0,15,3.582528
0.0,22,3.583568
0.0,5,3.583861
0.0,2,3.584017
0.0,21,3.585006
1.0,30,3.586397
0.0,2,3.586557
1.0,40,3.588373
0.0,24,3.589495
1.0,64,3.592438
0.0,8,3.592859
0.0,16,3.593641
0.0,9,3.594114
0.0,6,3.594447
0.0,29,3.595788
0.0,1,3.595902
0.0,6,3.596246
1.0,34,3.597803
0.0,26,3.599013
0.0,5,3.59931
0.0,6,3.599643
0.0,39,3.601419
0.0,17,3.602243
1.0,11,3.602793
1.0,22,3.603835
0.0,11,3.604397
1.0,14,3.60509
1.0,31,3.606519
0.0,12,3.607122
1.0,13,3.607758
1.0,10,3.608272
1.0,19,3.609184
0.0,1,3.609294
0.0,20,3.610245
0.0,2,3.610404
0.0,6,3.610737
0.0,2,3.610893
0.0,17,3.611712
1.0,14,3.612404
0.0,20,3.613363
1.0,50,3.615623
0.0,3,3.615824
0.0,2,3.615982
1.0,44,3.617989
0.0,2,3.618159
0.0,7,3.618536
0.0,3,3.618737
0.0,2,3.618892
1.0,24,3.620014
0.0,8,3.62044
0.0,17,3.621267
0.0,6,3.6216
0.0,4,3.621847
0.0,2,3.622004
1.0,16,3.62278
1.0,21,3.623777
0.0,2,3.623935
1.0,14,3.624621
0.0,54,3.627058
1.0,34,3.628621
0.0,20,3.629565
0.0,18,3.630434
1.0,52,3.632778
0.0,3,3.632979
0.0,5,3.633281
0.0,2,3.633438
0.0,8,3.633859
0.0,38,3.635596
1.0,28,3.636894
0.0,71,3.640075
0.0,4,3.640323
0.0,4,3.640565
0.0,3,3.640766
0.0,1,3.640875
0.0,1,3.640985
0.0,40,3.642816
0.0,12,3.643427
0.0,5,3.64372
0.0,16,3.644491
1.0,15,3.645229
0.0,15,3.64595
0.0,9,3.646424
0.0,7,3.646803
0.0,6,3.647145
1.0,48,3.649322
1.0,10,3.649827
0.0,3,3.650028
0.0,8,3.650455
1.0,22,3.651491
0.0,5,3.65178
0.0,21,3.652775
0.0,19,3.653685
0.0,19,3.654594
0.0,48,3.656765
0.0,26,3.657977
0.0,30,3.659382
0.0,8,3.659804
0.0,20,3.660753
0.0,26,3.661961
0.0,26,3.663189
0.0,4,3.663436
0.0,2,3.663593
1.0,40,3.665422
1.0,50,3.667681
1.0,9,3.668156
0.0,26,3.66936
0.0,15,3.670096
0.0,8,3.670512
0.0,40,3.67233
0.0,23,3.67342
1.0,7,3.673797
0.0,10,3.674312
1.0,38,3.676044
1.0,19,3.67695
1.0,25,3.678125
0.0,6,3.678459
0.0,2,3.678615
0.0,14,3.679304
1.0,17,3.680125
0.0,15,3.680845
0.0,57,3.683416
0.0,3,3.683618
0.0,5,3.683907
0.0,10,3.684424
0.0,16,3.68521
0.0,11,3.685762
1.0,30,3.687157
1.0,24,3.68828
1.0,53,3.690665
0.0,5,3.691012
0.0,29,3.692389
0.0,2,3.692548
0.0,10,3.693068
0.0,9,3.693532
0.0,19,3.694443
0.0,26,3.695657
0.0,21,3.696653
0.0,3,3.696856
0.0,2,3.697012
0.0,3,3.697222
0.0,2,3.697378
0.0,65,3.700302
0.0,26,3.701515
1.0,20,3.702467
0.0,33,3.703989
0.0,2,3.704158
1.0,27,3.705407
0.0,10,3.705913
1.0,32,3.707391
0.0,14,3.708076
1.0,16,3.708842
1.0,27,3.710105
0.0,34,3.711665
0.0,8,3.712091
1.0,17,3.712905
0.0,13,3.713573
0.0,3,3.713773
1.0,24,3.714898
0.0,100,3.719362
0.0,1,3.719474
0.0,18,3.720341
1.0,39,3.722122
1.0,22,3.723165
0.0,11,3.723714
0.0,20,3.724673
0.0,38,3.726424
0.0,12,3.727017
0.0,7,3.7274
0.0,15,3.728135
0.0,9,3.728601
0.0,11,3.729162
0.0,7,3.72954
0.0,8,3.729959
0.0,15,3.730693
0.0,15,3.731424
0.0,9,3.731888
0.0,2,3.732043
0.0,3,3.732255
0.0,8,3.732674
0.0,15,3.733412
0.0,21,3.734405
0.0,100,3.738851
0.0,2,3.739009
0.0,3,3.739219
0.0,8,3.739638
0.0,7,3.740011
0.0,23,3.741095
0.0,4,3.741341
0.0,1,3.741454
1.0,11,3.742
0.0,2,3.742167
0.0,35,3.743775
1.0,52,3.746125
0.0,2,3.746281
0.0,4,3.746526
1.0,38,3.748258
1.0,32,3.749722
1.0,35,3.751324
0.0,9,3.751788
1.0,8,3.752217
0.0,3,3.752416
1.0,34,3.753979
0.0,3,3.754193
0.0,1,3.754304
0.0,21,3.755297
0.0,1,3.755411
1.0,53,3.757793
0.0,29,3.759151
1.0,17,3.759967
0.0,14,3.760658
0.0,1,3.76077
0.0,3,3.760973
1.0,48,3.763156
1.0,23,3.764236
1.0,15,3.764961
0.0,7,3.765343
1.0,19,3.766255
0.0,5,3.766544
1.0,15,3.767277
1.0,9,3.767742
0.0,6,3.768083
0.0,22,3.769118
0.0,22,3.77016
0.0,23,3.77124
0.0,2,3.771403
0.0,23,3.772479
0.0,26,3.773696
0.0,4,3.773945
0.0,2,3.774112
0.0,5,3.774403
0.0,4,3.774644
0.0,51,3.77695
0.0,5,3.77725
0.0,11,3.777799
1.0,16,3.778573
0.0,15,3.779302
0.0,5,3.779591
1.0,16,3.780368
0.0,22,3.781404
0.0,4,3.781651
0.0,3,3.781853
0.0,15,3.782586
1.0,28,3.783886
0.0,3,3.784095
0.0,17,3.784904
0.0,7,3.785292
0.0,2,3.785449
1.0,14,3.786138
0.0,5,3.786424
1.0,36,3.788077
0.0,14,3.788756
0.0,9,3.789232
1.0,13,3.78987
1.0,33,3.791389
1.0,16,3.792226
0.0,1,3.792338
0.0,2,3.792492
0.0,12,3.793102
0.0,1,3.793216
1.0,12,3.793808
0.0,15,3.79454
0.0,19,3.795448
0.0,10,3.795956
0.0,15,3.796694
0.0,2,3.796852
0.0,4,3.797105
1.0,26,3.798316
1.0,22,3.799356
0.0,8,3.799776
0.0,74,3.803097
0.0,22,3.804136
0.0,9,3.804601
0.0,13,3.805252
0.0,25,3.806418
0.0,24,3.807543
0.0,24,3.808663
0.0,6,3.808997
0.0,51,3.811301
0.0,4,3.811548
0.0,1,3.811658
0.0,20,3.812605
1.0,32,3.814096
0.0,14,3.81478
1.0,20,3.815734
1.0,17,3.816558
0.0,6,3.816891
1.0,15,3.817618
0.0,34,3.819189
0.0,11,3.819739
1.0,21,3.820736
1.0,20,3.821684
0.0,23,3.822759
0.0,39,3.824546
1.0,27,3.825803
0.0,18,3.826669
0.0,1,3.82678
0.0,21,3.827777
0.0,3,3.827982
0.0,6,3.828324
0.0,4,3.828567
0.0,4,3.828813
0.0,44,3.83082
0.0,5,3.831119
1.0,16,3.831892
0.0,3,3.832103
1.0,55,3.834594
0.0,12,3.8352
1.0,12,3.835795
1.0,12,3.836395
1.0,29,3.837742
0.0,6,3.838082
0.0,17,3.838889
0.0,3,3.839101
0.0,19,3.840002
0.0,3,3.84021
0.0,30,3.841584
0.0,18,3.842454
0.0,53,3.844843
1.0,43,3.846799
0.0,4,3.847043
0.0,5,3.847343
0.0,3,3.847545
0.0,2,3.8477
0.0,19,3.8486
0.0,25,3.849771
0.0,3,3.849974
0.0,4,3.850226
0.0,6,3.850557
0.0,5,3.850846
0.0,23,3.851926
0.0,3,3.85214
0.0,3,3.85234
0.0,1,3.852452
0.0,4,3.852694
1.0,13,3.853346
1.0,34,3.854897
0.0,21,3.855886
0.0,12,3.856485
0.0,6,3.856817
0.0,10,3.857337
0.0,30,3.85872
0.0,1,3.858831
0.0,10,3.859348
1.0,14,3.860027
1.0,26,3.861236
1.0,17,3.862046
0.0,6,3.862386
1.0,16,3.863168
1.0,19,3.864068
0.0,11,3.864614
0.0,15,3.865348
0.0,27,3.866606
1.0,18,3.867473
1.0,17,3.868293
0.0,12,3.868884
0.0,11,3.869441
0.0,8,3.869857
1.0,11,3.870417
0.0,21,3.871413
0.0,32,3.87288
0.0,5,3.873186
1.0,31,3.874615
1.0,10,3.875133
1.0,10,3.875636
0.0,5,3.875921
1.0,35,3.877525
0.0,4,3.877771
1.0,74,3.881094
1.0,33,3.882608
0.0,2,3.882767
1.0,16,3.883546
1.0,24,3.884665
1.0,15,3.885399
0.0,3,3.885599
0.0,5,3.885886
0.0,32,3.887372
1.0,42,3.889282
0.0,44,3.89127
0.0,5,3.891563
1.0,19,3.892554
0.0,18,3.893426
0.0,18,3.894295
0.0,15,3.895018
0.0,1,3.895136
0.0,14,3.895822
0.0,25,3.896986
0.0,14,3.897676
0.0,5,3.897966
0.0,4,3.89822
0.0,14,3.898896
0.0,5,3.899199
0.0,23,3.900283
0.0,57,3.90284
0.0,6,3.903193
0.0,5,3.903485
1.0,20,3.904432
0.0,1,3.904543
0.0,10,3.905046
0.0,14,3.905736
0.0,26,3.90695
0.0,10,3.907469
1.0,11,3.908015
0.0,5,3.908312
0.0,16,3.909089
0.0,5,3.909378
0.0,35,3.910974
0.0,13,3.91162
1.0,18,3.912483
1.0,19,3.913395
0.0,24,3.914514
0.0,12,3.915119
0.0,4,3.915367
1.0,46,3.917462
1.0,21,3.918461
0.0,5,3.918751
0.0,1,3.918864
1.0,27,3.920132
0.0,6,3.920465
0.0,11,3.92101
1.0,13,3.921648
0.0,6,3.921985
1.0,15,3.922718
0.0,16,3.923502
1.0,19,3.924408
0.0,15,3.925143
0.0,3,3.925343
0.0,4,3.925588
1.0,11,3.926149
1.0,32,3.927615
0.0,28,3.928911
0.0,23,3.929992
0.0,86,3.933865
0.0,3,3.934077
0.0,29,3.93542
0.0,17,3.936241
0.0,1,3.936353
0.0,34,3.93791
0.0,4,3.938168
0.0,2,3.938324
0.0,27,3.939574
1.0,34,3.941146
0.0,3,3.941346
1.0,38,3.943096
0.0,12,3.94369
1.0,23,3.944771
0.0,1,3.944882
0.0,41,3.94676
1.0,22,3.947796
0.0,10,3.948312
1.0,10,3.948817
0.0,14,3.949503
1.0,47,3.951631
1.0,13,3.952274
1.0,10,3.952777
1.0,26,3.953985
0.0,84,3.957718
0.0,9,3.958191
0.0,8,3.958607
0.0,17,3.959417
0.0,14,3.96011
0.0,3,3.96031
1.0,11,3.960859
0.0,1,3.960971
0.0,1,3.961093
0.0,32,3.962561
0.0,5,3.962851
0.0,25,3.964021
0.0,4,3.964272
1.0,33,3.965783
0.0,27,3.967029
1.0,11,3.967584
1.0,24,3.968698
1.0,37,3.970386
0.0,3,3.970585
0.0,6,3.970916
1.0,40,3.97273
1.0,13,3.973383
1.0,23,3.974459
1.0,57,3.977012
0.0,35,3.978613
0.0,4,3.978856
0.0,1,3.978968
0.0,33,3.980488
0.0,1,3.980601
0.0,3,3.980801
0.0,10,3.981312
0.0,6,3.981648
0.0,10,3.98217
1.0,21,3.983175
0.0,1,3.983288
0.0,49,3.985498
0.0,19,3.986408
0.0,26,3.987617
0.0,18,3.988482
0.0,22,3.989525
0.0,28,3.990821
0.0,2,3.990979
0.0,24,3.992108
1.0,68,3.995161
0.0,20,3.996106
1.0,29,3.997508
0.0,1,3.997621
0.0,60,4.000317
0.0,4,4.000563
1.0,26,4.001772
0.0,5,4.002069
0.0,5,4.00236
1.0,27,4.003621
0.0,6,4.003953
1.0,24,4.005086
1.0,15,4.005809
1.0,8,4.006238
0.0,2,4.006393
1.0,30,4.007771
0.0,2,4.007929
1.0,54,4.010372
1.0,8,4.010791
0.0,37,4.012475
0.0,5,4.012763
1.0,28,4.014068
0.0,7,4.014444
0.0,13,4.015092
0.0,33,4.016598
0.0,19,4.017502
0.0,15,4.018234
0.0,10,4.018742
0.0,4,4.018986
1.0,56,4.021502
0.0,32,4.022974
0.0,37,4.02467
0.0,1,4.024785
0.0,3,4.024986
0.0,9,4.025452
1.0,36,4.027114
0.0,65,4.030022
0.0,9,4.030492
1.0,10,4.030998
1.0,21,4.031989
0.0,14,4.032672
0.0,2,4.032831
1.0,17,4.033659
0.0,13,4.034305
1.0,28,4.035605
1.0,17,4.03643
0.0,10,4.036936
0.0,3,4.037146
0.0,2,4.037302
0.0,36,4.038947
0.0,22,4.039985
1.0,12,4.040587
0.0,3,4.040787
1.0,49,4.043
0.0,1,4.043127
0.0,20,4.044079
0.0,10,4.044586
0.0,17,4.045408
0.0,2,4.045567
0.0,21,4.046555
0.0,81,4.050171
0.0,2,4.050331
0.0,21,4.051321
0.0,5,4.05161
0.0,34,4.053185
0.0,24,4.054305
0.0,4,4.054551
0.0,4,4.054795
0.0,4,4.055038
1.0,11,4.055597
0.0,22,4.056638
1.0,34,4.058211
0.0,9,4.058676
0.0,11,4.059237
0.0,13,4.059878
0.0,24,4.060998
1.0,12,4.0616
0.0,6,4.061931
0.0,8,4.062364
0.0,14,4.063041
1.0,16,4.063824
0.0,1,4.063934
0.0,5,4.064233
1.0,35,4.065832
0.0,14,4.066523
0.0,21,4.067521
0.0,2,4.067677
0.0,8,4.068107
0.0,12,4.068696
1.0,17,4.069516
0.0,3,4.069716
1.0,29,4.071044
0.0,7,4.071425
0.0,4,4.071668
0.0,28,4.072959
0.0,9,4.073441
0.0,3,4.073644
0.0,5,4.073932
0.0,1,4.074041
0.0,51,4.076344
0.0,12,4.076936
0.0,36,4.078587
0.0,10,4.079102
0.0,3,4.079302
0.0,7,4.079681
0.0,7,4.080067
0.0,8,4.08049
0.0,3,4.080692
0.0,5,4.08098
0.0,12,4.08158
0.0,11,4.082142
0.0,8,4.082565
0.0,44,4.084569
0.0,18,4.085434
0.0,43,4.087394
0.0,2,4.087551
0.0,24,4.088673
1.0,16,4.089451
0.0,19,4.090355
0.0,13,4.090991
0.0,3,4.091203
0.0,23,4.092281
0.0,12,4.092876
0.0,5,4.093183
1.0,18,4.094035
0.0,7,4.094424
0.0,14,4.095113
0.0,14,4.095791
0.0,12,4.096411
1.0,26,4.09768
0.0,12,4.098284
1.0,91,4.102331
0.0,12,4.102928
0.0,9,4.103405
1.0,27,4.10466
0.0,4,4.104904
1.0,9,4.105374
0.0,38,4.10711
0.0,7,4.107487
1.0,19,4.108392
1.0,13,4.109027
0.0,3,4.109237
0.0,23,4.110314
1.0,38,4.112058
0.0,15,4.112781
0.0,5,4.113082
0.0,3,4.113287
0.0,23,4.114368
0.0,13,4.115007
1.0,31,4.116448
0.0,1,4.116559
0.0,3,4.116762
0.0,8,4.117188
0.0,1,4.117299
0.0,3,4.1175
1.0,62,4.120275
0.0,21,4.121271
1.0,23,4.122363
1.0,30,4.123758
1.0,38,4.125499
0.0,6,4.125829
1.0,29,4.127172
0.0,4,4.127415
1.0,7,4.127787
0.0,17,4.128604
1.0,52,4.13095
0.0,13,4.131597
0.0,4,4.131842
0.0,4,4.132097
0.0,18,4.132945
0.0,1,4.133073
0.0,3,4.133274
0.0,33,4.134791
1.0,24,4.135925
0.0,12,4.136527
0.0,1,4.136639
0.0,21,4.137639
0.0,23,4.138724
0.0,40,4.140548
0.0,7,4.140928
0.0,11,4.141483
0.0,14,4.14218
0.0,17,4.142991
0.0,3,4.143209
1.0,39,4.14498
0.0,8,4.145411
0.0,11,4.14596
1.0,23,4.147036
1.0,35,4.148643
1.0,20,4.149593
0.0,89,4.153555
0.0,19,4.154461
0.0,2,4.154621
0.0,1,4.154747
0.0,2,4.154905
0.0,3,4.155116
0.0,4,4.155358
0.0,9,4.155816
0.0,23,4.156897
0.0,23,4.157972
0.0,71,4.161161
0.0,24,4.162279
1.0,21,4.163286
0.0,59,4.165929
1.0,25,4.167103
1.0,20,4.168043
0.0,10,4.168559
0.0,3,4.168761
1.0,12,4.169364
0.0,10,4.169873
0.0,35,4.171485
0.0,6,4.171818
1.0,18,4.172678
0.0,2,4.172834
0.0,9,4.173313
0.0,27,4.174568
0.0,11,4.175124
0.0,3,4.175327
0.0,6,4.175658
0.0,43,4.177608
0.0,8,4.17803
0.0,4,4.178284
0.0,11,4.178829
0.0,14,4.179517
0.0,8,4.179937
0.0,5,4.180236
1.0,59,4.182882
1.0,18,4.18375
1.0,17,4.184574
0.0,8,4.184993
0.0,26,4.186212
0.0,12,4.186805
0.0,15,4.18754
1.0,17,4.188361
0.0,1,4.188473
1.0,42,4.190377
1.0,32,4.191852
0.0,52,4.194212
0.0,5,4.194502
0.0,17,4.195323
0.0,51,4.197627
0.0,56,4.20016
1.0,56,4.202674
0.0,19,4.203581
0.0,22,4.204618
0.0,18,4.205476
0.0,11,4.206025
1.0,28,4.207331
0.0,7,4.207704
1.0,17,4.208523
0.0,82,4.212178
1.0,6,4.212571
1.0,17,4.213403
0.0,2,4.213561
0.0,1,4.213671
1.0,33,4.215194
0.0,10,4.215702
0.0,2,4.215861
1.0,7,4.216246
0.0,10,4.216748
0.0,35,4.218356
0.0,45,4.220404
0.0,31,4.22183
0.0,30,4.22323
0.0,18,4.224094
1.0,10,4.224599
0.0,19,4.225507
1.0,9,4.22597
0.0,8,4.226397
0.0,24,4.227534
0.0,10,4.228043
0.0,1,4.228163
0.0,7,4.228535
0.0,12,4.229139
0.0,6,4.229474
1.0,10,4.22998
1.0,8,4.230408
0.0,37,4.232094
0.0,7,4.232471
0.0,26,4.233688
1.0,14,4.23438
0.0,29,4.235713
0.0,5,4.236005
0.0,91,4.240046
0.0,5,4.240343
0.0,22,4.241373
0.0,6,4.241704
0.0,28,4.243005
0.0,44,4.24501
0.0,11,4.245565
0.0,40,4.247393
0.0,1,4.247505
0.0,1,4.247617
0.0,33,4.249135
0.0,7,4.249511
0.0,19,4.250415
0.0,13,4.251047
0.0,25,4.252219
0.0,10,4.252728
0.0,7,4.253116
0.0,8,4.25354
0.0,2,4.253697
0.0,20,4.254643
0.0,1,4.254754
0.0,15,4.255484
1.0,22,4.256517
1.0,34,4.258075
0.0,5,4.258366
1.0,43,4.260323
1.0,14,4.260999
0.0,10,4.26151
0.0,9,4.261972
0.0,28,4.263288
1.0,21,4.264284
1.0,37,4.265959
1.0,26,4.267185
0.0,18,4.268033
0.0,19,4.268945
0.0,3,4.269157
0.0,4,4.2694
1.0,13,4.270035
0.0,100,4.274492
1.0,15,4.275228
0.0,32,4.276699
0.0,9,4.277169
0.0,41,4.279033
1.0,9,4.279502
1.0,10,4.280008
0.0,11,4.280571
1.0,32,4.282041
1.0,21,4.283029
0.0,28,4.284334
0.0,4,4.28458
0.0,5,4.284868
0.0,14,4.285557
0.0,13,4.286204
0.0,17,4.287013
1.0,21,4.28821
1.0,11,4.288763
0.0,10,4.289275
0.0,8,4.289691
0.0,9,4.290164
0.0,13,4.290801
0.0,37,4.292494
1.0,10,4.292998
0.0,33,4.294526
0.0,3,4.294732
0.0,3,4.294934
0.0,2,4.295099
1.0,20,4.296036
0.0,9,4.296508
0.0,14,4.297194
0.0,16,4.297963
0.0,8,4.298392
0.0,7,4.298765
0.0,7,4.299151
0.0,2,4.29931
1.0,17,4.300131
1.0,33,4.301638
1.0,23,4.302721
1.0,14,4.303413
0.0,47,4.30554
0.0,25,4.306705
1.0,13,4.307357
0.0,67,4.31036
1.0,7,4.310739
0.0,2,4.310893
0.0,63,4.313725
0.0,1,4.313896
1.0,21,4.314894
1.0,36,4.316547
1.0,32,4.318017
0.0,8,4.318442
1.0,17,4.31927
0.0,14,4.319949
0.0,6,4.320291
0.0,19,4.321212
0.0,24,4.322338
1.0,22,4.323386
0.0,45,4.325424
0.0,12,4.326021
0.0,17,4.326844
0.0,9,4.327318
0.0,10,4.327821
0.0,13,4.328476
0.0,17,4.329301
1.0,9,4.329763
0.0,1,4.329872
0.0,11,4.330429
0.0,19,4.331339
0.0,24,4.332466
0.0,3,4.332668
0.0,7,4.333046
0.0,14,4.333744
0.0,13,4.334395
0.0,1,4.334507
0.0,36,4.336176
0.0,41,4.338034
0.0,38,4.33978
0.0,39,4.341568
0.0,59,4.344243
0.0,6,4.344576
0.0,2,4.344731
0.0,15,4.345464
1.0,16,4.346238
0.0,9,4.3467
0.0,1,4.346812
1.0,14,4.347498
0.0,4,4.347746
1.0,24,4.348868
1.0,19,4.349779
0.0,14,4.350468
0.0,41,4.352347
0.0,50,4.354605
0.0,4,4.354853
0.0,13,4.355498
0.0,4,4.355745
0.0,5,4.356032
0.0,1,4.356153
0.0,4,4.356395
1.0,38,4.358135
0.0,1,4.358246
1.0,29,4.359589
0.0,9,4.36006
0.0,1,4.360172
0.0,15,4.360896
0.0,3,4.361109
1.0,40,4.362926
0.0,14,4.363622
1.0,21,4.364616
0.0,19,4.36552
1.0,9,4.365982
1.0,23,4.367071
0.0,5,4.367359
0.0,20,4.368314
0.0,12,4.368906
0.0,26,4.370128
0.0,12,4.370724
0.0,28,4.372024
0.0,5,4.372322
0.0,13,4.372953
0.0,28,4.374263
1.0,35,4.375864
0.0,7,4.376251
0.0,21,4.37725
0.0,5,4.377539
0.0,6,4.377867
0.0,16,4.378644
0.0,3,4.378844
0.0,20,4.379787
0.0,42,4.381694
0.0,18,4.382555
0.0,19,4.38347
0.0,7,4.383847
0.0,17,4.384666
0.0,1,4.38478
0.0,17,4.385601
0.0,2,4.385761
1.0,38,4.387493
0.0,26,4.388704
1.0,19,4.389612
0.0,47,4.391737
0.0,27,4.392991
0.0,22,4.394037
0.0,6,4.394377
0.0,5,4.394666
0.0,20,4.395616
0.0,45,4.397661
0.0,4,4.397906
0.0,5,4.398206
0.0,9,4.398668
0.0,2,4.398825
0.0,100,4.403263
0.0,54,4.405696
0.0,18,4.406559
0.0,47,4.408692
0.0,1,4.408804
0.0,2,4.408959
0.0,14,4.409645
0.0,3,4.409848
0.0,18,4.410712
0.0,22,4.411754
0.0,11,4.412316
0.0,1,4.41243
0.0,35,4.414034
0.0,9,4.414566
0.0,1,4.414689
1.0,11,4.415251
0.0,19,4.416157
0.0,1,4.416271
0.0,12,4.416864
0.0,3,4.417075
0.0,19,4.417969
0.0,15,4.418708
0.0,17,4.419526
0.0,7,4.419903
0.0,15,4.42063
1.0,40,4.42246
0.0,2,4.422618
1.0,26,4.423832
0.0,7,4.42422
0.0,40,4.42604
0.0,29,4.427382
0.0,72,4.430597
0.0,46,4.432669
0.0,11,4.433235
0.0,34,4.434791
0.0,16,4.435568
0.0,11,4.436129
0.0,18,4.436982
1.0,23,4.438072
0.0,8,4.438488
0.0,15,4.439225
0.0,61,4.441957
0.0,34,4.443533
1.0,28,4.444834
0.0,30,4.446228
0.0,2,4.446385
0.0,2,4.44654
0.0,28,4.44783
0.0,1,4.447941
0.0,1,4.448059
0.0,9,4.44852
0.0,33,4.450028
0.0,3,4.450236
0.0,17,4.451043
1.0,24,4.452172
0.0,26,4.453391
0.0,8,4.453812
1.0,35,4.455415
1.0,35,4.457016
0.0,7,4.457404
1.0,11,4.45795
0.0,24,4.459078
0.0,11,4.459629
0.0,26,4.460834
1.0,26,4.462044
1.0,25,4.46322
0.0,33,4.464724
0.0,14,4.465414
0.0,6,4.465747
0.0,20,4.466694
0.0,37,4.46839
0.0,17,4.469215
0.0,20,4.470167
0.0,14,4.470849
1.0,20,4.471798
0.0,1,4.471911
0.0,14,4.472602
1.0,13,4.47326
0.0,40,4.475083
0.0,100,4.479518
0.0,9,4.47998
0.0,1,4.480099
0.0,6,4.480433
1.0,14,4.481122
0.0,53,4.483511
0.0,10,4.484018
0.0,4,4.484272
0.0,19,4.48518
0.0,11,4.485728
0.0,28,4.487023
0.0,22,4.488066
1.0,29,4.489406
0.0,5,4.489695
0.0,18,4.490555
0.0,13,4.491201
0.0,30,4.492583
0.0,14,4.493276
1.0,56,4.49579
0.0,7,4.496176
0.0,21,4.497172
0.0,15,4.497901
0.0,100,4.502331
0.0,2,4.502491
0.0,1,4.502601
1.0,10,4.503118
0.0,13,4.503757
1.0,28,4.505062
0.0,10,4.505571
0.0,9,4.506031
0.0,28,4.507335
0.0,8,4.507756
0.0,24,4.508876
1.0,10,4.509393
0.0,9,4.509855
0.0,12,4.510457
1.0,76,4.513855
0.0,5,4.514153
0.0,15,4.514874
0.0,5,4.515176
0.0,28,4.516473
0.0,5,4.516761
0.0,21,4.517753
1.0,28,4.519041
0.0,18,4.519901
0.0,1,4.520011
1.0,16,4.520778
0.0,3,4.520979
0.0,9,4.521451
0.0,4,4.521698
0.0,4,4.521943
0.0,26,4.523243
0.0,35,4.524853
1.0,11,4.525412
1.0,10,4.52592
0.0,17,4.526745
0.0,30,4.528134
0.0,2,4.528291
0.0,4,4.528535
0.0,7,4.528904
0.0,31,4.530343
1.0,27,4.5316
0.0,1,4.53171
0.0,2,4.531864
1.0,36,4.533515
0.0,5,4.533808
0.0,8,4.534236
0.0,6,4.534567
0.0,18,4.535426
1.0,16,4.536205
1.0,17,4.537013
0.0,1,4.537133
0.0,23,4.538234
0.0,3,4.538438
1.0,28,4.539726
0.0,3,4.539928
0.0,2,4.540095
1.0,34,4.541651
1.0,55,4.544138
1.0,17,4.544949
1.0,33,4.546468
1.0,29,4.547809
0.0,11,4.548366
0.0,3,4.548567
0.0,2,4.548725
0.0,4,4.548971
0.0,11,4.54953
0.0,1,4.549644
0.0,20,4.550587
0.0,8,4.551005
0.0,12,4.551606
0.0,26,4.55281
0.0,5,4.553114
0.0,7,4.553488
0.0,12,4.554089
0.0,2,4.554249
0.0,26,4.55546
0.0,12,4.556061
0.0,8,4.556481
0.0,6,4.556809
0.0,7,4.557196
0.0,15,4.557911
1.0,35,4.559512
1.0,58,4.562111
0.0,8,4.562529
1.0,26,4.563737
1.0,51,4.566038
1.0,20,4.566985
0.0,4,4.567241
0.0,4,4.567485
0.0,22,4.568528
0.0,3,4.568732
1.0,38,4.570473
1.0,32,4.571942
1.0,20,4.572892
0.0,23,4.573979
0.0,63,4.576812
0.0,2,4.576969
0.0,8,4.577398
0.0,5,4.577684
0.0,29,4.579021
0.0,9,4.579491
0.0,13,4.580133
0.0,37,4.581818
0.0,2,4.581977
0.0,2,4.582145
1.0,27,4.583399
0.0,13,4.584032
0.0,2,4.5842
0.0,48,4.586364
0.0,9,4.586826
0.0,5,4.587126
0.0,10,4.587631
0.0,4,4.587873
0.0,7,4.588259
0.0,5,4.588549
0.0,12,4.589152
0.0,36,4.59079
1.0,20,4.591744
1.0,55,4.594234
1.0,88,4.598144
0.0,8,4.598561
1.0,23,4.599644
0.0,38,4.601388
0.0,14,4.602078
0.0,37,4.603758
1.0,11,4.604321
1.0,16,4.605093
0.0,4,4.605338
0.0,7,4.605711
1.0,24,4.606825
1.0,23,4.607897
0.0,9,4.608372
1.0,23,4.609447
0.0,22,4.610479
0.0,51,4.612774
0.0,4,4.613021
0.0,1,4.613143
0.0,29,4.614476
0.0,1,4.61459
1.0,20,4.615534
0.0,10,4.61604
0.0,5,4.616338
0.0,19,4.617243
1.0,15,4.617966
0.0,4,4.618223
0.0,12,4.618824
0.0,30,4.620214
0.0,6,4.620545
0.0,2,4.620702
0.0,2,4.620858
0.0,32,4.622338
0.0,1,4.622508
0.0,10,4.623013
0.0,27,4.624271
0.0,9,4.624731
0.0,12,4.62533
0.0,16,4.626104
0.0,47,4.628231
0.0,2,4.628388
0.0,28,4.629681
0.0,1,4.629793
1.0,25,4.630957
0.0,3,4.63117
1.0,25,4.632334
1.0,19,4.633244
1.0,44,4.635245
0.0,31,4.63667
0.0,12,4.637275
0.0,21,4.638266
0.0,12,4.638861
0.0,33,4.640381
0.0,5,4.640671
0.0,14,4.641358
0.0,24,4.642482
0.0,4,4.642725
0.0,24,4.643855
0.0,10,4.644369
0.0,19,4.645278
0.0,2,4.645434
0.0,2,4.645591
0.0,87,4.649452
1.0,69,4.652525
0.0,47,4.654668
0.0,9,4.655145
0.0,4,4.655395
0.0,4,4.655639
0.0,1,4.655751
1.0,24,4.656873
0.0,26,4.658084
1.0,36,4.659721
0.0,12,4.660322
0.0,17,4.66115
0.0,1,4.661264
1.0,62,4.664033
0.0,6,4.664377
0.0,6,4.664706
0.0,5,4.664994
1.0,72,4.668221
1.0,25,4.669388
0.0,1,4.669498
1.0,19,4.670398
1.0,20,4.671354
1.0,21,4.67235
0.0,42,4.674264
0.0,3,4.674465
1.0,34,4.676016
1.0,7,4.676399
0.0,51,4.678685
0.0,9,4.679162
0.0,13,4.679794
0.0,15,4.680519
0.0,3,4.680719
0.0,7,4.681105
0.0,31,4.682529
0.0,3,4.682731
0.0,7,4.68312
0.0,30,4.684519
0.0,27,4.685773
0.0,10,4.68629
0.0,18,4.687176
0.0,21,4.688165
0.0,35,4.689753
0.0,3,4.689956
1.0,54,4.692395
0.0,11,4.692957
0.0,35,4.694567
0.0,5,4.694855
0.0,18,4.695715
0.0,14,4.696408
0.0,15,4.697144
0.0,24,4.698267
0.0,2,4.698425
0.0,54,4.700842
0.0,7,4.701229
1.0,50,4.703489
0.0,7,4.703866
1.0,19,4.70477
1.0,34,4.706325
0.0,31,4.707744
0.0,15,4.708475
0.0,2,4.708633
0.0,1,4.708743
1.0,42,4.710644
0.0,7,4.711018
0.0,37,4.712706
0.0,11,4.71327
0.0,25,4.714436
0.0,4,4.714682
0.0,12,4.715298
0.0,13,4.715933
1.0,12,4.716529
0.0,13,4.717191
0.0,40,4.719001
0.0,4,4.719257
1.0,8,4.719678
0.0,6,4.720005
0.0,43,4.721942
1.0,11,4.722504
0.0,3,4.722705
0.0,49,4.724915
0.0,30,4.726305
0.0,22,4.727345
0.0,89,4.731282
0.0,14,4.731956
0.0,42,4.733863
0.0,78,4.737336
0.0,9,4.737796
0.0,24,4.738993
1.0,32,4.740465
0.0,21,4.741457
1.0,19,4.74236
0.0,5,4.742648
0.0,12,4.743253
0.0,4,4.743498
0.0,24,4.744617
0.0,24,4.745736
0.0,32,4.747216
1.0,33,4.748724
0.0,3,4.748924
0.0,5,4.749221
1.0,86,4.753014
0.0,15,4.753752
0.0,5,4.754042
0.0,3,4.754254
0.0,6,4.754583
1.0,90,4.758567
1.0,15,4.759301
1.0,28,4.760593
0.0,8,4.761011
0.0,3,4.761224
1.0,25,4.762387
0.0,11,4.762935
1.0,41,4.764803
1.0,21,4.765794
0.0,16,4.766568
1.0,28,4.767865
0.0,1,4.767976
0.0,2,4.768141
0.0,50,4.770401
1.0,10,4.770919
1.0,25,4.772091
1.0,9,4.77255
0.0,43,4.774523
0.0,38,4.77627
0.0,6,4.776602
0.0,27,4.777856
0.0,28,4.779167
0.0,1,4.779279
0.0,7,4.779654
0.0,16,4.780432
0.0,8,4.780849
0.0,58,4.783461
0.0,23,4.784542
1.0,8,4.784964
0.0,3,4.785176
0.0,1,4.785288
0.0,24,4.786413
0.0,5,4.7867
0.0,10,4.78722
1.0,18,4.788084
0.0,6,4.788418
0.0,21,4.78941
1.0,25,4.790581
0.0,1,4.790691
0.0,26,4.791899
0.0,3,4.79211
0.0,35,4.793709
0.0,28,4.795003
0.0,17,4.79582
0.0,54,4.798259
0.0,6,4.798594
0.0,6,4.798922
1.0,11,4.799477
1.0,11,4.80002
0.0,6,4.800359
1.0,32,4.801826
0.0,7,4.802212
0.0,5,4.802501
1.0,16,4.80328
0.0,7,4.803656
0.0,1,4.803766
1.0,9,4.804237
1.0,78,4.807705
0.0,20,4.808658
0.0,19,4.809567
0.0,37,4.81126
0.0,43,4.813216
0.0,20,4.81416
1.0,56,4.816679
0.0,13,4.817326
0.0,3,4.817527
0.0,17,4.818341
1.0,50,4.820598
1.0,44,4.822588
1.0,13,4.82324
0.0,41,4.825109
1.0,23,4.826181
0.0,2,4.826336
0.0,14,4.827011
1.0,64,4.829871
1.0,18,4.830736
0.0,37,4.832434
1.0,12,4.833025
0.0,30,4.834418
0.0,12,4.83501
0.0,13,4.835649
1.0,52,4.837996
0.0,20,4.838944
1.0,15,4.839679
0.0,2,4.839837
0.0,13,4.840482
0.0,25,4.84165
0.0,9,4.842124
0.0,4,4.842367
0.0,28,4.843662
1.0,28,4.84496
1.0,22,4.845995
1.0,16,4.846763
1.0,43,4.848721
0.0,13,4.849426
1.0,12,4.850018
0.0,31,4.851446
1.0,57,4.854017
0.0,100,4.858477
0.0,34,4.860031
0.0,33,4.861549
0.0,10,4.862065
0.0,6,4.862395
0.0,6,4.862726
0.0,9,4.863206
0.0,22,4.864245
0.0,7,4.864623
0.0,2,4.864779
0.0,9,4.865246
0.0,5,4.865535
0.0,10,4.866035
0.0,38,4.867767
0.0,11,4.868328
1.0,33,4.869834
1.0,7,4.870217
0.0,4,4.870462
0.0,18,4.871321
1.0,18,4.872188
0.0,14,4.872868
0.0,13,4.873521
0.0,5,4.873812
0.0,70,4.876952
0.0,12,4.877555
1.0,35,4.879173
0.0,17,4.879982
0.0,22,4.88102
0.0,35,4.88263
0.0,54,4.88508
0.0,18,4.885939
0.0,18,4.886803
0.0,10,4.88732
0.0,8,4.887738
1.0,13,4.888383
0.0,22,4.889416
0.0,2,4.889575
1.0,71,4.892729
0.0,15,4.893471
0.0,2,4.893629
0.0,11,4.89419
0.0,24,4.895319
0.0,21,4.896324
0.0,23,4.897408
0.0,7,4.897784
0.0,18,4.898645
0.0,13,4.899293
0.0,9,4.899758
1.0,92,4.903861
1.0,29,4.90521
0.0,1,4.905323
1.0,16,4.906095
0.0,23,4.907172
0.0,10,4.907678
0.0,4,4.907923
0.0,8,4.908351
1.0,13,4.908983
0.0,5,4.909283
0.0,32,4.910749
1.0,18,4.911612
1.0,21,4.912601
0.0,9,4.913081
1.0,47,4.915215
1.0,17,4.916024
1.0,13,4.916664
0.0,11,4.917225
0.0,15,4.917948
0.0,3,4.918157
0.0,6,4.918493
0.0,9,4.918956
0.0,12,4.919559
0.0,13,4.920207
1.0,32,4.921672
1.0,26,4.922885
0.0,8,4.923322
0.0,23,4.924408
0.0,21,4.925403
0.0,2,4.925559
0.0,3,4.925757
0.0,15,4.92649
1.0,13,4.927135
0.0,14,4.927815
0.0,43,4.929776
0.0,16,4.930552
0.0,100,4.935007
0.0,52,4.937355
0.0,2,4.937512
0.0,4,4.937753
0.0,49,4.939969
1.0,15,4.940703
0.0,7,4.94109
0.0,26,4.942293
0.0,46,4.944376
0.0,8,4.944799
1.0,7,4.945185
0.0,14,4.945863
0.0,10,4.946378
0.0,4,4.946625
0.0,13,4.947274
0.0,8,4.94769
1.0,37,4.949387
0.0,11,4.94994
0.0,6,4.950281
0.0,41,4.95215
0.0,2,4.952309
0.0,17,4.953193
0.0,3,4.953394
0.0,2,4.953549
0.0,25,4.95472
0.0,6,4.95506
0.0,15,4.955784
0.0,6,4.95613
1.0,13,4.956764
1.0,48,4.958934
0.0,13,4.959581
1.0,14,4.960271
1.0,19,4.961178
1.0,52,4.963529
1.0,19,4.964433
1.0,86,4.968266
0.0,6,4.968598
1.0,19,4.969502
0.0,18,4.970365
0.0,7,4.970742
1.0,9,4.971216
0.0,6,4.971545
0.0,10,4.972057
0.0,11,4.972608
0.0,35,4.974217
0.0,6,4.974552
0.0,1,4.974663
0.0,8,4.975094
1.0,18,4.975946
1.0,24,4.977079
0.0,9,4.97754
0.0,1,4.97765
0.0,11,4.978211
0.0,35,4.97981
0.0,3,4.980011
0.0,30,4.981397
1.0,9,4.981858
0.0,51,4.98417
0.0,31,4.985599
1.0,7,4.985978
0.0,12,4.98658
0.0,2,4.986738
1.0,26,4.987953
0.0,1,4.988074
0.0,9,4.988536
1.0,38,4.990261
1.0,58,4.992865
0.0,77,4.996304
0.0,4,4.996549
1.0,16,4.997329
0.0,1,4.997442
0.0,21,4.998435
1.0,33,4.999949
0.0,44,5.001945
1.0,28,5.003258
1.0,17,5.004081
0.0,1,5.004192
0.0,1,5.004302
0.0,9,5.004759
0.0,6,5.005103
0.0,18,5.005968
0.0,17,5.006785
0.0,24,5.007912
0.0,9,5.008384
0.0,24,5.009507
1.0,53,5.011889
0.0,6,5.012232
0.0,48,5.014408
0.0,11,5.014961
0.0,10,5.015482
0.0,9,5.015943
1.0,38,5.017673
1.0,34,5.01925
0.0,4,5.019494
0.0,8,5.019912
1.0,10,5.020429
1.0,28,5.021719
0.0,10,5.022235
0.0,9,5.022702
0.0,7,5.023091
0.0,11,5.023643
1.0,28,5.024944
0.0,2,5.02511
0.0,12,5.025707
0.0,5,5.025994
1.0,17,5.026809
1.0,10,5.027323
1.0,20,5.02827
0.0,49,5.030483
0.0,24,5.031612
0.0,17,5.03243
0.0,1,5.032541
0.0,14,5.033236
0.0,4,5.033484
0.0,5,5.033771
0.0,10,5.034283
0.0,8,5.034703
0.0,18,5.035562
1.0,39,5.037336
0.0,8,5.037756
1.0,21,5.038741
1.0,39,5.040514
0.0,14,5.04121
0.0,9,5.041676
0.0,1,5.041786
0.0,1,5.041895
1.0,15,5.042631
0.0,6,5.042968
0.0,18,5.043832
1.0,13,5.044481
0.0,8,5.044901
0.0,5,5.045202
1.0,51,5.047497
0.0,24,5.048621
1.0,16,5.0494
0.0,8,5.049822
0.0,33,5.051347
1.0,44,5.053351
0.0,7,5.053784
1.0,22,5.05482
1.0,91,5.058869
0.0,3,5.059079
0.0,31,5.060503
0.0,15,5.061234
0.0,2,5.06139
1.0,76,5.064797
0.0,2,5.064956
0.0,12,5.065556
1.0,16,5.066335
0.0,27,5.067583
0.0,21,5.068574
1.0,17,5.069396
0.0,37,5.071079
0.0,6,5.071414
1.0,55,5.073879
0.0,5,5.074182
0.0,33,5.075689
1.0,7,5.076077
0.0,23,5.077158
0.0,12,5.077751
0.0,5,5.078036
0.0,3,5.078246
0.0,6,5.078576
1.0,37,5.08027
0.0,33,5.081774
1.0,48,5.083959
0.0,29,5.085307
0.0,21,5.086301
0.0,10,5.086808
0.0,9,5.087281
0.0,17,5.0881
0.0,9,5.08856
0.0,20,5.089509
1.0,11,5.090067
1.0,15,5.090788
0.0,15,5.091518
0.0,3,5.091719
0.0,14,5.092407
0.0,15,5.093147
0.0,47,5.095284
0.0,24,5.096413
0.0,3,5.096615
0.0,23,5.097704
0.0,5,5.097993
1.0,34,5.099563
0.0,16,5.100337
0.0,31,5.10176
0.0,9,5.102231
0.0,2,5.102391
0.0,68,5.105433
0.0,21,5.106432
0.0,28,5.107724
1.0,22,5.108757
1.0,19,5.109659
0.0,34,5.111224
0.0,25,5.112389
0.0,30,5.113777
0.0,22,5.114815
0.0,6,5.115156
1.0,13,5.115792
0.0,12,5.11639
0.0,6,5.11672
1.0,58,5.119329
0.0,15,5.120059
0.0,16,5.120826
0.0,22,5.121862
1.0,14,5.12255
0.0,8,5.122969
0.0,2,5.123143
0.0,6,5.123475
0.0,27,5.124717
0.0,6,5.125056
1.0,11,5.125605
0.0,42,5.12752
0.0,12,5.128123
1.0,30,5.129499
1.0,26,5.130703
1.0,22,5.131739
0.0,25,5.132903
0.0,1,5.133017
0.0,13,5.133665
0.0,21,5.134663
0.0,21,5.135661
0.0,17,5.13648
0.0,16,5.137254
0.0,6,5.137587
0.0,17,5.13841
1.0,12,5.138999
0.0,26,5.140218
1.0,28,5.141517
1.0,44,5.143516
0.0,1,5.143627
0.0,6,5.14396
1.0,29,5.145313
0.0,3,5.145515
0.0,6,5.145842
0.0,11,5.146398
0.0,8,5.146818
1.0,19,5.147731
0.0,3,5.147931
0.0,21,5.148918
0.0,3,5.149132
0.0,2,5.149288
0.0,37,5.150974
0.0,1,5.151099
0.0,13,5.151732
0.0,37,5.153434
0.0,25,5.154604
0.0,28,5.155966
0.0,8,5.156402
0.0,4,5.156649
0.0,8,5.157077
1.0,7,5.15745
0.0,10,5.157954
1.0,21,5.158944
1.0,20,5.159897
1.0,22,5.160928
1.0,31,5.162367
0.0,16,5.163152
0.0,20,5.1641
1.0,8,5.164519
0.0,13,5.165165
0.0,4,5.165411
1.0,35,5.167008
0.0,22,5.168039
1.0,45,5.170092
1.0,46,5.172162
0.0,1,5.172275
0.0,27,5.173538
0.0,3,5.173738
0.0,16,5.174511
0.0,9,5.174974
0.0,1,5.175094
0.0,2,5.175251
0.0,75,5.178606
1.0,45,5.18066
1.0,30,5.182037
1.0,59,5.184694
0.0,27,5.185951
0.0,2,5.18612
0.0,7,5.186495
1.0,15,5.187226
1.0,16,5.187991
0.0,2,5.188157
1.0,19,5.18906
0.0,4,5.189304
0.0,36,5.19095
0.0,14,5.191643
0.0,12,5.192243
0.0,3,5.192445
1.0,31,5.193868
0.0,12,5.19447
0.0,8,5.194892
0.0,4,5.195148
0.0,12,5.195747
0.0,2,5.195903
0.0,18,5.196765
0.0,35,5.19838
1.0,17,5.199203
0.0,1,5.199313
0.0,5,5.199601
0.0,21,5.200593
0.0,28,5.201887
1.0,12,5.20249
0.0,12,5.203098
0.0,4,5.203343
0.0,37,5.205022
0.0,4,5.205276
0.0,4,5.205523
1.0,23,5.206602
0.0,53,5.208993
0.0,3,5.209206
0.0,17,5.210014
1.0,15,5.210746
0.0,22,5.211786
0.0,22,5.212826
0.0,7,5.21322
1.0,24,5.214345
0.0,5,5.214631
0.0,3,5.214829
0.0,56,5.21736
0.0,9,5.217821
0.0,22,5.218864
0.0,8,5.219294
1.0,12,5.219887
1.0,27,5.221153
0.0,3,5.221355
0.0,12,5.221946
1.0,17,5.222781
1.0,41,5.224658
0.0,14,5.225348
0.0,4,5.225595
0.0,1,5.225705
1.0,9,5.226177
0.0,10,5.22668
1.0,52,5.229027
0.0,9,5.229496
1.0,40,5.231328
0.0,14,5.232002
0.0,14,5.232686
0.0,42,5.234605
0.0,4,5.234849
1.0,19,5.235756
0.0,11,5.236317
0.0,10,5.236824
1.0,10,5.237339
1.0,57,5.239893
0.0,34,5.241462
0.0,1,5.241574
0.0,28,5.242871
0.0,52,5.24524
0.0,3,5.245444
0.0,5,5.245732
0.0,1,5.245843
1.0,22,5.246875
1.0,17,5.247689
0.0,8,5.248121
0.0,17,5.248924
1.0,36,5.250571
0.0,32,5.252039
1.0,18,5.252898
0.0,1,5.25301
1.0,46,5.255116
0.0,34,5.256735
0.0,8,5.257172
1.0,32,5.258639
1.0,11,5.259206
0.0,16,5.259969
0.0,34,5.261542
0.0,5,5.261834
0.0,14,5.262524
0.0,25,5.263702
0.0,18,5.264568
0.0,31,5.265997
1.0,32,5.267467
0.0,9,5.267927
0.0,15,5.26866
0.0,5,5.268951
0.0,15,5.269687
0.0,3,5.269888
0.0,66,5.272842
0.0,7,5.273235
0.0,30,5.274622
0.0,28,5.275919
0.0,2,5.276087
0.0,5,5.276376
0.0,26,5.277588
0.0,15,5.278322
0.0,10,5.27883
1.0,14,5.279519
0.0,17,5.280338
0.0,15,5.281072
0.0,5,5.281359
1.0,24,5.282487
1.0,11,5.283033
0.0,3,5.283247
0.0,51,5.285562
0.0,8,5.28598
0.0,9,5.286451
0.0,1,5.286562
1.0,39,5.288341
0.0,1,5.288454
0.0,2,5.288612
0.0,19,5.289516
1.0,61,5.292267
1.0,37,5.293952
1.0,14,5.294645
0.0,14,5.295337
0.0,12,5.295929
0.0,10,5.296445
0.0,26,5.29766
0.0,1,5.297774
1.0,11,5.298331
0.0,10,5.298837
1.0,17,5.299656
0.0,47,5.30178
0.0,2,5.30194
0.0,100,5.306389
0.0,20,5.307344
0.0,6,5.30768
0.0,23,5.308764
0.0,23,5.309846
0.0,19,5.310752
0.0,4,5.310999
1.0,18,5.311856
0.0,49,5.31409
0.0,20,5.31503
1.0,22,5.316076
0.0,2,5.316233
0.0,5,5.316521
0.0,3,5.316722
0.0,6,5.317061
0.0,3,5.317265
0.0,17,5.318081
0.0,46,5.320162
1.0,26,5.321398
0.0,14,5.322087
1.0,13,5.322719
0.0,9,5.323193
0.0,2,5.323351
1.0,29,5.32468
0.0,1,5.324793
1.0,24,5.325908
1.0,19,5.326813
0.0,2,5.326968
0.0,1,5.32709
0.0,3,5.327292
0.0,3,5.327492
0.0,16,5.328262
0.0,1,5.328376
0.0,11,5.328923
1.0,16,5.329694
0.0,18,5.330552
0.0,5,5.330843
0.0,23,5.331921
0.0,42,5.333826
0.0,23,5.334908
1.0,10,5.335428
0.0,7,5.335803
0.0,22,5.336842
0.0,6,5.337188
0.0,14,5.337866
0.0,12,5.33847
0.0,35,5.340086
0.0,24,5.34121
0.0,8,5.341626
0.0,2,5.341783
0.0,1,5.341892
1.0,18,5.342751
1.0,18,5.343622
0.0,18,5.344485
1.0,88,5.348416
0.0,3,5.348616
0.0,5,5.348901
1.0,27,5.350157
0.0,9,5.350619
1.0,31,5.352057
0.0,13,5.352695
1.0,19,5.353601
1.0,15,5.354334
0.0,28,5.355632
1.0,8,5.356123
0.0,4,5.35637
1.0,27,5.357623
0.0,14,5.358312
1.0,20,5.359264
0.0,1,5.359375
0.0,35,5.360979
0.0,5,5.361282
0.0,4,5.361525
0.0,13,5.36217
0.0,13,5.362807
0.0,2,5.362962
1.0,22,5.364001
0.0,1,5.364122
0.0,4,5.364366
0.0,6,5.364694
1.0,15,5.36543
0.0,4,5.365675
0.0,47,5.367807
0.0,26,5.369016
1.0,12,5.369618
0.0,30,5.370997
1.0,17,5.371814
0.0,4,5.37207
0.0,1,5.372181
0.0,32,5.373651
1.0,29,5.375
0.0,2,5.375166
0.0,9,5.375628
0.0,24,5.376751
0.0,12,5.377357
0.0,20,5.378306
1.0,19,5.379213
0.0,4,5.379455
0.0,45,5.381496
0.0,21,5.382501
0.0,2,5.382658
0.0,33,5.384187
1.0,11,5.384741
0.0,32,5.386216
0.0,7,5.386588
0.0,12,5.387191
1.0,19,5.388096
0.0,4,5.388339
0.0,9,5.388801
0.0,32,5.390273
0.0,6,5.390606
0.0,2,5.390764
0.0,17,5.391583
0.0,11,5.39214
0.0,50,5.394398
0.0,1,5.394513
0.0,24,5.395631
1.0,23,5.396714
1.0,33,5.398236
0.0,4,5.398479
0.0,21,5.399477
0.0,16,5.400254
1.0,15,5.400977
0.0,16,5.401751
0.0,30,5.403159
0.0,55,5.405627
1.0,22,5.406664
0.0,23,5.407744
0.0,18,5.408604
0.0,6,5.408934
1.0,26,5.41015
1.0,19,5.411056
0.0,16,5.411824
0.0,21,5.412816
0.0,9,5.413296
0.0,5,5.413586
0.0,4,5.41383
1.0,26,5.415038
0.0,6,5.415384
1.0,23,5.416461
1.0,36,5.418124
1.0,73,5.421384
0.0,19,5.422297
0.0,1,5.422412
0.0,28,5.423713
0.0,15,5.42445
1.0,12,5.425046
0.0,28,5.426358
0.0,20,5.427313
0.0,1,5.427427
0.0,3,5.427628
1.0,15,5.428358
0.0,4,5.428604
0.0,22,5.429645
0.0,28,5.430946
0.0,7,5.431332
0.0,25,5.432503
0.0,4,5.432748
0.0,49,5.434984
0.0,7,5.435372
0.0,4,5.435616
0.0,35,5.437222
0.0,6,5.437554
0.0,21,5.438546
1.0,38,5.44028
0.0,2,5.440439
0.0,19,5.441345
0.0,4,5.441589
1.0,66,5.44455
0.0,33,5.446079
0.0,22,5.447117
1.0,22,5.448156
1.0,21,5.449146
1.0,7,5.449517
0.0,33,5.451025
1.0,31,5.452451
1.0,14,5.453143
1.0,13,5.453779
0.0,16,5.454555
0.0,16,5.455335
1.0,69,5.458426
1.0,28,5.45978
0.0,3,5.459982
1.0,15,5.460719
0.0,28,5.462016
0.0,32,5.463506
0.0,65,5.466422
0.0,11,5.466972
0.0,32,5.468457
0.0,20,5.469407
0.0,8,5.469826
0.0,5,5.470121
0.0,27,5.471373
0.0,12,5.471968
0.0,16,5.472745
0.0,7,5.473139
0.0,9,5.473603
0.0,2,5.473759
0.0,4,5.474002
0.0,22,5.475032
0.0,8,5.475463
0.0,2,5.47562
0.0,11,5.476178
0.0,3,5.47638
0.0,2,5.476534
1.0,23,5.477613
1.0,20,5.478562
0.0,12,5.479166
0.0,3,5.479366
0.0,27,5.480617
1.0,26,5.481835
0.0,3,5.482035
1.0,22,5.483088
0.0,7,5.483466
1.0,14,5.484158
0.0,4,5.484401
0.0,33,5.485915
1.0,43,5.487869
0.0,7,5.488256
0.0,9,5.488722
1.0,15,5.489453
0.0,34,5.491004
1.0,43,5.492948
0.0,33,5.494472
1.0,17,5.495293
1.0,52,5.497637
0.0,10,5.498155
0.0,1,5.498269
0.0,14,5.498948
0.0,3,5.49916
0.0,61,5.501894
1.0,20,5.502851
0.0,14,5.503546
0.0,66,5.506519
0.0,8,5.506938
0.0,27,5.508212
0.0,15,5.508937
0.0,13,5.509583
0.0,1,5.509695
1.0,28,5.510988
0.0,12,5.511586
0.0,6,5.511916
0.0,19,5.512823
1.0,18,5.513693
1.0,13,5.514342
0.0,2,5.5145
0.0,83,5.518205
0.0,14,5.518888
1.0,19,5.519788
0.0,6,5.520129
1.0,45,5.522168
1.0,42,5.524076
0.0,11,5.524626
0.0,7,5.525001
1.0,14,5.525687
0.0,8,5.526113
0.0,30,5.527494
0.0,22,5.52853
0.0,25,5.529693
0.0,1,5.529807
0.0,89,5.53377
0.0,17,5.534587
0.0,13,5.535234
0.0,50,5.537484
0.0,76,5.54088
0.0,20,5.541831
0.0,9,5.542303
0.0,10,5.542808
0.0,17,5.543633
0.0,20,5.544591
0.0,35,5.546199
0.0,23,5.547279
0.0,5,5.547569
0.0,3,5.547771
0.0,21,5.548756
0.0,10,5.549277
0.0,25,5.550443
0.0,27,5.551696
0.0,17,5.552519
0.0,12,5.553132
0.0,9,5.553595
0.0,29,5.554941
0.0,5,5.55524
1.0,13,5.555874
0.0,5,5.556172
0.0,5,5.556459
1.0,9,5.556917
1.0,33,5.558436
1.0,83,5.562119
0.0,10,5.562625
0.0,42,5.564533
0.0,15,5.565269
0.0,2,5.565426
0.0,1,5.565535
0.0,12,5.566137
0.0,16,5.566957
1.0,65,5.569874
1.0,13,5.570522
0.0,11,5.571081
1.0,16,5.571847
0.0,6,5.572185
0.0,26,5.573401
0.0,8,5.573823
0.0,56,5.576343
0.0,66,5.5793
0.0,18,5.580163
1.0,27,5.581419
0.0,21,5.582411
0.0,13,5.583061
0.0,1,5.583175
0.0,5,5.583464
0.0,13,5.584106
0.0,4,5.584352
0.0,10,5.584856
1.0,31,5.586289
1.0,16,5.587065
0.0,26,5.588273
0.0,3,5.588476
0.0,29,5.58981
1.0,39,5.591594
0.0,2,5.591753
1.0,22,5.592785
0.0,18,5.593654
1.0,21,5.594646
1.0,15,5.595373
1.0,36,5.59702
0.0,1,5.597139
0.0,7,5.597513
0.0,9,5.597973
0.0,4,5.598225
0.0,30,5.599606
0.0,4,5.599851
0.0,4,5.600106
0.0,4,5.600351
1.0,19,5.601253
0.0,4,5.601498
1.0,31,5.602924
0.0,37,5.604632
0.0,11,5.605193
1.0,15,5.605916
0.0,1,5.606027
1.0,20,5.606974
1.0,31,5.608406
0.0,3,5.608606
0.0,7,5.608981
1.0,29,5.610323
0.0,4,5.610569
0.0,31,5.611988
0.0,15,5.61272
0.0,29,5.61407
0.0,1,5.614184
0.0,9,5.614645
1.0,38,5.616384
0.0,54,5.618808
0.0,4,5.61906
0.0,9,5.619524
0.0,2,5.619681
0.0,47,5.621802
0.0,7,5.622187
0.0,1,5.622298
1.0,32,5.62377
0.0,4,5.624015
1.0,18,5.624871
0.0,12,5.625472
1.0,23,5.626552
0.0,2,5.626711
0.0,26,5.627921
1.0,68,5.630953
0.0,30,5.632339
1.0,33,5.633856
0.0,2,5.634011
0.0,10,5.634524
0.0,23,5.635606
1.0,20,5.63656
0.0,6,5.636894
0.0,36,5.638545
1.0,21,5.639544
0.0,1,5.639657
0.0,7,5.640032
0.0,3,5.640243
0.0,6,5.640575
0.0,6,5.640906
1.0,26,5.642129
1.0,13,5.642761
0.0,40,5.64459
0.0,13,5.645237
0.0,20,5.64619
0.0,8,5.646607
1.0,16,5.647382
1.0,10,5.647885
1.0,47,5.650006
0.0,3,5.650215
0.0,20,5.651164
0.0,21,5.652153
0.0,1,5.652267
1.0,21,5.653266
0.0,14,5.653945
0.0,8,5.654374
1.0,50,5.656637
0.0,3,5.656837
1.0,19,5.657745
1.0,19,5.658651
1.0,27,5.659901
1.0,25,5.661073
1.0,29,5.662411
0.0,11,5.662976
0.0,22,5.664019
0.0,65,5.666931
0.0,8,5.667422
0.0,13,5.668087
0.0,9,5.668547
0.0,4,5.668791
0.0,5,5.669088
0.0,11,5.669637
0.0,3,5.669838
0.0,15,5.670568
1.0,16,5.671343
0.0,3,5.671546
0.0,2,5.671704
1.0,29,5.673038
1.0,28,5.674353
0.0,11,5.674899
0.0,12,5.675504
0.0,34,5.677068
0.0,6,5.677403
0.0,16,5.678178
0.0,2,5.678337
0.0,1,5.678448
0.0,28,5.679745
1.0,8,5.680177
1.0,11,5.680725
0.0,38,5.682464
1.0,16,5.683252
1.0,15,5.683971
0.0,5,5.68427
0.0,7,5.684648
0.0,9,5.685128
1.0,20,5.686086
0.0,10,5.686592
1.0,18,5.687453
0.0,25,5.688621
0.0,11,5.689182
0.0,5,5.689471
0.0,8,5.689888
0.0,14,5.69058
0.0,10,5.691101
0.0,4,5.691345
0.0,6,5.691677
1.0,43,5.693639
0.0,23,5.694711
0.0,14,5.695402
0.0,34,5.696948
1.0,47,5.699083
0.0,16,5.699846
0.0,7,5.700229
0.0,34,5.701778
0.0,16,5.702561
0.0,3,5.702762
0.0,3,5.702961
0.0,18,5.703828
0.0,63,5.706652
0.0,2,5.706811
0.0,16,5.707585
0.0,28,5.708881
1.0,13,5.709529
1.0,47,5.711646
0.0,10,5.712162
1.0,17,5.712974
0.0,17,5.713794
0.0,8,5.714224
1.0,50,5.716474
0.0,3,5.716676
1.0,9,5.71715
0.0,6,5.717479
0.0,16,5.718249
0.0,25,5.719413
0.0,26,5.720617
0.0,20,5.721568
0.0,10,5.722087
0.0,8,5.722506
1.0,41,5.72437
0.0,100,5.728808
0.0,7,5.729198
1.0,16,5.729967
1.0,43,5.731912
1.0,69,5.735003
1.0,64,5.737863
1.0,39,5.739637
0.0,11,5.740193
0.0,11,5.740745
0.0,9,5.741214
0.0,18,5.742073
0.0,5,5.742363
0.0,6,5.742693
0.0,5,5.742978
0.0,1,5.743106
1.0,21,5.744096
1.0,16,5.744859
0.0,6,5.7452
0.0,7,5.745573
0.0,13,5.746223
0.0,13,5.746858
0.0,13,5.747505
0.0,20,5.748454
1.0,14,5.749142
0.0,70,5.752263
0.0,25,5.753441
1.0,13,5.754089
0.0,2,5.754245
0.0,95,5.758477
1.0,50,5.760731
0.0,2,5.76089
0.0,11,5.76145
0.0,12,5.762045
1.0,59,5.764711
0.0,3,5.764913
0.0,14,5.765599
0.0,27,5.766847
0.0,50,5.76911
1.0,17,5.769918
1.0,27,5.771248
0.0,9,5.771713
0.0,23,5.772792
0.0,5,5.773098
0.0,18,5.773952
0.0,34,5.775511
1.0,18,5.77638
0.0,3,5.776578
0.0,4,5.776823
0.0,33,5.778337
0.0,6,5.778672
0.0,34,5.780237
0.0,10,5.780742
0.0,30,5.782128
0.0,10,5.782632
0.0,50,5.784899
0.0,45,5.786947
0.0,2,5.787117
0.0,14,5.787794
0.0,20,5.788748
0.0,37,5.790442
0.0,23,5.791525
0.0,8,5.791943
0.0,27,5.793208
0.0,17,5.794024
0.0,13,5.794666
1.0,14,5.795356
0.0,20,5.796305
0.0,23,5.797385
0.0,8,5.797811
0.0,8,5.798239
0.0,3,5.798439
1.0,18,5.799301
0.0,10,5.799809
0.0,1,5.799921
1.0,54,5.802361
0.0,5,5.802647
0.0,33,5.804178
0.0,14,5.804857
0.0,3,5.805065
1.0,9,5.805525
0.0,46,5.807602
0.0,4,5.807849
0.0,18,5.808707
1.0,48,5.810883
1.0,15,5.811615
0.0,4,5.811858
1.0,59,5.814518
1.0,13,5.81517
0.0,14,5.815842
1.0,49,5.818063
0.0,9,5.818528
0.0,27,5.819781
0.0,4,5.820027
0.0,11,5.820583
0.0,3,5.820784
0.0,16,5.821564
0.0,5,5.821851
1.0,53,5.824249
0.0,1,5.824359
1.0,10,5.824863
0.0,15,5.825594
1.0,44,5.827593
0.0,71,5.830776
0.0,7,5.831166
0.0,5,5.831454
1.0,26,5.832663
0.0,18,5.833529
1.0,12,5.834137
0.0,13,5.834771
0.0,73,5.838017
0.0,4,5.838272
1.0,14,5.838953
1.0,29,5.840297
0.0,21,5.841289
0.0,10,5.841794
0.0,19,5.842698
1.0,19,5.84361
0.0,48,5.845782
1.0,24,5.84691
0.0,30,5.848293
0.0,9,5.848753
1.0,55,5.851223
0.0,8,5.851639
1.0,11,5.852198
0.0,6,5.852534
0.0,2,5.85269
0.0,9,5.853167
0.0,2,5.853327
0.0,7,5.853702
1.0,26,5.854909
0.0,15,5.855642
1.0,40,5.857467
0.0,5,5.857754
0.0,41,5.859622
0.0,9,5.860094
0.0,25,5.861262
0.0,2,5.861422
1.0,79,5.864951
0.0,1,5.865072
0.0,1,5.865185
0.0,11,5.865731
0.0,13,5.866383
0.0,82,5.870056
0.0,1,5.870174
0.0,13,5.870806
0.0,6,5.871144
0.0,5,5.871436
0.0,46,5.873535
0.0,30,5.874918
0.0,6,5.875268
0.0,3,5.875525
0.0,11,5.876084
0.0,12,5.87668
0.0,14,5.877366
0.0,11,5.877914
0.0,19,5.878818
0.0,24,5.879936
0.0,14,5.880624
1.0,31,5.882058
0.0,1,5.88217
0.0,37,5.883863
0.0,4,5.884121
0.0,2,5.884278
0.0,14,5.884957
0.0,39,5.886746
1.0,22,5.887785
1.0,24,5.888907
0.0,9,5.889381
0.0,4,5.889626
1.0,44,5.891623
0.0,10,5.892136
0.0,17,5.892957
0.0,17,5.893783
0.0,16,5.894564
1.0,26,5.895774
0.0,26,5.89698
1.0,7,5.897364
1.0,37,5.899058
1.0,45,5.901105
0.0,41,5.90296
1.0,35,5.904577
1.0,15,5.905311
1.0,70,5.908449
1.0,27,5.909698
0.0,28,5.910995
0.0,8,5.911424
1.0,68,5.914461
0.0,3,5.914661
0.0,14,5.915356
0.0,1,5.915469
0.0,1,5.915581
1.0,12,5.916184
0.0,40,5.917993
1.0,14,5.918684
0.0,4,5.918929
0.0,13,5.919575
0.0,30,5.92096
0.0,50,5.923241
1.0,33,5.924757
0.0,35,5.926368
0.0,20,5.927323
0.0,22,5.928368
1.0,29,5.929712
0.0,4,5.929955
1.0,11,5.930519
1.0,88,5.934426
0.0,5,5.934718
1.0,9,5.935192
0.0,7,5.935565
0.0,10,5.936082
1.0,11,5.936633
1.0,32,5.938107
1.0,14,5.938783
1.0,11,5.939343
0.0,10,5.93985
0.0,7,5.940232
0.0,7,5.940609
1.0,15,5.941344
1.0,22,5.942385
0.0,45,5.944439
1.0,19,5.945352
0.0,24,5.946475
0.0,1,5.946587
0.0,11,5.947147
1.0,17,5.947961
0.0,6,5.948303
0.0,41,5.950174
0.0,4,5.950421
0.0,6,5.950753
0.0,8,5.95118
1.0,27,5.95243
0.0,26,5.953648
0.0,10,5.954166
0.0,12,5.954757
0.0,5,5.955044
0.0,3,5.955256
0.0,7,5.955635
0.0,10,5.956154
0.0,24,5.957278
1.0,33,5.958794
0.0,14,5.959487
0.0,27,5.960744
0.0,4,5.960988
0.0,19,5.961888
0.0,22,5.962923
0.0,13,5.96358
0.0,1,5.963692
1.0,32,5.965168
1.0,21,5.966154
0.0,53,5.968549
0.0,2,5.968708
0.0,44,5.970704
0.0,1,5.970819
1.0,37,5.972512
1.0,17,5.973337
1.0,72,5.97656
0.0,8,5.976978
0.0,20,5.977926
1.0,28,5.979232
1.0,44,5.981286
0.0,1,5.9814
1.0,63,5.98424
0.0,11,5.984787
1.0,18,5.98565
1.0,40,5.987472
1.0,18,5.988333
1.0,20,5.989279
0.0,6,5.989614
1.0,13,5.990261
0.0,11,5.990805
0.0,19,5.991708
0.0,10,5.992228
1.0,28,5.99353
1.0,33,5.995045
0.0,7,5.99543
0.0,22,5.996463
0.0,31,5.997887
0.0,1,5.997998
0.0,11,5.998553
1.0,62,6.001328
0.0,9,6.001793
0.0,15,6.002524
0.0,15,6.003258
1.0,22,6.004291
1.0,27,6.005544
0.0,45,6.007576
0.0,4,6.007822
0.0,3,6.008023
0.0,56,6.010549
0.0,3,6.01075
1.0,53,6.013145
0.0,8,6.013564
0.0,10,6.014082
0.0,3,6.014282
0.0,5,6.014571
0.0,22,6.015605
1.0,47,6.017735
0.0,19,6.018641
0.0,9,6.019116
0.0,5,6.019404
0.0,19,6.020344
0.0,5,6.020634
0.0,17,6.021456
0.0,2,6.021613
0.0,6,6.021948
0.0,3,6.022157
0.0,11,6.022708
0.0,21,6.023709
0.0,14,6.024402
1.0,29,6.025747
1.0,15,6.026479
0.0,9,6.026941
0.0,4,6.027198
1.0,34,6.028752
0.0,22,6.029792
0.0,8,6.030221
0.0,1,6.030332
0.0,17,6.031151
0.0,15,6.031874
0.0,7,6.032263
0.0,3,6.032463
0.0,34,6.034016
0.0,11,6.034572
0.0,28,6.03587
0.0,4,6.036124
0.0,28,6.037422
0.0,26,6.038633
0.0,3,6.038834
0.0,11,6.039391
0.0,20,6.040341
1.0,12,6.040929
0.0,27,6.042194
0.0,6,6.042527
0.0,3,6.042727
0.0,34,6.044294
0.0,11,6.044847
1.0,15,6.04558
0.0,11,6.046138
0.0,9,6.046603
0.0,8,6.047018
0.0,4,6.047271
0.0,5,6.047559
1.0,29,6.048898
1.0,55,6.051387
0.0,9,6.051852
1.0,24,6.052979
0.0,78,6.056483
0.0,1,6.056595
0.0,11,6.05716
0.0,12,6.057755
0.0,7,6.058144
0.0,17,6.058956
0.0,25,6.060134
1.0,21,6.061137
0.0,20,6.062086
0.0,14,6.062767
1.0,6,6.063113
1.0,17,6.06392
0.0,12,6.06452
0.0,9,6.064984
0.0,11,6.065548
0.0,13,6.066194
0.0,54,6.068623
0.0,13,6.069273
0.0,1,6.069385
0.0,9,6.069843
0.0,5,6.070139
0.0,4,6.070383
0.0,5,6.070672
0.0,14,6.071368
0.0,40,6.073205
1.0,26,6.074413
1.0,28,6.075709
0.0,2,6.075868
1.0,23,6.076956
0.0,4,6.077212
0.0,24,6.07834
0.0,11,6.078893
0.0,49,6.08111
1.0,12,6.081763
1.0,36,6.083422
0.0,1,6.083535
0.0,6,6.083869
1.0,16,6.084651
0.0,46,6.086746
0.0,16,6.087524
0.0,11,6.088083
0.0,14,6.088758
0.0,6,6.089098
0.0,24,6.090222
1.0,20,6.091175
0.0,5,6.091461
0.0,1,6.09157
0.0,1,6.091682
0.0,16,6.092456
1.0,53,6.094844
1.0,24,6.095973
0.0,5,6.096271
0.0,46,6.098356
0.0,4,6.098599
1.0,22,6.099632
1.0,12,6.100237
0.0,1,6.100347
0.0,32,6.101816
1.0,10,6.10234
1.0,27,6.103596
0.0,4,6.103842
0.0,16,6.104619
0.0,22,6.10566
0.0,8,6.106093
0.0,7,6.106471
0.0,6,6.1068
0.0,10,6.107317
0.0,25,6.108488
0.0,2,6.108645
0.0,14,6.109334
0.0,5,6.109622
0.0,8,6.110039
0.0,47,6.112176
0.0,10,6.112694
0.0,26,6.113912
0.0,30,6.1153
1.0,15,6.116028
0.0,37,6.117718
0.0,3,6.117921
0.0,27,6.119187
0.0,52,6.12153
0.0,7,6.121908
0.0,8,6.122339
1.0,16,6.123122
1.0,47,6.125246
1.0,11,6.125791
0.0,24,6.126913
0.0,6,6.127257
0.0,22,6.128299
0.0,1,6.128411
1.0,27,6.129658
1.0,17,6.130481
1.0,39,6.132262
0.0,16,6.133029
0.0,20,6.133979
0.0,31,6.135413
0.0,37,6.137108
0.0,7,6.137486
0.0,2,6.137644
1.0,37,6.139346
1.0,32,6.140815
0.0,19,6.141716
0.0,43,6.143672
0.0,11,6.144233
0.0,17,6.14504
0.0,5,6.145338
1.0,41,6.147197
1.0,57,6.149744
0.0,33,6.151263
0.0,13,6.151896
0.0,16,6.152674
0.0,2,6.152831
0.0,14,6.153528
0.0,3,6.153728
0.0,4,6.153975
0.0,4,6.154228
0.0,8,6.154644
0.0,35,6.156253
0.0,18,6.157115
0.0,32,6.158588
0.0,42,6.160495
0.0,10,6.161002
0.0,1,6.161124
0.0,33,6.162637
1.0,44,6.164644
1.0,56,6.167162
0.0,6,6.167495
1.0,13,6.168141
0.0,1,6.168254
1.0,13,6.168888
0.0,3,6.1691
1.0,47,6.171229
0.0,26,6.172442
0.0,29,6.173785
0.0,47,6.175916
0.0,16,6.176691
0.0,4,6.176935
0.0,14,6.177629
0.0,9,6.178102
0.0,10,6.178609
0.0,1,6.178722
0.0,5,6.179009
0.0,2,6.179173
0.0,35,6.180779
0.0,3,6.18098
0.0,5,6.181279
0.0,2,6.181494
0.0,7,6.181875
0.0,16,6.182655
0.0,7,6.183029
0.0,9,6.183503
0.0,4,6.183749
0.0,1,6.183861
0.0,10,6.184374
0.0,6,6.184706
1.0,12,6.185312
0.0,3,6.185514
0.0,17,6.18633
1.0,43,6.18827
0.0,32,6.189737
1.0,21,6.190727
1.0,8,6.191159
0.0,9,6.191618
0.0,1,6.191731
0.0,17,6.192553
1.0,13,6.193207
0.0,4,6.193453
0.0,31,6.19488
1.0,10,6.195397
0.0,6,6.195728
0.0,1,6.195838
0.0,12,6.19644
0.0,3,6.196643
0.0,7,6.197017
0.0,8,6.197443
0.0,11,6.197997
1.0,24,6.199124
1.0,23,6.200198
0.0,12,6.20079
0.0,11,6.20135
1.0,10,6.201855
0.0,47,6.203984
0.0,28,6.205294
1.0,41,6.207165
0.0,18,6.208016
0.0,11,6.20857
1.0,31,6.209997
0.0,16,6.210769
0.0,7,6.211157
0.0,17,6.211964
0.0,4,6.212221
1.0,49,6.214441
0.0,9,6.214905
1.0,68,6.217947
0.0,2,6.218117
0.0,8,6.218536
0.0,4,6.218781
0.0,71,6.221962
0.0,40,6.223796
0.0,4,6.224042
0.0,3,6.224254
1.0,12,6.224845
0.0,19,6.225754
1.0,6,6.226096
1.0,24,6.227215
1.0,20,6.228163
0.0,6,6.228494
1.0,14,6.22918
0.0,7,6.229555
0.0,24,6.230676
0.0,4,6.23092
0.0,2,6.231087
0.0,1,6.231198
0.0,1,6.231307
0.0,56,6.233823
0.0,12,6.234428
0.0,27,6.235677
0.0,8,6.236109
0.0,7,6.236487
0.0,2,6.236643
0.0,5,6.236928
0.0,2,6.237095
1.0,13,6.237728
1.0,17,6.238546
1.0,21,6.239537
0.0,3,6.239739
0.0,3,6.239941
1.0,72,6.243166
1.0,12,6.243759
0.0,2,6.243913
0.0,28,6.245216
0.0,42,6.247131
0.0,39,6.248899
1.0,31,6.25034
0.0,15,6.251068
0.0,39,6.252834
0.0,7,6.253229
0.0,22,6.254267
0.0,2,6.254424
0.0,22,6.255454
1.0,29,6.256792
1.0,36,6.25844
0.0,33,6.259953
0.0,22,6.260992
0.0,27,6.262251
0.0,23,6.263336
0.0,9,6.2638
0.0,2,6.263957
0.0,5,6.264257
0.0,40,6.266079
0.0,7,6.266455
0.0,35,6.268058
1.0,27,6.269318
0.0,6,6.26965
0.0,20,6.270601
1.0,22,6.271638
0.0,1,6.271752
0.0,2,6.271908
0.0,21,6.272902
0.0,18,6.273772
1.0,38,6.275509
0.0,21,6.276495
0.0,15,6.277233
0.0,38,6.278965
0.0,1,6.279089
0.0,42,6.280992
1.0,27,6.282257
0.0,16,6.283098
1.0,23,6.284184
0.0,2,6.284342
0.0,1,6.284454
1.0,23,6.285527
0.0,5,6.285812
0.0,1,6.285925
1.0,34,6.287492
1.0,17,6.28831
0.0,14,6.288982
0.0,6,6.289322
0.0,25,6.290489
0.0,23,6.291572
0.0,11,6.292136
0.0,2,6.292293
0.0,13,6.292932
0.0,8,6.29337
0.0,3,6.293574
0.0,3,6.293775
0.0,2,6.29393
1.0,20,6.294878
0.0,37,6.296572
0.0,4,6.296818
1.0,35,6.298422
0.0,32,6.29989
0.0,22,6.300932
1.0,20,6.301886
1.0,9,6.30236
0.0,7,6.302734
0.0,2,6.302892
0.0,15,6.303629
1.0,22,6.304667
0.0,3,6.304867
0.0,10,6.305382
0.0,28,6.306685
0.0,5,6.306972
0.0,40,6.308798
0.0,50,6.311041
0.0,2,6.311211
0.0,2,6.311366
1.0,79,6.314884
1.0,8,6.315313
0.0,2,6.31547
1.0,15,6.316202
1.0,24,6.317324
0.0,12,6.317919
0.0,20,6.318866
0.0,4,6.319125
1.0,13,6.31976
1.0,20,6.320706
0.0,9,6.321178
1.0,20,6.32213
0.0,5,6.322415
0.0,6,6.322743
1.0,33,6.324284
0.0,2,6.324441
0.0,21,6.325436
1.0,23,6.326519
0.0,3,6.326722
0.0,10,6.327239
0.0,3,6.327442
0.0,31,6.32886
1.0,30,6.330251
0.0,9,6.330713
0.0,6,6.331042
1.0,14,6.331732
0.0,17,6.33255
0.0,36,6.334212
0.0,5,6.334502
0.0,2,6.334657
0.0,41,6.336527
1.0,59,6.339206
0.0,13,6.339841
0.0,2,6.34
0.0,53,6.34239
0.0,16,6.343176
0.0,13,6.343815
0.0,6,6.344156
0.0,10,6.34466
0.0,3,6.344862
0.0,1,6.344974
0.0,3,6.345187
0.0,26,6.346398
0.0,29,6.34774
0.0,5,6.348027
0.0,17,6.348849
0.0,19,6.349757
0.0,15,6.350496
1.0,33,6.352007
0.0,27,6.353272
0.0,22,6.354303
0.0,7,6.35468
0.0,36,6.35633
0.0,38,6.35807
0.0,6,6.3584
0.0,16,6.359176
0.0,26,6.360389
1.0,13,6.361022
0.0,17,6.361836
0.0,17,6.362658
0.0,4,6.362902
1.0,9,6.363384
1.0,24,6.3645
1.0,20,6.365451
1.0,11,6.365998
0.0,6,6.36634
0.0,8,6.366757
0.0,3,6.366958
0.0,5,6.367255
0.0,9,6.367719
0.0,13,6.368363
0.0,13,6.368998
0.0,14,6.369679
0.0,13,6.370328
0.0,21,6.371321
1.0,30,6.372698
1.0,15,6.373435
0.0,1,6.373549
0.0,34,6.375107
0.0,9,6.375571
1.0,24,6.37669
0.0,2,6.376849
0.0,15,6.377587
0.0,3,6.377789
0.0,29,6.37914
1.0,9,6.379602
0.0,6,6.379933
0.0,4,6.38019
1.0,28,6.381486
0.0,6,6.381817
0.0,21,6.382818
0.0,37,6.384583
1.0,10,6.385102
1.0,17,6.385908
0.0,14,6.386595
1.0,33,6.388115
0.0,7,6.388487
0.0,1,6.388597
0.0,24,6.389722
0.0,2,6.389881
0.0,52,6.392236
0.0,32,6.393711
0.0,10,6.394228
0.0,2,6.394385
1.0,13,6.395018
1.0,22,6.396057
0.0,2,6.396215
0.0,4,6.396462
1.0,16,6.397239
0.0,24,6.398359
0.0,2,6.398518
0.0,27,6.399773
0.0,10,6.400295
0.0,27,6.401552
0.0,1,6.401665
0.0,2,6.40182
1.0,8,6.40225
0.0,12,6.402842
0.0,17,6.403668
0.0,2,6.403825
0.0,9,6.404296
0.0,13,6.40493
0.0,20,6.405875
0.0,5,6.406174
0.0,31,6.407596
0.0,6,6.407929
1.0,14,6.408618
0.0,3,6.408818
0.0,25,6.40998
0.0,8,6.410412
1.0,27,6.411661
0.0,19,6.412574
0.0,17,6.413402
0.0,15,6.414136
0.0,17,6.414947
0.0,20,6.415902
0.0,18,6.416767
1.0,23,6.417848
1.0,35,6.419456
0.0,23,6.420535
0.0,1,6.420648
1.0,55,6.423114
0.0,1,6.423225
0.0,1,6.423338
0.0,40,6.425157
0.0,10,6.425667
1.0,14,6.426355
0.0,3,6.426559
0.0,50,6.428817
0.0,25,6.429993
1.0,19,6.430898
0.0,3,6.431111
0.0,11,6.431661
0.0,4,6.431906
1.0,12,6.432506
0.0,33,6.434023
0.0,15,6.434756
0.0,34,6.436321
0.0,10,6.43683
0.0,2,6.436985
1.0,10,6.4375
0.0,15,6.438231
0.0,44,6.440231
0.0,17,6.441043
0.0,10,6.441561
0.0,1,6.441671
0.0,10,6.442188
0.0,6,6.442518
0.0,25,6.443687
0.0,4,6.443934
0.0,43,6.445875
0.0,1,6.445987
0.0,4,6.446242
0.0,1,6.446355
0.0,7,6.446726
0.0,21,6.447716
0.0,18,6.448582
0.0,14,6.449273
0.0,6,6.449608
0.0,13,6.450253
0.0,13,6.450888
0.0,1,6.450998
0.0,7,6.45138
0.0,2,6.451539
1.0,9,6.451999
0.0,11,6.452553
0.0,6,6.452882
1.0,21,6.453873
0.0,7,6.454257
0.0,7,6.454633
0.0,13,6.455277
1.0,50,6.457532
0.0,6,6.457861
0.0,43,6.459815
1.0,48,6.461982
0.0,6,6.462326
0.0,31,6.463755
0.0,25,6.464918
0.0,6,6.46526
0.0,11,6.465814
0.0,32,6.46729
1.0,26,6.468498
0.0,18,6.469369
0.0,4,6.469614
0.0,2,6.469769
0.0,36,6.47143
0.0,5,6.471719
0.0,21,6.472721
0.0,3,6.472926
0.0,3,6.473144
0.0,13,6.473783
0.0,1,6.473897
0.0,37,6.475605
0.0,27,6.476867
1.0,40,6.478699
1.0,13,6.479346
1.0,18,6.480209
0.0,24,6.481336
1.0,9,6.481797
1.0,24,6.482929
0.0,4,6.483243
1.0,18,6.484116
0.0,9,6.484581
0.0,7,6.484956
1.0,26,6.486179
0.0,30,6.487561
1.0,22,6.488599
0.0,6,6.488932
0.0,1,6.489043
0.0,14,6.489728
0.0,7,6.490113
1.0,66,6.493081
0.0,6,6.493412
0.0,2,6.493569
0.0,18,6.494434
0.0,2,6.494591
1.0,13,6.495239
0.0,21,6.496226
0.0,100,6.500673
0.0,23,6.501745
0.0,9,6.502221
0.0,7,6.502599
0.0,17,6.503423
0.0,30,6.504802
1.0,43,6.50675
0.0,2,6.506908
0.0,36,6.508564
0.0,26,6.509775
0.0,20,6.510726
0.0,6,6.511067
0.0,8,6.511487
0.0,8,6.511907
0.0,22,6.512943
0.0,7,6.513335
0.0,5,6.513625
0.0,9,6.514101
0.0,10,6.514611
1.0,22,6.515646
0.0,11,6.516206
0.0,13,6.51684
1.0,24,6.517961
1.0,58,6.520578
1.0,22,6.52161
0.0,6,6.521949
0.0,29,6.523304
1.0,23,6.524384
0.0,7,6.524764
1.0,15,6.525494
1.0,16,6.526273
1.0,22,6.527309
1.0,19,6.528211
0.0,8,6.528628
1.0,25,6.529797
0.0,3,6.529999
0.0,15,6.530738
0.0,8,6.531167
0.0,9,6.531629
1.0,17,6.532441
0.0,40,6.534269
0.0,20,6.535215
1.0,12,6.535805
0.0,22,6.536838
0.0,19,6.537748
0.0,25,6.538918
0.0,14,6.53961
0.0,11,6.54017
1.0,12,6.540761
0.0,6,6.541102
0.0,3,6.541302
0.0,1,6.541414
0.0,7,6.54179
0.0,20,6.542739
0.0,25,6.543916
0.0,11,6.544481
0.0,12,6.545087
0.0,17,6.545894
1.0,10,6.546409
0.0,5,6.546695
0.0,5,6.546984
0.0,13,6.547627
0.0,26,6.54884
1.0,20,6.54979
1.0,53,6.552175
0.0,39,6.553958
0.0,8,6.55439
0.0,13,6.555028
1.0,8,6.555451
0.0,34,6.557002
1.0,11,6.55756
0.0,17,6.558377
0.0,59,6.561008
0.0,14,6.561699
1.0,17,6.562517
0.0,9,6.56298
0.0,24,6.564113
0.0,8,6.564533
0.0,2,6.56469
0.0,16,6.565468
0.0,8,6.565886
0.0,19,6.566793
1.0,21,6.567789
1.0,17,6.568609
1.0,28,6.569911
0.0,1,6.570022
0.0,7,6.570405
0.0,9,6.570869
0.0,4,6.571122
0.0,10,6.571626
1.0,57,6.574198
0.0,10,6.574704
1.0,6,6.575033
0.0,24,6.576166
0.0,20,6.57712
1.0,70,6.580259
1.0,14,6.580935
0.0,31,6.582371
0.0,37,6.584066
0.0,14,6.584745
0.0,14,6.58543
0.0,22,6.586462
0.0,4,6.586708
0.0,5,6.586995
0.0,11,6.587611
0.0,6,6.587954
0.0,13,6.588605
0.0,6,6.58894
0.0,3,6.589149
0.0,16,6.589914
0.0,17,6.590734
0.0,4,6.590981
0.0,23,6.592063
0.0,4,6.592307
0.0,30,6.593694
0.0,14,6.594388
0.0,32,6.59586
0.0,73,6.599139
0.0,3,6.599344
0.0,5,6.599631
0.0,24,6.600757
1.0,12,6.601363
0.0,6,6.601695
1.0,29,6.603033
1.0,38,6.604779
1.0,17,6.605599
0.0,15,6.606338
0.0,1,6.606449
0.0,5,6.606735
1.0,22,6.60778
1.0,13,6.608424
0.0,20,6.609367
1.0,39,6.611144
0.0,2,6.6113
0.0,20,6.61225
1.0,21,6.61325
0.0,46,6.615327
1.0,14,6.616004
0.0,14,6.616691
0.0,66,6.619652
1.0,17,6.620467
0.0,7,6.62084
0.0,23,6.621916
0.0,20,6.62286
0.0,12,6.623474
0.0,1,6.623588
0.0,2,6.623744
1.0,15,6.62448
0.0,4,6.624723
0.0,22,6.62576
1.0,17,6.626581
0.0,11,6.627138
0.0,10,6.627647
0.0,5,6.627935
0.0,25,6.629112
0.0,4,6.629359
0.0,22,6.630397
0.0,52,6.632741
0.0,20,6.633699
0.0,18,6.634559
0.0,40,6.636387
0.0,11,6.63694
0.0,3,6.637149
1.0,28,6.638445
1.0,26,6.639653
0.0,7,6.64003
1.0,36,6.64168
0.0,8,6.64211
0.0,4,6.642354
0.0,2,6.642509
1.0,21,6.643503
1.0,12,6.644101
0.0,17,6.644909
0.0,10,6.645425
1.0,18,6.646283
0.0,18,6.647147
0.0,15,6.647871
1.0,19,6.648776
0.0,25,6.649945
0.0,35,6.65155
1.0,9,6.652016
1.0,7,6.652396
1.0,82,6.656057
0.0,6,6.656391
0.0,10,6.656896
0.0,7,6.657286
0.0,14,6.657969
0.0,12,6.658571
0.0,1,6.658683
1.0,96,6.662938
0.0,11,6.663505
0.0,22,6.664545
1.0,27,6.665798
0.0,7,6.666183
0.0,5,6.666471
0.0,27,6.667724
0.0,29,6.669076
1.0,33,6.670595
0.0,1,6.670706
1.0,11,6.671262
1.0,49,6.673486
0.0,22,6.67452
0.0,11,6.675082
0.0,2,6.675241
0.0,11,6.675787
0.0,14,6.676471
0.0,68,6.679511
0.0,13,6.680155
0.0,16,6.68092
0.0,7,6.681308
0.0,2,6.681464
0.0,32,6.682936
0.0,4,6.683198
1.0,14,6.683874
1.0,6,6.684212
0.0,3,6.684411
1.0,27,6.685671
1.0,35,6.687309
0.0,55,6.689771
0.0,14,6.690462
0.0,22,6.691497
0.0,18,6.692358
0.0,4,6.692604
0.0,21,6.693605
0.0,12,6.69421
1.0,33,6.695783
0.0,7,6.696167
0.0,10,6.696672
0.0,2,6.696829
1.0,7,6.697214
1.0,38,6.698934
1.0,58,6.701549
0.0,4,6.701795
0.0,3,6.701995
0.0,10,6.702506
1.0,18,6.703377
1.0,33,6.704884
0.0,16,6.705655
0.0,9,6.70613
0.0,5,6.706418
0.0,16,6.707189
1.0,88,6.711145
0.0,30,6.71253
1.0,21,6.713529
1.0,16,6.714306
0.0,14,6.714983
0.0,2,6.715151
1.0,42,6.717068
1.0,27,6.718323
0.0,27,6.719575
0.0,10,6.720093
0.0,2,6.720253
1.0,20,6.721204
0.0,7,6.721582
0.0,2,6.72174
0.0,2,6.721894
0.0,30,6.723294
0.0,3,6.723495
1.0,8,6.723913
0.0,6,6.724252
1.0,15,6.724977
0.0,5,6.725275
0.0,18,6.726135
0.0,16,6.726906
0.0,29,6.728262
0.0,8,6.728683
0.0,7,6.729067
0.0,15,6.729812
0.0,20,6.730762
0.0,1,6.730875
0.0,3,6.731086
0.0,4,6.731333
0.0,33,6.732854
0.0,23,6.733938
0.0,14,6.734631
0.0,4,6.734878
0.0,5,6.735179
0.0,3,6.735382
0.0,10,6.735882
0.0,28,6.73719
0.0,4,6.737439
1.0,20,6.73839
0.0,29,6.739726
0.0,11,6.740288
1.0,22,6.741318
1.0,15,6.742038
0.0,16,6.742807
1.0,12,6.743416
1.0,21,6.744411
0.0,18,6.74527
1.0,9,6.745732
0.0,2,6.745888
1.0,52,6.748234
0.0,14,6.748908
0.0,5,6.74921
1.0,51,6.751497
0.0,9,6.751955
0.0,1,6.752077
0.0,16,6.752841
0.0,11,6.753411
1.0,30,6.754798
0.0,22,6.755832
1.0,29,6.757192
0.0,38,6.758914
0.0,44,6.760915
0.0,12,6.761521
0.0,2,6.761678
0.0,7,6.762061
0.0,11,6.762613
0.0,29,6.763967
0.0,37,6.765674
0.0,37,6.767369
0.0,11,6.767918
1.0,53,6.770311
1.0,15,6.771034
0.0,5,6.771329
0.0,12,6.771916
0.0,23,6.772994
1.0,50,6.775255
0.0,25,6.776423
1.0,49,6.778628
0.0,43,6.780573
0.0,18,6.781437
0.0,4,6.781683
0.0,16,6.782464
0.0,4,6.78271
1.0,15,6.783446
0.0,24,6.78456
0.0,23,6.785636
0.0,8,6.786062
0.0,15,6.786784
1.0,24,6.787899
0.0,4,6.788155
0.0,18,6.789006
0.0,31,6.790432
1.0,13,6.791076
0.0,7,6.791451
0.0,5,6.791741
0.0,3,6.791939
1.0,35,6.793546
0.0,5,6.793834
1.0,49,6.796043
0.0,3,6.796253
1.0,16,6.797017
0.0,38,6.798822
1.0,15,6.799558
0.0,16,6.800335
0.0,1,6.800447
0.0,17,6.801265
0.0,13,6.801904
0.0,5,6.802204
0.0,15,6.806291
0.0,2,6.806475
0.0,5,6.806763
0.0,10,6.807285
0.0,11,6.807838
0.0,3,6.808039
0.0,11,6.808596
0.0,2,6.808753
0.0,6,6.809094
1.0,25,6.810263
0.0,20,6.811214
0.0,2,6.811373
0.0,17,6.812195
1.0,15,6.812916
0.0,13,6.813573
0.0,40,6.815402
0.0,17,6.816223
0.0,4,6.816473
1.0,17,6.817296
1.0,22,6.81833
1.0,28,6.819627
1.0,18,6.820487
1.0,11,6.82103
0.0,13,6.821673
0.0,21,6.822665
1.0,41,6.824539
1.0,14,6.825228
0.0,68,6.828265
0.0,2,6.828425
0.0,1,6.828534
0.0,4,6.828778
0.0,9,6.829247
0.0,2,6.829406
0.0,23,6.830483
0.0,8,6.830903
1.0,20,6.83185
0.0,22,6.832889
0.0,14,6.833582
0.0,13,6.834229
1.0,13,6.834868
0.0,4,6.835124
0.0,7,6.835501
0.0,7,6.835876
0.0,5,6.836178
0.0,13,6.836816
0.0,72,6.840038
0.0,8,6.84047
0.0,1,6.84058
0.0,19,6.84149
1.0,8,6.841914
0.0,2,6.84208
0.0,14,6.842761
0.0,80,6.846354
0.0,36,6.848007
0.0,1,6.848127
1.0,14,6.848813
0.0,8,6.849243
0.0,24,6.850371
0.0,8,6.850795
1.0,23,6.851878
0.0,12,6.852484
0.0,1,6.852597
0.0,7,6.852974
0.0,3,6.853189
0.0,7,6.853567
0.0,23,6.854644
0.0,19,6.855555
0.0,9,6.856021
1.0,25,6.857202
1.0,15,6.857926
0.0,12,6.858529
1.0,41,6.8604
1.0,41,6.862286
1.0,9,6.862752
0.0,1,6.862863
0.0,4,6.863122
1.0,19,6.864018
0.0,3,6.864227
0.0,31,6.86565
0.0,39,6.867441
0.0,2,6.8676
0.0,35,6.869207
0.0,13,6.869842
0.0,30,6.871238
1.0,10,6.871741
1.0,17,6.872563
1.0,9,6.873024
1.0,22,6.874065
0.0,16,6.87483
0.0,20,6.875777
0.0,2,6.875935
0.0,6,6.876277
0.0,7,6.876657
0.0,1,6.876768
0.0,27,6.878021
0.0,13,6.878668
0.0,12,6.879273
0.0,25,6.880442
1.0,22,6.881479
0.0,62,6.884283
1.0,39,6.886067
0.0,4,6.88631
0.0,58,6.888911
0.0,34,6.890481
0.0,5,6.89077
0.0,8,6.891202
0.0,16,6.891967
0.0,4,6.89222
0.0,19,6.89313
0.0,6,6.893465
1.0,48,6.895631
1.0,13,6.896278
0.0,2,6.896437
0.0,7,6.896811
1.0,20,6.897772
0.0,1,6.897968
0.0,97,6.902318
0.0,1,6.902433
0.0,9,6.902892
0.0,1,6.903005
0.0,1,6.903131
0.0,52,6.905468
0.0,3,6.905668
0.0,27,6.906917
0.0,31,6.908352
0.0,82,6.911996
0.0,2,6.912164
0.0,33,6.91369
0.0,1,6.913802
0.0,68,6.916845
0.0,1,6.916957
0.0,41,6.918825
0.0,3,6.919025
0.0,14,6.919711
1.0,14,6.920401
1.0,10,6.920907
0.0,1,6.921016
0.0,15,6.921748
1.0,31,6.923192
1.0,33,6.9247
0.0,1,6.924812
1.0,27,6.926073
1.0,19,6.926964
0.0,2,6.92713
1.0,9,6.927593
0.0,20,6.928543
0.0,13,6.929189
0.0,28,6.930485
0.0,8,6.930901
1.0,32,6.932379
0.0,29,6.933726
0.0,43,6.935684
0.0,29,6.937022
0.0,12,6.937627
0.0,20,6.938577
0.0,1,6.938689
1.0,49,6.940899
0.0,6,6.941242
0.0,1,6.941355
0.0,6,6.941686
0.0,56,6.94421
0.0,13,6.944842
0.0,13,6.945487
0.0,32,6.946957
0.0,10,6.947472
0.0,14,6.948164
0.0,3,6.948366
0.0,19,6.949268
0.0,4,6.949515
0.0,59,6.95219
0.0,23,6.953281
0.0,31,6.954712
1.0,52,6.957047
0.0,11,6.957606
0.0,1,6.957716
0.0,9,6.958193
0.0,25,6.959356
1.0,30,6.960734
1.0,18,6.9616
1.0,17,6.962419
1.0,58,6.965022
0.0,37,6.966716
0.0,6,6.967047
0.0,9,6.967523
0.0,18,6.968385
0.0,4,6.968631
0.0,6,6.96896
0.0,22,6.969995
0.0,9,6.970466
0.0,9,6.970932
0.0,8,6.971363
0.0,18,6.972226
1.0,26,6.973447
0.0,21,6.974441
0.0,56,6.97696
0.0,27,6.978227
0.0,21,6.979218
0.0,4,6.979464
0.0,21,6.980455
0.0,20,6.981407
0.0,4,6.981653
0.0,6,6.981985
1.0,22,6.983015
1.0,22,6.984067
1.0,22,6.985097
0.0,1,6.985208
1.0,54,6.98764
1.0,15,6.988376
1.0,42,6.990287
0.0,11,6.990837
0.0,8,6.991266
1.0,11,6.991815
1.0,8,6.992243
0.0,100,6.996682
0.0,9,6.997159
0.0,32,6.998628
1.0,10,6.999143
0.0,5,6.999433
0.0,22,7.000466
0.0,31,7.001888
0.0,6,7.002229
0.0,35,7.00383
0.0,14,7.004523
0.0,3,7.004727
0.0,5,7.005011
0.0,2,7.005175
0.0,32,7.006644
0.0,36,7.008302
0.0,17,7.009123
0.0,19,7.01002
0.0,8,7.010447
0.0,56,7.012958
0.0,6,7.01331
0.0,7,7.013687
0.0,6,7.014086
0.0,2,7.014247
0.0,7,7.01462
1.0,10,7.015136
0.0,31,7.016555
0.0,9,7.017018
0.0,6,7.017354
1.0,13,7.017996
0.0,15,7.018728
1.0,13,7.019377
0.0,10,7.019882
0.0,6,7.020225
0.0,15,7.02095
1.0,13,7.021597
0.0,32,7.023083
0.0,16,7.023848
1.0,18,7.024713
0.0,11,7.025276
0.0,13,7.025912
1.0,61,7.028665
0.0,15,7.029396
0.0,5,7.029683
0.0,2,7.02984
1.0,17,7.030659
0.0,19,7.031568
0.0,1,7.031683
1.0,26,7.032893
0.0,5,7.033195
0.0,4,7.033441
0.0,31,7.034863
0.0,36,7.036511
0.0,4,7.036755
0.0,1,7.036865
0.0,7,7.03725
1.0,32,7.038719
1.0,39,7.040495
1.0,13,7.04114
0.0,8,7.041555
0.0,6,7.041883
1.0,25,7.043063
1.0,17,7.043876
0.0,6,7.044218
1.0,13,7.044856
0.0,16,7.045631
0.0,11,7.046194
0.0,2,7.04635
0.0,1,7.046462
0.0,3,7.046663
1.0,20,7.04762
1.0,23,7.048699
0.0,6,7.049031
1.0,85,7.052815
0.0,11,7.053379
0.0,11,7.053926
0.0,1,7.054038
0.0,29,7.055389
0.0,4,7.055636
1.0,9,7.056105
0.0,2,7.056263
1.0,17,7.057078
0.0,3,7.057279
0.0,1,7.057389
0.0,26,7.058604
0.0,7,7.058982
0.0,50,7.061244
0.0,29,7.062584
0.0,11,7.06315
0.0,2,7.063308
0.0,29,7.064647
0.0,9,7.065121
0.0,10,7.065625
0.0,57,7.068194
0.0,6,7.068527
1.0,42,7.070447
0.0,4,7.07069
0.0,20,7.071635
0.0,11,7.072192
0.0,5,7.072484
0.0,12,7.073092
0.0,33,7.074603
0.0,4,7.074851
0.0,5,7.075148
0.0,7,7.075522
1.0,16,7.076292
1.0,30,7.07768
0.0,59,7.080334
0.0,47,7.082453
1.0,25,7.083617
0.0,29,7.084951
1.0,21,7.085938
0.0,6,7.08628
0.0,31,7.087706
0.0,6,7.088037
0.0,10,7.08855
0.0,3,7.088749
0.0,7,7.089131
1.0,27,7.090375
1.0,28,7.091671
0.0,5,7.091958
1.0,25,7.093132
1.0,16,7.093898
0.0,73,7.097178
0.0,25,7.098346
1.0,21,7.099339
0.0,5,7.099629
0.0,34,7.101192
0.0,15,7.101917
0.0,39,7.103713
0.0,15,7.104448
0.0,2,7.104607
0.0,2,7.104763
0.0,21,7.105756
0.0,36,7.107413
1.0,10,7.107918
0.0,1,7.10803
1.0,7,7.108416
1.0,43,7.110361
1.0,15,7.111093
0.0,8,7.111512
0.0,4,7.111758
0.0,20,7.112702
0.0,20,7.11366
1.0,13,7.114307
0.0,3,7.11457
1.0,41,7.116436
0.0,1,7.116548
0.0,13,7.117194
0.0,11,7.11774
0.0,1,7.117852
0.0,11,7.118412
0.0,5,7.118702
1.0,18,7.119562
0.0,2,7.119719
0.0,43,7.121675
0.0,3,7.12188
1.0,19,7.122786
0.0,6,7.123133
0.0,30,7.124521
1.0,8,7.12494
0.0,22,7.125977
0.0,1,7.126098
1.0,10,7.126605
0.0,16,7.127377
1.0,28,7.128672
0.0,8,7.129102
0.0,20,7.130042
1.0,30,7.131436
0.0,40,7.133267
0.0,9,7.13373
0.0,4,7.133971
1.0,31,7.1354
0.0,21,7.136387
0.0,1,7.136498
0.0,14,7.137187
0.0,3,7.13739
0.0,17,7.138212
1.0,25,7.139374
1.0,57,7.14193
1.0,28,7.143243
0.0,3,7.143443
0.0,27,7.144701
0.0,12,7.145308
0.0,35,7.146904
0.0,23,7.147979
1.0,19,7.148886
0.0,100,7.153321
0.0,3,7.153525
0.0,15,7.154256
0.0,23,7.155333
0.0,1,7.155444
0.0,10,7.155951
0.0,16,7.156723
1.0,17,7.157543
0.0,1,7.157653
1.0,32,7.15913
0.0,13,7.159769
0.0,10,7.160289
0.0,8,7.160709
0.0,19,7.161618
0.0,19,7.162527
0.0,5,7.162817
1.0,21,7.163814
0.0,9,7.164288
0.0,6,7.164639
0.0,18,7.165502
0.0,8,7.16592
0.0,6,7.16626
1.0,16,7.167024
0.0,72,7.170254
0.0,9,7.170718
1.0,8,7.171147
1.0,18,7.172
0.0,18,7.172858
0.0,18,7.173727
1.0,43,7.175689
0.0,3,7.175889
0.0,39,7.177665
1.0,26,7.178879
0.0,25,7.180038
0.0,36,7.181685
0.0,9,7.182157
0.0,28,7.183457
1.0,13,7.184103
0.0,8,7.18452
0.0,20,7.185467
0.0,7,7.185841
0.0,25,7.187007
0.0,47,7.189144
0.0,19,7.190038
0.0,27,7.1913
1.0,18,7.192159
0.0,26,7.193371
1.0,8,7.19379
1.0,20,7.194731
1.0,29,7.196067
0.0,18,7.196912
1.0,12,7.197516
0.0,32,7.198992
1.0,13,7.199634
0.0,1,7.199744
0.0,3,7.199946
0.0,7,7.200329
0.0,21,7.201327
0.0,19,7.202235
0.0,30,7.203615
0.0,57,7.206186
0.0,7,7.20656
1.0,14,7.207248
0.0,28,7.208544
0.0,8,7.208963
1.0,23,7.210041
0.0,25,7.21121
0.0,19,7.212111
1.0,24,7.213238
0.0,4,7.213483
0.0,43,7.215437
1.0,28,7.216731
0.0,30,7.218118
0.0,9,7.218584
1.0,40,7.220405
0.0,26,7.221684
0.0,33,7.223212
0.0,14,7.223893
0.0,3,7.224106
1.0,27,7.22536
1.0,24,7.22649
0.0,6,7.226819
0.0,32,7.228293
0.0,4,7.228536
0.0,4,7.228782
0.0,8,7.229209
1.0,16,7.229975
0.0,13,7.230614
0.0,21,7.231608
0.0,16,7.232384
0.0,40,7.234212
0.0,6,7.234543
0.0,10,7.235045
0.0,21,7.236038
0.0,1,7.23616
1.0,23,7.237235
0.0,2,7.237392
0.0,6,7.237723
0.0,22,7.238756
0.0,1,7.238867
1.0,16,7.23964
0.0,88,7.243561
0.0,26,7.24478
0.0,13,7.245425
0.0,2,7.245584
0.0,21,7.246574
1.0,10,7.247093
1.0,28,7.248401
0.0,12,7.248992
0.0,15,7.249724
1.0,20,7.250679
0.0,17,7.251498
1.0,18,7.252361
0.0,4,7.252607
0.0,2,7.252763
0.0,4,7.253003
0.0,31,7.254444
0.0,3,7.254647
1.0,52,7.256982
0.0,21,7.257971
1.0,23,7.259046
1.0,38,7.260777
0.0,52,7.263139
1.0,15,7.263862
0.0,18,7.264722
0.0,2,7.264881
0.0,22,7.265913
0.0,58,7.268521
0.0,2,7.268678
0.0,21,7.269669
0.0,19,7.270576
1.0,8,7.270995
0.0,13,7.271637
0.0,9,7.272114
0.0,6,7.272447
0.0,5,7.272733
0.0,15,7.273471
0.0,7,7.273846
0.0,3,7.274045
0.0,7,7.27443
0.0,38,7.276153
1.0,52,7.278496
0.0,51,7.280786
0.0,5,7.281082
0.0,16,7.281845
1.0,63,7.284671
0.0,18,7.285537
0.0,84,7.289283
0.0,11,7.289833
1.0,22,7.290866
1.0,17,7.291684
0.0,2,7.291842
0.0,8,7.292269
0.0,33,7.293787
0.0,2,7.293946
0.0,6,7.294284
1.0,6,7.294617
0.0,7,7.294988
0.0,7,7.29537
0.0,3,7.29557
0.0,24,7.296685
1.0,30,7.298082
0.0,8,7.298497
0.0,5,7.298788
0.0,13,7.299435
0.0,6,7.299769
1.0,64,7.302633
1.0,18,7.303498
0.0,27,7.30475
1.0,46,7.306839
0.0,1,7.30695
0.0,4,7.307205
1.0,19,7.308117
0.0,13,7.308753
0.0,10,7.309268
0.0,17,7.310081
0.0,11,7.31063
0.0,8,7.311047
0.0,9,7.311516
0.0,12,7.312118
0.0,9,7.31258
1.0,90,7.316572
1.0,16,7.317343
1.0,22,7.31838
0.0,15,7.319111
0.0,7,7.319489
0.0,12,7.320091
1.0,12,7.320684
0.0,10,7.321198
0.0,14,7.321876
0.0,4,7.322186
0.0,11,7.322737
0.0,6,7.323081
1.0,25,7.324245
1.0,19,7.325147
0.0,18,7.325996
0.0,6,7.326339
1.0,56,7.328856
0.0,5,7.329155
0.0,2,7.329314
0.0,25,7.330476
0.0,9,7.330935
0.0,36,7.33258
0.0,23,7.333663
0.0,18,7.334528
0.0,14,7.335214
0.0,18,7.336076
1.0,12,7.336667
0.0,27,7.337913
1.0,10,7.338429
0.0,1,7.338539
1.0,23,7.339615
1.0,13,7.34026
0.0,7,7.340634
0.0,10,7.34115
0.0,5,7.341438
1.0,26,7.342642
1.0,31,7.344075
0.0,4,7.344321
0.0,9,7.344785
0.0,15,7.345518
1.0,13,7.346165
0.0,12,7.346755
1.0,44,7.348751
0.0,25,7.349911
1.0,16,7.350689
0.0,3,7.350888
0.0,29,7.352233
0.0,25,7.353401
0.0,5,7.353688
0.0,30,7.355077
1.0,56,7.357585
1.0,19,7.358486
1.0,8,7.3589
1.0,38,7.360628
1.0,12,7.361231
1.0,14,7.361904
1.0,63,7.364738
0.0,35,7.366338
1.0,31,7.367764
0.0,1,7.367875
0.0,8,7.368306
0.0,8,7.368723
0.0,6,7.36906
1.0,27,7.370312
0.0,20,7.371266
0.0,14,7.371948
1.0,56,7.374477
0.0,19,7.375378
0.0,4,7.375622
0.0,9,7.376096
0.0,14,7.376774
0.0,4,7.377019
0.0,6,7.37736
0.0,3,7.377563
0.0,4,7.377804
1.0,20,7.37875
0.0,6,7.379091
1.0,23,7.380169
1.0,17,7.380977
0.0,28,7.382279
0.0,24,7.383409
0.0,9,7.383868
1.0,20,7.384815
0.0,1,7.384926
0.0,9,7.385396
1.0,11,7.385959
1.0,26,7.387172
0.0,34,7.38872
0.0,24,7.389845
0.0,13,7.390491
0.0,11,7.391041
0.0,1,7.391163
0.0,4,7.39141
0.0,2,7.391567
0.0,13,7.392216
0.0,17,7.393023
1.0,16,7.393799
0.0,50,7.396065
0.0,4,7.396312
1.0,26,7.397519
1.0,19,7.398416
1.0,13,7.399059
0.0,41,7.400923
0.0,21,7.401912
0.0,21,7.402904
0.0,52,7.405269
0.0,7,7.405646
0.0,36,7.407309
1.0,20,7.408265
1.0,11,7.408815
0.0,3,7.409015
1.0,43,7.410963
0.0,5,7.411264
0.0,6,7.4116
1.0,17,7.412418
1.0,28,7.413723
0.0,1,7.413836
0.0,3,7.414036
0.0,10,7.414549
0.0,75,7.417888
0.0,4,7.418144
1.0,30,7.419522
1.0,17,7.420341
0.0,2,7.420498
1.0,11,7.421043
1.0,29,7.422385
0.0,9,7.422901
1.0,43,7.424856
0.0,8,7.42529
1.0,23,7.426369
1.0,27,7.427626
0.0,15,7.428361
1.0,21,7.429347
0.0,6,7.429679
0.0,37,7.43137
1.0,19,7.432278
0.0,13,7.432909
0.0,25,7.434085
0.0,6,7.434416
0.0,4,7.43466
0.0,1,7.434773
0.0,18,7.435632
0.0,9,7.4361
0.0,33,7.43761
0.0,9,7.438082
0.0,27,7.439337
0.0,100,7.443794
0.0,1,7.443907
0.0,38,7.445636
0.0,18,7.446499
0.0,28,7.447807
0.0,22,7.448845
0.0,15,7.449586
0.0,2,7.449745
0.0,27,7.450991
0.0,8,7.451421
0.0,12,7.452017
1.0,29,7.453364
1.0,60,7.456046
0.0,3,7.456258
0.0,8,7.456677
0.0,2,7.456836
1.0,43,7.458795
0.0,15,7.459533
0.0,10,7.460039
0.0,11,7.460597
1.0,30,7.461982
0.0,1,7.462103
0.0,2,7.462259
0.0,5,7.462551
0.0,53,7.464948
0.0,24,7.466081
1.0,34,7.467639
0.0,7,7.468015
0.0,9,7.468483
1.0,31,7.46991
0.0,18,7.470768
1.0,27,7.47202
0.0,3,7.472231
0.0,33,7.473757
0.0,11,7.474316
0.0,4,7.474562
0.0,1,7.474671
0.0,3,7.474873
0.0,9,7.475345
0.0,5,7.475631
0.0,36,7.47728
0.0,5,7.47757
0.0,29,7.478904
0.0,23,7.479985
0.0,16,7.48076
1.0,26,7.481969
1.0,26,7.483192
0.0,22,7.484226
0.0,36,7.485872
1.0,21,7.486865
1.0,18,7.487728
1.0,30,7.489117
1.0,10,7.489624
0.0,15,7.490355
0.0,17,7.491172
1.0,25,7.492336
0.0,10,7.492844
1.0,57,7.495414
0.0,57,7.49797
0.0,13,7.498619
0.0,6,7.498955
0.0,2,7.499123
0.0,35,7.500722
1.0,57,7.503301
0.0,6,7.503634
0.0,7,7.504009
0.0,13,7.504649
0.0,18,7.505509
0.0,8,7.505924
0.0,39,7.507701
0.0,15,7.508432
0.0,25,7.509593
1.0,27,7.510843
0.0,4,7.511095
1.0,28,7.512385
0.0,11,7.512933
0.0,8,7.513364
1.0,37,7.51506
0.0,7,7.515437
0.0,13,7.516082
0.0,11,7.516631
0.0,15,7.517359
1.0,15,7.518089
0.0,30,7.519477
0.0,4,7.519723
0.0,7,7.520106
0.0,8,7.520525
0.0,16,7.5213
0.0,16,7.522073
0.0,11,7.522621
0.0,67,7.525617
0.0,23,7.526693
0.0,19,7.5276
0.0,2,7.527756
0.0,18,7.528617
0.0,7,7.529058
0.0,12,7.529653
0.0,10,7.530165
0.0,33,7.531677
0.0,9,7.532152
0.0,7,7.532524
0.0,25,7.533688
0.0,49,7.535899
1.0,26,7.537112
0.0,3,7.537314
0.0,22,7.538352
0.0,19,7.539255
0.0,1,7.539369
0.0,76,7.542742
0.0,5,7.543032
0.0,7,7.543421
0.0,13,7.544061
1.0,28,7.545356
0.0,6,7.545691
0.0,1,7.545802
1.0,22,7.546836
0.0,2,7.546993
1.0,84,7.550726
0.0,15,7.551459
1.0,52,7.553801
0.0,47,7.555922
0.0,5,7.556221
1.0,46,7.558297
1.0,37,7.559978
1.0,67,7.562968
0.0,47,7.565106
0.0,2,7.565263
0.0,10,7.565767
0.0,38,7.567498
0.0,10,7.568005
0.0,36,7.56965
0.0,1,7.569761
1.0,15,7.570489
0.0,3,7.570692
0.0,11,7.57125
0.0,8,7.571671
0.0,15,7.572404
0.0,31,7.573844
0.0,57,7.576408
0.0,13,7.577045
1.0,10,7.577561
0.0,22,7.578598
1.0,24,7.57972
1.0,10,7.580233
0.0,13,7.580871
0.0,20,7.581817
0.0,22,7.582852
1.0,28,7.584156
0.0,11,7.584707
1.0,87,7.588568
0.0,20,7.589516
0.0,37,7.591208
0.0,10,7.591712
1.0,26,7.592924
0.0,5,7.593227
1.0,15,7.593944
0.0,21,7.595034
0.0,14,7.595724
0.0,12,7.59633
1.0,59,7.598982
0.0,26,7.600199
0.0,10,7.600705
0.0,51,7.602986
1.0,27,7.604252
0.0,15,7.604968
0.0,30,7.606357
0.0,4,7.6066
0.0,100,7.611004
0.0,16,7.61178
0.0,15,7.612512
0.0,8,7.612928
0.0,35,7.614531
1.0,32,7.616007
0.0,26,7.617218
0.0,6,7.61755
0.0,7,7.617923
0.0,1,7.618035
0.0,11,7.618595
1.0,6,7.618924
0.0,9,7.619391
0.0,3,7.619593
1.0,27,7.620837
0.0,7,7.621224
0.0,13,7.621864
1.0,32,7.623343
0.0,24,7.62447
0.0,12,7.625092
1.0,19,7.625986
0.0,33,7.627502
1.0,33,7.629012
0.0,2,7.629176
0.0,3,7.629375
0.0,9,7.629838
0.0,2,7.629992
0.0,58,7.632588
0.0,2,7.632746
0.0,15,7.633482
0.0,21,7.634472
0.0,21,7.635462
0.0,25,7.636631
1.0,58,7.639235
0.0,3,7.639436
0.0,52,7.641774
0.0,1,7.641886
0.0,5,7.642186
0.0,7,7.642559
1.0,22,7.643599
0.0,16,7.644375
0.0,1,7.644544
0.0,2,7.6447
0.0,21,7.645691
1.0,53,7.648088
0.0,4,7.648335
0.0,46,7.65041
1.0,14,7.6511
0.0,16,7.651861
1.0,28,7.653165
0.0,18,7.654015
0.0,1,7.654136
0.0,28,7.655431
1.0,11,7.655979
0.0,65,7.65889
0.0,14,7.659577
1.0,13,7.660223
0.0,8,7.660639
1.0,36,7.662287
0.0,42,7.664206
1.0,79,7.667715
0.0,19,7.668624
0.0,10,7.669141
0.0,6,7.669474
1.0,9,7.669933
1.0,44,7.671916
0.0,10,7.672431
0.0,14,7.673125
0.0,2,7.673282
0.0,6,7.67361
0.0,5,7.673899
0.0,10,7.674412
0.0,4,7.674657
0.0,24,7.675772
0.0,69,7.678846
1.0,13,7.679492
1.0,17,7.680309
0.0,20,7.681255
1.0,32,7.682723
0.0,42,7.684638
0.0,5,7.684926
0.0,2,7.6851
1.0,37,7.686788
0.0,9,7.687258
1.0,40,7.689083
0.0,10,7.689588
0.0,14,7.690275
1.0,15,7.690997
0.0,22,7.692026
0.0,31,7.693461
1.0,29,7.694802
0.0,15,7.695533
0.0,17,7.696352
1.0,28,7.697644
0.0,15,7.698373
1.0,18,7.699234
0.0,35,7.700824
1.0,38,7.702566
0.0,6,7.702901
0.0,4,7.703162
0.0,17,7.703968
0.0,7,7.704353
0.0,37,7.70604
0.0,15,7.706767
0.0,13,7.707421
0.0,8,7.707843
0.0,1,7.707952
0.0,5,7.708252
1.0,8,7.708671
0.0,2,7.708826
0.0,33,7.710341
0.0,13,7.710979
1.0,17,7.711795
1.0,18,7.712659
0.0,4,7.712903
0.0,5,7.713206
0.0,1,7.713319
0.0,13,7.713953
1.0,24,7.71509
1.0,13,7.715724
0.0,16,7.716495
0.0,1,7.716609
0.0,4,7.716851
0.0,4,7.717106
0.0,17,7.717911
0.0,3,7.718123
0.0,5,7.71841
1.0,54,7.720839
0.0,13,7.721484
0.0,23,7.722564
0.0,1,7.722678
0.0,39,7.724462
0.0,21,7.725451
1.0,11,7.726002
0.0,4,7.726255
0.0,2,7.726412
0.0,6,7.726741
1.0,18,7.727602
0.0,19,7.728506
0.0,10,7.729013
0.0,23,7.730099
0.0,1,7.730211
0.0,8,7.73063
1.0,31,7.73206
0.0,9,7.732525
0.0,18,7.733391
0.0,16,7.734166
0.0,4,7.734412
0.0,12,7.734998
1.0,17,7.735817
0.0,14,7.736501
0.0,13,7.737148
0.0,8,7.737565
0.0,7,7.737941
0.0,25,7.739115
0.0,26,7.740327
0.0,1,7.740439
0.0,6,7.740768
0.0,29,7.742113
1.0,20,7.743068
0.0,34,7.74463
0.0,13,7.745334
0.0,18,7.7462
0.0,5,7.746487
0.0,2,7.746642
0.0,7,7.747017
0.0,29,7.748356
1.0,11,7.7489
0.0,4,7.749155
0.0,26,7.750364
1.0,22,7.751401
0.0,8,7.75182
0.0,11,7.752379
0.0,6,7.75271
0.0,6,7.75304
1.0,9,7.75352
1.0,15,7.754251
0.0,11,7.754797
0.0,3,7.754998
1.0,19,7.755897
0.0,2,7.756061
0.0,2,7.75622
0.0,37,7.7579
0.0,20,7.758847
0.0,3,7.759047
0.0,6,7.75939
0.0,36,7.761014
1.0,33,7.762529
0.0,2,7.762684
0.0,44,7.764685
1.0,85,7.768469
0.0,15,7.7692
0.0,24,7.770324
0.0,19,7.771226
0.0,4,7.771472
0.0,35,7.773087
0.0,11,7.773636
0.0,20,7.774583
0.0,4,7.774829
0.0,11,7.775384
0.0,35,7.776974
0.0,25,7.778147
0.0,13,7.778784
0.0,16,7.779559
1.0,15,7.780294
1.0,17,7.781106
0.0,13,7.781738
1.0,24,7.782859
0.0,69,7.785929
0.0,14,7.786621
0.0,5,7.786908
0.0,39,7.78868
0.0,15,7.789415
1.0,10,7.789917
1.0,43,7.791868
0.0,3,7.792077
0.0,7,7.792452
0.0,16,7.793231
1.0,26,7.794441
1.0,21,7.795424
0.0,19,7.796326
0.0,63,7.799136
0.0,4,7.799383
0.0,8,7.799799
1.0,26,7.801008
0.0,1,7.80113
0.0,56,7.803653
0.0,10,7.804169
1.0,16,7.804931
1.0,29,7.806285
1.0,46,7.808356
1.0,26,7.809559
1.0,38,7.811296
0.0,23,7.81237
0.0,8,7.812788
1.0,15,7.813524
1.0,11,7.814083
0.0,6,7.814414
1.0,17,7.815235
1.0,19,7.816139
0.0,33,7.817649
0.0,9,7.818122
1.0,19,7.819011
0.0,39,7.820781
0.0,16,7.821558
0.0,4,7.821805
0.0,11,7.822359
0.0,10,7.822865
0.0,24,7.82399
1.0,16,7.824767
0.0,30,7.826156
1.0,20,7.827104
1.0,19,7.827995
0.0,3,7.828204
0.0,17,7.829014
0.0,3,7.829219
0.0,31,7.830644
0.0,10,7.831162
0.0,1,7.831275
0.0,14,7.831954
0.0,2,7.83212
1.0,28,7.833427
0.0,2,7.833586
0.0,41,7.835449
1.0,17,7.836267
0.0,32,7.837734
1.0,34,7.839293
0.0,13,7.839941
1.0,15,7.840669
0.0,20,7.841611
0.0,16,7.842391
0.0,25,7.843563
0.0,10,7.844078
1.0,29,7.845413
0.0,4,7.845717
1.0,15,7.846444
0.0,8,7.846863
1.0,31,7.84829
1.0,30,7.849669
1.0,18,7.850526
1.0,52,7.852865
1.0,20,7.85382
0.0,9,7.85429
0.0,5,7.854582
0.0,1,7.854691
1.0,14,7.855385
0.0,7,7.85576
0.0,4,7.856002
1.0,23,7.857085
0.0,5,7.857371
0.0,5,7.857659
0.0,39,7.859432
0.0,55,7.861898
0.0,2,7.862066
0.0,20,7.863006
0.0,5,7.863307
0.0,12,7.863896
0.0,11,7.864455
0.0,1,7.864568
1.0,15,7.865295
1.0,40,7.867119
0.0,2,7.867276
0.0,20,7.868222
0.0,19,7.869129
1.0,24,7.870252
0.0,12,7.870842
1.0,20,7.871786
0.0,35,7.873397
0.0,7,7.873776
1.0,20,7.874724
0.0,7,7.875107
1.0,15,7.875829
0.0,2,7.875982
0.0,5,7.876276
0.0,11,7.876823
0.0,29,7.878174
0.0,5,7.878463
1.0,17,7.879278
0.0,4,7.879523
1.0,12,7.880125
0.0,70,7.88325
0.0,3,7.883455
1.0,16,7.884227
0.0,2,7.884383
0.0,9,7.88484
0.0,4,7.885091
0.0,9,7.885554
0.0,71,7.888728
0.0,17,7.889548
0.0,9,7.890011
0.0,6,7.890351
0.0,8,7.890768
1.0,32,7.892245
0.0,24,7.893379
0.0,2,7.89354
0.0,34,7.895095
0.0,10,7.8956
1.0,24,7.896717
0.0,3,7.896919
1.0,14,7.897604
0.0,18,7.898472
0.0,12,7.899078
0.0,43,7.901028
1.0,16,7.901798
0.0,15,7.902534
1.0,67,7.905533
0.0,2,7.905689
0.0,3,7.905887
1.0,31,7.907328
1.0,12,7.907922
0.0,22,7.908956
0.0,29,7.910307
1.0,11,7.910853
1.0,12,7.911453
0.0,1,7.911564
0.0,27,7.912815
0.0,8,7.913254
0.0,38,7.914982
0.0,4,7.915239
0.0,9,7.915705
0.0,18,7.916564
0.0,28,7.917863
1.0,18,7.918725
0.0,24,7.919842
0.0,11,7.920401
0.0,14,7.921088
1.0,20,7.922025
0.0,16,7.922797
0.0,7,7.923188
0.0,22,7.924223
1.0,23,7.925305
1.0,36,7.926935
0.0,30,7.928323
0.0,39,7.930098
1.0,17,7.930901
0.0,3,7.931112
0.0,11,7.931666
1.0,9,7.932139
0.0,1,7.932249
1.0,22,7.933289
0.0,16,7.934061
0.0,1,7.934174
0.0,16,7.934937
1.0,25,7.936108
0.0,9,7.936572
0.0,21,7.937561
0.0,6,7.937894
1.0,30,7.939284
0.0,68,7.942333
0.0,8,7.942751
0.0,19,7.943662
0.0,16,7.944438
0.0,10,7.944946
0.0,9,7.945415
0.0,2,7.945631
0.0,4,7.945875
1.0,12,7.94647
0.0,48,7.94865
1.0,29,7.949981
1.0,41,7.95184
0.0,7,7.952226
1.0,10,7.952734
1.0,22,7.953774
0.0,4,7.95402
0.0,9,7.954488
0.0,21,7.955483
1.0,11,7.956034
0.0,30,7.957422
1.0,7,7.957795
0.0,14,7.958483
0.0,23,7.959562
0.0,17,7.960382
0.0,1,7.960496
0.0,17,7.961314
0.0,65,7.964247
1.0,15,7.964971
0.0,19,7.965876
0.0,6,7.966219
0.0,38,7.967948
0.0,4,7.968204
0.0,4,7.96845
0.0,12,7.969036
0.0,1,7.969158
0.0,26,7.97036
0.0,74,7.973663
0.0,2,7.973822
0.0,13,7.974464
0.0,2,7.974621
0.0,2,7.974774
0.0,13,7.975414
0.0,61,7.978158
0.0,3,7.978361
0.0,49,7.980574
0.0,4,7.980817
0.0,24,7.981934
0.0,13,7.982578
0.0,18,7.983447
0.0,26,7.984653
0.0,17,7.985475
0.0,1,7.985588
0.0,14,7.986273
0.0,9,7.986733
0.0,11,7.98729
0.0,31,7.988711
0.0,25,7.989874
0.0,7,7.990259
0.0,20,7.991209
0.0,11,7.991757
0.0,2,7.991912
1.0,20,7.992862
0.0,47,7.994988
1.0,90,7.998979
0.0,17,7.999799
1.0,38,8.001539
0.0,6,8.001869
1.0,27,8.00314
0.0,19,8.004033
0.0,18,8.004894
1.0,19,8.005797
0.0,6,8.006138
0.0,5,8.006428
1.0,9,8.006885
0.0,4,8.00714
0.0,10,8.007644
1.0,39,8.009415
0.0,10,8.009918
0.0,1,8.010031
0.0,33,8.011549
0.0,8,8.01197
0.0,23,8.013046
0.0,7,8.013435
0.0,7,8.013809
1.0,12,8.01441
0.0,20,8.015359
0.0,32,8.016828
1.0,10,8.017349
0.0,20,8.0183
1.0,57,8.020846
1.0,33,8.022362
0.0,11,8.022907
0.0,2,8.02308
0.0,13,8.023715
1.0,26,8.024915
1.0,7,8.025298
0.0,10,8.025802
0.0,2,8.025959
0.0,10,8.026474
0.0,51,8.028757
1.0,23,8.029835
0.0,7,8.030228
0.0,23,8.031306
0.0,19,8.032214
0.0,1,8.032326
0.0,3,8.032524
0.0,17,8.033344
1.0,30,8.034723
0.0,5,8.035011
0.0,65,8.037921
0.0,10,8.038439
0.0,11,8.038989
0.0,1,8.039108
0.0,28,8.040404
0.0,4,8.040649
0.0,53,8.043022
0.0,40,8.044844
0.0,18,8.045705
1.0,11,8.046265
1.0,12,8.046854
0.0,20,8.047797
1.0,13,8.0485
0.0,8,8.048922
0.0,8,8.049349
0.0,4,8.049595
1.0,11,8.050152
0.0,12,8.050743
0.0,14,8.051443
0.0,51,8.05375
0.0,61,8.056497
0.0,16,8.05727
0.0,3,8.057474
0.0,2,8.057631
0.0,1,8.057742
0.0,9,8.058214
1.0,10,8.058717
0.0,9,8.05919
1.0,15,8.059917
0.0,17,8.060732
0.0,12,8.061338
0.0,11,8.06189
1.0,75,8.065244
1.0,20,8.066193
0.0,30,8.067572
0.0,48,8.069752
0.0,21,8.070739
0.0,5,8.071029
1.0,27,8.072287
0.0,2,8.072443
0.0,13,8.073092
1.0,24,8.074217
1.0,40,8.076028
0.0,2,8.076192
1.0,19,8.077095
0.0,26,8.07831
1.0,33,8.079821
1.0,33,8.08134
0.0,8,8.081755
1.0,28,8.083046
0.0,6,8.083393
1.0,19,8.084301
0.0,18,8.085164
1.0,23,8.086238
0.0,40,8.088059
0.0,2,8.088217
0.0,2,8.088371
0.0,3,8.088568
0.0,28,8.089858
0.0,23,8.090933
0.0,14,8.091622
0.0,13,8.092268
0.0,6,8.0926
0.0,21,8.0936
0.0,11,8.09416
0.0,14,8.094833
0.0,6,8.095176
0.0,6,8.095506
1.0,57,8.098083
0.0,75,8.101417
0.0,1,8.101532
0.0,1,8.101643
0.0,9,8.102115
0.0,20,8.103064
1.0,38,8.104795
0.0,11,8.105353
0.0,5,8.105642
0.0,6,8.105973
1.0,18,8.106828
0.0,4,8.107084
1.0,28,8.108377
0.0,11,8.108925
0.0,33,8.11044
0.0,16,8.111221
0.0,3,8.111422
0.0,4,8.111663
1.0,15,8.112392
1.0,34,8.113954
0.0,47,8.116085
1.0,23,8.117163
0.0,26,8.118372
1.0,33,8.119889
1.0,19,8.120789
0.0,5,8.12109
0.0,4,8.121336
0.0,1,8.121446
0.0,12,8.122041
1.0,10,8.122557
0.0,10,8.123074
0.0,33,8.124592
0.0,6,8.124925
0.0,4,8.125181
1.0,32,8.126643
0.0,16,8.127419
0.0,5,8.127708
0.0,4,8.127951
1.0,9,8.128423
1.0,31,8.129845
0.0,44,8.13184
0.0,1,8.131951
0.0,9,8.132427
0.0,78,8.135907
0.0,4,8.136165
1.0,37,8.137844
0.0,9,8.13832
1.0,45,8.14036
1.0,31,8.141773
1.0,50,8.144036
1.0,24,8.14516
0.0,16,8.145926
0.0,5,8.146224
0.0,7,8.146596
0.0,34,8.148154
0.0,18,8.149004
0.0,36,8.150654
1.0,19,8.151564
0.0,3,8.151823
0.0,3,8.152025
0.0,6,8.152367
0.0,14,8.153042
1.0,23,8.154135
0.0,6,8.154466
1.0,20,8.155411
1.0,26,8.156611
1.0,30,8.15799
0.0,1,8.15811
0.0,22,8.159143
0.0,4,8.159387
0.0,3,8.159587
0.0,8,8.160004
0.0,54,8.16244
1.0,72,8.165661
0.0,27,8.16691
0.0,1,8.167022
0.0,3,8.16723
0.0,15,8.167953
0.0,10,8.168464
0.0,6,8.168795
0.0,8,8.169222
0.0,22,8.170256
0.0,3,8.170457
0.0,3,8.170657
1.0,14,8.171342
1.0,31,8.172758
0.0,10,8.173278
1.0,23,8.174355
0.0,32,8.175821
1.0,22,8.17685
0.0,37,8.17854
0.0,18,8.179398
0.0,6,8.179732
0.0,16,8.180511
0.0,54,8.18294
1.0,8,8.183379
0.0,4,8.183622
0.0,24,8.184738
0.0,6,8.18508
0.0,29,8.186411
1.0,40,8.188227
0.0,60,8.190906
0.0,14,8.191593
0.0,5,8.19188
0.0,7,8.192268
0.0,10,8.192769
0.0,13,8.193422
0.0,7,8.193798
0.0,3,8.193997
0.0,12,8.194596
1.0,10,8.195116
1.0,33,8.196622
1.0,12,8.197228
0.0,1,8.197339
0.0,2,8.197494
1.0,12,8.198096
0.0,12,8.198692
0.0,9,8.199163
1.0,15,8.199888
0.0,38,8.201622
0.0,3,8.201822
1.0,23,8.202899
0.0,27,8.204166
0.0,13,8.204801
0.0,46,8.206878
0.0,13,8.207527
0.0,17,8.208346
1.0,16,8.209123
0.0,3,8.209321
0.0,4,8.209563
0.0,48,8.211722
0.0,10,8.212241
0.0,29,8.213581
0.0,20,8.214536
1.0,25,8.2157
0.0,5,8.215985
1.0,31,8.217415
1.0,20,8.218363
0.0,2,8.218518
1.0,10,8.21902
0.0,19,8.219919
0.0,2,8.220086
0.0,8,8.220503
0.0,9,8.220962
0.0,27,8.222215
1.0,28,8.223518
1.0,39,8.225282
1.0,32,8.226741
1.0,20,8.227688
1.0,38,8.229416
0.0,8,8.229831
1.0,30,8.231216
0.0,1,8.231327
1.0,63,8.234147
0.0,2,8.234305
0.0,13,8.234939
0.0,26,8.236153
0.0,42,8.238046
0.0,12,8.238649
0.0,12,8.239249
0.0,2,8.239406
0.0,5,8.239691
0.0,20,8.24064
0.0,1,8.240751
1.0,58,8.243365
0.0,5,8.243651
0.0,14,8.244335
1.0,29,8.245677
0.0,4,8.245925
0.0,17,8.24674
0.0,2,8.246898
1.0,16,8.24767
0.0,13,8.248313
0.0,7,8.248689
0.0,3,8.248888
1.0,33,8.250406
1.0,16,8.251179
0.0,2,8.251335
0.0,2,8.25149
0.0,17,8.252308
1.0,39,8.254167
1.0,9,8.254626
0.0,15,8.255356
1.0,10,8.255861
0.0,18,8.256719
0.0,1,8.256831
0.0,7,8.257212
0.0,4,8.257457
0.0,8,8.257874
0.0,2,8.258032
0.0,1,8.258154
0.0,3,8.258354
1.0,17,8.259175
0.0,3,8.259377
1.0,12,8.259967
1.0,9,8.260442
0.0,1,8.260553
0.0,40,8.262377
0.0,15,8.26313
0.0,4,8.263374
1.0,50,8.265625
0.0,13,8.266272
1.0,10,8.266778
0.0,45,8.268808
0.0,8,8.269237
0.0,22,8.270271
0.0,2,8.270427
1.0,35,8.272018
1.0,20,8.272963
0.0,19,8.273877
0.0,33,8.275389
0.0,24,8.276516
0.0,45,8.278544
0.0,21,8.279533
0.0,11,8.280092
0.0,12,8.280685
0.0,15,8.281417
1.0,37,8.283117
0.0,2,8.283273
0.0,30,8.28465
1.0,30,8.286034
1.0,25,8.287204
1.0,63,8.290021
0.0,12,8.290617
1.0,15,8.291351
1.0,14,8.29203
1.0,15,8.292754
0.0,3,8.292954
0.0,31,8.29439
0.0,5,8.294677
0.0,20,8.295618
0.0,9,8.296089
0.0,15,8.29681
0.0,12,8.297411
1.0,25,8.298575
1.0,27,8.299826
0.0,9,8.300302
0.0,5,8.300592
0.0,47,8.302719
1.0,42,8.304631
0.0,10,8.305146
0.0,3,8.305348
1.0,25,8.306511
0.0,15,8.307245
0.0,28,8.308542
1.0,38,8.310284
0.0,8,8.310703
0.0,3,8.310904
0.0,8,8.311329
0.0,4,8.311575
0.0,14,8.312267
1.0,85,8.316044
0.0,28,8.31735
0.0,12,8.317942
1.0,11,8.318501
0.0,1,8.318611
0.0,20,8.319556
0.0,43,8.321505
0.0,7,8.321882
0.0,3,8.322093
0.0,43,8.324039
0.0,17,8.324851
0.0,89,8.328814
0.0,30,8.330208
0.0,6,8.33054
0.0,8,8.330956
0.0,4,8.331209
1.0,14,8.331885
0.0,31,8.333318
0.0,12,8.333909
0.0,100,8.33835
0.0,10,8.338858
0.0,41,8.340723
0.0,4,8.340969
0.0,16,8.341747
0.0,2,8.341906
0.0,4,8.342159
0.0,5,8.342449
1.0,38,8.344191
0.0,1,8.344304
0.0,5,8.344593
1.0,15,8.345323
1.0,11,8.345871
1.0,18,8.34673
1.0,7,8.347117
0.0,37,8.348798
0.0,15,8.349533
0.0,2,8.349691
0.0,5,8.349978
0.0,38,8.351711
0.0,1,8.351825
1.0,17,8.352645
0.0,2,8.352803
0.0,7,8.353192
0.0,21,8.354184
0.0,2,8.354342
0.0,4,8.354642
0.0,1,8.354754
1.0,15,8.355484
1.0,33,8.356998
1.0,23,8.358085
0.0,3,8.358287
0.0,9,8.358745
0.0,6,8.359084
0.0,6,8.359414
0.0,2,8.359572
1.0,15,8.360307
0.0,12,8.360898
0.0,1,8.36101
1.0,18,8.361867
0.0,19,8.362772
0.0,2,8.36293
1.0,9,8.363407
0.0,7,8.363782
1.0,28,8.365083
1.0,25,8.366247
0.0,4,8.366489
0.0,19,8.36739
0.0,17,8.368207
0.0,36,8.369846
0.0,18,8.370704
0.0,8,8.371137
0.0,3,8.371337
0.0,11,8.37188
0.0,11,8.372441
0.0,25,8.373608
0.0,3,8.373811
0.0,27,8.375074
1.0,55,8.377544
1.0,15,8.378276
0.0,24,8.379397
1.0,27,8.380645
1.0,16,8.381416
1.0,19,8.382316
0.0,13,8.382947
0.0,10,8.383466
0.0,5,8.383756
1.0,12,8.384354
0.0,35,8.385945
0.0,4,8.3862
0.0,1,8.386314
1.0,31,8.387735
0.0,15,8.388467
0.0,17,8.389289
0.0,11,8.389835
1.0,17,8.390652
0.0,72,8.39387
0.0,12,8.394473
0.0,6,8.394806
0.0,8,8.395236
0.0,5,8.395522
0.0,52,8.397847
0.0,1,8.397961
0.0,18,8.398823
0.0,42,8.400728
0.0,5,8.401016
1.0,21,8.402005
0.0,7,8.402387
1.0,25,8.403557
1.0,35,8.405159
0.0,18,8.406006
1.0,27,8.407258
0.0,7,8.407632
0.0,7,8.408005
1.0,25,8.409171
0.0,12,8.409758
0.0,3,8.409959
0.0,44,8.411943
0.0,3,8.412155
0.0,25,8.413324
0.0,8,8.413743
0.0,20,8.414687
1.0,59,8.417326
0.0,5,8.417614
0.0,13,8.418258
0.0,2,8.418417
0.0,42,8.420328
0.0,62,8.423118
0.0,7,8.423494
0.0,47,8.425607
0.0,8,8.426023
0.0,53,8.428412
1.0,18,8.429271
1.0,19,8.430173
0.0,1,8.430285
1.0,13,8.430914
0.0,22,8.431945
1.0,97,8.436268
0.0,6,8.436598
0.0,7,8.436972
0.0,34,8.438529
0.0,32,8.439991
0.0,17,8.440811
1.0,20,8.441757
0.0,27,8.443006
1.0,10,8.443528
0.0,6,8.443859
0.0,2,8.444016
1.0,38,8.445736
0.0,4,8.445979
1.0,38,8.447706
0.0,15,8.448435
0.0,6,8.448766
1.0,15,8.449497
1.0,37,8.451176
0.0,7,8.451547
0.0,8,8.451964
1.0,15,8.452696
1.0,46,8.454777
0.0,6,8.45512
0.0,16,8.45588
0.0,63,8.458747
0.0,7,8.459138
0.0,10,8.45964
0.0,13,8.460288
0.0,4,8.460534
0.0,15,8.461265
1.0,35,8.462859
1.0,18,8.463723
0.0,16,8.464499
0.0,8,8.464917
1.0,16,8.465692
1.0,23,8.466773
0.0,3,8.466973
0.0,1,8.467093
0.0,1,8.467204
0.0,58,8.469798
0.0,5,8.470101
0.0,3,8.470301
0.0,16,8.471072
0.0,35,8.472667
0.0,14,8.473366
0.0,1,8.473479
1.0,12,8.47408
0.0,2,8.474238
0.0,14,8.474915
0.0,16,8.475686
1.0,25,8.476848
1.0,32,8.478324
1.0,16,8.479096
1.0,11,8.479641
0.0,24,8.480758
0.0,2,8.480914
0.0,20,8.481859
0.0,20,8.482809
0.0,15,8.483559
0.0,10,8.484077
0.0,11,8.484627
0.0,4,8.484874
0.0,33,8.486395
0.0,11,8.486942
0.0,24,8.488066
0.0,13,8.488706
0.0,26,8.489911
0.0,12,8.490511
0.0,11,8.49107
0.0,12,8.491667
0.0,10,8.492179
0.0,17,8.49299
0.0,34,8.494559
1.0,12,8.495165
0.0,1,8.495275
0.0,5,8.49556
0.0,1,8.49567
0.0,4,8.495911
0.0,14,8.496602
0.0,32,8.498091
1.0,51,8.50039
0.0,3,8.50059
0.0,32,8.502062
1.0,19,8.502963
1.0,19,8.503875
0.0,4,8.504132
0.0,11,8.504678
1.0,25,8.505844
0.0,11,8.506408
0.0,8,8.506829
1.0,12,8.507431
0.0,3,8.507629
1.0,19,8.508532
0.0,9,8.508995
0.0,19,8.509899
0.0,7,8.510288
0.0,28,8.511587
0.0,12,8.51219
0.0,4,8.512439
0.0,10,8.512941
0.0,5,8.513244
1.0,18,8.514109
0.0,2,8.514267
0.0,63,8.517092
0.0,4,8.517338
1.0,22,8.518372
0.0,9,8.518836
0.0,2,8.518993
0.0,2,8.519159
1.0,18,8.52001
1.0,44,8.521996
0.0,39,8.523779
0.0,21,8.52477
0.0,31,8.526202
0.0,22,8.527238
0.0,2,8.527395
0.0,9,8.527855
0.0,25,8.529029
0.0,1,8.52915
1.0,30,8.530528
0.0,4,8.530773
0.0,4,8.531018
0.0,2,8.531184
0.0,9,8.531672
0.0,13,8.532322
0.0,10,8.53283
0.0,13,8.533479
0.0,18,8.534342
0.0,13,8.534981
0.0,17,8.535802
0.0,15,8.536533
0.0,6,8.536862
0.0,2,8.537017
0.0,5,8.537309
0.0,29,8.538647
0.0,13,8.539293
0.0,14,8.539972
0.0,43,8.541921
0.0,19,8.542825
0.0,6,8.543176
1.0,30,8.544556
0.0,2,8.544713
1.0,25,8.545875
0.0,5,8.546176
0.0,55,8.548652
0.0,31,8.550086
0.0,32,8.551553
0.0,17,8.552373
0.0,11,8.552926
1.0,88,8.556836
1.0,20,8.557859
1.0,25,8.559028
0.0,2,8.559194
1.0,75,8.562545
1.0,16,8.563323
1.0,65,8.566236
0.0,2,8.566393
1.0,15,8.56712
0.0,5,8.567408
0.0,19,8.568311
1.0,14,8.568987
1.0,25,8.570157
1.0,47,8.572283
0.0,7,8.572657
0.0,16,8.573432
0.0,34,8.57498
1.0,22,8.576013
1.0,22,8.577059
0.0,4,8.577306
0.0,2,8.577459
0.0,1,8.577571
0.0,1,8.577682
0.0,44,8.579675
0.0,46,8.581771
0.0,6,8.582115
0.0,3,8.582318
0.0,4,8.582561
0.0,11,8.583128
0.0,4,8.583375
0.0,5,8.583661
0.0,37,8.58536
1.0,35,8.586954
1.0,20,8.587906
0.0,2,8.588074
0.0,15,8.588799
0.0,15,8.589528
0.0,10,8.590037
1.0,28,8.59134
1.0,93,8.595484
1.0,20,8.596435
0.0,26,8.59765
0.0,6,8.597987
0.0,2,8.598153
0.0,3,8.598356
0.0,5,8.598642
0.0,13,8.599289
0.0,2,8.599447
0.0,1,8.599556
0.0,10,8.600068
0.0,51,8.602362
1.0,63,8.605195
0.0,34,8.606741
0.0,42,8.608654
0.0,15,8.609385
0.0,13,8.610021
0.0,56,8.612545
0.0,15,8.613282
0.0,1,8.613393
1.0,27,8.614637
1.0,26,8.615844
1.0,48,8.618005
0.0,1,8.618125
0.0,15,8.618846
0.0,7,8.61923
1.0,16,8.619993
0.0,6,8.620333
0.0,8,8.620752
0.0,1,8.620863
1.0,11,8.621422
1.0,22,8.622465
1.0,33,8.623982
0.0,2,8.624151
0.0,13,8.624785
0.0,1,8.624896
0.0,33,8.626422
1.0,28,8.627722
0.0,8,8.628151
0.0,15,8.628875
0.0,2,8.629032
0.0,6,8.629375
0.0,8,8.629792
0.0,18,8.630652
0.0,5,8.63094
0.0,2,8.631108
0.0,23,8.632187
0.0,4,8.632434
0.0,3,8.632633
0.0,9,8.633111
0.0,1,8.633222
1.0,11,8.633767
1.0,20,8.634712
1.0,39,8.636487
0.0,31,8.63791
1.0,30,8.639305
0.0,5,8.639591
1.0,26,8.640799
1.0,39,8.642572
0.0,17,8.643397
0.0,61,8.646133
0.0,19,8.647025
0.0,17,8.647838
0.0,60,8.650526
0.0,19,8.651432
0.0,8,8.651853
1.0,10,8.652364
0.0,22,8.653401
1.0,39,8.65518
0.0,7,8.655551
1.0,12,8.656148
1.0,40,8.657949
1.0,34,8.659509
1.0,9,8.659968
1.0,65,8.66288
0.0,6,8.663228
1.0,13,8.663862
0.0,3,8.664072
0.0,7,8.664447
1.0,58,8.667033
0.0,1,8.667207
0.0,14,8.667889
0.0,2,8.668044
1.0,8,8.668473
1.0,52,8.670822
1.0,22,8.671861
0.0,18,8.672721
1.0,34,8.674293
0.0,3,8.674493
0.0,7,8.674865
1.0,27,8.676124
0.0,20,8.677067
0.0,11,8.677614
0.0,3,8.677816
1.0,13,8.678456
0.0,1,8.678568
0.0,7,8.678951
0.0,15,8.679686
0.0,17,8.680509
0.0,1,8.68062
0.0,4,8.680864
0.0,14,8.681551
0.0,5,8.68184
1.0,44,8.683838
0.0,3,8.68404
0.0,15,8.684772
1.0,33,8.6863
0.0,14,8.68698
0.0,6,8.687346
0.0,16,8.688121
0.0,5,8.688409
0.0,49,8.690616
0.0,9,8.691089
0.0,10,8.691598
0.0,2,8.691755
0.0,7,8.692138
0.0,14,8.692816
0.0,16,8.693598
1.0,33,8.695132
0.0,42,8.697026
0.0,5,8.697322
0.0,12,8.697913
0.0,6,8.698258
0.0,8,8.698677
0.0,33,8.700196
0.0,12,8.700787
0.0,10,8.7013
0.0,8,8.701719
0.0,11,8.702282
0.0,6,8.702612
0.0,8,8.703032
0.0,11,8.703594
1.0,24,8.70471
0.0,14,8.7054
0.0,20,8.706348
1.0,17,8.707167
0.0,17,8.707976
0.0,24,8.709108
0.0,27,8.710358
1.0,23,8.711434
0.0,1,8.711548
0.0,16,8.712321
0.0,63,8.715147
0.0,7,8.715521
0.0,20,8.716464
0.0,3,8.716664
0.0,51,8.718957
0.0,14,8.719645
0.0,1,8.719759
0.0,20,8.720707
0.0,30,8.722099
0.0,1,8.722211
0.0,1,8.722323
1.0,49,8.724557
1.0,21,8.725555
0.0,4,8.725798
0.0,14,8.726489
0.0,19,8.727392
0.0,4,8.727638
0.0,7,8.728013
0.0,17,8.72883
1.0,43,8.730782
1.0,20,8.731728
1.0,6,8.732065
0.0,5,8.732352
0.0,22,8.733387
1.0,24,8.734512
1.0,12,8.735112
0.0,18,8.735966
0.0,47,8.738102
0.0,6,8.738432
0.0,10,8.738936
0.0,9,8.73941
0.0,28,8.740703
0.0,15,8.741435
0.0,52,8.743779
0.0,6,8.744121
1.0,22,8.745156
0.0,29,8.746486
0.0,7,8.746863
0.0,4,8.747119
1.0,20,8.74807
0.0,14,8.748743
0.0,14,8.749434
0.0,8,8.749853
0.0,7,8.75024
0.0,19,8.751148
0.0,9,8.75161
0.0,9,8.752083
0.0,15,8.752806
0.0,1,8.752918
0.0,5,8.753226
0.0,8,8.753647
0.0,12,8.754249
0.0,12,8.754845
0.0,1,8.754955
0.0,3,8.755168
0.0,43,8.757125
0.0,1,8.757238
0.0,15,8.757955
0.0,26,8.759178
1.0,12,8.759773
0.0,14,8.760463
1.0,18,8.761331
0.0,50,8.763598
0.0,27,8.764853
1.0,66,8.767813
0.0,7,8.768262
1.0,27,8.769519
0.0,51,8.771833
0.0,9,8.77231
0.0,6,8.916617
0.0,3,8.916989
0.0,1,8.917172
0.0,8,8.917802
0.0,9,8.918523
0.0,2,8.918759
0.0,14,8.919803
0.0,7,8.920388
0.0,8,8.921024
0.0,21,8.922535
0.0,6,8.923042
0.0,2,8.92329
0.0,13,8.923932
0.0,98,8.928332
0.0,15,8.929069
0.0,18,8.929928
0.0,26,8.931152
1.0,30,8.932546
0.0,31,8.933988
0.0,9,8.934466
0.0,4,8.934714
0.0,1,8.934827
0.0,69,8.937918
1.0,34,8.939487
0.0,1,8.939601
0.0,18,8.940468
1.0,6,8.940803
0.0,3,8.941001
0.0,1,8.941123
0.0,4,8.941369
0.0,2,8.941524
0.0,1,8.941634
0.0,3,8.941831
0.0,9,8.942305
1.0,20,8.943269
0.0,12,8.943865
0.0,32,8.945348
0.0,34,8.946911
0.0,35,8.948523
1.0,44,8.950531
0.0,72,8.953773
1.0,26,8.954986
0.0,4,8.95524
0.0,15,8.955964
0.0,33,8.957493
0.0,25,8.958664
0.0,9,8.95914
0.0,15,8.959867
0.0,16,8.960648
0.0,16,8.961426
0.0,25,8.962594
0.0,14,8.963291
1.0,9,8.963753
0.0,9,8.964228
0.0,12,8.964818
0.0,22,8.965852
0.0,45,8.967907
0.0,61,8.970656
1.0,25,8.97182
0.0,5,8.972123
0.0,6,8.972458
0.0,12,8.973064
0.0,59,8.975718
0.0,1,8.975833
0.0,7,8.97622
0.0,12,8.976809
0.0,28,8.978113
1.0,55,8.980596
0.0,40,8.982437
0.0,3,8.982639
0.0,12,8.983246
0.0,2,8.983407
0.0,6,8.983736
0.0,19,8.98465
0.0,9,8.985123
0.0,3,8.985327
0.0,66,8.988299
0.0,2,8.98846
0.0,13,8.989107
0.0,5,8.989395
0.0,4,8.98964
0.0,14,8.99033
0.0,30,8.99172
0.0,2,8.991878
0.0,15,8.99261
0.0,5,8.992901
0.0,38,8.994647
0.0,9,8.995126
0.0,9,8.995589
0.0,24,8.996715
0.0,15,8.997453
0.0,2,8.997611
0.0,56,9.000143
0.0,4,9.00039
0.0,32,9.001861
0.0,2,9.002022
0.0,11,9.002578
0.0,11,9.003149
0.0,4,9.003397
0.0,14,9.004088
0.0,38,9.005822
0.0,12,9.006433
0.0,7,9.006812
0.0,10,9.007329
0.0,48,9.009511
0.0,7,9.009889
0.0,47,9.012023
0.0,24,9.013171
0.0,41,9.015033
0.0,11,9.015596
0.0,40,9.017427
0.0,27,9.018766
0.0,23,9.019849
0.0,17,9.020674
0.0,15,9.021405
0.0,33,9.022918
0.0,7,9.023311
0.0,4,9.023557
0.0,15,9.024294
0.0,1,9.024406
0.0,5,9.024694
0.0,23,9.025775
0.0,1,9.025886
0.0,7,9.026273
0.0,17,9.027094
0.0,15,9.02782
0.0,9,9.028298
0.0,5,9.028589
0.0,78,9.032085
0.0,7,9.032464
0.0,19,9.033371
0.0,8,9.033789
0.0,12,9.034392
0.0,11,9.034941
1.0,13,9.035587
0.0,5,9.03588
0.0,3,9.036092
0.0,2,9.036251
0.0,18,9.037115
0.0,15,9.037837
0.0,9,9.038312
0.0,29,9.039653
0.0,3,9.039857
0.0,40,9.041671
0.0,1,9.041785
0.0,22,9.042821
0.0,24,9.043952
0.0,11,9.044514
0.0,10,9.045021
0.0,10,9.045533
0.0,21,9.046529
0.0,20,9.047487
0.0,15,9.048223
0.0,11,9.048774
0.0,29,9.050125
0.0,8,9.050567
0.0,6,9.050895
0.0,2,9.051064
0.0,1,9.051178
0.0,4,9.051421
0.0,9,9.051879
0.0,73,9.055145
0.0,14,9.055821
0.0,16,9.056597
0.0,10,9.057116
1.0,18,9.05797
0.0,11,9.05853
0.0,6,9.058864
0.0,4,9.059121
0.0,12,9.059716
0.0,10,9.060234
0.0,7,9.060612
0.0,7,9.060992
0.0,29,9.062339
0.0,23,9.063423
0.0,6,9.063756
0.0,15,9.064493
0.0,7,9.064866
0.0,12,9.06547
0.0,26,9.066681
0.0,28,9.067976
0.0,19,9.068881
0.0,3,9.069093
0.0,11,9.069648
1.0,14,9.070342
0.0,11,9.070891
0.0,33,9.072413
0.0,9,9.072877
0.0,2,9.073033
0.0,44,9.075037
1.0,32,9.076507
1.0,23,9.077583
1.0,33,9.0791
0.0,12,9.079694
0.0,14,9.080386
1.0,15,9.08112
0.0,2,9.081279
1.0,28,9.082567
1.0,29,9.08391
0.0,42,9.085827
1.0,8,9.086258
0.0,57,9.088811
0.0,1,9.088928
0.0,1,9.08904
0.0,5,9.089338
0.0,17,9.090154
0.0,41,9.092012
1.0,9,9.092487
0.0,7,9.092864
0.0,1,9.092977
1.0,17,9.093802
0.0,18,9.094667
1.0,14,9.095365
1.0,54,9.09779
1.0,36,9.099439
1.0,23,9.100518
0.0,4,9.100761
0.0,2,9.10092
1.0,29,9.102264
0.0,3,9.102465
1.0,27,9.103721
0.0,29,9.105063
0.0,4,9.105312
0.0,60,9.107992
0.0,22,9.109025
0.0,16,9.109799
0.0,5,9.110102
1.0,27,9.111346
0.0,1,9.11146
1.0,10,9.111971
0.0,6,9.112315
1.0,19,9.113235
0.0,1,9.113348
0.0,9,9.113808
0.0,16,9.114582
1.0,22,9.115621
0.0,100,9.120084
0.0,2,9.120303
0.0,3,9.120507
0.0,5,9.120794
0.0,3,9.120997
0.0,24,9.122136
0.0,23,9.123223
0.0,1,9.123336
0.0,11,9.123884
1.0,19,9.12479
0.0,5,9.12509
1.0,30,9.12648
0.0,14,9.127168
1.0,15,9.127894
0.0,6,9.128238
0.0,17,9.129047
1.0,21,9.130038
1.0,52,9.132382
0.0,5,9.132672
0.0,12,9.133278
1.0,72,9.136498
0.0,22,9.137535
0.0,40,9.139347
0.0,100,9.14382
0.0,38,9.145562
0.0,2,9.14572
0.0,5,9.146011
0.0,3,9.14622
0.0,7,9.146598
0.0,11,9.147158
0.0,20,9.148111
0.0,7,9.148486
1.0,32,9.149953
0.0,24,9.151081
0.0,20,9.152024
0.0,34,9.153593
1.0,17,9.154419
0.0,29,9.155759
0.0,10,9.156278
1.0,9,9.156739
0.0,4,9.15698
0.0,13,9.157625
0.0,31,9.15906
1.0,59,9.161706
0.0,8,9.16214
1.0,17,9.162953
1.0,8,9.163387
0.0,25,9.164557
0.0,48,9.166722
0.0,10,9.16724
0.0,1,9.167352
0.0,9,9.167811
0.0,31,9.169249
0.0,4,9.169494
0.0,2,9.169648
0.0,32,9.171127
0.0,24,9.172252
0.0,25,9.173428
0.0,3,9.173632
0.0,20,9.174586
0.0,12,9.175188
0.0,6,9.175523
1.0,31,9.176947
1.0,31,9.178382
1.0,22,9.17942
1.0,16,9.180202
0.0,34,9.181758
0.0,26,9.18297
0.0,5,9.183281
1.0,36,9.184927
0.0,27,9.186191
0.0,13,9.186828
0.0,10,9.187344
0.0,49,9.189564
1.0,33,9.191086
0.0,18,9.191944
1.0,12,9.192546
1.0,32,9.194019
1.0,34,9.195573
0.0,24,9.196698
0.0,9,9.197178
0.0,7,9.197552
0.0,4,9.197795
1.0,17,9.198619
0.0,21,9.199621
0.0,9,9.200096
0.0,3,9.200299
0.0,13,9.200939
0.0,5,9.201241
0.0,2,9.201398
0.0,41,9.203282
0.0,68,9.206335
0.0,33,9.207847
0.0,30,9.20924
0.0,24,9.210365
1.0,39,9.212151
0.0,16,9.212923
0.0,19,9.213837
0.0,10,9.214359
0.0,5,9.214647
0.0,16,9.215431
0.0,17,9.216254
1.0,25,9.217428
0.0,2,9.217587
0.0,20,9.218538
0.0,5,9.218828
0.0,70,9.221954
0.0,14,9.222702
0.0,8,9.223153
1.0,51,9.225459
0.0,49,9.227674
0.0,3,9.227877
0.0,5,9.228174
0.0,2,9.228333
0.0,6,9.228664
0.0,4,9.228909
0.0,33,9.230429
0.0,21,9.231427
0.0,55,9.233896
0.0,4,9.234154
0.0,2,9.234313
0.0,8,9.234732
0.0,32,9.2362
1.0,16,9.236968
0.0,19,9.237871
0.0,3,9.238085
0.0,19,9.238981
0.0,10,9.239499
1.0,24,9.240626
0.0,41,9.242496
0.0,3,9.242697
0.0,4,9.242943
0.0,6,9.243289
0.0,23,9.244367
0.0,18,9.245232
0.0,5,9.245522
0.0,15,9.246257
1.0,22,9.247298
0.0,38,9.249027
0.0,4,9.249281
0.0,8,9.249699
0.0,21,9.25069
0.0,13,9.251341
0.0,3,9.251545
0.0,11,9.252105
0.0,1,9.252218
1.0,21,9.253217
0.0,2,9.253376
1.0,29,9.254711
0.0,36,9.256358
0.0,7,9.256734
0.0,17,9.257551
0.0,30,9.258936
1.0,16,9.25971
0.0,11,9.260273
0.0,5,9.260562
1.0,24,9.261682
0.0,9,9.262156
1.0,34,9.263717
0.0,7,9.2641
0.0,16,9.264864
0.0,22,9.265907
0.0,1,9.266021
1.0,29,9.267371
0.0,100,9.271811
0.0,18,9.27268
0.0,8,9.273114
1.0,30,9.274515
0.0,6,9.274847
0.0,24,9.275979
0.0,16,9.276755
0.0,7,9.277138
0.0,3,9.277342
1.0,40,9.279153
0.0,8,9.279571
1.0,20,9.280518
1.0,14,9.281208
1.0,16,9.281974
1.0,13,9.282617
1.0,44,9.284623
0.0,7,9.284999
0.0,5,9.285294
0.0,3,9.285496
0.0,21,9.28649
0.0,31,9.287921
1.0,41,9.289793
0.0,15,9.290527
0.0,48,9.292703
0.0,5,9.292994
0.0,4,9.293258
0.0,37,9.294942
1.0,28,9.296256
0.0,12,9.29685
0.0,2,9.297007
1.0,18,9.297872
0.0,24,9.298993
0.0,24,9.30013
0.0,3,9.300334
0.0,8,9.300758
1.0,21,9.301751
0.0,21,9.302745
0.0,26,9.30396
0.0,7,9.304351
0.0,2,9.30451
0.0,9,9.304969
0.0,2,9.305137
0.0,6,9.305472
0.0,22,9.306513
0.0,7,9.306891
1.0,24,9.308011
0.0,12,9.30861
0.0,20,9.309559
0.0,14,9.310249
1.0,29,9.311591
0.0,41,9.31347
0.0,5,9.313762
1.0,47,9.315893
1.0,15,9.316625
1.0,46,9.318706
1.0,19,9.319608
1.0,7,9.319984
0.0,6,9.320327
0.0,4,9.320575
0.0,7,9.320947
1.0,10,9.321459
0.0,1,9.321571
1.0,25,9.32274
0.0,7,9.323196
0.0,19,9.324103
1.0,18,9.324951
0.0,11,9.325509
0.0,31,9.326943
0.0,4,9.327204
0.0,21,9.3282
0.0,9,9.328661
0.0,3,9.32886
0.0,15,9.329592
1.0,16,9.330368
0.0,6,9.330704
0.0,20,9.331657
0.0,16,9.332438
0.0,1,9.332551
0.0,20,9.333508
0.0,21,9.334508
0.0,25,9.335677
0.0,9,9.336155
0.0,25,9.337318
0.0,9,9.337782
0.0,2,9.337939
0.0,43,9.339893
1.0,10,9.340412
0.0,37,9.342114
0.0,16,9.342885
0.0,9,9.343368
0.0,3,9.343569
0.0,25,9.344737
1.0,24,9.34586
1.0,24,9.34698
0.0,46,9.349082
0.0,10,9.349592
0.0,15,9.350327
0.0,6,9.350662
0.0,24,9.35178
0.0,16,9.352555
0.0,5,9.352843
0.0,5,9.353148
0.0,1,9.353261
1.0,28,9.354563
0.0,25,9.355733
0.0,3,9.355934
0.0,17,9.356761
0.0,2,9.356918
0.0,2,9.357088
0.0,10,9.357595
0.0,48,9.359767
1.0,11,9.360331
0.0,2,9.360489
0.0,6,9.36082
1.0,11,9.361382
1.0,16,9.36216
0.0,54,9.364592
1.0,28,9.365895
0.0,38,9.367643
0.0,5,9.367935
0.0,3,9.368148
0.0,17,9.368955
0.0,49,9.371182
0.0,1,9.371296
0.0,25,9.372459
0.0,1,9.372573
0.0,51,9.37489
1.0,30,9.376291
0.0,1,9.376402
0.0,5,9.37669
0.0,1,9.376803
1.0,27,9.378071
0.0,43,9.380025
0.0,53,9.382415
0.0,4,9.382661
1.0,74,9.385977
1.0,25,9.387152
0.0,2,9.387308
0.0,10,9.387811
1.0,18,9.388674
0.0,14,9.389363
0.0,5,9.389653
0.0,4,9.389897
0.0,13,9.390543
0.0,18,9.391407
1.0,42,9.393326
0.0,11,9.39387
1.0,14,9.394558
1.0,18,9.395419
1.0,26,9.396627
0.0,4,9.396872
0.0,21,9.397866
0.0,24,9.398998
0.0,21,9.39999
0.0,67,9.402988
0.0,12,9.403602
0.0,19,9.404512
0.0,7,9.404892
0.0,16,9.405665
0.0,13,9.406312
0.0,1,9.406424
0.0,21,9.407418
0.0,1,9.407533
0.0,1,9.407646
0.0,7,9.408021
0.0,7,9.408404
0.0,2,9.408564
0.0,4,9.408809
0.0,47,9.410939
0.0,17,9.411758
0.0,13,9.41241
0.0,4,9.412654
0.0,41,9.414532
0.0,8,9.414951
0.0,38,9.41669
0.0,3,9.416894
0.0,10,9.417407
0.0,22,9.418451
0.0,22,9.419489
1.0,18,9.420357
0.0,9,9.420821
0.0,16,9.421603
0.0,10,9.422122
1.0,40,9.423938
0.0,11,9.424576
0.0,3,9.424781
0.0,2,9.424938
1.0,9,9.425408
1.0,35,9.427005
0.0,10,9.427525
0.0,5,9.427813
0.0,6,9.428158
0.0,2,9.428317
0.0,6,9.428647
1.0,24,9.429773
0.0,8,9.430206
0.0,14,9.430888
0.0,5,9.431187
0.0,4,9.431434
0.0,22,9.432482
0.0,19,9.433397
0.0,6,9.433733
0.0,7,9.43412
0.0,23,9.435201
0.0,4,9.435448
0.0,20,9.436404
0.0,4,9.436652
0.0,7,9.437024
1.0,24,9.438156
0.0,9,9.438622
1.0,36,9.440274
0.0,8,9.440694
0.0,2,9.440852
0.0,20,9.441805
0.0,12,9.442407
0.0,24,9.443538
0.0,8,9.443959
0.0,1,9.444082
0.0,4,9.444326
0.0,6,9.444661
0.0,6,9.444993
0.0,7,9.445377
0.0,8,9.445797
0.0,10,9.446311
1.0,16,9.447087
0.0,4,9.44733
0.0,21,9.448326
0.0,9,9.448786
0.0,52,9.451136
0.0,19,9.452031
0.0,15,9.452763
0.0,9,9.453242
0.0,5,9.453529
0.0,28,9.454821
1.0,19,9.455724
0.0,1,9.455836
0.0,8,9.456267
0.0,14,9.456946
0.0,16,9.45772
0.0,7,9.458103
1.0,19,9.458993
0.0,17,9.459805
1.0,10,9.46032
0.0,21,9.461313
0.0,6,9.461647
0.0,5,9.461931
1.0,62,9.464725
0.0,2,9.464883
0.0,3,9.465096
0.0,25,9.466265
0.0,2,9.466422
0.0,5,9.466709
0.0,13,9.467371
1.0,16,9.468146
1.0,19,9.469034
1.0,47,9.471159
0.0,2,9.471318
0.0,4,9.471562
0.0,44,9.473549
0.0,7,9.473924
0.0,95,9.478145
0.0,19,9.479037
1.0,56,9.481557
1.0,32,9.48302
0.0,4,9.483278
0.0,16,9.484046
1.0,16,9.484821
0.0,8,9.48525
0.0,21,9.486239
0.0,26,9.487453
0.0,8,9.487874
0.0,20,9.488826
0.0,15,9.48956
1.0,15,9.490298
1.0,31,9.491727
1.0,38,9.493472
0.0,15,9.494204
0.0,12,9.494796
1.0,21,9.49579
1.0,20,9.496737
1.0,69,9.499814
1.0,12,9.500413
0.0,57,9.502972
0.0,22,9.504017
0.0,1,9.504139
0.0,21,9.505135
0.0,9,9.505598
0.0,4,9.505847
0.0,41,9.507703
0.0,4,9.507948
0.0,28,9.509251
0.0,13,9.509889
1.0,21,9.510876
1.0,9,9.511353
0.0,7,9.511729
0.0,9,9.512204
0.0,3,9.512407
0.0,6,9.512739
0.0,3,9.512942
0.0,4,9.513206
1.0,77,9.516656
0.0,11,9.517211
0.0,13,9.517843
1.0,16,9.518614
0.0,39,9.520392
0.0,46,9.522476
1.0,10,9.522985
0.0,25,9.524164
1.0,16,9.524989
0.0,8,9.525415
1.0,15,9.526148
0.0,49,9.528373
0.0,2,9.528532
0.0,22,9.529573
0.0,7,9.529952
0.0,3,9.530165
0.0,41,9.532019
0.0,25,9.533202
0.0,30,9.53459
0.0,18,9.535454
0.0,1,9.535565
0.0,14,9.536256
0.0,12,9.53685
0.0,92,9.540949
0.0,7,9.541341
0.0,9,9.541806
0.0,20,9.542756
0.0,30,9.544154
0.0,3,9.544358
0.0,30,9.545738
0.0,39,9.547518
0.0,30,9.548898
0.0,5,9.5492
0.0,1,9.549314
0.0,2,9.549471
0.0,20,9.550422
0.0,18,9.551284
0.0,35,9.552884
0.0,11,9.553453
1.0,32,9.554923
0.0,67,9.557914
0.0,1,9.558027
0.0,4,9.558278
0.0,33,9.559795
1.0,20,9.560748
0.0,22,9.561791
0.0,100,9.566264
0.0,25,9.567433
0.0,11,9.567985
0.0,24,9.569121
0.0,37,9.570811
0.0,1,9.570925
0.0,13,9.571572
0.0,5,9.571859
0.0,5,9.572158
0.0,4,9.572403
0.0,12,9.572997
0.0,25,9.57418
1.0,57,9.576747
0.0,4,9.576992
0.0,21,9.577974
1.0,31,9.579416
0.0,4,9.579661
0.0,10,9.580179
0.0,3,9.580382
1.0,75,9.583739
0.0,90,9.587763
0.0,18,9.588631
0.0,16,9.58941
0.0,10,9.589915
0.0,5,9.590212
0.0,23,9.59129
0.0,1,9.591404
1.0,51,9.593713
1.0,14,9.594406
0.0,30,9.59579
1.0,24,9.596915
1.0,35,9.598523
1.0,23,9.599602
0.0,44,9.601603
0.0,51,9.603903
0.0,37,9.605599
0.0,20,9.606548
0.0,9,9.607014
0.0,52,9.609357
1.0,15,9.610091
1.0,76,9.613492
0.0,4,9.61374
0.0,7,9.614125
0.0,5,9.614414
0.0,3,9.614616
0.0,13,9.615265
0.0,1,9.615379
0.0,5,9.615665
1.0,6,9.615999
1.0,16,9.616782
0.0,1,9.616893
1.0,26,9.618109
1.0,10,9.61862
0.0,29,9.619955
1.0,37,9.621656
0.0,42,9.62358
0.0,4,9.623827
0.0,29,9.625184
0.0,1,9.625298
0.0,10,9.625803
0.0,8,9.626231
0.0,64,9.629109
0.0,18,9.629959
0.0,35,9.631573
0.0,71,9.634758
0.0,8,9.635189
1.0,30,9.636573
0.0,2,9.636789
1.0,25,9.637962
0.0,23,9.639038
0.0,13,9.639679
0.0,70,9.642801
0.0,2,9.642962
1.0,17,9.643783
0.0,23,9.644868
0.0,48,9.647067
0.0,1,9.64718
0.0,1,9.647292
0.0,23,9.648369
0.0,36,9.650018
0.0,6,9.650356
0.0,5,9.650644
0.0,5,9.650931
0.0,6,9.651271
0.0,36,9.652909
0.0,2,9.653084
0.0,1,9.653196
0.0,3,9.653395
0.0,21,9.654379
0.0,7,9.654755
0.0,4,9.654999
0.0,26,9.656211
0.0,24,9.657342
1.0,14,9.658019
0.0,13,9.658659
0.0,37,9.660348
0.0,4,9.660593
1.0,11,9.661148
1.0,38,9.662874
0.0,52,9.665235
1.0,35,9.666836
0.0,12,9.667437
1.0,12,9.668026
0.0,5,9.668317
1.0,18,9.669178
0.0,23,9.670258
0.0,8,9.670676
1.0,26,9.671876
0.0,16,9.672659
0.0,23,9.673748
0.0,59,9.676392
0.0,1,9.676507
0.0,11,9.677069
0.0,15,9.677785
0.0,11,9.678353
0.0,9,9.678816
1.0,22,9.679851
0.0,18,9.680717
0.0,1,9.68083
0.0,71,9.684012
0.0,3,9.684225
1.0,14,9.6849
1.0,15,9.685643
0.0,100,9.690084
1.0,12,9.690681
0.0,6,9.691012
0.0,11,9.691572
0.0,1,9.691684
0.0,20,9.692643
0.0,5,9.692935
0.0,21,9.693929
0.0,15,9.694662
0.0,28,9.695962
0.0,10,9.69648
0.0,1,9.696593
1.0,19,9.6975
0.0,41,9.699418
0.0,10,9.699928
0.0,14,9.70063
0.0,11,9.70119
1.0,12,9.701782
0.0,8,9.70221
0.0,15,9.702934
0.0,62,9.705723
0.0,6,9.706063
0.0,37,9.70774
0.0,12,9.708345
0.0,30,9.709724
1.0,15,9.710455
0.0,7,9.710826
0.0,10,9.711343
0.0,13,9.711978
0.0,31,9.713425
0.0,12,9.714031
0.0,10,9.714545
0.0,20,9.715502
0.0,12,9.716103
0.0,3,9.716305
1.0,27,9.71756
0.0,61,9.720306
0.0,12,9.720901
0.0,7,9.721285
1.0,19,9.722185
0.0,10,9.722687
0.0,40,9.724511
0.0,5,9.724804
0.0,18,9.725667
0.0,32,9.727145
1.0,16,9.727909
1.0,45,9.729951
1.0,13,9.730597
0.0,34,9.732155
0.0,8,9.732573
1.0,26,9.733785
0.0,21,9.734779
0.0,8,9.735214
1.0,30,9.736596
0.0,34,9.738233
0.0,15,9.738957
1.0,25,9.740134
0.0,2,9.74029
1.0,9,9.740752
1.0,23,9.741831
0.0,21,9.74283
1.0,9,9.743312
0.0,6,9.743649
0.0,13,9.744294
0.0,1,9.744408
1.0,62,9.747192
1.0,17,9.748
0.0,5,9.748297
0.0,17,9.749117
0.0,28,9.750416
0.0,43,9.752367
1.0,16,9.753154
0.0,5,9.753442
0.0,20,9.754395
1.0,53,9.756778
0.0,4,9.757021
0.0,8,9.757446
1.0,51,9.759753
1.0,17,9.760572
0.0,30,9.761951
1.0,10,9.762472
0.0,10,9.762975
1.0,22,9.764014
0.0,35,9.765618
0.0,15,9.766353
0.0,38,9.768106
0.0,2,9.768263
0.0,4,9.768507
0.0,2,9.768661
0.0,2,9.768816
1.0,9,9.769287
1.0,67,9.772291
0.0,1,9.772405
0.0,7,9.772776
1.0,12,9.773383
0.0,11,9.773929
1.0,18,9.774791
1.0,15,9.775526
0.0,44,9.777529
0.0,9,9.777993
0.0,2,9.778157
1.0,40,9.779968
0.0,9,9.780442
0.0,9,9.780904
0.0,22,9.78194
1.0,10,9.78246
1.0,13,9.783112
0.0,3,9.78331
0.0,24,9.784435
0.0,1,9.784549
1.0,36,9.786202
0.0,5,9.786492
0.0,13,9.787136
1.0,18,9.78799
0.0,13,9.78863
0.0,25,9.789804
1.0,52,9.792167
0.0,18,9.793018
0.0,10,9.793532
0.0,4,9.793779
0.0,12,9.794384
0.0,1,9.794496
0.0,10,9.795001
0.0,7,9.795386
0.0,4,9.795633
1.0,46,9.797712
0.0,5,9.798001
0.0,14,9.798689
0.0,36,9.800348
1.0,11,9.800898
0.0,6,9.801241
0.0,4,9.801484
0.0,4,9.801729
0.0,2,9.801887
0.0,4,9.802141
1.0,19,9.803032
1.0,19,9.803942
0.0,6,9.804281
0.0,19,9.805186
0.0,15,9.805912
1.0,26,9.807134
0.0,36,9.808775
1.0,15,9.809512
0.0,48,9.811679
1.0,14,9.812367
0.0,3,9.812569
0.0,32,9.814059
1.0,19,9.814959
1.0,12,9.815562
0.0,63,9.818397
0.0,9,9.81886
0.0,9,9.819333
0.0,35,9.820946
0.0,8,9.821378
0.0,32,9.822854
0.0,5,9.823159
0.0,2,9.823318
0.0,10,9.823825
0.0,20,9.82478
0.0,42,9.826699
1.0,22,9.827735
0.0,15,9.828465
0.0,12,9.829067
0.0,8,9.829489
0.0,6,9.82982
1.0,11,9.830381
0.0,14,9.831073
1.0,33,9.832588
0.0,11,9.833152
1.0,8,9.833575
1.0,10,9.83409
1.0,23,9.835172
1.0,50,9.837431
0.0,19,9.8384
0.0,23,9.839486
0.0,5,9.839774
0.0,12,9.840381
1.0,23,9.841463
0.0,11,9.842014
1.0,13,9.842656
0.0,4,9.842902
1.0,43,9.844862
0.0,8,9.845292
1.0,18,9.846155
1.0,8,9.846574
0.0,1,9.846686
1.0,27,9.847934
0.0,8,9.848365
0.0,20,9.849312
1.0,14,9.849988
1.0,22,9.851016
1.0,29,9.852359
0.0,5,9.852649
0.0,28,9.853946
1.0,17,9.854767
0.0,13,9.855411
0.0,6,9.855746
1.0,32,9.857216
0.0,18,9.85808
0.0,22,9.859117
0.0,19,9.86001
1.0,16,9.86078
0.0,20,9.861726
1.0,16,9.862505
0.0,43,9.864456
0.0,37,9.866148
1.0,23,9.867224
0.0,27,9.86848
0.0,11,9.869028
0.0,25,9.870206
1.0,16,9.870968
0.0,13,9.87161
0.0,3,9.87181
0.0,3,9.872009
1.0,12,9.872614
0.0,33,9.874145
0.0,13,9.87478
1.0,18,9.875644
0.0,2,9.875799
0.0,18,9.876668
0.0,10,9.877186
0.0,1,9.877297
0.0,1,9.877406
0.0,19,9.878312
0.0,25,9.879485
0.0,1,9.879599
0.0,3,9.879801
0.0,46,9.881891
0.0,17,9.882715
0.0,20,9.883675
1.0,15,9.88441
0.0,73,9.887682
1.0,11,9.888242
0.0,5,9.888528
0.0,6,9.888856
0.0,4,9.889109
0.0,26,9.890317
0.0,7,9.890696
1.0,75,9.894073
0.0,8,9.894491
0.0,17,9.895316
0.0,29,9.896663
0.0,27,9.897924
0.0,9,9.8984
0.0,1,9.898514
0.0,12,9.899114
0.0,13,9.89975
1.0,25,9.900916
1.0,20,9.901862
0.0,1,9.901975
1.0,29,9.903328
1.0,13,9.903964
1.0,19,9.904866
0.0,16,9.905645
1.0,38,9.907386
0.0,52,9.909716
1.0,6,9.910055
1.0,52,9.912393
0.0,13,9.913027
1.0,19,9.913937
1.0,38,9.915678
0.0,3,9.915881
1.0,27,9.917144
0.0,4,9.917388
0.0,38,9.919122
0.0,42,9.92101
0.0,22,9.922043
0.0,5,9.922342
0.0,10,9.922849
0.0,10,9.923372
0.0,19,9.924276
0.0,1,9.92439
0.0,8,9.924806
0.0,8,9.925234
0.0,3,9.925436
0.0,36,9.927084
0.0,21,9.928071
0.0,12,9.928679
0.0,13,9.929323
0.0,3,9.929527
0.0,4,9.929774
1.0,46,9.931859
0.0,15,9.932594
0.0,2,9.932754
0.0,5,9.933044
0.0,24,9.934181
0.0,19,9.935088
0.0,22,9.936125
0.0,10,9.936634
0.0,4,9.936879
0.0,6,9.937221
0.0,4,9.937464
1.0,20,9.938471
0.0,6,9.938804
0.0,18,9.939666
0.0,38,9.941402
1.0,21,9.942398
0.0,1,9.942511
0.0,2,9.942665
0.0,1,9.942777
1.0,41,9.944647
0.0,14,9.94534
0.0,18,9.946202
1.0,12,9.946796
0.0,13,9.947448
0.0,2,9.947604
0.0,3,9.947804
0.0,12,9.948407
0.0,1,9.94852
0.0,38,9.950256
0.0,98,9.954611
0.0,17,9.955433
0.0,10,9.955935
1.0,20,9.956885
0.0,7,9.957269
1.0,7,9.957644
0.0,26,9.958853
0.0,20,9.95981
0.0,13,9.960461
1.0,21,9.961456
0.0,16,9.962239
0.0,2,9.962398
0.0,20,9.963355
0.0,9,9.963819
1.0,14,9.964504
1.0,32,9.965971
0.0,10,9.966487
1.0,33,9.967994
0.0,3,9.968206
1.0,24,9.969334
0.0,19,9.970237
0.0,15,9.970963
0.0,1,9.971084
1.0,21,9.972071
1.0,40,9.973895
0.0,15,9.974632
0.0,10,9.975151
0.0,3,9.975355
0.0,17,9.976173
1.0,30,9.977558
0.0,1,9.977669
0.0,8,9.978094
0.0,7,9.978471
1.0,37,9.980165
0.0,33,9.98167
0.0,7,9.982056
0.0,4,9.982306
0.0,6,9.982635
0.0,2,9.982792
0.0,6,9.98314
1.0,16,9.983905
1.0,12,9.984508
1.0,36,9.986157
0.0,92,9.990251
0.0,2,9.990411
0.0,3,9.990609
1.0,28,9.991903
0.0,27,9.993165
0.0,8,9.993585
0.0,3,9.993783
0.0,5,9.994081
1.0,23,9.995159
0.0,10,9.995668
0.0,25,9.996835
0.0,8,9.997265
0.0,23,9.998341
0.0,6,9.998674
0.0,36,10.000324
0.0,5,10.000613
1.0,19,10.001517
1.0,26,10.002721
0.0,19,10.003637
0.0,15,10.004373
1.0,13,10.00501
1.0,47,10.007145
0.0,13,10.007776
0.0,8,10.008205
0.0,18,10.009061
0.0,5,10.009352
0.0,22,10.010385
0.0,21,10.011377
0.0,6,10.01171
0.0,34,10.01328
0.0,12,10.013875
1.0,46,10.015961
0.0,8,10.016392
0.0,19,10.017297
0.0,10,10.0178
0.0,6,10.018144
0.0,12,10.018736
0.0,5,10.019022
0.0,14,10.019711
0.0,6,10.020046
0.0,11,10.020605
0.0,15,10.021336
1.0,12,10.02193
1.0,75,10.025281
0.0,5,10.025572
0.0,2,10.025728
0.0,24,10.027156
0.0,18,10.028027
1.0,20,10.028971
0.0,8,10.029401
0.0,26,10.030608
0.0,24,10.031736
0.0,41,10.03361
0.0,16,10.034384
0.0,6,10.034719
0.0,11,10.035277
0.0,3,10.03548
0.0,25,10.036642
0.0,11,10.037201
0.0,2,10.037361
0.0,24,10.03848
0.0,9,10.039001
0.0,6,10.039341
0.0,36,10.040983
0.0,8,10.041416
1.0,15,10.042147
0.0,58,10.044745
1.0,23,10.045826
1.0,12,10.046422
0.0,5,10.046709
0.0,12,10.047308
1.0,9,10.047771
1.0,35,10.049364
0.0,22,10.050395
1.0,54,10.052804
0.0,6,10.053154
0.0,4,10.053401
0.0,6,10.05373
1.0,38,10.055471
0.0,19,10.056379
0.0,15,10.057107
0.0,27,10.058357
1.0,29,10.059695
0.0,31,10.061135
0.0,6,10.061466
0.0,37,10.063159
0.0,17,10.063963
0.0,11,10.064519
0.0,16,10.065297
1.0,32,10.066763
0.0,6,10.067101
0.0,29,10.068431
0.0,8,10.068849
0.0,23,10.069919
0.0,32,10.071397
0.0,31,10.072814
0.0,68,10.075855
1.0,11,10.076411
1.0,48,10.078579
1.0,19,10.079483
1.0,32,10.080941
1.0,13,10.081582
1.0,10,10.082095
0.0,36,10.083734
0.0,4,10.083977
0.0,14,10.084664
1.0,51,10.086949
0.0,14,10.087637
0.0,12,10.088237
0.0,1,10.088351
0.0,7,10.088727
0.0,29,10.090068
0.0,2,10.090228
0.0,8,10.090646
0.0,9,10.091118
0.0,24,10.092241
0.0,4,10.092485
1.0,35,10.094083
0.0,38,10.095803
0.0,4,10.096059
0.0,9,10.096519
0.0,1,10.096631
0.0,70,10.09973
0.0,1,10.099843
0.0,1,10.099954
0.0,3,10.100162
0.0,44,10.102146
0.0,12,10.102739
1.0,8,10.103174
1.0,13,10.103804
1.0,20,10.104749
1.0,29,10.106079
0.0,6,10.106408
1.0,25,10.107568
0.0,46,10.10963
0.0,40,10.111442
0.0,39,10.113213
0.0,2,10.113372
0.0,3,10.11357
0.0,14,10.114257
0.0,5,10.114542
1.0,11,10.115095
0.0,3,10.115297
0.0,4,10.115539
0.0,3,10.11574
0.0,5,10.116028
0.0,24,10.117156
0.0,3,10.117356
1.0,8,10.11777
1.0,19,10.11867
1.0,21,10.119656
1.0,12,10.120259
1.0,45,10.122285
0.0,14,10.122955
0.0,10,10.12347
0.0,6,10.123801
0.0,4,10.124044
0.0,17,10.124857
0.0,2,10.125015
0.0,4,10.125267
0.0,10,10.125773
1.0,15,10.126499
0.0,13,10.127139
1.0,11,10.127699
0.0,12,10.128298
0.0,12,10.128882
0.0,18,10.129736
1.0,7,10.130123
0.0,50,10.132356
0.0,1,10.13247
0.0,23,10.133542
0.0,11,10.1341
0.0,2,10.134256
0.0,20,10.135202
1.0,22,10.136231
1.0,41,10.13808
0.0,1,10.138193
0.0,2,10.138348
0.0,1,10.138461
0.0,29,10.139783
0.0,32,10.141316
0.0,3,10.141517
0.0,9,10.141975
0.0,5,10.142273
0.0,57,10.144819
0.0,14,10.145507
0.0,2,10.145664
0.0,12,10.146262
1.0,18,10.14712
0.0,23,10.148193
0.0,38,10.149918
0.0,12,10.150522
0.0,19,10.151425
0.0,15,10.152152
0.0,18,10.152997
0.0,16,10.153774
0.0,2,10.15393
0.0,1,10.154041
1.0,34,10.155596
0.0,10,10.156116
0.0,4,10.156361
1.0,22,10.157392
0.0,2,10.157549
0.0,62,10.16032
0.0,8,10.160738
0.0,8,10.161166
0.0,35,10.162751
0.0,3,10.162953
0.0,18,10.163816
0.0,16,10.164586
1.0,9,10.165045
0.0,3,10.165255
1.0,34,10.166795
0.0,5,10.167091
1.0,46,10.169158
0.0,11,10.169706
0.0,3,10.169904
0.0,24,10.171017
1.0,14,10.171699
0.0,30,10.173086
1.0,33,10.174581
1.0,8,10.174992
1.0,31,10.176406
1.0,14,10.17709
1.0,21,10.17808
1.0,16,10.178842
0.0,4,10.179097
0.0,28,10.180387
0.0,1,10.1805
1.0,50,10.18275
0.0,9,10.183229
0.0,4,10.183471
0.0,36,10.185111
1.0,9,10.18557
1.0,23,10.186634
0.0,16,10.187406
0.0,2,10.187564
0.0,24,10.188679
0.0,27,10.189927
0.0,20,10.190872
0.0,1,10.190984
0.0,3,10.191192
0.0,66,10.194142
0.0,1,10.194254
0.0,7,10.194625
0.0,25,10.195776
0.0,15,10.196505
1.0,10,10.197005
0.0,3,10.197211
1.0,28,10.198496
0.0,5,10.198783
0.0,27,10.200023
0.0,1,10.200145
0.0,15,10.200859
0.0,39,10.202625
0.0,4,10.202871
0.0,25,10.204034
0.0,18,10.204889
0.0,2,10.205044
1.0,18,10.205896
0.0,7,10.206281
1.0,23,10.20736
0.0,10,10.207861
0.0,1,10.207971
0.0,6,10.208314
0.0,1,10.208425
0.0,28,10.209705
0.0,13,10.210352
0.0,58,10.212931
0.0,22,10.213965
1.0,28,10.215262
0.0,8,10.215679
1.0,24,10.216789
1.0,19,10.217684
1.0,59,10.220304
0.0,5,10.220589
1.0,44,10.222565
0.0,73,10.225804
0.0,7,10.226184
0.0,20,10.22712
0.0,29,10.228445
0.0,20,10.229389
0.0,41,10.231236
0.0,8,10.231649
1.0,66,10.234581
0.0,10,10.235096
0.0,12,10.235685
1.0,8,10.236112
1.0,27,10.237364
0.0,9,10.237822
0.0,18,10.23868
0.0,3,10.238883
0.0,2,10.239041
0.0,6,10.23938
0.0,8,10.239795
0.0,36,10.24144
1.0,64,10.244361
0.0,17,10.245178
0.0,15,10.245892
0.0,13,10.246535
0.0,31,10.247952
0.0,8,10.248379
0.0,35,10.249969
0.0,15,10.250694
0.0,45,10.252723
1.0,29,10.254065
0.0,13,10.254692
0.0,10,10.255199
0.0,2,10.255355
0.0,3,10.255554
0.0,9,10.256012
0.0,36,10.257643
0.0,9,10.25811
0.0,8,10.258524
1.0,22,10.259545
1.0,12,10.260142
1.0,30,10.261505
1.0,56,10.264021
0.0,1,10.26414
0.0,9,10.264601
0.0,11,10.265157
0.0,27,10.2664
1.0,16,10.267174
0.0,13,10.267806
0.0,11,10.268364
0.0,14,10.269042
1.0,23,10.270124
0.0,22,10.271149
0.0,3,10.271354
0.0,16,10.272128
0.0,6,10.272458
0.0,13,10.273103
1.0,11,10.273646
1.0,40,10.275439
0.0,66,10.278367
0.0,6,10.278696
0.0,1,10.278808
0.0,48,10.280951
0.0,22,10.281991
1.0,48,10.284156
0.0,4,10.2844
0.0,1,10.284512
1.0,13,10.285154
1.0,30,10.286525
0.0,9,10.286982
1.0,14,10.287667
0.0,9,10.288137
0.0,1,10.288248
0.0,8,10.288665
0.0,2,10.28882
1.0,31,10.290235
0.0,8,10.290649
0.0,6,10.290977
0.0,11,10.291531
0.0,22,10.292561
1.0,17,10.293383
1.0,37,10.29507
0.0,12,10.295657
1.0,18,10.296516
0.0,21,10.297507
0.0,31,10.298923
0.0,10,10.29944
1.0,30,10.300821
0.0,5,10.301117
0.0,5,10.301405
1.0,28,10.302698
1.0,93,10.306804
0.0,2,10.306959
0.0,1,10.307078
1.0,29,10.308409
0.0,5,10.308694
0.0,2,10.308848
0.0,5,10.309146
0.0,2,10.309301
0.0,11,10.309848
0.0,5,10.310147
0.0,5,10.310435
0.0,19,10.311332
0.0,57,10.313882
0.0,16,10.314657
0.0,45,10.316687
0.0,21,10.317668
0.0,9,10.318136
0.0,4,10.318384
0.0,45,10.320402
1.0,10,10.320908
0.0,25,10.322066
0.0,11,10.322613
0.0,5,10.3229
1.0,29,10.324246
1.0,12,10.324839
1.0,30,10.326218
1.0,13,10.326851
0.0,9,10.32732
1.0,58,10.329898
0.0,22,10.330925
0.0,1,10.331037
0.0,14,10.331734
0.0,17,10.332551
0.0,16,10.33333
1.0,14,10.334003
0.0,8,10.334432
1.0,35,10.336012
0.0,12,10.336607
0.0,10,10.337116
0.0,11,10.337662
1.0,29,10.338985
0.0,6,10.339327
1.0,37,10.341
1.0,43,10.342941
1.0,19,10.343843
0.0,3,10.344113
1.0,18,10.344964
0.0,5,10.345263
0.0,15,10.345979
0.0,1,10.3461
0.0,37,10.347774
0.0,7,10.348162
0.0,8,10.348581
0.0,26,10.349775
0.0,33,10.351289
0.0,48,10.35346
0.0,20,10.35441
0.0,12,10.355001
0.0,8,10.355426
0.0,6,10.355756
0.0,16,10.356527
0.0,9,10.356989
0.0,34,10.358541
0.0,25,10.359698
1.0,30,10.361083
0.0,2,10.361239
0.0,10,10.361739
1.0,46,10.363798
0.0,14,10.364485
0.0,43,10.366416
0.0,18,10.367277
0.0,2,10.367436
1.0,22,10.36846
0.0,10,10.368964
1.0,44,10.370944
0.0,8,10.371368
0.0,12,10.371956
0.0,8,10.37238
0.0,34,10.373929
1.0,17,10.374741
0.0,33,10.376244
0.0,12,10.376831
0.0,73,10.380047
0.0,18,10.380899
0.0,25,10.382058
0.0,27,10.383306
1.0,32,10.384752
0.0,12,10.385349
0.0,7,10.385724
0.0,1,10.385833
1.0,26,10.387028
0.0,17,10.387832
0.0,5,10.388129
1.0,37,10.389796
0.0,1,10.389908
0.0,38,10.391636
0.0,43,10.393589
0.0,52,10.395925
0.0,1,10.396037
0.0,11,10.396588
1.0,29,10.397918
1.0,30,10.399291
0.0,31,10.400691
1.0,7,10.401072
0.0,24,10.402183
0.0,12,10.40277
1.0,23,10.403842
0.0,49,10.406038
1.0,28,10.407339
1.0,20,10.408278
0.0,6,10.408607
1.0,14,10.409288
0.0,11,10.409833
0.0,12,10.410431
0.0,9,10.41089
0.0,29,10.412224
0.0,19,10.413127
0.0,15,10.413843
0.0,10,10.414359
0.0,9,10.414817
0.0,16,10.41559
0.0,10,10.416106
0.0,1,10.416217
0.0,4,10.416459
1.0,14,10.417144
0.0,7,10.417518
1.0,91,10.42152
0.0,14,10.422207
0.0,28,10.423497
1.0,21,10.424482
0.0,1,10.424594
1.0,22,10.425618
0.0,9,10.426086
0.0,2,10.426244
0.0,41,10.428098
0.0,14,10.428775
0.0,15,10.429504
1.0,31,10.430923
0.0,15,10.431652
0.0,3,10.431854
1.0,18,10.432709
0.0,31,10.434138
1.0,48,10.436285
0.0,2,10.436441
0.0,9,10.436898
0.0,13,10.437533
1.0,44,10.439509
0.0,7,10.439881
1.0,11,10.440439
1.0,27,10.441689
0.0,24,10.442801
1.0,16,10.443573
0.0,8,10.44399
0.0,3,10.444199
1.0,15,10.444916
0.0,13,10.445554
1.0,18,10.446414
0.0,6,10.446742
1.0,16,10.447506
1.0,36,10.44914
0.0,40,10.451012
0.0,23,10.452094
0.0,15,10.452816
0.0,10,10.453334
1.0,23,10.454401
0.0,2,10.454556
1.0,18,10.455409
1.0,41,10.457262
1.0,23,10.458331
0.0,21,10.459311
1.0,7,10.459682
0.0,21,10.460665
1.0,26,10.46186
1.0,31,10.463291
1.0,11,10.463838
0.0,31,10.465263
0.0,10,10.465765
0.0,6,10.466108
0.0,16,10.466864
0.0,31,10.468291
1.0,25,10.469442
0.0,10,10.469945
0.0,42,10.471836
0.0,4,10.472091
0.0,41,10.473937
1.0,67,10.476894
1.0,18,10.47775
0.0,1,10.477861
1.0,37,10.479535
0.0,7,10.479911
0.0,12,10.480508
0.0,1,10.480619
0.0,9,10.481088
0.0,20,10.482019
0.0,7,10.482403
1.0,29,10.483737
0.0,20,10.484677
0.0,4,10.484919
0.0,5,10.485217
0.0,10,10.485717
0.0,26,10.486913
1.0,16,10.487681
1.0,28,10.488963
1.0,50,10.491216
0.0,3,10.491415
0.0,8,10.49183
1.0,36,10.493465
0.0,11,10.494013
0.0,3,10.494219
0.0,8,10.494635
1.0,31,10.496041
1.0,34,10.497588
0.0,34,10.499145
0.0,7,10.499517
0.0,16,10.500288
0.0,7,10.500665
0.0,35,10.502264
1.0,24,10.503383
1.0,19,10.504278
1.0,9,10.504735
0.0,28,10.506021
0.0,16,10.506789
0.0,1,10.506902
0.0,7,10.507284
0.0,5,10.507573
1.0,22,10.508602
1.0,16,10.50937
0.0,11,10.510626
1.0,16,10.511403
1.0,23,10.512478
1.0,31,10.513902
0.0,91,10.517933
0.0,30,10.519311
0.0,37,10.520987
0.0,15,10.521716
0.0,16,10.522486
0.0,1,10.522597
0.0,4,10.522841
0.0,9,10.523319
0.0,6,10.523647
0.0,6,10.523979
0.0,26,10.525198
1.0,42,10.527095
0.0,3,10.527295
0.0,4,10.527539
0.0,29,10.528865
0.0,4,10.529121
0.0,20,10.530057
0.0,3,10.530258
1.0,11,10.530807
0.0,18,10.531656
1.0,15,10.532382
0.0,6,10.532708
0.0,3,10.532908
0.0,6,10.533254
1.0,8,10.533671
1.0,29,10.534994
0.0,6,10.535333
0.0,15,10.536047
0.0,12,10.536649
0.0,4,10.536893
0.0,2,10.537059
0.0,6,10.537388
1.0,16,10.538161
1.0,31,10.539592
0.0,6,10.539921
0.0,15,10.540648
1.0,31,10.542067
0.0,23,10.543143
0.0,1,10.543254
1.0,14,10.543931
0.0,23,10.545001
0.0,6,10.545342
1.0,33,10.546842
0.0,1,10.546953
1.0,77,10.550371
1.0,37,10.552127
1.0,35,10.553716
0.0,20,10.554658
1.0,28,10.555952
0.0,3,10.556162
0.0,28,10.557451
1.0,18,10.558311
0.0,1,10.558421
0.0,20,10.559368
1.0,15,10.560099
0.0,26,10.561299
0.0,42,10.563197
0.0,31,10.564613
0.0,5,10.564898
0.0,13,10.565544
0.0,10,10.566046
0.0,22,10.567089
0.0,11,10.567633
0.0,2,10.56779
0.0,7,10.56817
0.0,10,10.568674
1.0,24,10.569785
0.0,13,10.570424
0.0,13,10.571064
0.0,20,10.571998
1.0,32,10.573468
0.0,52,10.575799
0.0,7,10.576187
0.0,5,10.576476
0.0,21,10.577466
1.0,13,10.578113
0.0,1,10.578225
1.0,32,10.579683
1.0,46,10.581751
0.0,32,10.583233
0.0,29,10.584564
0.0,9,10.585025
0.0,3,10.585233
0.0,9,10.586082
0.0,1,10.58621
0.0,12,10.586801
0.0,12,10.587406
1.0,52,10.589932
0.0,25,10.591168
0.0,5,10.591471
0.0,2,10.59163
0.0,7,10.592001
1.0,12,10.592603
1.0,12,10.593222
0.0,25,10.594389
0.0,26,10.595602
1.0,17,10.596431
0.0,63,10.599258
0.0,4,10.599565
0.0,3,10.599763
0.0,12,10.600364
1.0,15,10.601099
0.0,15,10.60182
0.0,7,10.602215
1.0,11,10.602767
0.0,3,10.602968
0.0,7,10.603368
0.0,12,10.60395
0.0,17,10.604774
1.0,22,10.60581
0.0,2,10.605976
0.0,16,10.606751
0.0,38,10.608492
0.0,1,10.608631
0.0,16,10.609408
0.0,2,10.609567
0.0,22,10.610596
0.0,4,10.61085
0.0,2,10.611004
0.0,2,10.611168
0.0,11,10.61171
1.0,53,10.614116
1.0,18,10.615004
1.0,20,10.615952
1.0,17,10.61678
0.0,23,10.617849
1.0,15,10.6186
0.0,14,10.61929
0.0,24,10.62042
0.0,1,10.620538
0.0,4,10.620784
0.0,2,10.620938
0.0,35,10.622541
0.0,9,10.623017
0.0,11,10.623581
0.0,4,10.623826
0.0,14,10.624516
0.0,13,10.62516
0.0,8,10.625575
0.0,51,10.627865
0.0,14,10.628595
0.0,11,10.629157
0.0,7,10.62953
0.0,4,10.62977
0.0,41,10.631628
0.0,3,10.63186
0.0,11,10.632421
0.0,2,10.632581
0.0,7,10.632949
0.0,19,10.633856
0.0,21,10.634855
0.0,4,10.635112
0.0,14,10.635785
0.0,6,10.636127
0.0,14,10.636801
0.0,4,10.637046
0.0,16,10.63782
0.0,2,10.637978
0.0,49,10.640184
0.0,14,10.640865
0.0,13,10.641509
0.0,12,10.642112
1.0,36,10.643754
1.0,33,10.645266
0.0,4,10.64551
1.0,46,10.647583
0.0,24,10.648698
0.0,8,10.649125
0.0,2,10.649282
0.0,45,10.651305
0.0,10,10.651903
0.0,16,10.652675
0.0,75,10.656012
0.0,13,10.656661
0.0,15,10.657391
1.0,58,10.659973
0.0,6,10.660314
1.0,22,10.661345
0.0,5,10.661632
0.0,5,10.66192
1.0,17,10.662734
1.0,28,10.664019
1.0,18,10.664871
0.0,10,10.665384
1.0,14,10.666068
0.0,4,10.666314
0.0,21,10.667302
1.0,23,10.668375
0.0,2,10.66853
0.0,7,10.668905
0.0,2,10.66907
0.0,17,10.669873
0.0,24,10.670989
0.0,8,10.671416
0.0,4,10.671661
1.0,44,10.673648
0.0,23,10.674723
0.0,1,10.674837
1.0,45,10.676856
0.0,21,10.677844
0.0,14,10.678528
0.0,1,10.678639
0.0,14,10.679325
1.0,43,10.68126
0.0,5,10.681547
0.0,6,10.681878
0.0,7,10.682263
0.0,1,10.682376
0.0,19,10.683284
1.0,38,10.685008
0.0,18,10.685869
1.0,17,10.686682
0.0,13,10.687349
0.0,1,10.687461
1.0,24,10.688575
1.0,31,10.68999
0.0,35,10.691581
0.0,15,10.692312
0.0,2,10.69247
0.0,3,10.692668
0.0,1,10.69278
0.0,22,10.693818
1.0,10,10.694333
0.0,22,10.695366
0.0,31,10.69678
0.0,13,10.697427
1.0,21,10.698416
1.0,11,10.698961
0.0,2,10.699133
0.0,3,10.699335
0.0,28,10.700613
1.0,11,10.701172
0.0,2,10.701329
1.0,26,10.702525
0.0,6,10.702855
1.0,16,10.703628
0.0,99,10.70799
0.0,7,10.708377
1.0,26,10.709575
0.0,6,10.709903
0.0,6,10.710245
0.0,8,10.710662
1.0,17,10.711475
0.0,8,10.711893
0.0,11,10.712448
0.0,26,10.713659
1.0,16,10.714432
0.0,11,10.714979
0.0,20,10.715919
1.0,19,10.716823
1.0,6,10.717163
1.0,40,10.718959
0.0,4,10.719218
0.0,36,10.720845
0.0,11,10.721404
0.0,44,10.723403
0.0,7,10.72378
0.0,9,10.724249
0.0,3,10.724452
0.0,4,10.724695
0.0,49,10.726903
0.0,71,10.730071
0.0,23,10.731146
0.0,12,10.731734
0.0,18,10.732592
0.0,44,10.73458
0.0,2,10.734737
0.0,6,10.735096
0.0,36,10.736734
0.0,31,10.738165
0.0,29,10.739489
0.0,31,10.740912
0.0,24,10.742028
0.0,46,10.744116
0.0,4,10.744361
0.0,27,10.74561
0.0,8,10.746023
0.0,4,10.746279
0.0,4,10.746521
0.0,1,10.746631
0.0,51,10.748909
0.0,11,10.749469
0.0,16,10.750243
0.0,10,10.750747
0.0,2,10.750903
0.0,5,10.751199
1.0,28,10.752488
0.0,6,10.752881
1.0,16,10.753657
1.0,16,10.754431
0.0,4,10.754675
0.0,16,10.755449
0.0,41,10.757304
1.0,45,10.75933
0.0,28,10.760614
0.0,20,10.761557
0.0,14,10.762241
0.0,18,10.763103
1.0,41,10.76495
0.0,48,10.767126
1.0,13,10.767761
1.0,13,10.7684
1.0,37,10.770082
1.0,33,10.771582
0.0,2,10.771738
0.0,16,10.772508
1.0,35,10.774109
0.0,4,10.774356
0.0,3,10.774557
0.0,21,10.775538
1.0,14,10.776222
0.0,1,10.776332
0.0,11,10.77688
0.0,48,10.779029
0.0,1,10.779149
0.0,2,10.779304
0.0,4,10.779546
0.0,19,10.780444
0.0,18,10.781305
1.0,41,10.783167
0.0,1,10.783279
0.0,5,10.783567
0.0,42,10.78548
0.0,7,10.785856
0.0,6,10.786196
0.0,18,10.787043
0.0,100,10.791489
0.0,21,10.792484
1.0,10,10.792988
0.0,3,10.793203
1.0,21,10.794189
1.0,13,10.794821
0.0,15,10.795552
0.0,6,10.795886
0.0,8,10.796314
0.0,12,10.796902
1.0,10,10.797414
0.0,6,10.797747
0.0,31,10.799176
0.0,5,10.799464
0.0,12,10.800061
0.0,7,10.800438
0.0,6,10.800764
1.0,10,10.80128
0.0,7,10.801653
1.0,24,10.802773
1.0,10,10.803293
1.0,31,10.804702
0.0,8,10.805125
0.0,10,10.805627
0.0,12,10.806229
1.0,44,10.808213
0.0,19,10.809118
0.0,8,10.809536
0.0,1,10.809645
0.0,12,10.810248
0.0,33,10.811753
0.0,2,10.811909
1.0,10,10.812423
1.0,19,10.813333
1.0,17,10.814151
0.0,8,10.814568
0.0,5,10.814855
1.0,19,10.815759
0.0,11,10.816318
0.0,10,10.816821
0.0,55,10.819279
0.0,18,10.820141
0.0,6,10.820469
0.0,14,10.821154
0.0,8,10.821576
0.0,1,10.821686
0.0,13,10.822325
1.0,54,10.824747
0.0,10,10.82526
1.0,33,10.82677
0.0,2,10.826925
1.0,30,10.828308
0.0,53,10.830688
0.0,15,10.831414
0.0,4,10.831661
0.0,1,10.831773
0.0,23,10.832844
0.0,41,10.834704
0.0,1,10.834816
0.0,43,10.836761
0.0,1,10.836875
0.0,35,10.838477
0.0,11,10.839023
0.0,3,10.83923
0.0,8,10.839647
0.0,10,10.840157
1.0,9,10.840616
0.0,44,10.842603
1.0,62,10.845387
0.0,4,10.845629
0.0,1,10.845739
0.0,32,10.8472
0.0,2,10.847356
0.0,14,10.84803
0.0,35,10.84963
0.0,11,10.850186
0.0,12,10.850773
0.0,2,10.85093
1.0,16,10.851699
0.0,11,10.852262
1.0,18,10.853126
0.0,13,10.853817
0.0,1,10.853928
1.0,38,10.855661
0.0,4,10.855908
0.0,26,10.857129
0.0,4,10.857374
1.0,78,10.860847
0.0,3,10.861047
0.0,27,10.862313
0.0,3,10.862516
0.0,5,10.862802
0.0,29,10.864146
0.0,24,10.865255
0.0,28,10.866547
0.0,24,10.867662
0.0,23,10.868742
0.0,1,10.868853
1.0,24,10.869965
0.0,7,10.870346
0.0,11,10.870891
0.0,8,10.871317
0.0,1,10.87143
1.0,45,10.873459
0.0,1,10.873573
0.0,4,10.873817
0.0,13,10.874462
0.0,39,10.876234
1.0,41,10.878085
1.0,26,10.879283
0.0,5,10.879571
1.0,10,10.880079
0.0,7,10.88045
0.0,25,10.881611
0.0,11,10.88217
1.0,44,10.88416
0.0,6,10.884493
0.0,2,10.884649
0.0,26,10.885854
1.0,14,10.886534
0.0,1,10.886647
0.0,52,10.888976
1.0,22,10.890008
0.0,4,10.89026
0.0,16,10.891021
0.0,1,10.891141
0.0,1,10.891254
0.0,1,10.891365
0.0,11,10.891912
1.0,20,10.892854
0.0,12,10.89346
0.0,2,10.893616
0.0,19,10.89452
0.0,10,10.895027
0.0,1,10.895146
0.0,3,10.895344
1.0,11,10.895887
0.0,38,10.897614
0.0,12,10.898212
1.0,36,10.899846
1.0,12,10.900446
1.0,22,10.901476
0.0,10,10.901975
0.0,8,10.902402
0.0,8,10.902821
0.0,53,10.905207
0.0,15,10.905925
0.0,1,10.906035
0.0,10,10.906545
1.0,17,10.907361
0.0,12,10.907953
0.0,7,10.908337
0.0,5,10.908627
0.0,4,10.90887
0.0,9,10.909343
0.0,12,10.90993
1.0,47,10.912045
0.0,2,10.91221
0.0,2,10.912368
0.0,7,10.912738
0.0,4,10.912979
0.0,21,10.913965
1.0,48,10.916127
0.0,36,10.917754
0.0,1,10.917866
0.0,14,10.918552
1.0,16,10.919321
0.0,8,10.919735
0.0,45,10.921754
1.0,32,10.923227
0.0,4,10.92347
0.0,47,10.925585
1.0,32,10.927058
0.0,8,10.92748
0.0,39,10.929247
0.0,6,10.929592
1.0,32,10.931098
0.0,34,10.932653
0.0,1,10.932766
0.0,10,10.933292
0.0,2,10.933449
0.0,11,10.933991
0.0,5,10.934288
0.0,12,10.934881
1.0,14,10.935564
0.0,6,10.935895
0.0,33,10.93741
0.0,8,10.937829
0.0,7,10.938215
0.0,5,10.9385
0.0,10,10.939005
0.0,7,10.939386
0.0,19,10.940295
1.0,9,10.940756
1.0,33,10.942263
1.0,12,10.942852
0.0,6,10.943196
1.0,25,10.944353
0.0,17,10.945168
0.0,19,10.946065
0.0,1,10.946177
0.0,24,10.947293
0.0,2,10.94745
0.0,5,10.94774
1.0,45,10.949764
0.0,1,10.949875
0.0,15,10.950603
1.0,19,10.951505
0.0,67,10.954501
0.0,39,10.956337
0.0,1,10.956449
0.0,58,10.959039
1.0,13,10.95968
1.0,35,10.961279
0.0,10,10.961781
1.0,14,10.962469
0.0,9,10.962929
1.0,19,10.963837
0.0,4,10.964092
0.0,31,10.965507
0.0,34,10.967047
1.0,26,10.968256
0.0,11,10.968802
0.0,36,10.970441
0.0,3,10.970643
1.0,33,10.972157
1.0,23,10.973233
1.0,72,10.976449
0.0,16,10.977227
0.0,2,10.977387
0.0,29,10.978718
0.0,10,10.97923
0.0,12,10.97982
1.0,12,10.980419
1.0,15,10.981141
1.0,15,10.981862
0.0,22,10.982893
1.0,24,10.984012
0.0,2,10.984178
1.0,15,10.984896
1.0,16,10.985665
0.0,11,10.986225
0.0,23,10.987299
1.0,47,10.989416
0.0,1,10.989529
0.0,12,10.990127
0.0,24,10.991237
0.0,17,10.992047
0.0,7,10.992428
1.0,49,10.994621
1.0,21,10.995606
0.0,7,10.99598
1.0,10,10.996489
1.0,6,10.996817
1.0,24,10.997931
1.0,11,10.998483
1.0,13,10.999123
1.0,28,11.000412
0.0,35,11.002009
1.0,18,11.002869
0.0,29,11.004226
0.0,16,11.004992
1.0,45,11.007028
0.0,1,11.007146
0.0,17,11.007949
0.0,54,11.010373
1.0,21,11.011358
1.0,28,11.012645
0.0,21,11.013635
1.0,24,11.014751
1.0,14,11.015436
1.0,58,11.018015
1.0,11,11.018571
1.0,17,11.019391
0.0,13,11.020026
0.0,16,11.020797
0.0,2,11.020952
0.0,21,11.021944
0.0,11,11.022502
0.0,7,11.022873
0.0,30,11.024271
0.0,1,11.024385
0.0,3,11.024586
0.0,1,11.024698
1.0,23,11.025768
0.0,4,11.026011
1.0,26,11.027222
0.0,26,11.028429
0.0,21,11.029419
0.0,20,11.030366
0.0,9,11.030825
1.0,8,11.031255
0.0,4,11.031498
0.0,14,11.032185
0.0,33,11.033696
0.0,20,11.034639
0.0,2,11.034796
0.0,30,11.036175
0.0,19,11.037075
0.0,9,11.037534
0.0,1,11.037652
1.0,10,11.038165
1.0,12,11.038749
0.0,5,11.039035
0.0,2,11.039204
1.0,22,11.04023
0.0,32,11.041691
1.0,13,11.042334
0.0,12,11.042921
1.0,12,11.043523
0.0,27,11.044769
0.0,8,11.0452
0.0,2,11.045355
0.0,18,11.046208
0.0,9,11.046668
0.0,13,11.047304
0.0,33,11.048811
0.0,53,11.051196
0.0,16,11.051953
0.0,2,11.052121
0.0,15,11.052835
1.0,18,11.053695
1.0,27,11.054938
1.0,11,11.055496
1.0,17,11.05631
0.0,1,11.056422
1.0,20,11.057357
0.0,83,11.061016
0.0,2,11.061182
0.0,51,11.063569
0.0,26,11.064774
0.0,6,11.065119
0.0,18,11.065967
0.0,100,11.070412
0.0,2,11.070572
0.0,8,11.07099
1.0,27,11.072245
0.0,13,11.072878
1.0,9,11.073356
1.0,15,11.074085
0.0,3,11.074288
0.0,66,11.077227
0.0,1,11.07734
0.0,3,11.077538
0.0,4,11.077782
0.0,1,11.077893
0.0,60,11.080576
1.0,23,11.081648
1.0,22,11.082669
1.0,52,11.084996
1.0,33,11.086509
1.0,9,11.086968
1.0,10,11.087485
0.0,4,11.087729
0.0,11,11.088286
1.0,15,11.089002
0.0,6,11.089343
0.0,48,11.091504
0.0,29,11.092835
0.0,2,11.092994
0.0,7,11.093382
1.0,20,11.094321
0.0,5,11.094606
1.0,10,11.095122
0.0,3,11.095324
0.0,3,11.095523
1.0,27,11.09676
0.0,54,11.099192
0.0,2,11.099349
0.0,37,11.101022
0.0,38,11.102757
1.0,13,11.103409
0.0,19,11.104307
1.0,14,11.104979
0.0,32,11.106442
1.0,16,11.10722
0.0,5,11.107505
0.0,21,11.10849
0.0,39,11.110258
0.0,14,11.110931
0.0,19,11.111825
0.0,6,11.112168
1.0,27,11.113418
0.0,2,11.113576
0.0,15,11.114302
1.0,16,11.115074
1.0,26,11.116271
1.0,43,11.118214
0.0,55,11.120667
0.0,5,11.120952
0.0,4,11.121207
0.0,2,11.121368
1.0,54,11.124045
0.0,6,11.124383
1.0,11,11.124927
0.0,15,11.125655
0.0,17,11.126473
0.0,14,11.12716
0.0,2,11.127316
1.0,20,11.128263
1.0,37,11.129943
1.0,47,11.13208
0.0,60,11.13477
0.0,8,11.1352
1.0,62,11.137966
0.0,12,11.138563
0.0,7,11.138937
0.0,44,11.140925
0.0,69,11.144014
0.0,6,11.144352
0.0,42,11.14625
0.0,20,11.147192
0.0,8,11.147605
0.0,25,11.148759
0.0,12,11.149356
1.0,13,11.149989
0.0,3,11.150199
0.0,10,11.150703
0.0,29,11.152032
0.0,5,11.152327
0.0,1,11.152436
0.0,49,11.15464
0.0,8,11.155069
1.0,23,11.156144
0.0,8,11.156559
0.0,1,11.156671
1.0,36,11.158313
1.0,8,11.158729
0.0,5,11.159012
0.0,2,11.159178
0.0,3,11.159379
0.0,3,11.159579
0.0,1,11.15969
0.0,12,11.160287
0.0,5,11.160575
1.0,34,11.162134
0.0,15,11.162857
0.0,5,11.163162
0.0,11,11.16371
0.0,1,11.163821
1.0,23,11.164892
0.0,22,11.165919
0.0,17,11.166735
0.0,4,11.166981
0.0,1,11.167102
0.0,7,11.167477
0.0,19,11.168379
0.0,1,11.168551
0.0,4,11.1688
0.0,8,11.169229
1.0,20,11.170175
1.0,38,11.171887
0.0,2,11.172045
0.0,6,11.172385
0.0,29,11.173725
0.0,8,11.174155
1.0,11,11.174702
1.0,22,11.17573
0.0,9,11.176202
0.0,3,11.176404
1.0,20,11.177351
0.0,3,11.177552
1.0,21,11.17854
0.0,1,11.178652
0.0,4,11.178896
0.0,41,11.180755
0.0,30,11.18214
0.0,2,11.182296
0.0,8,11.182711
1.0,22,11.183744
0.0,3,11.183943
0.0,2,11.184111
0.0,4,11.184356
0.0,25,11.185513
1.0,21,11.186501
0.0,7,11.186873
1.0,40,11.18869
0.0,7,11.189071
1.0,13,11.189704
0.0,5,11.189991
1.0,20,11.190935
0.0,19,11.19184
0.0,5,11.192142
0.0,14,11.192818
0.0,5,11.193119
0.0,4,11.193362
0.0,16,11.194137
1.0,12,11.194725
1.0,26,11.195924
1.0,21,11.196912
0.0,46,11.19898
0.0,17,11.1998
0.0,24,11.200917
1.0,70,11.20404
0.0,12,11.204638
0.0,4,11.20488
0.0,8,11.205305
0.0,37,11.206977
0.0,15,11.207708
0.0,10,11.208223
0.0,25,11.209383
1.0,36,11.21101
1.0,37,11.212708
1.0,16,11.213485
0.0,100,11.217883
0.0,1,11.217996
0.0,18,11.218852
0.0,2,11.219009
0.0,9,11.219474
1.0,6,11.219803
0.0,29,11.221143
0.0,4,11.221387
0.0,13,11.222017
0.0,38,11.22375
0.0,6,11.224091
0.0,14,11.224762
0.0,3,11.22496
0.0,3,11.22517
0.0,24,11.226285
0.0,9,11.226746
1.0,36,11.228377
0.0,27,11.229618
0.0,10,11.230133
1.0,19,11.23102
1.0,33,11.232527
0.0,52,11.234859
0.0,1,11.23497
0.0,8,11.235393
1.0,20,11.236339
0.0,7,11.236713
1.0,38,11.238445
0.0,3,11.238644
0.0,1,11.238754
0.0,3,11.238954
1.0,17,11.239762
0.0,16,11.240535
0.0,7,11.240909
0.0,16,11.241681
0.0,1,11.241794
0.0,3,11.241994
0.0,5,11.242291
0.0,30,11.243667
0.0,54,11.246083
0.0,14,11.246754
1.0,22,11.247784
0.0,16,11.248556
0.0,2,11.248716
0.0,3,11.248918
0.0,8,11.249344
0.0,4,11.249588
0.0,3,11.249785
0.0,23,11.250861
1.0,20,11.251811
0.0,2,11.251967
0.0,14,11.252654
1.0,22,11.25369
0.0,10,11.254207
0.0,61,11.256935
0.0,7,11.257327
0.0,15,11.258045
0.0,17,11.258862
1.0,24,11.259983
0.0,3,11.260193
0.0,6,11.260525
0.0,4,11.260766
0.0,19,11.261662
0.0,7,11.262035
0.0,20,11.262979
1.0,62,11.265749
0.0,30,11.267142
1.0,15,11.267859
1.0,38,11.269583
0.0,22,11.270673
0.0,9,11.271147
0.0,3,11.271347
1.0,26,11.272545
0.0,7,11.272918
1.0,63,11.275732
1.0,13,11.276377
1.0,18,11.277228
0.0,7,11.277602
1.0,16,11.278369
0.0,27,11.279612
0.0,1,11.279725
1.0,26,11.280928
0.0,6,11.281265
0.0,1,11.281379
0.0,3,11.281578
0.0,6,11.281906
0.0,4,11.282161
0.0,13,11.282795
0.0,1,11.282907
0.0,6,11.283254
0.0,1,11.283367
1.0,14,11.284043
1.0,39,11.285817
0.0,10,11.28633
0.0,33,11.28783
1.0,12,11.288428
0.0,27,11.289669
0.0,3,11.289873
0.0,10,11.290389
0.0,12,11.29098
0.0,11,11.291536
0.0,5,11.291825
0.0,12,11.292423
0.0,14,11.29312
0.0,18,11.293967
0.0,2,11.294131
0.0,24,11.295249
0.0,16,11.296008
0.0,5,11.296305
0.0,6,11.296634
0.0,3,11.296837
0.0,15,11.297565
0.0,15,11.298292
0.0,10,11.298797
0.0,16,11.299568
0.0,8,11.299986
1.0,27,11.301243
1.0,10,11.301743
0.0,15,11.302468
1.0,29,11.303805
0.0,2,11.303963
0.0,11,11.304517
0.0,2,11.304673
0.0,23,11.305739
0.0,40,11.307548
1.0,12,11.308145
0.0,2,11.308303
0.0,1,11.308415
0.0,15,11.309141
0.0,45,11.311163
0.0,10,11.311668
1.0,45,11.313691
0.0,50,11.315933
1.0,22,11.316956
1.0,25,11.318117
0.0,8,11.31853
1.0,37,11.32021
0.0,1,11.320322
0.0,5,11.320609
0.0,12,11.321208
1.0,33,11.322716
1.0,6,11.323044
1.0,16,11.323817
1.0,16,11.324588
1.0,18,11.325444
0.0,32,11.326898
1.0,20,11.327843
0.0,3,11.328042
0.0,1,11.328162
0.0,14,11.328832
1.0,7,11.329216
0.0,35,11.330798
0.0,25,11.331954
1.0,40,11.333768
1.0,24,11.334885
0.0,4,11.335142
0.0,9,11.335598
0.0,31,11.33701
1.0,27,11.338261
1.0,10,11.338761
0.0,11,11.339312
1.0,10,11.339813
1.0,13,11.340457
0.0,3,11.340656
0.0,4,11.340896
0.0,9,11.341366
0.0,11,11.341912
0.0,22,11.342945
1.0,12,11.343552
0.0,10,11.344065
1.0,13,11.344695
1.0,12,11.345288
0.0,27,11.346531
0.0,3,11.346731
0.0,48,11.348887
0.0,20,11.349828
0.0,50,11.352085
0.0,1,11.352199
1.0,39,11.353963
0.0,5,11.354262
0.0,1,11.354373
1.0,39,11.356148
1.0,21,11.357134
0.0,4,11.357376
1.0,20,11.358313
0.0,3,11.358514
1.0,75,11.361839
0.0,5,11.362139
0.0,27,11.363387
0.0,17,11.364199
1.0,51,11.36647
0.0,13,11.36711
1.0,13,11.367741
0.0,2,11.367895
0.0,4,11.368148
0.0,16,11.368912
0.0,13,11.369554
0.0,4,11.369801
1.0,36,11.371505
1.0,19,11.372412
0.0,6,11.372743
1.0,22,11.373788
0.0,12,11.374395
0.0,11,11.374946
0.0,13,11.375583
0.0,11,11.376143
0.0,34,11.377701
1.0,44,11.379689
1.0,19,11.38059
0.0,63,11.383399
1.0,18,11.384253
0.0,15,11.38497
0.0,4,11.385222
0.0,20,11.386167
0.0,7,11.386537
1.0,40,11.38835
0.0,5,11.388635
1.0,9,11.389102
0.0,11,11.389644
1.0,64,11.39249
0.0,2,11.392647
1.0,72,11.395832
0.0,1,11.395945
0.0,16,11.396721
0.0,3,11.396922
0.0,32,11.398395
0.0,3,11.398597
1.0,38,11.400332
1.0,33,11.401843
0.0,1,11.401953
0.0,5,11.402249
0.0,6,11.402578
0.0,33,11.404098
0.0,49,11.406293
0.0,36,11.407925
0.0,2,11.408094
0.0,12,11.408689
0.0,4,11.40893
0.0,19,11.409833
0.0,2,11.409992
0.0,45,11.412014
0.0,13,11.412659
0.0,2,11.412816
0.0,2,11.41297
0.0,31,11.414396
1.0,29,11.415728
1.0,23,11.416801
0.0,23,11.41787
0.0,18,11.418731
0.0,21,11.419717
0.0,29,11.421046
1.0,15,11.421771
0.0,3,11.421968
0.0,6,11.422312
0.0,1,11.422425
0.0,6,11.422755
0.0,29,11.424097
1.0,21,11.425076
1.0,23,11.426148
1.0,12,11.426733
0.0,2,11.426888
1.0,26,11.428101
0.0,6,11.428432
0.0,4,11.428675
0.0,20,11.429617
0.0,24,11.43074
0.0,4,11.430982
0.0,11,11.431538
0.0,2,11.431695
0.0,7,11.432078
0.0,14,11.432754
0.0,4,11.432995
1.0,24,11.434129
0.0,3,11.43433
0.0,13,11.434958
0.0,5,11.435254
0.0,1,11.435368
0.0,2,11.435523
0.0,14,11.436205
0.0,12,11.436792
0.0,3,11.436992
0.0,4,11.437245
0.0,2,11.437403
0.0,3,11.437602
1.0,43,11.439542
1.0,46,11.441615
0.0,23,11.442699
1.0,11,11.443263
0.0,2,11.443417
0.0,40,11.445222
0.0,1,11.445336
0.0,12,11.445922
0.0,11,11.446479
0.0,5,11.446767
0.0,5,11.447057
0.0,7,11.447432
0.0,29,11.44876
0.0,4,11.449004
0.0,11,11.449557
0.0,4,11.449802
0.0,13,11.450445
0.0,8,11.450865
0.0,20,11.451803
1.0,23,11.452873
0.0,15,11.453606
0.0,20,11.454552
0.0,10,11.455068
0.0,1,11.455182
0.0,37,11.456848
1.0,33,11.458365
0.0,26,11.459561
1.0,22,11.460595
0.0,4,11.460838
1.0,13,11.461476
0.0,7,11.461846
0.0,16,11.46261
0.0,51,11.464902
0.0,23,11.465973
0.0,3,11.466186
1.0,9,11.466646
0.0,1,11.466758
0.0,1,11.466867
1.0,35,11.468462
0.0,28,11.469758
0.0,7,11.470144
1.0,25,11.471365
1.0,14,11.472041
0.0,29,11.473391
0.0,28,11.47468
0.0,11,11.475238
1.0,19,11.47614
0.0,6,11.476471
0.0,21,11.477463
0.0,23,11.478542
0.0,17,11.47936
1.0,11,11.479907
0.0,1,11.480016
1.0,27,11.481265
1.0,19,11.482166
1.0,20,11.483113
1.0,30,11.48448
0.0,27,11.485719
1.0,12,11.486318
1.0,18,11.487172
0.0,6,11.487503
0.0,47,11.489617
0.0,24,11.490732
0.0,36,11.492371
0.0,1,11.492486
0.0,25,11.493652
0.0,3,11.493852
0.0,14,11.494536
0.0,5,11.494825
0.0,5,11.49512
0.0,54,11.497537
0.0,29,11.498872
0.0,8,11.4993
0.0,16,11.500077
0.0,5,11.500363
0.0,9,11.500826
0.0,23,11.501894
0.0,3,11.502106
1.0,20,11.503046
0.0,2,11.503218
0.0,8,11.503635
0.0,16,11.504409
0.0,34,11.505958
0.0,5,11.506256
0.0,8,11.506675
0.0,6,11.507006
0.0,28,11.508294
0.0,22,11.509331
0.0,12,11.509918
0.0,10,11.510447
1.0,18,11.511305
1.0,56,11.513802
0.0,12,11.514402
1.0,63,11.517217
0.0,16,11.517985
1.0,20,11.518928
0.0,4,11.519182
1.0,16,11.519948
0.0,3,11.520158
0.0,13,11.520787
1.0,16,11.521558
0.0,9,11.522014
0.0,17,11.522824
1.0,41,11.524684
0.0,51,11.526957
0.0,27,11.528218
0.0,5,11.528506
0.0,4,11.52875
0.0,5,11.529039
0.0,36,11.530677
0.0,18,11.531536
0.0,8,11.53195
0.0,42,11.533856
1.0,29,11.535197
0.0,9,11.535656
0.0,10,11.536171
1.0,32,11.53763
1.0,16,11.538405
0.0,5,11.538688
0.0,20,11.539635
0.0,19,11.540537
1.0,17,11.541357
0.0,17,11.54217
1.0,44,11.544165
0.0,17,11.544965
0.0,33,11.546469
0.0,4,11.546715
1.0,49,11.548913
0.0,4,11.549169
0.0,29,11.550503
1.0,30,11.551871
0.0,7,11.552259
0.0,1,11.55237
0.0,14,11.55304
0.0,2,11.553213
0.0,3,11.553415
1.0,38,11.555137
0.0,25,11.556296
0.0,16,11.557057
0.0,14,11.557736
0.0,1,11.557845
0.0,3,11.558045
0.0,2,11.558212
0.0,4,11.558452
0.0,2,11.558608
0.0,5,11.558893
0.0,51,11.56119
1.0,14,11.561867
0.0,9,11.562336
0.0,10,11.562839
0.0,48,11.564996
0.0,16,11.565767
0.0,2,11.565924
0.0,2,11.566091
0.0,5,11.566379
0.0,4,11.566622
0.0,21,11.567611
0.0,1,11.567722
0.0,56,11.570217
0.0,3,11.57042
0.0,6,11.570748
0.0,17,11.571565
0.0,5,11.571851
0.0,1,11.571961
0.0,6,11.572372
0.0,20,11.573325
0.0,71,11.576479
0.0,3,11.576679
0.0,3,11.576877
0.0,5,11.577173
0.0,11,11.577719
1.0,44,11.579709
1.0,20,11.580647
0.0,13,11.581289
0.0,1,11.581403
0.0,8,11.581822
0.0,3,11.582021
1.0,41,11.583873
0.0,6,11.584216
1.0,25,11.585374
0.0,3,11.585575
1.0,24,11.586688
0.0,7,11.587075
0.0,1,11.587188
0.0,1,11.5873
0.0,2,11.587455
0.0,9,11.587913
1.0,14,11.588595
1.0,39,11.590358
1.0,19,11.591252
1.0,10,11.591753
0.0,3,11.591953
1.0,27,11.59321
1.0,20,11.594153
0.0,51,11.596435
1.0,16,11.597208
0.0,2,11.597363
0.0,2,11.597517
1.0,16,11.598284
1.0,11,11.598825
0.0,34,11.600376
0.0,8,11.600794
1.0,58,11.60339
0.0,5,11.603676
1.0,30,11.605047
0.0,72,11.608242
0.0,12,11.608828
0.0,1,11.608938
0.0,10,11.609454
0.0,6,11.609786
0.0,9,11.610256
0.0,1,11.610368
1.0,24,11.611478
0.0,7,11.611853
0.0,26,11.61307
0.0,17,11.613879
0.0,3,11.61409
0.0,27,11.61534
0.0,5,11.615629
1.0,14,11.616315
0.0,3,11.616516
0.0,55,11.618981
1.0,34,11.620529
1.0,18,11.621385
0.0,9,11.621848
0.0,7,11.62223
0.0,6,11.622562
0.0,1,11.622673
0.0,1,11.622784
0.0,25,11.623945
1.0,23,11.62502
1.0,26,11.626226
0.0,8,11.626643
0.0,22,11.627672
0.0,2,11.627829
0.0,17,11.628642
1.0,22,11.629667
0.0,15,11.630396
1.0,27,11.63164
0.0,8,11.632067
1.0,39,11.633837
0.0,45,11.635856
1.0,29,11.637196
0.0,16,11.637959
0.0,6,11.638298
1.0,29,11.639625
0.0,6,11.639957
0.0,6,11.640298
0.0,8,11.640718
0.0,28,11.642007
0.0,8,11.642431
0.0,8,11.64285
1.0,10,11.643366
0.0,18,11.644225
0.0,40,11.646028
0.0,12,11.646625
0.0,29,11.647954
1.0,17,11.648776
1.0,37,11.650453
0.0,4,11.650695
0.0,29,11.652022
1.0,29,11.653365
0.0,4,11.65361
0.0,9,11.654077
0.0,11,11.654624
0.0,39,11.656391
0.0,39,11.658158
1.0,17,11.658954
0.0,2,11.65912
0.0,33,11.660617
1.0,16,11.661389
0.0,23,11.662462
0.0,52,11.664795
1.0,57,11.667335
1.0,25,11.668491
1.0,10,11.668995
0.0,3,11.669203
0.0,6,11.669535
1.0,36,11.671174
0.0,9,11.671633
1.0,38,11.673359
0.0,39,11.675128
0.0,9,11.675591
0.0,2,11.675746
0.0,13,11.676392
0.0,13,11.677023
1.0,17,11.677832
1.0,23,11.678965
0.0,10,11.679481
0.0,1,11.679592
1.0,14,11.680274
0.0,16,11.681038
1.0,28,11.682338
0.0,9,11.682798
0.0,5,11.6831
0.0,7,11.683474
0.0,33,11.684981
0.0,2,11.685155
0.0,42,11.687057
0.0,2,11.687216
0.0,3,11.687415
1.0,80,11.690943
0.0,14,11.691633
0.0,50,11.693882
0.0,11,11.69444
0.0,5,11.694725
0.0,3,11.694922
0.0,15,11.695649
0.0,13,11.696292
0.0,7,11.696664
1.0,41,11.698514
0.0,7,11.698887
0.0,26,11.700095
1.0,21,11.701074
1.0,22,11.702099
0.0,5,11.702384
0.0,3,11.702584
0.0,30,11.703962
0.0,26,11.705178
1.0,11,11.705724
0.0,6,11.706061
1.0,32,11.707525
0.0,1,11.707638
0.0,25,11.708807
0.0,15,11.709539
0.0,5,11.709827
0.0,21,11.710815
0.0,53,11.713217
0.0,22,11.714251
1.0,41,11.716106
0.0,18,11.716947
0.0,4,11.7172
0.0,30,11.718572
1.0,19,11.719472
1.0,14,11.720151
0.0,5,11.72044
1.0,58,11.723022
0.0,43,11.724967
0.0,68,11.728001
0.0,31,11.729429
0.0,32,11.730881
0.0,3,11.731094
0.0,3,11.731297
0.0,24,11.732408
0.0,54,11.73482
0.0,16,11.735596
1.0,36,11.737236
1.0,16,11.737998
0.0,16,11.738765
0.0,9,11.739238
0.0,14,11.73991
0.0,2,11.740077
0.0,24,11.741193
1.0,10,11.741692
0.0,21,11.74268
0.0,6,11.743011
1.0,64,11.74587
1.0,37,11.747545
0.0,1,11.747657
0.0,13,11.748302
0.0,29,11.749629
1.0,38,11.75136
1.0,30,11.752731
1.0,18,11.753592
0.0,1,11.753703
0.0,76,11.757077
0.0,35,11.75866
0.0,2,11.758818
0.0,9,11.759286
0.0,31,11.760697
0.0,5,11.760986
0.0,36,11.762616
0.0,10,11.763141
0.0,2,11.763297
0.0,3,11.763495
0.0,11,11.764038
1.0,9,11.764507
1.0,15,11.765229
0.0,3,11.76543
0.0,13,11.766067
1.0,17,11.766864
1.0,16,11.767636
0.0,47,11.769743
0.0,20,11.770689
0.0,25,11.771845
0.0,26,11.773061
0.0,15,11.773779
1.0,24,11.774894
0.0,15,11.775619
1.0,34,11.777176
0.0,1,11.777287
0.0,66,11.780227
0.0,20,11.781173
1.0,46,11.783255
0.0,29,11.784585
0.0,10,11.785096
0.0,13,11.785729
0.0,25,11.78689
0.0,6,11.787231
0.0,13,11.787865
0.0,4,11.788121
0.0,1,11.788232
1.0,17,11.789041
0.0,21,11.790022
1.0,48,11.792186
0.0,4,11.792428
0.0,20,11.793371
0.0,9,11.793834
0.0,14,11.794599
0.0,35,11.796205
0.0,58,11.798793
1.0,61,11.801524
0.0,1,11.801636
1.0,11,11.802194
0.0,3,11.802395
0.0,1,11.802505
0.0,24,11.803625
0.0,25,11.804785
1.0,34,11.80634
0.0,22,11.807379
0.0,10,11.807885
0.0,21,11.808875
1.0,17,11.809697
1.0,21,11.810685
0.0,22,11.811722
0.0,14,11.81241
1.0,62,11.815201
0.0,11,11.815747
0.0,13,11.816392
0.0,2,11.81655
0.0,1,11.816661
0.0,5,11.816947
0.0,11,11.8175
0.0,22,11.818532
0.0,12,11.819137
1.0,13,11.819771
0.0,34,11.821326
0.0,6,11.821658
0.0,11,11.822219
0.0,11,11.822767
0.0,4,11.823008
1.0,19,11.823914
0.0,22,11.824948
0.0,1,11.825071
0.0,4,11.825315
0.0,42,11.827214
0.0,21,11.828199
1.0,44,11.830183
0.0,48,11.832338
0.0,13,11.832968
1.0,42,11.834871
0.0,39,11.836636
0.0,3,11.836839
0.0,7,11.83722
0.0,34,11.838762
0.0,3,11.838964
0.0,21,11.839954
0.0,2,11.840124
1.0,52,11.84245
0.0,1,11.842561
0.0,9,11.84302
0.0,16,11.843788
0.0,1,11.8439
0.0,24,11.845007
0.0,5,11.845304
1.0,10,11.845805
1.0,16,11.846571
0.0,11,11.847126
0.0,1,11.847238
1.0,23,11.848307
0.0,14,11.848974
0.0,22,11.85
1.0,35,11.851597
0.0,10,11.852117
1.0,13,11.852749
0.0,1,11.852858
0.0,5,11.853162
0.0,12,11.85375
0.0,8,11.854174
0.0,12,11.854764
0.0,5,11.855064
0.0,18,11.855916
0.0,1,11.856026
0.0,1,11.856144
0.0,1,11.856255
1.0,15,11.856973
0.0,45,11.859001
0.0,2,11.859169
0.0,18,11.86002
0.0,2,11.860184
0.0,1,11.860297
1.0,59,11.862917
1.0,26,11.864134
1.0,24,11.86525
1.0,26,11.866455
0.0,1,11.866566
0.0,30,11.86794
0.0,26,11.869152
0.0,2,11.869308
0.0,12,11.869891
0.0,32,11.871358
0.0,7,11.871732
1.0,7,11.872113
1.0,6,11.872443
0.0,15,11.873173
0.0,17,11.873973
1.0,36,11.875616
1.0,13,11.876263
1.0,23,11.877332
1.0,9,11.877791
1.0,23,11.878855
1.0,34,11.880405
0.0,11,11.88095
0.0,4,11.881206
0.0,8,11.881624
0.0,5,11.881908
0.0,7,11.882291
1.0,16,11.883067
0.0,38,11.884784
1.0,32,11.886258
0.0,19,11.887157
0.0,13,11.887785
1.0,18,11.888633
0.0,32,11.890093
0.0,39,11.891849
0.0,20,11.892795
0.0,9,11.893273
0.0,11,11.89382
0.0,6,11.894164
0.0,14,11.894913
0.0,23,11.895982
0.0,20,11.89693
0.0,28,11.898231
0.0,5,11.898517
0.0,8,11.898933
0.0,2,11.899099
1.0,19,11.899987
0.0,5,11.900283
0.0,86,11.904088
0.0,20,11.905024
0.0,13,11.905666
0.0,5,11.905953
0.0,13,11.906593
1.0,12,11.907195
0.0,11,11.907739
0.0,3,11.907937
0.0,27,11.909185
0.0,20,11.910127
0.0,36,11.911754
1.0,37,11.913449
0.0,15,11.91418
1.0,42,11.916071
1.0,38,11.917786
0.0,3,11.917987
1.0,15,11.918715
0.0,55,11.92117
1.0,36,11.922797
1.0,15,11.923543
0.0,10,11.924044
1.0,24,11.925162
1.0,16,11.925924
0.0,25,11.927088
1.0,64,11.929923
0.0,50,11.93218
1.0,26,11.933393
0.0,42,11.935292
0.0,9,11.935753
0.0,8,11.93618
0.0,9,11.936638
0.0,18,11.937495
0.0,1,11.937606
1.0,12,11.938205
1.0,13,11.93883
1.0,10,11.939338
0.0,8,11.93975
1.0,7,11.940134
1.0,30,11.941512
0.0,11,11.942064
1.0,12,11.942649
1.0,17,11.943461
0.0,13,11.944101
1.0,41,11.945937
0.0,3,11.946146
0.0,18,11.946986
0.0,28,11.948284
0.0,52,11.950607
0.0,15,11.951335
0.0,23,11.952408
0.0,4,11.952652
0.0,21,11.953646
0.0,6,11.953975
0.0,8,11.954402
1.0,50,11.95665
0.0,1,11.956763
0.0,25,11.957919
0.0,5,11.958218
0.0,9,11.958676
0.0,16,11.959446
1.0,44,11.961435
1.0,19,11.962337
0.0,8,11.962754
0.0,9,11.963224
0.0,14,11.963907
0.0,17,11.96472
0.0,3,11.96492
1.0,42,11.96682
0.0,12,11.967419
0.0,19,11.968322
0.0,12,11.96891
1.0,26,11.97012
0.0,17,11.970921
1.0,10,11.971437
0.0,28,11.972723
0.0,34,11.974293
0.0,12,11.974881
0.0,12,11.97548
0.0,15,11.976213
0.0,4,11.976459
0.0,4,11.976702
1.0,36,11.978336
1.0,27,11.979583
1.0,21,11.980567
1.0,21,11.981554
1.0,44,11.983543
0.0,18,11.984402
0.0,3,11.984602
0.0,3,11.9848
0.0,11,11.985355
0.0,34,11.986902
0.0,11,11.987457
0.0,15,11.98819
0.0,7,11.988565
1.0,7,11.988935
0.0,5,11.989229
1.0,21,11.99022
0.0,20,11.991158
0.0,2,11.991317
1.0,19,11.992213
0.0,6,11.992541
0.0,29,11.993878
0.0,16,11.994654
0.0,27,11.995905
0.0,15,11.996642
1.0,34,11.998208
1.0,52,12.000533
0.0,43,12.002474
0.0,5,12.002763
0.0,52,12.005164
0.0,19,12.006064
0.0,13,12.006699
0.0,18,12.007552
0.0,7,12.00793
0.0,6,12.008271
1.0,13,12.0089
0.0,22,12.00993
0.0,16,12.010704
0.0,3,12.010907
0.0,3,12.011118
0.0,20,12.012064
0.0,5,12.012355
0.0,1,12.012464
0.0,5,12.012749
0.0,20,12.013704
1.0,36,12.015357
1.0,16,12.016128
1.0,63,12.018928
1.0,10,12.019444
0.0,2,12.019599
1.0,13,12.020236
0.0,17,12.021046
1.0,11,12.021605
0.0,18,12.022458
1.0,50,12.02473
1.0,13,12.025374
0.0,33,12.026868
0.0,3,12.027079
0.0,74,12.030372
1.0,13,12.031011
0.0,18,12.031866
0.0,21,12.032853
0.0,1,12.032964
0.0,7,12.033351
0.0,5,12.033639
0.0,5,12.033925
1.0,22,12.03495
0.0,8,12.035378
1.0,27,12.036621
0.0,13,12.037265
0.0,4,12.037509
1.0,22,12.038541
0.0,7,12.038914
0.0,22,12.039938
0.0,3,12.040147
1.0,22,12.04118
0.0,4,12.041425
0.0,10,12.041925
0.0,11,12.04248
0.0,7,12.042854
1.0,24,12.043973
0.0,3,12.044186
0.0,15,12.044909
0.0,29,12.046252
0.0,14,12.046929
1.0,29,12.048282
0.0,6,12.048613
0.0,12,12.049215
0.0,26,12.050415
0.0,6,12.050748
0.0,15,12.051479
0.0,8,12.051894
0.0,16,12.052665
0.0,7,12.053039
1.0,12,12.053642
0.0,9,12.054113
0.0,20,12.055045
0.0,13,12.055688
1.0,25,12.056847
1.0,13,12.057491
1.0,13,12.058136
0.0,4,12.05838
0.0,4,12.058621
0.0,2,12.058778
1.0,19,12.059678
0.0,1,12.059788
0.0,1,12.059898
0.0,5,12.060196
0.0,75,12.063534
0.0,1,12.063649
0.0,1,12.063758
0.0,1,12.063869
0.0,29,12.065211
0.0,54,12.067627
0.0,6,12.06796
0.0,40,12.069777
0.0,2,12.069933
0.0,1,12.070045
0.0,8,12.070471
1.0,25,12.07163
0.0,39,12.073408
0.0,19,12.074312
0.0,8,12.074726
0.0,26,12.075928
0.0,38,12.077657
0.0,2,12.077817
1.0,37,12.079501
1.0,45,12.08153
0.0,6,12.081857
1.0,17,12.082667
0.0,4,12.082912
0.0,11,12.083471
0.0,67,12.086455
0.0,6,12.086789
0.0,13,12.087429
0.0,22,12.088458
0.0,6,12.08879
0.0,8,12.089217
0.0,1,12.089329
1.0,31,12.090739
0.0,4,12.090982
0.0,11,12.091536
0.0,1,12.091649
0.0,13,12.092291
0.0,49,12.094493
1.0,6,12.094822
0.0,4,12.095074
0.0,15,12.095796
1.0,15,12.096527
0.0,14,12.097211
1.0,21,12.0982
0.0,45,12.100219
0.0,30,12.101593
0.0,28,12.102882
1.0,51,12.105242
0.0,2,12.105399
0.0,1,12.105509
0.0,9,12.105972
0.0,5,12.10627
0.0,12,12.106862
0.0,1,12.106974
0.0,2,12.107141
0.0,2,12.107297
0.0,19,12.108196
0.0,26,12.109397
0.0,3,12.109599
0.0,21,12.110585
0.0,13,12.111229
0.0,43,12.113186
0.0,19,12.114088
0.0,15,12.114804
0.0,16,12.115575
0.0,7,12.115946
1.0,49,12.118169
0.0,3,12.118368
0.0,9,12.118822
0.0,1,12.118934
0.0,13,12.119575
0.0,7,12.119947
0.0,30,12.121327
0.0,2,12.121486
0.0,70,12.124603
0.0,38,12.126332
1.0,22,12.127356
0.0,3,12.127556
0.0,30,12.128934
0.0,4,12.12919
0.0,6,12.129523
0.0,9,12.129985
0.0,1,12.130107
0.0,24,12.131225
0.0,6,12.131554
0.0,4,12.131798
1.0,13,12.132439
1.0,83,12.136138
1.0,8,12.136553
1.0,18,12.137411
1.0,8,12.13783
0.0,26,12.139032
0.0,12,12.139634
0.0,1,12.139744
1.0,24,12.140872
0.0,78,12.144331
1.0,36,12.145967
0.0,8,12.146399
0.0,5,12.146691
0.0,7,12.147072
0.0,43,12.149005
0.0,10,12.149522
0.0,8,12.14994
0.0,4,12.150195
0.0,14,12.150868
0.0,3,12.151076
0.0,14,12.151755
0.0,18,12.152613
0.0,5,12.152901
0.0,9,12.153376
1.0,15,12.154105
0.0,21,12.155095
1.0,47,12.157208
0.0,22,12.158246
0.0,16,12.159009
0.0,2,12.159175
1.0,23,12.160255
0.0,7,12.160625
0.0,3,12.160825
0.0,50,12.163079
0.0,6,12.163412
0.0,14,12.164098
0.0,5,12.164383
0.0,41,12.166236
0.0,5,12.166523
0.0,32,12.167976
0.0,16,12.168747
0.0,16,12.169521
1.0,20,12.170467
0.0,42,12.172375
0.0,30,12.173759
1.0,23,12.174834
0.0,13,12.175479
0.0,35,12.177079
0.0,8,12.177495
1.0,18,12.178351
0.0,27,12.179604
0.0,13,12.18025
0.0,27,12.181496
0.0,8,12.181918
1.0,15,12.182647
0.0,3,12.182845
0.0,18,12.183707
0.0,3,12.183907
0.0,17,12.184717
1.0,65,12.187613
0.0,1,12.187726
0.0,6,12.188063
1.0,17,12.188862
0.0,1,12.188973
1.0,45,12.190991
1.0,57,12.19356
0.0,20,12.194506
0.0,2,12.194665
0.0,4,12.194907
1.0,17,12.19572
1.0,8,12.196144
0.0,2,12.196301
0.0,1,12.196412
0.0,2,12.196566
0.0,69,12.199634
0.0,6,12.199967
0.0,21,12.200954
0.0,5,12.201252
0.0,50,12.203516
0.0,22,12.20461
0.0,4,12.204855
0.0,8,12.205283
0.0,42,12.207188
0.0,37,12.208858
0.0,3,12.20907
1.0,61,12.211764
1.0,17,12.212578
1.0,20,12.21353
0.0,4,12.213776
0.0,17,12.214589
0.0,26,12.215792
0.0,17,12.216607
0.0,2,12.216763
0.0,30,12.218145
0.0,22,12.219176
0.0,16,12.219938
0.0,10,12.22045
0.0,22,12.221478
0.0,1,12.22159
0.0,19,12.222485
0.0,44,12.224473
0.0,36,12.226116
0.0,9,12.226574
0.0,1,12.226686
0.0,8,12.227111
0.0,23,12.228181
0.0,7,12.228555
0.0,14,12.229239
0.0,1,12.229353
0.0,18,12.230208
0.0,57,12.23274
0.0,22,12.233778
1.0,32,12.235247
0.0,9,12.235707
1.0,41,12.237557
0.0,51,12.23984
0.0,3,12.240042
1.0,20,12.240988
1.0,16,12.241757
1.0,13,12.242403
0.0,10,12.242906
0.0,19,12.24381
0.0,25,12.244968
0.0,4,12.245226
0.0,14,12.2459
1.0,20,12.246851
0.0,13,12.247496
0.0,5,12.247782
0.0,5,12.248079
0.0,12,12.248671
1.0,22,12.249706
0.0,52,12.252039
0.0,10,12.252554
0.0,12,12.253159
0.0,3,12.253362
0.0,35,12.254942
0.0,39,12.256711
0.0,16,12.257486
0.0,4,12.257733
0.0,3,12.257932
0.0,38,12.259652
1.0,18,12.260512
0.0,7,12.260887
0.0,5,12.261185
1.0,48,12.263357
0.0,20,12.264301
0.0,5,12.26459
1.0,44,12.266575
0.0,2,12.266731
0.0,7,12.267113
0.0,3,12.267315
0.0,16,12.268081
1.0,20,12.26901
0.0,16,12.269784
0.0,6,12.270128
0.0,20,12.271072
1.0,18,12.271919
1.0,17,12.272734
0.0,34,12.274295
0.0,34,12.275836
0.0,3,12.276035
1.0,11,12.276594
0.0,25,12.277745
0.0,20,12.27869
0.0,72,12.281873
0.0,19,12.282777
0.0,3,12.282978
0.0,26,12.284195
0.0,15,12.284914
1.0,17,12.285728
0.0,1,12.285839
0.0,4,12.286089
0.0,12,12.286682
0.0,14,12.287367
0.0,27,12.288795
0.0,11,12.289357
0.0,1,12.289469
0.0,11,12.290016
0.0,1,12.290137
0.0,11,12.290683
0.0,21,12.291665
0.0,1,12.291779
0.0,13,12.292421
0.0,6,12.292752
1.0,29,12.294106
0.0,19,12.294996
0.0,6,12.295333
0.0,4,12.295577
0.0,5,12.295863
1.0,27,12.297113
1.0,54,12.299539
0.0,12,12.300141
0.0,3,12.300341
0.0,6,12.300673
1.0,43,12.302617
1.0,50,12.30487
0.0,21,12.305861
0.0,2,12.306087
1.0,18,12.306937
0.0,3,12.307146
0.0,8,12.307564
0.0,8,12.307982
0.0,20,12.308929
0.0,2,12.309096
1.0,9,12.309554
0.0,1,12.309663
0.0,26,12.31086
1.0,38,12.312595
0.0,10,12.313118
0.0,7,12.313493
0.0,38,12.315225
0.0,4,12.315469
0.0,89,12.319406
0.0,45,12.321434
0.0,29,12.322767
0.0,7,12.323159
0.0,25,12.324318
0.0,9,12.324781
1.0,18,12.325637
0.0,16,12.326412
0.0,2,12.32657
0.0,16,12.327343
0.0,36,12.328969
1.0,38,12.330696
0.0,3,12.330898
0.0,9,12.33137
1.0,14,12.332047
1.0,66,12.335002
1.0,37,12.336689
0.0,52,12.339012
0.0,3,12.339224
0.0,5,12.339509
0.0,17,12.340322
0.0,6,12.340652
0.0,14,12.341337
0.0,44,12.343329
0.0,23,12.344401
0.0,14,12.345082
0.0,48,12.347238
0.0,4,12.347486
0.0,37,12.349173
1.0,10,12.349676
1.0,21,12.350666
0.0,11,12.351218
0.0,10,12.351722
0.0,2,12.351877
1.0,18,12.352733
0.0,25,12.353896
1.0,44,12.355878
0.0,8,12.356305
0.0,10,12.356807
0.0,14,12.357494
0.0,6,12.357824
1.0,26,12.359026
0.0,4,12.359281
0.0,4,12.359525
0.0,10,12.360027
0.0,21,12.361017
1.0,36,12.362651
0.0,19,12.363557
0.0,4,12.3638
1.0,25,12.364954
1.0,22,12.365985
1.0,24,12.367108
1.0,37,12.368778
0.0,3,12.36898
1.0,35,12.37057
0.0,8,12.370988
0.0,1,12.37111
0.0,10,12.371612
1.0,31,12.373031
0.0,2,12.3732
0.0,7,12.37357
0.0,7,12.373941
0.0,21,12.37493
0.0,29,12.376266
0.0,27,12.377519
0.0,65,12.380424
0.0,4,12.380667
0.0,13,12.381312
0.0,1,12.381423
0.0,20,12.382368
1.0,85,12.386143
1.0,15,12.38686
0.0,9,12.387329
0.0,7,12.387703
0.0,22,12.388726
0.0,11,12.389282
0.0,11,12.38983
0.0,5,12.390126
0.0,2,12.390285
0.0,30,12.391656
0.0,37,12.393346
1.0,31,12.394758
0.0,1,12.394869
0.0,4,12.395125
1.0,41,12.396975
0.0,13,12.397615
0.0,1,12.397729
0.0,26,12.398925
1.0,32,12.400394
1.0,12,12.400987
0.0,46,12.403066
0.0,4,12.403312
0.0,5,12.403601
1.0,8,12.404018
0.0,54,12.406434
0.0,100,12.410845
0.0,7,12.411232
0.0,20,12.412174
1.0,18,12.413028
0.0,1,12.413153
0.0,37,12.414819
0.0,15,12.415549
0.0,4,12.415853
1.0,45,12.417911
0.0,2,12.418076
1.0,11,12.418624
0.0,39,12.420398
0.0,9,12.42086
0.0,3,12.421069
1.0,8,12.421487
0.0,30,12.422863
0.0,30,12.424252
1.0,29,12.425587
0.0,2,12.425745
0.0,15,12.426476
1.0,9,12.426939
0.0,26,12.428153
0.0,9,12.428612
0.0,3,12.42881
0.0,2,12.428965
0.0,14,12.429648
1.0,32,12.431123
1.0,71,12.434279
0.0,12,12.434868
0.0,1,12.434978
1.0,15,12.435705
0.0,8,12.436135
1.0,20,12.437078
0.0,6,12.437406
0.0,9,12.437861
0.0,25,12.439026
1.0,29,12.440366
0.0,5,12.440652
0.0,42,12.442545
0.0,2,12.442702
1.0,15,12.443435
1.0,23,12.444502
0.0,9,12.444962
0.0,8,12.445391
0.0,15,12.446118
1.0,61,12.448842
0.0,3,12.449043
1.0,10,12.449554
1.0,41,12.451398
0.0,19,12.452301
0.0,13,12.452934
1.0,12,12.453539
1.0,26,12.454741
1.0,34,12.4563
0.0,11,12.456846
0.0,14,12.45753
0.0,8,12.457944
1.0,29,12.459278
0.0,31,12.460686
1.0,6,12.461015
1.0,25,12.462179
0.0,15,12.462903
0.0,12,12.463506
0.0,3,12.463707
0.0,16,12.464481
0.0,6,12.464813
0.0,16,12.465585
0.0,3,12.465787
0.0,20,12.466731
0.0,6,12.467072
1.0,19,12.467968
0.0,78,12.471415
0.0,1,12.471529
0.0,6,12.471855
1.0,16,12.472623
0.0,22,12.473658
0.0,14,12.47434
0.0,27,12.475581
0.0,49,12.477774
0.0,19,12.47868
0.0,21,12.479672
0.0,4,12.479918
0.0,1,12.48003
0.0,12,12.480624
0.0,20,12.48157
0.0,17,12.482384
0.0,47,12.484507
0.0,40,12.486326
0.0,15,12.487047
0.0,10,12.487561
0.0,4,12.487803
0.0,37,12.489489
0.0,4,12.489735
1.0,83,12.493434
0.0,6,12.493763
1.0,8,12.494186
1.0,13,12.494821
0.0,11,12.495379
1.0,44,12.497363
0.0,6,12.497698
0.0,8,12.498124
1.0,21,12.499115
1.0,11,12.499662
0.0,31,12.501086
0.0,43,12.503006
0.0,20,12.503949
0.0,1,12.504074
0.0,6,12.504402
0.0,5,12.504689
1.0,70,12.507788
0.0,4,12.508031
1.0,32,12.509492
1.0,10,12.50999
1.0,17,12.510802
1.0,42,12.512694
0.0,61,12.515414
1.0,26,12.516614
1.0,11,12.517168
1.0,8,12.517584
1.0,28,12.518872
0.0,5,12.519168
0.0,5,12.519516
1.0,15,12.520251
0.0,11,12.520803
0.0,4,12.521046
0.0,1,12.521167
0.0,18,12.522012
1.0,38,12.523746
1.0,8,12.524176
0.0,21,12.525166
0.0,7,12.525541
0.0,10,12.526039
0.0,16,12.526807
0.0,4,12.527058
0.0,11,12.527606
0.0,5,12.527893
1.0,51,12.53019
0.0,5,12.53048
1.0,44,12.532457
0.0,5,12.532742
1.0,8,12.533187
0.0,2,12.533346
0.0,3,12.533546
0.0,16,12.534323
1.0,9,12.534784
1.0,54,12.537204
0.0,2,12.53736
1.0,13,12.537992
0.0,21,12.53898
0.0,30,12.540368
0.0,22,12.5414
0.0,34,12.54295
0.0,53,12.54534
0.0,2,12.545496
1.0,14,12.546181
0.0,12,12.546769
0.0,5,12.547064
1.0,20,12.547999
0.0,20,12.548939
0.0,15,12.549668
0.0,14,12.550358
1.0,50,12.5526
0.0,10,12.553116
1.0,17,12.553919
1.0,27,12.555168
0.0,4,12.555414
1.0,15,12.556136
0.0,11,12.556677
0.0,17,12.557492
0.0,31,12.558913
1.0,36,12.560566
1.0,8,12.560984
1.0,27,12.56224
0.0,20,12.563191
0.0,13,12.563823
1.0,21,12.564808
0.0,19,12.565719
0.0,12,12.566319
1.0,25,12.567483
0.0,37,12.569165
0.0,11,12.569707
0.0,37,12.571389
0.0,23,12.572456
1.0,27,12.573716
0.0,1,12.573827
0.0,38,12.575548
1.0,16,12.576318
1.0,40,12.578136
0.0,15,12.578852
0.0,13,12.579491
0.0,8,12.579909
0.0,90,12.583882
0.0,2,12.58404
0.0,13,12.584683
0.0,9,12.585153
0.0,18,12.586003
0.0,20,12.586945
0.0,17,12.587765
0.0,22,12.588798
1.0,18,12.589656
0.0,2,12.589812
1.0,18,12.590672
1.0,24,12.591787
0.0,6,12.592128
1.0,16,12.592888
1.0,9,12.59336
0.0,14,12.594034
1.0,29,12.595373
0.0,12,12.595963
0.0,1,12.596084
0.0,10,12.596592
0.0,6,12.596919
0.0,7,12.5973
0.0,10,12.597804
1.0,18,12.598665
1.0,9,12.599134
1.0,52,12.60146
1.0,12,12.602055
0.0,4,12.602299
0.0,10,12.602802
0.0,12,12.603405
0.0,7,12.603777
0.0,14,12.604462
0.0,5,12.604749
0.0,4,12.604992
1.0,16,12.605759
0.0,2,12.605913
0.0,27,12.607167
0.0,8,12.607584
1.0,26,12.608795
0.0,2,12.608953
0.0,2,12.609118
1.0,22,12.610144
0.0,38,12.611857
0.0,3,12.61207
1.0,39,12.613842
0.0,5,12.614139
0.0,8,12.61456
0.0,7,12.614933
0.0,7,12.615314
0.0,10,12.615819
0.0,3,12.61602
0.0,75,12.619385
1.0,6,12.619775
1.0,56,12.622291
0.0,22,12.623324
0.0,4,12.623566
0.0,16,12.624342
0.0,2,12.624498
0.0,11,12.625038
0.0,26,12.626253
0.0,9,12.626716
0.0,2,12.626872
1.0,28,12.628168
0.0,10,12.628667
0.0,1,12.628778
0.0,2,12.628934
0.0,27,12.630188
1.0,27,12.631439
0.0,29,12.63277
1.0,10,12.633289
0.0,18,12.634151
1.0,19,12.635056
0.0,7,12.635434
0.0,38,12.637157
0.0,21,12.638152
0.0,2,12.638311
0.0,25,12.639467
0.0,36,12.641108
0.0,48,12.64327
0.0,7,12.643641
0.0,8,12.644066
0.0,21,12.645042
0.0,31,12.64647
0.0,19,12.647373
0.0,8,12.64779
0.0,20,12.648733
0.0,2,12.648889
0.0,33,12.650399
0.0,3,12.650598
0.0,13,12.651245
0.0,18,12.652103
1.0,32,12.653569
0.0,10,12.654083
0.0,4,12.654325
0.0,18,12.655186
0.0,3,12.655386
0.0,9,12.655843
0.0,58,12.65844
0.0,16,12.659211
0.0,25,12.660372
0.0,23,12.661448
0.0,4,12.661691
0.0,7,12.662073
0.0,27,12.663319
0.0,66,12.666248
0.0,29,12.667582
0.0,10,12.6681
1.0,17,12.668902
1.0,18,12.669751
0.0,31,12.671185
1.0,10,12.671687
1.0,30,12.673071
1.0,27,12.674317
1.0,19,12.675213
1.0,14,12.675889
1.0,29,12.677224
0.0,23,12.678297
0.0,50,12.680544
0.0,31,12.681957
1.0,16,12.682729
0.0,7,12.683117
0.0,10,12.683623
1.0,13,12.684267
1.0,25,12.685434
0.0,17,12.686248
0.0,2,12.686407
0.0,11,12.686948
1.0,51,12.689274
0.0,13,12.689902
0.0,36,12.691547
1.0,19,12.692449
0.0,25,12.693609
0.0,36,12.695245
0.0,5,12.695534
0.0,6,12.695863
0.0,21,12.696851
0.0,8,12.69728
0.0,3,12.697482
0.0,12,12.698079
0.0,2,12.698235
0.0,35,12.699828
0.0,2,12.699984
0.0,5,12.700283
1.0,38,12.702001
0.0,63,12.704806
0.0,5,12.705105
0.0,6,12.705437
0.0,2,12.705592
0.0,4,12.705836
0.0,42,12.707729
0.0,10,12.708241
1.0,46,12.710305
0.0,2,12.71046
0.0,21,12.711449
0.0,16,12.712219
0.0,5,12.712508
1.0,14,12.713195
0.0,12,12.713781
1.0,29,12.715118
0.0,10,12.71562
0.0,8,12.716033
0.0,15,12.716758
0.0,8,12.717185
0.0,9,12.717644
1.0,15,12.718369
0.0,2,12.718526
0.0,5,12.71881
0.0,16,12.719575
0.0,26,12.720843
0.0,5,12.721146
0.0,52,12.723482
0.0,3,12.723683
0.0,4,12.723927
0.0,32,12.725389
0.0,30,12.726758
0.0,73,12.729981
0.0,1,12.730104
0.0,34,12.731642
0.0,21,12.732625
1.0,15,12.733356
0.0,4,12.733601
0.0,43,12.735533
0.0,1,12.735645
0.0,23,12.736727
1.0,25,12.737882
0.0,26,12.739096
0.0,2,12.739252
0.0,15,12.739974
0.0,54,12.742392
0.0,10,12.742897
0.0,3,12.743112
0.0,19,12.743999
0.0,5,12.744293
0.0,6,12.744626
0.0,6,12.744956
1.0,13,12.7456
1.0,31,12.747012
1.0,11,12.747568
0.0,5,12.747856
0.0,8,12.748284
0.0,3,12.748487
0.0,2,12.748642
0.0,9,12.749114
1.0,36,12.750741
1.0,10,12.751255
1.0,25,12.752409
0.0,26,12.753616
1.0,11,12.754176
0.0,32,12.755639
0.0,7,12.756012
0.0,2,12.756178
0.0,28,12.757467
0.0,50,12.75971
1.0,11,12.76027
0.0,8,12.760689
0.0,20,12.761637
0.0,29,12.762969
0.0,8,12.763403
1.0,38,12.765133
0.0,3,12.765334
0.0,26,12.766538
0.0,5,12.766823
0.0,4,12.767076
1.0,16,12.767836
0.0,5,12.768136
0.0,10,12.768639
0.0,24,12.769755
0.0,12,12.770354
0.0,8,12.770771
0.0,22,12.7718
0.0,19,12.772702
0.0,24,12.773824
0.0,10,12.774336
0.0,23,12.775409
0.0,9,12.775867
0.0,37,12.777558
0.0,2,12.777716
0.0,2,12.77787
0.0,3,12.778078
0.0,5,12.778364
1.0,11,12.778911
0.0,54,12.78134
0.0,37,12.783014
0.0,9,12.783487
0.0,6,12.783816
0.0,18,12.784672
0.0,23,12.785746
0.0,39,12.787519
1.0,43,12.789457
1.0,24,12.790578
0.0,9,12.791043
0.0,18,12.791899
0.0,12,12.792504
1.0,28,12.793798
0.0,2,12.793956
1.0,33,12.795465
0.0,10,12.795968
0.0,20,12.79691
0.0,2,12.797079
0.0,2,12.797237
0.0,10,12.797735
0.0,42,12.799625
0.0,28,12.800912
1.0,44,12.802886
0.0,33,12.804403
0.0,4,12.804646
0.0,38,12.80637
0.0,12,12.80696
0.0,25,12.808133
0.0,2,12.808291
0.0,18,12.809147
1.0,32,12.81061
0.0,16,12.811378
0.0,49,12.813584
0.0,10,12.8141
0.0,11,12.814647
0.0,6,12.814974
0.0,5,12.815271
0.0,5,12.815556
0.0,7,12.815931
0.0,4,12.816184
0.0,60,12.818857
1.0,55,12.82132
0.0,15,12.822036
1.0,14,12.822778
1.0,34,12.824342
1.0,17,12.825154
0.0,64,12.828003
1.0,28,12.829341
0.0,26,12.830536
0.0,6,12.830867
0.0,3,12.831075
0.0,39,12.83283
1.0,49,12.835033
0.0,24,12.836153
0.0,7,12.836525
1.0,31,12.837948
0.0,43,12.839873
0.0,59,12.842497
0.0,8,12.842913
0.0,3,12.84313
0.0,12,12.843714
0.0,27,12.844957
0.0,1,12.845079
0.0,8,12.845495
1.0,33,12.846996
0.0,15,12.847725
0.0,30,12.849107
0.0,1,12.849219
1.0,32,12.850672
1.0,7,12.851043
1.0,14,12.851728
0.0,14,12.852408
0.0,18,12.853272
1.0,17,12.854086
0.0,27,12.855329
0.0,14,12.856002
0.0,9,12.856467
0.0,17,12.857286
0.0,34,12.858833
0.0,9,12.859306
0.0,18,12.860168
1.0,14,12.860843
1.0,7,12.861229
0.0,1,12.861342
0.0,1,12.861451
0.0,8,12.861863
0.0,18,12.862719
0.0,8,12.863154
0.0,8,12.863573
0.0,9,12.864028
1.0,24,12.865152
1.0,28,12.866436
1.0,18,12.86729
1.0,18,12.868144
0.0,21,12.869122
0.0,4,12.869367
0.0,2,12.86952
0.0,22,12.870544
0.0,10,12.871043
0.0,49,12.87325
0.0,22,12.874284
0.0,8,12.874702
0.0,2,12.874858
0.0,11,12.875417
0.0,3,12.875616
1.0,16,12.876388
0.0,1,12.8765
0.0,4,12.876745
1.0,19,12.877641
1.0,31,12.87906
0.0,2,12.879219
0.0,46,12.881288
0.0,4,12.881531
0.0,1,12.881644
1.0,33,12.883164
0.0,20,12.884107
1.0,18,12.884951
0.0,5,12.885251
0.0,62,12.888008
1.0,20,12.888949
0.0,1,12.889071
0.0,17,12.889879
0.0,25,12.891033
0.0,23,12.892121
0.0,3,12.892321
0.0,4,12.892565
1.0,14,12.893259
0.0,8,12.893675
1.0,9,12.894142
0.0,19,12.895026
0.0,3,12.895236
0.0,21,12.896223
0.0,3,12.896425
0.0,5,12.896711
0.0,26,12.897907
0.0,2,12.898074
0.0,4,12.898318
0.0,35,12.899904
0.0,7,12.900292
0.0,20,12.901234
0.0,25,12.902393
1.0,17,12.903214
0.0,23,12.904283
1.0,15,12.905
1.0,17,12.905817
0.0,33,12.907353
0.0,14,12.908032
0.0,1,12.908152
0.0,40,12.909964
0.0,4,12.910218
0.0,23,12.911292
0.0,14,12.911973
0.0,2,12.912139
0.0,7,12.912513
0.0,7,12.912888
0.0,12,12.913492
0.0,78,12.916947
0.0,2,12.917117
1.0,26,12.91832
0.0,8,12.91874
0.0,16,12.91951
0.0,16,12.920283
0.0,55,12.92275
0.0,8,12.923242
1.0,11,12.923795
0.0,20,12.924742
0.0,6,12.925084
0.0,2,12.925244
1.0,30,12.926618
0.0,23,12.927692
0.0,5,12.927983
0.0,21,12.928966
0.0,24,12.930098
0.0,14,12.930775
0.0,13,12.931415
0.0,10,12.931923
0.0,8,12.932365
0.0,2,12.932522
1.0,17,12.933342
0.0,36,12.934974
1.0,18,12.93583
0.0,5,12.936127
0.0,5,12.936416
1.0,17,12.937226
1.0,16,12.937985
1.0,23,12.939061
1.0,19,12.939945
0.0,1,12.940063
0.0,16,12.940825
0.0,3,12.941026
0.0,14,12.941707
1.0,49,12.94391
1.0,48,12.94609
0.0,20,12.947023
0.0,9,12.947489
0.0,1,12.947602
0.0,6,12.94793
1.0,19,12.94883
0.0,61,12.95155
0.0,7,12.951925
0.0,18,12.952781
0.0,19,12.953681
1.0,9,12.954154
0.0,4,12.954399
0.0,12,12.954981
1.0,19,12.95588
0.0,2,12.956035
0.0,41,12.957884
0.0,3,12.958096
0.0,4,12.95834
0.0,41,12.960197
0.0,28,12.961484
0.0,13,12.962125
0.0,3,12.962325
1.0,27,12.963578
0.0,4,12.96382
0.0,2,12.963976
0.0,8,12.964404
1.0,30,12.965769
0.0,1,12.965882
0.0,5,12.966177
0.0,7,12.966552
1.0,16,12.967319
0.0,6,12.967649
0.0,1,12.967761
0.0,90,12.971756
0.0,11,12.972316
1.0,44,12.974309
0.0,20,12.975249
0.0,25,12.976407
0.0,16,12.977184
0.0,13,12.977818
1.0,23,12.97889
0.0,10,12.979403
0.0,26,12.980607
0.0,5,12.980894
1.0,23,12.981963
0.0,7,12.98235
0.0,26,12.983562
0.0,19,12.98446
0.0,19,12.985359
1.0,34,12.986903
0.0,1,12.987013
1.0,70,12.990126
0.0,7,12.9905
1.0,18,12.991356
1.0,12,12.991945
0.0,10,12.992457
1.0,32,12.99392
0.0,40,12.995738
1.0,20,12.996685
0.0,10,12.997195
0.0,6,12.997525
1.0,23,12.998598
0.0,14,12.999285
1.0,18,13.000143
0.0,9,13.000602
0.0,3,13.000802
0.0,2,13.000956
0.0,27,13.002214
1.0,76,13.005598
0.0,20,13.006541
0.0,1,13.006654
1.0,39,13.008426
0.0,9,13.008888
0.0,39,13.01066
0.0,9,13.011134
1.0,13,13.011769
0.0,8,13.012196
0.0,5,13.012484
1.0,44,13.014471
0.0,25,13.015628
0.0,1,13.015741
0.0,16,13.016515
0.0,3,13.016714
0.0,47,13.01882
0.0,14,13.019511
0.0,9,13.01997
0.0,31,13.021391
0.0,22,13.022423
0.0,2,13.022581
0.0,7,13.022954
1.0,33,13.024516
0.0,18,13.025373
1.0,14,13.026061
0.0,23,13.027137
0.0,34,13.028682
0.0,7,13.029069
0.0,30,13.030454
0.0,6,13.030787
0.0,12,13.031387
0.0,11,13.031938
0.0,31,13.033367
0.0,69,13.036433
0.0,3,13.036636
0.0,23,13.037706
0.0,16,13.038479
0.0,6,13.038811
0.0,3,13.039011
0.0,20,13.039952
0.0,16,13.040729
0.0,19,13.041638
1.0,15,13.042367
0.0,11,13.042911
0.0,2,13.043084
0.0,8,13.043503
0.0,27,13.044743
0.0,7,13.045124
0.0,16,13.045885
0.0,19,13.046784
1.0,26,13.047982
0.0,33,13.049494
0.0,26,13.050694
1.0,36,13.052342
0.0,17,13.053164
0.0,3,13.053366
0.0,4,13.053607
0.0,2,13.053764
0.0,49,13.055956
0.0,7,13.056344
0.0,16,13.057118
0.0,7,13.057494
1.0,37,13.059172
1.0,40,13.06099
1.0,12,13.06159
1.0,18,13.062446
0.0,11,13.062986
1.0,44,13.064978
1.0,26,13.066187
1.0,35,13.067769
0.0,3,13.06797
0.0,37,13.069654
0.0,21,13.070644
0.0,1,13.070756
0.0,7,13.071139
0.0,1,13.071251
1.0,30,13.072626
0.0,34,13.074186
1.0,13,13.074824
0.0,19,13.075723
0.0,8,13.076154
0.0,9,13.076618
0.0,8,13.077036
0.0,5,13.077332
0.0,55,13.079788
0.0,28,13.081092
0.0,21,13.082078
0.0,10,13.082579
0.0,24,13.083698
0.0,3,13.083899
0.0,34,13.085451
0.0,6,13.085781
0.0,14,13.086467
0.0,41,13.088322
0.0,2,13.08848
0.0,12,13.089076
0.0,13,13.089706
0.0,4,13.089949
0.0,29,13.091286
0.0,9,13.091744
0.0,1,13.091857
0.0,14,13.092544
1.0,32,13.094005
0.0,5,13.094301
1.0,11,13.094844
1.0,25,13.095994
0.0,11,13.096553
0.0,32,13.098015
0.0,5,13.098312
0.0,1,13.098422
0.0,1,13.098531
0.0,6,13.09886
1.0,22,13.099886
0.0,9,13.100357
1.0,10,13.100858
1.0,8,13.101282
0.0,23,13.102355
0.0,26,13.103564
0.0,27,13.104811
0.0,2,13.10497
0.0,6,13.105311
0.0,1,13.105422
0.0,3,13.105622
1.0,15,13.106351
0.0,10,13.106853
0.0,24,13.107963
0.0,4,13.108219
1.0,27,13.109467
0.0,28,13.110753
0.0,10,13.111273
0.0,3,13.111471
0.0,45,13.113503
1.0,19,13.114401
0.0,1,13.114514
0.0,3,13.114711
1.0,8,13.115137
1.0,23,13.116201
0.0,31,13.117612
1.0,15,13.118337
1.0,15,13.119065
0.0,15,13.119779
0.0,3,13.119979
0.0,11,13.120537
0.0,11,13.121095
0.0,3,13.121298
0.0,6,13.12163
0.0,37,13.123315
0.0,16,13.124144
0.0,21,13.125136
0.0,7,13.125508
0.0,42,13.127418
0.0,1,13.127532
0.0,8,13.127949
0.0,15,13.128675
0.0,9,13.129146
0.0,56,13.131643
0.0,7,13.132014
1.0,10,13.132524
0.0,3,13.132722
0.0,24,13.13385
0.0,24,13.134968
0.0,7,13.135353
1.0,18,13.136214
0.0,5,13.136499
0.0,25,13.137665
0.0,8,13.138095
0.0,10,13.1386
1.0,14,13.139292
0.0,18,13.140157
1.0,31,13.141572
0.0,8,13.141989
0.0,4,13.142241
0.0,3,13.142443
1.0,26,13.143654
1.0,8,13.144077
0.0,48,13.146226
0.0,1,13.146338
0.0,23,13.147408
0.0,9,13.147869
1.0,14,13.148552
0.0,40,13.150357
0.0,21,13.151345
1.0,45,13.153379
0.0,42,13.155273
0.0,4,13.155516
1.0,15,13.156252
0.0,8,13.156666
0.0,25,13.157823
1.0,11,13.158384
0.0,2,13.158542
0.0,5,13.158825
0.0,34,13.160379
0.0,3,13.160579
0.0,12,13.161176
0.0,1,13.161289
1.0,37,13.162949
0.0,35,13.164547
0.0,40,13.166355
0.0,1,13.166467
0.0,1,13.166576
1.0,23,13.167642
1.0,23,13.168709
1.0,32,13.170178
0.0,15,13.170896
0.0,44,13.172871
0.0,41,13.174736
0.0,1,13.174848
0.0,20,13.17579
0.0,11,13.176346
1.0,21,13.177332
0.0,3,13.177533
0.0,1,13.177644
0.0,11,13.178199
1.0,41,13.180044
1.0,82,13.183662
0.0,6,13.183995
0.0,20,13.184937
1.0,11,13.185498
0.0,43,13.187439
0.0,67,13.190412
0.0,18,13.191274
0.0,16,13.192035
0.0,20,13.192976
0.0,8,13.193409
0.0,11,13.193957
0.0,1,13.194079
0.0,13,13.19471
0.0,1,13.194819
0.0,8,13.195245
1.0,13,13.195877
0.0,9,13.196347
0.0,22,13.197376
0.0,6,13.197706
0.0,2,13.19786
0.0,12,13.198458
0.0,7,13.198837
1.0,69,13.201907
1.0,15,13.202636
1.0,10,13.203156
0.0,5,13.203443
0.0,17,13.204258
0.0,6,13.20459
0.0,3,13.204791
0.0,11,13.205348
0.0,12,13.205941
0.0,1,13.20606
1.0,29,13.207385
1.0,9,13.207841
0.0,8,13.208265
1.0,16,13.209025
1.0,32,13.210491
0.0,47,13.212619
0.0,42,13.214519
1.0,10,13.215027
0.0,2,13.215192
0.0,26,13.216397
0.0,32,13.217856
0.0,21,13.218842
0.0,6,13.219184
0.0,45,13.221219
0.0,1,13.221331
0.0,9,13.221787
1.0,41,13.223642
0.0,5,13.223935
0.0,6,13.224277
0.0,50,13.226511
1.0,36,13.228151
0.0,15,13.228921
0.0,40,13.23073
0.0,11,13.231285
1.0,19,13.232184
0.0,2,13.232339
0.0,7,13.232718
0.0,22,13.233756
0.0,2,13.233915
0.0,5,13.23421
0.0,21,13.235203
0.0,27,13.236453
0.0,5,13.236738
0.0,20,13.23768
0.0,8,13.238105
1.0,23,13.239177
1.0,21,13.240165
0.0,1,13.240275
1.0,14,13.240945
0.0,8,13.241371
0.0,9,13.241836
0.0,1,13.241948
0.0,13,13.242589
0.0,5,13.242874
1.0,48,13.245032
1.0,17,13.245846
0.0,7,13.246227
0.0,12,13.246817
1.0,15,13.247546
0.0,2,13.247703
0.0,10,13.248215
1.0,49,13.250418
0.0,15,13.251151
0.0,6,13.251485
0.0,20,13.25243
0.0,6,13.252758
0.0,5,13.253045
1.0,24,13.254183
0.0,7,13.254558
0.0,11,13.255113
0.0,26,13.256311
0.0,16,13.257081
0.0,10,13.257585
1.0,18,13.258442
1.0,9,13.258898
0.0,8,13.259327
1.0,18,13.260189
1.0,21,13.261178
0.0,33,13.26268
1.0,30,13.264085
0.0,1,13.264198
1.0,9,13.264655
0.0,14,13.265333
1.0,14,13.266008
1.0,26,13.267215
1.0,20,13.268157
0.0,4,13.268402
0.0,1,13.268513
0.0,20,13.269457
0.0,37,13.271145
0.0,1,13.271257
1.0,19,13.272159
1.0,22,13.273191
0.0,1,13.273304
0.0,1,13.273415
1.0,25,13.274576
0.0,1,13.274688
0.0,13,13.275337
0.0,6,13.275669
0.0,5,13.275956
0.0,55,13.27842
1.0,23,13.279492
0.0,2,13.27965
1.0,20,13.280592
1.0,24,13.281706
1.0,23,13.282781
1.0,16,13.283557
0.0,33,13.286398
0.0,10,13.288358
0.0,3,13.288562
0.0,48,13.290725
0.0,9,13.291198
0.0,1,13.291312
0.0,4,13.291554
0.0,2,13.291708
0.0,25,13.292871
0.0,9,13.293353
0.0,41,13.295218
0.0,10,13.295724
0.0,13,13.296369
0.0,27,13.297622
0.0,33,13.299138
0.0,17,13.299942
0.0,32,13.301409
0.0,14,13.302101
0.0,13,13.302733
0.0,2,13.302887
0.0,6,13.303236
1.0,24,13.30436
1.0,23,13.305437
0.0,3,13.305641
0.0,15,13.306372
0.0,4,13.306616
0.0,26,13.307816
0.0,19,13.308718
0.0,16,13.309494
1.0,16,13.31027
0.0,9,13.31073
0.0,33,13.312244
0.0,11,13.312791
1.0,27,13.314043
0.0,6,13.314383
1.0,18,13.315242
0.0,1,13.315352
0.0,2,13.315507
0.0,5,13.31579
1.0,27,13.317036
0.0,5,13.317355
0.0,28,13.318641
0.0,6,13.318974
0.0,7,13.319359
0.0,22,13.320392
0.0,3,13.320592
1.0,7,13.320963
1.0,16,13.321737
0.0,5,13.322025
0.0,9,13.322495
0.0,3,13.322694
0.0,5,13.322982
1.0,11,13.323542
1.0,20,13.324493
0.0,58,13.327108
0.0,51,13.329396
0.0,2,13.329622
0.0,60,13.332315
0.0,17,13.33314
0.0,4,13.333388
0.0,17,13.334213
0.0,1,13.334326
0.0,3,13.334526
0.0,31,13.335951
0.0,23,13.337032
0.0,58,13.33964
0.0,17,13.340461
0.0,1,13.340573
0.0,1,13.340685
0.0,5,13.340971
0.0,4,13.341227
0.0,12,13.341815
0.0,33,13.34334
0.0,2,13.343499
0.0,4,13.343742
0.0,43,13.34569
0.0,4,13.345936
0.0,19,13.346836
0.0,40,13.348662
0.0,13,13.349311
0.0,10,13.349816
0.0,16,13.350589
0.0,29,13.351924
0.0,14,13.352611
0.0,1,13.352722
0.0,5,13.35301
1.0,11,13.353569
0.0,92,13.357645
0.0,2,13.357805
0.0,22,13.358837
1.0,30,13.360227
1.0,20,13.361174
0.0,56,13.363675
0.0,42,13.365582
0.0,15,13.366315
1.0,44,13.368311
0.0,15,13.369031
0.0,29,13.370374
0.0,40,13.372185
0.0,2,13.372343
1.0,84,13.376078
1.0,22,13.377105
0.0,13,13.377734
1.0,36,13.379373
1.0,17,13.380183
1.0,38,13.381894
0.0,3,13.382103
1.0,49,13.384306
0.0,42,13.386208
1.0,51,13.388486
0.0,3,13.388688
0.0,83,13.392354
0.0,3,13.392554
0.0,17,13.39337
0.0,24,13.394485
1.0,21,13.395467
1.0,27,13.396719
0.0,21,13.397711
0.0,4,13.397954
0.0,29,13.399296
0.0,2,13.399455
0.0,62,13.40222
0.0,3,13.402425
0.0,7,13.402798
0.0,9,13.403274
0.0,8,13.403688
0.0,42,13.40557
0.0,36,13.407216
0.0,13,13.407847
0.0,6,13.408186
0.0,14,13.408859
1.0,17,13.409668
0.0,38,13.411387
0.0,13,13.412019
0.0,39,13.413788
0.0,10,13.414303
1.0,20,13.415248
0.0,5,13.415535
0.0,32,13.416984
0.0,48,13.419144
0.0,2,13.419302
0.0,41,13.421158
0.0,5,13.421447
0.0,17,13.422258
0.0,15,13.42298
0.0,20,13.423924
0.0,4,13.424181
1.0,44,13.426161
0.0,5,13.426449
0.0,5,13.426734
1.0,20,13.427672
0.0,17,13.428483
0.0,2,13.428642
0.0,17,13.429451
0.0,1,13.429564
0.0,66,13.432487
0.0,8,13.4329
0.0,14,13.433586
1.0,55,13.436029
0.0,2,13.436193
0.0,8,13.43661
1.0,9,13.437078
0.0,8,13.437496
0.0,1,13.437608
1.0,19,13.438508
1.0,17,13.439331
0.0,18,13.44019
1.0,21,13.441175
1.0,29,13.442502
0.0,13,13.443154
0.0,2,13.44331
0.0,10,13.443807
0.0,11,13.444366
0.0,26,13.44557
0.0,3,13.445771
0.0,59,13.448397
1.0,12,13.448987
1.0,13,13.449625
1.0,24,13.450804
0.0,13,13.451452
1.0,16,13.452224
0.0,12,13.452814
0.0,43,13.454764
0.0,13,13.455411
0.0,4,13.455655
1.0,15,13.456384
0.0,9,13.456844
1.0,13,13.457488
0.0,1,13.457598
0.0,9,13.458066
1.0,20,13.458995
0.0,20,13.459929
0.0,14,13.46061
0.0,1,13.460723
0.0,12,13.46132
1.0,25,13.462473
1.0,52,13.464803
1.0,20,13.465745
0.0,10,13.466265
1.0,23,13.467335
0.0,27,13.468569
1.0,9,13.469026
0.0,1,13.469146
1.0,23,13.47022
0.0,44,13.472208
1.0,22,13.473243
0.0,14,13.473911
0.0,3,13.474119
1.0,13,13.474755
0.0,4,13.474997
0.0,12,13.475592
0.0,30,13.476964
0.0,9,13.477436
1.0,16,13.478208
0.0,8,13.478625
1.0,13,13.479266
0.0,10,13.479764
0.0,3,13.479964
0.0,30,13.481354
0.0,29,13.482688
0.0,20,13.483639
0.0,11,13.4842
1.0,17,13.485009
0.0,7,13.48539
0.0,29,13.486727
0.0,18,13.487589
1.0,10,13.488104
0.0,9,13.488562
0.0,59,13.491211
0.0,3,13.491414
0.0,2,13.491569
0.0,26,13.492767
0.0,3,13.492969
0.0,9,13.493448
0.0,3,13.493649
0.0,33,13.495155
1.0,10,13.495655
0.0,12,13.496256
0.0,8,13.496674
1.0,18,13.497531
0.0,25,13.498695
0.0,10,13.499214
0.0,8,13.49963
0.0,27,13.500878
0.0,7,13.501262
0.0,17,13.502081
0.0,1,13.502192
1.0,51,13.504483
0.0,15,13.50521
1.0,22,13.506238
1.0,14,13.506912
0.0,8,13.507338
0.0,8,13.507756
1.0,16,13.508527
0.0,5,13.508812
0.0,8,13.509241
0.0,10,13.509748
0.0,7,13.510133
1.0,28,13.511424
0.0,37,13.513115
0.0,17,13.513919
0.0,3,13.51413
1.0,18,13.514974
0.0,17,13.515789
0.0,3,13.515988
0.0,4,13.516241
1.0,23,13.517309
1.0,9,13.517774
0.0,41,13.519625
0.0,7,13.52
0.0,15,13.520731
0.0,11,13.52129
0.0,39,13.523066
0.0,8,13.523484
0.0,2,13.523655
1.0,45,13.52568
1.0,15,13.526407
0.0,1,13.52652
0.0,42,13.528414
1.0,12,13.529005
0.0,1,13.529126
1.0,51,13.531407
0.0,5,13.531696
0.0,2,13.53185
0.0,7,13.532235
0.0,3,13.532436
0.0,30,13.533816
1.0,13,13.534458
1.0,25,13.535614
1.0,21,13.536597
1.0,43,13.53854
1.0,51,13.540825
1.0,33,13.542335
0.0,3,13.542536
0.0,12,13.543144
0.0,12,13.543736
0.0,5,13.54402
1.0,23,13.545106
0.0,2,13.545263
0.0,22,13.546289
0.0,26,13.547492
0.0,20,13.548436
0.0,27,13.549684
0.0,8,13.550174
0.0,1,13.550286
1.0,55,13.55274
0.0,10,13.553257
0.0,25,13.554419
0.0,27,13.555667
0.0,67,13.558642
0.0,5,13.558933
1.0,13,13.559574
0.0,38,13.561307
0.0,25,13.562466
1.0,36,13.564114
0.0,1,13.564227
1.0,45,13.566255
1.0,17,13.567065
0.0,25,13.568222
1.0,7,13.568594
1.0,16,13.569363
0.0,6,13.569695
0.0,23,13.570765
1.0,10,13.571278
1.0,65,13.574178
0.0,8,13.574595
0.0,11,13.575154
0.0,17,13.575958
0.0,36,13.577596
0.0,3,13.577796
0.0,18,13.578654
0.0,15,13.579382
0.0,12,13.57997
0.0,19,13.580875
0.0,60,13.583574
0.0,12,13.584176
0.0,3,13.584378
1.0,32,13.585844
1.0,24,13.586961
0.0,8,13.587392
0.0,15,13.58812
0.0,1,13.588231
0.0,15,13.58895
0.0,10,13.589463
0.0,21,13.59045
0.0,10,13.590952
0.0,34,13.5925
1.0,22,13.593533
1.0,11,13.594096
0.0,6,13.594426
0.0,21,13.595413
0.0,21,13.596398
0.0,8,13.596816
1.0,20,13.597754
0.0,14,13.598444
0.0,19,13.599344
0.0,4,13.599588
0.0,8,13.600004
0.0,8,13.600431
0.0,76,13.603796
0.0,20,13.604742
1.0,9,13.605212
0.0,41,13.607076
0.0,50,13.609316
1.0,40,13.611131
0.0,42,13.613014
0.0,24,13.614139
0.0,2,13.614297
0.0,51,13.61658
0.0,3,13.61678
1.0,16,13.617549
0.0,15,13.618277
0.0,21,13.619273
0.0,2,13.619431
0.0,11,13.619975
0.0,100,13.624427
0.0,20,13.625367
1.0,11,13.625913
0.0,3,13.62612
0.0,3,13.626322
0.0,9,13.62678
0.0,7,13.627164
0.0,7,13.627537
0.0,4,13.62778
0.0,10,13.628292
0.0,26,13.629492
1.0,12,13.630091
1.0,44,13.632066
0.0,5,13.632354
0.0,2,13.63251
1.0,16,13.633285
1.0,21,13.634271
0.0,65,13.63717
0.0,32,13.638631
0.0,21,13.639616
1.0,55,13.642078
0.0,1,13.642191
0.0,2,13.642345
0.0,21,13.643337
0.0,62,13.646087
0.0,12,13.646677
0.0,65,13.649556
0.0,12,13.650158
0.0,24,13.651277
0.0,5,13.651565
0.0,16,13.652337
0.0,66,13.655276
0.0,25,13.656432
0.0,10,13.656931
0.0,43,13.658875
0.0,13,13.659523
0.0,1,13.659636
0.0,2,13.659792
0.0,5,13.660091
0.0,13,13.660724
0.0,18,13.661576
0.0,9,13.662037
0.0,10,13.662549
0.0,4,13.662789
1.0,24,13.663912
0.0,1,13.664022
1.0,26,13.665238
0.0,12,13.665886
0.0,13,13.666528
0.0,31,13.667946
0.0,17,13.668758
1.0,25,13.669918
0.0,21,13.670907
0.0,23,13.671979
0.0,55,13.674452
0.0,8,13.674871
0.0,28,13.676168
0.0,18,13.67701
1.0,42,13.678905
0.0,8,13.679335
1.0,37,13.681011
0.0,3,13.68122
0.0,4,13.681466
1.0,25,13.682624
0.0,12,13.683229
1.0,18,13.68409
0.0,14,13.684763
0.0,27,13.686013
0.0,36,13.687654
0.0,24,13.688773
0.0,2,13.688931
0.0,2,13.689095
0.0,3,13.689296
0.0,13,13.68993
0.0,9,13.690402
0.0,5,13.69069
0.0,23,13.691761
1.0,16,13.692539
1.0,11,13.693098
1.0,21,13.694089
1.0,18,13.694929
0.0,33,13.696441
0.0,14,13.697128
0.0,3,13.697329
0.0,33,13.698822
0.0,5,13.699121
0.0,5,13.699409
0.0,1,13.699521
0.0,7,13.699896
0.0,7,13.700277
0.0,9,13.700741
0.0,23,13.701812
1.0,30,13.703204
1.0,7,13.703575
0.0,18,13.704425
0.0,20,13.705365
0.0,10,13.70587
0.0,2,13.706025
0.0,2,13.706191
0.0,7,13.70656
1.0,19,13.707465
0.0,10,13.707965
0.0,11,13.70852
0.0,17,13.709334
0.0,16,13.710101
1.0,20,13.711036
0.0,2,13.711202
0.0,15,13.71192
1.0,28,13.713217
0.0,33,13.714717
0.0,22,13.715755
0.0,24,13.716871
0.0,3,13.717084
1.0,7,13.717457
1.0,8,13.717873
0.0,12,13.718471
0.0,3,13.718673
0.0,1,13.718785
1.0,16,13.719552
1.0,10,13.720063
0.0,14,13.720737
0.0,42,13.722635
1.0,36,13.724275
1.0,14,13.72495
0.0,49,13.727149
0.0,14,13.727821
0.0,2,13.727975
0.0,20,13.728912
0.0,45,13.73094
0.0,15,13.731674
0.0,12,13.732278
1.0,21,13.73327
1.0,43,13.735217
0.0,30,13.736597
0.0,15,13.737322
1.0,42,13.739224
0.0,23,13.740301
0.0,4,13.740547
0.0,3,13.740747
0.0,5,13.741033
1.0,18,13.741887
0.0,76,13.745258
1.0,13,13.745888
0.0,2,13.746042
1.0,14,13.74672
0.0,15,13.747445
0.0,5,13.747733
0.0,7,13.748117
0.0,40,13.749962
1.0,11,13.750516
0.0,9,13.750974
1.0,25,13.752142
1.0,19,13.753026
0.0,55,13.7555
0.0,1,13.755613
0.0,5,13.755901
0.0,65,13.758796
0.0,1,13.758908
0.0,5,13.759206
0.0,4,13.759451
0.0,36,13.761091
0.0,3,13.761293
0.0,31,13.762706
0.0,54,13.765132
0.0,8,13.765548
0.0,13,13.766248
1.0,33,13.767747
1.0,43,13.769679
0.0,3,13.769878
0.0,36,13.771523
0.0,6,13.771852
1.0,13,13.772492
1.0,58,13.775091
0.0,36,13.776729
0.0,6,13.77707
0.0,15,13.777789
1.0,8,13.778215
0.0,57,13.780752
1.0,45,13.782783
0.0,47,13.784905
0.0,1,13.785017
1.0,16,13.785784
1.0,12,13.786385
0.0,8,13.786803
0.0,8,13.787233
0.0,11,13.787784
0.0,3,13.787982
0.0,1,13.788102
0.0,9,13.788562
1.0,35,13.790157
0.0,8,13.790574
0.0,1,13.790684
0.0,15,13.791412
1.0,21,13.7924
0.0,22,13.793436
0.0,13,13.79408
0.0,35,13.795671
0.0,28,13.796963
0.0,42,13.798876
0.0,1,13.798989
0.0,7,13.799373
1.0,10,13.799879
0.0,27,13.801136
0.0,28,13.802424
0.0,12,13.803013
0.0,16,13.803787
0.0,12,13.804388
0.0,2,13.804546
1.0,11,13.805099
0.0,14,13.805778
0.0,6,13.806124
0.0,7,13.806496
0.0,62,13.809275
0.0,8,13.80969
1.0,13,13.810331
1.0,33,13.81183
1.0,12,13.812431
1.0,67,13.815423
0.0,4,13.815665
0.0,26,13.816865
0.0,3,13.817075
0.0,18,13.81792
0.0,3,13.818129
0.0,74,13.821416
0.0,6,13.821747
0.0,24,13.82286
0.0,2,13.823016
0.0,5,13.823315
0.0,4,13.823557
0.0,4,13.823796
0.0,26,13.824994
1.0,49,13.827196
0.0,74,13.830469
0.0,12,13.831062
1.0,24,13.832173
0.0,13,13.832809
0.0,10,13.833328
0.0,3,13.83353
1.0,7,13.833899
0.0,12,13.834499
0.0,10,13.835002
1.0,10,13.835515
1.0,31,13.836934
0.0,1,13.837046
0.0,38,13.838776
0.0,10,13.839291
0.0,3,13.83949
0.0,5,13.839777
0.0,10,13.840289
0.0,3,13.840492
0.0,36,13.842133
0.0,42,13.844028
0.0,34,13.845583
0.0,27,13.846826
0.0,4,13.84708
0.0,13,13.84771
1.0,57,13.850277
0.0,18,13.851135
0.0,1,13.851249
0.0,9,13.851714
0.0,13,13.852351
0.0,14,13.853028
0.0,18,13.853886
1.0,20,13.854825
0.0,1,13.854938
0.0,4,13.855191
0.0,23,13.85627
0.0,7,13.856646
0.0,23,13.857718
0.0,11,13.858277
0.0,10,13.858779
0.0,5,13.859076
0.0,3,13.859276
0.0,7,13.859652
0.0,9,13.860121
0.0,1,13.860232
0.0,3,13.86043
1.0,42,13.86233
1.0,27,13.863581
1.0,11,13.864138
0.0,21,13.865124
0.0,11,13.865672
0.0,8,13.866157
1.0,30,13.867526
0.0,21,13.868515
1.0,32,13.869973
0.0,2,13.870141
0.0,48,13.872312
0.0,4,13.872555
0.0,1,13.872665
0.0,7,13.873034
0.0,1,13.873162
0.0,13,13.873794
0.0,12,13.874393
1.0,35,13.875987
0.0,1,13.87611
0.0,9,13.876574
0.0,9,13.877033
0.0,13,13.877669
1.0,23,13.878741
1.0,15,13.879466
0.0,10,13.879969
0.0,55,13.882434
1.0,13,13.883092
0.0,13,13.883725
0.0,11,13.884282
1.0,28,13.885566
0.0,15,13.8863
1.0,27,13.887554
1.0,14,13.888241
1.0,30,13.889618
0.0,9,13.89009
0.0,2,13.890246
1.0,36,13.891876
0.0,17,13.892687
0.0,6,13.893015
0.0,33,13.89453
0.0,6,13.894864
0.0,5,13.895158
1.0,23,13.896226
0.0,10,13.896729
0.0,15,13.897455
0.0,13,13.898097
0.0,1,13.89821
1.0,23,13.899274
1.0,14,13.899948
0.0,7,13.90033
0.0,9,13.900793
0.0,59,13.903428
0.0,30,13.904794
1.0,23,13.905864
0.0,21,13.906851
1.0,32,13.908325
0.0,1,13.908438
1.0,23,13.909508
0.0,1,13.909618
0.0,5,13.909906
0.0,18,13.910766
0.0,1,13.910879
0.0,3,13.911088
0.0,61,13.913804
0.0,3,13.914007
0.0,3,13.914213
0.0,29,13.915545
0.0,4,13.915787
1.0,16,13.916557
0.0,5,13.916841
0.0,38,13.918574
1.0,21,13.919565
0.0,4,13.919809
0.0,4,13.920058
1.0,43,13.921988
1.0,23,13.923074
1.0,44,13.925056
0.0,5,13.925347
0.0,13,13.925979
0.0,10,13.926494
0.0,47,13.928601
1.0,26,13.929802
0.0,4,13.930047
0.0,8,13.930472
1.0,58,13.933076
0.0,9,13.933538
0.0,33,13.935037
0.0,2,13.935205
0.0,17,13.936011
0.0,5,13.936316
0.0,31,13.93773
1.0,16,13.938503
1.0,21,13.939496
0.0,2,13.939652
0.0,37,13.941329
0.0,58,13.943922
0.0,6,13.944266
0.0,20,13.945206
0.0,27,13.94645
0.0,5,13.946736
1.0,21,13.947724
0.0,9,13.948195
0.0,9,13.948651
1.0,11,13.949209
0.0,8,13.949625
0.0,13,13.950259
0.0,21,13.951248
0.0,9,13.951708
1.0,25,13.952855
0.0,8,13.953285
0.0,51,13.955569
1.0,12,13.956168
0.0,4,13.956409
1.0,19,13.957308
0.0,9,13.957764
0.0,71,13.960912
0.0,3,13.961126
0.0,4,13.96137
0.0,21,13.962361
0.0,7,13.962738
0.0,4,13.962979
0.0,4,13.963237
0.0,5,13.963525
0.0,17,13.964343
0.0,8,13.964759
1.0,10,13.96527
0.0,2,13.965428
1.0,17,13.966245
0.0,68,13.969353
0.0,19,13.970266
0.0,16,13.971029
0.0,20,13.971972
0.0,35,13.973579
0.0,3,13.973783
0.0,11,13.974338
0.0,6,13.974672
0.0,4,13.974913
0.0,11,13.97547
1.0,16,13.976243
0.0,20,13.977192
0.0,46,13.979264
0.0,4,13.979508
1.0,19,13.980407
0.0,16,13.98118
0.0,9,13.981641
0.0,3,13.981841
0.0,6,13.982181
1.0,63,13.984986
0.0,13,13.985626
0.0,15,13.986353
1.0,49,13.988548
0.0,25,13.989706
1.0,18,13.990563
1.0,7,13.990933
0.0,12,13.99153
0.0,13,13.992172
0.0,28,13.993465
1.0,25,13.99462
0.0,6,13.99495
0.0,100,13.999347
1.0,9,13.99981
0.0,10,14.000323
0.0,5,14.000608
0.0,15,14.001332
1.0,16,14.002105
0.0,100,14.00651
0.0,1,14.006625
0.0,21,14.007611
0.0,25,14.008773
0.0,5,14.009072
0.0,20,14.010002
1.0,35,14.011595
0.0,9,14.012065
1.0,10,14.012566
0.0,4,14.012809
0.0,7,14.013196
0.0,12,14.013787
0.0,3,14.013987
1.0,26,14.015197
1.0,21,14.016183
0.0,12,14.016774
0.0,21,14.017764
0.0,6,14.018108
1.0,13,14.018743
1.0,50,14.020987
1.0,18,14.021853
0.0,6,14.022199
1.0,23,14.023277
0.0,1,14.02339
0.0,18,14.024242
1.0,15,14.024961
0.0,10,14.025473
0.0,2,14.025632
0.0,2,14.025785
1.0,11,14.026339
0.0,47,14.028454
0.0,2,14.02861
0.0,30,14.02999
1.0,40,14.031808
0.0,30,14.0332
0.0,4,14.033443
0.0,41,14.035306
0.0,3,14.035506
1.0,25,14.036657
1.0,12,14.037251
0.0,4,14.037495
0.0,33,14.038993
1.0,22,14.040015
1.0,17,14.040825
0.0,7,14.041205
0.0,17,14.042007
1.0,14,14.042686
0.0,33,14.044209
0.0,2,14.044366
0.0,21,14.045357
1.0,43,14.0473
0.0,14,14.047975
0.0,18,14.048831
1.0,16,14.049606
0.0,1,14.049716
1.0,48,14.051875
0.0,7,14.05226
0.0,4,14.052505
1.0,21,14.053493
0.0,25,14.054651
0.0,9,14.055126
0.0,1,14.055238
1.0,52,14.057565
0.0,20,14.058511
0.0,2,14.058669
0.0,14,14.059353
0.0,3,14.059553
0.0,32,14.061003
0.0,3,14.061212
0.0,5,14.061499
0.0,4,14.061739
0.0,26,14.062938
0.0,19,14.063846
0.0,18,14.064699
0.0,35,14.066296
0.0,1,14.06641
0.0,24,14.067522
1.0,20,14.068464
1.0,19,14.069367
0.0,11,14.069913
1.0,24,14.071026
0.0,32,14.072563
0.0,14,14.073258
0.0,17,14.074069
0.0,2,14.074225
0.0,3,14.074426
0.0,5,14.074715
0.0,6,14.075041
0.0,5,14.07534
1.0,15,14.076068
0.0,25,14.077226
0.0,6,14.077555
1.0,27,14.078795
0.0,1,14.078907
0.0,32,14.080376
0.0,45,14.082399
0.0,5,14.082687
0.0,18,14.083544
0.0,8,14.083958
0.0,40,14.085768
0.0,10,14.086283
0.0,5,14.086572
1.0,15,14.087294
0.0,5,14.08758
1.0,12,14.088177
1.0,17,14.088983
0.0,35,14.09057
0.0,6,14.090904
0.0,1,14.091013
0.0,7,14.091394
0.0,25,14.092553
1.0,13,14.093207
0.0,20,14.09415
1.0,9,14.094608
0.0,58,14.097204
0.0,3,14.097406
0.0,19,14.098304
0.0,7,14.098679
0.0,34,14.100237
0.0,12,14.100824
1.0,8,14.101252
0.0,1,14.101364
0.0,13,14.101991
0.0,9,14.102464
0.0,4,14.102711
0.0,15,14.103447
1.0,30,14.10481
0.0,1,14.104925
0.0,50,14.107171
0.0,5,14.107461
1.0,13,14.108102
0.0,1,14.108214
0.0,8,14.10863
0.0,5,14.108918
0.0,31,14.110338
0.0,10,14.11084
0.0,38,14.112566
0.0,22,14.113601
0.0,33,14.115115
0.0,55,14.117572
1.0,55,14.120026
0.0,33,14.121535
1.0,33,14.123031
0.0,9,14.123501
0.0,3,14.123699
1.0,11,14.124257
0.0,21,14.125245
0.0,8,14.12566
1.0,16,14.126432
0.0,11,14.126979
0.0,28,14.128274
0.0,6,14.128603
1.0,12,14.1292
0.0,16,14.129963
1.0,13,14.130606
0.0,9,14.131075
1.0,28,14.132361
0.0,30,14.133736
1.0,17,14.134547
0.0,36,14.136195
1.0,20,14.137138
0.0,5,14.137425
0.0,21,14.138408
0.0,16,14.139181
1.0,17,14.139985
1.0,45,14.142017
1.0,19,14.14291
1.0,41,14.144758
1.0,26,14.145956
0.0,17,14.14677
0.0,1,14.146882
0.0,34,14.14844
0.0,15,14.149165
0.0,9,14.149624
1.0,11,14.150182
0.0,2,14.15034
0.0,15,14.151064
1.0,12,14.151651
1.0,11,14.152203
0.0,2,14.152361
1.0,39,14.154132
0.0,7,14.154507
1.0,26,14.155714
0.0,5,14.155999
0.0,6,14.156337
0.0,17,14.157152
0.0,17,14.157964
0.0,55,14.160429
0.0,5,14.160718
0.0,2,14.160875
0.0,13,14.161515
0.0,17,14.16233
0.0,24,14.163443
0.0,58,14.166022
1.0,58,14.168606
0.0,35,14.170201
0.0,2,14.170358
1.0,27,14.171597
0.0,2,14.17181
0.0,3,14.172012
0.0,12,14.172613
0.0,5,14.172903
0.0,2,14.173072
0.0,2,14.173229
1.0,21,14.174219
1.0,18,14.175078
1.0,10,14.175584
0.0,10,14.176093
1.0,24,14.177205
0.0,6,14.177535
0.0,29,14.178865
0.0,8,14.179295
0.0,17,14.180109
0.0,2,14.180268
1.0,10,14.180766
0.0,39,14.18253
0.0,24,14.183656
0.0,1,14.183769
0.0,1,14.18388
0.0,2,14.184036
1.0,24,14.18516
0.0,36,14.186785
1.0,21,14.187769
1.0,22,14.188798
1.0,14,14.18948
0.0,3,14.189682
0.0,15,14.190411
1.0,17,14.191227
1.0,22,14.192254
0.0,16,14.193017
0.0,28,14.194313
0.0,3,14.194512
1.0,43,14.196452
0.0,6,14.196785
0.0,17,14.197599
1.0,65,14.200504
0.0,34,14.202061
0.0,19,14.202953
0.0,44,14.204946
0.0,5,14.205245
1.0,16,14.206007
1.0,39,14.207778
0.0,31,14.209212
1.0,48,14.211377
0.0,19,14.21228
0.0,8,14.212697
0.0,1,14.212808
0.0,20,14.213759
1.0,30,14.215142
0.0,1,14.215252
0.0,5,14.215538
0.0,25,14.216697
0.0,12,14.217298
0.0,2,14.217454
0.0,55,14.219898
0.0,3,14.220111
0.0,10,14.220614
0.0,4,14.220859
0.0,12,14.221461
0.0,6,14.221797
0.0,2,14.221951
1.0,14,14.222633
0.0,22,14.223674
0.0,3,14.223877
1.0,26,14.22509
1.0,25,14.226249
0.0,18,14.227108
1.0,27,14.228353
1.0,31,14.229766
1.0,22,14.230795
0.0,21,14.231774
0.0,13,14.232416
0.0,13,14.233042
0.0,6,14.233386
0.0,2,14.233542
1.0,17,14.23435
1.0,11,14.234895
0.0,19,14.235789
1.0,25,14.23695
0.0,22,14.237973
1.0,57,14.240516
1.0,30,14.241893
0.0,5,14.242189
0.0,2,14.242345
1.0,41,14.244198
0.0,10,14.2447
0.0,1,14.24481
1.0,25,14.245963
1.0,43,14.247898
0.0,20,14.248838
0.0,5,14.249135
1.0,74,14.252409
0.0,31,14.253832
0.0,1,14.253946
0.0,8,14.254369
1.0,17,14.255187
1.0,22,14.256215
0.0,16,14.256979
1.0,30,14.258363
0.0,2,14.258522
1.0,17,14.259332
0.0,13,14.259962
0.0,12,14.260563
0.0,10,14.261077
0.0,27,14.262324
1.0,20,14.263275
0.0,8,14.263689
0.0,12,14.264285
0.0,4,14.264529
1.0,12,14.265128
0.0,50,14.267369
0.0,4,14.267616
0.0,12,14.268216
0.0,27,14.269461
1.0,21,14.270443
1.0,37,14.272134
1.0,20,14.273143
1.0,34,14.27468
1.0,13,14.27532
0.0,1,14.275429
0.0,1,14.275539
0.0,4,14.275779
1.0,36,14.277413
0.0,3,14.277612
0.0,18,14.278468
1.0,30,14.279845
0.0,6,14.280185
1.0,26,14.281386
1.0,24,14.282493
0.0,5,14.282784
1.0,42,14.28468
0.0,4,14.284921
0.0,2,14.285088
1.0,21,14.286068
0.0,27,14.287312
0.0,1,14.287426
1.0,26,14.288626
0.0,8,14.28904
0.0,16,14.28981
0.0,2,14.289968
0.0,1,14.290089
0.0,65,14.292982
0.0,13,14.293627
0.0,26,14.294829
0.0,4,14.295081
0.0,17,14.295883
0.0,9,14.29635
0.0,33,14.297853
1.0,35,14.299452
0.0,12,14.300043
0.0,7,14.300425
1.0,10,14.300923
0.0,49,14.303153
1.0,30,14.304523
0.0,53,14.30689
1.0,13,14.307526
0.0,9,14.307985
0.0,11,14.30854
0.0,40,14.310355
0.0,38,14.312079
0.0,14,14.312752
1.0,39,14.314526
0.0,3,14.314728
0.0,24,14.315841
0.0,12,14.316437
0.0,15,14.31716
0.0,70,14.320265
0.0,14,14.320937
0.0,50,14.323195
1.0,16,14.323955
1.0,27,14.325203
0.0,32,14.326658
0.0,14,14.327342
0.0,6,14.32767
0.0,60,14.330342
0.0,7,14.330716
0.0,13,14.331356
0.0,4,14.331599
0.0,61,14.334316
0.0,6,14.334645
0.0,11,14.335205
0.0,1,14.335317
0.0,5,14.335602
0.0,25,14.336754
0.0,8,14.337179
0.0,17,14.33798
0.0,3,14.338192
1.0,17,14.338994
1.0,26,14.340204
1.0,42,14.342108
1.0,11,14.342653
1.0,26,14.343856
0.0,32,14.345336
0.0,2,14.345497
0.0,1,14.345606
1.0,27,14.346848
0.0,20,14.34779
0.0,10,14.3483
0.0,100,14.352703
0.0,6,14.353038
0.0,1,14.353163
0.0,2,14.35332
0.0,19,14.354213
0.0,3,14.354416
1.0,48,14.356562
1.0,26,14.357767
0.0,11,14.358319
0.0,7,14.358694
0.0,19,14.359595
0.0,8,14.360011
0.0,19,14.360907
0.0,19,14.361804
0.0,13,14.362449
0.0,9,14.362906
1.0,9,14.363384
1.0,24,14.364493
0.0,2,14.364648
0.0,92,14.368717
0.0,7,14.369098
0.0,15,14.369814
0.0,10,14.370324
0.0,24,14.371435
0.0,2,14.371591
0.0,10,14.372106
0.0,10,14.372608
0.0,3,14.372809
0.0,53,14.375187
0.0,7,14.375561
0.0,67,14.378539
0.0,13,14.379185
0.0,11,14.37973
0.0,29,14.381074
0.0,22,14.3821
0.0,45,14.384188
0.0,13,14.38482
0.0,3,14.385019
1.0,44,14.386996
0.0,4,14.387251
1.0,8,14.387669
0.0,19,14.388571
0.0,68,14.391608
0.0,10,14.392121
0.0,23,14.393198
0.0,26,14.394405
1.0,8,14.394821
0.0,21,14.395803
1.0,8,14.396234
0.0,51,14.398504
0.0,29,14.399839
1.0,17,14.400656
0.0,22,14.401684
1.0,69,14.404769
1.0,17,14.405583
1.0,66,14.408513
0.0,1,14.408626
0.0,1,14.408737
0.0,4,14.408981
1.0,27,14.410234
0.0,32,14.411692
0.0,2,14.411849
1.0,16,14.41262
0.0,32,14.414097
0.0,17,14.4149
0.0,6,14.415241
1.0,31,14.41665
0.0,4,14.416892
0.0,24,14.418007
1.0,23,14.419082
0.0,1,14.419193
0.0,4,14.419436
0.0,8,14.419853
0.0,2,14.420009
0.0,22,14.42103
1.0,23,14.422105
1.0,32,14.423562
0.0,6,14.423892
1.0,54,14.426314
0.0,25,14.427475
0.0,13,14.428118
0.0,41,14.429959
0.0,12,14.430555
0.0,16,14.431324
0.0,57,14.433872
0.0,18,14.43473
0.0,6,14.43507
0.0,10,14.435575
1.0,29,14.436909
1.0,13,14.437548
0.0,33,14.439047
1.0,45,14.441062
0.0,5,14.441347
0.0,12,14.441933
1.0,22,14.442959
0.0,1,14.443084
0.0,7,14.443457
1.0,14,14.444138
0.0,41,14.445982
1.0,19,14.446887
0.0,15,14.447608
0.0,5,14.447892
0.0,1,14.448004
1.0,11,14.448554
1.0,29,14.449872
0.0,15,14.450602
0.0,12,14.451201
0.0,15,14.451918
0.0,4,14.452176
0.0,3,14.452377
0.0,5,14.452661
1.0,20,14.45361
0.0,8,14.454023
0.0,57,14.456564
0.0,11,14.457124
0.0,25,14.45828
0.0,9,14.458736
1.0,26,14.459936
1.0,9,14.460407
1.0,24,14.461518
0.0,3,14.46172
0.0,6,14.46206
1.0,47,14.464174
0.0,35,14.465754
0.0,35,14.467351
0.0,30,14.46872
0.0,6,14.469061
0.0,25,14.470217
1.0,31,14.471629
0.0,4,14.471874
1.0,18,14.47273
0.0,1,14.472842
0.0,22,14.473877
1.0,9,14.474349
0.0,33,14.475852
0.0,38,14.477567
0.0,7,14.477941
0.0,6,14.478279
0.0,7,14.478655
0.0,1,14.478766
0.0,12,14.47936
0.0,51,14.481639
0.0,5,14.481929
0.0,25,14.483096
0.0,32,14.48455
1.0,10,14.485059
0.0,19,14.485946
0.0,15,14.486672
0.0,4,14.486917
0.0,4,14.48723
0.0,10,14.48774
0.0,44,14.489715
1.0,6,14.490044
1.0,47,14.492163
0.0,24,14.493284
0.0,30,14.494661
1.0,25,14.495817
0.0,4,14.496068
1.0,20,14.496999
0.0,57,14.499543
0.0,6,14.499875
0.0,1,14.499987
0.0,15,14.500712
0.0,1,14.500824
1.0,33,14.502341
1.0,22,14.503375
0.0,17,14.504183
0.0,17,14.504985
0.0,10,14.505493
0.0,62,14.508254
0.0,51,14.510532
1.0,31,14.511955
1.0,8,14.512383
0.0,41,14.514237
0.0,4,14.514482
0.0,1,14.514591
1.0,20,14.515538
0.0,18,14.516399
1.0,12,14.516989
0.0,2,14.517154
0.0,22,14.518185
0.0,29,14.519515
1.0,41,14.521362
0.0,19,14.522258
0.0,6,14.522594
1.0,9,14.523064
0.0,4,14.523308
0.0,37,14.524978
0.0,17,14.525795
0.0,8,14.526222
0.0,2,14.526377
0.0,8,14.526791
0.0,6,14.527129
1.0,48,14.529281
0.0,12,14.529871
1.0,19,14.530769
0.0,5,14.531066
0.0,31,14.532485
0.0,78,14.535933
0.0,21,14.536918
1.0,37,14.538604
0.0,9,14.539073
0.0,13,14.539706
0.0,21,14.540693
0.0,7,14.541074
0.0,20,14.542003
0.0,52,14.544353
1.0,54,14.54677
0.0,11,14.547328
0.0,1,14.54744
1.0,6,14.547772
0.0,19,14.548673
1.0,11,14.549229
1.0,10,14.549732
1.0,44,14.551721
0.0,5,14.55201
0.0,48,14.554186
0.0,39,14.555957
0.0,25,14.557133
0.0,18,14.557983
0.0,3,14.558192
0.0,1,14.558303
0.0,2,14.558458
0.0,48,14.560618
0.0,9,14.561088
0.0,19,14.561973
0.0,7,14.562356
0.0,31,14.563792
0.0,2,14.563952
0.0,29,14.56529
1.0,41,14.567144
0.0,1,14.567255
0.0,2,14.567413
1.0,20,14.568354
0.0,15,14.569078
1.0,31,14.570492
0.0,1,14.570605
0.0,4,14.570848
0.0,13,14.571495
0.0,42,14.573405
0.0,11,14.57395
1.0,12,14.574556
1.0,21,14.575544
0.0,8,14.575962
0.0,2,14.576132
0.0,19,14.57702
1.0,21,14.578001
0.0,22,14.57903
0.0,27,14.580285
1.0,37,14.581965
1.0,28,14.583274
0.0,30,14.584652
0.0,20,14.585603
1.0,16,14.586377
1.0,8,14.586793
1.0,22,14.587822
1.0,17,14.58864
0.0,5,14.588928
0.0,18,14.589783
1.0,27,14.591033
0.0,2,14.5912
1.0,20,14.59214
0.0,7,14.592574
1.0,23,14.593652
0.0,25,14.594811
0.0,25,14.595974
1.0,25,14.597151
0.0,19,14.598046
0.0,7,14.598429
0.0,11,14.598973
0.0,17,14.599789
1.0,24,14.600909
0.0,7,14.601291
1.0,38,14.60301
0.0,6,14.603358
0.0,13,14.603991
1.0,11,14.604548
0.0,5,14.604835
1.0,17,14.605648
0.0,22,14.606678
0.0,21,14.607675
0.0,19,14.60858
1.0,48,14.610737
0.0,8,14.611166
0.0,8,14.611582
0.0,1,14.611692
1.0,17,14.612511
1.0,21,14.613506
1.0,20,14.614446
1.0,40,14.616262
0.0,3,14.616464
0.0,53,14.618843
0.0,13,14.619486
0.0,15,14.620219
0.0,1,14.620331
0.0,12,14.620918
0.0,23,14.621993
1.0,21,14.622977
0.0,1,14.623102
0.0,3,14.623304
1.0,29,14.624637
1.0,8,14.625063
0.0,19,14.625951
1.0,7,14.626337
0.0,12,14.626927
0.0,1,14.62704
1.0,12,14.627637
0.0,13,14.62828
0.0,5,14.628568
1.0,28,14.629862
0.0,4,14.630115
0.0,1,14.630226
0.0,1,14.630338
0.0,17,14.63115
1.0,33,14.632654
0.0,5,14.632942
1.0,10,14.633464
0.0,42,14.635363
0.0,12,14.635952
0.0,21,14.636945
1.0,17,14.637764
1.0,11,14.638317
0.0,27,14.639563
0.0,2,14.639721
0.0,9,14.640194
0.0,27,14.641441
0.0,24,14.642558
0.0,16,14.643339
0.0,29,14.644675
0.0,6,14.645005
0.0,1,14.645127
0.0,5,14.645415
0.0,3,14.645615
0.0,60,14.648293
0.0,26,14.649501
0.0,5,14.649787
0.0,10,14.650302
0.0,6,14.650634
1.0,49,14.652839
0.0,15,14.653574
1.0,48,14.655735
1.0,17,14.656548
0.0,2,14.656703
0.0,1,14.656815
0.0,12,14.657415
0.0,2,14.657573
0.0,1,14.657682
0.0,1,14.657791
0.0,10,14.658305
0.0,48,14.660474
0.0,5,14.66076
0.0,5,14.661045
0.0,57,14.663605
0.0,50,14.665859
0.0,5,14.666155
0.0,1,14.666266
1.0,20,14.667219
0.0,25,14.668378
0.0,43,14.670328
0.0,10,14.670832
0.0,7,14.671217
0.0,7,14.671592
0.0,4,14.671833
0.0,1,14.671944
1.0,19,14.672841
1.0,15,14.673573
1.0,19,14.674472
0.0,86,14.678277
0.0,43,14.680224
0.0,6,14.680553
0.0,5,14.680839
0.0,1,14.680949
0.0,13,14.681591
1.0,47,14.68371
0.0,15,14.684446
0.0,25,14.685616
0.0,21,14.686606
0.0,27,14.68788
0.0,6,14.688222
0.0,9,14.68868
0.0,19,14.689579
1.0,18,14.690442
0.0,22,14.691465
0.0,8,14.691885
0.0,29,14.693227
0.0,37,14.694969
0.0,29,14.696317
1.0,25,14.697479
0.0,3,14.69768
0.0,2,14.697836
1.0,18,14.698689
1.0,76,14.70206
0.0,17,14.702865
0.0,5,14.703168
0.0,7,14.703545
0.0,5,14.703831
1.0,29,14.705175
1.0,13,14.705808
0.0,27,14.707042
0.0,18,14.707894
1.0,29,14.709229
0.0,26,14.710431
1.0,19,14.711329
0.0,35,14.712914
0.0,9,14.713393
0.0,2,14.713552
0.0,68,14.71658
1.0,35,14.718173
0.0,9,14.718628
0.0,32,14.7201
0.0,2,14.720258
0.0,16,14.721021
1.0,33,14.722529
0.0,17,14.723353
0.0,12,14.723942
0.0,4,14.724198
0.0,8,14.724612
0.0,7,14.724982
0.0,8,14.725409
0.0,8,14.725822
1.0,55,14.728286
0.0,36,14.729903
0.0,40,14.731714
0.0,11,14.732273
0.0,7,14.732647
1.0,7,14.733019
1.0,35,14.734621
0.0,24,14.735737
0.0,4,14.735984
1.0,22,14.737011
0.0,12,14.73761
1.0,20,14.738558
1.0,14,14.73924
0.0,11,14.739784
1.0,26,14.740983
0.0,15,14.741709
0.0,8,14.742138
0.0,59,14.744771
0.0,4,14.745018
0.0,38,14.746737
0.0,8,14.747167
1.0,20,14.748111
0.0,10,14.748612
0.0,2,14.74877
1.0,32,14.750236
0.0,7,14.750612
0.0,6,14.750939
0.0,7,14.751324
0.0,10,14.751826
0.0,7,14.752211
0.0,1,14.752322
1.0,27,14.753573
1.0,19,14.754477
1.0,41,14.756325
0.0,23,14.757396
0.0,4,14.757639
0.0,20,14.758582
1.0,64,14.761434
1.0,31,14.762851
0.0,1,14.762964
0.0,5,14.763267
0.0,2,14.763438
1.0,46,14.765512
0.0,8,14.765928
1.0,17,14.766733
0.0,4,14.766979
0.0,20,14.767922
0.0,9,14.768394
0.0,22,14.769424
1.0,20,14.770367
0.0,2,14.770522
1.0,36,14.772154
0.0,29,14.773487
0.0,14,14.774178
1.0,28,14.775458
0.0,12,14.776041
1.0,19,14.776935
1.0,22,14.777951
0.0,16,14.778719
0.0,11,14.77928
0.0,7,14.779655
1.0,13,14.780292
0.0,15,14.781005
0.0,4,14.781257
1.0,29,14.782585
1.0,49,14.784781
0.0,6,14.785124
1.0,21,14.786101
0.0,2,14.786257
0.0,6,14.786587
1.0,34,14.788137
0.0,5,14.788426
0.0,61,14.791145
0.0,4,14.791388
1.0,14,14.792072
0.0,30,14.793456
1.0,32,14.794909
0.0,8,14.795334
0.0,18,14.796193
0.0,1,14.79636
0.0,12,14.796958
1.0,16,14.797729
1.0,31,14.799155
1.0,16,14.799914
0.0,7,14.8003
0.0,6,14.80063
0.0,16,14.801404
1.0,34,14.802949
0.0,6,14.803294
0.0,2,14.803454
0.0,6,14.80378
0.0,34,14.805338
1.0,13,14.805968
0.0,2,14.806132
1.0,11,14.806674
0.0,1,14.806785
0.0,35,14.808374
0.0,21,14.809362
0.0,35,14.810943
0.0,39,14.812705
0.0,16,14.813478
0.0,17,14.814288
0.0,68,14.817311
0.0,1,14.817425
0.0,22,14.818451
0.0,39,14.820222
1.0,25,14.821382
1.0,11,14.821926
1.0,12,14.822524
0.0,19,14.823431
1.0,36,14.825071
0.0,10,14.825575
0.0,10,14.826086
0.0,1,14.826198
1.0,13,14.826825
0.0,1,14.826936
1.0,11,14.827492
0.0,17,14.828303
0.0,24,14.829418
1.0,33,14.830925
1.0,21,14.831912
0.0,27,14.833179
1.0,54,14.83559
0.0,7,14.835965
0.0,12,14.836566
0.0,5,14.836854
1.0,12,14.837451
0.0,2,14.837608
1.0,24,14.838725
0.0,1,14.838835
0.0,33,14.84035
0.0,16,14.841119
0.0,1,14.841232
0.0,7,14.841607
1.0,13,14.842253
0.0,10,14.842758
0.0,36,14.844402
0.0,8,14.84482
0.0,2,14.844975
0.0,1,14.845097
0.0,3,14.845296
0.0,4,14.845539
0.0,64,14.848391
0.0,1,14.848505
0.0,11,14.849045
0.0,17,14.849855
0.0,2,14.850013
1.0,10,14.850527
1.0,30,14.851896
0.0,16,14.852667
0.0,21,14.853661
0.0,51,14.85596
0.0,4,14.856212
0.0,28,14.857503
0.0,17,14.858324
1.0,11,14.858869
0.0,29,14.86021
0.0,9,14.860669
0.0,33,14.862175
0.0,51,14.864471
0.0,5,14.864758
1.0,50,14.866992
0.0,18,14.867846
0.0,14,14.868525
0.0,3,14.868727
1.0,36,14.870366
1.0,9,14.870826
0.0,1,14.870935
0.0,53,14.873315
1.0,24,14.874431
0.0,31,14.875845
0.0,7,14.876233
0.0,19,14.877134
1.0,27,14.878375
0.0,17,14.879188
0.0,3,14.879387
1.0,50,14.881616
0.0,17,14.882432
0.0,1,14.882544
0.0,22,14.883585
0.0,36,14.885233
0.0,20,14.886182
0.0,11,14.886725
0.0,2,14.886883
0.0,17,14.887691
0.0,31,14.889117
0.0,73,14.892352
1.0,40,14.894178
0.0,5,14.894468
0.0,9,14.894927
0.0,10,14.895438
1.0,28,14.89672
0.0,6,14.897121
0.0,2,14.89728
0.0,13,14.897908
0.0,34,14.89946
0.0,3,14.899661
1.0,26,14.900863
0.0,29,14.902199
0.0,16,14.902963
0.0,11,14.903524
1.0,52,14.905843
0.0,6,14.906184
1.0,9,14.906641
1.0,11,14.907196
0.0,4,14.907442
0.0,64,14.910286
1.0,36,14.911916
0.0,12,14.912512
1.0,13,14.913155
1.0,15,14.913872
0.0,25,14.915039
0.0,11,14.915597
0.0,8,14.91601
0.0,1,14.916129
0.0,9,14.916589
1.0,16,14.917362
0.0,17,14.918181
1.0,24,14.919297
0.0,5,14.919584
0.0,91,14.923603
0.0,1,14.923715
0.0,16,14.924484
0.0,6,14.924816
0.0,25,14.925977
0.0,2,14.926144
0.0,24,14.927262
1.0,44,14.929255
0.0,42,14.931149
1.0,20,14.932093
0.0,43,14.934032
0.0,10,14.934541
0.0,16,14.935308
0.0,7,14.935685
0.0,9,14.936157
0.0,5,14.936444
0.0,11,14.936988
1.0,53,14.939358
0.0,1,14.939471
1.0,18,14.940331
0.0,7,14.9407
1.0,31,14.942125
0.0,32,14.943587
0.0,56,14.946098
0.0,6,14.946427
1.0,32,14.947877
0.0,56,14.950382
0.0,37,14.952057
0.0,12,14.952647
1.0,17,14.953467
0.0,7,14.953838
0.0,3,14.95404
0.0,7,14.954423
0.0,42,14.956337
0.0,8,14.956758
0.0,27,14.958019
1.0,21,14.958998
1.0,8,14.959422
0.0,2,14.95958
0.0,37,14.961265
0.0,3,14.961465
1.0,12,14.962059
0.0,46,14.964135
0.0,20,14.965081
0.0,19,14.96597
0.0,16,14.966738
1.0,14,14.967421
0.0,27,14.968662
0.0,9,14.969133
1.0,31,14.970554
0.0,2,14.970711
1.0,27,14.971954
0.0,4,14.972209
0.0,33,14.973706
0.0,12,14.974316
0.0,19,14.975214
0.0,11,14.975756
0.0,18,14.97661
0.0,8,14.977029
0.0,11,14.977581
0.0,10,14.978094
0.0,26,14.979294
0.0,22,14.980322
0.0,2,14.980479
0.0,6,14.980804
1.0,53,14.983188
0.0,12,14.983779
0.0,11,14.984332
0.0,8,14.984751
1.0,22,14.985783
0.0,9,14.986254
1.0,20,14.987199
0.0,5,14.987486
0.0,22,14.988509
0.0,22,14.989537
1.0,67,14.992505
0.0,2,14.992663
0.0,5,14.992949
0.0,22,14.993979
0.0,14,14.994665
0.0,8,14.99509
0.0,3,14.995291
0.0,43,14.997224
0.0,1,14.997338
0.0,8,14.99775
0.0,53,15.000188
1.0,42,15.002079
0.0,40,15.003888
1.0,46,15.005955
0.0,45,15.00798
1.0,10,15.008494
0.0,7,15.008866
0.0,24,15.009984
1.0,57,15.012532
0.0,9,15.012991
0.0,17,15.013812
1.0,21,15.014791
0.0,5,15.01509
1.0,13,15.01572
0.0,3,15.015919
1.0,34,15.017473
0.0,5,15.017758
0.0,11,15.018316
1.0,24,15.019431
0.0,1,15.019543
0.0,17,15.020354
1.0,13,15.020986
0.0,13,15.021631
0.0,45,15.023669
0.0,32,15.02514
0.0,21,15.026127
0.0,23,15.027198
0.0,3,15.0274
0.0,1,15.027514
0.0,11,15.028068
0.0,3,15.02827
1.0,34,15.029806
1.0,9,15.030277
0.0,27,15.031521
0.0,62,15.034287
0.0,1,15.0344
0.0,13,15.035028
0.0,17,15.035839
0.0,12,15.036438
0.0,8,15.036853
0.0,11,15.037409
1.0,31,15.038821
1.0,35,15.040427
0.0,24,15.041542
0.0,35,15.043139
0.0,7,15.043513
0.0,10,15.044013
0.0,10,15.044524
0.0,15,15.045251
0.0,22,15.046278
1.0,16,15.047039
0.0,14,15.047714
0.0,23,15.04879
0.0,29,15.050135
0.0,4,15.050379
0.0,51,15.052654
1.0,9,15.053134
0.0,1,15.053246
0.0,5,15.053529
0.0,7,15.053908
0.0,9,15.054377
0.0,6,15.05471
1.0,27,15.055956
1.0,9,15.056425
1.0,46,15.05849
1.0,18,15.059352
1.0,27,15.060589
0.0,1,15.060699
0.0,6,15.061028
1.0,30,15.0624
0.0,12,15.062989
0.0,1,15.063113
1.0,51,15.065392
0.0,45,15.067428
0.0,10,15.06793
0.0,8,15.068358
0.0,33,15.06986
0.0,65,15.072748
1.0,13,15.073392
0.0,9,15.073849
0.0,16,15.074613
0.0,9,15.075083
0.0,5,15.075371
1.0,13,15.076
1.0,21,15.07698
0.0,28,15.078283
0.0,1,15.078395
0.0,1,15.078504
0.0,11,15.079058
0.0,15,15.079774
1.0,16,15.080545
0.0,58,15.083145
0.0,10,15.083647
0.0,7,15.084016
0.0,24,15.085137
0.0,20,15.086078
0.0,8,15.086497
0.0,16,15.087266
0.0,100,15.091672
0.0,4,15.091917
0.0,4,15.09217
0.0,29,15.093499
0.0,1,15.093613
0.0,9,15.094077
0.0,18,15.094922
0.0,13,15.095568
0.0,2,15.095726
1.0,42,15.097618
0.0,14,15.098303
0.0,9,15.098761
0.0,47,15.100869
0.0,17,15.101683
0.0,10,15.102195
0.0,8,15.10267
0.0,25,15.10383
0.0,9,15.104301
0.0,8,15.104721
0.0,8,15.105149
0.0,8,15.105567
0.0,39,15.107332
0.0,25,15.108483
0.0,4,15.108725
0.0,40,15.110536
0.0,68,15.113559
1.0,25,15.114727
0.0,6,15.115063
1.0,19,15.115957
0.0,4,15.116211
0.0,22,15.117237
1.0,14,15.117908
0.0,66,15.120853
0.0,14,15.121538
0.0,26,15.122738
0.0,27,15.123991
1.0,12,15.124588
1.0,46,15.126655
0.0,4,15.126897
0.0,12,15.127494
1.0,26,15.128693
0.0,3,15.128894
0.0,12,15.129491
0.0,9,15.129949
0.0,31,15.131373
0.0,2,15.131533
1.0,33,15.133036
1.0,39,15.134801
0.0,16,15.13557
0.0,5,15.135858
0.0,27,15.137109
0.0,5,15.137395
1.0,46,15.139459
0.0,1,15.13957
0.0,1,15.139682
0.0,4,15.139926
0.0,32,15.141397
1.0,31,15.142819
0.0,4,15.143075
0.0,17,15.143885
1.0,19,15.144787
1.0,10,15.145299
0.0,34,15.146847
0.0,16,15.147622
0.0,22,15.148652
0.0,5,15.148937
0.0,24,15.150047
1.0,16,15.150812
1.0,15,15.151542
0.0,49,15.153751
0.0,4,15.153996
1.0,46,15.156074
0.0,6,15.156402
0.0,10,15.156898
0.0,55,15.159374
1.0,25,15.160532
0.0,1,15.160642
0.0,8,15.161067
0.0,12,15.161653
0.0,1,15.161765
1.0,72,15.164964
0.0,7,15.16535
1.0,47,15.167467
0.0,8,15.167884
0.0,10,15.168396
0.0,34,15.169943
0.0,17,15.170755
0.0,14,15.17144
0.0,25,15.1726
0.0,13,15.173244
0.0,8,15.173659
0.0,7,15.174027
0.0,33,15.175529
0.0,1,15.175642
0.0,7,15.176011
0.0,9,15.176479
0.0,9,15.176938
0.0,9,15.177405
0.0,34,15.178946
0.0,39,15.180711
1.0,14,15.181399
1.0,13,15.18203
1.0,42,15.183925
0.0,15,15.184651
1.0,41,15.186503
0.0,11,15.187076
0.0,9,15.18754
0.0,1,15.18765
1.0,33,15.189165
0.0,11,15.189708
0.0,18,15.190563
1.0,45,15.192589
0.0,14,15.193275
0.0,11,15.19469
0.0,4,15.194934
0.0,9,15.195402
1.0,12,15.19599
1.0,15,15.196721
0.0,3,15.196923
0.0,6,15.197261
0.0,7,15.197637
0.0,13,15.198275
0.0,12,15.198861
0.0,21,15.199852
0.0,10,15.200368
0.0,37,15.202057
0.0,5,15.202349
0.0,9,15.202874
0.0,21,15.203874
0.0,14,15.204565
1.0,51,15.206853
0.0,7,15.207239
0.0,1,15.207352
0.0,1,15.207463
1.0,35,15.209061
0.0,9,15.209519
1.0,9,15.209979
0.0,4,15.210233
0.0,38,15.211945
0.0,1,15.212068
0.0,6,15.212399
1.0,9,15.212858
0.0,4,15.213119
1.0,44,15.2151
0.0,5,15.215386
0.0,5,15.215675
0.0,19,15.216576
0.0,24,15.217694
0.0,55,15.220164
0.0,6,15.220494
0.0,16,15.221266
0.0,13,15.221896
0.0,3,15.222106
0.0,3,15.222308
0.0,10,15.222808
0.0,13,15.223458
1.0,33,15.224957
0.0,6,15.2253
0.0,17,15.226117
0.0,24,15.227231
0.0,17,15.228037
1.0,8,15.228462
0.0,23,15.22953
0.0,26,15.230733
1.0,19,15.231642
0.0,2,15.231797
0.0,12,15.232396
0.0,2,15.232552
1.0,19,15.233458
0.0,40,15.235272
0.0,4,15.235517
0.0,2,15.235675
0.0,2,15.235831
0.0,27,15.237075
0.0,15,15.237795
1.0,15,15.238522
0.0,26,15.239719
0.0,27,15.240963
0.0,3,15.241176
0.0,5,15.241465
0.0,91,15.245506
1.0,45,15.247539
0.0,8,15.24796
1.0,27,15.249215
0.0,25,15.250377
0.0,2,15.250534
0.0,2,15.250689
0.0,1,15.250798
1.0,27,15.252034
0.0,6,15.252371
1.0,9,15.252825
0.0,5,15.253127
0.0,17,15.253932
0.0,19,15.254831
0.0,2,15.254987
1.0,19,15.255884
0.0,56,15.258392
0.0,13,15.259024
0.0,25,15.260194
0.0,3,15.260393
1.0,15,15.261122
0.0,7,15.261491
1.0,9,15.261952
0.0,90,15.265906
0.0,10,15.26642
1.0,17,15.26723
0.0,5,15.267519
0.0,25,15.26867
1.0,6,15.269002
0.0,12,15.269599
0.0,6,15.269927
0.0,1,15.270039
0.0,7,15.270419
0.0,36,15.272046
0.0,1,15.272169
0.0,20,15.273112
0.0,22,15.274141
0.0,15,15.274858
0.0,44,15.276845
0.0,5,15.277145
1.0,11,15.277692
0.0,5,15.277978
0.0,43,15.279926
0.0,4,15.280184
1.0,22,15.281215
1.0,19,15.282118
0.0,70,15.28524
0.0,11,15.285789
0.0,33,15.287304
0.0,18,15.288158
0.0,1,15.288272
0.0,13,15.288905
0.0,1,15.289017
0.0,9,15.289481
0.0,3,15.289681
0.0,4,15.289925
0.0,7,15.290308
0.0,20,15.291253
1.0,38,15.292963
0.0,4,15.293224
0.0,3,15.293429
0.0,23,15.294505
0.0,3,15.294708
0.0,12,15.295308
0.0,6,15.29564
0.0,8,15.296067
1.0,8,15.296487
0.0,17,15.297305
0.0,31,15.298717
0.0,39,15.300475
1.0,10,15.300977
1.0,29,15.302311
0.0,18,15.303175
0.0,10,15.303741
1.0,13,15.304383
0.0,5,15.304675
0.0,1,15.304785
0.0,12,15.305385
0.0,77,15.308796
0.0,31,15.310227
0.0,13,15.31086
0.0,41,15.312722
1.0,37,15.314411
0.0,1,15.314522
0.0,8,15.314936
0.0,18,15.3158
1.0,10,15.316315
0.0,47,15.318421
0.0,25,15.31958
0.0,8,15.319997
0.0,30,15.321378
0.0,29,15.322709
0.0,18,15.32357
1.0,25,15.324725
0.0,24,15.325835
1.0,62,15.328593
1.0,18,15.329453
1.0,37,15.331138
0.0,24,15.332242
0.0,2,15.332399
0.0,16,15.333178
0.0,3,15.33338
1.0,13,15.33401
0.0,11,15.334566
0.0,12,15.335167
0.0,6,15.335502
1.0,28,15.336787
1.0,15,15.337514
1.0,22,15.338543
0.0,23,15.339623
1.0,19,15.340524
0.0,24,15.341642
1.0,10,15.342155
1.0,8,15.342569
0.0,15,15.343308
1.0,17,15.344127
0.0,8,15.344544
0.0,4,15.344789
0.0,7,15.34517
0.0,1,15.345283
0.0,32,15.346741
0.0,9,15.347213
0.0,16,15.347975
0.0,16,15.348747
1.0,62,15.351521
0.0,2,15.351678
1.0,52,15.354004
0.0,6,15.354344
0.0,6,15.354674
1.0,39,15.356449
0.0,9,15.356907
0.0,2,15.357072
1.0,14,15.357748
0.0,20,15.358697
0.0,17,15.359512
0.0,2,15.35967
0.0,10,15.360186
0.0,4,15.360433
0.0,7,15.360805
0.0,10,15.361318
0.0,2,15.361477
0.0,8,15.361891
0.0,2,15.362056
0.0,47,15.364179
0.0,1,15.364291
0.0,2,15.364445
0.0,9,15.364904
0.0,35,15.366497
1.0,30,15.367869
0.0,8,15.368298
0.0,13,15.36893
1.0,23,15.370003
0.0,28,15.371302
0.0,13,15.37193
0.0,40,15.373741
0.0,25,15.374895
1.0,12,15.375498
0.0,22,15.376527
1.0,25,15.377688
0.0,7,15.37809
0.0,16,15.378851
1.0,33,15.380368
1.0,19,15.381267
1.0,10,15.381767
1.0,39,15.38354
0.0,100,15.387958
1.0,36,15.389602
0.0,11,15.390161
0.0,21,15.39115
0.0,21,15.392143
0.0,24,15.393261
0.0,5,15.393548
0.0,3,15.393747
0.0,15,15.394475
0.0,19,15.395382
0.0,10,15.395883
0.0,39,15.397651
1.0,7,15.398023
0.0,27,15.399277
0.0,16,15.400057
0.0,20,15.400988
0.0,2,15.401155
0.0,1,15.401268
0.0,9,15.401722
0.0,9,15.402189
0.0,20,15.403149
1.0,10,15.403655
0.0,5,15.403939
0.0,1,15.404056
0.0,6,15.404448
0.0,12,15.40504
0.0,8,15.405468
0.0,25,15.406624
0.0,4,15.40687
0.0,19,15.407772
0.0,7,15.408161
0.0,1,15.408273
0.0,60,15.410956
0.0,32,15.412427
0.0,46,15.414503
0.0,21,15.415486
0.0,10,15.415987
0.0,21,15.41697
0.0,34,15.418522
0.0,1,15.418635
0.0,4,15.41888
0.0,4,15.419136
1.0,36,15.420778
0.0,21,15.421762
0.0,6,15.422102
0.0,30,15.423479
0.0,19,15.424382
0.0,1,15.424496
1.0,28,15.425779
1.0,21,15.426766
0.0,15,15.427495
0.0,30,15.428873
0.0,1,15.428985
1.0,23,15.430071
0.0,14,15.430752
1.0,41,15.432611
0.0,1,15.432724
0.0,2,15.432881
0.0,4,15.433139
1.0,9,15.433599
0.0,4,15.433842
0.0,1,15.433952
1.0,14,15.434639
1.0,67,15.437624
0.0,3,15.437824
0.0,17,15.438639
0.0,21,15.439626
0.0,9,15.440095
0.0,16,15.44085
0.0,24,15.441957
1.0,21,15.44294
1.0,34,15.444502
1.0,46,15.446577
0.0,3,15.446776
1.0,14,15.447466
0.0,17,15.448286
0.0,20,15.449229
0.0,11,15.449775
0.0,4,15.450019
1.0,12,15.450612
0.0,1,15.450723
0.0,17,15.451535
0.0,5,15.45182
0.0,8,15.452247
0.0,8,15.452667
1.0,18,15.453531
0.0,4,15.453776
0.0,15,15.454507
0.0,19,15.45541
0.0,1,15.455522
0.0,16,15.456291
0.0,13,15.45692
0.0,39,15.458693
1.0,45,15.460725
1.0,7,15.461106
1.0,14,15.461773
0.0,36,15.463415
0.0,37,15.465116
0.0,1,15.465237
0.0,21,15.466224
1.0,35,15.467816
0.0,16,15.468593
0.0,3,15.468796
0.0,4,15.469037
0.0,8,15.469463
0.0,18,15.470321
0.0,19,15.471231
0.0,28,15.472524
0.0,27,15.47378
0.0,6,15.474123
0.0,9,15.474581
0.0,3,15.474782
1.0,9,15.47525
0.0,16,15.476011
1.0,8,15.476439
0.0,40,15.478253
0.0,25,15.479414
0.0,19,15.480318
0.0,28,15.481608
0.0,19,15.482513
0.0,15,15.483249
0.0,11,15.483796
0.0,8,15.484222
0.0,14,15.484894
0.0,54,15.487314
0.0,23,15.488385
1.0,30,15.489762
0.0,24,15.490877
0.0,11,15.491434
0.0,15,15.492163
0.0,32,15.493629
0.0,4,15.493874
0.0,3,15.494082
0.0,18,15.494925
1.0,18,15.495784
1.0,14,15.496473
0.0,23,15.497551
0.0,27,15.498797
0.0,22,15.499825
1.0,11,15.500385
0.0,9,15.500849
1.0,38,15.502573
0.0,3,15.502773
0.0,49,15.504986
0.0,4,15.505301
0.0,18,15.506166
0.0,29,15.5075
0.0,9,15.507964
0.0,6,15.508308
0.0,9,15.508771
0.0,48,15.510933
0.0,1,15.511045
1.0,16,15.511817
0.0,12,15.512419
0.0,4,15.512666
0.0,17,15.513492
1.0,27,15.514743
0.0,11,15.515303
0.0,31,15.516725
1.0,39,15.518505
1.0,27,15.519758
0.0,4,15.52
0.0,7,15.520383
0.0,51,15.52268
0.0,5,15.522969
0.0,4,15.523227
0.0,3,15.523429
1.0,23,15.52451
0.0,13,15.525154
0.0,2,15.52531
0.0,3,15.525507
0.0,1,15.525619
1.0,28,15.526904
0.0,4,15.52716
0.0,2,15.527318
0.0,14,15.527988
0.0,19,15.528889
0.0,100,15.533318
1.0,20,15.534265
0.0,17,15.535076
1.0,19,15.535968
0.0,26,15.53718
1.0,12,15.537769
0.0,2,15.537924
0.0,3,15.538132
0.0,43,15.540084
0.0,5,15.540374
0.0,8,15.540792
0.0,7,15.541176
0.0,13,15.541808
0.0,8,15.542234
1.0,26,15.543446
1.0,36,15.545079
0.0,10,15.545583
0.0,53,15.547941
0.0,14,15.548632
0.0,32,15.550095
0.0,37,15.551764
0.0,1,15.551878
0.0,8,15.552304
0.0,21,15.553299
1.0,13,15.553932
0.0,44,15.555914
1.0,16,15.556686
1.0,14,15.557383
0.0,7,15.557755
1.0,23,15.558829
0.0,12,15.559433
0.0,1,15.559547
0.0,28,15.560836
1.0,19,15.561749
1.0,52,15.564096
0.0,1,15.564208
0.0,8,15.564624
0.0,31,15.566055
0.0,10,15.56656
1.0,7,15.566934
0.0,4,15.567186
1.0,21,15.568176
0.0,6,15.568507
0.0,1,15.568619
0.0,33,15.570127
1.0,38,15.571846
0.0,35,15.573443
0.0,43,15.575387
1.0,23,15.576463
0.0,1,15.576576
0.0,27,15.577818
0.0,19,15.57874
0.0,6,15.579083
0.0,5,15.579372
1.0,23,15.580443
0.0,8,15.580859
1.0,15,15.581583
0.0,25,15.582743
0.0,74,15.586033
0.0,13,15.586677
0.0,3,15.586876
0.0,28,15.588168
0.0,13,15.5888
0.0,9,15.589271
0.0,27,15.590518
0.0,62,15.593297
0.0,9,15.593755
0.0,4,15.593998
0.0,3,15.594208
0.0,1,15.594321
0.0,5,15.594606
0.0,19,15.595505
0.0,12,15.596106
0.0,1,15.596217
0.0,26,15.59742
0.0,2,15.597577
1.0,37,15.599264
0.0,2,15.599424
0.0,1,15.599534
0.0,10,15.600038
0.0,10,15.60055
0.0,12,15.601149
0.0,36,15.602771
1.0,17,15.603594
1.0,17,15.604417
0.0,1,15.60453
1.0,21,15.605515
0.0,11,15.606132
1.0,22,15.60717
1.0,23,15.608251
1.0,21,15.609241
0.0,9,15.609696
0.0,11,15.610256
0.0,5,15.610545
0.0,15,15.611276
0.0,7,15.611651
0.0,3,15.611849
0.0,2,15.612005
0.0,38,15.613732
0.0,2,15.613888
1.0,12,15.614488
1.0,10,15.614989
0.0,19,15.615888
0.0,8,15.616318
0.0,25,15.617475
0.0,4,15.617722
1.0,36,15.619356
1.0,27,15.620606
0.0,3,15.620806
0.0,2,15.620962
1.0,15,15.621691
0.0,6,15.622021
0.0,22,15.623042
1.0,29,15.624386
1.0,54,15.626802
0.0,1,15.626913
1.0,14,15.627596
0.0,2,15.627753
0.0,12,15.628353
1.0,18,15.62921
0.0,5,15.629498
0.0,51,15.631779
1.0,17,15.632593
0.0,52,15.634923
0.0,20,15.635865
1.0,13,15.636506
0.0,5,15.636792
0.0,23,15.637868
0.0,2,15.638027
1.0,33,15.639548
0.0,100,15.643969
0.0,17,15.644788
0.0,22,15.645819
0.0,8,15.646248
1.0,10,15.646747
0.0,7,15.647127
1.0,9,15.647587
0.0,14,15.648265
0.0,10,15.64877
0.0,30,15.650154
0.0,19,15.651043
0.0,6,15.651383
0.0,2,15.651538
0.0,5,15.651826
1.0,28,15.653131
0.0,8,15.653546
0.0,14,15.654232
1.0,19,15.655134
0.0,12,15.65572
0.0,53,15.658106
0.0,20,15.659039
0.0,9,15.659507
0.0,8,15.659922
1.0,85,15.663686
0.0,3,15.663888
1.0,13,15.664537
0.0,81,15.668118
0.0,28,15.669404
0.0,10,15.669908
0.0,31,15.671334
0.0,80,15.674874
0.0,20,15.675818
0.0,13,15.676463
0.0,46,15.67854
0.0,15,15.67927
1.0,42,15.681168
1.0,17,15.681972
1.0,7,15.682355
0.0,13,15.682985
0.0,2,15.683158
0.0,25,15.68432
0.0,26,15.685532
0.0,12,15.686132
0.0,2,15.68629
1.0,57,15.688831
1.0,10,15.689344
0.0,9,15.689799
0.0,9,15.69027
1.0,38,15.691993
0.0,13,15.692631
0.0,39,15.694409
0.0,2,15.694567
1.0,19,15.695463
1.0,12,15.696058
0.0,17,15.696861
0.0,24,15.697968
0.0,10,15.698478
0.0,24,15.699597
0.0,41,15.70146
1.0,16,15.70223
0.0,33,15.703732
0.0,24,15.704845
0.0,3,15.705046
1.0,37,15.706728
1.0,29,15.708059
1.0,8,15.708473
1.0,12,15.709067
0.0,26,15.710267
0.0,30,15.711644
0.0,15,15.712377
0.0,15,15.713112
0.0,5,15.7134
0.0,12,15.713983
0.0,3,15.71419
0.0,43,15.716135
1.0,12,15.716789
1.0,72,15.719984
0.0,27,15.721244
0.0,30,15.72262
0.0,6,15.722951
1.0,17,15.72378
0.0,41,15.725643
0.0,9,15.726114
0.0,11,15.726661
0.0,3,15.726862
1.0,11,15.727419
0.0,3,15.727618
1.0,67,15.730608
1.0,24,15.73172
0.0,49,15.73393
1.0,13,15.734573
0.0,10,15.735085
0.0,25,15.736247
0.0,50,15.738484
0.0,5,15.73877
0.0,6,15.73911
0.0,92,15.743175
0.0,23,15.744249
0.0,42,15.746144
0.0,1,15.746258
0.0,17,15.747067
0.0,21,15.74804
0.0,53,15.750422
0.0,9,15.750882
1.0,32,15.752349
0.0,11,15.752898
0.0,26,15.754114
0.0,19,15.755
0.0,17,15.755808
0.0,27,15.757059
0.0,27,15.758307
0.0,4,15.758552
1.0,16,15.759324
0.0,5,15.75961
0.0,18,15.760473
0.0,6,15.760802
0.0,4,15.761043
0.0,4,15.761296
0.0,38,15.763015
0.0,26,15.764232
1.0,35,15.765825
0.0,4,15.76608
1.0,9,15.766542
0.0,4,15.766784
0.0,4,15.767028
1.0,17,15.767844
0.0,5,15.76814
1.0,11,15.768686
0.0,14,15.769375
0.0,13,15.770008
1.0,11,15.770559
0.0,25,15.771719
0.0,22,15.772745
1.0,12,15.773354
1.0,9,15.773813
0.0,1,15.773924
0.0,47,15.776039
0.0,14,15.776723
0.0,78,15.780193
0.0,6,15.780528
0.0,27,15.781769
0.0,23,15.782841
1.0,17,15.783663
0.0,22,15.784696
1.0,92,15.788751
0.0,12,15.789354
0.0,3,15.789555
1.0,44,15.791542
0.0,1,15.791654
0.0,43,15.793596
0.0,4,15.793842
0.0,25,15.794997
1.0,18,15.795849
0.0,33,15.797357
0.0,11,15.797911
0.0,29,15.79926
1.0,15,15.799977
0.0,21,15.800958
0.0,33,15.802472
0.0,16,15.80325
0.0,14,15.803928
0.0,3,15.804138
1.0,11,15.804681
0.0,6,15.80501
0.0,10,15.80552
0.0,15,15.806253
0.0,15,15.806975
0.0,41,15.808831
0.0,34,15.810397
0.0,1,15.81051
0.0,11,15.811065
0.0,86,15.81488
1.0,11,15.815437
0.0,5,15.815728
0.0,16,15.8165
0.0,32,15.817959
0.0,8,15.818389
0.0,24,15.819509
0.0,21,15.820497
0.0,10,15.821003
1.0,30,15.822391
1.0,15,15.823122
0.0,9,15.823577
0.0,4,15.823818
0.0,28,15.825119
0.0,1,15.82523
0.0,13,15.825861
1.0,18,15.826715
0.0,4,15.826957
0.0,10,15.827468
0.0,14,15.82822
0.0,5,15.82851
0.0,1,15.82862
0.0,22,15.82965
1.0,22,15.830679
1.0,62,15.833445
1.0,44,15.835422
1.0,27,15.836663
0.0,16,15.837434
0.0,33,15.838938
0.0,14,15.839624
1.0,47,15.84174
0.0,8,15.842164
0.0,6,15.842492
0.0,2,15.842648
0.0,4,15.842892
1.0,19,15.843795
1.0,19,15.844691
1.0,35,15.846287
0.0,14,15.846963
0.0,6,15.847304
0.0,16,15.848071
1.0,33,15.849576
0.0,4,15.849817
0.0,30,15.851197
0.0,2,15.851356
0.0,10,15.851856
1.0,10,15.85237
1.0,30,15.853748
0.0,18,15.85461
0.0,2,15.854766
0.0,3,15.854967
0.0,28,15.856269
0.0,18,15.857128
0.0,26,15.858329
0.0,22,15.859358
0.0,3,15.859557
0.0,1,15.859668
0.0,12,15.860268
0.0,6,15.860596
0.0,25,15.861749
0.0,12,15.86235
0.0,13,15.862982
0.0,2,15.863153
0.0,16,15.863912
0.0,19,15.864814
0.0,63,15.867605
0.0,15,15.868331
0.0,19,15.869227
0.0,3,15.869428
0.0,74,15.872711
0.0,5,15.873
1.0,19,15.873899
0.0,24,15.875019
0.0,2,15.875183
1.0,53,15.877549
1.0,15,15.878278
1.0,35,15.879856
0.0,11,15.880414
1.0,12,15.881003
0.0,1,15.881124
0.0,33,15.882623
1.0,47,15.884733
0.0,3,15.884935
0.0,48,15.887108
0.0,1,15.88722
0.0,2,15.887377
0.0,8,15.887793
0.0,6,15.888136
1.0,12,15.888729
1.0,46,15.890802
0.0,20,15.891745
0.0,11,15.892304
0.0,34,15.893866
0.0,23,15.894938
0.0,15,15.895665
0.0,14,15.896353
0.0,11,15.896896
1.0,24,15.898005
0.0,3,15.898215
0.0,19,15.899115
0.0,27,15.900361
1.0,14,15.901031
0.0,30,15.902419
0.0,12,15.903008
0.0,1,15.903133
0.0,19,15.904027
0.0,11,15.904585
1.0,19,15.905484
0.0,1,15.905596
0.0,1,15.905705
0.0,42,15.907612
0.0,13,15.908257
0.0,3,15.908459
0.0,28,15.909742
0.0,3,15.909941
0.0,7,15.910324
0.0,11,15.910871
0.0,10,15.911383
0.0,41,15.913259
0.0,6,15.913591
0.0,1,15.913702
0.0,4,15.913947
1.0,63,15.916766
0.0,100,15.921213
1.0,19,15.922113
0.0,32,15.923578
1.0,22,15.92461
0.0,31,15.92603
0.0,100,15.930465
0.0,6,15.930797
0.0,8,15.931287
0.0,68,15.934337
1.0,6,15.934671
0.0,1,15.934781
0.0,13,15.935427
0.0,15,15.936161
1.0,38,15.937874
1.0,12,15.93847
0.0,1,15.938582
0.0,7,15.938955
1.0,28,15.940258
0.0,14,15.940935
1.0,14,15.941615
0.0,27,15.942858
0.0,16,15.943633
1.0,54,15.946064
1.0,12,15.946651
1.0,12,15.947248
0.0,24,15.94836
0.0,6,15.948692
0.0,4,15.948936
0.0,47,15.951041
0.0,94,15.955222
0.0,1,15.955335
0.0,9,15.955795
0.0,11,15.956349
0.0,23,15.957424
0.0,1,15.957536
0.0,7,15.957911
0.0,44,15.959882
0.0,4,15.960142
0.0,19,15.961028
0.0,16,15.9618
0.0,10,15.962311
0.0,4,15.962554
0.0,8,15.962966
0.0,12,15.963569
0.0,6,15.9639
1.0,28,15.965198
0.0,32,15.966658
0.0,13,15.967306
0.0,3,15.967508
0.0,5,15.967796
0.0,3,15.967993
0.0,38,15.969711
0.0,20,15.970662
0.0,8,15.971087
1.0,16,15.971848
1.0,21,15.972833
1.0,17,15.97365
1.0,18,15.974511
0.0,1,15.974622
1.0,27,15.975862
0.0,4,15.976115
0.0,2,15.97627
1.0,14,15.976941
0.0,5,15.977242
0.0,19,15.978144
0.0,31,15.979549
1.0,9,15.980005
0.0,3,15.980211
0.0,16,15.980974
1.0,40,15.982793
0.0,2,15.982948
1.0,9,15.983426
0.0,29,15.984756
1.0,27,15.985998
1.0,37,15.987679
0.0,41,15.989531
0.0,33,15.991034
0.0,23,15.992111
0.0,1,15.992222
1.0,19,15.993125
0.0,7,15.993502
0.0,2,15.993657
1.0,32,15.995129
0.0,31,15.996542
1.0,27,15.997784
0.0,4,15.998028
0.0,7,15.99841
1.0,33,15.999898
0.0,6,16.00024
0.0,35,16.001825
0.0,47,16.003941
1.0,28,16.005231
0.0,7,16.005604
1.0,14,16.006288
0.0,45,16.008321
0.0,7,16.008696
0.0,1,16.008808
0.0,34,16.010367
0.0,2,16.010524
0.0,4,16.010763
1.0,39,16.012525
0.0,4,16.012771
0.0,4,16.013013
0.0,3,16.013225
1.0,18,16.014081
1.0,19,16.014968
0.0,3,16.015178
0.0,16,16.015937
1.0,15,16.016664
1.0,32,16.018128
0.0,13,16.018757
1.0,30,16.020139
0.0,24,16.021252
0.0,26,16.022453
1.0,43,16.024397
1.0,14,16.025081
0.0,9,16.025543
1.0,14,16.026228
0.0,2,16.026384
0.0,27,16.027631
0.0,43,16.029577
0.0,20,16.03052
0.0,15,16.031255
0.0,5,16.031604
0.0,7,16.031991
1.0,13,16.032634
0.0,14,16.033326
0.0,5,16.033612
0.0,28,16.034892
1.0,19,16.035789
0.0,4,16.03603
1.0,30,16.037411
0.0,4,16.037656
0.0,24,16.038776
0.0,27,16.040015
0.0,59,16.042645
0.0,4,16.042892
0.0,12,16.043493
0.0,6,16.043825
0.0,10,16.044342
0.0,27,16.045583
0.0,3,16.045785
0.0,10,16.046296
0.0,3,16.046498
1.0,7,16.046872
0.0,12,16.047472
0.0,6,16.047805
1.0,15,16.048532
0.0,30,16.049907
0.0,23,16.050979
0.0,27,16.052235
0.0,7,16.052608
0.0,46,16.054682
0.0,8,16.055111
0.0,7,16.055481
1.0,35,16.057076
0.0,3,16.057275
0.0,66,16.060211
1.0,42,16.062101
0.0,3,16.0623
0.0,8,16.062717
1.0,12,16.063332
0.0,17,16.064145
0.0,26,16.065346
1.0,31,16.066755
1.0,10,16.067265
0.0,57,16.069798
0.0,16,16.070574
1.0,25,16.071727
0.0,3,16.071925
1.0,21,16.072907
0.0,8,16.073341
0.0,12,16.073932
1.0,40,16.07574
0.0,1,16.075853
0.0,21,16.076835
0.0,17,16.077649
1.0,17,16.078462
1.0,21,16.079445
0.0,45,16.081478
0.0,8,16.081899
0.0,10,16.08241
0.0,4,16.082656
1.0,17,16.083476
0.0,28,16.08476
0.0,3,16.084959
1.0,12,16.085555
0.0,23,16.086623
0.0,19,16.087523
0.0,13,16.088169
1.0,22,16.0892
0.0,2,16.089355
0.0,28,16.09064
0.0,29,16.091971
0.0,2,16.092138
1.0,35,16.093737
0.0,6,16.094077
0.0,7,16.09445
1.0,18,16.095302
0.0,6,16.095631
0.0,3,16.095834
0.0,19,16.096732
1.0,22,16.097769
0.0,1,16.097879
0.0,22,16.098905
1.0,28,16.100203
0.0,18,16.101043
0.0,2,16.101207
1.0,60,16.103884
0.0,55,16.106346
0.0,1,16.106461
0.0,6,16.10679
0.0,14,16.107473
0.0,47,16.109578
1.0,38,16.1113
1.0,11,16.111845
1.0,15,16.112576
0.0,3,16.112777
0.0,3,16.112978
0.0,2,16.113148
1.0,15,16.113868
0.0,1,16.113977
0.0,18,16.114833
0.0,8,16.11526
1.0,23,16.11634
0.0,2,16.116495
1.0,16,16.117272
0.0,27,16.118515
0.0,46,16.120582
0.0,16,16.121357
1.0,21,16.122341
0.0,30,16.123713
0.0,7,16.124099
0.0,11,16.124639
1.0,15,16.125365
0.0,4,16.125608
0.0,10,16.126124
0.0,9,16.126581
0.0,8,16.126992
1.0,29,16.128316
1.0,18,16.129172
0.0,47,16.131275
1.0,16,16.132108
1.0,14,16.132799
0.0,26,16.134004
0.0,7,16.134391
1.0,19,16.135296
0.0,23,16.136368
0.0,1,16.136481
1.0,27,16.137714
0.0,34,16.139267
0.0,40,16.141074
0.0,31,16.142488
0.0,9,16.142946
0.0,1,16.143073
1.0,15,16.14379
0.0,32,16.145256
0.0,18,16.146112
0.0,16,16.146871
0.0,2,16.147027
0.0,25,16.148198
0.0,10,16.148702
0.0,13,16.149344
0.0,1,16.149456
0.0,39,16.151227
0.0,62,16.153995
1.0,21,16.154978
1.0,24,16.156096
0.0,49,16.158294
0.0,2,16.15845
0.0,1,16.158562
1.0,18,16.15942
0.0,14,16.160109
1.0,19,16.160995
1.0,77,16.164418
0.0,8,16.164832
0.0,34,16.16639
1.0,36,16.168028
0.0,9,16.168495
0.0,7,16.168868
0.0,16,16.169642
0.0,12,16.170243
0.0,5,16.170533
0.0,4,16.170774
1.0,17,16.171587
0.0,6,16.171917
0.0,4,16.172169
0.0,17,16.172971
0.0,3,16.173184
0.0,34,16.174729
0.0,20,16.175674
0.0,4,16.175921
0.0,37,16.177606
0.0,14,16.178302
0.0,31,16.179711
1.0,13,16.180352
0.0,15,16.181081
0.0,4,16.181326
0.0,2,16.181482
0.0,2,16.181636
0.0,5,16.181921
0.0,31,16.183362
0.0,10,16.183865
0.0,19,16.184764
1.0,14,16.185453
0.0,2,16.185608
0.0,9,16.186074
0.0,25,16.187233
0.0,15,16.187949
1.0,20,16.188891
0.0,3,16.189102
1.0,26,16.190306
0.0,18,16.191169
0.0,15,16.191887
0.0,6,16.192229
0.0,5,16.192517
0.0,3,16.192715
0.0,2,16.192871
0.0,2,16.193027
0.0,37,16.194715
0.0,3,16.194915
0.0,3,16.195124
0.0,84,16.198833
0.0,1,16.198947
0.0,3,16.199157
0.0,32,16.200624
1.0,22,16.201648
1.0,42,16.203561
0.0,5,16.203849
0.0,18,16.204708
0.0,4,16.204954
0.0,43,16.206887
0.0,11,16.207446
0.0,39,16.209208
0.0,7,16.209581
0.0,15,16.210317
0.0,9,16.210777
0.0,22,16.211801
1.0,49,16.21399
1.0,32,16.215455
0.0,4,16.215697
0.0,12,16.2163
0.0,3,16.216502
0.0,5,16.216784
1.0,22,16.217811
0.0,7,16.218192
0.0,25,16.219352
0.0,3,16.219553
0.0,19,16.220454
0.0,22,16.221485
0.0,3,16.221684
1.0,84,16.225407
1.0,17,16.226219
1.0,7,16.226589
1.0,38,16.228317
0.0,20,16.229259
0.0,7,16.229633
1.0,7,16.230003
0.0,45,16.23203
1.0,38,16.233834
0.0,11,16.234392
0.0,25,16.235555
0.0,1,16.235669
0.0,12,16.236268
1.0,20,16.237214
1.0,16,16.237975
0.0,1,16.238095
0.0,11,16.238645
0.0,11,16.239199
0.0,20,16.240142
0.0,1,16.240255
1.0,40,16.242066
0.0,19,16.242955
1.0,46,16.24502
0.0,5,16.245313
0.0,7,16.245683
1.0,30,16.247064
0.0,9,16.247522
1.0,31,16.248941
0.0,17,16.249755
0.0,1,16.249866
0.0,3,16.250074
0.0,8,16.25049
0.0,27,16.251731
0.0,2,16.251887
0.0,26,16.253106
0.0,17,16.253913
0.0,33,16.255424
0.0,23,16.256496
0.0,5,16.256785
0.0,3,16.256986
0.0,14,16.257673
0.0,4,16.257916
0.0,13,16.258558
0.0,6,16.258891
0.0,21,16.259877
0.0,52,16.262216
0.0,71,16.265355
0.0,2,16.265514
1.0,35,16.267099
1.0,55,16.269564
0.0,9,16.270023
1.0,8,16.270444
0.0,37,16.272125
0.0,9,16.272587
0.0,9,16.273045
0.0,1,16.273171
0.0,13,16.273798
0.0,26,16.274995
0.0,27,16.276241
0.0,32,16.277695
0.0,26,16.278895
0.0,5,16.279194
0.0,10,16.279697
0.0,1,16.279809
0.0,2,16.279965
0.0,4,16.280217
1.0,54,16.282625
0.0,1,16.282737
0.0,8,16.283171
0.0,1,16.283285
0.0,3,16.283485
0.0,21,16.284466
0.0,9,16.284927
0.0,48,16.287092
0.0,8,16.287513
1.0,31,16.288922
1.0,41,16.290761
0.0,17,16.291574
0.0,12,16.292174
1.0,19,16.293077
1.0,31,16.294488
0.0,7,16.29486
0.0,1,16.294971
1.0,14,16.295651
1.0,15,16.296379
0.0,17,16.297192
0.0,14,16.297864
0.0,18,16.298717
0.0,1,16.298831
0.0,3,16.299029
0.0,18,16.29988
1.0,15,16.300608
0.0,34,16.302151
1.0,20,16.303099
1.0,46,16.305167
1.0,45,16.307197
0.0,31,16.308601
0.0,5,16.308888
1.0,31,16.31031
1.0,20,16.311251
0.0,11,16.311791
0.0,3,16.311994
0.0,1,16.312113
0.0,26,16.31332
0.0,7,16.313692
0.0,8,16.314119
0.0,6,16.314446
0.0,16,16.315216
0.0,35,16.316802
0.0,3,16.317001
0.0,25,16.318165
0.0,4,16.318407
0.0,40,16.320222
0.0,4,16.320468
0.0,19,16.321371
0.0,21,16.322358
1.0,18,16.323215
0.0,77,16.32663
0.0,15,16.327358
0.0,2,16.327518
0.0,4,16.327759
0.0,29,16.329103
1.0,32,16.33056
0.0,4,16.330806
1.0,38,16.332525
0.0,11,16.333148
0.0,20,16.33409
0.0,55,16.336555
0.0,8,16.336973
0.0,1,16.337095
1.0,27,16.338348
0.0,4,16.33859
0.0,10,16.3391
0.0,5,16.339386
0.0,7,16.339756
0.0,42,16.341649
0.0,7,16.342021
0.0,4,16.342273
0.0,37,16.343945
1.0,19,16.344849
0.0,19,16.345756
0.0,28,16.347047
0.0,3,16.347259
0.0,5,16.347545
0.0,12,16.348147
0.0,4,16.348391
1.0,34,16.349937
0.0,22,16.350966
0.0,20,16.351909
0.0,28,16.353212
1.0,22,16.354253
0.0,1,16.354364
0.0,2,16.35452
0.0,31,16.355932
0.0,64,16.358786
0.0,22,16.359817
0.0,1,16.359928
0.0,42,16.361829
0.0,3,16.36203
1.0,25,16.3632
0.0,8,16.36362
1.0,25,16.36478
0.0,10,16.365293
0.0,3,16.365495
0.0,37,16.367177
0.0,5,16.367467
0.0,18,16.368325
0.0,13,16.368964
0.0,1,16.369085
0.0,11,16.369635
1.0,18,16.37049
1.0,61,16.373229
0.0,9,16.373688
0.0,1,16.373797
0.0,7,16.374178
1.0,21,16.375169
0.0,11,16.375713
1.0,10,16.37622
0.0,12,16.376812
0.0,20,16.37776
0.0,15,16.378489
0.0,10,16.378992
0.0,15,16.37971
1.0,57,16.382271
0.0,7,16.382645
0.0,13,16.383294
1.0,17,16.38411
1.0,23,16.385183
1.0,13,16.385815
0.0,1,16.385925
0.0,5,16.386221
0.0,4,16.386463
0.0,5,16.386749
1.0,17,16.387564
0.0,9,16.388025
1.0,22,16.389062
1.0,16,16.38982
0.0,13,16.390459
0.0,7,16.390835
0.0,14,16.391524
1.0,17,16.392341
0.0,28,16.393641
0.0,16,16.394412
0.0,9,16.394874
0.0,5,16.39517
0.0,11,16.395719
0.0,13,16.396357
0.0,22,16.397391
0.0,36,16.399021
0.0,2,16.399188
1.0,24,16.400307
0.0,34,16.40187
0.0,8,16.4023
0.0,8,16.402718
0.0,13,16.403363
0.0,3,16.403563
0.0,6,16.403892
0.0,37,16.405575
1.0,14,16.40626
1.0,26,16.407459
0.0,25,16.408617
1.0,24,16.409734
0.0,2,16.409893
1.0,14,16.410579
0.0,13,16.411224
1.0,12,16.411816
0.0,2,16.411972
1.0,25,16.413146
0.0,45,16.41517
0.0,10,16.415677
0.0,24,16.416793
0.0,7,16.41718
0.0,7,16.417555
1.0,26,16.418756
1.0,14,16.419442
0.0,5,16.41973
1.0,30,16.421108
0.0,52,16.42345
0.0,21,16.424436
0.0,9,16.424898
0.0,35,16.426495
0.0,2,16.426656
0.0,1,16.426769
1.0,20,16.42771
1.0,12,16.428308
0.0,10,16.428809
0.0,12,16.429409
0.0,20,16.430353
0.0,4,16.430599
1.0,23,16.431672
0.0,9,16.432142
0.0,1,16.432257
0.0,2,16.432414
1.0,17,16.433229
0.0,33,16.434799
1.0,59,16.43744
1.0,18,16.438301
0.0,2,16.438459
1.0,8,16.438874
0.0,6,16.439214
0.0,14,16.439886
0.0,17,16.440703
0.0,5,16.440988
0.0,5,16.441284
1.0,21,16.442273
0.0,5,16.442561
1.0,42,16.444456
0.0,24,16.445572
1.0,18,16.446432
0.0,15,16.447157
0.0,27,16.448396
0.0,14,16.449079
0.0,27,16.45032
0.0,12,16.45091
1.0,24,16.45202
0.0,7,16.452404
1.0,36,16.454044
0.0,10,16.454554
0.0,23,16.455628
1.0,71,16.458785
0.0,6,16.459126
0.0,9,16.459586
0.0,8,16.460003
1.0,34,16.461546
0.0,4,16.461787
0.0,3,16.461985
0.0,4,16.462238
0.0,14,16.462912
0.0,16,16.463691
0.0,5,16.463979
0.0,21,16.464971
0.0,5,16.465268
1.0,13,16.465898
1.0,29,16.467229
1.0,41,16.469074
0.0,30,16.470451
0.0,21,16.471441
0.0,2,16.471597
0.0,9,16.472067
1.0,16,16.472829
0.0,34,16.47439
0.0,4,16.474633
0.0,19,16.475534
0.0,28,16.476822
0.0,19,16.477725
0.0,3,16.477926
0.0,59,16.480559
0.0,26,16.481754
0.0,32,16.483221
0.0,17,16.484022
0.0,10,16.484533
1.0,10,16.485033
0.0,56,16.487549
0.0,11,16.488106
0.0,14,16.488783
0.0,47,16.490896
0.0,5,16.491195
0.0,29,16.492527
0.0,8,16.492946
0.0,8,16.493378
1.0,34,16.494921
1.0,10,16.495432
0.0,5,16.495716
0.0,18,16.496574
1.0,32,16.498037
0.0,4,16.498289
0.0,7,16.498663
1.0,12,16.499258
0.0,12,16.499849
0.0,5,16.500147
1.0,11,16.500691
0.0,38,16.50242
1.0,16,16.503199
0.0,35,16.504783
0.0,17,16.505594
0.0,5,16.505879
0.0,8,16.506306
1.0,52,16.508622
0.0,13,16.509261
1.0,15,16.509975
0.0,14,16.510654
0.0,8,16.511081
0.0,14,16.511759
0.0,2,16.511916
0.0,12,16.512513
0.0,7,16.512889
0.0,2,16.513045
0.0,3,16.513261
0.0,5,16.513544
0.0,22,16.51457
0.0,12,16.515172
0.0,14,16.515847
0.0,22,16.51688
0.0,12,16.517484
0.0,28,16.51877
0.0,19,16.519671
0.0,9,16.520143
0.0,31,16.52156
1.0,28,16.522848
0.0,3,16.523062
0.0,11,16.52361
0.0,27,16.524855
0.0,8,16.525286
0.0,11,16.525836
0.0,17,16.526647
1.0,15,16.527375
0.0,37,16.529047
1.0,18,16.529908
0.0,16,16.530682
1.0,53,16.533067
1.0,20,16.533996
0.0,16,16.534769
0.0,2,16.534925
0.0,1,16.535105
0.0,23,16.536185
0.0,16,16.536952
1.0,21,16.537942
0.0,1,16.53806
0.0,25,16.539221
0.0,18,16.540079
0.0,3,16.540279
1.0,22,16.541306
0.0,54,16.54373
0.0,8,16.544162
1.0,38,16.545879
0.0,20,16.546826
0.0,46,16.5489
0.0,3,16.54911
0.0,17,16.549913
0.0,23,16.550978
0.0,11,16.551535
1.0,25,16.552694
1.0,32,16.554164
0.0,21,16.555153
0.0,5,16.555439
0.0,1,16.555548
0.0,9,16.556002
0.0,12,16.556599
1.0,21,16.557584
0.0,60,16.560269
0.0,4,16.560515
0.0,26,16.561714
0.0,19,16.562612
1.0,19,16.56352
1.0,60,16.566191
1.0,58,16.568769
1.0,27,16.570012
1.0,20,16.570957
0.0,21,16.571945
0.0,13,16.57259
0.0,1,16.572701
0.0,6,16.573028
0.0,11,16.573588
1.0,32,16.575045
0.0,2,16.575212
0.0,8,16.575629
0.0,11,16.576184
1.0,16,16.576942
1.0,30,16.578326
1.0,16,16.579097
0.0,31,16.580509
0.0,20,16.581453
0.0,10,16.581955
0.0,9,16.582429
0.0,6,16.582757
0.0,3,16.582958
0.0,17,16.583776
0.0,6,16.584118
0.0,22,16.585152
0.0,11,16.585696
0.0,9,16.586165
0.0,10,16.586668
1.0,15,16.587399
1.0,43,16.589339
0.0,21,16.590325
0.0,27,16.591568
0.0,4,16.591813
0.0,2,16.591967
0.0,50,16.594223
0.0,2,16.594382
0.0,12,16.594965
0.0,3,16.595178
1.0,20,16.596118
0.0,24,16.597231
0.0,2,16.5974
0.0,8,16.597816
0.0,4,16.598069
0.0,53,16.600445
0.0,18,16.601304
0.0,4,16.601549
0.0,3,16.601747
0.0,32,16.603224
0.0,4,16.603469
0.0,3,16.603667
0.0,1,16.603779
0.0,39,16.605543
0.0,21,16.606532
0.0,40,16.608346
0.0,10,16.608848
1.0,22,16.609876
0.0,3,16.610085
0.0,16,16.610842
0.0,37,16.612512
0.0,2,16.612671
1.0,24,16.613787
0.0,3,16.613986
1.0,18,16.614843
0.0,1,16.614953
0.0,6,16.615296
1.0,68,16.618317
1.0,41,16.62017
1.0,29,16.621497
0.0,3,16.621698
1.0,23,16.622765
1.0,15,16.623502
1.0,15,16.624229
0.0,9,16.624686
1.0,20,16.62563
0.0,7,16.626004
0.0,17,16.626813
0.0,29,16.628155
0.0,7,16.628527
0.0,35,16.630116
1.0,57,16.632651
1.0,22,16.633684
1.0,21,16.63467
1.0,35,16.636257
0.0,6,16.636585
0.0,6,16.636914
0.0,7,16.637294
0.0,18,16.638147
0.0,10,16.638652
0.0,12,16.639312
0.0,7,16.639686
0.0,11,16.640239
0.0,29,16.641572
1.0,38,16.643308
0.0,15,16.644022
1.0,27,16.645275
0.0,14,16.645952
0.0,65,16.648838
0.0,3,16.649041
1.0,15,16.649771
0.0,21,16.650758
1.0,41,16.652611
1.0,33,16.654129
0.0,1,16.65424
0.0,51,16.656518
0.0,1,16.656633
0.0,14,16.657316
0.0,48,16.659468
0.0,11,16.660017
0.0,5,16.660311
1.0,57,16.662841
0.0,41,16.664707
0.0,1,16.66482
0.0,6,16.665156
0.0,33,16.666657
0.0,13,16.667299
0.0,37,16.668972
1.0,28,16.67027
1.0,16,16.671031
0.0,2,16.671195
0.0,21,16.67218
0.0,3,16.672385
1.0,14,16.673065
1.0,23,16.674136
0.0,36,16.675775
1.0,15,16.676505
1.0,8,16.676919
0.0,2,16.677085
1.0,54,16.679504
0.0,4,16.679746
0.0,9,16.680217
0.0,30,16.681593
0.0,14,16.682283
0.0,11,16.68283
1.0,61,16.685566
0.0,1,16.685677
0.0,1,16.685786
1.0,8,16.686209
0.0,25,16.687396
0.0,13,16.688025
1.0,29,16.689362
0.0,10,16.689871
0.0,4,16.690126
0.0,6,16.690458
1.0,47,16.692571
0.0,2,16.692727
1.0,22,16.693758
0.0,4,16.694002
1.0,29,16.695337
0.0,43,16.697283
0.0,23,16.698359
0.0,20,16.699308
0.0,8,16.69972
0.0,7,16.700107
1.0,39,16.701865
0.0,1,16.701977
0.0,6,16.702317
0.0,28,16.703615
0.0,2,16.703771
1.0,24,16.704878
0.0,58,16.707458
0.0,2,16.707615
0.0,1,16.707724
0.0,12,16.708322
1.0,13,16.70895
0.0,4,16.709201
1.0,28,16.710486
0.0,35,16.712071
0.0,4,16.712317
0.0,23,16.713391
0.0,28,16.714671
1.0,17,16.715488
1.0,41,16.71735
0.0,2,16.717509
0.0,20,16.718453
0.0,9,16.718912
0.0,6,16.719251
0.0,18,16.720111
0.0,13,16.720742
0.0,8,16.721165
0.0,4,16.721407
0.0,31,16.722825
0.0,15,16.723559
0.0,10,16.724071
1.0,58,16.726645
0.0,18,16.727503
0.0,2,16.727659
0.0,2,16.727815
0.0,2,16.727971
0.0,49,16.730181
1.0,10,16.730687
1.0,8,16.73112
0.0,22,16.732149
1.0,6,16.732483
0.0,4,16.732724
0.0,3,16.732924
1.0,40,16.734741
0.0,34,16.736294
0.0,21,16.737279
0.0,3,16.737479
0.0,15,16.738204
1.0,18,16.739044
0.0,2,16.739211
0.0,12,16.739797
1.0,29,16.741135
0.0,15,16.741852
0.0,29,16.743202
0.0,8,16.743693
0.0,4,16.743938
1.0,9,16.744411
0.0,24,16.745524
1.0,35,16.74712
0.0,11,16.747666
0.0,7,16.748037
0.0,4,16.748293
1.0,25,16.749451
0.0,40,16.751266
0.0,19,16.752159
0.0,9,16.75262
0.0,26,16.753829
0.0,6,16.754171
0.0,9,16.754632
0.0,9,16.755101
0.0,1,16.755214
1.0,53,16.757582
0.0,18,16.758441
0.0,20,16.759389
1.0,53,16.761771
0.0,17,16.762584
0.0,4,16.762827
0.0,16,16.763603
0.0,43,16.765542
0.0,5,16.765829
0.0,17,16.766642
1.0,10,16.767158
0.0,4,16.767402
0.0,45,16.76943
0.0,10,16.769932
0.0,17,16.770742
1.0,12,16.771339
1.0,25,16.772496
0.0,2,16.772654
0.0,1,16.772765
1.0,21,16.773762
1.0,38,16.775487
0.0,5,16.775774
0.0,2,16.775931
1.0,41,16.777784
0.0,6,16.778123
0.0,10,16.778629
1.0,13,16.779276
1.0,45,16.781297
1.0,34,16.782847
0.0,20,16.783794
0.0,62,16.786565
0.0,5,16.786855
0.0,7,16.787236
0.0,2,16.787395
1.0,43,16.789328
1.0,38,16.791062
0.0,9,16.79152
0.0,10,16.792021
0.0,19,16.792915
1.0,35,16.794522
0.0,20,16.795459
0.0,7,16.795831
1.0,27,16.797086
1.0,11,16.797629
0.0,13,16.798274
0.0,49,16.800479
0.0,2,16.800636
0.0,53,16.80299
0.0,1,16.803118
0.0,3,16.803317
0.0,21,16.804322
0.0,10,16.804825
1.0,18,16.805684
0.0,12,16.806285
1.0,39,16.808065
0.0,7,16.808439
0.0,1,16.808551
1.0,17,16.80937
0.0,8,16.809788
0.0,13,16.810433
1.0,16,16.811208
0.0,17,16.812012
1.0,35,16.813615
1.0,25,16.81478
0.0,4,16.815022
1.0,23,16.816095
0.0,8,16.816515
0.0,1,16.816626
0.0,3,16.816825
1.0,35,16.818425
1.0,8,16.818841
0.0,63,16.82165
0.0,25,16.822808
1.0,28,16.824111
0.0,7,16.824483
0.0,4,16.824725
1.0,11,16.825279
0.0,18,16.826134
0.0,8,16.826548
0.0,14,16.827232
0.0,5,16.827517
0.0,5,16.827803
0.0,55,16.830266
0.0,10,16.83077
0.0,12,16.831368
1.0,12,16.831955
1.0,54,16.83438
0.0,18,16.83523
0.0,19,16.836128
0.0,30,16.837498
0.0,4,16.837743
0.0,66,16.840681
0.0,18,16.841542
1.0,17,16.842357
0.0,22,16.843393
0.0,13,16.844025
0.0,20,16.844963
0.0,19,16.845863
0.0,17,16.846679
0.0,8,16.847163
0.0,24,16.848278
1.0,46,16.850348
0.0,21,16.851334
0.0,34,16.852871
0.0,24,16.853994
0.0,5,16.854292
0.0,18,16.85515
1.0,59,16.857769
0.0,33,16.859281
0.0,1,16.859392
0.0,2,16.859549
0.0,41,16.861402
0.0,1,16.861514
0.0,5,16.861797
1.0,14,16.862479
1.0,11,16.863024
0.0,66,16.865963
0.0,3,16.866176
0.0,3,16.866376
1.0,25,16.867529
0.0,4,16.867773
0.0,1,16.867884
1.0,12,16.868479
0.0,25,16.869638
0.0,3,16.869841
0.0,28,16.871143
1.0,31,16.872558
0.0,2,16.872716
0.0,1,16.872827
0.0,25,16.873986
0.0,4,16.874242
1.0,8,16.874659
1.0,72,16.877839
0.0,19,16.878739
0.0,7,16.879121
0.0,19,16.880012
1.0,43,16.881946
0.0,23,16.883014
0.0,7,16.883402
0.0,4,16.883646
0.0,14,16.884329
0.0,75,16.887645
0.0,5,16.887933
1.0,17,16.888747
0.0,1,16.88886
0.0,7,16.88924
0.0,14,16.889908
0.0,25,16.891077
0.0,5,16.891368
0.0,34,16.8929
0.0,1,16.893011
0.0,2,16.89318
1.0,45,16.895215
1.0,45,16.897244
0.0,5,16.897533
1.0,31,16.898947
1.0,67,16.901937
1.0,38,16.90366
1.0,32,16.905129
0.0,2,16.905285
1.0,7,16.905657
0.0,8,16.90608
1.0,16,16.90684
0.0,5,16.907135
1.0,16,16.907897
0.0,12,16.908493
0.0,2,16.908652
1.0,19,16.909554
0.0,43,16.911492
0.0,6,16.911821
0.0,6,16.912161
1.0,39,16.91393
0.0,3,16.91414
1.0,13,16.91477
0.0,6,16.915113
0.0,4,16.915355
0.0,38,16.917087
0.0,2,16.917246
0.0,7,16.917617
0.0,23,16.918695
0.0,2,16.918851
0.0,2,16.919008
0.0,27,16.920265
1.0,9,16.920729
0.0,8,16.921152
1.0,12,16.921741
0.0,25,16.922906
1.0,14,16.923597
0.0,15,16.924324
0.0,2,16.92448
0.0,3,16.92468
0.0,21,16.925659
1.0,29,16.92699
0.0,24,16.928108
0.0,4,16.928353
0.0,4,16.928594
1.0,15,16.92932
0.0,8,16.929737
1.0,25,16.930891
0.0,4,16.931143
0.0,5,16.93143
0.0,2,16.931586
0.0,22,16.932609
1.0,36,16.934248
0.0,8,16.934665
0.0,41,16.936523
0.0,28,16.937815
0.0,7,16.938199
0.0,11,16.938748
0.0,16,16.939521
0.0,36,16.941161
0.0,15,16.94188
0.0,12,16.942481
1.0,48,16.944651
0.0,4,16.944894
0.0,3,16.945106
1.0,33,16.946602
0.0,58,16.949204
0.0,11,16.949827
0.0,1,16.949938
0.0,17,16.950764
0.0,8,16.951192
1.0,28,16.95248
0.0,17,16.953301
1.0,13,16.953933
0.0,2,16.954101
0.0,15,16.954818
0.0,10,16.955334
0.0,9,16.955797
0.0,1,16.955906
0.0,17,16.956718
0.0,5,16.957005
0.0,5,16.957299
0.0,13,16.957931
0.0,7,16.958313
0.0,43,16.960249
0.0,19,16.961154
0.0,13,16.961787
0.0,21,16.962775
1.0,45,16.964811
1.0,15,16.965535
0.0,9,16.965995
0.0,7,16.966378
0.0,22,16.967407
0.0,1,16.96752
0.0,38,16.969245
0.0,8,16.969664
0.0,2,16.969819
0.0,33,16.971326
0.0,3,16.971526
0.0,5,16.971809
0.0,15,16.972537
0.0,7,16.972911
0.0,2,16.973083
1.0,32,16.974545
0.0,1,16.974656
0.0,11,16.975211
0.0,59,16.977847
0.0,17,16.978656
0.0,12,16.97926
1.0,57,16.981802
0.0,8,16.982233
0.0,20,16.983185
1.0,12,16.983778
0.0,34,16.985328
1.0,25,16.986488
1.0,33,16.987984
0.0,14,16.988668
0.0,13,16.989311
1.0,51,16.991592
0.0,14,16.992282
0.0,10,16.992787
0.0,3,16.992988
0.0,2,16.993158
1.0,9,16.993617
1.0,22,16.994643
1.0,51,16.996932
0.0,4,16.997188
0.0,45,16.999224
0.0,16,16.999986
0.0,37,17.001672
0.0,3,17.001876
0.0,1,17.001985
1.0,22,17.003008
0.0,10,17.003535
0.0,28,17.004841
0.0,1,17.004952
1.0,23,17.006027
0.0,19,17.006922
1.0,18,17.007785
0.0,52,17.010117
1.0,33,17.011613
0.0,17,17.012429
0.0,15,17.013163
0.0,7,17.013537
0.0,4,17.013777
0.0,6,17.014116
0.0,46,17.016191
1.0,8,17.016607
0.0,44,17.018586
0.0,4,17.01883
0.0,20,17.019778
0.0,2,17.019936
0.0,6,17.020276
0.0,6,17.020609
0.0,4,17.020851
1.0,17,17.02167
0.0,31,17.023098
0.0,33,17.024593
0.0,6,17.024923
1.0,69,17.027972
0.0,2,17.028138
0.0,9,17.028594
0.0,1,17.028704
0.0,51,17.030986
0.0,21,17.031972
0.0,11,17.032531
0.0,100,17.036942
1.0,23,17.038015
0.0,7,17.038395
0.0,1,17.038508
0.0,41,17.040362
0.0,2,17.040521
0.0,14,17.041205
1.0,18,17.042058
0.0,4,17.042303
1.0,8,17.042719
1.0,63,17.04553
0.0,5,17.045815
1.0,12,17.046416
1.0,9,17.046876
0.0,4,17.047127
0.0,15,17.047847
0.0,36,17.049489
1.0,24,17.050667
1.0,35,17.052265
0.0,7,17.052638
1.0,22,17.053676
0.0,5,17.053963
0.0,2,17.054131
1.0,18,17.054977
1.0,13,17.055615
0.0,15,17.056343
0.0,23,17.057415
0.0,11,17.057958
0.0,25,17.059123
0.0,12,17.059713
0.0,40,17.06152
0.0,26,17.06272
0.0,60,17.065402
0.0,7,17.065778
0.0,9,17.066249
1.0,37,17.067925
0.0,2,17.06809
0.0,1,17.068201
0.0,4,17.068444
0.0,42,17.070338
0.0,17,17.071157
0.0,10,17.071661
0.0,10,17.072171
0.0,16,17.072933
1.0,55,17.075401
1.0,9,17.075858
0.0,20,17.076802
0.0,10,17.077318
1.0,47,17.079435
0.0,4,17.079682
1.0,25,17.080839
0.0,11,17.081394
0.0,12,17.081985
0.0,3,17.082193
0.0,33,17.083704
0.0,12,17.084301
1.0,49,17.086499
0.0,60,17.08916
1.0,28,17.090441
0.0,16,17.091213
1.0,25,17.09238
0.0,4,17.092621
1.0,26,17.093828
1.0,43,17.095772
0.0,7,17.096156
1.0,35,17.097751
0.0,44,17.09973
0.0,18,17.100588
0.0,27,17.101835
0.0,100,17.106258
0.0,5,17.106548
0.0,3,17.106746
0.0,4,17.10699
1.0,40,17.108802
1.0,13,17.109446
1.0,15,17.110168
1.0,25,17.111325
0.0,9,17.111786
0.0,2,17.111943
0.0,11,17.112502
0.0,6,17.112832
0.0,25,17.113998
0.0,2,17.114165
0.0,10,17.114666
1.0,20,17.115605
0.0,10,17.116119
0.0,16,17.116878
0.0,9,17.117348
0.0,21,17.118337
0.0,17,17.119153
1.0,26,17.120353
0.0,15,17.121086
1.0,29,17.122426
1.0,12,17.123016
0.0,5,17.123316
0.0,6,17.123646
0.0,37,17.125322
0.0,7,17.1257
0.0,54,17.128119
0.0,9,17.12858
0.0,5,17.128867
0.0,4,17.129122
0.0,44,17.131116
0.0,8,17.131539
0.0,9,17.131998
0.0,41,17.133862
0.0,3,17.134073
0.0,18,17.134925
0.0,16,17.135692
0.0,12,17.136289
0.0,24,17.137405
1.0,19,17.138299
1.0,24,17.139407
0.0,9,17.139865
0.0,4,17.140118
0.0,10,17.140619
1.0,27,17.14186
0.0,2,17.142017
1.0,28,17.143316
1.0,13,17.143942
0.0,8,17.144366
1.0,11,17.144913
1.0,42,17.146807
0.0,13,17.147449
0.0,7,17.147822
0.0,44,17.149802
1.0,18,17.150656
0.0,23,17.151727
1.0,30,17.153116
0.0,8,17.153532
0.0,20,17.154469
0.0,36,17.156109
1.0,33,17.157611
1.0,27,17.158919
1.0,28,17.160223
0.0,29,17.161562
0.0,2,17.161721
0.0,21,17.162711
0.0,40,17.16453
0.0,7,17.164901
1.0,11,17.165452
0.0,51,17.167741
0.0,19,17.168639
0.0,10,17.169149
0.0,7,17.169522
0.0,9,17.169982
0.0,7,17.170366
0.0,2,17.170526
1.0,15,17.171257
0.0,3,17.171455
0.0,2,17.171611
1.0,20,17.172552
0.0,24,17.173679
1.0,20,17.174626
0.0,28,17.175909
0.0,15,17.176639
0.0,4,17.176885
0.0,7,17.177268
0.0,2,17.177425
1.0,14,17.178111
0.0,9,17.178566
1.0,37,17.180249
1.0,15,17.180973
1.0,15,17.181705
0.0,28,17.182987
0.0,1,17.183113
0.0,6,17.183443
0.0,1,17.183553
0.0,38,17.185274
0.0,10,17.185774
0.0,10,17.186285
0.0,11,17.186831
1.0,22,17.187851
0.0,31,17.189277
0.0,1,17.189389
0.0,13,17.190013
0.0,23,17.19109
0.0,43,17.193014
0.0,6,17.193353
1.0,7,17.193727
0.0,15,17.194455
0.0,8,17.194871
0.0,74,17.198164
0.0,38,17.199876
1.0,57,17.202432
0.0,16,17.203217
0.0,6,17.203546
0.0,3,17.203745
1.0,14,17.204425
1.0,57,17.206959
0.0,11,17.207515
0.0,26,17.208715
0.0,16,17.209487
1.0,12,17.210085
1.0,35,17.211672
0.0,8,17.212097
0.0,7,17.21247
0.0,7,17.212842
0.0,6,17.213187
0.0,42,17.215079
0.0,9,17.215539
0.0,14,17.21624
0.0,9,17.216702
1.0,22,17.217727
1.0,10,17.218238
0.0,4,17.218479
0.0,18,17.219331
0.0,21,17.220313
0.0,24,17.221431
0.0,7,17.221802
1.0,39,17.22357
1.0,50,17.225802
1.0,50,17.228042
0.0,13,17.228684
0.0,8,17.229108
0.0,6,17.229439
0.0,20,17.230384
0.0,11,17.230926
0.0,11,17.231479
0.0,8,17.231898
0.0,10,17.232414
0.0,51,17.234695
1.0,18,17.235548
0.0,11,17.2361
0.0,12,17.236694
1.0,6,17.237022
0.0,6,17.237355
0.0,17,17.23817
0.0,2,17.238328
0.0,14,17.239001
0.0,5,17.239294
0.0,72,17.242495
0.0,14,17.243184
0.0,31,17.244598
0.0,8,17.245011
1.0,44,17.246993
1.0,43,17.248938
1.0,17,17.249751
1.0,20,17.250697
1.0,27,17.251936
0.0,63,17.254741
1.0,7,17.255129
0.0,11,17.255673
1.0,12,17.25627
0.0,6,17.256599
0.0,1,17.25671
0.0,4,17.256955
0.0,4,17.257211
1.0,30,17.258583
1.0,27,17.25989
0.0,38,17.261624
0.0,41,17.263495
0.0,30,17.264875
0.0,2,17.265034
0.0,7,17.265416
0.0,8,17.265827
0.0,30,17.267208
0.0,24,17.268328
0.0,13,17.268962
1.0,19,17.269861
1.0,33,17.271371
0.0,11,17.271917
0.0,11,17.27247
0.0,44,17.274457
0.0,7,17.274828
0.0,41,17.276683
0.0,1,17.276797
0.0,8,17.277223
0.0,32,17.278679
0.0,35,17.280273
0.0,1,17.280385
0.0,56,17.282873
0.0,9,17.28335
0.0,70,17.286457
0.0,2,17.286613
0.0,48,17.288762
1.0,48,17.290918
0.0,2,17.291084
1.0,7,17.291456
0.0,10,17.291961
0.0,3,17.292173
0.0,9,17.292633
0.0,7,17.293007
1.0,13,17.293651
1.0,32,17.295117
1.0,10,17.295617
0.0,13,17.296256
0.0,4,17.296501
0.0,22,17.297529
0.0,7,17.297903
0.0,21,17.298887
0.0,9,17.29936
0.0,7,17.299734
0.0,18,17.30059
1.0,9,17.301057
0.0,4,17.301301
1.0,10,17.301805
1.0,9,17.302274
0.0,18,17.303137
0.0,8,17.303554
0.0,47,17.30566
0.0,11,17.306217
0.0,42,17.308122
1.0,14,17.308797
0.0,18,17.30965
0.0,28,17.310938
0.0,35,17.312531
0.0,5,17.31282
0.0,10,17.313341
0.0,9,17.313801
0.0,27,17.315034
0.0,37,17.316716
0.0,4,17.316961
1.0,15,17.317692
0.0,4,17.317934
0.0,1,17.318046
0.0,20,17.318988
0.0,14,17.319677
0.0,17,17.320487
0.0,13,17.321126
0.0,21,17.322114
0.0,2,17.322271
0.0,67,17.325256
0.0,32,17.326716
0.0,31,17.328144
0.0,3,17.328346
1.0,25,17.329508
1.0,17,17.330324
0.0,14,17.330997
0.0,10,17.331511
0.0,15,17.332238
0.0,13,17.332867
0.0,19,17.333768
0.0,3,17.333971
0.0,11,17.334522
1.0,93,17.338624
0.0,9,17.339096
0.0,2,17.339256
0.0,28,17.340544
0.0,8,17.340962
0.0,8,17.341388
0.0,23,17.342466
0.0,6,17.3428
0.0,6,17.343143
0.0,7,17.343518
0.0,27,17.344766
0.0,1,17.344877
1.0,17,17.345695
0.0,5,17.345981
0.0,30,17.347361
0.0,9,17.347818
0.0,1,17.34793
0.0,7,17.348314
0.0,18,17.349168
0.0,16,17.349925
0.0,4,17.350177
1.0,12,17.350766
0.0,27,17.352005
0.0,1,17.352125
0.0,12,17.352717
1.0,29,17.35408
0.0,7,17.354455
0.0,1,17.354565
1.0,48,17.35672
1.0,30,17.358102
0.0,2,17.358258
0.0,3,17.358461
0.0,18,17.359321
0.0,23,17.360455
0.0,71,17.363626
0.0,31,17.365041
0.0,25,17.366211
0.0,20,17.367157
0.0,18,17.368001
0.0,5,17.368296
0.0,5,17.368587
0.0,43,17.370523
0.0,6,17.370858
1.0,6,17.371201
0.0,1,17.371311
0.0,7,17.371685
0.0,1,17.371796
0.0,18,17.372651
0.0,3,17.372853
1.0,37,17.374539
1.0,46,17.376615
0.0,30,17.377993
0.0,14,17.37868
0.0,12,17.379284
0.0,16,17.380045
0.0,21,17.381029
0.0,6,17.381367
0.0,37,17.383037
0.0,13,17.383679
0.0,6,17.384009
0.0,7,17.384387
1.0,6,17.384717
1.0,14,17.385402
0.0,18,17.386268
0.0,42,17.388172
0.0,5,17.388458
1.0,41,17.390308
0.0,10,17.390806
0.0,2,17.390963
0.0,31,17.392397
1.0,31,17.393825
0.0,9,17.394297
0.0,24,17.39541
0.0,26,17.396606
0.0,8,17.397023
0.0,9,17.397486
0.0,31,17.398905
0.0,28,17.400203
1.0,43,17.402147
0.0,16,17.402904
0.0,20,17.403852
1.0,20,17.404794
0.0,17,17.405605
0.0,11,17.406163
1.0,39,17.407912
0.0,7,17.408293
0.0,13,17.408921
0.0,21,17.409907
1.0,44,17.41189
1.0,11,17.412448
0.0,19,17.413355
0.0,48,17.415509
1.0,8,17.415925
1.0,37,17.417596
0.0,26,17.418796
1.0,38,17.42052
0.0,25,17.421678
0.0,2,17.421839
1.0,8,17.422266
0.0,9,17.422742
0.0,7,17.423129
1.0,24,17.424247
1.0,52,17.426569
0.0,12,17.427173
0.0,17,17.42798
0.0,24,17.429106
0.0,25,17.430269
0.0,22,17.431298
0.0,2,17.431454
0.0,26,17.432656
0.0,1,17.43277
0.0,13,17.433419
0.0,11,17.433962
0.0,2,17.434128
0.0,18,17.434969
0.0,40,17.436776
0.0,13,17.437422
0.0,17,17.438237
1.0,20,17.439188
0.0,37,17.440863
0.0,7,17.441245
1.0,10,17.441746
1.0,11,17.442301
0.0,8,17.442716
0.0,14,17.443408
0.0,1,17.443521
1.0,28,17.444801
0.0,19,17.445705
0.0,71,17.448845
1.0,31,17.450272
0.0,41,17.452127
0.0,37,17.453805
0.0,29,17.455153
1.0,13,17.455784
0.0,5,17.45608
0.0,1,17.456191
0.0,1,17.456301
0.0,5,17.456583
1.0,14,17.457266
0.0,2,17.457423
0.0,4,17.457666
0.0,11,17.45822
0.0,43,17.460153
0.0,22,17.46118
1.0,9,17.461641
1.0,11,17.462195
0.0,5,17.462481
1.0,15,17.463219
0.0,1,17.463388
1.0,27,17.464627
0.0,27,17.465874
0.0,46,17.467941
0.0,32,17.469414
0.0,14,17.470101
0.0,13,17.470732
0.0,22,17.471756
0.0,29,17.473102
0.0,14,17.473776
0.0,9,17.474247
0.0,1,17.474358
0.0,10,17.47486
0.0,32,17.476328
0.0,13,17.476962
0.0,66,17.479894
0.0,9,17.480365
0.0,3,17.480564
1.0,17,17.48138
1.0,26,17.482578
0.0,12,17.483178
0.0,9,17.483639
0.0,12,17.48424
1.0,27,17.485476
0.0,7,17.485851
1.0,18,17.486706
0.0,11,17.487265
0.0,47,17.489372
0.0,4,17.489618
0.0,4,17.489862
0.0,4,17.490116
1.0,35,17.491701
0.0,7,17.492087
0.0,3,17.492289
1.0,30,17.493662
1.0,18,17.494519
1.0,36,17.496162
0.0,2,17.496319
0.0,34,17.497856
1.0,29,17.49919
0.0,33,17.500689
0.0,4,17.500934
0.0,5,17.501231
0.0,7,17.501607
0.0,3,17.501806
1.0,14,17.50249
1.0,22,17.503528
0.0,24,17.504643
0.0,24,17.505759
0.0,1,17.505872
1.0,13,17.506512
1.0,29,17.507838
0.0,31,17.50926
0.0,16,17.510019
0.0,22,17.511037
0.0,12,17.511635
0.0,3,17.511836
1.0,17,17.512647
0.0,35,17.514246
0.0,25,17.515401
1.0,22,17.516431
1.0,21,17.517417
0.0,36,17.519043
0.0,13,17.519678
0.0,34,17.52123
0.0,2,17.521385
0.0,24,17.522496
1.0,28,17.523788
0.0,4,17.524033
0.0,10,17.524543
0.0,1,17.524655
0.0,15,17.52538
1.0,35,17.526963
0.0,5,17.527259
1.0,41,17.52911
0.0,4,17.529352
0.0,37,17.531022
0.0,23,17.532098
0.0,8,17.532514
0.0,2,17.53267
0.0,3,17.532867
0.0,14,17.533554
0.0,22,17.53458
0.0,25,17.535741
1.0,28,17.537025
1.0,39,17.538783
1.0,51,17.541067
0.0,16,17.541822
0.0,9,17.542293
0.0,13,17.542926
0.0,14,17.543617
0.0,2,17.543776
0.0,7,17.544157
1.0,9,17.544618
0.0,3,17.544815
1.0,38,17.546531
0.0,4,17.546777
0.0,3,17.546977
0.0,41,17.548835
0.0,5,17.549135
1.0,31,17.550548
1.0,57,17.553092
0.0,6,17.553424
0.0,6,17.553752
0.0,16,17.554527
0.0,4,17.55477
0.0,20,17.555717
0.0,15,17.556446
0.0,48,17.558608
1.0,8,17.559022
1.0,15,17.559747
1.0,16,17.560517
0.0,32,17.561979
1.0,18,17.562839
0.0,21,17.56383
0.0,7,17.564277
0.0,4,17.564521
0.0,12,17.565124
0.0,46,17.567197
0.0,25,17.568355
1.0,42,17.570258
1.0,48,17.572404
1.0,15,17.573134
0.0,2,17.573289
0.0,4,17.573529
0.0,47,17.575637
0.0,22,17.576668
0.0,4,17.576916
1.0,22,17.57795
0.0,11,17.578507
1.0,35,17.58011
0.0,1,17.58022
0.0,9,17.580678
0.0,2,17.580837
0.0,4,17.581092
0.0,8,17.581504
0.0,1,17.581615
0.0,11,17.582171
0.0,17,17.582973
0.0,4,17.58323
0.0,16,17.583997
0.0,7,17.584378
0.0,3,17.584579
0.0,9,17.585034
0.0,1,17.585157
0.0,13,17.585785
0.0,15,17.586516
0.0,1,17.586629
0.0,6,17.586958
0.0,10,17.587473
0.0,14,17.58816
0.0,18,17.589003
0.0,50,17.591241
0.0,5,17.592279
0.0,4,17.592533
0.0,4,17.592778
0.0,1,17.592889
0.0,14,17.59359
0.0,4,17.593836
0.0,11,17.594399
0.0,9,17.594863
0.0,19,17.595771
0.0,18,17.596637
0.0,2,17.596798
0.0,33,17.598329
0.0,52,17.60068
0.0,11,17.601241
0.0,25,17.602413
0.0,4,17.60266
0.0,11,17.60323
0.0,12,17.603822
0.0,23,17.6049
0.0,20,17.605847
1.0,55,17.608332
0.0,30,17.609712
1.0,25,17.610878
0.0,23,17.611957
1.0,59,17.614606
1.0,13,17.615253
0.0,18,17.616114
1.0,13,17.61675
0.0,46,17.618835
1.0,49,17.621045
0.0,32,17.622526
1.0,14,17.623219
0.0,10,17.62374
0.0,2,17.623899
1.0,12,17.624502
0.0,16,17.625276
1.0,59,17.627922
0.0,16,17.628697
0.0,2,17.628856
1.0,24,17.629978
1.0,52,17.632335
1.0,28,17.633639
0.0,4,17.633885
1.0,41,17.635745
0.0,24,17.636864
0.0,1,17.636976
0.0,7,17.637359
1.0,24,17.638485
0.0,16,17.639263
0.0,4,17.639511
0.0,15,17.640247
0.0,21,17.641239
0.0,16,17.642005
0.0,1,17.642126
0.0,2,17.642285
0.0,1,17.642397
0.0,15,17.643133
0.0,49,17.645344
1.0,31,17.646766
0.0,58,17.649374
0.0,35,17.650969
0.0,14,17.651659
1.0,10,17.652176
1.0,24,17.653304
0.0,16,17.65408
1.0,11,17.654627
0.0,30,17.656003
1.0,11,17.656561
0.0,10,17.657079
1.0,19,17.657975
1.0,17,17.65879
1.0,33,17.660313
1.0,38,17.662043
0.0,68,17.665094
0.0,7,17.66547
1.0,55,17.667939
1.0,16,17.668716
1.0,40,17.670542
1.0,28,17.671837
0.0,9,17.672312
0.0,2,17.67247
0.0,59,17.675134
0.0,9,17.675598
0.0,15,17.676329
0.0,69,17.679424
0.0,4,17.679673
0.0,2,17.679831
0.0,93,17.68397
0.0,7,17.684359
0.0,1,17.684472
0.0,1,17.684585
0.0,2,17.684742
0.0,6,17.685091
0.0,19,17.685985
0.0,7,17.686368
0.0,26,17.687582
0.0,14,17.688271
0.0,23,17.689354
0.0,10,17.689859
1.0,23,17.690937
0.0,19,17.691844
0.0,22,17.692875
1.0,25,17.694119
0.0,21,17.695111
0.0,43,17.697061
0.0,8,17.697481
0.0,12,17.698085
0.0,7,17.698459
1.0,15,17.699192
0.0,6,17.699523
0.0,18,17.700388
0.0,14,17.701079
0.0,13,17.701714
0.0,7,17.7021
1.0,32,17.703563
0.0,5,17.703853
0.0,1,17.703964
0.0,2,17.70413
0.0,18,17.704981
1.0,46,17.707078
0.0,13,17.707712
1.0,37,17.709393
0.0,3,17.709593
1.0,25,17.710758
1.0,22,17.711788
0.0,12,17.712389
1.0,34,17.713935
0.0,4,17.714188
1.0,8,17.714604
1.0,30,17.715977
0.0,28,17.717275
0.0,12,17.717867
0.0,19,17.718767
0.0,1,17.718881
0.0,19,17.719784
0.0,38,17.721518
0.0,21,17.722509
0.0,35,17.724127
0.0,21,17.725118
1.0,20,17.726066
0.0,26,17.727281
0.0,17,17.728101
0.0,10,17.728608
0.0,13,17.729257
0.0,1,17.729369
0.0,3,17.729573
1.0,13,17.730218
0.0,7,17.730596
0.0,9,17.731069
0.0,62,17.733853
0.0,33,17.735381
0.0,10,17.735888
0.0,38,17.737623
0.0,14,17.738315
1.0,60,17.741001
1.0,24,17.742129
0.0,28,17.743434
0.0,18,17.7443
0.0,2,17.74446
0.0,23,17.745541
0.0,12,17.746144
1.0,26,17.747353
0.0,1,17.747467
1.0,20,17.748416
0.0,22,17.749453
0.0,1,17.749567
0.0,9,17.75003
0.0,4,17.750284
0.0,14,17.750961
0.0,7,17.751347
0.0,2,17.751504
0.0,10,17.752004
0.0,15,17.752728
1.0,10,17.75325
1.0,26,17.754458
0.0,6,17.754793
0.0,18,17.755656
0.0,8,17.756089
0.0,33,17.757605
0.0,12,17.758211
0.0,13,17.758845
0.0,1,17.758955
0.0,27,17.760226
1.0,14,17.760908
0.0,41,17.762777
0.0,52,17.765143
1.0,33,17.766653
0.0,13,17.767298
1.0,14,17.767971
1.0,23,17.769059
0.0,9,17.769523
1.0,7,17.769896
0.0,19,17.7708
0.0,9,17.771271
0.0,21,17.772261
0.0,2,17.772419
0.0,22,17.773463
0.0,5,17.773751
0.0,2,17.773908
0.0,36,17.775554
0.0,47,17.777689
1.0,30,17.779082
1.0,20,17.780015
0.0,4,17.780267
0.0,7,17.780645
1.0,28,17.781938
0.0,14,17.782629
0.0,12,17.78324
0.0,13,17.783876
1.0,19,17.784777
1.0,9,17.785253
1.0,38,17.786978
0.0,3,17.787188
0.0,5,17.787478
0.0,30,17.788859
0.0,11,17.789418
0.0,28,17.790713
0.0,4,17.790958
0.0,9,17.791432
0.0,32,17.792897
1.0,48,17.795168
0.0,14,17.79585
0.0,5,17.796148
0.0,4,17.796393
1.0,14,17.797087
1.0,6,17.797417
1.0,17,17.798239
0.0,13,17.798871
0.0,30,17.800263
0.0,15,17.800988
0.0,23,17.802073
0.0,85,17.805856
0.0,18,17.806723
0.0,3,17.806926
0.0,40,17.808742
0.0,6,17.809085
1.0,14,17.809766
0.0,10,17.810281
0.0,2,17.81044
0.0,18,17.811298
0.0,3,17.811501
0.0,6,17.811831
0.0,22,17.812867
0.0,16,17.813653
0.0,29,17.814993
0.0,60,17.817688
0.0,2,17.817848
0.0,10,17.81836
0.0,5,17.81865
0.0,30,17.820032
0.0,30,17.821418
0.0,14,17.822108
0.0,5,17.822395
0.0,7,17.822769
1.0,69,17.825856
1.0,46,17.82793
0.0,49,17.830144
0.0,1,17.830258
0.0,36,17.831896
0.0,1,17.832008
0.0,5,17.832304
0.0,52,17.834651
1.0,36,17.836312
0.0,7,17.836687
0.0,31,17.838122
1.0,13,17.838773
0.0,10,17.839286
0.0,12,17.839876
0.0,4,17.84013
0.0,17,17.840941
0.0,5,17.841243
0.0,16,17.84201
0.0,32,17.843489
0.0,12,17.844094
0.0,3,17.844296
1.0,24,17.845413
0.0,20,17.846361
0.0,45,17.848398
0.0,31,17.849824
0.0,4,17.85008
0.0,31,17.851504
0.0,36,17.853158
1.0,10,17.853665
0.0,5,17.85395
0.0,21,17.854943
0.0,8,17.85537
0.0,8,17.855791
0.0,7,17.856179
0.0,2,17.856337
0.0,8,17.856757
0.0,10,17.857272
1.0,20,17.858225
0.0,7,17.858601
0.0,16,17.859375
1.0,55,17.861851
1.0,16,17.862628
0.0,23,17.863711
0.0,13,17.86436
0.0,10,17.864867
1.0,12,17.865467
0.0,1,17.865579
0.0,4,17.865825
0.0,1,17.865937
0.0,24,17.867066
0.0,40,17.868881
0.0,1,17.868996
1.0,26,17.870215
0.0,64,17.873087
1.0,12,17.873677
0.0,2,17.873832
0.0,11,17.874398
0.0,35,17.876003
0.0,2,17.87617
0.0,2,17.876331
0.0,8,17.876747
0.0,14,17.877441
0.0,20,17.878393
1.0,13,17.879028
1.0,14,17.879713
0.0,12,17.880318
0.0,32,17.88179
0.0,18,17.882653
0.0,6,17.882986
0.0,11,17.883549
0.0,13,17.884198
0.0,38,17.885935
1.0,17,17.886756
0.0,18,17.887623
0.0,47,17.889757
0.0,1,17.889872
0.0,5,17.890171
1.0,12,17.890764
0.0,42,17.892675
0.0,14,17.893376
0.0,12,17.894027
0.0,3,17.894236
1.0,14,17.894914
1.0,42,17.896831
0.0,8,17.897262
0.0,12,17.897855
1.0,28,17.899157
1.0,36,17.900796
0.0,18,17.901657
0.0,1,17.901771
0.0,7,17.902155
0.0,14,17.902834
1.0,22,17.903876
1.0,26,17.905092
1.0,17,17.905895
1.0,25,17.907068
1.0,18,17.907911
0.0,37,17.90961
0.0,29,17.910952
0.0,2,17.911122
0.0,27,17.912365
0.0,22,17.913405
0.0,23,17.914492
0.0,9,17.914956
0.0,2,17.915122
1.0,21,17.916114
0.0,35,17.91771
0.0,1,17.917822
0.0,26,17.91903
0.0,1,17.919151
0.0,25,17.920312
0.0,2,17.920469
0.0,30,17.921849
0.0,6,17.922189
1.0,13,17.922823
0.0,40,17.924649
0.0,12,17.925249
0.0,3,17.925452
0.0,17,17.926268
0.0,15,17.926991
0.0,7,17.927375
0.0,1,17.927486
0.0,18,17.928345
0.0,2,17.928502
0.0,30,17.929881
0.0,8,17.930313
0.0,4,17.930558
1.0,21,17.931543
1.0,22,17.932571
0.0,1,17.932685
0.0,18,17.933555
0.0,26,17.93476
0.0,23,17.935837
0.0,6,17.936182
1.0,60,17.938869
0.0,48,17.941025
1.0,23,17.942113
0.0,14,17.942788
1.0,15,17.943528
1.0,12,17.944129
0.0,2,17.944284
0.0,8,17.9447
0.0,9,17.945172
0.0,16,17.945942
0.0,22,17.94697
1.0,9,17.947443
1.0,8,17.947856
0.0,22,17.948894
0.0,1,17.949007
1.0,12,17.949605
0.0,7,17.94998
0.0,34,17.951547
0.0,3,17.951748
1.0,56,17.954268
1.0,10,17.954773
1.0,20,17.95572
1.0,30,17.957105
0.0,31,17.958524
1.0,12,17.959131
0.0,2,17.95929
1.0,14,17.959966
1.0,18,17.960824
0.0,6,17.961166
0.0,14,17.961843
0.0,28,17.963146
0.0,1,17.963259
0.0,18,17.964121
1.0,36,17.965769
0.0,8,17.966203
0.0,1,17.966316
1.0,20,17.967267
0.0,6,17.967601
0.0,38,17.969329
1.0,26,17.970541
1.0,48,17.972706
0.0,21,17.973699
0.0,12,17.974303
0.0,10,17.974807
1.0,33,17.976327
1.0,19,17.977232
0.0,20,17.978176
0.0,27,17.979432
0.0,5,17.979721
0.0,18,17.980585
0.0,8,17.981006
0.0,12,17.981602
0.0,5,17.981891
0.0,5,17.982192
1.0,37,17.983879
1.0,25,17.985043
0.0,4,17.985299
1.0,49,17.987503
1.0,28,17.988798
1.0,9,17.989268
1.0,14,17.989948
0.0,9,17.990421
1.0,23,17.991497
0.0,4,17.991741
1.0,8,17.992168
0.0,7,17.992541
0.0,3,17.992743
0.0,24,17.993868
0.0,13,17.99458
0.0,37,17.996278
0.0,5,17.996572
0.0,13,17.997222
1.0,14,17.997902
0.0,35,17.999511
0.0,5,17.999799
0.0,1,17.999912
0.0,4,18.000167
0.0,11,18.000719
0.0,6,18.001056
0.0,5,18.001345
0.0,3,18.001546
1.0,84,18.005284
0.0,20,18.00623
0.0,2,18.00639
0.0,70,18.009502
0.0,2,18.009662
0.0,15,18.01039
1.0,23,18.011467
0.0,31,18.012892
0.0,10,18.013414
0.0,7,18.013791
0.0,3,18.013992
0.0,4,18.014246
0.0,51,18.016553
0.0,17,18.017373
0.0,6,18.017706
1.0,22,18.01874
0.0,13,18.019387
1.0,11,18.019935
1.0,28,18.021235
0.0,1,18.021348
0.0,27,18.022596
0.0,12,18.023203
0.0,17,18.02401
0.0,55,18.026488
0.0,12,18.027097
0.0,8,18.02752
0.0,3,18.027719
0.0,3,18.027921
1.0,19,18.028821
0.0,60,18.031535
0.0,5,18.031826
0.0,9,18.032296
1.0,36,18.033942
1.0,51,18.036241
0.0,40,18.038057
0.0,32,18.039527
0.0,6,18.039858
1.0,20,18.040804
1.0,8,18.041232
0.0,7,18.041606
1.0,17,18.04242
0.0,34,18.043977
0.0,4,18.044236
0.0,12,18.044828
0.0,31,18.046264
0.0,8,18.046684
0.0,6,18.047013
0.0,22,18.048043
0.0,17,18.048858
1.0,40,18.050681
0.0,17,18.051496
0.0,29,18.052835
1.0,10,18.053355
1.0,38,18.055078
1.0,37,18.056762
0.0,17,18.057578
1.0,17,18.058397
0.0,89,18.062351
0.0,9,18.06281
0.0,46,18.064891
0.0,4,18.065146
0.0,10,18.065652
0.0,6,18.065984
0.0,4,18.066238
0.0,11,18.066786
0.0,2,18.066944
0.0,2,18.067107
1.0,51,18.069408
0.0,12,18.069999
0.0,24,18.071134
0.0,7,18.071508
0.0,5,18.071792
0.0,17,18.072611
0.0,21,18.073606
1.0,24,18.074732
1.0,9,18.075204
0.0,10,18.075714
0.0,11,18.076274
0.0,7,18.076647
0.0,3,18.076849
0.0,2,18.077004
0.0,17,18.077823
0.0,22,18.078861
0.0,10,18.079379
1.0,21,18.080375
1.0,20,18.081322
0.0,15,18.082055
0.0,25,18.08323
0.0,19,18.084139
0.0,1,18.084253
0.0,20,18.085202
0.0,11,18.085751
1.0,30,18.087143
1.0,77,18.090573
0.0,36,18.092236
0.0,2,18.092393
0.0,7,18.092767
1.0,25,18.093936
0.0,6,18.09435
0.0,9,18.094816
0.0,5,18.095117
0.0,26,18.096317
0.0,25,18.097479
0.0,26,18.098685
0.0,26,18.099901
0.0,35,18.10151
0.0,6,18.101842
1.0,17,18.102656
0.0,13,18.103303
0.0,33,18.104809
0.0,5,18.105111
0.0,18,18.105965
0.0,9,18.106439
0.0,2,18.106597
0.0,12,18.107196
1.0,23,18.108269
0.0,8,18.108686
1.0,21,18.109668
0.0,19,18.110573
1.0,9,18.111032
0.0,4,18.111287
1.0,11,18.111832
1.0,17,18.112648
1.0,20,18.1136
0.0,49,18.115805
1.0,35,18.117402
1.0,17,18.118218
0.0,3,18.118419
1.0,64,18.121273
0.0,24,18.122392
0.0,5,18.122681
0.0,9,18.123158
1.0,10,18.12366
0.0,1,18.123771
0.0,6,18.124113
1.0,25,18.125277
1.0,21,18.126263
0.0,39,18.128023
0.0,9,18.128492
0.0,1,18.128604
0.0,12,18.129204
1.0,8,18.129617
1.0,23,18.130691
1.0,11,18.131247
0.0,27,18.132497
1.0,18,18.133362
0.0,8,18.133775
0.0,13,18.13442
0.0,50,18.136669
0.0,5,18.136956
1.0,18,18.137817
0.0,8,18.138246
1.0,27,18.139496
0.0,41,18.141357
1.0,11,18.141906
0.0,60,18.144603
0.0,26,18.145813
0.0,8,18.146245
0.0,11,18.146794
0.0,8,18.147219
0.0,58,18.149816
1.0,28,18.151119
0.0,25,18.152282
0.0,12,18.152874
0.0,10,18.153394
0.0,5,18.153684
0.0,19,18.154584
1.0,78,18.15804
0.0,41,18.159895
1.0,9,18.16037
0.0,6,18.160698
0.0,4,18.160942
0.0,1,18.161063
0.0,18,18.161914
0.0,1,18.162026
0.0,10,18.162542
0.0,6,18.16287
0.0,18,18.163731
0.0,14,18.164418
0.0,8,18.164837
0.0,3,18.165038
1.0,35,18.166641
1.0,20,18.167588
1.0,40,18.169408
1.0,31,18.170831
0.0,1,18.170942
1.0,24,18.172068
1.0,24,18.173192
1.0,20,18.174136
0.0,22,18.175169
1.0,15,18.175889
1.0,70,18.179014
0.0,6,18.179354
0.0,11,18.1799
1.0,31,18.181331
0.0,46,18.183421
0.0,1,18.183534
0.0,2,18.18369
0.0,8,18.184114
0.0,13,18.184745
0.0,9,18.185221
0.0,10,18.185724
1.0,30,18.18712
1.0,22,18.18815
0.0,5,18.188438
0.0,2,18.188594
0.0,2,18.188749
0.0,6,18.18909
1.0,19,18.189982
0.0,7,18.190371
0.0,18,18.191228
0.0,21,18.192222
0.0,8,18.192642
0.0,31,18.194072
1.0,11,18.194681
1.0,24,18.195801
0.0,33,18.197323
0.0,2,18.197483
0.0,70,18.200602
0.0,9,18.201076
0.0,51,18.203384
0.0,4,18.203629
0.0,6,18.203962
0.0,3,18.204173
0.0,4,18.204419
0.0,85,18.208196
1.0,55,18.210659
1.0,24,18.211779
0.0,13,18.212424
0.0,24,18.213554
0.0,12,18.214159
1.0,27,18.215409
0.0,28,18.216716
1.0,11,18.217281
1.0,10,18.217785
0.0,5,18.218081
1.0,41,18.219941
0.0,9,18.22041
1.0,36,18.222046
0.0,13,18.222685
1.0,18,18.223552
0.0,7,18.223927
1.0,17,18.224743
1.0,30,18.226132
0.0,3,18.226331
0.0,18,18.227187
1.0,13,18.227823
0.0,4,18.228078
0.0,5,18.228371
0.0,13,18.229006
0.0,21,18.229993
0.0,20,18.230943
0.0,13,18.231589
0.0,20,18.232543
0.0,9,18.233008
1.0,15,18.233741
0.0,3,18.233944
0.0,2,18.234111
1.0,14,18.23479
0.0,39,18.236573
0.0,23,18.237652
0.0,5,18.237939
0.0,41,18.239802
0.0,4,18.240072
0.0,11,18.240621
1.0,10,18.241132
0.0,12,18.241722
0.0,30,18.243117
0.0,6,18.243454
0.0,8,18.24387
0.0,46,18.245946
1.0,12,18.246549
0.0,24,18.247675
0.0,13,18.248323
0.0,7,18.248699
0.0,39,18.250478
0.0,20,18.251431
0.0,11,18.251981
0.0,6,18.25232
0.0,41,18.254193
0.0,51,18.25649
0.0,21,18.257485
0.0,15,18.258218
0.0,15,18.258939
0.0,7,18.259325
0.0,3,18.259527
1.0,21,18.260517
0.0,4,18.260763
0.0,60,18.263456
1.0,7,18.263833
0.0,2,18.263988
0.0,1,18.264109
0.0,30,18.265488
0.0,12,18.266092
1.0,34,18.267648
0.0,16,18.268424
0.0,21,18.269417
1.0,23,18.270498
1.0,35,18.272104
1.0,41,18.273963
0.0,11,18.274524
0.0,16,18.2753
0.0,9,18.275761
0.0,22,18.276799
0.0,17,18.277615
0.0,7,18.277994
0.0,2,18.278161
0.0,1,18.278272
0.0,31,18.279693
0.0,8,18.280122
0.0,7,18.2805
1.0,31,18.281917
1.0,19,18.282822
0.0,4,18.283081
1.0,22,18.284115
0.0,14,18.284789
0.0,36,18.286433
0.0,3,18.286635
0.0,6,18.286967
1.0,22,18.288
0.0,4,18.288252
1.0,14,18.288931
1.0,30,18.290321
0.0,19,18.291224
0.0,9,18.291687
0.0,9,18.29216
1.0,37,18.293849
1.0,18,18.294708
1.0,50,18.297039
0.0,5,18.297336
1.0,43,18.29929
0.0,13,18.299927
0.0,1,18.30004
0.0,1,18.30016
0.0,4,18.300404
0.0,45,18.302435
0.0,55,18.304904
0.0,16,18.305679
0.0,1,18.305794
1.0,17,18.306608
0.0,6,18.306941
0.0,5,18.30724
1.0,27,18.308489
1.0,30,18.309867
1.0,26,18.311074
1.0,65,18.313974
0.0,9,18.314447
1.0,38,18.316184
0.0,3,18.316384
1.0,22,18.317418
0.0,3,18.317619
1.0,10,18.318134
0.0,7,18.31851
0.0,6,18.318838
0.0,7,18.319221
0.0,81,18.322816
0.0,15,18.323552
0.0,19,18.324458
0.0,32,18.325935
0.0,4,18.326191
1.0,15,18.326914
0.0,1,18.327023
0.0,8,18.327447
1.0,17,18.328265
0.0,6,18.328595
0.0,28,18.32989
1.0,15,18.330617
0.0,14,18.331304
1.0,22,18.332337
1.0,58,18.334934
0.0,25,18.336101
0.0,22,18.33714
0.0,8,18.337562
0.0,20,18.33851
0.0,6,18.338842
0.0,4,18.339098
0.0,7,18.339471
0.0,6,18.339799
1.0,15,18.340531
1.0,14,18.341223
1.0,34,18.342783
0.0,41,18.344656
0.0,14,18.345348
0.0,29,18.34669
0.0,30,18.348076
0.0,1,18.34819
0.0,15,18.348907
0.0,4,18.349161
0.0,3,18.34936
0.0,1,18.349472
0.0,79,18.352967
0.0,12,18.353578
1.0,41,18.355443
1.0,58,18.358058
0.0,14,18.358737
0.0,8,18.359165
0.0,22,18.360212
1.0,10,18.360716
0.0,28,18.362004
0.0,68,18.36504
0.0,3,18.365252
1.0,15,18.365968
0.0,5,18.366262
1.0,46,18.36833
0.0,17,18.369144
1.0,19,18.370037
0.0,3,18.37025
1.0,25,18.371413
1.0,13,18.372047
1.0,33,18.373566
0.0,1,18.373677
0.0,4,18.373918
0.0,26,18.375136
0.0,40,18.376944
0.0,28,18.378253
1.0,50,18.380511
0.0,11,18.381068
1.0,10,18.381572
0.0,14,18.382257
1.0,46,18.38433
0.0,77,18.387751
0.0,23,18.388826
0.0,4,18.389081
0.0,7,18.389458
1.0,31,18.390878
1.0,32,18.392357
0.0,21,18.393355
0.0,19,18.394255
1.0,16,18.395022
0.0,5,18.395313
0.0,27,18.396566
0.0,4,18.396811
1.0,24,18.397928
0.0,13,18.398635
0.0,48,18.400803
0.0,5,18.4011
0.0,12,18.401699
0.0,11,18.402263
1.0,56,18.404775
0.0,7,18.405164
0.0,1,18.405276
1.0,41,18.407142
0.0,6,18.407474
0.0,1,18.407584
0.0,6,18.407916
1.0,9,18.40839
0.0,1,18.408501
0.0,14,18.40919
0.0,5,18.40948
0.0,68,18.412507
0.0,2,18.412666
0.0,8,18.413097
0.0,10,18.413602
0.0,3,18.413803
0.0,2,18.413961
0.0,2,18.414129
0.0,38,18.415854
1.0,8,18.41628
1.0,54,18.418711
1.0,19,18.419611
1.0,17,18.420428
0.0,13,18.421072
0.0,26,18.422276
0.0,3,18.42248
0.0,41,18.424347
0.0,19,18.425247
0.0,7,18.425621
0.0,27,18.426873
1.0,18,18.427732
0.0,22,18.428771
1.0,40,18.430592
1.0,18,18.431453
0.0,18,18.432318
1.0,19,18.433226
0.0,47,18.435345
0.0,4,18.435588
0.0,8,18.436003
0.0,36,18.437652
0.0,4,18.437897
0.0,20,18.438847
0.0,9,18.439322
0.0,2,18.439479
0.0,31,18.440904
1.0,12,18.44151
0.0,6,18.441839
1.0,15,18.442569
1.0,60,18.445261
0.0,13,18.445897
0.0,16,18.446678
0.0,2,18.446835
0.0,30,18.448222
0.0,8,18.44864
0.0,20,18.449591
0.0,1,18.449705
1.0,15,18.450431
0.0,4,18.450677
1.0,22,18.451702
0.0,23,18.452793
1.0,13,18.453448
0.0,2,18.453604
0.0,10,18.454118
1.0,14,18.454794
0.0,6,18.455134
0.0,7,18.455509
1.0,24,18.456626
0.0,42,18.458538
0.0,31,18.459969
0.0,17,18.460788
0.0,8,18.461218
0.0,14,18.461893
0.0,14,18.462585
0.0,5,18.462873
0.0,43,18.464832
1.0,32,18.466306
1.0,29,18.467638
0.0,4,18.467882
0.0,4,18.468136
0.0,12,18.468725
0.0,7,18.469108
0.0,2,18.469264
0.0,10,18.469765
0.0,37,18.471457
0.0,68,18.474492
0.0,29,18.475828
0.0,5,18.476131
0.0,7,18.476505
0.0,9,18.476966
0.0,8,18.477396
0.0,35,18.47899
0.0,4,18.479244
0.0,12,18.479842
0.0,28,18.481147
0.0,53,18.483524
1.0,31,18.484932
1.0,23,18.486006
0.0,7,18.486394
0.0,7,18.486772
0.0,20,18.487719
0.0,14,18.488405
0.0,12,18.489001
0.0,20,18.489945
0.0,14,18.490635
0.0,6,18.490972
0.0,3,18.491184
0.0,12,18.491777
0.0,9,18.492248
0.0,15,18.492977
0.0,4,18.493236
0.0,12,18.49383
0.0,72,18.497034
0.0,4,18.497287
0.0,47,18.49942
1.0,22,18.500516
0.0,6,18.50085
0.0,8,18.501279
0.0,5,18.501567
1.0,8,18.501984
1.0,50,18.504246
0.0,17,18.50507
0.0,4,18.505319
0.0,10,18.505819
1.0,32,18.507293
0.0,5,18.507581
1.0,31,18.508987
1.0,19,18.509883
1.0,39,18.511669
0.0,17,18.512491
0.0,11,18.513041
0.0,2,18.513215
0.0,3,18.513416
0.0,24,18.514542
0.0,24,18.515663
1.0,54,18.518098
0.0,34,18.519647
1.0,18,18.520507
0.0,2,18.520664
0.0,1,18.520774
0.0,12,18.521378
1.0,13,18.52201
0.0,1,18.522128
0.0,3,18.522331
0.0,14,18.523003
1.0,31,18.52443
0.0,6,18.524763
0.0,55,18.527233
0.0,18,18.528096
0.0,14,18.528776
0.0,52,18.531116
0.0,4,18.531361
0.0,20,18.532299
1.0,63,18.535133
0.0,35,18.53672
0.0,6,18.537061
1.0,32,18.538525
1.0,70,18.541651
0.0,13,18.542299
1.0,19,18.543207
0.0,11,18.543751
0.0,39,18.545524
0.0,13,18.546173
0.0,21,18.54716
1.0,16,18.547925
0.0,13,18.548568
0.0,7,18.548942
0.0,8,18.549371
0.0,1,18.549485
0.0,4,18.549731
0.0,2,18.549889
0.0,4,18.550143
0.0,10,18.55065
0.0,2,18.550807
0.0,1,18.550916
1.0,17,18.551731
0.0,19,18.552634
0.0,38,18.554378
1.0,25,18.555534
0.0,25,18.556694
1.0,31,18.558127
1.0,35,18.559717
0.0,24,18.560839
0.0,46,18.562917
0.0,2,18.56309
0.0,24,18.564204
0.0,38,18.565934
0.0,7,18.566323
0.0,18,18.567181
1.0,87,18.571031
0.0,2,18.571196
1.0,15,18.571909
0.0,31,18.573344
0.0,1,18.573455
0.0,10,18.573952
0.0,20,18.574903
0.0,3,18.575113
0.0,2,18.575272
0.0,7,18.575644
0.0,7,18.576018
0.0,2,18.576181
0.0,10,18.576684
1.0,15,18.577413
1.0,24,18.578537
0.0,10,18.579041
1.0,22,18.580078
0.0,38,18.5818
0.0,6,18.583673
0.0,41,18.587572
0.0,7,18.587951
0.0,12,18.588552
1.0,18,18.589419
0.0,2,18.589575
0.0,2,18.58973
1.0,34,18.591287
0.0,28,18.592585
0.0,85,18.596366
1.0,8,18.596787
0.0,12,18.597389
0.0,71,18.600562
0.0,2,18.600719
0.0,46,18.602798
0.0,12,18.603409
0.0,10,18.603991
0.0,20,18.604937
0.0,13,18.605585
0.0,7,18.605964
0.0,6,18.606307
0.0,35,18.6079
0.0,21,18.608898
1.0,21,18.609891
1.0,9,18.610365
0.0,12,18.610953
0.0,35,18.612559
0.0,35,18.614174
0.0,9,18.614638
0.0,3,18.614837
0.0,40,18.61666
1.0,43,18.618611
0.0,8,18.61903
1.0,35,18.620633
0.0,19,18.621543
0.0,3,18.621745
0.0,5,18.62204
0.0,27,18.623303
0.0,2,18.623463
0.0,64,18.626338
0.0,5,18.626627
0.0,16,18.6274
1.0,28,18.628696
0.0,5,18.628984
1.0,14,18.629671
0.0,11,18.630233
0.0,19,18.63114
0.0,2,18.631296
0.0,11,18.631844
1.0,32,18.633319
0.0,6,18.633651
0.0,5,18.633935
1.0,13,18.634574
0.0,2,18.634732
0.0,4,18.634976
0.0,26,18.636191
1.0,10,18.636694
0.0,12,18.637294
0.0,11,18.63784
1.0,13,18.638487
0.0,12,18.63909
0.0,26,18.640297
1.0,29,18.641634
1.0,28,18.642924
0.0,1,18.643036
0.0,2,18.643209
0.0,8,18.643628
0.0,6,18.643959
0.0,16,18.644732
0.0,10,18.645249
0.0,11,18.645796
1.0,31,18.647233
1.0,88,18.651148
1.0,49,18.653366
1.0,39,18.655136
0.0,3,18.655336
1.0,14,18.656015
1.0,36,18.657651
0.0,39,18.659437
0.0,40,18.661261
1.0,9,18.661721
0.0,8,18.662151
0.0,33,18.663662
0.0,12,18.664268
0.0,3,18.664468
0.0,8,18.664886
0.0,16,18.665655
0.0,1,18.665783
0.0,23,18.66686
0.0,2,18.667018
0.0,8,18.667438
0.0,5,18.667726
1.0,8,18.668155
0.0,8,18.668576
0.0,5,18.668862
0.0,11,18.669417
0.0,28,18.67071
1.0,39,18.672481
0.0,3,18.672683
1.0,43,18.674632
0.0,10,18.675143
1.0,26,18.676345
1.0,48,18.678512
1.0,93,18.682627
1.0,12,18.683235
0.0,2,18.683391
0.0,10,18.68389
0.0,33,18.685413
0.0,1,18.685527
0.0,4,18.685768
0.0,1,18.68588
0.0,23,18.686953
0.0,20,18.687909
1.0,47,18.69003
0.0,1,18.69015
1.0,10,18.690656
0.0,3,18.690855
0.0,37,18.692544
0.0,6,18.692873
0.0,19,18.69378
0.0,18,18.694644
0.0,49,18.696855
0.0,2,18.697016
0.0,13,18.697662
1.0,20,18.698618
0.0,16,18.699393
0.0,14,18.700079
1.0,19,18.700974
0.0,7,18.70136
0.0,14,18.702041
0.0,1,18.702165
1.0,14,18.702839
0.0,4,18.703099
0.0,12,18.703697
0.0,1,18.703865
0.0,1,18.703978
1.0,14,18.704661
1.0,16,18.705441
1.0,10,18.705944
0.0,16,18.70672
1.0,57,18.70929
0.0,6,18.709622
0.0,2,18.709779
0.0,6,18.710122
1.0,20,18.711062
1.0,39,18.712823
0.0,3,18.713023
0.0,4,18.71328
1.0,28,18.714574
0.0,2,18.71473
0.0,6,18.715067
0.0,10,18.715573
0.0,57,18.718145
0.0,1,18.718257
0.0,53,18.720626
0.0,13,18.721273
0.0,81,18.724874
0.0,8,18.725302
0.0,9,18.725766
0.0,24,18.726886
1.0,31,18.728317
1.0,33,18.729824
0.0,19,18.730733
0.0,1,18.730846
0.0,11,18.731399
0.0,39,18.733193
0.0,4,18.733436
0.0,3,18.733634
1.0,22,18.734666
0.0,3,18.734868
0.0,1,18.73498
0.0,13,18.735621
0.0,12,18.736228
0.0,6,18.736557
0.0,8,18.73697
0.0,11,18.737529
0.0,19,18.738436
0.0,1,18.738548
1.0,11,18.739108
0.0,15,18.739825
1.0,34,18.741384
1.0,21,18.742379
0.0,4,18.742622
0.0,4,18.742863
0.0,12,18.743471
0.0,1,18.743584
0.0,6,18.743916
0.0,5,18.744213
1.0,47,18.746337
0.0,22,18.747377
0.0,5,18.747669
0.0,14,18.748357
0.0,2,18.748514
1.0,22,18.749546
1.0,17,18.750369
0.0,20,18.751317
0.0,23,18.752404
0.0,19,18.753318
0.0,40,18.75515
1.0,8,18.755568
0.0,24,18.756687
0.0,2,18.756847
0.0,36,18.758492
0.0,7,18.758864
0.0,25,18.760026
0.0,3,18.760245
0.0,1,18.760357
0.0,12,18.760949
0.0,23,18.762024
1.0,11,18.762583
0.0,8,18.762999
0.0,28,18.7643
1.0,10,18.764807
0.0,28,18.766104
0.0,3,18.766305
0.0,10,18.766809
1.0,26,18.768006
1.0,40,18.769823
0.0,22,18.770855
0.0,5,18.771156
0.0,11,18.771706
0.0,1,18.771816
0.0,2,18.771973
0.0,21,18.772972
0.0,11,18.773538
0.0,10,18.774042
0.0,4,18.774294
0.0,5,18.774583
0.0,11,18.775142
1.0,15,18.775861
1.0,32,18.777335
0.0,38,18.779063
0.0,3,18.779264
0.0,13,18.779899
0.0,6,18.780241
0.0,17,18.781047
0.0,5,18.781348
0.0,9,18.781811
1.0,12,18.782414
0.0,33,18.783994
0.0,13,18.784741
0.0,1,18.784858
0.0,5,18.785161
1.0,60,18.787854
0.0,13,18.788503
1.0,75,18.79185
1.0,26,18.793077
1.0,18,18.793928
0.0,18,18.794791
0.0,13,18.79544
0.0,14,18.796129
0.0,7,18.796502
1.0,35,18.798108
1.0,25,18.799273
0.0,15,18.799995
0.0,10,18.80051
0.0,7,18.800888
0.0,1,18.800999
1.0,34,18.802558
0.0,9,18.803021
0.0,40,18.804848
1.0,19,18.805822
1.0,17,18.806647
0.0,22,18.807684
0.0,3,18.807884
1.0,21,18.808877
0.0,4,18.809134
1.0,78,18.812602
0.0,7,18.812976
0.0,4,18.813235
0.0,4,18.813482
0.0,8,18.813902
0.0,5,18.814203
0.0,14,18.814886
1.0,8,18.815314
0.0,46,18.81739
1.0,26,18.818601
0.0,1,18.818712
0.0,7,18.819102
0.0,21,18.820092
0.0,3,18.820295
0.0,22,18.821328
1.0,41,18.823198
0.0,2,18.823354
0.0,2,18.823508
1.0,14,18.824198
1.0,26,18.825406
1.0,25,18.826571
1.0,30,18.827957
1.0,11,18.828516
0.0,9,18.828978
0.0,7,18.829361
1.0,23,18.830443
0.0,1,18.830556
0.0,20,18.831507
0.0,23,18.832595
0.0,20,18.833558
1.0,24,18.834691
1.0,6,18.835023
1.0,55,18.837508
0.0,35,18.839113
0.0,2,18.83927
0.0,18,18.840131
0.0,2,18.840291
0.0,23,18.841372
0.0,24,18.8425
0.0,8,18.842919
0.0,4,18.84318
0.0,5,18.843472
0.0,3,18.843673
0.0,3,18.843874
0.0,5,18.844173
0.0,18,18.845027
0.0,7,18.845414
0.0,13,18.846045
0.0,38,18.847773
0.0,2,18.84793
0.0,6,18.848275
0.0,34,18.849832
1.0,16,18.85061
0.0,14,18.851297
0.0,5,18.851598
0.0,16,18.852373
0.0,2,18.85253
1.0,33,18.854039
0.0,55,18.85652
0.0,1,18.856635
0.0,43,18.858595
1.0,21,18.859594
0.0,28,18.860889
0.0,4,18.861145
0.0,24,18.862274
0.0,4,18.862523
0.0,15,18.863259
1.0,14,18.863939
1.0,16,18.864708
0.0,27,18.865961
0.0,5,18.866264
0.0,47,18.868386
0.0,5,18.868675
1.0,38,18.870409
0.0,7,18.870785
0.0,7,18.87117
1.0,50,18.873442
0.0,45,18.875493
1.0,65,18.878406
0.0,8,18.878827
0.0,1,18.878937
0.0,13,18.879577
0.0,1,18.879691
0.0,9,18.880159
0.0,6,18.880492
1.0,13,18.881135
0.0,8,18.881557
0.0,6,18.881886
0.0,21,18.882878
1.0,26,18.884101
1.0,21,18.88509
0.0,3,18.885293
0.0,8,18.88571
0.0,6,18.88604
0.0,14,18.886728
0.0,3,18.88693
1.0,19,18.887839
1.0,19,18.888747
0.0,35,18.890359
0.0,24,18.891479
0.0,14,18.89217
0.0,16,18.892936
1.0,16,18.893718
0.0,8,18.894149
0.0,3,18.894349
0.0,6,18.894677
0.0,71,18.897846
1.0,19,18.898763
0.0,2,18.898919
0.0,2,18.899087
0.0,11,18.899637
0.0,12,18.900242
0.0,32,18.901711
1.0,32,18.903193
0.0,1,18.903306
0.0,39,18.905086
1.0,23,18.906222
0.0,4,18.906469
1.0,22,18.907506
0.0,39,18.909288
0.0,27,18.910542
0.0,12,18.911151
0.0,5,18.911441
0.0,1,18.911552
0.0,18,18.91241
0.0,34,18.913972
0.0,6,18.914317
1.0,8,18.914733
1.0,15,18.915459
0.0,2,18.915617
1.0,78,18.919078
1.0,7,18.91945
0.0,24,18.920569
1.0,47,18.922703
1.0,24,18.923825
1.0,77,18.928107
1.0,25,18.9293
0.0,32,18.930766
0.0,6,18.931112
0.0,1,18.931226
0.0,6,18.931557
0.0,1,18.931669
0.0,16,18.932446
0.0,7,18.932822
0.0,10,18.933345
0.0,97,18.937661
0.0,7,18.938036
0.0,19,18.938936
0.0,11,18.939494
0.0,8,18.939915
0.0,7,18.940301
0.0,29,18.941652
0.0,8,18.942085
0.0,8,18.942504
1.0,31,18.943937
1.0,12,18.94454
1.0,25,18.945709
0.0,1,18.945822
1.0,24,18.946949
0.0,15,18.947682
0.0,28,18.948982
1.0,26,18.950205
0.0,36,18.951849
0.0,11,18.952414
0.0,8,18.952832
0.0,4,18.953096
0.0,37,18.954777
0.0,1,18.954889
0.0,19,18.9558
0.0,19,18.956706
0.0,45,18.958749
0.0,2,18.958906
1.0,30,18.960307
0.0,5,18.960599
1.0,11,18.961157
0.0,21,18.962154
0.0,10,18.962662
0.0,58,18.965292
0.0,20,18.966246
0.0,5,18.966537
1.0,47,18.968671
0.0,11,18.969234
0.0,2,18.969393
0.0,15,18.970127
1.0,69,18.973226
1.0,34,18.974782
0.0,6,18.975126
0.0,1,18.975238
1.0,20,18.976188
1.0,27,18.977447
0.0,4,18.977693
1.0,60,18.980395
1.0,21,18.981389
0.0,48,18.983566
0.0,36,18.98522
0.0,43,18.987175
0.0,26,18.98839
1.0,28,18.989693
0.0,2,18.989849
0.0,4,18.990104
0.0,14,18.990787
1.0,14,18.991477
0.0,5,18.991767
0.0,30,18.99316
1.0,13,18.9938
1.0,17,18.99462
0.0,17,18.99544
0.0,19,18.996351
0.0,3,18.996553
0.0,5,18.996837
0.0,64,18.999713
0.0,10,19.000231
0.0,4,19.000479
0.0,1,19.000588
1.0,30,19.001975
1.0,15,19.00271
1.0,24,19.00384
1.0,42,19.005747
0.0,6,19.006088
0.0,9,19.006552
1.0,13,19.007199
0.0,4,19.007443
0.0,4,19.007684
1.0,20,19.008634
0.0,63,19.011479
0.0,41,19.013367
0.0,35,19.014967
0.0,61,19.017719
0.0,12,19.018326
0.0,7,19.018703
1.0,25,19.019869
0.0,24,19.020991
0.0,26,19.022208
0.0,1,19.022379
0.0,35,19.023994
1.0,12,19.024597
1.0,53,19.026982
0.0,4,19.02724
0.0,1,19.027351
0.0,12,19.027946
0.0,17,19.028764
0.0,1,19.028878
0.0,4,19.029132
0.0,10,19.029638
0.0,7,19.030015
0.0,8,19.030445
0.0,2,19.030602
0.0,4,19.030843
0.0,37,19.032536
1.0,14,19.033231
0.0,10,19.033738
0.0,4,19.03398
1.0,12,19.03458
1.0,31,19.036008
0.0,17,19.036827
1.0,18,19.037686
0.0,58,19.040288
0.0,1,19.040402
1.0,37,19.042084
1.0,42,19.043991
1.0,26,19.04521
0.0,4,19.045453
0.0,6,19.045784
1.0,21,19.046771
0.0,24,19.047897
0.0,1,19.048008
0.0,10,19.048524
0.0,4,19.048772
0.0,4,19.049016
0.0,16,19.049785
0.0,28,19.05109
0.0,16,19.051857
1.0,14,19.052545
0.0,20,19.053515
1.0,30,19.054898
0.0,28,19.056203
1.0,19,19.057112
0.0,17,19.057914
1.0,12,19.058517
1.0,26,19.059725
0.0,16,19.060504
0.0,11,19.06107
0.0,6,19.061406
1.0,12,19.061996
1.0,34,19.063563
1.0,30,19.064944
0.0,31,19.066381
0.0,3,19.066584
0.0,19,19.067499
0.0,44,19.069495
0.0,3,19.069696
0.0,2,19.069853
1.0,52,19.07221
1.0,43,19.074168
0.0,24,19.0753
0.0,7,19.075678
0.0,10,19.076193
0.0,11,19.076741
0.0,1,19.076851
1.0,6,19.077194
1.0,31,19.078614
0.0,1,19.078727
0.0,5,19.079013
0.0,29,19.080356
0.0,9,19.080819
0.0,39,19.082594
0.0,7,19.082969
0.0,12,19.083575
0.0,1,19.083688
0.0,10,19.0842
0.0,24,19.085324
1.0,25,19.086487
1.0,22,19.087519
0.0,3,19.087721
0.0,3,19.08792
1.0,13,19.088567
0.0,10,19.089083
0.0,3,19.089284
0.0,2,19.089442
0.0,4,19.089683
0.0,4,19.089928
0.0,27,19.091188
0.0,5,19.091479
0.0,22,19.092516
0.0,30,19.093904
0.0,66,19.096872
0.0,12,19.097477
0.0,4,19.09772
0.0,4,19.097962
1.0,31,19.099397
0.0,11,19.099944
0.0,32,19.101424
0.0,5,19.101715
0.0,2,19.101872
1.0,15,19.102603
1.0,24,19.103727
0.0,5,19.104017
0.0,13,19.10466
0.0,15,19.105399
1.0,30,19.10678
0.0,52,19.109129
0.0,2,19.109289
1.0,19,19.110192
0.0,28,19.111487
0.0,54,19.113932
0.0,2,19.1141
0.0,35,19.115705
0.0,5,19.115995
0.0,5,19.116295
0.0,8,19.116718
1.0,30,19.118109
0.0,5,19.118396
0.0,15,19.119129
0.0,29,19.120467
0.0,4,19.120715
0.0,13,19.121361
0.0,5,19.121652
0.0,4,19.121894
0.0,1,19.122006
0.0,20,19.122951
0.0,15,19.123747
0.0,23,19.124821
0.0,7,19.125207
1.0,35,19.126806
1.0,56,19.129343
1.0,29,19.130681
0.0,13,19.131326
0.0,16,19.1321
0.0,17,19.132903
0.0,4,19.133162
0.0,19,19.13406
1.0,24,19.135185
0.0,13,19.135818
0.0,5,19.136116
1.0,19,19.137014
0.0,6,19.137354
0.0,3,19.137556
0.0,23,19.138638
0.0,17,19.139459
1.0,11,19.140008
0.0,4,19.14026
0.0,11,19.14081
0.0,1,19.140922
1.0,8,19.141354
0.0,4,19.1416
0.0,15,19.142329
0.0,36,19.143982
0.0,12,19.144586
0.0,26,19.145799
0.0,13,19.146449
0.0,54,19.14888
0.0,14,19.149569
1.0,15,19.150306
1.0,25,19.151475
0.0,20,19.152425
0.0,12,19.153014
0.0,17,19.153834
0.0,15,19.15457
0.0,12,19.155176
0.0,2,19.155335
0.0,29,19.156678
0.0,10,19.157192
1.0,29,19.158531
0.0,7,19.158906
0.0,13,19.159554
0.0,17,19.160385
0.0,24,19.161512
0.0,77,19.164946
0.0,7,19.165336
0.0,2,19.165495
0.0,4,19.165739
0.0,3,19.165939
0.0,15,19.166675
1.0,37,19.168373
1.0,45,19.170417
0.0,62,19.173204
0.0,26,19.174418
1.0,18,19.175282
0.0,3,19.175486
1.0,27,19.176742
0.0,5,19.177032
0.0,16,19.177808
0.0,5,19.178107
0.0,3,19.178311
0.0,11,19.178861
0.0,4,19.179116
0.0,5,19.179404
1.0,14,19.180096
1.0,43,19.182057
0.0,33,19.183574
0.0,5,19.183865
0.0,17,19.184689
0.0,5,19.184981
0.0,53,19.187386
1.0,11,19.187935
1.0,26,19.189155
1.0,40,19.190972
0.0,45,19.193016
0.0,25,19.194192
0.0,24,19.195318
1.0,81,19.198936
0.0,2,19.199105
1.0,18,19.199964
0.0,5,19.200264
1.0,29,19.201609
0.0,11,19.202169
0.0,11,19.202722
0.0,12,19.203336
0.0,9,19.203799
0.0,26,19.205004
1.0,17,19.205824
0.0,6,19.206169
0.0,4,19.206414
0.0,19,19.207317
1.0,18,19.208185
0.0,19,19.209095
0.0,45,19.211145
0.0,2,19.211303
0.0,2,19.21146
0.0,4,19.211702
0.0,11,19.212266
0.0,6,19.212598
1.0,9,19.213076
0.0,28,19.214372
1.0,32,19.215839
0.0,16,19.216624
0.0,14,19.217317
1.0,26,19.218536
1.0,12,19.219139
0.0,3,19.219339
0.0,6,19.219672
0.0,1,19.219784
0.0,25,19.220948
0.0,17,19.221765
1.0,33,19.2233
0.0,19,19.224208
0.0,1,19.22432
1.0,25,19.225558
0.0,10,19.226078
1.0,18,19.22693
0.0,4,19.227186
0.0,11,19.227736
0.0,31,19.229174
0.0,3,19.229378
1.0,17,19.230201
0.0,3,19.230406
0.0,19,19.231314
0.0,19,19.232222
0.0,1,19.232335
1.0,44,19.234335
0.0,19,19.235243
0.0,23,19.236325
0.0,40,19.238138
0.0,13,19.238777
0.0,15,19.239511
0.0,6,19.239845
0.0,2,19.240001
0.0,5,19.240298
1.0,12,19.24089
0.0,8,19.241318
1.0,13,19.241955
0.0,6,19.242296
0.0,12,19.24289
0.0,3,19.243106
0.0,6,19.24344
0.0,17,19.244261
0.0,5,19.244554
1.0,13,19.245198
0.0,2,19.245357
0.0,6,19.245686
0.0,6,19.246017
0.0,12,19.24662
0.0,49,19.248834
0.0,34,19.250398
0.0,4,19.250642
0.0,7,19.251013
0.0,35,19.252618
0.0,4,19.252864
0.0,13,19.253516
0.0,20,19.254469
0.0,1,19.25458
0.0,26,19.255794
0.0,3,19.25601
0.0,27,19.257275
0.0,45,19.259315
0.0,42,19.261234
1.0,18,19.262097
0.0,36,19.26375
0.0,1,19.263864
1.0,38,19.265595
0.0,4,19.265841
0.0,8,19.266273
0.0,9,19.266736
0.0,4,19.26698
0.0,10,19.267494
0.0,2,19.267654
0.0,11,19.268209
1.0,22,19.269245
0.0,12,19.269839
0.0,19,19.270749
1.0,27,19.271999
0.0,19,19.272904
0.0,31,19.274352
0.0,9,19.274812
1.0,8,19.275241
0.0,27,19.276491
0.0,8,19.276912
0.0,3,19.277122
0.0,4,19.277367
1.0,13,19.277999
0.0,17,19.278814
1.0,16,19.279592
1.0,14,19.280284
0.0,54,19.282706
0.0,51,19.285017
0.0,3,19.285224
0.0,26,19.286433
0.0,14,19.287124
1.0,54,19.289545
0.0,57,19.292116
0.0,1,19.292228
0.0,4,19.29247
0.0,21,19.293466
0.0,12,19.294069
0.0,27,19.295322
0.0,23,19.296403
1.0,52,19.298746
0.0,5,19.299036
0.0,1,19.299157
0.0,26,19.300365
0.0,15,19.301102
0.0,11,19.301651
0.0,7,19.302025
1.0,29,19.303375
0.0,7,19.303749
1.0,39,19.305519
0.0,7,19.305894
0.0,3,19.306107
1.0,39,19.307867
0.0,1,19.307978
0.0,4,19.308234
0.0,18,19.309093
0.0,5,19.309385
1.0,23,19.310465
0.0,2,19.310624
0.0,2,19.310778
0.0,17,19.311595
1.0,41,19.313461
0.0,34,19.315023
0.0,3,19.315234
1.0,7,19.315606
1.0,15,19.316341
0.0,5,19.316628
0.0,10,19.317148
1.0,28,19.318446
0.0,3,19.318648
0.0,8,19.31908
0.0,4,19.319326
1.0,30,19.320702
1.0,12,19.321307
0.0,5,19.3216
0.0,19,19.322509
0.0,10,19.323016
0.0,3,19.323231
1.0,45,19.325265
0.0,25,19.326496
1.0,15,19.327229
0.0,18,19.328095
0.0,2,19.328253
0.0,6,19.328585
0.0,49,19.330796
0.0,3,19.330998
0.0,41,19.332859
0.0,9,19.333341
0.0,14,19.334026
0.0,24,19.335154
0.0,40,19.336971
0.0,8,19.337403
0.0,10,19.337908
0.0,14,19.338596
1.0,28,19.3399
1.0,15,19.340635
0.0,27,19.341886
0.0,1,19.341998
1.0,27,19.343271
0.0,33,19.344783
1.0,21,19.345773
0.0,9,19.346245
0.0,1,19.346359
1.0,28,19.347662
0.0,19,19.348567
0.0,16,19.349346
1.0,27,19.350607
1.0,12,19.351209
0.0,2,19.351365
0.0,23,19.352453
0.0,6,19.352786
0.0,3,19.352985
0.0,2,19.353159
0.0,6,19.353492
0.0,7,19.353867
0.0,11,19.354425
0.0,72,19.357656
0.0,46,19.359738
1.0,21,19.36074
0.0,72,19.363954
1.0,21,19.364948
0.0,21,19.365941
0.0,11,19.366502
0.0,7,19.366877
0.0,2,19.367034
0.0,1,19.367154
0.0,54,19.369578
0.0,29,19.370917
0.0,5,19.371216
0.0,44,19.373213
0.0,22,19.374247
0.0,30,19.375632
0.0,17,19.376451
0.0,23,19.377534
0.0,25,19.3787
0.0,13,19.379348
0.0,6,19.379682
0.0,8,19.380108
0.0,28,19.381403
0.0,15,19.382136
0.0,1,19.382247
0.0,12,19.38284
0.0,48,19.385026
0.0,14,19.385714
0.0,20,19.386666
0.0,7,19.387041
0.0,63,19.389871
0.0,9,19.390343
1.0,17,19.39116
1.0,40,19.392973
0.0,10,19.393495
0.0,27,19.394746
1.0,34,19.396308
1.0,31,19.397737
0.0,7,19.398124
0.0,85,19.401897
1.0,26,19.403124
1.0,10,19.403631
0.0,13,19.404278
0.0,5,19.404568
0.0,52,19.406914
0.0,3,19.407129
0.0,4,19.407375
0.0,2,19.40753
0.0,6,19.407857
0.0,55,19.410336
0.0,2,19.410493
0.0,20,19.411445
0.0,6,19.411777
0.0,20,19.412726
0.0,15,19.413467
0.0,7,19.41384
0.0,43,19.415791
1.0,30,19.417189
0.0,19,19.418096
0.0,1,19.41821
0.0,25,19.419375
1.0,20,19.420324
1.0,16,19.421102
0.0,9,19.421567
0.0,17,19.422388
1.0,11,19.422938
0.0,33,19.424466
1.0,25,19.425631
0.0,1,19.425742
0.0,55,19.428223
0.0,4,19.42847
0.0,7,19.428846
1.0,11,19.429404
1.0,28,19.430701
0.0,10,19.431221
0.0,1,19.431335
0.0,5,19.431621
0.0,6,19.431953
0.0,5,19.43225
0.0,10,19.432755
0.0,15,19.433496
0.0,8,19.433917
0.0,48,19.436093
0.0,8,19.436568
0.0,30,19.437953
0.0,18,19.438823
0.0,16,19.439604
0.0,14,19.440291
1.0,14,19.440967
1.0,21,19.441962
0.0,1,19.442085
0.0,59,19.444727
0.0,1,19.444842
0.0,17,19.445662
1.0,38,19.447403
0.0,12,19.447998
0.0,8,19.448428
0.0,24,19.449553
0.0,4,19.4498
0.0,3,19.450002
0.0,17,19.450819
1.0,20,19.451772
1.0,41,19.45365
0.0,21,19.454643
0.0,13,19.455291
0.0,22,19.456328
1.0,10,19.456832
0.0,17,19.457649
0.0,30,19.459036
0.0,28,19.460339
1.0,22,19.461371
0.0,3,19.461571
0.0,35,19.463182
0.0,1,19.463309
0.0,3,19.463511
0.0,4,19.463753
1.0,14,19.46444
0.0,20,19.465388
1.0,23,19.466467
0.0,28,19.46776
0.0,3,19.467963
0.0,20,19.468909
0.0,1,19.469023
1.0,13,19.469666
1.0,23,19.470745
1.0,19,19.471646
0.0,3,19.471849
0.0,37,19.473553
0.0,5,19.473844
0.0,5,19.474139
1.0,19,19.475034
0.0,8,19.47546
0.0,15,19.476191
0.0,67,19.479186
0.0,4,19.47943
0.0,8,19.479849
0.0,3,19.480058
0.0,13,19.480695
0.0,2,19.480851
0.0,6,19.481195
0.0,13,19.48183
0.0,2,19.481985
0.0,19,19.482893
1.0,11,19.483459
0.0,35,19.485065
0.0,22,19.486105
1.0,21,19.487093
0.0,1,19.487206
0.0,30,19.488583
1.0,20,19.489531
0.0,19,19.490438
0.0,4,19.490684
0.0,17,19.491503
1.0,8,19.491919
0.0,11,19.492479
1.0,25,19.493646
0.0,5,19.493933
0.0,6,19.494276
0.0,57,19.496827
1.0,9,19.4973
0.0,45,19.499347
0.0,2,19.499506
1.0,21,19.500495
0.0,4,19.500741
0.0,10,19.501259
0.0,9,19.501722
0.0,1,19.501832
0.0,7,19.502218
0.0,26,19.503433
0.0,2,19.50359
1.0,19,19.504494
0.0,6,19.504828
0.0,4,19.50508
1.0,55,19.507549
0.0,12,19.508153
0.0,58,19.510745
0.0,21,19.511735
0.0,13,19.512387
1.0,23,19.513473
0.0,48,19.515639
1.0,42,19.517554
0.0,7,19.517929
0.0,12,19.518528
1.0,10,19.519034
0.0,6,19.519373
0.0,21,19.520364
0.0,1,19.520478
0.0,48,19.522645
0.0,8,19.523077
0.0,35,19.52468
0.0,1,19.524792
0.0,2,19.524946
0.0,29,19.526289
0.0,3,19.526494
0.0,30,19.527874
1.0,23,19.528951
0.0,16,19.529725
0.0,48,19.531902
0.0,6,19.532247
0.0,7,19.532623
0.0,12,19.533232
1.0,17,19.53404
0.0,3,19.534252
0.0,11,19.534799
1.0,50,19.537058
0.0,1,19.537229
0.0,7,19.537608
0.0,1,19.53772
0.0,61,19.540471
0.0,2,19.540629
1.0,54,19.543067
1.0,15,19.543788
0.0,4,19.544032
0.0,6,19.544373
0.0,20,19.545317
1.0,24,19.546443
0.0,11,19.546991
0.0,1,19.547113
0.0,6,19.547447
0.0,24,19.548569
0.0,5,19.548859
1.0,18,19.549722
0.0,31,19.551153
0.0,10,19.55166
0.0,10,19.552184
1.0,22,19.553227
0.0,36,19.554865
1.0,13,19.555518
0.0,7,19.55589
0.0,13,19.556535
0.0,35,19.558154
1.0,13,19.55879
0.0,61,19.561548
0.0,2,19.561708
0.0,19,19.562611
0.0,15,19.563351
0.0,6,19.563684
0.0,12,19.564292
0.0,10,19.564802
0.0,12,19.5654
0.0,7,19.565773
0.0,15,19.56651
0.0,3,19.566712
0.0,1,19.566822
0.0,54,19.56926
0.0,32,19.570734
1.0,15,19.571471
0.0,10,19.571975
0.0,16,19.572751
0.0,2,19.572911
0.0,15,19.573652
1.0,14,19.574345
0.0,5,19.57463
1.0,15,19.575359
0.0,28,19.576655
0.0,19,19.577565
0.0,10,19.578084
1.0,11,19.578632
1.0,48,19.580801
0.0,10,19.581318
0.0,27,19.582567
0.0,16,19.583347
0.0,11,19.583898
0.0,4,19.584154
0.0,6,19.584485
1.0,25,19.585649
0.0,6,19.585982
1.0,22,19.587016
1.0,20,19.587962
1.0,13,19.588614
1.0,6,19.588943
1.0,20,19.589893
0.0,10,19.590405
0.0,2,19.590564
0.0,74,19.593871
0.0,21,19.594863
0.0,4,19.59512
0.0,20,19.596069
1.0,11,19.596616
0.0,9,19.597086
0.0,11,19.597632
0.0,65,19.600539
0.0,7,19.600913
0.0,5,19.60121
0.0,27,19.602455
0.0,38,19.604192
0.0,22,19.605231
0.0,11,19.605777
0.0,33,19.607295
0.0,4,19.60754
0.0,24,19.608661
0.0,11,19.609223
0.0,1,19.609336
0.0,24,19.610456
0.0,12,19.611044
0.0,14,19.61173
1.0,33,19.613257
0.0,22,19.614297
0.0,27,19.615546
0.0,24,19.616664
0.0,35,19.618273
0.0,17,19.61909
0.0,21,19.620075
0.0,7,19.62045
0.0,11,19.620999
0.0,9,19.62147
0.0,16,19.622248
1.0,36,19.623895
0.0,5,19.624193
1.0,28,19.625484
1.0,31,19.626905
0.0,5,19.627206
0.0,2,19.627365
0.0,1,19.627476
0.0,14,19.628167
0.0,1,19.62828
0.0,16,19.62904
0.0,17,19.629853
1.0,24,19.630971
0.0,1,19.631093
1.0,30,19.632477
0.0,29,19.633823
0.0,3,19.634024
0.0,35,19.635629
1.0,30,19.637005
1.0,18,19.637865
0.0,33,19.639447
1.0,15,19.640182
0.0,13,19.640816
0.0,24,19.641937
1.0,9,19.642409
1.0,36,19.64407
0.0,13,19.644707
0.0,49,19.646913
1.0,20,19.647861
0.0,33,19.649379
0.0,12,19.649972
1.0,20,19.650918
0.0,16,19.651692
1.0,19,19.652597
0.0,4,19.652845
0.0,12,19.653456
0.0,1,19.653568
0.0,4,19.653814
0.0,15,19.654551
1.0,39,19.656331
0.0,31,19.657757
0.0,19,19.658681
1.0,18,19.65954
0.0,1,19.659651
1.0,30,19.66103
0.0,2,19.661193
1.0,40,19.662995
0.0,28,19.664308
0.0,2,19.664467
0.0,2,19.664624
1.0,31,19.666046
1.0,42,19.667971
1.0,56,19.670503
1.0,22,19.671539
0.0,29,19.672872
0.0,30,19.674271
1.0,12,19.674865
0.0,14,19.675555
0.0,13,19.676201
0.0,18,19.67706
0.0,8,19.677481
0.0,17,19.678295
0.0,6,19.678625
0.0,5,19.678912
0.0,6,19.679255
1.0,52,19.681586
0.0,10,19.682103
0.0,12,19.682695
0.0,24,19.683823
0.0,6,19.684165
1.0,43,19.686108
0.0,2,19.686265
0.0,38,19.687982
0.0,9,19.688459
1.0,56,19.69098
0.0,1,19.691102
1.0,56,19.693634
0.0,7,19.69401
0.0,3,19.694221
0.0,13,19.694856
0.0,1,19.694967
0.0,25,19.696149
0.0,10,19.696657
0.0,27,19.697904
0.0,3,19.698118
0.0,4,19.698365
0.0,7,19.69874
0.0,7,19.699125
0.0,22,19.700157
0.0,3,19.700359
0.0,13,19.700994
0.0,20,19.70194
0.0,16,19.70271
1.0,19,19.703625
0.0,20,19.704574
0.0,15,19.705303
0.0,9,19.705765
0.0,27,19.707014
0.0,25,19.708188
0.0,14,19.708865
0.0,10,19.70938
0.0,11,19.709925
0.0,30,19.711311
1.0,39,19.713102
0.0,39,19.714879
0.0,2,19.715038
1.0,29,19.716387
0.0,10,19.716896
0.0,10,19.71741
0.0,9,19.717876
1.0,24,19.718996
1.0,17,19.71981
1.0,29,19.72116
0.0,21,19.722159
0.0,2,19.722318
0.0,4,19.722562
0.0,23,19.723647
1.0,11,19.724206
0.0,9,19.724663
0.0,14,19.725355
1.0,7,19.72573
0.0,3,19.72593
0.0,19,19.72683
0.0,9,19.727305
0.0,13,19.727943
0.0,1,19.728063
0.0,8,19.728485
0.0,5,19.728773
0.0,24,19.729895
0.0,45,19.73194
0.0,4,19.732197
0.0,6,19.73253
0.0,4,19.732774
1.0,18,19.733643
1.0,56,19.736161
1.0,28,19.737458
0.0,4,19.737702
1.0,36,19.739358
0.0,78,19.742836
0.0,11,19.74346
0.0,8,19.743881
0.0,1,19.743994
0.0,20,19.744939
1.0,29,19.746293
0.0,29,19.747628
1.0,9,19.748101
0.0,2,19.74826
1.0,14,19.748933
0.0,73,19.75221
0.0,5,19.752501
1.0,23,19.753587
0.0,26,19.754798
1.0,32,19.756277
0.0,7,19.756649
0.0,13,19.757292
0.0,12,19.757887
0.0,18,19.758749
0.0,28,19.760047
0.0,6,19.760394
1.0,25,19.761561
0.0,10,19.762079
0.0,36,19.763734
0.0,16,19.764511
1.0,16,19.765284
0.0,6,19.765613
0.0,67,19.768623
0.0,3,19.768825
0.0,3,19.769027
1.0,11,19.769583
0.0,4,19.769825
0.0,2,19.76998
0.0,23,19.771069
0.0,6,19.771403
0.0,7,19.771774
0.0,1,19.771886
0.0,57,19.774463
1.0,53,19.776848
0.0,39,19.77863
0.0,89,19.782604
0.0,1,19.782717
0.0,6,19.78306
0.0,12,19.783659
0.0,13,19.78435
1.0,14,19.785033
1.0,30,19.786434
0.0,14,19.787128
0.0,24,19.788254
0.0,1,19.788367
0.0,8,19.788787
1.0,26,19.789998
0.0,2,19.790166
1.0,58,19.792761
0.0,20,19.793721
0.0,7,19.79411
0.0,16,19.794872
1.0,15,19.795603
0.0,3,19.795805
0.0,5,19.796101
0.0,6,19.796433
1.0,22,19.797463
0.0,30,19.798847
0.0,1,19.798959
0.0,38,19.800708
0.0,15,19.801441
0.0,5,19.801732
1.0,34,19.803311
0.0,11,19.803862
0.0,17,19.804684
0.0,1,19.804798
0.0,47,19.806929
0.0,3,19.807142
0.0,34,19.808701
0.0,7,19.809085
0.0,5,19.809375
0.0,29,19.81072
0.0,4,19.810964
0.0,10,19.811477
0.0,4,19.811721
0.0,12,19.812323
0.0,3,19.812526
0.0,32,19.814005
0.0,20,19.814955
0.0,12,19.815557
0.0,20,19.816504
0.0,33,19.818021
0.0,18,19.81888
0.0,1,19.818994
0.0,41,19.82086
0.0,26,19.822084
0.0,41,19.82395
0.0,7,19.824337
1.0,35,19.82593
0.0,34,19.827492
0.0,2,19.827652
0.0,8,19.828079
0.0,23,19.829161
0.0,7,19.829539
0.0,4,19.829786
0.0,19,19.830696
0.0,18,19.83157
0.0,1,19.831684
0.0,8,19.832113
0.0,59,19.834782
0.0,15,19.835522
0.0,3,19.835726
0.0,16,19.836503
0.0,27,19.83776
0.0,1,19.837873
0.0,4,19.838128
0.0,35,19.839732
0.0,63,19.842566
0.0,16,19.84335
0.0,4,19.843596
1.0,20,19.844555
0.0,4,19.844798
0.0,5,19.845097
1.0,23,19.846245
0.0,5,19.846536
0.0,59,19.849222
1.0,14,19.849901
1.0,14,19.850591
0.0,6,19.850924
1.0,18,19.85179
0.0,26,19.853006
0.0,1,19.853132
0.0,3,19.853333
0.0,2,19.853488
0.0,14,19.854181
1.0,23,19.855261
1.0,28,19.856557
0.0,1,19.85667
0.0,9,19.857143
1.0,24,19.858268
1.0,41,19.860139
0.0,24,19.861257
0.0,30,19.862635
0.0,30,19.864033
1.0,12,19.864635
0.0,6,19.864965
0.0,50,19.867244
1.0,18,19.868111
0.0,1,19.868224
0.0,10,19.868728
1.0,29,19.870065
0.0,11,19.870617
0.0,15,19.871351
0.0,3,19.871555
1.0,52,19.87455
1.0,48,19.876875
0.0,5,19.877224
1.0,22,19.878265
1.0,18,19.879133
0.0,17,19.879942
1.0,47,19.882091
0.0,4,19.882374
0.0,100,19.88682
0.0,3,19.887114
0.0,18,19.887965
0.0,6,19.88832
0.0,12,19.888911
1.0,31,19.890348
0.0,10,19.890869
0.0,1,19.890981
0.0,9,19.891453
1.0,30,19.892836
0.0,6,19.893204
0.0,6,19.893535
0.0,25,19.894695
0.0,1,19.894815
0.0,46,19.896893
0.0,32,19.898395
1.0,60,19.901103
0.0,7,19.901534
0.0,15,19.902272
1.0,25,19.903446
1.0,62,19.906251
0.0,40,19.90813
0.0,10,19.908664
0.0,22,19.909691
1.0,42,19.911607
0.0,4,19.911873
0.0,7,19.912257
0.0,9,19.91272
1.0,20,19.913677
0.0,11,19.91424
1.0,31,19.915659
0.0,19,19.916574
1.0,9,19.917036
0.0,56,19.919574
0.0,16,19.920394
0.0,2,19.920557
0.0,33,19.922084
0.0,26,19.923322
1.0,22,19.924363
0.0,17,19.925182
0.0,6,19.925514
1.0,17,19.926332
0.0,54,19.928755
1.0,40,19.930575
0.0,11,19.931133
1.0,23,19.932208
1.0,54,19.934639
0.0,7,19.935016
1.0,19,19.935914
1.0,31,19.937349
0.0,13,19.93798
0.0,6,19.93832
0.0,2,19.938478
0.0,9,19.938938
0.0,9,19.93941
0.0,9,19.939869
0.0,13,19.940516
0.0,5,19.940806
0.0,5,19.941105
0.0,28,19.942401
0.0,1,19.942513
1.0,8,19.942929
0.0,14,19.943636
1.0,16,19.944411
1.0,12,19.945004
0.0,5,19.945301
0.0,1,19.945413
0.0,8,19.945827
0.0,5,19.946125
0.0,5,19.946414
1.0,29,19.947743
1.0,64,19.950616
1.0,46,19.952699
0.0,5,19.952989
0.0,1,19.953115
0.0,44,19.955117
0.0,35,19.956718
0.0,16,19.957496
0.0,54,19.960022
0.0,10,19.960547
0.0,23,19.961632
0.0,12,19.962237
0.0,6,19.962568
0.0,3,19.962766
0.0,10,19.963292
0.0,11,19.963837
0.0,23,19.964921
0.0,41,19.96679
0.0,24,19.967911
1.0,27,19.969175
0.0,6,19.969508
1.0,10,19.970013
0.0,6,19.970357
0.0,7,19.970734
1.0,32,19.972217
1.0,11,19.972767
0.0,14,19.973461
1.0,34,19.975013
0.0,3,19.975221
0.0,4,19.975468
1.0,10,19.975972
1.0,17,19.976787
0.0,5,19.977087
0.0,11,19.977638
0.0,6,19.97797
0.0,5,19.978266
0.0,16,19.979033
0.0,24,19.980171
0.0,29,19.98152
0.0,8,19.98194
0.0,28,19.983259
0.0,14,19.98394
0.0,1,19.984061
0.0,15,19.98479
0.0,8,19.985223
0.0,11,19.985774
0.0,7,19.986157
0.0,10,19.98666
1.0,29,19.988001
0.0,16,19.988777
0.0,2,19.988936
0.0,6,19.989281
1.0,7,19.989659
0.0,5,19.989949
0.0,15,19.990677
1.0,30,19.992078
0.0,12,19.99267
0.0,7,19.993045
0.0,12,19.993656
0.0,10,19.994174
1.0,31,19.995605
0.0,6,19.995938
0.0,12,19.996541
1.0,29,19.99788
0.0,1,19.997993
0.0,19,19.998897
0.0,30,20.000288
0.0,21,20.001286
1.0,8,20.001704
0.0,74,20.005009
0.0,2,20.005178
0.0,32,20.006648
0.0,1,20.00676
0.0,21,20.007753
0.0,6,20.008097
0.0,23,20.009179
0.0,10,20.009684
0.0,55,20.012171
0.0,21,20.013173
0.0,24,20.014304
0.0,24,20.015426
1.0,26,20.016644
0.0,7,20.017022
0.0,33,20.01854
1.0,39,20.020319
1.0,26,20.02152
0.0,15,20.022254
0.0,3,20.022456
0.0,4,20.022696
1.0,48,20.02487
0.0,1,20.024983
0.0,23,20.026074
0.0,15,20.02679
0.0,4,20.027033
0.0,3,20.027241
0.0,23,20.028323
0.0,39,20.03011
0.0,3,20.030314
0.0,21,20.031302
0.0,1,20.031413
0.0,33,20.032922
0.0,7,20.033312
1.0,24,20.034434
0.0,23,20.035518
0.0,21,20.036505
1.0,24,20.037628
0.0,1,20.037741
0.0,4,20.037983
0.0,8,20.038414
0.0,18,20.039281
1.0,16,20.040044
0.0,12,20.040647
1.0,10,20.041164
0.0,4,20.041406
1.0,10,20.041911
1.0,17,20.042734
0.0,33,20.044268
0.0,3,20.04447
1.0,15,20.045204
1.0,33,20.046713
0.0,20,20.047664
0.0,8,20.048097
0.0,38,20.049831
0.0,1,20.049946
0.0,27,20.051206
0.0,25,20.052375
0.0,19,20.053288
0.0,30,20.054671
0.0,2,20.054831
0.0,12,20.055435
1.0,38,20.057178
0.0,21,20.058174
0.0,21,20.059243
0.0,35,20.060847
0.0,15,20.061584
0.0,35,20.063202
0.0,9,20.063664
1.0,60,20.066363
0.0,6,20.066696
1.0,17,20.06751
1.0,23,20.068589
1.0,46,20.070676
1.0,23,20.071753
1.0,28,20.07306
0.0,27,20.074333
0.0,2,20.07449
1.0,42,20.076404
0.0,17,20.077226
0.0,13,20.077861
0.0,18,20.078715
0.0,5,20.079001
0.0,8,20.079424
1.0,51,20.081724
0.0,24,20.082841
0.0,2,20.082999
0.0,5,20.083301
1.0,49,20.085514
0.0,8,20.085933
0.0,49,20.088155
1.0,10,20.088661
0.0,18,20.089521
1.0,18,20.090386
0.0,7,20.090762
0.0,28,20.09206
0.0,33,20.093578
1.0,35,20.095185
0.0,17,20.095993
1.0,25,20.097166
1.0,17,20.09797
0.0,12,20.098569
1.0,17,20.09939
1.0,29,20.10073
0.0,12,20.101337
0.0,2,20.101494
0.0,41,20.103365
0.0,4,20.103608
0.0,7,20.103979
1.0,59,20.106624
1.0,11,20.107184
0.0,15,20.107907
0.0,40,20.109743
0.0,39,20.111528
1.0,15,20.112263
0.0,9,20.112725
0.0,40,20.114553
1.0,21,20.115554
0.0,4,20.115799
0.0,10,20.116314
0.0,11,20.116863
0.0,7,20.117248
0.0,9,20.117711
1.0,28,20.119
1.0,22,20.120029
0.0,17,20.120847
1.0,16,20.121623
1.0,25,20.122793
1.0,17,20.123619
0.0,4,20.123863
0.0,62,20.126637
1.0,26,20.127847
0.0,12,20.128453
0.0,6,20.128787
0.0,4,20.129029
1.0,25,20.130205
0.0,29,20.131541
0.0,13,20.13219
0.0,24,20.133321
0.0,9,20.13378
0.0,13,20.134424
0.0,20,20.135372
0.0,13,20.136003
1.0,9,20.136468
1.0,56,20.138977
1.0,42,20.140883
0.0,1,20.140994
0.0,33,20.142506
1.0,12,20.143115
0.0,32,20.144579
0.0,69,20.14766
0.0,17,20.148483
0.0,8,20.148899
0.0,9,20.149371
1.0,22,20.150405
0.0,5,20.150695
1.0,51,20.15298
0.0,4,20.153241
0.0,22,20.154275
1.0,48,20.156453
0.0,20,20.157401
0.0,16,20.158176
0.0,9,20.158637
0.0,16,20.159409
1.0,42,20.161314
0.0,3,20.161516
0.0,23,20.162595
0.0,22,20.163641
1.0,39,20.165418
0.0,12,20.166012
1.0,26,20.167224
1.0,40,20.169022
1.0,36,20.170666
0.0,26,20.171875
0.0,4,20.172132
0.0,10,20.172634
0.0,1,20.172746
1.0,31,20.174185
1.0,37,20.175876
0.0,9,20.176347
0.0,1,20.176517
0.0,13,20.177165
1.0,17,20.177972
0.0,14,20.178663
1.0,16,20.179442
1.0,43,20.181399
1.0,15,20.182133
0.0,3,20.182336
0.0,26,20.18355
0.0,27,20.184803
1.0,42,20.186721
0.0,23,20.187796
0.0,31,20.189231
0.0,38,20.190951
0.0,11,20.191508
0.0,12,20.192115
0.0,12,20.192708
0.0,1,20.19282
0.0,5,20.193126
1.0,16,20.193892
0.0,4,20.194148
0.0,3,20.194351
0.0,15,20.195082
1.0,43,20.19702
0.0,9,20.197489
0.0,3,20.197691
1.0,21,20.198679
1.0,15,20.199413
0.0,4,20.199655
0.0,8,20.200081
1.0,23,20.20116
1.0,22,20.202199
0.0,8,20.202615
0.0,11,20.203181
0.0,9,20.203646
0.0,6,20.203977
0.0,7,20.204362
0.0,1,20.204475
0.0,6,20.204807
1.0,40,20.20663
1.0,44,20.208623
0.0,16,20.209404
0.0,6,20.209734
0.0,8,20.210163
0.0,1,20.210275
0.0,10,20.21078
0.0,12,20.211381
1.0,18,20.212243
1.0,24,20.213375
0.0,11,20.21392
0.0,2,20.214088
0.0,47,20.216218
0.0,10,20.216726
0.0,39,20.218509
1.0,52,20.220859
0.0,6,20.221204
0.0,1,20.221316
0.0,1,20.221428
0.0,37,20.223131
0.0,22,20.224169
0.0,5,20.224459
0.0,22,20.225489
0.0,23,20.226571
0.0,2,20.226727
1.0,15,20.227455
0.0,1,20.227566
0.0,10,20.228076
0.0,16,20.228843
1.0,21,20.229839
0.0,37,20.231531
0.0,7,20.231905
1.0,21,20.232897
1.0,34,20.234465
0.0,19,20.235367
0.0,11,20.235918
0.0,57,20.238477
0.0,4,20.238724
0.0,11,20.239284
0.0,20,20.240231
1.0,34,20.241784
0.0,10,20.242301
0.0,15,20.243022
0.0,5,20.243325
0.0,13,20.243959
0.0,25,20.24513
0.0,18,20.245982
0.0,1,20.246105
1.0,18,20.246955
0.0,35,20.248565
0.0,13,20.249219
0.0,9,20.249684
1.0,18,20.250548
0.0,36,20.252206
0.0,30,20.253594
0.0,17,20.25441
0.0,13,20.255047
0.0,4,20.255304
1.0,15,20.256029
1.0,28,20.257335
0.0,10,20.257843
0.0,8,20.258271
0.0,31,20.259707
0.0,9,20.260183
0.0,12,20.260776
1.0,18,20.261637
0.0,90,20.265653
0.0,24,20.266777
0.0,15,20.267514
0.0,27,20.268778
0.0,35,20.270394
0.0,30,20.271775
0.0,2,20.271933
1.0,40,20.273763
0.0,2,20.273923
1.0,22,20.274958
1.0,13,20.275606
1.0,49,20.277817
1.0,17,20.278695
0.0,1,20.278806
1.0,72,20.282014
0.0,6,20.282355
1.0,29,20.283698
1.0,36,20.28535
0.0,3,20.285553
0.0,14,20.286241
0.0,20,20.287192
0.0,13,20.287827
0.0,14,20.288517
1.0,42,20.290426
1.0,18,20.291294
1.0,21,20.292289
1.0,30,20.293679
0.0,11,20.294237
0.0,4,20.29448
1.0,30,20.295858
1.0,42,20.297759
1.0,18,20.298615
0.0,13,20.299263
0.0,1,20.299375
0.0,2,20.299531
0.0,12,20.300135
0.0,2,20.300294
0.0,36,20.301927
0.0,14,20.302619
0.0,17,20.303445
0.0,13,20.304092
1.0,12,20.304682
0.0,10,20.305192
0.0,6,20.305527
0.0,27,20.306774
0.0,11,20.307336
1.0,33,20.308838
1.0,33,20.310359
0.0,14,20.311033
0.0,1,20.311155
0.0,17,20.311963
0.0,5,20.312261
0.0,1,20.312374
0.0,15,20.313108
1.0,14,20.313785
0.0,30,20.315175
1.0,53,20.317556
0.0,1,20.317669
0.0,13,20.318317
0.0,21,20.319317
0.0,23,20.320396
0.0,29,20.321735
0.0,15,20.322473
1.0,19,20.323391
0.0,17,20.32421
0.0,2,20.324367
0.0,4,20.324607
0.0,22,20.325639
0.0,3,20.325842
0.0,2,20.325997
0.0,28,20.3273
0.0,3,20.3275
1.0,35,20.329102
1.0,8,20.329522
0.0,4,20.329767
0.0,26,20.330974
0.0,12,20.331579
0.0,6,20.331911
0.0,4,20.332167
0.0,3,20.332368
0.0,45,20.3344
1.0,24,20.335518
0.0,3,20.335718
0.0,2,20.335875
0.0,1,20.335985
0.0,59,20.338633
0.0,5,20.338924
0.0,31,20.340368
0.0,3,20.34057
0.0,19,20.341474
0.0,38,20.343219
0.0,26,20.344424
0.0,7,20.344799
0.0,3,20.345001
0.0,6,20.345343
1.0,21,20.346334
1.0,15,20.347064
0.0,90,20.351039
0.0,19,20.351946
0.0,53,20.354343
0.0,19,20.355252
0.0,4,20.355498
0.0,7,20.355873
0.0,26,20.357085
1.0,16,20.357843
0.0,7,20.358227
0.0,1,20.358338
0.0,5,20.358624
1.0,40,20.360451
1.0,29,20.361788
0.0,24,20.362909
1.0,11,20.363474
1.0,8,20.363889
0.0,14,20.364577
1.0,16,20.365357
0.0,4,20.365602
0.0,25,20.36676
0.0,6,20.367103
0.0,1,20.367215
0.0,30,20.368588
0.0,38,20.370328
0.0,26,20.371533
0.0,5,20.37182
0.0,8,20.372248
0.0,38,20.373976
1.0,17,20.374798
0.0,21,20.375789
1.0,62,20.378573
0.0,4,20.378875
0.0,17,20.379698
0.0,36,20.381352
0.0,35,20.382952
0.0,8,20.383392
0.0,2,20.383551
0.0,1,20.38366
0.0,7,20.384034
0.0,11,20.384592
0.0,12,20.385194
1.0,12,20.385788
0.0,21,20.386775
0.0,7,20.387165
0.0,30,20.38855
1.0,29,20.38989
0.0,4,20.390146
0.0,5,20.390434
1.0,87,20.394327
1.0,35,20.395926
1.0,28,20.397229
0.0,16,20.397997
1.0,11,20.398551
1.0,21,20.399547
0.0,44,20.401552
0.0,7,20.401932
1.0,18,20.402795
0.0,21,20.40379
1.0,16,20.404571
0.0,21,20.405565
0.0,23,20.406647
0.0,14,20.407337
0.0,6,20.407671
0.0,8,20.408098
0.0,16,20.408864
0.0,12,20.409465
0.0,14,20.410153
0.0,19,20.411057
1.0,27,20.412314
0.0,6,20.412647
0.0,42,20.414562
0.0,42,20.416471
0.0,11,20.417021
0.0,17,20.417838
0.0,26,20.419042
0.0,27,20.420303
0.0,5,20.420593
0.0,3,20.420792
0.0,31,20.422229
0.0,2,20.422388
0.0,4,20.422631
0.0,43,20.424595
0.0,16,20.425369
0.0,27,20.426619
0.0,38,20.428355
0.0,4,20.428603
1.0,24,20.429729
0.0,2,20.429884
1.0,27,20.431143
1.0,24,20.432261
1.0,56,20.434782
0.0,34,20.436351
0.0,5,20.436645
0.0,3,20.436844
0.0,2,20.436999
0.0,7,20.437383
0.0,5,20.437673
0.0,3,20.437872
0.0,7,20.438258
0.0,35,20.439859
0.0,25,20.441024
1.0,22,20.442064
0.0,8,20.442482
0.0,15,20.443221
0.0,4,20.443469
0.0,8,20.44389
0.0,12,20.444495
0.0,5,20.444787
0.0,2,20.444945
0.0,13,20.445589
1.0,28,20.446889
0.0,3,20.447102
1.0,15,20.447823
1.0,40,20.449643
0.0,32,20.45112
0.0,13,20.451757
1.0,52,20.454117
0.0,3,20.454319
0.0,22,20.455356
0.0,49,20.457569
0.0,6,20.457903
1.0,17,20.458725
1.0,15,20.459458
0.0,41,20.461331
1.0,41,20.463206
0.0,20,20.464152
0.0,21,20.465143
0.0,11,20.465688
1.0,40,20.467516
0.0,18,20.468378
0.0,9,20.468836
0.0,8,20.469264
0.0,1,20.469377
0.0,16,20.470153
0.0,38,20.471877
0.0,12,20.47248
0.0,10,20.472986
0.0,27,20.474244
0.0,25,20.475403
0.0,12,20.475999
0.0,11,20.476558
0.0,1,20.476671
1.0,19,20.477571
1.0,8,20.477991
0.0,65,20.480895
0.0,20,20.481919
0.0,3,20.482132
0.0,23,20.483216
1.0,29,20.484558
0.0,3,20.484757
0.0,11,20.48531
0.0,8,20.48573
0.0,57,20.488284
0.0,21,20.489271
1.0,24,20.490398
0.0,40,20.492218
0.0,14,20.492899
1.0,29,20.494253
0.0,14,20.49493
0.0,9,20.495403
0.0,8,20.495836
0.0,1,20.495948
1.0,37,20.497643
1.0,8,20.49807
1.0,18,20.498914
1.0,27,20.500172
0.0,20,20.501122
1.0,20,20.502075
1.0,16,20.502842
0.0,43,20.504809
0.0,8,20.505244
0.0,39,20.507013
0.0,18,20.507876
1.0,86,20.511701
0.0,10,20.512218
0.0,10,20.512721
0.0,6,20.513064
0.0,22,20.514095
0.0,10,20.514598
1.0,10,20.515115
0.0,12,20.515704
0.0,34,20.517269
0.0,14,20.517949
0.0,2,20.518116
1.0,25,20.519283
0.0,14,20.519962
1.0,67,20.522961
0.0,43,20.524924
0.0,39,20.526705
0.0,16,20.527483
0.0,9,20.527948
0.0,5,20.528249
0.0,26,20.529459
0.0,5,20.529747
1.0,10,20.530264
0.0,10,20.530769
0.0,9,20.531242
1.0,36,20.53288
1.0,9,20.533361
0.0,28,20.534652
0.0,30,20.536025
1.0,44,20.538021
1.0,36,20.539663
1.0,8,20.540096
0.0,8,20.540515
0.0,61,20.54326
0.0,1,20.543373
0.0,11,20.543919
0.0,11,20.544477
0.0,7,20.544851
0.0,32,20.54632
0.0,2,20.54648
0.0,9,20.54694
0.0,1,20.54706
0.0,39,20.548834
0.0,22,20.549874
1.0,38,20.551615
0.0,3,20.551817
0.0,10,20.552332
1.0,19,20.553239
0.0,4,20.553483
0.0,19,20.554392
0.0,7,20.554769
0.0,6,20.555108
0.0,19,20.556002
0.0,1,20.556122
0.0,43,20.558075
0.0,1,20.558187
0.0,5,20.558475
0.0,85,20.562256
0.0,27,20.56351
0.0,3,20.563714
0.0,11,20.564273
0.0,4,20.564518
0.0,6,20.564846
1.0,7,20.565228
0.0,4,20.56547
0.0,12,20.566067
0.0,6,20.566401
0.0,49,20.56861
0.0,10,20.569127
0.0,3,20.56933
0.0,8,20.569743
0.0,47,20.571867
0.0,4,20.572126
1.0,50,20.574384
0.0,9,20.574846
0.0,8,20.575274
0.0,6,20.575604
1.0,26,20.576807
0.0,14,20.577498
0.0,9,20.577964
1.0,32,20.579449
0.0,45,20.581481
0.0,7,20.58186
0.0,3,20.582069
0.0,10,20.582575
0.0,3,20.582776
1.0,30,20.584231
0.0,11,20.584783
1.0,6,20.585124
0.0,8,20.585539
0.0,3,20.585741
0.0,3,20.585942
0.0,11,20.586499
0.0,24,20.587627
1.0,9,20.588102
0.0,9,20.588565
0.0,6,20.588895
1.0,6,20.589237
0.0,1,20.589348
0.0,18,20.590207
0.0,10,20.590715
1.0,10,20.59123
0.0,15,20.591952
1.0,61,20.594691
0.0,11,20.595256
0.0,33,20.596768
0.0,7,20.59716
0.0,24,20.598288
0.0,15,20.599011
0.0,6,20.599353
0.0,8,20.599771
0.0,11,20.600333
1.0,23,20.601414
0.0,35,20.603011
0.0,9,20.603487
0.0,12,20.604087
0.0,13,20.604726
1.0,38,20.606461
0.0,3,20.606661
0.0,9,20.607131
1.0,13,20.607766
0.0,9,20.608236
0.0,6,20.608566
0.0,10,20.609084
0.0,6,20.609417
0.0,13,20.610062
1.0,22,20.611091
0.0,2,20.61125
0.0,3,20.611447
1.0,50,20.613707
1.0,51,20.616004
0.0,27,20.61726
0.0,15,20.617982
0.0,2,20.618152
0.0,6,20.618482
0.0,66,20.621444
0.0,5,20.621732
0.0,36,20.623399
0.0,12,20.623994
0.0,8,20.624423
0.0,6,20.624756
1.0,21,20.625747
1.0,12,20.626347
0.0,57,20.628897
1.0,12,20.629504
0.0,16,20.630281
0.0,8,20.630699
0.0,4,20.630945
1.0,16,20.63172
0.0,7,20.632105
0.0,1,20.632219
0.0,50,20.634479
0.0,33,20.635987
1.0,40,20.637809
0.0,9,20.638284
0.0,3,20.638484
0.0,10,20.638985
0.0,11,20.639544
0.0,15,20.640279
0.0,9,20.64074
0.0,6,20.64108
0.0,31,20.642512
1.0,44,20.644508
0.0,2,20.644666
0.0,2,20.644822
1.0,24,20.645938
0.0,50,20.648196
1.0,45,20.650229
1.0,54,20.652652
0.0,4,20.652895
0.0,11,20.653459
0.0,3,20.653659
0.0,2,20.653814
1.0,24,20.65493
0.0,14,20.655621
1.0,39,20.657404
0.0,7,20.657778
0.0,2,20.657933
0.0,25,20.659099
1.0,12,20.659689
0.0,10,20.660207
1.0,43,20.662159
1.0,52,20.664503
0.0,16,20.665277
0.0,46,20.667356
0.0,22,20.668391
0.0,4,20.668634
1.0,24,20.669753
0.0,4,20.669999
0.0,6,20.670336
0.0,3,20.670536
1.0,22,20.671565
0.0,35,20.673178
0.0,63,20.67599
0.0,16,20.676766
0.0,1,20.676881
0.0,6,20.677223
0.0,65,20.680134
0.0,8,20.680555
0.0,59,20.683208
0.0,5,20.683559
0.0,11,20.684114
0.0,23,20.685188
0.0,5,20.685478
1.0,17,20.686295
0.0,2,20.686453
0.0,18,20.687312
0.0,11,20.687859
0.0,12,20.688461
0.0,8,20.688876
0.0,32,20.690347
1.0,28,20.691648
0.0,12,20.692249
1.0,35,20.693853
0.0,11,20.694416
0.0,7,20.694788
0.0,47,20.696911
0.0,25,20.698093
0.0,17,20.698902
1.0,22,20.699933
1.0,11,20.700488
1.0,37,20.702175
0.0,18,20.703043
0.0,7,20.703434
1.0,19,20.704335
1.0,31,20.705761
1.0,14,20.706449
0.0,41,20.708314
0.0,7,20.708691
1.0,13,20.709335
1.0,46,20.711426
1.0,33,20.71294
1.0,38,20.714687
1.0,6,20.715019
0.0,24,20.716142
0.0,23,20.717224
0.0,7,20.717603
0.0,36,20.719253
0.0,4,20.7195
0.0,12,20.720099
0.0,4,20.720342
0.0,23,20.721422
1.0,9,20.721884
0.0,13,20.722527
0.0,57,20.725096
0.0,19,20.725997
0.0,7,20.726382
0.0,22,20.727421
0.0,3,20.727622
0.0,19,20.728527
0.0,14,20.729218
0.0,6,20.72955
0.0,27,20.730798
0.0,16,20.731577
1.0,16,20.732358
0.0,3,20.73256
0.0,6,20.732888
1.0,17,20.733706
1.0,32,20.735186
1.0,22,20.736221
0.0,1,20.736334
0.0,39,20.73811
0.0,19,20.739002
1.0,17,20.739812
1.0,29,20.74116
0.0,32,20.742624
0.0,2,20.742784
0.0,8,20.74322
0.0,13,20.743858
0.0,3,20.744069
1.0,24,20.745187
0.0,22,20.746225
1.0,24,20.747344
1.0,49,20.749554
0.0,5,20.749845
0.0,5,20.750143
0.0,8,20.750561
0.0,7,20.750934
1.0,9,20.751405
0.0,10,20.751908
0.0,5,20.752207
0.0,3,20.752409
0.0,62,20.755192
0.0,1,20.755305
0.0,1,20.755416
0.0,6,20.755745
1.0,14,20.756438
0.0,10,20.756947
0.0,64,20.759814
0.0,1,20.759927
0.0,9,20.760405
0.0,4,20.760652
1.0,11,20.761213
0.0,9,20.761675
1.0,37,20.763373
0.0,5,20.763662
0.0,8,20.764087
1.0,12,20.764679
0.0,24,20.765798
1.0,13,20.76644
1.0,9,20.766902
0.0,6,20.767242
0.0,25,20.76841
0.0,3,20.768613
0.0,2,20.768768
0.0,15,20.7695
0.0,7,20.769874
0.0,8,20.770306
0.0,36,20.77195
0.0,5,20.772252
1.0,39,20.774025
0.0,16,20.774799
1.0,93,20.778917
1.0,37,20.780613
0.0,2,20.780773
0.0,18,20.78164
0.0,35,20.783262
0.0,13,20.783953
1.0,18,20.784816
0.0,9,20.785292
0.0,12,20.785886
1.0,49,20.788121
1.0,18,20.788978
1.0,15,20.789714
0.0,23,20.790793
1.0,13,20.79144
1.0,35,20.793035
1.0,33,20.794563
1.0,27,20.795815
0.0,18,20.796679
1.0,16,20.797451
0.0,1,20.797563
0.0,4,20.797807
0.0,25,20.798972
1.0,18,20.799836
0.0,5,20.800136
0.0,21,20.801132
1.0,16,20.801894
1.0,16,20.80267
0.0,6,20.803002
0.0,12,20.803604
1.0,15,20.804339
0.0,4,20.804584
0.0,7,20.804957
0.0,31,20.806397
0.0,49,20.808609
0.0,7,20.808984
0.0,9,20.809457
1.0,19,20.81036
1.0,36,20.812004
0.0,1,20.812125
0.0,29,20.813468
0.0,16,20.814246
0.0,50,20.816508
0.0,4,20.816756
1.0,18,20.817623
0.0,10,20.81814
0.0,15,20.818864
0.0,10,20.819381
0.0,9,20.819846
0.0,17,20.820667
0.0,23,20.821751
0.0,2,20.821908
1.0,25,20.823086
0.0,39,20.824857
1.0,24,20.825975
0.0,20,20.826925
1.0,21,20.827922
1.0,12,20.828527
0.0,26,20.829741
0.0,19,20.830651
0.0,17,20.831471
0.0,36,20.833134
0.0,27,20.834388
0.0,13,20.835023
0.0,5,20.835319
0.0,33,20.836828
0.0,15,20.837561
0.0,8,20.83798
0.0,43,20.839933
0.0,23,20.841008
0.0,2,20.841176
0.0,7,20.841551
0.0,2,20.841709
0.0,3,20.841909
0.0,4,20.842167
0.0,1,20.842281
1.0,10,20.842782
1.0,15,20.843516
0.0,27,20.844771
0.0,15,20.845506
0.0,3,20.845709
1.0,29,20.847046
1.0,67,20.850044
0.0,32,20.851528
0.0,6,20.851859
1.0,14,20.85255
0.0,11,20.853118
1.0,42,20.855016
1.0,26,20.856236
0.0,7,20.85661
0.0,22,20.857652
0.0,21,20.858643
0.0,22,20.859678
0.0,1,20.859792
0.0,23,20.860872
0.0,8,20.861303
0.0,6,20.861636
0.0,7,20.86201
0.0,14,20.862696
0.0,7,20.863091
0.0,6,20.863422
0.0,2,20.863577
0.0,13,20.864224
1.0,21,20.865216
0.0,2,20.865374
0.0,29,20.866716
1.0,22,20.867753
0.0,44,20.869745
0.0,5,20.870032
0.0,15,20.870763
1.0,18,20.87162
0.0,23,20.872697
0.0,6,20.87303
0.0,1,20.873158
1.0,63,20.875965
0.0,10,20.876481
1.0,38,20.87821
0.0,50,20.880476
1.0,23,20.881559
0.0,9,20.882022
0.0,5,20.882319
1.0,15,20.883043
1.0,60,20.885756
0.0,5,20.886113
0.0,6,20.886447
0.0,2,20.886602
0.0,1,20.886714
0.0,20,20.887665
0.0,16,20.888438
0.0,1,20.888551
0.0,3,20.888753
1.0,16,20.889523
0.0,10,20.890032
0.0,20,20.890976
0.0,6,20.891319
0.0,2,20.891477
1.0,63,20.894299
0.0,11,20.894847
0.0,9,20.89532
0.0,12,20.895914
0.0,12,20.896515
0.0,3,20.896715
0.0,23,20.897789
0.0,3,20.897989
0.0,15,20.89873
0.0,39,20.90051
1.0,10,20.901015
0.0,10,20.901522
0.0,36,20.903174
0.0,7,20.903552
0.0,39,20.905334
0.0,1,20.905447
1.0,13,20.906093
0.0,24,20.907217
0.0,4,20.907464
0.0,13,20.908108
0.0,20,20.909046
1.0,28,20.910354
0.0,14,20.911033
1.0,13,20.911674
0.0,3,20.911877
0.0,3,20.912087
0.0,4,20.91233
0.0,6,20.91266
0.0,7,20.913035
0.0,9,20.913511
0.0,18,20.914372
0.0,1,20.914486
0.0,13,20.915135
0.0,9,20.915596
0.0,13,20.916241
0.0,7,20.916614
0.0,36,20.918257
0.0,58,20.92085
0.0,10,20.921366
0.0,22,20.922402
1.0,54,20.924837
0.0,1,20.924948
0.0,12,20.925545
0.0,10,20.926057
0.0,31,20.927487
0.0,8,20.927906
0.0,1,20.928016
0.0,38,20.929752
0.0,4,20.929996
0.0,24,20.93113
0.0,17,20.931943
0.0,5,20.932243
1.0,18,20.933109
1.0,35,20.934698
1.0,53,20.93708
0.0,9,20.937541
0.0,15,20.938272
1.0,58,20.940862
0.0,16,20.941638
0.0,33,20.943162
0.0,3,20.943366
1.0,11,20.943908
1.0,25,20.94508
0.0,52,20.947416
0.0,1,20.947528
1.0,22,20.948558
0.0,24,20.949684
0.0,1,20.949795
0.0,19,20.950698
1.0,17,20.951518
0.0,1,20.951628
0.0,4,20.951872
0.0,18,20.952734
0.0,47,20.95486
0.0,33,20.956387
0.0,10,20.956892
1.0,28,20.958192
1.0,30,20.959576
0.0,38,20.961321
1.0,21,20.962318
0.0,1,20.962431
0.0,15,20.963171
0.0,12,20.963761
0.0,20,20.96471
0.0,11,20.965269
0.0,7,20.965645
0.0,6,20.965976
0.0,26,20.967199
1.0,7,20.967575
1.0,13,20.96822
0.0,9,20.96868
0.0,12,20.969281
0.0,14,20.96996
1.0,30,20.971344
1.0,20,20.972292
0.0,3,20.972494
1.0,8,20.972908
0.0,1,20.973019
1.0,32,20.974496
0.0,22,20.975528
0.0,12,20.976133
0.0,17,20.976944
0.0,33,20.978463
1.0,25,20.97963
0.0,7,20.980008
1.0,11,20.980563
0.0,20,20.981513
0.0,18,20.982378
1.0,29,20.983724
0.0,22,20.984757
0.0,2,20.984917
0.0,71,20.98809
0.0,9,20.988615
0.0,12,20.989222
0.0,5,20.989513
0.0,20,20.990466
0.0,21,20.991468
0.0,4,20.991712
0.0,18,20.992575
0.0,27,20.993843
0.0,1,20.993957
0.0,8,20.994385
0.0,9,20.994844
0.0,8,20.995279
0.0,4,20.995522
0.0,50,20.997798
0.0,13,20.998448
0.0,19,20.999358
0.0,8,20.999784
1.0,9,21.000256
0.0,24,21.001377
1.0,33,21.002886
0.0,19,21.003799
0.0,2,21.003957
0.0,39,21.005747
0.0,17,21.006567
0.0,4,21.006811
1.0,23,21.007887
1.0,15,21.008621
0.0,50,21.010883
0.0,21,21.011878
0.0,100,21.01633
1.0,23,21.017416
0.0,3,21.017618
0.0,29,21.018955
0.0,11,21.01952
0.0,7,21.019897
0.0,1,21.020006
0.0,3,21.020214
0.0,17,21.02102
0.0,9,21.021489
1.0,29,21.022834
1.0,8,21.02327
1.0,20,21.024223
0.0,10,21.024726
0.0,28,21.026025
0.0,16,21.026792
1.0,9,21.027266
1.0,26,21.028474
1.0,24,21.029593
0.0,29,21.030933
0.0,24,21.032069
0.0,15,21.032793
0.0,8,21.033232
0.0,9,21.033695
0.0,3,21.033897
0.0,31,21.035337
0.0,14,21.036015
0.0,9,21.036484
0.0,7,21.036858
0.0,1,21.036968
0.0,8,21.037398
0.0,5,21.037687
1.0,35,21.039295
0.0,11,21.039849
0.0,100,21.044302
0.0,15,21.045026
0.0,10,21.045539
1.0,21,21.046531
0.0,18,21.047396
0.0,15,21.048131
1.0,18,21.048982
1.0,41,21.050843
1.0,28,21.052144
0.0,13,21.052779
0.0,15,21.053516
0.0,36,21.055169
0.0,11,21.055717
1.0,55,21.058211
0.0,7,21.058587
1.0,21,21.05958
1.0,58,21.06219
1.0,9,21.062648
1.0,27,21.063909
0.0,11,21.064471
0.0,9,21.064933
0.0,3,21.065144
0.0,3,21.065346
0.0,14,21.066023
1.0,22,21.067068
0.0,53,21.069459
0.0,31,21.070886
1.0,8,21.071314
0.0,1,21.071424
1.0,25,21.072596
0.0,100,21.07706
0.0,34,21.078614
0.0,4,21.078861
1.0,13,21.079507
0.0,4,21.079751
0.0,5,21.08004
0.0,34,21.081597
0.0,20,21.082547
0.0,8,21.082967
0.0,22,21.084008
0.0,16,21.084788
0.0,18,21.085648
0.0,8,21.086079
1.0,36,21.087723
1.0,15,21.088454
0.0,4,21.088696
1.0,35,21.09031
0.0,13,21.090945
0.0,7,21.091328
0.0,9,21.091793
0.0,7,21.092181
0.0,39,21.093962
0.0,21,21.094958
0.0,21,21.095952
0.0,24,21.097136
0.0,1,21.09725
0.0,20,21.098195
0.0,27,21.099442
0.0,7,21.099816
0.0,5,21.100119
0.0,8,21.100537
1.0,8,21.100951
0.0,3,21.101159
0.0,32,21.102621
0.0,50,21.104883
0.0,1,21.104997
0.0,19,21.105899
1.0,23,21.106996
1.0,30,21.108386
1.0,20,21.109336
1.0,21,21.110328
1.0,45,21.112365
0.0,50,21.114614
1.0,17,21.115436
0.0,40,21.117256
0.0,14,21.117932
0.0,30,21.119329
0.0,8,21.119747
0.0,3,21.119946
0.0,21,21.120939
0.0,3,21.121151
0.0,1,21.121264
0.0,4,21.121506
0.0,2,21.121661
0.0,12,21.122261
0.0,22,21.123307
0.0,17,21.124127
1.0,26,21.125351
1.0,9,21.125811
1.0,46,21.127883
1.0,21,21.12887
0.0,31,21.13031
0.0,3,21.130511
1.0,11,21.131067
1.0,16,21.131832
1.0,20,21.132777
0.0,1,21.132891
1.0,30,21.134281
0.0,5,21.134572
0.0,8,21.13499
1.0,34,21.13656
0.0,76,21.139955
0.0,6,21.140298
0.0,12,21.14089
0.0,20,21.141836
1.0,34,21.14341
0.0,7,21.143785
1.0,21,21.144773
0.0,3,21.144973
0.0,10,21.145491
0.0,7,21.145869
0.0,9,21.146345
0.0,4,21.146591
0.0,7,21.146964
0.0,13,21.14761
0.0,2,21.147769
0.0,12,21.14837
0.0,19,21.149276
0.0,52,21.151615
1.0,13,21.152258
0.0,11,21.152807
0.0,17,21.153632
1.0,17,21.154454
0.0,6,21.154783
1.0,15,21.155516
0.0,13,21.156163
1.0,14,21.156842
1.0,12,21.157445
0.0,1,21.157555
0.0,6,21.157883
1.0,16,21.15865
0.0,1,21.158763
0.0,21,21.159752
0.0,6,21.160102
1.0,28,21.161397
1.0,18,21.162258
1.0,19,21.163165
1.0,44,21.165166
1.0,12,21.165754
1.0,13,21.166394
0.0,5,21.166683
0.0,6,21.167015
0.0,4,21.167267
1.0,21,21.168255
0.0,13,21.168891
1.0,31,21.170321
0.0,31,21.171745
1.0,19,21.172649
0.0,4,21.172891
0.0,37,21.174584
1.0,23,21.175664
1.0,20,21.176611
0.0,9,21.177084
1.0,31,21.178511
0.0,3,21.178714
1.0,11,21.179273
1.0,15,21.179989
0.0,2,21.180155
1.0,20,21.181102
0.0,11,21.18165
0.0,8,21.182079
0.0,5,21.182369
1.0,33,21.183884
1.0,42,21.185791
0.0,5,21.186089
0.0,1,21.186202
0.0,33,21.187714
0.0,7,21.188102
1.0,35,21.189701
0.0,14,21.190391
1.0,26,21.191596
0.0,2,21.191756
0.0,3,21.191955
0.0,9,21.192429
1.0,36,21.194086
0.0,15,21.194807
0.0,23,21.195889
1.0,54,21.198324
0.0,19,21.199295
0.0,7,21.199673
0.0,21,21.200669
0.0,18,21.201535
0.0,12,21.202137
1.0,16,21.202902
0.0,29,21.204257
0.0,2,21.204416
0.0,37,21.206116
0.0,7,21.206494
1.0,28,21.20779
1.0,14,21.208481
0.0,13,21.209128
0.0,4,21.209372
0.0,1,21.209485
0.0,43,21.211442
0.0,2,21.2116
0.0,7,21.211976
1.0,50,21.21425
0.0,7,21.214626
0.0,4,21.21487
0.0,13,21.215515
1.0,34,21.217079
0.0,1,21.217192
0.0,34,21.218747
0.0,4,21.218993
1.0,14,21.219683
1.0,56,21.222214
0.0,1,21.222327
1.0,62,21.225129
0.0,22,21.226164
1.0,16,21.226933
0.0,6,21.227271
0.0,14,21.227953
0.0,17,21.228771
0.0,7,21.229159
0.0,25,21.230327
0.0,39,21.232106
1.0,17,21.232917
0.0,5,21.233222
0.0,6,21.233555
0.0,8,21.233972
0.0,4,21.234229
0.0,21,21.235227
1.0,36,21.236866
0.0,24,21.237992
0.0,6,21.238335
0.0,20,21.239291
0.0,4,21.239538
1.0,10,21.240044
0.0,1,21.240165
1.0,20,21.241115
1.0,11,21.241662
1.0,20,21.242609
0.0,56,21.245152
1.0,20,21.246109
0.0,30,21.247494
0.0,3,21.247694
1.0,50,21.249944
0.0,19,21.250847
1.0,29,21.252205
1.0,7,21.252583
0.0,1,21.252693
1.0,8,21.253127
1.0,42,21.255029
0.0,4,21.255285
1.0,10,21.255789
0.0,13,21.256434
0.0,11,21.256985
0.0,8,21.257412
1.0,35,21.259015
0.0,16,21.259788
0.0,12,21.2604
0.0,26,21.261619
0.0,59,21.264289
0.0,17,21.265115
0.0,1,21.265229
0.0,7,21.265602
0.0,2,21.265757
1.0,25,21.266924
0.0,2,21.267092
1.0,11,21.267642
0.0,12,21.268246
1.0,47,21.270378
0.0,13,21.271014
0.0,7,21.271397
1.0,33,21.272911
0.0,28,21.274225
0.0,73,21.277481
0.0,11,21.278031
1.0,19,21.278929
0.0,14,21.279619
0.0,2,21.279778
1.0,13,21.280424
0.0,24,21.281542
1.0,9,21.282
1.0,19,21.282899
0.0,18,21.283767
0.0,92,21.287864
0.0,22,21.288906
0.0,41,21.29078
0.0,8,21.291212
0.0,27,21.292463
0.0,27,21.293723
0.0,10,21.294239
0.0,2,21.294396
1.0,9,21.294861
0.0,56,21.297378
0.0,6,21.297714
1.0,21,21.298707
0.0,3,21.298908
0.0,17,21.299729
0.0,59,21.302382
1.0,8,21.302803
0.0,51,21.305109
1.0,50,21.307374
0.0,18,21.308234
0.0,5,21.308583
0.0,3,21.308786
0.0,5,21.309083
0.0,3,21.309287
0.0,4,21.309528
0.0,22,21.310574
0.0,24,21.3117
1.0,19,21.312608
0.0,18,21.313478
0.0,17,21.314298
0.0,4,21.314545
0.0,2,21.3147
0.0,2,21.314854
0.0,8,21.315284
0.0,2,21.31544
1.0,10,21.315941
0.0,30,21.317325
0.0,5,21.317615
0.0,4,21.31786
0.0,3,21.318069
0.0,3,21.318271
0.0,10,21.318776
0.0,44,21.320764
1.0,26,21.321967
0.0,1,21.322091
0.0,58,21.324693
0.0,26,21.325898
0.0,29,21.327246
0.0,17,21.328066
1.0,31,21.329494
0.0,26,21.330709
0.0,1,21.330822
0.0,11,21.331384
1.0,14,21.332075
0.0,1,21.332188
1.0,16,21.332955
1.0,11,21.333518
0.0,20,21.334471
0.0,3,21.334673
0.0,4,21.334917
0.0,11,21.335478
0.0,42,21.33739
0.0,4,21.337637
0.0,19,21.338549
1.0,43,21.340497
1.0,24,21.341618
0.0,15,21.342347
1.0,12,21.34294
1.0,31,21.344374
0.0,8,21.34479
1.0,50,21.34704
0.0,30,21.348426
1.0,16,21.349203
0.0,8,21.349619
0.0,33,21.351139
0.0,34,21.352691
1.0,27,21.353946
0.0,45,21.355988
0.0,12,21.356588
0.0,15,21.357318
0.0,8,21.357739
0.0,1,21.357849
0.0,27,21.359107
0.0,7,21.359486
0.0,50,21.361754
0.0,9,21.362225
0.0,10,21.362728
0.0,15,21.363468
0.0,19,21.364374
0.0,5,21.364661
0.0,17,21.365476
1.0,21,21.366472
0.0,16,21.367247
0.0,28,21.368545
0.0,1,21.368659
0.0,18,21.369519
0.0,6,21.369852
0.0,15,21.370585
0.0,28,21.37188
0.0,18,21.372748
0.0,16,21.373532
0.0,39,21.375326
1.0,22,21.376358
0.0,3,21.37656
1.0,63,21.379383
1.0,14,21.380072
0.0,4,21.380317
0.0,61,21.383042
1.0,85,21.386822
1.0,16,21.387599
1.0,9,21.38807
0.0,5,21.388361
0.0,12,21.388947
0.0,9,21.389417
0.0,16,21.390195
1.0,13,21.390827
1.0,19,21.391734
0.0,29,21.393088
0.0,14,21.393767
0.0,21,21.394761
0.0,38,21.396494
1.0,13,21.397141
0.0,9,21.397601
0.0,11,21.398161
0.0,12,21.398757
0.0,13,21.399402
1.0,16,21.400175
0.0,57,21.402728
0.0,10,21.403253
0.0,29,21.404592
0.0,4,21.40484
1.0,20,21.405783
0.0,6,21.406124
0.0,6,21.406457
0.0,17,21.407271
0.0,10,21.407778
1.0,19,21.408683
0.0,4,21.408986
1.0,46,21.411079
0.0,7,21.411454
0.0,4,21.411699
0.0,2,21.411855
0.0,10,21.412373
0.0,1,21.412485
0.0,13,21.413137
1.0,21,21.414129
0.0,29,21.415467
1.0,16,21.416241
0.0,6,21.416573
0.0,21,21.417571
0.0,12,21.418178
0.0,26,21.419389
0.0,16,21.420171
1.0,48,21.422339
0.0,35,21.423937
0.0,20,21.424886
0.0,15,21.425618
0.0,29,21.426956
1.0,34,21.428518
1.0,25,21.429678
0.0,24,21.430802
0.0,1,21.430916
0.0,1,21.431026
0.0,6,21.431363
0.0,7,21.431736
1.0,16,21.432512
1.0,13,21.433162
1.0,18,21.434011
1.0,16,21.43478
0.0,2,21.434935
0.0,72,21.438147
0.0,21,21.439138
0.0,35,21.440735
0.0,11,21.441296
0.0,7,21.441671
0.0,54,21.444135
0.0,4,21.444382
0.0,1,21.444494
1.0,30,21.445878
0.0,34,21.447443
0.0,7,21.447819
0.0,35,21.449422
0.0,2,21.449581
0.0,20,21.450523
0.0,15,21.451254
0.0,30,21.452632
0.0,7,21.453007
0.0,20,21.453961
0.0,7,21.454346
0.0,3,21.454549
1.0,40,21.456373
0.0,4,21.456616
0.0,18,21.457479
0.0,6,21.457813
0.0,43,21.459769
0.0,2,21.459929
0.0,1,21.46004
1.0,15,21.460771
1.0,10,21.46129
0.0,19,21.462196
0.0,7,21.462573
1.0,25,21.463739
0.0,2,21.463895
0.0,1,21.464007
0.0,8,21.464437
0.0,2,21.464593
0.0,6,21.46492
0.0,20,21.465869
0.0,14,21.466559
0.0,9,21.467022
0.0,5,21.467318
1.0,27,21.468574
0.0,15,21.469311
1.0,26,21.47052
0.0,26,21.471728
1.0,25,21.472894
1.0,16,21.473673
1.0,25,21.474841
0.0,1,21.474952
0.0,1,21.475074
0.0,2,21.475234
0.0,11,21.475782
0.0,18,21.476644
0.0,2,21.476803
0.0,22,21.477838
0.0,2,21.477994
1.0,32,21.479477
0.0,2,21.479634
0.0,50,21.481885
1.0,7,21.482274
0.0,35,21.483872
0.0,53,21.486282
0.0,28,21.487585
0.0,2,21.487744
0.0,2,21.487898
0.0,12,21.488499
0.0,20,21.489446
0.0,56,21.49197
1.0,14,21.492658
1.0,17,21.493489
0.0,1,21.4936
1.0,29,21.494938
0.0,15,21.495671
0.0,35,21.497283
0.0,37,21.49897
0.0,8,21.499402
0.0,6,21.499734
0.0,15,21.500467
0.0,48,21.50264
0.0,2,21.502799
1.0,64,21.505665
0.0,17,21.50649
0.0,20,21.507446
0.0,28,21.508744
0.0,36,21.510452
0.0,7,21.510832
0.0,12,21.511436
0.0,17,21.512255
0.0,20,21.513212
0.0,39,21.514986
1.0,52,21.517337
0.0,2,21.517494
0.0,9,21.517955
1.0,17,21.51877
0.0,5,21.519068
1.0,7,21.519442
1.0,16,21.520219
0.0,14,21.520896
1.0,55,21.523374
0.0,7,21.523752
0.0,8,21.524181
0.0,12,21.52478
0.0,13,21.525425
0.0,8,21.525843
0.0,25,21.527006
1.0,22,21.528037
1.0,29,21.529385
1.0,16,21.530165
0.0,38,21.531896
0.0,25,21.533081
0.0,24,21.534207
0.0,21,21.535206
1.0,11,21.53576
0.0,19,21.53666
0.0,28,21.537957
0.0,24,21.539089
0.0,13,21.539725
1.0,46,21.541816
0.0,4,21.542073
0.0,7,21.542447
0.0,44,21.544437
0.0,7,21.544813
0.0,28,21.546124
0.0,10,21.546631
1.0,55,21.549109
0.0,29,21.550445
0.0,1,21.550557
1.0,26,21.551769
0.0,34,21.553335
0.0,8,21.553756
0.0,6,21.554095
0.0,33,21.555611
1.0,36,21.557269
0.0,26,21.558473
1.0,14,21.559157
0.0,4,21.559399
1.0,9,21.559862
0.0,9,21.560343
1.0,19,21.561254
0.0,2,21.561412
0.0,7,21.561783
0.0,1,21.561893
1.0,30,21.563281
1.0,11,21.563826
0.0,5,21.564126
0.0,17,21.56493
0.0,4,21.565187
0.0,16,21.565946
0.0,4,21.566199
0.0,6,21.566533
0.0,10,21.567037
1.0,15,21.567771
0.0,14,21.568459
0.0,1,21.568573
1.0,12,21.569174
1.0,19,21.570083
0.0,2,21.570241
0.0,20,21.571191
0.0,11,21.571739
0.0,2,21.571894
0.0,17,21.572707
0.0,10,21.573231
0.0,9,21.573696
0.0,8,21.574125
0.0,47,21.576243
0.0,9,21.576708
1.0,46,21.578785
0.0,4,21.579029
1.0,28,21.580328
0.0,55,21.582803
1.0,20,21.583754
0.0,1,21.583864
0.0,29,21.58522
1.0,24,21.586342
0.0,4,21.586585
0.0,36,21.588237
0.0,14,21.588915
0.0,4,21.589168
0.0,11,21.589712
0.0,39,21.591486
1.0,30,21.592864
0.0,14,21.593559
0.0,14,21.594251
0.0,1,21.594364
0.0,13,21.594993
0.0,37,21.596692
0.0,15,21.597422
0.0,4,21.597666
0.0,29,21.598996
0.0,12,21.599596
0.0,2,21.599752
1.0,24,21.600872
0.0,33,21.60239
1.0,27,21.603651
1.0,30,21.60503
0.0,38,21.606774
1.0,12,21.607377
0.0,64,21.610239
0.0,1,21.610351
0.0,6,21.610681
0.0,19,21.611648
0.0,9,21.612125
1.0,70,21.615258
0.0,26,21.61647
1.0,20,21.617421
1.0,32,21.618887
0.0,10,21.619404
0.0,1,21.619518
1.0,26,21.620728
0.0,2,21.620886
0.0,6,21.62123
1.0,51,21.623531
1.0,6,21.623861
1.0,16,21.624633
0.0,20,21.625582
0.0,12,21.626188
0.0,4,21.626434
0.0,10,21.626935
1.0,24,21.628061
0.0,49,21.630271
0.0,15,21.630998
0.0,14,21.631684
0.0,4,21.631927
0.0,38,21.63366
1.0,17,21.634485
0.0,1,21.634596
0.0,28,21.635897
1.0,43,21.63785
1.0,19,21.638759
0.0,14,21.639448
0.0,19,21.640359
0.0,16,21.641139
0.0,6,21.641473
0.0,8,21.641891
0.0,10,21.642406
0.0,5,21.642697
0.0,7,21.643087
0.0,23,21.644165
0.0,20,21.645111
0.0,11,21.645659
1.0,63,21.648486
0.0,5,21.648776
0.0,5,21.649077
0.0,18,21.649928
0.0,4,21.650181
1.0,20,21.651124
0.0,38,21.652861
1.0,18,21.653734
0.0,18,21.654598
1.0,27,21.655853
0.0,61,21.658596
0.0,6,21.65893
0.0,4,21.659186
0.0,56,21.661708
0.0,2,21.661865
0.0,24,21.662985
1.0,20,21.663943
1.0,20,21.664891
1.0,8,21.665318
1.0,18,21.666184
0.0,17,21.666992
1.0,15,21.667726
1.0,31,21.669164
1.0,21,21.670153
0.0,31,21.671579
0.0,6,21.67191
0.0,2,21.672077
0.0,12,21.672667
0.0,22,21.673705
0.0,1,21.673819
0.0,32,21.675294
0.0,37,21.676978
0.0,51,21.679295
0.0,11,21.679847
0.0,13,21.680491
0.0,1,21.680603
1.0,47,21.682726
0.0,46,21.684814
0.0,2,21.684971
1.0,26,21.686192
0.0,41,21.688056
1.0,42,21.689958
0.0,11,21.690522
0.0,18,21.691389
0.0,20,21.692336
0.0,20,21.693295
0.0,9,21.693758
0.0,1,21.693868
0.0,11,21.694427
1.0,12,21.69502
1.0,38,21.696755
0.0,16,21.697534
0.0,35,21.699145
0.0,15,21.699868
0.0,9,21.70034
0.0,28,21.701643
0.0,30,21.703021
0.0,8,21.703455
0.0,8,21.703875
0.0,61,21.706612
0.0,2,21.706772
0.0,39,21.708553
1.0,29,21.709888
1.0,64,21.712755
0.0,23,21.713836
0.0,26,21.715058
1.0,53,21.717443
0.0,48,21.719618
1.0,18,21.720487
0.0,14,21.721179
1.0,23,21.722254
0.0,2,21.722409
1.0,11,21.722955
0.0,7,21.723344
1.0,15,21.724077
1.0,7,21.724509
0.0,5,21.724797
0.0,3,21.724998
0.0,10,21.725506
0.0,3,21.725708
0.0,17,21.726526
1.0,22,21.727573
0.0,23,21.728653
0.0,15,21.729389
0.0,1,21.729503
0.0,10,21.730006
0.0,10,21.73052
0.0,6,21.730852
0.0,1,21.730962
0.0,25,21.732135
1.0,24,21.733258
0.0,92,21.737332
0.0,14,21.738014
0.0,2,21.738181
0.0,11,21.738732
0.0,10,21.739248
0.0,14,21.739924
0.0,20,21.740872
0.0,14,21.741558
0.0,13,21.742211
0.0,20,21.743169
0.0,38,21.744898
0.0,4,21.745155
0.0,2,21.745313
0.0,16,21.746089
0.0,100,21.750531
0.0,14,21.751224
0.0,17,21.752034
0.0,8,21.752459
0.0,1,21.752569
1.0,13,21.753218
1.0,13,21.753851
0.0,10,21.754369
1.0,43,21.756321
1.0,40,21.758138
1.0,17,21.75895
0.0,56,21.76148
0.0,9,21.761943
1.0,29,21.763294
1.0,28,21.764586
1.0,19,21.765497
1.0,33,21.767007
0.0,1,21.767129
0.0,6,21.767462
0.0,48,21.769629
0.0,7,21.770002
0.0,42,21.771912
0.0,5,21.772212
0.0,6,21.772541
0.0,21,21.773542
0.0,8,21.773962
1.0,40,21.775789
1.0,20,21.776742
1.0,20,21.777692
1.0,11,21.778248
0.0,6,21.778583
0.0,6,21.778917
0.0,15,21.779646
0.0,6,21.779976
0.0,12,21.780579
0.0,69,21.783662
0.0,1,21.783776
0.0,9,21.784246
1.0,17,21.785064
1.0,35,21.786667
0.0,29,21.788007
0.0,6,21.78835
1.0,17,21.789175
1.0,21,21.790166
1.0,36,21.7918
0.0,41,21.793674
1.0,26,21.794888
0.0,10,21.795404
0.0,30,21.796778
0.0,20,21.797734
0.0,16,21.798511
0.0,20,21.79946
0.0,6,21.799789
0.0,7,21.800171
0.0,21,21.801163
1.0,29,21.8025
1.0,27,21.803755
1.0,19,21.804659
1.0,29,21.805995
0.0,18,21.806853
0.0,17,21.80767
0.0,23,21.808743
0.0,22,21.809776
1.0,37,21.811465
0.0,10,21.811969
0.0,8,21.812397
1.0,42,21.814314
1.0,14,21.814991
0.0,25,21.816161
0.0,38,21.817882
0.0,6,21.818228
1.0,28,21.81952
0.0,5,21.819806
0.0,4,21.820059
0.0,20,21.821001
1.0,26,21.822214
1.0,23,21.823296
0.0,5,21.823585
1.0,36,21.825233
0.0,20,21.826178
0.0,10,21.826682
0.0,6,21.827081
0.0,1,21.827193
0.0,27,21.828445
1.0,16,21.829222
0.0,12,21.829812
0.0,16,21.830589
1.0,14,21.831276
0.0,19,21.832185
0.0,9,21.832645
0.0,7,21.83302
1.0,30,21.834409
0.0,17,21.835231
0.0,20,21.836182
0.0,18,21.837032
0.0,10,21.837547
0.0,4,21.837792
0.0,12,21.838397
0.0,24,21.839522
1.0,20,21.840473
0.0,4,21.840716
0.0,1,21.840827
0.0,27,21.842095
0.0,3,21.842296
1.0,12,21.842891
0.0,8,21.843328
1.0,15,21.844063
0.0,26,21.845277
0.0,5,21.845568
1.0,38,21.847305
1.0,23,21.848387
0.0,31,21.849814
0.0,13,21.85046
0.0,9,21.850924
0.0,3,21.851134
0.0,13,21.851769
0.0,3,21.851968
0.0,7,21.852353
0.0,6,21.852685
0.0,25,21.853859
0.0,58,21.856477
1.0,12,21.857082
0.0,4,21.857327
0.0,9,21.857789
0.0,35,21.859398
0.0,37,21.861094
0.0,3,21.861295
0.0,6,21.861624
0.0,12,21.862226
0.0,12,21.862817
0.0,5,21.863124
0.0,5,21.863414
0.0,5,21.863699
1.0,36,21.865355
0.0,27,21.866607
0.0,41,21.868483
0.0,6,21.868814
0.0,4,21.869064
1.0,26,21.870273
1.0,29,21.871623
0.0,26,21.872832
0.0,11,21.873403
1.0,27,21.874662
0.0,1,21.874775
0.0,6,21.875114
0.0,18,21.875971
1.0,23,21.877058
0.0,17,21.877867
0.0,25,21.879034
0.0,31,21.880474
0.0,13,21.881116
0.0,36,21.882762
0.0,12,21.883376
0.0,33,21.884891
0.0,16,21.885666
0.0,16,21.88644
0.0,26,21.887655
0.0,11,21.888218
0.0,14,21.888895
0.0,2,21.889061
0.0,6,21.889395
1.0,55,21.891861
1.0,43,21.893817
0.0,2,21.893976
0.0,20,21.894923
0.0,21,21.895916
1.0,18,21.896776
1.0,31,21.898219
0.0,3,21.898419
0.0,50,21.900676
1.0,41,21.90254
0.0,16,21.903316
1.0,33,21.904825
1.0,26,21.906027
1.0,44,21.908013
0.0,14,21.908698
0.0,8,21.909133
1.0,62,21.911901
0.0,1,21.912012
1.0,78,21.91551
0.0,21,21.916501
0.0,1,21.916613
1.0,14,21.917301
1.0,29,21.918639
0.0,7,21.919012
1.0,55,21.921491
0.0,3,21.921692
0.0,4,21.921934
0.0,9,21.922406
0.0,26,21.923623
1.0,7,21.923997
1.0,24,21.925126
0.0,11,21.925675
0.0,7,21.926058
1.0,24,21.927178
1.0,13,21.927872
1.0,59,21.930523
0.0,6,21.930856
0.0,5,21.931154
0.0,34,21.932707
1.0,11,21.933271
0.0,30,21.934647
0.0,12,21.93525
0.0,4,21.935495
0.0,5,21.935781
1.0,19,21.936683
1.0,31,21.938126
0.0,17,21.938931
0.0,11,21.939507
1.0,21,21.940496
0.0,3,21.940696
0.0,21,21.941689
1.0,27,21.94294
0.0,8,21.943374
1.0,33,21.944886
0.0,11,21.945445
0.0,18,21.946309
0.0,24,21.947433
0.0,4,21.947676
0.0,2,21.947833
0.0,2,21.947986
0.0,6,21.948329
0.0,15,21.949061
1.0,12,21.949652
1.0,15,21.950379
1.0,19,21.951282
0.0,36,21.952915
0.0,46,21.954998
1.0,27,21.956259
0.0,16,21.957021
1.0,28,21.958322
0.0,50,21.960577
1.0,21,21.961571
0.0,19,21.962473
0.0,40,21.9643
0.0,10,21.964804
0.0,4,21.965046
0.0,35,21.966651
0.0,22,21.96769
0.0,4,21.967932
0.0,34,21.969496
0.0,2,21.969653
0.0,9,21.970126
0.0,21,21.971119
0.0,15,21.971843
0.0,15,21.972572
0.0,2,21.972731
0.0,2,21.972887
0.0,24,21.97401
0.0,10,21.974528
0.0,13,21.975176
0.0,10,21.975682
0.0,12,21.976282
0.0,8,21.976697
0.0,12,21.977295
0.0,1,21.977409
1.0,9,21.977868
0.0,6,21.978212
0.0,4,21.978456
0.0,62,21.981228
0.0,19,21.982136
1.0,45,21.984183
0.0,45,21.986217
0.0,7,21.986592
0.0,7,21.986963
0.0,9,21.987438
0.0,2,21.987597
1.0,16,21.988368
0.0,31,21.989789
0.0,20,21.99074
0.0,31,21.992177
1.0,27,21.993437
1.0,20,21.994386
1.0,12,21.994979
0.0,1,21.995102
1.0,31,21.996524
0.0,14,21.997218
0.0,4,21.997465
1.0,10,21.997967
0.0,1,21.998086
1.0,24,21.999208
0.0,12,21.999797
1.0,20,22.000746
0.0,4,22.000989
1.0,22,22.002025
0.0,2,22.002189
1.0,21,22.003184
1.0,23,22.004265
0.0,2,22.004421
0.0,6,22.00475
1.0,13,22.005396
1.0,82,22.00907
0.0,35,22.010673
1.0,30,22.012064
0.0,4,22.012308
0.0,5,22.012594
0.0,20,22.013554
1.0,10,22.014071
0.0,6,22.014403
0.0,29,22.015738
0.0,6,22.016081
0.0,6,22.016414
0.0,18,22.017274
0.0,5,22.017563
0.0,2,22.01772
0.0,11,22.018274
0.0,27,22.01953
0.0,9,22.019996
0.0,12,22.020598
1.0,12,22.021206
1.0,33,22.022716
0.0,9,22.023197
1.0,18,22.024059
0.0,1,22.024172
0.0,2,22.02433
0.0,3,22.024529
0.0,7,22.024905
1.0,19,22.025811
0.0,30,22.027205
0.0,31,22.028694
0.0,45,22.03075
0.0,11,22.031315
0.0,2,22.031472
0.0,24,22.032593
0.0,64,22.035472
0.0,24,22.036594
0.0,15,22.037327
0.0,28,22.038626
0.0,6,22.038957
0.0,50,22.041224
0.0,8,22.041642
0.0,9,22.042118
0.0,30,22.043507
0.0,52,22.045849
0.0,4,22.046104
1.0,17,22.046912
0.0,8,22.047341
0.0,3,22.047543
0.0,43,22.049489
0.0,26,22.0507
0.0,18,22.051568
1.0,17,22.052383
1.0,9,22.052846
0.0,4,22.053104
0.0,3,22.053304
1.0,20,22.054255
1.0,38,22.055977
0.0,9,22.056448
1.0,21,22.05744
1.0,23,22.058514
0.0,2,22.05867
0.0,34,22.060228
1.0,43,22.06218
0.0,26,22.063404
0.0,13,22.064041
0.0,55,22.066521
0.0,3,22.066724
0.0,16,22.067496
0.0,22,22.068537
0.0,1,22.068649
0.0,23,22.069723
0.0,18,22.070593
0.0,1,22.070704
0.0,33,22.072224
0.0,9,22.072687
0.0,5,22.072974
1.0,23,22.074064
1.0,29,22.075401
0.0,3,22.075602
1.0,9,22.076071
1.0,18,22.076918
1.0,46,22.078993
0.0,8,22.079423
0.0,2,22.079582
1.0,20,22.080532
0.0,3,22.080734
0.0,12,22.081336
0.0,40,22.083167
0.0,17,22.083981
0.0,5,22.084279
0.0,4,22.084524
1.0,17,22.085342
0.0,4,22.085587
0.0,14,22.086273
1.0,22,22.087305
1.0,21,22.088294
0.0,78,22.091749
0.0,6,22.092095
0.0,25,22.093266
1.0,19,22.094171
1.0,31,22.095588
1.0,77,22.099005
0.0,2,22.09917
1.0,26,22.100377
0.0,13,22.101012
1.0,17,22.10183
1.0,23,22.102912
0.0,30,22.104312
1.0,22,22.105348
1.0,14,22.106024
1.0,50,22.108279
0.0,15,22.109001
0.0,61,22.111726
0.0,23,22.112811
0.0,9,22.113292
0.0,6,22.113624
1.0,21,22.114612
0.0,25,22.115778
0.0,8,22.116211
0.0,23,22.117296
0.0,16,22.118069
0.0,5,22.118358
0.0,16,22.119131
0.0,8,22.11955
0.0,1,22.119663
0.0,17,22.120479
0.0,66,22.123441
0.0,3,22.123642
0.0,4,22.123886
0.0,8,22.124315
1.0,11,22.12486
0.0,18,22.125717
0.0,2,22.125874
0.0,19,22.126773
0.0,41,22.128635
0.0,1,22.128749
1.0,16,22.129524
0.0,2,22.129681
0.0,8,22.130106
1.0,37,22.131799
0.0,1,22.131912
0.0,8,22.132346
0.0,34,22.133907
0.0,2,22.134078
1.0,28,22.135428
0.0,9,22.135891
0.0,8,22.136319
0.0,6,22.136653
0.0,11,22.137213
0.0,7,22.13759
0.0,17,22.138408
0.0,6,22.138743
0.0,1,22.138866
0.0,5,22.139166
0.0,9,22.139629
0.0,9,22.140097
0.0,26,22.141306
0.0,32,22.142764
1.0,39,22.144547
0.0,50,22.146799
0.0,4,22.147043
0.0,11,22.1476
1.0,34,22.14916
0.0,6,22.149492
0.0,1,22.149602
1.0,48,22.15177
1.0,25,22.152937
0.0,1,22.153061
0.0,3,22.153266
0.0,57,22.15581
0.0,23,22.156886
0.0,1,22.157
0.0,7,22.157384
0.0,15,22.158111
0.0,14,22.158786
1.0,19,22.159683
1.0,14,22.16038
1.0,35,22.161974
0.0,35,22.163584
0.0,19,22.16449
0.0,7,22.164867
0.0,5,22.165167
1.0,13,22.1658
1.0,22,22.166837
0.0,9,22.167309
1.0,47,22.169428
1.0,31,22.17085
0.0,12,22.171451
0.0,13,22.172098
0.0,2,22.172257
0.0,14,22.172931
0.0,10,22.17345
1.0,14,22.174139
1.0,13,22.174768
0.0,15,22.175503
0.0,5,22.175789
1.0,16,22.176559
0.0,29,22.177893
0.0,2,22.17806
0.0,15,22.178784
0.0,10,22.179301
0.0,1,22.179414
0.0,3,22.179612
0.0,37,22.181298
1.0,19,22.182209
0.0,12,22.1828
0.0,9,22.183275
1.0,26,22.184478
0.0,9,22.184937
0.0,39,22.18671
0.0,5,22.186999
0.0,2,22.187165
0.0,4,22.187407
0.0,9,22.187863
0.0,16,22.188636
0.0,6,22.188966
0.0,48,22.191137
0.0,11,22.191687
1.0,16,22.19246
1.0,22,22.193502
1.0,20,22.194448
0.0,6,22.194779
0.0,21,22.195769
0.0,1,22.195883
1.0,13,22.196528
1.0,22,22.197562
1.0,13,22.198206
0.0,9,22.198668
0.0,20,22.199619
0.0,9,22.200092
0.0,1,22.200204
0.0,26,22.201414
0.0,1,22.201525
0.0,40,22.203352
0.0,4,22.2036
0.0,1,22.203711
1.0,7,22.204097
0.0,5,22.204385
0.0,14,22.205064
0.0,35,22.206659
0.0,51,22.208951
0.0,15,22.209687
0.0,1,22.2098
0.0,8,22.210228
0.0,13,22.21086
0.0,5,22.211163
1.0,33,22.212676
0.0,3,22.212878
1.0,21,22.213869
0.0,45,22.215905
1.0,24,22.217033
1.0,57,22.219586
1.0,35,22.221186
0.0,4,22.22143
0.0,3,22.22163
1.0,30,22.223009
0.0,59,22.225647
1.0,18,22.226513
0.0,1,22.226628
1.0,34,22.228185
0.0,13,22.228822
1.0,38,22.230562
0.0,1,22.230676
0.0,30,22.232068
1.0,7,22.232446
0.0,7,22.23282
0.0,70,22.235956
1.0,44,22.238016
0.0,6,22.238355
1.0,16,22.239137
0.0,2,22.239293
0.0,2,22.239447
1.0,8,22.239862
0.0,7,22.240247
1.0,11,22.240797
0.0,2,22.240955
1.0,26,22.242177
0.0,4,22.24242
1.0,19,22.243335
0.0,3,22.243538
0.0,5,22.243826
0.0,11,22.244385
0.0,17,22.245205
1.0,21,22.246199
0.0,2,22.246357
0.0,9,22.246818
0.0,55,22.249296
0.0,43,22.251252
0.0,1,22.251365
0.0,2,22.251522
1.0,64,22.254399
0.0,6,22.254732
0.0,1,22.254843
0.0,7,22.255229
0.0,23,22.256313
0.0,1,22.256427
0.0,19,22.257331
0.0,11,22.257883
0.0,3,22.258091
0.0,12,22.258683
0.0,10,22.259199
0.0,18,22.260067
0.0,24,22.261191
0.0,22,22.262233
0.0,2,22.262389
0.0,1,22.262501
0.0,17,22.263326
0.0,1,22.263438
1.0,28,22.264731
0.0,12,22.265338
0.0,8,22.265757
0.0,1,22.265867
1.0,20,22.266819
0.0,37,22.268511
0.0,2,22.26867
0.0,4,22.268913
0.0,18,22.269773
1.0,21,22.270762
0.0,8,22.271191
1.0,47,22.273329
0.0,10,22.273835
0.0,46,22.275921
0.0,6,22.276267
0.0,12,22.276855
0.0,13,22.277504
0.0,1,22.277615
0.0,14,22.278305
0.0,60,22.280994
0.0,6,22.281334
0.0,10,22.28184
1.0,24,22.282959
1.0,8,22.283393
1.0,28,22.284688
0.0,23,22.285773
0.0,2,22.285931
1.0,31,22.287367
0.0,3,22.287567
0.0,13,22.288212
0.0,4,22.288455
0.0,7,22.288827
0.0,17,22.289648
0.0,20,22.290596
0.0,1,22.290709
1.0,22,22.291743
1.0,24,22.292862
0.0,40,22.294696
0.0,8,22.295129
0.0,9,22.295593
0.0,1,22.295703
0.0,11,22.296264
1.0,19,22.297174
0.0,5,22.297463
0.0,15,22.298198
0.0,4,22.298445
0.0,62,22.301219
1.0,31,22.302643
0.0,1,22.302754
0.0,1,22.302866
0.0,3,22.303081
1.0,26,22.304293
1.0,27,22.305542
0.0,9,22.306011
0.0,10,22.306527
0.0,11,22.307081
1.0,19,22.307976
1.0,21,22.308969
1.0,34,22.310533
1.0,32,22.312009
0.0,1,22.312131
1.0,17,22.312944
0.0,17,22.313765
1.0,16,22.314538
0.0,20,22.315485
1.0,14,22.316176
0.0,7,22.316549
1.0,15,22.317279
0.0,6,22.317611
0.0,22,22.318644
1.0,31,22.320074
0.0,4,22.320319
0.0,23,22.3214
1.0,34,22.322953
0.0,2,22.323128
0.0,8,22.323547
0.0,2,22.323703
1.0,19,22.32461
1.0,31,22.326036
0.0,6,22.326396
0.0,17,22.327222
0.0,9,22.327687
0.0,1,22.3278
0.0,60,22.330507
1.0,11,22.331071
1.0,12,22.331665
1.0,15,22.332399
0.0,7,22.332775
0.0,37,22.334483
0.0,11,22.335035
0.0,3,22.335246
0.0,3,22.335448
0.0,11,22.335995
1.0,15,22.336796
1.0,6,22.33714
1.0,24,22.338266
0.0,6,22.338595
0.0,17,22.339416
0.0,26,22.340621
0.0,5,22.340908
0.0,15,22.341636
0.0,1,22.34175
0.0,4,22.341995
0.0,9,22.342465
1.0,32,22.343942
0.0,3,22.344154
0.0,17,22.344958
0.0,1,22.345078
0.0,41,22.346936
0.0,34,22.348502
0.0,1,22.348614
0.0,16,22.349389
0.0,2,22.349548
0.0,12,22.350148
0.0,14,22.350827
0.0,21,22.351816
0.0,9,22.352293
0.0,21,22.353292
0.0,7,22.353664
0.0,28,22.354955
0.0,16,22.355734
0.0,43,22.357686
0.0,5,22.357975
0.0,46,22.360069
0.0,7,22.360448
0.0,20,22.361395
0.0,3,22.361597
1.0,64,22.364457
1.0,20,22.365404
1.0,22,22.366435
1.0,11,22.366986
0.0,24,22.368121
0.0,14,22.368802
1.0,20,22.369744
0.0,2,22.369902
0.0,1,22.370011
0.0,15,22.370744
0.0,1,22.370855
1.0,53,22.373253
0.0,3,22.373455
1.0,14,22.374141
0.0,31,22.375558
1.0,9,22.376023
0.0,3,22.376229
0.0,5,22.376517
0.0,21,22.377504
0.0,22,22.378535
0.0,17,22.37935
0.0,19,22.380257
0.0,11,22.380805
0.0,46,22.382877
0.0,50,22.385136
1.0,12,22.385724
1.0,19,22.386628
0.0,1,22.386741
0.0,11,22.387298
0.0,10,22.387803
0.0,7,22.388187
0.0,13,22.388819
0.0,48,22.390987
0.0,3,22.391197
0.0,69,22.394286
1.0,19,22.395191
0.0,17,22.395999
0.0,7,22.396381
0.0,4,22.396625
0.0,25,22.397787
0.0,15,22.39852
0.0,66,22.401481
0.0,7,22.401854
0.0,27,22.403119
0.0,9,22.403577
0.0,9,22.404039
0.0,11,22.4046
0.0,18,22.40546
0.0,14,22.406147
0.0,81,22.409752
0.0,42,22.411663
1.0,17,22.412483
0.0,36,22.414139
0.0,8,22.414558
0.0,7,22.41493
1.0,49,22.417153
1.0,19,22.418046
0.0,31,22.419485
1.0,58,22.422107
0.0,12,22.422698
0.0,36,22.424355
1.0,29,22.425699
1.0,50,22.427962
0.0,12,22.428566
0.0,2,22.428722
0.0,2,22.428879
0.0,19,22.429782
1.0,15,22.430517
0.0,31,22.431945
0.0,7,22.432329
0.0,13,22.432964
1.0,18,22.433834
0.0,7,22.43422
0.0,3,22.43442
0.0,18,22.435284
1.0,32,22.436756
1.0,26,22.437964
0.0,8,22.438395
1.0,20,22.439342
0.0,47,22.441466
0.0,9,22.441929
0.0,8,22.442358
0.0,10,22.442862
0.0,1,22.442974
1.0,52,22.445323
0.0,35,22.446922
0.0,3,22.447136
0.0,29,22.448552
1.0,7,22.448928
0.0,10,22.449443
0.0,37,22.451143
0.0,7,22.451518
1.0,19,22.452425
0.0,1,22.452536
0.0,18,22.453407
0.0,2,22.453568
0.0,13,22.454221
0.0,33,22.455734
0.0,13,22.456382
0.0,39,22.458179
0.0,2,22.458338
1.0,21,22.459332
0.0,2,22.459487
0.0,71,22.46265
0.0,1,22.462762
0.0,40,22.464595
0.0,4,22.464841
0.0,27,22.466101
1.0,21,22.467095
1.0,12,22.467686
0.0,5,22.467974
0.0,26,22.469195
1.0,26,22.470402
1.0,37,22.472095
0.0,10,22.4726
1.0,16,22.473383
0.0,20,22.474331
0.0,21,22.475326
1.0,53,22.477703
1.0,30,22.479092
0.0,6,22.479422
1.0,17,22.480241
0.0,5,22.480527
0.0,36,22.482185
0.0,11,22.482733
0.0,13,22.483384
0.0,16,22.484163
1.0,61,22.486897
1.0,23,22.487977
0.0,10,22.488492
0.0,19,22.4894
1.0,10,22.489905
0.0,15,22.490637
0.0,4,22.490882
0.0,29,22.492229
0.0,21,22.493228
0.0,13,22.493864
1.0,29,22.495205
0.0,9,22.495666
0.0,19,22.496577
0.0,11,22.497139
0.0,4,22.497386
0.0,42,22.499296
0.0,22,22.500331
0.0,20,22.501284
1.0,33,22.502795
0.0,6,22.503146
1.0,10,22.503651
0.0,3,22.503851
0.0,11,22.504409
0.0,2,22.504566
1.0,28,22.50586
0.0,56,22.508376
0.0,18,22.509238
0.0,3,22.509442
0.0,8,22.509857
0.0,2,22.510014
0.0,55,22.512488
0.0,35,22.514101
1.0,27,22.515352
1.0,30,22.516731
1.0,39,22.518504
0.0,21,22.519494
0.0,1,22.519606
0.0,7,22.51998
0.0,7,22.520367
0.0,4,22.520612
0.0,5,22.5209
0.0,43,22.522857
0.0,9,22.523335
0.0,11,22.523879
0.0,100,22.528335
0.0,73,22.531602
0.0,6,22.531933
0.0,16,22.532714
0.0,10,22.533236
0.0,12,22.533828
0.0,22,22.534869
0.0,22,22.5359
0.0,27,22.53716
1.0,29,22.5385
0.0,9,22.538962
1.0,28,22.540267
0.0,2,22.540425
0.0,8,22.540841
0.0,6,22.541196
0.0,76,22.544579
1.0,15,22.54531
1.0,73,22.548568
1.0,39,22.55035
1.0,40,22.552178
0.0,18,22.553027
1.0,37,22.554732
0.0,54,22.557164
0.0,21,22.558158
0.0,17,22.558975
0.0,12,22.55958
0.0,2,22.559738
0.0,72,22.562951
0.0,9,22.563434
0.0,15,22.564167
0.0,6,22.564503
1.0,52,22.566837
0.0,4,22.567092
0.0,2,22.56725
0.0,42,22.56923
0.0,8,22.569649
0.0,14,22.570338
0.0,2,22.570495
0.0,1,22.570607
0.0,16,22.571379
0.0,1,22.571492
0.0,1,22.571604
0.0,32,22.573081
0.0,10,22.573584
1.0,21,22.574575
0.0,20,22.575523
0.0,7,22.575901
0.0,9,22.576375
1.0,62,22.579161
0.0,47,22.581288
0.0,1,22.581403
0.0,8,22.581819
0.0,17,22.582639
0.0,8,22.583073
0.0,50,22.585325
0.0,1,22.585437
1.0,15,22.586165
0.0,22,22.587195
1.0,44,22.589183
0.0,4,22.589429
0.0,41,22.591292
0.0,17,22.592109
0.0,11,22.592658
0.0,2,22.592816
0.0,9,22.593295
0.0,10,22.593801
1.0,30,22.595192
0.0,14,22.595869
1.0,38,22.597596
0.0,9,22.598068
1.0,55,22.600523
1.0,26,22.601727
1.0,29,22.603073
0.0,9,22.603539
0.0,35,22.605153
0.0,27,22.606399
0.0,10,22.606904
1.0,22,22.607934
0.0,1,22.608045
0.0,13,22.608685
0.0,6,22.609018
0.0,8,22.60944
0.0,8,22.609858
0.0,7,22.610241
0.0,7,22.610613
0.0,15,22.611345
0.0,18,22.612208
0.0,18,22.613078
0.0,8,22.613494
0.0,10,22.613994
0.0,6,22.614333
0.0,4,22.614577
1.0,18,22.615439
0.0,5,22.615728
0.0,23,22.616806
0.0,46,22.618883
1.0,23,22.619962
0.0,10,22.620476
0.0,1,22.620589
0.0,3,22.62079
1.0,25,22.621951
1.0,36,22.623606
1.0,15,22.624335
1.0,15,22.625062
1.0,55,22.627521
1.0,22,22.628552
0.0,1,22.628664
0.0,7,22.629038
0.0,10,22.62955
1.0,15,22.630283
0.0,12,22.630875
1.0,14,22.631558
0.0,17,22.63238
1.0,13,22.633013
1.0,23,22.634099
1.0,15,22.634815
0.0,4,22.635067
0.0,2,22.635224
0.0,14,22.635899
0.0,21,22.63689
0.0,11,22.637448
0.0,9,22.637909
0.0,1,22.63802
0.0,16,22.638791
0.0,25,22.639958
0.0,19,22.640862
1.0,20,22.641809
0.0,2,22.641965
0.0,32,22.643453
0.0,5,22.64374
1.0,26,22.644952
0.0,3,22.645164
0.0,24,22.646281
0.0,1,22.646393
0.0,3,22.646599
0.0,12,22.6472
0.0,53,22.64959
0.0,6,22.649928
0.0,3,22.650137
0.0,22,22.651171
0.0,4,22.651415
0.0,60,22.654113
0.0,12,22.654706
0.0,4,22.65495
0.0,15,22.65568
0.0,21,22.656671
0.0,34,22.658235
0.0,5,22.658526
1.0,15,22.659256
0.0,39,22.661022
0.0,52,22.663369
0.0,15,22.664098
1.0,56,22.666601
1.0,13,22.667248
0.0,24,22.668372
1.0,34,22.669982
0.0,32,22.671459
1.0,58,22.67409
1.0,34,22.675643
0.0,7,22.676022
0.0,14,22.676708
0.0,1,22.67682
0.0,7,22.677207
0.0,10,22.677714
0.0,8,22.678141
0.0,9,22.678602
0.0,23,22.679683
0.0,37,22.68137
0.0,11,22.681916
0.0,15,22.682648
1.0,29,22.683989
0.0,34,22.68555
0.0,32,22.687016
1.0,53,22.689407
0.0,73,22.692669
0.0,20,22.693622
0.0,3,22.693825
0.0,43,22.695772
0.0,4,22.696019
0.0,37,22.697707
0.0,9,22.698178
0.0,2,22.698335
0.0,63,22.701169
1.0,14,22.70185
0.0,4,22.702104
0.0,10,22.702611
0.0,2,22.702769
0.0,13,22.703421
0.0,1,22.703533
1.0,30,22.70492
1.0,45,22.706964
1.0,19,22.707869
1.0,43,22.709818
0.0,7,22.710206
0.0,7,22.710582
0.0,17,22.711398
0.0,12,22.711991
0.0,5,22.712291
0.0,4,22.712536
0.0,4,22.712778
1.0,15,22.713513
0.0,6,22.713848
0.0,40,22.715675
0.0,1,22.715787
0.0,2,22.715942
0.0,39,22.717721
0.0,46,22.719816
0.0,3,22.720018
0.0,16,22.720788
0.0,4,22.721032
1.0,15,22.721762
0.0,4,22.722004
0.0,10,22.722516
1.0,22,22.723559
1.0,25,22.724728
1.0,38,22.726468
0.0,19,22.72738
0.0,3,22.727581
1.0,29,22.728921
0.0,6,22.729264
0.0,2,22.729423
0.0,10,22.729928
0.0,93,22.734081
1.0,50,22.736344
0.0,13,22.73698
1.0,34,22.738548
1.0,6,22.738882
0.0,42,22.740786
0.0,18,22.741652
0.0,1,22.741764
0.0,39,22.743554
0.0,6,22.743888
0.0,6,22.744227
0.0,19,22.745136
0.0,3,22.745339
1.0,30,22.746723
0.0,10,22.747239
1.0,13,22.747878
1.0,27,22.749144
1.0,20,22.750097
1.0,18,22.750944
0.0,5,22.751238
0.0,12,22.75183
0.0,16,22.752609
0.0,8,22.75303
0.0,43,22.75498
0.0,18,22.755842
0.0,4,22.756098
0.0,4,22.756357
1.0,17,22.757178
0.0,14,22.757856
1.0,49,22.760084
1.0,50,22.762338
1.0,16,22.76312
0.0,7,22.763497
1.0,40,22.765328
1.0,35,22.766925
0.0,46,22.769004
0.0,5,22.769301
0.0,28,22.770602
0.0,43,22.772558
0.0,30,22.773942
1.0,34,22.775507
0.0,3,22.775709
0.0,15,22.776443
1.0,25,22.777613
0.0,11,22.778171
0.0,8,22.77859
0.0,17,22.77941
1.0,16,22.780246
0.0,42,22.782155
0.0,83,22.785846
0.0,19,22.786754
1.0,63,22.789572
0.0,15,22.790307
0.0,36,22.79195
0.0,16,22.792725
1.0,32,22.794217
0.0,8,22.794635
0.0,1,22.794745
0.0,18,22.795606
0.0,29,22.796941
0.0,16,22.797723
0.0,28,22.799021
0.0,5,22.799321
0.0,2,22.799477
1.0,25,22.800647
0.0,10,22.801166
0.0,23,22.802247
0.0,9,22.802706
0.0,13,22.803358
0.0,1,22.803471
0.0,21,22.80446
1.0,54,22.806879
0.0,3,22.807091
0.0,1,22.807204
1.0,29,22.808544
1.0,43,22.810505
0.0,7,22.810879
0.0,19,22.811789
0.0,11,22.812351
1.0,33,22.813873
0.0,4,22.814128
1.0,18,22.814976
0.0,1,22.815097
0.0,12,22.815695
0.0,7,22.816083
0.0,4,22.816328
0.0,5,22.816619
0.0,6,22.816952
0.0,7,22.817334
0.0,7,22.817706
0.0,3,22.817906
0.0,9,22.818381
0.0,3,22.818581
1.0,29,22.819916
0.0,21,22.820913
1.0,9,22.821385
1.0,45,22.823431
0.0,13,22.824078
0.0,8,22.824497
1.0,51,22.826791
1.0,23,22.827863
0.0,10,22.828379
1.0,19,22.829287
1.0,35,22.830885
0.0,8,22.831313
1.0,25,22.832481
0.0,8,22.8329
0.0,1,22.833012
0.0,16,22.833789
0.0,14,22.834476
1.0,26,22.835684
1.0,13,22.836328
0.0,5,22.836617
0.0,24,22.837738
0.0,12,22.838343
0.0,2,22.8385
0.0,21,22.83949
1.0,17,22.840304
0.0,2,22.840459
1.0,19,22.841369
0.0,3,22.841568
1.0,31,22.842989
1.0,17,22.843809
0.0,2,22.843967
0.0,4,22.844224
0.0,7,22.844599
0.0,16,22.845375
1.0,25,22.846544
0.0,5,22.846835
1.0,12,22.847437
0.0,46,22.849518
0.0,35,22.851132
1.0,13,22.851768
0.0,16,22.85254
0.0,9,22.853003
0.0,32,22.854483
0.0,9,22.854945
0.0,17,22.855762
0.0,17,22.856587
0.0,8,22.857003
0.0,1,22.857125
0.0,11,22.857677
1.0,37,22.859368
0.0,6,22.859699
0.0,25,22.860858
0.0,15,22.86159
1.0,7,22.861964
0.0,22,22.862997
0.0,18,22.863867
0.0,36,22.865516
0.0,36,22.867165
0.0,15,22.867887
0.0,18,22.86875
0.0,41,22.870618
0.0,1,22.870732
0.0,2,22.870887
0.0,10,22.871403
0.0,42,22.87332
0.0,3,22.873523
0.0,7,22.873895
0.0,10,22.874416
0.0,9,22.874881
0.0,6,22.875222
0.0,1,22.875336
0.0,48,22.877515
0.0,51,22.879814
0.0,14,22.880563
1.0,29,22.881899
0.0,34,22.883476
0.0,22,22.884513
0.0,1,22.884626
0.0,4,22.884873
0.0,3,22.885084
0.0,37,22.886769
0.0,7,22.887163
0.0,25,22.888331
0.0,13,22.888967
1.0,24,22.890102
0.0,4,22.890344
1.0,21,22.891338
0.0,37,22.893019
1.0,26,22.894237
0.0,41,22.896109
0.0,9,22.896573
1.0,19,22.897479
1.0,54,22.899916
1.0,9,22.90039
1.0,17,22.901212
1.0,17,22.902022
0.0,25,22.903193
0.0,10,22.903695
0.0,55,22.906172
0.0,30,22.907557
0.0,34,22.909127
0.0,9,22.909587
0.0,27,22.910838
0.0,35,22.912445
0.0,24,22.91358
0.0,17,22.914402
0.0,5,22.914691
0.0,16,22.915466
0.0,4,22.91571
0.0,33,22.917239
0.0,8,22.91766
1.0,32,22.919145
1.0,17,22.919956
0.0,12,22.920561
1.0,12,22.921162
1.0,15,22.92188
1.0,54,22.924338
0.0,8,22.924754
0.0,4,22.924999
0.0,31,22.926432
0.0,7,22.926811
0.0,5,22.927107
0.0,16,22.927873
1.0,35,22.929477
1.0,12,22.930079
1.0,24,22.931199
0.0,1,22.93131
1.0,11,22.931857
1.0,41,22.933727
0.0,8,22.934156
0.0,17,22.934963
1.0,16,22.935736
0.0,23,22.93682
0.0,14,22.937518
0.0,6,22.937848
0.0,12,22.938452
1.0,29,22.939794
0.0,1,22.939907
0.0,3,22.94012
0.0,21,22.94111
1.0,19,22.942006
1.0,50,22.944278
0.0,6,22.944611
0.0,26,22.945821
0.0,12,22.946425
1.0,80,22.949991
0.0,2,22.95016
0.0,38,22.951892
0.0,5,22.952193
0.0,23,22.95328
0.0,49,22.95549
0.0,2,22.95565
0.0,24,22.956774
0.0,3,22.956975
0.0,10,22.957487
0.0,2,22.957648
0.0,14,22.958345
0.0,2,22.958503
0.0,2,22.958659
0.0,48,22.960829
1.0,11,22.96139
0.0,18,22.962253
1.0,14,22.962934
0.0,39,22.964712
0.0,20,22.965662
0.0,6,22.965993
0.0,13,22.966633
1.0,44,22.968647
1.0,44,22.97064
0.0,8,22.971072
0.0,6,22.971406
0.0,10,22.97191
1.0,15,22.972645
0.0,27,22.973898
0.0,10,22.974413
0.0,31,22.975837
0.0,16,22.976614
0.0,34,22.978179
0.0,21,22.979174
0.0,1,22.979285
0.0,4,22.979527
0.0,5,22.979814
0.0,55,22.982293
1.0,17,22.983117
1.0,19,22.984009
1.0,21,22.985
1.0,36,22.986705
1.0,25,22.987869
0.0,6,22.988215
0.0,13,22.988854
0.0,55,22.991329
1.0,26,22.992536
0.0,18,22.993408
0.0,1,22.99352
0.0,4,22.993764
0.0,4,22.994009
1.0,26,22.995219
1.0,17,22.996025
1.0,15,22.996749
0.0,4,22.996992
1.0,30,22.998376
0.0,5,22.998667
1.0,22,22.999696
1.0,11,23.000259
1.0,22,23.00129
0.0,17,23.002111
1.0,60,23.004809
0.0,1,23.004921
0.0,4,23.005174
0.0,4,23.005418
0.0,5,23.005709
0.0,19,23.006618
0.0,11,23.007175
0.0,6,23.007507
0.0,6,23.00784
0.0,6,23.008184
0.0,1,23.008295
0.0,1,23.008407
1.0,18,23.009271
0.0,5,23.00956
0.0,3,23.009758
1.0,22,23.010789
1.0,34,23.012349
0.0,19,23.013262
0.0,2,23.013418
1.0,33,23.014927
0.0,11,23.015489
0.0,40,23.017304
0.0,13,23.017938
1.0,13,23.018579
0.0,16,23.019353
0.0,9,23.019814
0.0,39,23.02159
0.0,17,23.022408
0.0,26,23.023618
1.0,16,23.024399
0.0,6,23.024731
1.0,24,23.025852
0.0,7,23.026236
0.0,20,23.027187
0.0,8,23.027602
0.0,7,23.027974
0.0,6,23.028312
0.0,55,23.030774
0.0,16,23.031552
0.0,11,23.032112
0.0,4,23.032356
0.0,17,23.033175
0.0,15,23.033899
1.0,8,23.034329
0.0,5,23.034615
0.0,9,23.035086
1.0,30,23.036474
0.0,26,23.037676
0.0,5,23.037963
0.0,1,23.038085
0.0,25,23.039248
0.0,12,23.039841
1.0,78,23.043327
0.0,20,23.044276
1.0,12,23.044869
0.0,22,23.045906
0.0,6,23.046249
0.0,5,23.046539
0.0,10,23.047044
0.0,8,23.047469
1.0,27,23.048713
0.0,28,23.050002
0.0,1,23.050125
0.0,5,23.050413
0.0,46,23.052496
0.0,19,23.053408
0.0,29,23.054747
0.0,24,23.05587
0.0,21,23.05686
0.0,16,23.057636
0.0,7,23.058008
0.0,13,23.058651
0.0,1,23.058765
0.0,38,23.060501
0.0,12,23.061106
0.0,6,23.061438
0.0,8,23.061853
0.0,20,23.062795
1.0,10,23.063316
0.0,37,23.064994
1.0,18,23.065853
0.0,13,23.066496
0.0,35,23.068102
0.0,17,23.068906
1.0,33,23.070422
0.0,2,23.07058
0.0,1,23.070693
0.0,100,23.075148
0.0,9,23.075613
0.0,29,23.076951
0.0,7,23.077335
0.0,15,23.078065
0.0,51,23.080368
0.0,3,23.080573
0.0,5,23.080863
0.0,4,23.08112
0.0,27,23.082371
0.0,38,23.084111
1.0,14,23.084792
0.0,1,23.084903
0.0,9,23.085378
0.0,1,23.085548
1.0,34,23.087109
1.0,47,23.089231
0.0,4,23.089477
1.0,33,23.090988
0.0,10,23.091507
0.0,49,23.093727
0.0,4,23.093971
0.0,11,23.094532
0.0,3,23.094733
1.0,10,23.095247
0.0,3,23.095448
0.0,3,23.095649
0.0,14,23.096339
0.0,9,23.0968
0.0,21,23.097796
0.0,6,23.098141
0.0,80,23.101701
0.0,5,23.101992
0.0,14,23.102681
0.0,13,23.103339
0.0,24,23.104462
0.0,9,23.104927
0.0,9,23.1054
1.0,33,23.106917
1.0,15,23.107652
0.0,19,23.108557
0.0,16,23.109338
0.0,25,23.110499
0.0,24,23.11162
0.0,27,23.112872
0.0,26,23.114097
0.0,19,23.11499
0.0,12,23.115594
0.0,11,23.116154
0.0,8,23.116574
0.0,5,23.116863
0.0,4,23.117117
0.0,15,23.117834
0.0,13,23.118477
0.0,9,23.118936
0.0,3,23.119147
0.0,12,23.119735
0.0,37,23.121441
0.0,10,23.121947
1.0,34,23.123525
1.0,16,23.124302
0.0,13,23.124937
1.0,19,23.12584
0.0,11,23.1264
1.0,55,23.128867
0.0,10,23.129385
0.0,2,23.129544
0.0,1,23.129654
1.0,40,23.13147
1.0,29,23.132809
0.0,71,23.135972
1.0,18,23.136832
0.0,43,23.138791
0.0,77,23.142232
0.0,31,23.143664
0.0,5,23.143954
0.0,1,23.144076
0.0,8,23.144493
1.0,46,23.146572
1.0,18,23.147439
0.0,10,23.14794
0.0,1,23.148063
0.0,34,23.149617
0.0,28,23.150908
0.0,12,23.15151
0.0,20,23.152461
0.0,21,23.15346
0.0,15,23.154192
0.0,2,23.154351
0.0,10,23.154854
0.0,5,23.155153
0.0,30,23.156535
1.0,20,23.157491
1.0,9,23.157955
0.0,15,23.158688
0.0,3,23.158891
0.0,5,23.159188
1.0,68,23.16223
0.0,18,23.163099
0.0,5,23.163388
1.0,17,23.164206
0.0,6,23.164536
0.0,5,23.164821
0.0,11,23.165378
0.0,10,23.165883
0.0,20,23.166833
1.0,19,23.16774
1.0,14,23.168443
1.0,20,23.169394
1.0,51,23.171712
0.0,45,23.17376
0.0,5,23.17406
0.0,29,23.175398
1.0,19,23.176303
0.0,9,23.176769
1.0,24,23.177894
0.0,4,23.17815
0.0,5,23.178439
0.0,1,23.178551
0.0,21,23.179542
0.0,44,23.181538
0.0,21,23.182534
0.0,5,23.182824
1.0,13,23.183476
0.0,23,23.184554
1.0,33,23.186067
1.0,29,23.187404
0.0,30,23.188795
0.0,43,23.190743
0.0,9,23.191278
0.0,9,23.191743
1.0,34,23.193307
1.0,16,23.194081
0.0,3,23.194282
0.0,12,23.194874
1.0,13,23.195516
1.0,14,23.196203
1.0,15,23.196924
0.0,3,23.197137
1.0,12,23.197725
1.0,10,23.198241
0.0,2,23.198397
0.0,4,23.198641
1.0,14,23.199331
0.0,4,23.199574
0.0,63,23.202396
0.0,17,23.203227
0.0,24,23.204351
0.0,3,23.204552
0.0,16,23.205325
0.0,9,23.205791
0.0,16,23.206562
0.0,1,23.206674
0.0,5,23.206961
1.0,11,23.207518
1.0,45,23.209564
1.0,48,23.211734
0.0,26,23.212945
0.0,12,23.213557
0.0,26,23.214764
0.0,24,23.215886
1.0,49,23.218113
0.0,16,23.218875
0.0,18,23.219741
1.0,22,23.220774
0.0,16,23.22155
0.0,5,23.22184
0.0,26,23.223047
1.0,10,23.223565
1.0,26,23.224767
1.0,27,23.226018
0.0,5,23.226315
0.0,15,23.227036
0.0,3,23.227249
0.0,30,23.228631
0.0,44,23.230636
0.0,29,23.231975
0.0,14,23.23266
0.0,9,23.23314
0.0,8,23.233556
0.0,18,23.234423
0.0,27,23.235681
0.0,19,23.236593
0.0,9,23.237066
0.0,8,23.237486
0.0,2,23.237645
0.0,38,23.239388
0.0,5,23.239678
0.0,15,23.240412
0.0,14,23.241104
1.0,8,23.241524
0.0,6,23.241855
1.0,42,23.243774
0.0,2,23.243931
1.0,13,23.244577
0.0,18,23.245441
0.0,15,23.246175
0.0,10,23.246682
0.0,3,23.246882
0.0,12,23.247486
0.0,3,23.247688
1.0,18,23.248549
1.0,29,23.249888
1.0,19,23.250791
0.0,58,23.253403
0.0,21,23.254399
0.0,17,23.255218
0.0,6,23.25555
0.0,16,23.256327
0.0,43,23.258278
0.0,22,23.259317
0.0,6,23.259652
0.0,5,23.259941
1.0,15,23.26067
1.0,27,23.261918
0.0,2,23.262084
0.0,5,23.262371
0.0,17,23.263192
1.0,24,23.264316
0.0,42,23.266225
0.0,83,23.26991
1.0,26,23.271129
0.0,2,23.271285
0.0,15,23.272001
0.0,22,23.273034
1.0,39,23.274817
0.0,26,23.276025
0.0,18,23.276883
0.0,64,23.279748
0.0,15,23.280483
0.0,5,23.28077
0.0,8,23.281199
0.0,26,23.282407
0.0,7,23.282786
0.0,88,23.286711
0.0,18,23.287573
0.0,10,23.288091
1.0,22,23.289128
0.0,1,23.28924
1.0,10,23.289743
1.0,52,23.292083
0.0,45,23.294128
1.0,29,23.295531
0.0,1,23.295643
0.0,1,23.295752
0.0,42,23.297653
1.0,20,23.298607
0.0,7,23.298985
0.0,12,23.299582
0.0,4,23.299827
0.0,5,23.300128
0.0,27,23.301381
1.0,22,23.30242
0.0,6,23.302751
0.0,52,23.305117
0.0,42,23.307022
0.0,20,23.307967
0.0,29,23.309312
0.0,5,23.309602
0.0,4,23.309847
0.0,16,23.310622
0.0,38,23.312351
0.0,15,23.313092
0.0,33,23.31461
0.0,26,23.315822
0.0,9,23.316297
0.0,13,23.316934
0.0,5,23.317232
1.0,7,23.317605
0.0,6,23.317936
1.0,24,23.319067
1.0,30,23.32044
0.0,38,23.322177
1.0,42,23.32409
1.0,18,23.324949
1.0,23,23.326028
1.0,51,23.328342
0.0,19,23.329243
1.0,21,23.33023
1.0,46,23.332317
0.0,6,23.33265
0.0,2,23.332806
0.0,7,23.333199
0.0,36,23.334839
0.0,18,23.3357
0.0,27,23.33695
1.0,7,23.33734
1.0,37,23.339014
0.0,4,23.339268
0.0,23,23.340349
0.0,23,23.341429
1.0,27,23.342684
0.0,36,23.344332
0.0,6,23.344665
1.0,22,23.345701
0.0,15,23.34644
0.0,7,23.346815
1.0,18,23.347675
0.0,11,23.348234
0.0,4,23.348481
1.0,17,23.349295
1.0,6,23.349624
0.0,51,23.351909
0.0,15,23.352645
1.0,19,23.35356
0.0,1,23.353673
0.0,20,23.35462
1.0,55,23.357103
0.0,3,23.357307
0.0,8,23.357726
1.0,39,23.359506
0.0,2,23.359662
1.0,14,23.360358
1.0,30,23.361742
0.0,7,23.362129
1.0,41,23.363981
0.0,2,23.364149
0.0,26,23.365352
0.0,8,23.365774
0.0,27,23.367022
0.0,4,23.367273
0.0,3,23.367476
0.0,7,23.367853
0.0,29,23.369199
0.0,3,23.369403
0.0,3,23.369602
0.0,9,23.37007
1.0,37,23.371751
0.0,45,23.373802
1.0,27,23.37506
1.0,18,23.375909
0.0,9,23.37638
1.0,23,23.377455
0.0,18,23.378321
0.0,13,23.37896
1.0,17,23.379776
0.0,1,23.379886
0.0,11,23.380447
0.0,9,23.380909
0.0,2,23.381077
1.0,60,23.383769
0.0,16,23.384564
1.0,65,23.387485
0.0,2,23.387643
0.0,1,23.387754
0.0,1,23.387866
0.0,3,23.38808
0.0,25,23.389242
1.0,30,23.39062
0.0,2,23.390776
0.0,1,23.390886
1.0,19,23.39179
1.0,61,23.394531
1.0,12,23.395133
1.0,28,23.39649
0.0,6,23.396819
0.0,23,23.397901
1.0,8,23.398332
0.0,1,23.398441
0.0,6,23.39877
0.0,19,23.399676
0.0,14,23.400364
1.0,21,23.40135
0.0,17,23.40217
0.0,6,23.402501
0.0,1,23.402613
1.0,11,23.403178
0.0,30,23.404563
0.0,1,23.404675
1.0,17,23.405491
0.0,23,23.406572
0.0,3,23.406773
0.0,4,23.407017
0.0,1,23.407134
1.0,23,23.408219
1.0,13,23.408852
0.0,38,23.410581
0.0,14,23.411272
0.0,26,23.412482
1.0,15,23.413222
0.0,9,23.413687
0.0,18,23.414548
0.0,11,23.415108
1.0,25,23.416269
0.0,19,23.417173
0.0,1,23.417286
0.0,7,23.41766
0.0,6,23.417988
1.0,54,23.42042
1.0,22,23.421449
0.0,7,23.421825
0.0,31,23.423264
0.0,9,23.423725
0.0,17,23.424539
0.0,2,23.424696
0.0,69,23.427761
0.0,26,23.428968
0.0,17,23.429782
1.0,21,23.430772
1.0,36,23.432423
1.0,15,23.433162
0.0,6,23.433492
0.0,25,23.434661
0.0,1,23.434772
0.0,1,23.434884
1.0,7,23.43527
1.0,18,23.436132
0.0,10,23.436635
0.0,25,23.437797
1.0,35,23.439394
1.0,7,23.43977
1.0,25,23.440925
0.0,8,23.441356
0.0,12,23.441947
1.0,20,23.442895
0.0,3,23.44311
0.0,15,23.443831
0.0,10,23.444348
1.0,29,23.44568
1.0,21,23.446666
0.0,2,23.446822
0.0,9,23.44729
1.0,26,23.448497
0.0,18,23.449358
0.0,12,23.449949
1.0,10,23.450464
0.0,21,23.451454
0.0,3,23.451657
1.0,19,23.452559
0.0,33,23.454086
1.0,9,23.454544
0.0,15,23.455273
0.0,9,23.455733
0.0,10,23.456251
0.0,42,23.458167
0.0,10,23.458675
0.0,8,23.4591
0.0,2,23.459258
0.0,3,23.459459
0.0,6,23.459786
0.0,11,23.460342
0.0,4,23.460589
0.0,26,23.46179
0.0,19,23.462698
0.0,39,23.464469
0.0,18,23.465331
0.0,51,23.467623
0.0,2,23.467784
1.0,13,23.468426
1.0,7,23.4688
1.0,18,23.469658
0.0,11,23.470219
0.0,1,23.47033
1.0,13,23.470958
0.0,19,23.471864
0.0,54,23.474305
0.0,3,23.474507
0.0,7,23.474877
1.0,17,23.475693
0.0,72,23.478915
1.0,59,23.481567
0.0,8,23.481983
0.0,10,23.482498
0.0,4,23.482744
1.0,40,23.484568
0.0,9,23.485034
0.0,3,23.485243
1.0,33,23.486748
0.0,34,23.488315
0.0,3,23.488519
0.0,6,23.488849
1.0,18,23.489709
0.0,40,23.491533
1.0,9,23.491997
1.0,30,23.493389
0.0,39,23.495161
0.0,95,23.499458
0.0,4,23.499706
0.0,6,23.50004
0.0,9,23.50051
0.0,50,23.502763
0.0,25,23.503935
0.0,18,23.504797
1.0,6,23.505139
0.0,12,23.505734
0.0,5,23.50602
0.0,31,23.507449
0.0,6,23.507781
1.0,26,23.508984
0.0,75,23.51234
0.0,16,23.513121
1.0,25,23.514285
1.0,9,23.514747
0.0,5,23.515033
0.0,4,23.515287
1.0,38,23.517009
0.0,12,23.51761
0.0,1,23.517722
1.0,38,23.51946
0.0,16,23.520238
1.0,30,23.521621
1.0,11,23.522182
0.0,19,23.523094
1.0,20,23.524029
0.0,40,23.525855
1.0,13,23.526501
0.0,6,23.526831
0.0,19,23.52774
0.0,9,23.528215
0.0,5,23.528503
0.0,6,23.528835
0.0,3,23.529036
0.0,10,23.529552
1.0,14,23.530238
0.0,54,23.532674
1.0,23,23.533756
0.0,15,23.53449
1.0,12,23.535096
0.0,3,23.535296
0.0,21,23.53629
0.0,7,23.536668
0.0,1,23.536778
1.0,21,23.537772
1.0,27,23.539026
1.0,8,23.539449
0.0,13,23.5401
0.0,31,23.541524
1.0,12,23.542129
0.0,19,23.543027
1.0,16,23.543808
0.0,41,23.545666
0.0,2,23.545824
0.0,6,23.546165
0.0,1,23.546277
0.0,24,23.5474
0.0,20,23.548349
0.0,13,23.548987
0.0,5,23.549283
0.0,17,23.550104
0.0,9,23.550564
1.0,24,23.551691
1.0,16,23.552467
1.0,11,23.553016
1.0,9,23.553487
1.0,38,23.555227
0.0,40,23.557042
0.0,5,23.557341
0.0,1,23.557453
0.0,34,23.559007
0.0,24,23.560144
0.0,7,23.560523
0.0,36,23.562171
0.0,3,23.562372
0.0,7,23.562746
0.0,29,23.564101
0.0,20,23.56504
0.0,7,23.565426
0.0,29,23.566757
0.0,1,23.566868
0.0,7,23.567255
0.0,4,23.567498
0.0,17,23.568319
0.0,25,23.569486
0.0,7,23.569863
0.0,5,23.57016
0.0,2,23.570319
1.0,21,23.571311
0.0,23,23.57239
0.0,3,23.572592
0.0,9,23.57307
0.0,15,23.573794
0.0,1,23.573906
1.0,28,23.575217
0.0,54,23.577645
0.0,2,23.577802
0.0,27,23.579044
0.0,1,23.579181
0.0,62,23.581954
0.0,3,23.582167
0.0,19,23.583077
0.0,11,23.583628
0.0,35,23.58524
0.0,10,23.585746
1.0,23,23.586823
0.0,17,23.587642
1.0,20,23.58859
1.0,24,23.589713
0.0,6,23.590045
0.0,8,23.590472
0.0,7,23.590845
0.0,6,23.591188
0.0,9,23.591649
1.0,26,23.592858
0.0,26,23.594081
0.0,44,23.596083
0.0,4,23.596388
1.0,7,23.596762
0.0,10,23.597281
0.0,25,23.598441
0.0,40,23.600258
0.0,17,23.60108
0.0,13,23.601715
0.0,78,23.605193
0.0,41,23.60704
1.0,13,23.607686
1.0,45,23.60971
0.0,59,23.612346
0.0,2,23.612504
0.0,4,23.612745
0.0,100,23.617185
0.0,19,23.618099
0.0,35,23.619696
0.0,1,23.619807
0.0,5,23.620102
0.0,21,23.621094
0.0,27,23.622346
0.0,7,23.622719
0.0,35,23.624325
1.0,48,23.62648
1.0,26,23.627683
0.0,16,23.628458
0.0,21,23.629442
1.0,22,23.630483
1.0,77,23.633907
0.0,4,23.634164
1.0,26,23.635374
0.0,23,23.636451
0.0,7,23.636829
1.0,40,23.638638
0.0,9,23.639112
0.0,29,23.640457
0.0,2,23.640614
0.0,5,23.640899
0.0,28,23.642203
0.0,43,23.644161
0.0,2,23.644318
1.0,41,23.646183
0.0,22,23.647221
0.0,6,23.647551
0.0,4,23.647793
0.0,26,23.648998
0.0,4,23.649255
0.0,23,23.650338
0.0,1,23.65045
0.0,14,23.651143
0.0,19,23.652034
0.0,4,23.652289
1.0,27,23.653545
1.0,14,23.65423
0.0,21,23.655221
1.0,36,23.656861
0.0,6,23.657202
0.0,3,23.657404
1.0,23,23.658472
0.0,10,23.658976
0.0,2,23.659145
0.0,36,23.660787
0.0,73,23.664063
0.0,40,23.665872
1.0,18,23.666735
1.0,44,23.668733
0.0,6,23.669072
0.0,1,23.669185
1.0,18,23.670028
0.0,7,23.670408
0.0,2,23.670563
0.0,3,23.670763
1.0,10,23.671274
1.0,12,23.67186
0.0,53,23.674248
0.0,1,23.674362
0.0,9,23.674823
0.0,19,23.675724
0.0,11,23.676284
1.0,24,23.677403
0.0,11,23.677948
0.0,8,23.67838
0.0,21,23.679369
0.0,31,23.680785
1.0,50,23.683036
0.0,1,23.683161
0.0,5,23.68345
0.0,1,23.683561
0.0,10,23.684075
0.0,10,23.684584
1.0,26,23.685794
0.0,42,23.687699
0.0,18,23.688557
0.0,32,23.690024
1.0,11,23.69058
0.0,19,23.691487
0.0,1,23.691601
0.0,40,23.693437
0.0,5,23.693728
0.0,15,23.694462
1.0,18,23.695322
0.0,63,23.698148
0.0,2,23.698305
1.0,27,23.699553
1.0,26,23.70076
0.0,4,23.701006
1.0,31,23.702429
0.0,3,23.702631
1.0,16,23.70341
0.0,2,23.703567
0.0,8,23.703985
1.0,15,23.704715
0.0,18,23.705582
1.0,26,23.706793
0.0,12,23.707392
0.0,6,23.707726
0.0,16,23.708564
1.0,12,23.709167
0.0,9,23.709631
0.0,18,23.710492
0.0,10,23.710998
0.0,8,23.711428
0.0,35,23.713017
0.0,1,23.713142
0.0,20,23.714089
0.0,22,23.71513
0.0,5,23.715417
0.0,38,23.717152
1.0,31,23.718579
0.0,5,23.718867
0.0,18,23.719734
0.0,3,23.719935
0.0,2,23.7201
1.0,21,23.721096
0.0,18,23.721952
1.0,31,23.723396
0.0,7,23.723774
0.0,10,23.724289
0.0,20,23.72524
0.0,3,23.725441
0.0,25,23.726608
1.0,17,23.727432
0.0,37,23.72913
0.0,4,23.729374
0.0,4,23.729616
0.0,5,23.729901
0.0,18,23.730765
0.0,10,23.731285
0.0,72,23.734519
0.0,1,23.734632
0.0,1,23.734745
0.0,18,23.735606
1.0,17,23.73643
1.0,10,23.736934
0.0,12,23.737532
0.0,25,23.738702
0.0,64,23.741566
1.0,22,23.742597
0.0,23,23.743681
0.0,12,23.744285
0.0,6,23.744615
0.0,21,23.745611
0.0,6,23.74594
0.0,12,23.746546
1.0,23,23.747622
1.0,45,23.749658
0.0,1,23.74977
0.0,22,23.750799
0.0,46,23.752877
1.0,32,23.754364
0.0,9,23.754822
1.0,42,23.756727
0.0,5,23.757016
0.0,7,23.757398
1.0,13,23.758033
1.0,42,23.759944
1.0,14,23.760643
0.0,42,23.76255
0.0,38,23.764293
0.0,19,23.7652
0.0,20,23.766151
0.0,5,23.766442
0.0,3,23.766645
0.0,5,23.76693
0.0,4,23.767184
0.0,16,23.767954
0.0,12,23.768557
1.0,32,23.770025
0.0,1,23.770145
0.0,6,23.770475
0.0,3,23.770674
0.0,1,23.770784
1.0,21,23.77177
0.0,1,23.771882
0.0,10,23.772398
1.0,22,23.773446
0.0,5,23.773732
0.0,5,23.774019
1.0,9,23.774487
0.0,3,23.774688
0.0,8,23.775119
0.0,5,23.775409
1.0,25,23.776583
0.0,40,23.778407
0.0,1,23.778519
0.0,20,23.779469
0.0,16,23.780245
1.0,12,23.780838
0.0,14,23.781524
0.0,21,23.78252
0.0,28,23.783875
0.0,2,23.784033
0.0,2,23.784198
0.0,22,23.785244
1.0,14,23.78594
1.0,21,23.786932
0.0,15,23.787666
1.0,50,23.789921
1.0,18,23.790788
1.0,8,23.791219
0.0,2,23.791373
0.0,6,23.791705
0.0,20,23.792654
0.0,21,23.793654
0.0,16,23.79443
0.0,35,23.796027
0.0,7,23.796411
1.0,6,23.796744
0.0,3,23.796942
1.0,37,23.798633
0.0,3,23.798837
0.0,3,23.799041
0.0,15,23.799775
0.0,2,23.799933
0.0,4,23.800189
1.0,26,23.801405
0.0,21,23.802402
1.0,49,23.804627
0.0,14,23.805318
0.0,7,23.805692
0.0,11,23.806251
0.0,30,23.80763
1.0,23,23.808714
0.0,2,23.80893
0.0,9,23.809404
0.0,70,23.812521
0.0,4,23.812765
0.0,7,23.813157
0.0,2,23.813315
0.0,5,23.813602
0.0,8,23.81402
0.0,15,23.81475
0.0,57,23.817321
0.0,31,23.818746
1.0,19,23.81965
0.0,25,23.820819
1.0,26,23.822026
0.0,2,23.822192
0.0,5,23.82248
1.0,22,23.823514
0.0,2,23.82367
0.0,20,23.824618
1.0,21,23.82561
0.0,47,23.827735
1.0,9,23.828207
0.0,12,23.828798
0.0,6,23.829143
0.0,14,23.829817
0.0,23,23.830889
0.0,23,23.831966
1.0,44,23.833974
1.0,9,23.834447
1.0,37,23.836136
1.0,42,23.838025
0.0,8,23.838452
0.0,16,23.839229
0.0,19,23.840133
1.0,15,23.840854
0.0,23,23.841929
0.0,6,23.842274
0.0,47,23.844399
1.0,20,23.845346
0.0,8,23.845765
0.0,5,23.846062
1.0,25,23.847221
1.0,19,23.848127
0.0,1,23.848237
0.0,3,23.848437
0.0,4,23.84868
0.0,13,23.849322
0.0,4,23.849565
0.0,19,23.850472
0.0,28,23.851764
0.0,4,23.852008
0.0,24,23.85314
0.0,14,23.853818
0.0,14,23.854505
0.0,6,23.854838
1.0,22,23.855868
1.0,32,23.857353
0.0,30,23.858728
1.0,73,23.861975
0.0,20,23.862923
0.0,2,23.863096
0.0,1,23.863209
0.0,7,23.86358
0.0,15,23.864311
0.0,43,23.866259
0.0,5,23.866545
1.0,53,23.868922
0.0,47,23.871066
0.0,32,23.872535
0.0,19,23.873453
0.0,4,23.873697
1.0,14,23.874386
0.0,8,23.874804
0.0,9,23.875273
1.0,17,23.876089
1.0,16,23.876852
0.0,21,23.877839
1.0,34,23.879395
0.0,17,23.880215
0.0,18,23.881075
0.0,10,23.881582
0.0,11,23.882142
0.0,11,23.882688
0.0,20,23.88364
0.0,4,23.883885
0.0,7,23.884271
1.0,25,23.885433
0.0,17,23.886248
1.0,10,23.886749
0.0,18,23.887609
0.0,19,23.888516
0.0,7,23.888887
1.0,12,23.889487
0.0,1,23.8896
0.0,14,23.890291
0.0,4,23.890537
0.0,11,23.891093
0.0,1,23.891205
0.0,9,23.89166
0.0,6,23.891992
0.0,4,23.892247
0.0,2,23.892403
0.0,12,23.892993
0.0,17,23.893812
0.0,25,23.894981
0.0,54,23.897416
0.0,3,23.897617
0.0,1,23.897727
0.0,5,23.898012
0.0,11,23.898571
0.0,44,23.900574
0.0,24,23.901696
0.0,49,23.903907
0.0,1,23.904021
0.0,5,23.904318
0.0,4,23.904561
0.0,7,23.904938
0.0,59,23.907585
1.0,17,23.908406
0.0,7,23.908783
0.0,22,23.909873
0.0,15,23.910611
0.0,8,23.91103
0.0,1,23.911149
0.0,2,23.911304
0.0,4,23.911548
0.0,5,23.911833
0.0,22,23.912871
0.0,6,23.913221
0.0,1,23.913335
0.0,96,23.917597
0.0,3,23.917798
0.0,22,23.918834
1.0,29,23.920186
1.0,27,23.921436
0.0,27,23.922689
0.0,12,23.9233
0.0,8,23.923717
0.0,46,23.925798
0.0,30,23.927185
0.0,1,23.927299
1.0,30,23.928684
0.0,27,23.929937
0.0,21,23.930928
0.0,6,23.931273
0.0,19,23.932179
0.0,3,23.93238
0.0,16,23.933159
0.0,5,23.933449
0.0,6,23.933782
0.0,11,23.934343
0.0,25,23.935508
1.0,40,23.937336
0.0,8,23.937753
1.0,14,23.938441
0.0,4,23.938684
0.0,26,23.93989
0.0,36,23.941543
0.0,3,23.941745
0.0,13,23.942393
0.0,1,23.942505
1.0,11,23.943064
0.0,34,23.944619
1.0,36,23.946273
0.0,6,23.946608
0.0,8,23.947023
0.0,9,23.947493
1.0,62,23.950275
0.0,11,23.950826
0.0,39,23.952614
1.0,31,23.954059
0.0,14,23.954741
0.0,9,23.955213
0.0,9,23.955679
0.0,3,23.95588
0.0,22,23.956917
0.0,11,23.957477
1.0,22,23.958515
1.0,31,23.959949
0.0,30,23.961355
1.0,19,23.962262
0.0,73,23.965529
0.0,23,23.966615
1.0,78,23.970088
0.0,2,23.970245
1.0,23,23.97132
1.0,15,23.972037
1.0,12,23.972636
1.0,19,23.973548
1.0,27,23.9748
1.0,15,23.975527
0.0,1,23.97564
0.0,14,23.97633
1.0,6,23.976675
0.0,10,23.977194
0.0,1,23.977305
0.0,7,23.977679
1.0,20,23.978623
1.0,18,23.979491
0.0,31,23.980912
0.0,1,23.981026
1.0,12,23.981625
1.0,23,23.982702
0.0,48,23.984874
1.0,48,23.987044
1.0,30,23.988448
0.0,2,23.988607
1.0,16,23.989384
1.0,9,23.989847
1.0,8,23.990275
0.0,10,23.990776
0.0,32,23.992251
0.0,1,23.992363
0.0,9,23.992821
0.0,24,23.993951
0.0,11,23.994511
1.0,18,23.995373
0.0,19,23.996279
1.0,11,23.996827
0.0,16,23.997605
0.0,53,23.999984
1.0,14,24.000671
0.0,22,24.001702
0.0,46,24.003788
1.0,49,24.006002
0.0,16,24.006778
0.0,22,24.007814
0.0,25,24.008976
0.0,69,24.012076
1.0,11,24.01263
0.0,1,24.01274
0.0,11,24.013307
0.0,3,24.013508
0.0,5,24.013791
0.0,10,24.014305
1.0,29,24.015636
0.0,34,24.017206
0.0,3,24.017408
0.0,27,24.018739
0.0,4,24.018983
1.0,25,24.020153
0.0,7,24.02053
0.0,24,24.021655
1.0,41,24.023513
0.0,14,24.024207
0.0,13,24.024845
1.0,47,24.026967
1.0,24,24.028098
0.0,7,24.028476
0.0,6,24.028805
0.0,9,24.029276
1.0,20,24.030226
1.0,23,24.031299
0.0,17,24.032121
0.0,11,24.032669
0.0,29,24.034014
0.0,1,24.034134
0.0,2,24.03429
0.0,39,24.036064
0.0,25,24.037235
0.0,1,24.03735
1.0,18,24.038209
0.0,52,24.04054
0.0,6,24.04087
0.0,1,24.040982
1.0,39,24.042756
0.0,22,24.043794
0.0,5,24.04409
0.0,2,24.044248
0.0,35,24.045842
0.0,3,24.046044
0.0,1,24.046167
0.0,3,24.046367
0.0,9,24.046824
0.0,3,24.047026
0.0,30,24.048419
0.0,3,24.048621
0.0,14,24.049311
0.0,13,24.049944
0.0,5,24.050242
0.0,9,24.050703
1.0,22,24.051738
0.0,2,24.051896
1.0,19,24.052798
0.0,9,24.053278
1.0,24,24.054399
0.0,5,24.054688
0.0,13,24.055332
0.0,10,24.05584
0.0,76,24.059228
0.0,2,24.059388
0.0,19,24.060294
0.0,6,24.060624
1.0,29,24.061948
0.0,76,24.065347
0.0,4,24.065593
0.0,7,24.065968
0.0,27,24.067228
0.0,13,24.067863
0.0,9,24.068332
0.0,2,24.068491
0.0,12,24.069088
0.0,4,24.069334
0.0,6,24.069665
0.0,22,24.070694
0.0,11,24.071256
0.0,14,24.071934
0.0,2,24.072102
1.0,23,24.073186
0.0,12,24.07378
1.0,17,24.074601
0.0,9,24.075078
0.0,18,24.075936
0.0,14,24.076623
0.0,26,24.077837
1.0,7,24.078226
0.0,10,24.078734
0.0,4,24.07898
1.0,15,24.079717
0.0,15,24.080453
0.0,12,24.081041
1.0,39,24.082828
0.0,8,24.083268
0.0,9,24.08373
0.0,5,24.084015
0.0,35,24.085617
0.0,2,24.085774
0.0,5,24.086069
0.0,23,24.087154
0.0,61,24.0899
0.0,6,24.090244
0.0,34,24.091807
0.0,3,24.092007
0.0,5,24.092301
1.0,28,24.093611
1.0,28,24.094901
0.0,2,24.095068
1.0,27,24.096313
0.0,2,24.096468
1.0,37,24.098148
1.0,14,24.098832
0.0,4,24.099084
1.0,50,24.10134
0.0,11,24.10189
0.0,20,24.102836
0.0,15,24.103576
0.0,4,24.103823
0.0,17,24.104642
1.0,19,24.10555
0.0,17,24.106367
0.0,19,24.107272
0.0,10,24.107779
1.0,18,24.108639
0.0,9,24.109112
0.0,7,24.109487
0.0,3,24.109689
1.0,24,24.110812
0.0,12,24.11142
0.0,2,24.111578
0.0,22,24.112616
0.0,5,24.112909
0.0,2,24.113081
0.0,11,24.113632
1.0,25,24.114795
0.0,37,24.116493
0.0,4,24.116742
0.0,18,24.117611
0.0,17,24.118491
0.0,6,24.118826
0.0,25,24.119992
0.0,37,24.121691
0.0,9,24.122165
0.0,35,24.123774
1.0,25,24.124937
0.0,3,24.12515
0.0,4,24.125397
0.0,42,24.127305
0.0,27,24.128563
0.0,30,24.129946
0.0,2,24.130113
0.0,9,24.130577
1.0,10,24.13109
0.0,38,24.132817
0.0,31,24.134265
0.0,6,24.134599
0.0,2,24.134758
0.0,45,24.136798
1.0,17,24.137622
0.0,13,24.138269
0.0,8,24.138688
0.0,24,24.139811
0.0,30,24.141206
0.0,9,24.141667
0.0,30,24.143066
1.0,27,24.144322
0.0,1,24.144435
0.0,7,24.14481
0.0,1,24.144921
1.0,11,24.145481
1.0,39,24.147272
0.0,15,24.147998
1.0,17,24.148817
0.0,8,24.149247
0.0,3,24.149449
0.0,8,24.149867
0.0,16,24.150642
1.0,7,24.151018
0.0,4,24.151268
1.0,38,24.152992
1.0,20,24.153947
0.0,1,24.154068
1.0,54,24.156492
1.0,7,24.156867
1.0,7,24.157253
0.0,1,24.157365
1.0,8,24.157781
1.0,17,24.158599
0.0,4,24.158845
0.0,21,24.159834
1.0,35,24.161445
0.0,44,24.163445
0.0,49,24.165664
0.0,12,24.166269
0.0,31,24.167699
1.0,14,24.168386
0.0,6,24.168714
0.0,2,24.168869
0.0,10,24.169381
1.0,26,24.170584
0.0,15,24.171317
1.0,30,24.172701
0.0,32,24.174183
0.0,14,24.174863
0.0,55,24.177348
0.0,24,24.178471
0.0,5,24.178757
0.0,3,24.178955
0.0,18,24.179818
1.0,9,24.180289
1.0,13,24.18094
0.0,3,24.181151
0.0,7,24.181523
1.0,29,24.182855
0.0,49,24.185094
1.0,40,24.186915
1.0,17,24.187738
0.0,51,24.190031
1.0,41,24.191891
0.0,4,24.192145
0.0,9,24.192609
1.0,19,24.19352
1.0,36,24.19517
0.0,4,24.195414
0.0,10,24.195918
0.0,14,24.196606
0.0,1,24.19672
0.0,2,24.196878
0.0,21,24.197872
1.0,41,24.199738
0.0,10,24.200252
0.0,19,24.201161
0.0,27,24.202415
0.0,6,24.202744
0.0,49,24.20496
0.0,55,24.207428
0.0,2,24.207588
0.0,37,24.20928
0.0,20,24.210224
0.0,14,24.210901
0.0,10,24.211421
1.0,17,24.21224
0.0,13,24.212873
0.0,3,24.213087
0.0,9,24.213549
0.0,34,24.215113
0.0,5,24.215399
0.0,23,24.216474
0.0,6,24.216805
1.0,17,24.217627
0.0,31,24.21906
1.0,44,24.221059
0.0,4,24.221306
0.0,1,24.221416
0.0,3,24.221617
0.0,25,24.222781
0.0,11,24.223345
1.0,59,24.226039
0.0,20,24.226983
0.0,12,24.227589
1.0,15,24.228321
1.0,17,24.229142
0.0,100,24.233573
0.0,38,24.235317
0.0,14,24.236
1.0,10,24.236516
0.0,3,24.236717
0.0,12,24.237321
0.0,8,24.237737
0.0,22,24.23877
0.0,21,24.239765
0.0,3,24.239966
1.0,13,24.24061
0.0,9,24.241083
0.0,16,24.241846
0.0,2,24.242004
0.0,26,24.24322
1.0,26,24.244436
0.0,10,24.244941
0.0,9,24.245414
1.0,10,24.245917
1.0,40,24.24774
0.0,4,24.247985
0.0,5,24.248285
0.0,1,24.248397
0.0,4,24.248639
0.0,6,24.248971
0.0,51,24.251271
0.0,2,24.251427
1.0,28,24.252721
0.0,29,24.254071
1.0,36,24.255709
1.0,16,24.256484
0.0,8,24.256905
1.0,22,24.257941
1.0,17,24.258761
0.0,13,24.259408
0.0,17,24.26023
0.0,1,24.260343
0.0,18,24.261209
0.0,12,24.261799
0.0,15,24.262538
0.0,1,24.262651
0.0,3,24.26285
1.0,16,24.26363
0.0,54,24.266068
1.0,18,24.266919
0.0,14,24.267607
0.0,4,24.267851
1.0,18,24.268707
1.0,31,24.270135
1.0,13,24.270769
1.0,20,24.271711
1.0,16,24.272488
0.0,13,24.273138
1.0,47,24.275259
0.0,23,24.276339
0.0,33,24.277855
1.0,21,24.278851
0.0,4,24.279108
1.0,14,24.279789
0.0,8,24.28022
0.0,17,24.28103
0.0,6,24.281369
1.0,40,24.283195
1.0,23,24.284275
1.0,15,24.284994
0.0,5,24.28529
0.0,2,24.285448
1.0,14,24.286135
0.0,4,24.286381
1.0,10,24.286885
0.0,36,24.288528
0.0,36,24.290177
1.0,11,24.290726
0.0,21,24.291715
0.0,24,24.292839
0.0,2,24.292995
0.0,8,24.293423
1.0,18,24.294284
0.0,10,24.294792
0.0,6,24.295133
0.0,7,24.295511
0.0,9,24.295972
0.0,14,24.296659
0.0,8,24.297091
0.0,6,24.297426
1.0,37,24.299114
0.0,18,24.299965
0.0,12,24.30057
0.0,3,24.300773
0.0,1,24.300883
0.0,9,24.301354
0.0,9,24.301815
0.0,10,24.302332
0.0,9,24.302795
0.0,14,24.30349
0.0,40,24.305311
0.0,4,24.305555
0.0,1,24.305667
0.0,16,24.306442
0.0,23,24.307526
1.0,14,24.308221
0.0,57,24.310775
1.0,21,24.311765
0.0,8,24.312195
1.0,16,24.312959
0.0,8,24.313391
0.0,12,24.31398
0.0,36,24.315629
0.0,39,24.317405
0.0,30,24.318777
0.0,5,24.319078
0.0,4,24.319326
0.0,9,24.319805
0.0,33,24.321322
0.0,15,24.322045
0.0,5,24.322342
0.0,45,24.324388
1.0,44,24.326446
0.0,14,24.327138
1.0,8,24.327556
1.0,12,24.328158
1.0,17,24.328971
0.0,10,24.329488
1.0,26,24.330699
0.0,7,24.331086
1.0,24,24.332204
0.0,17,24.333012
0.0,18,24.333879
0.0,45,24.335922
0.0,23,24.337
1.0,48,24.339175
0.0,3,24.339378
0.0,3,24.339577
0.0,22,24.340614
0.0,25,24.341782
0.0,16,24.342558
0.0,1,24.342672
1.0,12,24.343278
0.0,11,24.343825
0.0,5,24.344124
1.0,21,24.345124
0.0,1,24.345237
0.0,30,24.346619
0.0,1,24.346734
0.0,16,24.347508
1.0,14,24.348198
0.0,7,24.348572
1.0,28,24.349867
0.0,6,24.350212
1.0,20,24.351162
0.0,15,24.351886
0.0,10,24.352404
0.0,37,24.35411
0.0,1,24.354223
1.0,40,24.356039
0.0,6,24.35638
1.0,33,24.357889
0.0,28,24.359198
0.0,8,24.359616
1.0,44,24.361614
0.0,34,24.363183
1.0,32,24.364646
0.0,32,24.366132
0.0,8,24.366551
0.0,14,24.367241
0.0,3,24.36744
0.0,8,24.36786
0.0,47,24.369988
0.0,37,24.371695
0.0,13,24.372346
0.0,33,24.373863
0.0,15,24.374598
0.0,11,24.37516
0.0,32,24.376631
0.0,13,24.377275
0.0,5,24.377562
1.0,11,24.378121
0.0,1,24.378232
0.0,15,24.378955
1.0,15,24.379688
0.0,1,24.379801
0.0,6,24.380146
0.0,7,24.380536
0.0,21,24.381532
0.0,25,24.382696
0.0,9,24.383174
0.0,8,24.383595
0.0,9,24.384063
0.0,49,24.386274
0.0,14,24.386954
0.0,4,24.387208
0.0,13,24.387841
0.0,8,24.388268
0.0,4,24.388515
0.0,14,24.389205
0.0,2,24.389363
0.0,20,24.390313
0.0,38,24.392042
0.0,5,24.392344
0.0,2,24.392499
1.0,19,24.393408
0.0,20,24.394358
0.0,7,24.394736
0.0,7,24.395122
0.0,22,24.39616
0.0,6,24.396489
0.0,12,24.397089
0.0,70,24.400219
0.0,26,24.40143
0.0,6,24.401766
0.0,8,24.402194
0.0,29,24.403541
0.0,3,24.403742
1.0,14,24.404434
0.0,11,24.404983
1.0,41,24.406855
0.0,14,24.407545
0.0,34,24.409108
1.0,81,24.412695
0.0,11,24.413262
0.0,6,24.413598
0.0,4,24.413842
1.0,70,24.416973
0.0,5,24.417274
0.0,2,24.417432
1.0,49,24.419635
1.0,12,24.420237
0.0,3,24.420439
0.0,5,24.420726
0.0,6,24.421067
1.0,18,24.421917
0.0,5,24.422216
0.0,51,24.424521
0.0,3,24.424727
1.0,18,24.42559
1.0,29,24.426924
0.0,1,24.427101
0.0,8,24.427523
0.0,10,24.428028
1.0,14,24.428714
0.0,2,24.428871
0.0,4,24.429123
0.0,2,24.429281
1.0,14,24.429959
0.0,31,24.431396
0.0,5,24.431688
1.0,21,24.43268
1.0,25,24.433857
0.0,19,24.434768
0.0,1,24.43488
0.0,1,24.434989
1.0,20,24.435941
1.0,66,24.438898
0.0,4,24.439153
0.0,10,24.439659
1.0,25,24.440825
1.0,32,24.442304
0.0,6,24.442638
0.0,10,24.443161
0.0,27,24.444412
0.0,12,24.444999
1.0,10,24.445511
1.0,43,24.447461
0.0,35,24.44908
0.0,8,24.449502
0.0,5,24.449787
0.0,9,24.450256
1.0,16,24.451021
0.0,12,24.451616
0.0,16,24.452392
0.0,17,24.453218
0.0,21,24.454209
0.0,18,24.455066
0.0,18,24.455921
0.0,42,24.457831
0.0,11,24.458394
0.0,28,24.459686
0.0,2,24.459844
0.0,1,24.459955
0.0,9,24.460427
0.0,46,24.462502
0.0,9,24.462963
0.0,12,24.463568
0.0,8,24.463987
1.0,10,24.464499
1.0,20,24.465447
0.0,11,24.465995
1.0,14,24.466677
0.0,37,24.468369
0.0,6,24.468701
0.0,10,24.469214
0.0,48,24.471379
1.0,27,24.472621
1.0,34,24.474197
0.0,1,24.474308
0.0,43,24.476254
1.0,19,24.477156
0.0,21,24.478146
1.0,88,24.482031
0.0,17,24.482849
1.0,14,24.483546
0.0,31,24.484969
0.0,10,24.485488
0.0,58,24.488091
1.0,23,24.48917
0.0,10,24.489674
0.0,23,24.490753
0.0,18,24.491622
1.0,17,24.492441
0.0,4,24.492687
0.0,21,24.493684
0.0,26,24.494886
0.0,17,24.495704
0.0,5,24.495989
1.0,33,24.497507
0.0,1,24.49762
0.0,26,24.498832
0.0,28,24.500141
0.0,23,24.50122
0.0,10,24.501724
0.0,19,24.502629
0.0,15,24.503363
1.0,26,24.504562
1.0,52,24.506902
0.0,2,24.50707
0.0,11,24.507612
1.0,14,24.508299
0.0,6,24.508627
0.0,21,24.509618
1.0,20,24.510563
1.0,49,24.512774
0.0,7,24.513167
0.0,20,24.514118
1.0,46,24.516206
0.0,12,24.516795
1.0,36,24.51844
1.0,33,24.519951
1.0,27,24.521209
0.0,71,24.524382
0.0,8,24.524802
0.0,9,24.525275
0.0,22,24.526306
0.0,3,24.526508
0.0,29,24.527844
0.0,29,24.52919
1.0,8,24.529606
0.0,4,24.529848
0.0,1,24.52996
0.0,5,24.53026
0.0,20,24.531209
0.0,2,24.531368
1.0,31,24.532786
1.0,25,24.533957
0.0,15,24.534689
0.0,22,24.535789
0.0,42,24.53771
0.0,7,24.538097
1.0,15,24.538817
1.0,14,24.539504
0.0,7,24.539879
0.0,20,24.540828
0.0,21,24.541819
1.0,12,24.542425
0.0,2,24.542583
0.0,1,24.542692
0.0,25,24.54386
0.0,22,24.544892
1.0,10,24.545412
1.0,18,24.546272
0.0,7,24.546648
1.0,25,24.547809
0.0,3,24.548011
0.0,1,24.548131
0.0,2,24.54829
0.0,12,24.548878
0.0,1,24.54899
0.0,2,24.549154
0.0,3,24.549357
0.0,9,24.549816
1.0,30,24.551203
0.0,20,24.552149
0.0,1,24.552263
1.0,14,24.55294
0.0,23,24.55402
0.0,14,24.554712
1.0,33,24.556228
0.0,20,24.557179
0.0,11,24.557726
0.0,14,24.558416
0.0,42,24.56032
0.0,3,24.560525
1.0,18,24.561392
0.0,26,24.562604
0.0,23,24.563694
0.0,42,24.565605
0.0,5,24.565893
0.0,34,24.567468
1.0,12,24.568073
0.0,8,24.568493
0.0,27,24.569744
0.0,7,24.570135
0.0,6,24.570467
0.0,65,24.573389
0.0,7,24.573763
0.0,39,24.575544
0.0,47,24.577668
0.0,9,24.578142
0.0,31,24.57957
0.0,7,24.579946
1.0,9,24.580416
0.0,11,24.580961
0.0,17,24.581777
1.0,9,24.582247
0.0,9,24.582709
0.0,6,24.58304
0.0,2,24.583228
0.0,48,24.585402
0.0,3,24.585603
0.0,5,24.585891
0.0,39,24.587672
1.0,19,24.588577
0.0,25,24.589743
0.0,1,24.589855
0.0,6,24.590197
0.0,8,24.590619
0.0,64,24.593503
1.0,25,24.594669
0.0,87,24.598549
0.0,7,24.598926
0.0,2,24.599093
1.0,17,24.599903
0.0,18,24.60076
0.0,14,24.601452
1.0,11,24.601998
1.0,25,24.603183
0.0,43,24.605141
0.0,12,24.60573
1.0,16,24.606506
0.0,17,24.607329
0.0,10,24.60784
1.0,15,24.608572
0.0,43,24.610528
0.0,9,24.61099
0.0,100,24.615445
0.0,3,24.615647
0.0,15,24.616381
0.0,11,24.616931
0.0,26,24.618148
0.0,32,24.619617
0.0,3,24.619821
0.0,4,24.620073
0.0,31,24.621501
0.0,30,24.622882
1.0,11,24.623448
0.0,12,24.62404
0.0,23,24.625128
0.0,5,24.625415
0.0,70,24.62855
0.0,25,24.62972
1.0,25,24.630886
1.0,46,24.63297
0.0,9,24.633448
0.0,27,24.634702
1.0,18,24.635566
0.0,20,24.636516
0.0,10,24.637022
0.0,28,24.638324
0.0,48,24.640495
0.0,1,24.640607
0.0,100,24.645057
0.0,15,24.645852
0.0,32,24.647328
0.0,7,24.647703
1.0,35,24.649308
0.0,22,24.650344
0.0,17,24.651163
0.0,1,24.651276
0.0,2,24.651431
0.0,16,24.652202
1.0,8,24.65262
0.0,33,24.654152
0.0,2,24.654311
0.0,47,24.656438
0.0,1,24.656551
1.0,27,24.657796
0.0,4,24.658038
0.0,23,24.659119
0.0,21,24.660107
0.0,5,24.660393
0.0,52,24.662737
0.0,1,24.662848
0.0,22,24.663882
0.0,31,24.665313
1.0,14,24.665993
1.0,35,24.667596
0.0,66,24.670552
0.0,20,24.671505
1.0,8,24.671927
1.0,17,24.672743
0.0,4,24.672985
1.0,24,24.674123
0.0,22,24.67516
1.0,15,24.675882
0.0,2,24.676037
0.0,21,24.677029
1.0,14,24.67772
0.0,2,24.677877
0.0,2,24.678031
0.0,11,24.678586
0.0,4,24.678833
1.0,19,24.679738
0.0,2,24.679893
0.0,7,24.68028
1.0,13,24.680914
0.0,35,24.682523
0.0,4,24.682766
0.0,37,24.684473
0.0,32,24.685938
0.0,38,24.68767
0.0,24,24.688795
1.0,28,24.690097
0.0,52,24.692437
0.0,10,24.692944
1.0,19,24.693852
0.0,11,24.694412
0.0,21,24.695406
0.0,21,24.696398
1.0,51,24.698693
1.0,74,24.701994
0.0,2,24.702159
0.0,35,24.703758
1.0,15,24.70449
1.0,51,24.706795
1.0,27,24.708046
0.0,15,24.708774
1.0,37,24.710462
0.0,15,24.711189
1.0,24,24.712313
0.0,4,24.712559
0.0,29,24.713894
0.0,5,24.714194
0.0,3,24.714397
0.0,23,24.715476
0.0,42,24.717384
0.0,13,24.718022
0.0,33,24.719534
0.0,6,24.719867
0.0,4,24.720121
0.0,13,24.720757
0.0,13,24.721403
1.0,24,24.722518
0.0,30,24.723905
0.0,17,24.724726
0.0,9,24.725196
0.0,48,24.727361
0.0,6,24.727693
0.0,8,24.728122
0.0,1,24.728233
0.0,1,24.728343
0.0,2,24.728497
1.0,24,24.729613
1.0,41,24.731481
1.0,14,24.732167
1.0,8,24.732585
0.0,3,24.732785
0.0,19,24.7337
1.0,26,24.734905
0.0,15,24.735638
0.0,24,24.736758
1.0,10,24.737273
0.0,1,24.737384
1.0,40,24.739204
1.0,25,24.740367
0.0,2,24.740523
0.0,20,24.741471
0.0,21,24.742464
0.0,17,24.743289
1.0,9,24.743753
0.0,2,24.743909
0.0,49,24.746127
1.0,31,24.747546
1.0,16,24.748324
0.0,10,24.74883
1.0,9,24.749358
0.0,5,24.749647
0.0,11,24.750219
1.0,33,24.751733
1.0,24,24.752862
1.0,16,24.753644
1.0,18,24.754502
0.0,34,24.756061
0.0,41,24.757918
0.0,18,24.758779
1.0,42,24.760705
0.0,1,24.760816
1.0,29,24.762163
0.0,65,24.765077
0.0,39,24.766847
0.0,9,24.767319
0.0,45,24.769356
0.0,12,24.769948
0.0,80,24.773528
0.0,22,24.774571
0.0,32,24.776041
0.0,6,24.776384
0.0,5,24.776669
0.0,16,24.777448
0.0,11,24.777996
0.0,3,24.778205
0.0,1,24.778322
0.0,3,24.778522
0.0,11,24.779079
0.0,47,24.781209
0.0,21,24.782201
1.0,32,24.783679
0.0,13,24.784328
0.0,3,24.784528
0.0,8,24.784945
1.0,17,24.78576
1.0,19,24.786659
1.0,27,24.787914
1.0,26,24.78913
0.0,20,24.790076
1.0,72,24.793296
1.0,45,24.795342
0.0,4,24.795585
0.0,3,24.795786
0.0,1,24.795896
1.0,22,24.796931
1.0,14,24.797618
0.0,1,24.797731
1.0,33,24.79925
1.0,22,24.800287
0.0,14,24.800966
0.0,1,24.801087
0.0,6,24.801419
0.0,27,24.802668
1.0,33,24.804188
0.0,13,24.804823
0.0,19,24.805727
1.0,70,24.808857
0.0,30,24.810246
1.0,25,24.811412
0.0,5,24.8117
0.0,16,24.812474
0.0,4,24.812717
0.0,11,24.813283
0.0,15,24.814004
0.0,27,24.815275
0.0,2,24.815434
0.0,1,24.815543
0.0,3,24.815744
0.0,8,24.816171
1.0,34,24.817726
0.0,5,24.818014
0.0,8,24.818437
0.0,14,24.819122
0.0,30,24.820514
0.0,11,24.821074
0.0,1,24.821186
0.0,15,24.821909
0.0,2,24.822076
0.0,5,24.822363
0.0,25,24.823537
0.0,10,24.824042
1.0,18,24.824904
0.0,22,24.82594
0.0,15,24.826676
0.0,10,24.827193
0.0,15,24.827919
0.0,6,24.828262
0.0,1,24.828374
1.0,79,24.831878
0.0,24,24.833
0.0,13,24.833646
0.0,9,24.834116
0.0,2,24.834272
0.0,36,24.835908
0.0,10,24.836428
0.0,23,24.83751
0.0,12,24.838115
0.0,7,24.838491
0.0,6,24.83882
0.0,1,24.838931
0.0,13,24.839577
1.0,9,24.840036
0.0,4,24.84029
0.0,16,24.841059
0.0,5,24.841347
0.0,15,24.842079
0.0,13,24.842715
0.0,38,24.844456
0.0,11,24.845008
1.0,55,24.847487
1.0,32,24.848953
1.0,23,24.85012
0.0,35,24.851711
0.0,5,24.851998
0.0,28,24.853312
0.0,25,24.854483
0.0,9,24.854946
0.0,1,24.855067
0.0,3,24.855269
0.0,22,24.856304
0.0,25,24.857476
0.0,3,24.857676
0.0,5,24.85796
0.0,41,24.859824
0.0,27,24.861086
0.0,13,24.861728
0.0,8,24.862157
0.0,14,24.862831
0.0,27,24.864099
1.0,43,24.866039
0.0,18,24.866896
0.0,7,24.867282
0.0,19,24.868184
0.0,17,24.868988
0.0,15,24.869719
0.0,47,24.871841
0.0,2,24.871997
0.0,8,24.872427
1.0,15,24.873161
0.0,20,24.874108
0.0,2,24.874264
0.0,1,24.874375
1.0,22,24.875406
1.0,21,24.876395
0.0,7,24.876769
1.0,29,24.878108
1.0,44,24.880103
1.0,33,24.881611
0.0,9,24.88208
0.0,9,24.882543
0.0,43,24.884496
0.0,1,24.884609
1.0,39,24.886389
0.0,2,24.886548
0.0,35,24.888149
0.0,12,24.88874
0.0,33,24.890256
0.0,7,24.89063
0.0,4,24.890873
0.0,5,24.891168
0.0,26,24.892372
0.0,4,24.892617
0.0,3,24.892819
0.0,6,24.893168
0.0,19,24.89407
0.0,51,24.896368
1.0,75,24.899705
0.0,1,24.899816
0.0,28,24.901128
0.0,17,24.901939
0.0,6,24.902281
0.0,12,24.902874
1.0,7,24.903265
0.0,14,24.903949
0.0,3,24.904162
1.0,18,24.905014
0.0,29,24.906355
0.0,40,24.908184
0.0,3,24.908386
0.0,33,24.909892
1.0,32,24.911375
1.0,8,24.911792
0.0,4,24.912034
1.0,14,24.912722
1.0,17,24.913548
0.0,8,24.913967
0.0,33,24.915484
1.0,7,24.91586
0.0,9,24.91633
0.0,16,24.917105
0.0,51,24.919395
0.0,3,24.919596
0.0,54,24.922014
0.0,62,24.924795
1.0,30,24.926188
1.0,31,24.927609
1.0,32,24.929089
1.0,57,24.931646
1.0,20,24.932597
1.0,35,24.934212
0.0,20,24.935166
0.0,8,24.935584
0.0,21,24.936574
0.0,4,24.936818
1.0,39,24.938594
0.0,31,24.94002
0.0,27,24.941277
0.0,3,24.941479
0.0,15,24.94221
1.0,24,24.943337
0.0,25,24.944495
0.0,15,24.94523
0.0,11,24.945777
0.0,2,24.945934
0.0,3,24.946146
0.0,2,24.9463
0.0,24,24.947418
0.0,1,24.94753
0.0,8,24.947943
0.0,12,24.948542
1.0,50,24.950796
0.0,2,24.950953
0.0,7,24.95134
0.0,12,24.951991
0.0,20,24.952943
0.0,4,24.953205
0.0,18,24.954066
0.0,56,24.956591
0.0,22,24.957628
0.0,24,24.958757
0.0,25,24.959922
1.0,10,24.960445
1.0,22,24.961482
0.0,29,24.962832
0.0,17,24.963662
0.0,6,24.963995
0.0,18,24.964857
0.0,63,24.967713
0.0,8,24.968146
0.0,6,24.968479
1.0,17,24.969298
1.0,13,24.969935
0.0,18,24.970801
0.0,1,24.970915
1.0,24,24.972035
0.0,58,24.974649
0.0,15,24.975392
0.0,11,24.975941
0.0,3,24.976155
0.0,12,24.976749
1.0,12,24.977352
0.0,4,24.977598
0.0,11,24.978155
1.0,11,24.978704
0.0,1,24.978813
0.0,11,24.979376
0.0,1,24.979487
1.0,22,24.98053
0.0,13,24.981181
0.0,2,24.981339
1.0,18,24.9822
0.0,25,24.983373
0.0,6,24.983707
1.0,6,24.984036
0.0,8,24.984461
0.0,16,24.985242
1.0,19,24.986148
0.0,6,24.986477
0.0,4,24.986718
0.0,9,24.987185
0.0,10,24.987694
0.0,1,24.987806
0.0,7,24.988194
0.0,7,24.988567
0.0,13,24.989214
0.0,30,24.990592
0.0,1,24.990703
0.0,10,24.991222
0.0,17,24.992032
0.0,22,24.993079
0.0,10,24.993587
1.0,35,24.995195
0.0,7,24.99557
1.0,18,24.99643
0.0,15,24.997165
0.0,27,24.998413
0.0,8,24.998835
0.0,14,24.999522
0.0,9,24.999985
0.0,13,25.000636
0.0,4,25.000881
0.0,11,25.001442
0.0,8,25.00186
1.0,13,25.002504
1.0,12,25.003111
0.0,17,25.003923
1.0,30,25.005314
0.0,18,25.006181
1.0,10,25.006699
0.0,10,25.007214
0.0,12,25.007807
1.0,87,25.011654
1.0,13,25.012303
1.0,27,25.013554
0.0,10,25.01407
1.0,14,25.01475
0.0,9,25.015224
0.0,12,25.015814
0.0,19,25.01672
0.0,12,25.017323
0.0,19,25.018227
1.0,12,25.018817
0.0,5,25.019116
0.0,75,25.022464
0.0,17,25.02329
0.0,5,25.023576
0.0,30,25.024959
0.0,1,25.025082
0.0,14,25.025759
0.0,33,25.027274
1.0,21,25.028261
0.0,9,25.028722
0.0,13,25.029365
1.0,22,25.030391
1.0,10,25.030894
0.0,58,25.0335
1.0,10,25.034003
1.0,14,25.034686
0.0,8,25.035114
1.0,9,25.035576
0.0,69,25.038644
0.0,28,25.039941
0.0,9,25.040413
0.0,62,25.043191
1.0,40,25.045
1.0,23,25.046084
1.0,86,25.049909
0.0,3,25.050123
0.0,6,25.050454
0.0,18,25.051316
0.0,17,25.05213
0.0,1,25.052298
0.0,19,25.053208
0.0,7,25.053588
0.0,29,25.054921
0.0,10,25.055436
0.0,29,25.056771
0.0,2,25.056929
1.0,31,25.05836
1.0,18,25.059225
0.0,22,25.060261
0.0,17,25.06108
1.0,25,25.062242
1.0,20,25.063195
0.0,30,25.064569
1.0,13,25.065221
0.0,2,25.065377
0.0,7,25.065753
0.0,4,25.065994
0.0,3,25.066204
0.0,12,25.066794
0.0,50,25.069039
0.0,7,25.069423
1.0,11,25.06997
0.0,9,25.070444
0.0,23,25.071525
0.0,2,25.071684
0.0,27,25.072932
0.0,3,25.073149
0.0,40,25.074958
0.0,19,25.075864
0.0,7,25.07625
0.0,1,25.076362
1.0,57,25.078916
0.0,15,25.079653
0.0,10,25.080172
0.0,13,25.080805
0.0,4,25.081059
1.0,26,25.082264
0.0,2,25.082421
0.0,5,25.082708
0.0,38,25.084453
1.0,24,25.085572
1.0,28,25.086865
0.0,28,25.088165
0.0,11,25.088716
0.0,17,25.089534
0.0,9,25.089994
1.0,71,25.093176
1.0,29,25.094515
0.0,12,25.095118
1.0,21,25.096107
0.0,51,25.098404
0.0,3,25.098607
0.0,11,25.099164
0.0,9,25.099628
0.0,72,25.10282
0.0,2,25.102978
0.0,19,25.103881
0.0,2,25.10404
1.0,54,25.106468
1.0,26,25.107679
0.0,1,25.10779
0.0,47,25.109921
0.0,6,25.110266
1.0,63,25.113107
0.0,6,25.113437
0.0,5,25.113722
1.0,29,25.11507
0.0,17,25.115876
0.0,2,25.116033
1.0,69,25.119126
0.0,18,25.119975
0.0,18,25.120833
0.0,3,25.121036
0.0,52,25.123387
1.0,14,25.124075
0.0,5,25.124361
1.0,31,25.125774
1.0,23,25.126851
0.0,36,25.128498
0.0,14,25.129185
1.0,31,25.13061
0.0,17,25.13143
0.0,13,25.132074
1.0,22,25.133117
0.0,17,25.133921
0.0,2,25.134087
1.0,12,25.134679
0.0,2,25.134833
1.0,11,25.135387
1.0,16,25.13616
1.0,27,25.137405
1.0,26,25.13861
0.0,92,25.142686
0.0,20,25.143641
0.0,8,25.14407
1.0,73,25.147321
0.0,8,25.147738
0.0,20,25.148685
0.0,18,25.149549
0.0,25,25.150716
0.0,10,25.15123
0.0,4,25.151475
0.0,27,25.152724
0.0,5,25.153013
1.0,11,25.153573
1.0,29,25.154904
0.0,1,25.155017
0.0,14,25.155701
0.0,11,25.15626
0.0,25,25.157421
0.0,10,25.157928
0.0,7,25.158315
1.0,27,25.159639
0.0,30,25.161026
0.0,3,25.161238
0.0,18,25.162096
1.0,17,25.162901
0.0,66,25.165863
1.0,19,25.166765
0.0,5,25.16706
0.0,2,25.167219
0.0,10,25.167722
0.0,26,25.168924
1.0,25,25.170095
0.0,3,25.170297
0.0,7,25.170671
0.0,4,25.170916
1.0,41,25.172776
1.0,14,25.173473
0.0,5,25.173762
1.0,24,25.17488
0.0,8,25.175312
0.0,16,25.17609
0.0,39,25.177856
0.0,4,25.178111
0.0,74,25.181403
0.0,22,25.182439
0.0,9,25.182898
0.0,12,25.183506
0.0,20,25.184453
0.0,16,25.185229
0.0,50,25.187468
0.0,2,25.187628
0.0,12,25.188228
0.0,11,25.18878
0.0,37,25.19047
1.0,27,25.191722
0.0,5,25.192011
0.0,6,25.192351
0.0,18,25.193221
0.0,21,25.194212
0.0,1,25.194326
0.0,37,25.196013
0.0,4,25.196266
0.0,1,25.196376
0.0,3,25.196577
0.0,20,25.197521
1.0,18,25.198389
0.0,10,25.198893
0.0,13,25.199539
1.0,21,25.200531
0.0,1,25.200644
0.0,7,25.201017
0.0,8,25.20144
0.0,16,25.202216
0.0,29,25.203566
0.0,10,25.20408
1.0,36,25.205728
0.0,26,25.206944
0.0,73,25.210208
0.0,12,25.210804
0.0,3,25.211005
1.0,17,25.21182
1.0,23,25.212898
1.0,17,25.213727
0.0,2,25.213882
0.0,7,25.214266
0.0,4,25.214509
0.0,8,25.214924
0.0,5,25.215223
0.0,12,25.215815
0.0,2,25.215972
0.0,4,25.216225
1.0,10,25.216728
1.0,18,25.217585
1.0,19,25.218486
0.0,10,25.218992
0.0,9,25.219465
0.0,10,25.21997
0.0,5,25.220267
0.0,40,25.222101
0.0,8,25.222521
0.0,2,25.222676
0.0,45,25.224707
0.0,2,25.224864
1.0,24,25.225981
0.0,18,25.226844
0.0,3,25.227045
0.0,1,25.227167
0.0,23,25.228248
1.0,12,25.228843
0.0,24,25.229968
0.0,56,25.232499
0.0,3,25.232703
0.0,23,25.23379
1.0,12,25.234396
0.0,1,25.234509
0.0,15,25.235242
0.0,7,25.235619
1.0,82,25.239292
0.0,47,25.241419
0.0,6,25.241752
0.0,27,25.243004
0.0,35,25.244617
0.0,13,25.245267
0.0,23,25.246342
0.0,15,25.247077
0.0,33,25.248585
1.0,28,25.249874
0.0,36,25.251525
0.0,2,25.251684
0.0,25,25.25284
0.0,9,25.253318
0.0,12,25.253913
0.0,4,25.25417
0.0,19,25.25507
0.0,31,25.256498
0.0,4,25.256745
0.0,7,25.257131
1.0,31,25.258553
0.0,23,25.259703
1.0,19,25.260613
0.0,20,25.261564
0.0,18,25.26243
0.0,17,25.263255
0.0,63,25.266085
0.0,10,25.266592
0.0,10,25.26711
0.0,3,25.267313
1.0,16,25.268083
1.0,18,25.268932
0.0,2,25.269096
0.0,15,25.269813
0.0,7,25.270198
0.0,14,25.270875
0.0,42,25.272767
0.0,34,25.274337
0.0,21,25.275327
0.0,13,25.275959
1.0,46,25.27803
0.0,10,25.278545
0.0,15,25.27927
0.0,1,25.279383
1.0,11,25.279927
0.0,26,25.281141
0.0,4,25.281384
1.0,39,25.283161
0.0,3,25.28336
0.0,2,25.283515
0.0,29,25.284855
0.0,4,25.28511
0.0,15,25.285829
0.0,5,25.286128
0.0,8,25.286545
0.0,53,25.288924
0.0,1,25.289036
0.0,9,25.289509
0.0,2,25.289665
0.0,10,25.290179
1.0,12,25.290768
1.0,37,25.292455
1.0,33,25.293968
0.0,29,25.295312
0.0,11,25.295859
0.0,9,25.296332
0.0,4,25.296575
0.0,4,25.29682
1.0,44,25.298793
1.0,26,25.299997
0.0,4,25.300252
0.0,42,25.30216
0.0,4,25.302404
0.0,5,25.302692
0.0,9,25.30317
0.0,13,25.303804
1.0,68,25.306817
0.0,40,25.30863
0.0,37,25.310314
1.0,32,25.31177
0.0,7,25.312156
0.0,8,25.312574
0.0,3,25.312775
1.0,6,25.313123
0.0,40,25.314933
0.0,7,25.315319
0.0,13,25.315952
0.0,9,25.316425
0.0,12,25.317019
0.0,11,25.317575
0.0,5,25.317862
0.0,14,25.318546
0.0,17,25.319358
0.0,5,25.319647
0.0,21,25.320631
0.0,4,25.320876
0.0,2,25.321031
0.0,8,25.321456
1.0,42,25.323358
1.0,21,25.324352
0.0,10,25.324856
0.0,41,25.326715
0.0,7,25.3271
1.0,36,25.328731
1.0,13,25.329372
1.0,39,25.331156
0.0,6,25.331489
0.0,7,25.331862
0.0,17,25.332676
0.0,31,25.334113
0.0,51,25.336403
0.0,2,25.336562
0.0,8,25.336978
1.0,49,25.339185
0.0,13,25.339822
0.0,10,25.34034
0.0,21,25.341336
0.0,15,25.342068
0.0,6,25.342399
0.0,24,25.343528
0.0,1,25.343641
0.0,3,25.343841
1.0,11,25.344398
0.0,6,25.34473
0.0,31,25.346175
0.0,1,25.346288
1.0,6,25.34662
0.0,8,25.34704
1.0,31,25.34847
0.0,16,25.349247
0.0,33,25.350762
0.0,7,25.351152
1.0,25,25.35232
0.0,5,25.352607
1.0,32,25.354089
1.0,21,25.355079
1.0,45,25.357125
0.0,7,25.357505
1.0,21,25.358501
0.0,3,25.358705
0.0,5,25.359062
0.0,12,25.359659
0.0,13,25.360316
0.0,3,25.360518
1.0,27,25.361771
1.0,54,25.364229
0.0,1,25.36434
0.0,8,25.364758
0.0,9,25.365233
0.0,3,25.365433
1.0,21,25.366424
0.0,31,25.36785
0.0,14,25.368546
1.0,16,25.369327
0.0,7,25.369704
1.0,20,25.370653
0.0,53,25.373037
0.0,31,25.374484
1.0,9,25.374949
1.0,12,25.375548
0.0,1,25.375658
0.0,11,25.37622
0.0,22,25.377258
1.0,18,25.378122
1.0,23,25.379206
0.0,5,25.379495
1.0,15,25.380223
0.0,28,25.381527
0.0,11,25.38209
0.0,33,25.383606
0.0,25,25.384773
1.0,14,25.38546
0.0,14,25.386151
1.0,18,25.387002
1.0,82,25.390671
1.0,16,25.391448
0.0,31,25.392871
0.0,4,25.393137
0.0,9,25.393603
0.0,5,25.393893
0.0,20,25.394842
1.0,34,25.39641
0.0,16,25.39719
0.0,3,25.397393
1.0,28,25.398686
0.0,6,25.399016
0.0,5,25.399309
0.0,2,25.399467
0.0,7,25.399839
0.0,6,25.400183
0.0,5,25.40047
0.0,1,25.400582
1.0,24,25.4017
0.0,6,25.402032
0.0,15,25.402761
1.0,16,25.403544
0.0,10,25.404057
1.0,11,25.404606
1.0,23,25.405679
0.0,13,25.406327
1.0,33,25.407837
0.0,7,25.408221
0.0,17,25.40903
0.0,4,25.409283
0.0,37,25.410964
1.0,14,25.411654
0.0,16,25.412427
1.0,14,25.413126
0.0,9,25.413588
0.0,18,25.414451
0.0,2,25.41461
1.0,26,25.41582
0.0,29,25.417166
0.0,19,25.418073
0.0,16,25.418842
0.0,37,25.420548
0.0,1,25.420661
0.0,4,25.420907
0.0,25,25.422078
0.0,3,25.422282
0.0,1,25.422394
0.0,3,25.422595
0.0,7,25.42297
1.0,8,25.423403
0.0,84,25.427134
0.0,2,25.42729
0.0,17,25.428109
0.0,13,25.428745
1.0,27,25.429999
1.0,34,25.431556
1.0,34,25.433125
1.0,15,25.433845
0.0,5,25.434143
1.0,21,25.435134
0.0,9,25.435594
0.0,66,25.438552
0.0,34,25.440117
1.0,16,25.440879
1.0,56,25.443409
0.0,3,25.443611
0.0,7,25.443985
0.0,3,25.444196
0.0,11,25.444741
1.0,22,25.445779
0.0,19,25.446689
0.0,6,25.447022
1.0,91,25.451077
0.0,5,25.451365
0.0,2,25.451523
0.0,3,25.451725
0.0,18,25.452588
0.0,3,25.45279
0.0,24,25.453916
0.0,21,25.454909
0.0,3,25.455124
1.0,24,25.456249
0.0,5,25.456541
0.0,1,25.456652
1.0,16,25.45743
1.0,66,25.460397
0.0,16,25.461235
0.0,4,25.461483
1.0,19,25.46239
1.0,14,25.463084
0.0,4,25.46333
0.0,32,25.464792
0.0,6,25.465133
0.0,4,25.465378
0.0,40,25.467196
1.0,28,25.468491
0.0,12,25.469099
1.0,26,25.470308
0.0,7,25.470684
1.0,17,25.471499
0.0,10,25.472006
0.0,28,25.473318
1.0,22,25.474356
0.0,3,25.474558
1.0,20,25.475512
0.0,50,25.477777
0.0,1,25.477891
1.0,19,25.478798
0.0,22,25.479832
1.0,28,25.48114
1.0,14,25.481818
0.0,4,25.482073
1.0,17,25.482884
0.0,12,25.483495
0.0,2,25.483654
0.0,27,25.484912
0.0,2,25.485082
0.0,6,25.485416
0.0,6,25.485748
0.0,14,25.486441
0.0,12,25.487031
0.0,24,25.48816
0.0,5,25.488449
0.0,26,25.489654
1.0,19,25.490566
1.0,20,25.491518
1.0,11,25.492078
0.0,8,25.492496
0.0,1,25.492607
1.0,45,25.494644
0.0,22,25.495677
0.0,58,25.498286
1.0,12,25.498878
1.0,10,25.499396
0.0,1,25.499508
0.0,4,25.499753
0.0,2,25.49991
0.0,60,25.502599
0.0,7,25.502976
0.0,11,25.50354
0.0,5,25.503831
1.0,78,25.50732
0.0,13,25.507955
0.0,5,25.508255
0.0,58,25.51085
0.0,5,25.511152
0.0,3,25.511354
0.0,4,25.511598
0.0,14,25.512285
0.0,2,25.512443
0.0,4,25.512684
0.0,15,25.513424
0.0,10,25.513927
0.0,14,25.514612
0.0,25,25.515775
0.0,2,25.515932
0.0,34,25.517492
0.0,7,25.517869
0.0,20,25.51882
1.0,9,25.51929
0.0,29,25.520628
0.0,11,25.521187
0.0,2,25.521343
0.0,17,25.522161
0.0,6,25.522493
0.0,5,25.52278
0.0,25,25.523945
1.0,20,25.524891
0.0,12,25.525494
0.0,27,25.526746
0.0,2,25.526903
0.0,7,25.527289
1.0,20,25.52824
0.0,32,25.529706
1.0,10,25.530221
0.0,2,25.53038
1.0,14,25.531065
0.0,69,25.534149
0.0,1,25.534262
0.0,1,25.534373
1.0,21,25.535362
0.0,46,25.537434
0.0,16,25.538208
0.0,39,25.539971
0.0,2,25.540141
0.0,33,25.54165
1.0,13,25.5423
0.0,8,25.54272
0.0,3,25.542919
0.0,10,25.543438
0.0,11,25.543987
0.0,8,25.544413
0.0,7,25.544787
1.0,35,25.54639
0.0,31,25.547819
1.0,15,25.548552
1.0,25,25.549712
1.0,34,25.551273
1.0,19,25.552175
0.0,5,25.552464
0.0,18,25.553334
0.0,1,25.553446
1.0,25,25.55461
1.0,26,25.555819
0.0,12,25.556423
0.0,7,25.556797
0.0,15,25.557532
0.0,12,25.558134
0.0,14,25.55881
0.0,40,25.56064
0.0,20,25.561644
0.0,11,25.562205
1.0,21,25.563204
0.0,7,25.56358
1.0,22,25.564611
0.0,1,25.564722
1.0,43,25.566667
0.0,35,25.568271
1.0,12,25.568862
1.0,20,25.569812
0.0,9,25.570286
1.0,15,25.571005
1.0,12,25.571603
1.0,25,25.572769
1.0,52,25.575121
0.0,29,25.576456
0.0,2,25.576613
0.0,8,25.577029
0.0,49,25.579247
1.0,18,25.580115
0.0,4,25.580357
0.0,29,25.581691
0.0,34,25.583258
0.0,4,25.583503
0.0,1,25.583613
0.0,4,25.583857
0.0,16,25.584631
0.0,7,25.58501
1.0,15,25.585742
0.0,100,25.590183
0.0,4,25.590428
0.0,23,25.591507
1.0,38,25.593247
0.0,32,25.594717
0.0,12,25.595317
0.0,2,25.595475
0.0,17,25.596293
0.0,15,25.597012
0.0,35,25.598615
0.0,3,25.598818
0.0,24,25.599931
0.0,40,25.601753
0.0,9,25.602225
0.0,26,25.603435
0.0,14,25.604124
0.0,21,25.605116
1.0,33,25.60662
0.0,25,25.607781
0.0,6,25.608123
1.0,14,25.608797
0.0,7,25.609183
1.0,11,25.609732
0.0,29,25.611075
0.0,27,25.612323
0.0,11,25.612871
0.0,12,25.613478
1.0,66,25.616429
0.0,13,25.617075
1.0,31,25.618496
0.0,5,25.618783
0.0,28,25.620085
1.0,19,25.620985
0.0,15,25.621711
1.0,32,25.623196
1.0,47,25.625325
0.0,16,25.626117
0.0,2,25.626277
1.0,19,25.627178
0.0,9,25.627637
0.0,8,25.628066
0.0,39,25.629838
1.0,45,25.631876
0.0,1,25.631989
0.0,12,25.63259
0.0,22,25.633631
1.0,34,25.635192
1.0,32,25.636657
0.0,7,25.637032
1.0,26,25.638252
0.0,7,25.638629
0.0,71,25.641811
0.0,15,25.642541
0.0,7,25.642915
0.0,12,25.643523
1.0,13,25.644165
0.0,12,25.644756
0.0,18,25.64562
0.0,12,25.646225
0.0,1,25.646337
0.0,36,25.647975
1.0,24,25.649106
1.0,13,25.64974
1.0,9,25.65021
0.0,19,25.651117
0.0,35,25.652719
0.0,16,25.653505
0.0,13,25.654149
0.0,8,25.654569
0.0,26,25.655779
0.0,12,25.656382
0.0,6,25.656715
0.0,3,25.656913
0.0,20,25.657861
1.0,22,25.658895
0.0,1,25.659009
1.0,22,25.660042
1.0,59,25.662712
1.0,15,25.66345
0.0,5,25.663736
1.0,27,25.664983
0.0,12,25.665585
0.0,4,25.665832
0.0,33,25.667341
0.0,8,25.66776
1.0,18,25.668618
0.0,19,25.669523
0.0,5,25.669814
0.0,9,25.670285
0.0,29,25.671624
0.0,5,25.671969
0.0,9,25.672441
0.0,35,25.674042
0.0,1,25.674165
0.0,5,25.67445
0.0,15,25.675181
0.0,3,25.675382
0.0,6,25.675714
0.0,5,25.676003
1.0,33,25.677522
0.0,11,25.678079
0.0,3,25.678281
0.0,28,25.679565
0.0,38,25.681294
0.0,12,25.681885
0.0,21,25.682872
0.0,16,25.683652
1.0,31,25.685082
0.0,12,25.685674
0.0,12,25.686274
0.0,9,25.686735
0.0,13,25.687374
1.0,6,25.687705
0.0,7,25.688089
0.0,43,25.690018
0.0,6,25.690356
0.0,22,25.691386
1.0,20,25.692337
0.0,3,25.692538
0.0,12,25.693143
0.0,45,25.695185
1.0,25,25.696345
0.0,48,25.698499
1.0,20,25.69945
1.0,22,25.700482
0.0,59,25.70314
0.0,17,25.703945
0.0,19,25.704849
0.0,18,25.705714
0.0,6,25.706058
0.0,17,25.706872
0.0,5,25.707172
0.0,9,25.707634
0.0,30,25.709011
0.0,29,25.710357
0.0,10,25.71086
1.0,18,25.711718
0.0,36,25.713376
0.0,2,25.713535
0.0,10,25.714041
0.0,18,25.714899
0.0,15,25.71563
0.0,1,25.715743
0.0,8,25.716172
0.0,1,25.716285
0.0,13,25.716916
1.0,84,25.720644
0.0,13,25.721288
0.0,2,25.721445
0.0,11,25.721991
0.0,5,25.722286
0.0,18,25.72315
0.0,3,25.723354
1.0,11,25.723902
0.0,4,25.724157
0.0,18,25.725004
1.0,17,25.725819
1.0,39,25.727587
0.0,9,25.728057
0.0,3,25.728262
0.0,13,25.728897
0.0,16,25.729671
1.0,30,25.731042
1.0,20,25.731987
0.0,1,25.732105
1.0,18,25.732957
0.0,8,25.733389
0.0,1,25.7335
0.0,5,25.733788
0.0,9,25.734261
0.0,7,25.734635
0.0,17,25.735449
1.0,74,25.738731
0.0,9,25.739205
0.0,20,25.740155
0.0,6,25.740484
1.0,15,25.741213
1.0,13,25.741846
0.0,5,25.742144
1.0,24,25.743261
0.0,5,25.743547
0.0,74,25.746827
0.0,5,25.747123
1.0,14,25.747799
0.0,8,25.748226
0.0,28,25.74952
1.0,52,25.751851
0.0,5,25.75215
1.0,25,25.753317
0.0,10,25.753819
1.0,33,25.755332
1.0,16,25.756105
1.0,41,25.757946
1.0,17,25.758758
1.0,17,25.759576
0.0,5,25.759864
1.0,14,25.760561
1.0,51,25.762848
0.0,2,25.763006
0.0,30,25.764392
1.0,25,25.765552
0.0,19,25.76646
0.0,6,25.766796
0.0,5,25.767094
0.0,4,25.767339
0.0,7,25.767712
0.0,5,25.767999
0.0,8,25.768426
1.0,23,25.769501
0.0,14,25.770187
0.0,47,25.772307
1.0,25,25.773543
0.0,6,25.773875
0.0,12,25.774482
0.0,6,25.774815
0.0,5,25.775112
0.0,5,25.775399
0.0,35,25.776999
1.0,20,25.777947
1.0,9,25.778422
1.0,27,25.779672
1.0,42,25.781582
1.0,28,25.782874
0.0,22,25.783914
0.0,25,25.785092
0.0,2,25.785249
0.0,22,25.786285
0.0,1,25.786397
1.0,27,25.787647
0.0,4,25.787892
1.0,14,25.788581
0.0,8,25.789003
0.0,3,25.789212
0.0,53,25.791606
0.0,19,25.792516
0.0,50,25.794779
0.0,8,25.795211
0.0,15,25.795936
0.0,15,25.79667
0.0,27,25.797924
0.0,2,25.798092
0.0,15,25.798811
0.0,9,25.799282
0.0,7,25.799659
0.0,3,25.79986
0.0,34,25.80142
0.0,26,25.802628
0.0,13,25.803282
0.0,4,25.803529
0.0,7,25.8039
0.0,33,25.805421
0.0,4,25.805668
1.0,38,25.807405
0.0,29,25.80874
0.0,17,25.809561
1.0,32,25.811026
0.0,2,25.811193
0.0,10,25.8117
0.0,1,25.811811
1.0,23,25.812894
0.0,23,25.813978
0.0,7,25.814365
0.0,1,25.814477
0.0,26,25.815688
1.0,28,25.816982
0.0,27,25.818244
0.0,27,25.819494
0.0,6,25.819829
0.0,9,25.8203
1.0,27,25.821553
0.0,7,25.82194
0.0,17,25.82276
1.0,51,25.825075
0.0,9,25.825537
0.0,3,25.825736
0.0,7,25.826121
1.0,52,25.828463
0.0,3,25.828665
1.0,17,25.82948
0.0,13,25.83013
0.0,13,25.830769
0.0,14,25.831461
1.0,24,25.83258
0.0,9,25.833041
0.0,2,25.833215
0.0,19,25.834119
0.0,34,25.83568
0.0,35,25.837289
1.0,11,25.837836
0.0,14,25.838525
1.0,14,25.839215
0.0,27,25.840468
0.0,4,25.840714
0.0,8,25.841145
1.0,39,25.842914
0.0,6,25.843261
1.0,17,25.844074
1.0,23,25.845148
0.0,2,25.845305
0.0,2,25.845461
1.0,34,25.847008
1.0,14,25.847693
0.0,18,25.848557
0.0,16,25.849328
1.0,37,25.851012
0.0,13,25.85165
0.0,27,25.852903
0.0,35,25.854519
0.0,4,25.854765
1.0,43,25.85671
0.0,13,25.857357
1.0,17,25.858177
0.0,10,25.858687
1.0,9,25.859157
0.0,7,25.859532
0.0,7,25.859908
0.0,7,25.860292
0.0,27,25.861551
0.0,10,25.862067
0.0,5,25.862355
0.0,15,25.863092
0.0,1,25.863206
0.0,33,25.864712
1.0,10,25.865232
0.0,28,25.866525
0.0,14,25.86722
1.0,20,25.86817
0.0,6,25.868498
0.0,5,25.868783
1.0,74,25.872096
1.0,21,25.873092
0.0,15,25.873878
0.0,3,25.874091
0.0,26,25.8753
0.0,54,25.877712
0.0,48,25.879875
0.0,9,25.880351
0.0,6,25.880681
0.0,3,25.880882
0.0,3,25.881096
0.0,6,25.881427
0.0,16,25.882195
1.0,24,25.883316
1.0,20,25.884257
0.0,25,25.885416
0.0,50,25.88767
1.0,19,25.888574
1.0,14,25.889263
1.0,23,25.890342
0.0,4,25.890586
0.0,18,25.891443
1.0,48,25.893611
0.0,14,25.894304
1.0,33,25.895806
0.0,15,25.896542
1.0,42,25.89846
1.0,8,25.898877
0.0,8,25.899304
0.0,28,25.900594
0.0,31,25.902013
0.0,23,25.903097
1.0,10,25.903599
0.0,36,25.905246
1.0,13,25.905877
0.0,20,25.906822
0.0,1,25.906934
0.0,5,25.90723
0.0,6,25.907564
0.0,51,25.909853
0.0,20,25.910796
0.0,10,25.911309
0.0,32,25.912768
0.0,4,25.913014
0.0,23,25.914101
0.0,3,25.914305
0.0,19,25.915204
1.0,18,25.916061
0.0,63,25.91888
0.0,3,25.919092
0.0,10,25.919598
0.0,1,25.91971
0.0,26,25.92091
0.0,25,25.922082
1.0,21,25.923079
0.0,31,25.924502
0.0,3,25.924704
1.0,45,25.926734
0.0,19,25.927638
0.0,27,25.928886
0.0,2,25.929044
0.0,40,25.930855
1.0,31,25.932284
0.0,2,25.93244
0.0,1,25.932549
0.0,11,25.933107
1.0,20,25.934041
0.0,8,25.934467
0.0,43,25.93641
0.0,18,25.937271
0.0,43,25.939225
0.0,1,25.939338
0.0,4,25.939582
0.0,24,25.940701
0.0,17,25.941522
1.0,21,25.94251
0.0,15,25.943251
0.0,3,25.943453
0.0,9,25.943917
0.0,4,25.944169
0.0,4,25.944414
0.0,8,25.944829
0.0,2,25.944985
0.0,5,25.94528
1.0,17,25.946094
1.0,19,25.94698
1.0,14,25.947663
0.0,4,25.947908
0.0,16,25.948684
0.0,11,25.949243
0.0,2,25.949401
0.0,9,25.949857
1.0,18,25.950722
0.0,22,25.951753
0.0,2,25.951909
1.0,25,25.953084
0.0,13,25.953718
1.0,9,25.954185
0.0,15,25.954908
0.0,20,25.955853
0.0,7,25.956238
0.0,16,25.957005
0.0,8,25.957431
0.0,4,25.957674
0.0,42,25.959579
1.0,12,25.960189
1.0,43,25.962141
0.0,39,25.963906
0.0,20,25.964853
1.0,59,25.967492
0.0,2,25.967648
0.0,1,25.967758
0.0,11,25.96831
1.0,19,25.96921
1.0,14,25.969887
1.0,16,25.970656
0.0,47,25.972781
0.0,9,25.97326
0.0,19,25.974177
0.0,13,25.974813
0.0,45,25.976919
0.0,14,25.977619
0.0,9,25.978092
0.0,5,25.978381
0.0,20,25.97933
0.0,4,25.979576
0.0,20,25.980525
1.0,15,25.981256
0.0,1,25.981367
0.0,30,25.982747
0.0,100,25.98719
0.0,5,25.987478
0.0,4,25.987719
0.0,6,25.988056
0.0,16,25.988826
0.0,2,25.988983
0.0,12,25.989582
0.0,39,25.991363
0.0,15,25.992098
1.0,50,25.994362
0.0,12,25.994956
0.0,9,25.995427
0.0,7,25.995806
0.0,4,25.996056
1.0,22,25.997098
0.0,21,25.998094
0.0,1,25.998208
1.0,20,25.999158
1.0,19,26.000068
0.0,2,26.000225
0.0,21,26.001217
0.0,15,26.001943
1.0,13,26.00259
0.0,32,26.004078
0.0,3,26.004282
0.0,6,26.004615
1.0,8,26.005029
1.0,28,26.006338
0.0,62,26.009124
1.0,10,26.009628
0.0,32,26.011106
0.0,10,26.011611
0.0,26,26.012825
0.0,11,26.013394
0.0,6,26.013727
0.0,2,26.013884
0.0,5,26.01418
1.0,23,26.015253
1.0,13,26.015885
0.0,2,26.016041
1.0,19,26.016945
1.0,9,26.01742
1.0,64,26.020289
0.0,5,26.020576
1.0,26,26.021782
1.0,23,26.02287
0.0,2,26.023029
0.0,14,26.02372
0.0,6,26.024048
0.0,52,26.026375
1.0,47,26.028491
0.0,45,26.030531
0.0,7,26.030908
0.0,53,26.033307
0.0,1,26.033423
0.0,10,26.033928
0.0,7,26.034314
0.0,40,26.036135
0.0,20,26.03708
0.0,8,26.037496
0.0,34,26.039039
0.0,10,26.039554
0.0,21,26.040544
0.0,2,26.040701
0.0,35,26.042305
0.0,11,26.042856
0.0,3,26.043069
0.0,66,26.046002
1.0,46,26.04809
0.0,19,26.048984
1.0,52,26.051329
0.0,26,26.052544
0.0,39,26.054339
0.0,2,26.054496
0.0,11,26.05504
0.0,5,26.05534
0.0,26,26.056547
0.0,36,26.058206
0.0,9,26.058668
0.0,6,26.058999
0.0,7,26.059379
0.0,8,26.059799
0.0,16,26.060576
0.0,4,26.060823
0.0,1,26.060934
0.0,7,26.061319
0.0,73,26.064585
0.0,9,26.065059
0.0,22,26.066094
0.0,23,26.067173
0.0,5,26.067462
0.0,11,26.06801
0.0,28,26.069309
0.0,8,26.069729
1.0,23,26.070805
0.0,3,26.071004
0.0,21,26.071989
0.0,6,26.072333
1.0,13,26.072966
0.0,50,26.075227
0.0,1,26.075341
0.0,12,26.075932
0.0,29,26.077277
0.0,4,26.077523
0.0,14,26.078215
1.0,33,26.079723
1.0,21,26.080714
0.0,25,26.081934
0.0,35,26.083551
0.0,34,26.085115
0.0,6,26.085448
0.0,6,26.085778
0.0,13,26.086418
1.0,40,26.088228
0.0,4,26.08847
0.0,2,26.088624
1.0,19,26.089524
1.0,11,26.09008
0.0,37,26.091755
0.0,12,26.092355
0.0,30,26.093741
0.0,80,26.097295
0.0,18,26.098154
0.0,34,26.09971
1.0,12,26.100311
0.0,12,26.100903
0.0,89,26.104849
0.0,21,26.105842
1.0,22,26.106875
0.0,16,26.107651
0.0,26,26.108863
0.0,22,26.109896
0.0,19,26.110798
0.0,1,26.110911
0.0,12,26.111513
0.0,30,26.112892
0.0,34,26.114458
0.0,1,26.114569
0.0,3,26.114771
0.0,3,26.114969
0.0,9,26.11544
0.0,11,26.115992
0.0,31,26.117423
0.0,19,26.118331
0.0,58,26.120921
0.0,4,26.121176
1.0,27,26.122428
0.0,1,26.122539
1.0,24,26.123664
0.0,24,26.124816
0.0,1,26.124931
1.0,14,26.12562
0.0,8,26.12604
0.0,5,26.126339
0.0,9,26.12681
0.0,13,26.127455
0.0,13,26.1281
0.0,27,26.129372
0.0,1,26.129486
0.0,8,26.129902
0.0,4,26.130156
0.0,100,26.134618
0.0,3,26.134821
0.0,11,26.135382
1.0,10,26.135885
1.0,18,26.136744
1.0,15,26.137475
0.0,24,26.138596
1.0,24,26.139717
0.0,13,26.140361
1.0,19,26.141271
0.0,11,26.141821
0.0,20,26.142768
0.0,41,26.144636
0.0,5,26.144923
0.0,9,26.145394
1.0,38,26.147124
0.0,16,26.147893
1.0,21,26.148886
0.0,21,26.149878
0.0,3,26.15009
0.0,7,26.150466
0.0,15,26.15119
0.0,3,26.151393
0.0,54,26.153826
0.0,3,26.154027
0.0,8,26.154455
0.0,4,26.154698
0.0,2,26.154855
1.0,12,26.15545
0.0,5,26.15574
1.0,27,26.156996
0.0,2,26.157162
0.0,35,26.158758
0.0,7,26.159142
0.0,10,26.159642
0.0,5,26.159926
0.0,9,26.160404
1.0,32,26.161862
0.0,8,26.162291
0.0,24,26.163419
0.0,17,26.164244
0.0,31,26.165674
0.0,1,26.165786
0.0,17,26.166603
0.0,5,26.166893
1.0,11,26.16745
1.0,21,26.168435
1.0,33,26.169937
0.0,1,26.170058
0.0,22,26.171094
1.0,34,26.172645
0.0,13,26.173296
1.0,32,26.174754
0.0,11,26.175316
0.0,1,26.175427
0.0,18,26.176285
0.0,1,26.176399
1.0,74,26.179692
0.0,12,26.180294
1.0,13,26.180925
0.0,1,26.181036
1.0,35,26.182705
1.0,16,26.183487
0.0,29,26.184825
0.0,4,26.1854
0.0,8,26.185817
1.0,23,26.186894
0.0,12,26.187496
1.0,26,26.188704
1.0,85,26.192481
1.0,10,26.192991
1.0,89,26.196969
1.0,36,26.198624
1.0,7,26.199002
0.0,12,26.199606
0.0,5,26.199897
0.0,3,26.200106
1.0,21,26.201098
0.0,1,26.201209
0.0,16,26.201975
0.0,4,26.202228
0.0,4,26.202474
0.0,2,26.202631
0.0,14,26.203327
0.0,5,26.203617
1.0,65,26.206543
1.0,9,26.207007
0.0,34,26.208572
1.0,20,26.209523
0.0,15,26.210258
0.0,1,26.21037
1.0,15,26.211097
1.0,37,26.212784
1.0,18,26.213651
0.0,5,26.213938
1.0,32,26.215411
0.0,18,26.216274
0.0,28,26.21757
0.0,8,26.21799
0.0,3,26.218199
1.0,20,26.21915
1.0,15,26.219867
1.0,22,26.220902
1.0,33,26.22242
0.0,3,26.222619
1.0,19,26.223531
0.0,27,26.224781
0.0,7,26.22517
0.0,8,26.225592
0.0,11,26.226154
0.0,10,26.226657
0.0,10,26.227173
0.0,8,26.227594
0.0,46,26.229669
1.0,13,26.230319
1.0,19,26.231223
0.0,5,26.231511
0.0,7,26.231901
0.0,12,26.232503
0.0,3,26.232704
0.0,5,26.232989
1.0,30,26.234392
0.0,46,26.236477
0.0,4,26.236721
0.0,4,26.236967
0.0,9,26.237447
1.0,62,26.240245
0.0,1,26.240356
0.0,10,26.240862
1.0,18,26.24172
1.0,15,26.242455
0.0,5,26.242743
0.0,1,26.242856
1.0,38,26.244603
0.0,2,26.244761
0.0,5,26.245055
0.0,12,26.24565
0.0,7,26.246025
1.0,15,26.246754
0.0,4,26.246995
0.0,21,26.247987
0.0,2,26.248154
0.0,4,26.248399
1.0,39,26.250178
0.0,11,26.250727
0.0,20,26.251681
0.0,7,26.252064
0.0,14,26.252741
0.0,100,26.257196
0.0,10,26.257701
0.0,2,26.25786
0.0,6,26.258199
0.0,15,26.258923
0.0,3,26.259136
0.0,4,26.259379
0.0,5,26.259667
0.0,5,26.259953
1.0,47,26.262087
0.0,5,26.262377
0.0,13,26.263009
0.0,14,26.263702
0.0,24,26.264826
1.0,30,26.266222
0.0,5,26.26651
0.0,10,26.267015
0.0,4,26.267266
0.0,12,26.267857
0.0,14,26.268544
0.0,5,26.268831
1.0,23,26.269903
0.0,4,26.270163
0.0,6,26.270494
1.0,20,26.271446
1.0,41,26.273317
1.0,11,26.273865
0.0,18,26.274723
0.0,6,26.275064
1.0,33,26.276579
0.0,15,26.27732
0.0,42,26.279237
0.0,6,26.27957
0.0,20,26.280519
0.0,18,26.281386
0.0,5,26.281733
0.0,17,26.282558
1.0,29,26.283902
1.0,13,26.284547
0.0,26,26.285761
0.0,29,26.287115
1.0,32,26.28859
0.0,3,26.288791
0.0,11,26.289349
0.0,79,26.292875
0.0,4,26.293138
0.0,31,26.294564
0.0,32,26.296031
0.0,7,26.296418
0.0,23,26.297491
0.0,22,26.298527
0.0,11,26.299085
0.0,12,26.299676
0.0,41,26.301545
0.0,21,26.302536
0.0,28,26.303837
1.0,41,26.305705
0.0,12,26.306308
0.0,3,26.306508
1.0,38,26.308246
0.0,13,26.30888
0.0,11,26.309443
1.0,14,26.310133
1.0,14,26.310812
0.0,2,26.310969
0.0,1,26.311089
0.0,18,26.311941
0.0,12,26.312547
0.0,10,26.313071
0.0,21,26.314065
0.0,14,26.314744
0.0,5,26.31503
0.0,20,26.315975
1.0,22,26.317014
0.0,9,26.317484
0.0,30,26.318868
0.0,2,26.319025
0.0,1,26.319145
0.0,67,26.322156
0.0,2,26.322313
0.0,5,26.322601
0.0,15,26.323335
1.0,17,26.324152
0.0,23,26.325232
0.0,7,26.325604
1.0,62,26.328392
0.0,13,26.329029
0.0,1,26.329148
1.0,19,26.33004
0.0,2,26.330208
0.0,15,26.330931
1.0,31,26.332366
1.0,71,26.33555
0.0,1,26.335662
0.0,11,26.336222
1.0,47,26.338345
0.0,4,26.338589
0.0,25,26.339751
1.0,48,26.341919
1.0,34,26.343484
1.0,19,26.344381
1.0,28,26.345668
1.0,15,26.346401
1.0,21,26.34739
1.0,42,26.349297
0.0,21,26.350286
1.0,24,26.351403
1.0,71,26.354578
1.0,11,26.355135
1.0,48,26.357305
0.0,5,26.357594
1.0,26,26.358796
0.0,3,26.358998
0.0,2,26.359162
0.0,15,26.359877
0.0,39,26.361663
0.0,4,26.361909
0.0,21,26.362897
0.0,4,26.363158
1.0,17,26.363967
1.0,14,26.364654
0.0,62,26.367439
0.0,2,26.367598
0.0,3,26.367796
