#{"t_start": 1522229952.2704773, "env_id": "MyFrozenLake-v0"}
r,l,t
0.0,2,0.004476
0.0,3,0.004635
0.0,8,0.004884
0.0,1,0.004965
0.0,7,0.005226
0.0,14,0.00562
0.0,2,0.005728
0.0,6,0.005932
0.0,4,0.00609
0.0,24,0.006676
0.0,5,0.00685
0.0,7,0.00707
0.0,9,0.007332
0.0,10,0.007618
0.0,11,0.007908
0.0,7,0.008142
0.0,2,0.008247
0.0,6,0.008437
0.0,1,0.008514
0.0,5,0.008682
0.0,10,0.008966
0.0,12,0.009302
1.0,11,0.009601
0.0,7,0.009817
0.0,3,0.009946
0.0,37,0.010797
0.0,10,0.011094
0.0,20,0.011586
0.0,5,0.011754
0.0,15,0.012158
0.0,12,0.012479
0.0,3,0.012603
0.0,22,0.013147
0.0,2,0.01325
0.0,9,0.0135
0.0,18,0.013939
0.0,14,0.014303
0.0,17,0.014727
0.0,6,0.014915
0.0,9,0.015175
0.0,14,0.015544
0.0,3,0.015669
0.0,4,0.01582
0.0,7,0.016041
0.0,1,0.016119
0.0,9,0.016382
0.0,11,0.016686
0.0,6,0.016883
0.0,6,0.017088
0.0,2,0.017192
0.0,1,0.017273
0.0,3,0.017403
0.0,3,0.017534
0.0,9,0.017791
0.0,13,0.018146
0.0,7,0.018358
0.0,4,0.018501
0.0,7,0.018717
0.0,8,0.01896
0.0,23,0.019527
0.0,14,0.0199
0.0,5,0.020081
0.0,6,0.020278
0.0,1,0.020357
0.0,8,0.020597
0.0,3,0.020726
0.0,10,0.021012
0.0,13,0.021352
0.0,13,0.021697
0.0,8,0.021926
0.0,17,0.022369
0.0,5,0.022544
0.0,6,0.022738
0.0,1,0.022821
0.0,8,0.023069
0.0,3,0.023196
0.0,14,0.023555
0.0,4,0.0237
0.0,3,0.023823
0.0,21,0.024337
0.0,18,0.024791
0.0,11,0.025102
0.0,19,0.025578
0.0,10,0.025854
0.0,4,0.026011
0.0,6,0.026207
0.0,3,0.026336
0.0,11,0.026639
0.0,5,0.026812
1.0,7,0.02705
0.0,2,0.027155
0.0,12,0.02747
0.0,2,0.027576
0.0,3,0.0277
1.0,8,0.027938
0.0,3,0.028075
0.0,2,0.028183
0.0,10,0.028463
0.0,1,0.028544
0.0,3,0.028675
0.0,6,0.02887
0.0,2,0.028972
0.0,3,0.029109
0.0,5,0.029281
0.0,5,0.029455
0.0,5,0.029622
0.0,2,0.029724
0.0,5,0.029906
1.0,12,0.030235
0.0,1,0.030317
0.0,7,0.03053
0.0,3,0.030654
0.0,5,0.030821
1.0,12,0.031156
0.0,15,0.031548
0.0,3,0.031674
0.0,4,0.031821
0.0,8,0.032075
0.0,2,0.03218
0.0,13,0.032521
0.0,8,0.032752
0.0,2,0.032853
0.0,12,0.033178
0.0,3,0.033303
0.0,5,0.033476
0.0,11,0.033782
0.0,7,0.033998
0.0,3,0.034143
0.0,2,0.03425
0.0,14,0.034617
0.0,9,0.034868
0.0,11,0.035177
0.0,17,0.035599
0.0,3,0.035728
0.0,14,0.036105
0.0,14,0.036463
1.0,21,0.036978
0.0,36,0.037812
0.0,15,0.038204
0.0,10,0.038481
0.0,8,0.038712
0.0,2,0.038817
0.0,39,0.039716
0.0,8,0.039953
0.0,3,0.04009
0.0,1,0.04017
0.0,12,0.040493
0.0,4,0.040644
0.0,2,0.040746
0.0,6,0.040943
0.0,4,0.041098
0.0,11,0.041401
0.0,5,0.041571
0.0,6,0.04176
0.0,1,0.041841
1.0,20,0.042338
0.0,17,0.042772
0.0,8,0.04301
0.0,1,0.043093
0.0,11,0.043391
0.0,11,0.043683
0.0,19,0.044158
0.0,8,0.044398
0.0,28,0.045064
0.0,6,0.045258
0.0,9,0.045521
0.0,12,0.04584
0.0,6,0.046038
0.0,4,0.04619
0.0,2,0.046295
0.0,1,0.046376
0.0,3,0.046502
0.0,25,0.047121
0.0,8,0.047359
0.0,10,0.047646
0.0,5,0.047818
0.0,2,0.047925
0.0,6,0.048125
0.0,10,0.048414
0.0,2,0.048516
0.0,5,0.048685
0.0,1,0.048761
0.0,3,0.048886
0.0,3,0.049022
0.0,5,0.04919
0.0,1,0.049267
0.0,1,0.049344
0.0,3,0.049467
0.0,17,0.0499
0.0,4,0.050058
0.0,24,0.050643
0.0,6,0.050838
0.0,9,0.051114
0.0,7,0.05133
0.0,1,0.051411
0.0,4,0.051566
0.0,10,0.051841
0.0,2,0.051947
0.0,2,0.052063
0.0,34,0.052854
0.0,6,0.053056
0.0,22,0.053603
0.0,3,0.053733
0.0,1,0.05381
0.0,1,0.053888
0.0,3,0.05402
0.0,15,0.054403
0.0,9,0.054659
0.0,2,0.054761
0.0,15,0.055166
0.0,1,0.055249
0.0,3,0.055375
0.0,7,0.055587
0.0,2,0.055687
0.0,4,0.055834
0.0,4,0.055979
0.0,16,0.056394
0.0,38,0.057279
0.0,4,0.057433
0.0,17,0.057871
0.0,10,0.058155
0.0,16,0.058567
0.0,9,0.058829
0.0,5,0.05901
0.0,3,0.059138
0.0,11,0.05944
0.0,2,0.059543
0.0,3,0.059667
0.0,20,0.060158
0.0,13,0.060501
0.0,1,0.060579
0.0,6,0.060767
0.0,9,0.061039
0.0,1,0.06112
0.0,40,0.062055
0.0,8,0.062295
0.0,1,0.062376
0.0,16,0.062781
0.0,13,0.063132
1.0,9,0.06339
1.0,10,0.06367
0.0,10,0.063943
0.0,11,0.064251
0.0,6,0.064441
0.0,1,0.064522
1.0,16,0.064925
0.0,1,0.065009
0.0,6,0.065199
0.0,3,0.065324
0.0,1,0.065411
0.0,3,0.065536
0.0,1,0.065614
0.0,1,0.065691
0.0,8,0.065937
0.0,23,0.066505
0.0,4,0.066653
0.0,1,0.066731
0.0,2,0.066833
1.0,13,0.067196
0.0,5,0.067365
0.0,2,0.067467
0.0,2,0.067568
0.0,10,0.067846
0.0,8,0.068094
0.0,1,0.068173
1.0,15,0.068564
0.0,2,0.068664
0.0,12,0.068985
0.0,3,0.069118
0.0,2,0.06922
0.0,1,0.069301
0.0,3,0.069426
0.0,7,0.069636
0.0,5,0.069803
0.0,1,0.069884
0.0,6,0.07009
0.0,3,0.070218
0.0,8,0.070448
0.0,5,0.070614
0.0,1,0.070691
0.0,2,0.070798
0.0,12,0.071135
0.0,8,0.071376
0.0,1,0.071455
0.0,1,0.071534
0.0,3,0.071658
0.0,1,0.071735
0.0,1,0.071813
0.0,6,0.072019
0.0,1,0.0721
0.0,1,0.072179
0.0,3,0.072304
0.0,2,0.072407
0.0,1,0.072484
0.0,6,0.072686
0.0,11,0.072985
0.0,9,0.073245
0.0,14,0.073607
0.0,8,0.073843
1.0,7,0.074069
0.0,3,0.074195
0.0,6,0.074389
0.0,7,0.0746
0.0,4,0.074744
0.0,10,0.075032
0.0,6,0.075232
0.0,12,0.075551
0.0,3,0.07568
0.0,7,0.075899
0.0,3,0.076036
0.0,5,0.076215
0.0,1,0.076293
0.0,1,0.076371
0.0,7,0.076582
0.0,3,0.07671
0.0,6,0.076899
0.0,6,0.077095
0.0,3,0.07722
0.0,11,0.077517
0.0,11,0.077818
0.0,3,0.077941
0.0,5,0.078118
1.0,10,0.078392
0.0,14,0.078746
0.0,6,0.078941
0.0,10,0.079227
0.0,7,0.079447
0.0,3,0.079578
0.0,1,0.079655
0.0,2,0.079757
0.0,4,0.079911
0.0,3,0.080045
0.0,15,0.080439
0.0,1,0.080518
0.0,4,0.080665
0.0,2,0.080767
0.0,7,0.080986
0.0,10,0.081267
0.0,1,0.081345
0.0,5,0.081517
0.0,2,0.081621
0.0,4,0.08177
0.0,1,0.081848
0.0,6,0.082047
0.0,2,0.082151
0.0,7,0.082362
0.0,6,0.08255
0.0,6,0.082737
0.0,17,0.083167
0.0,11,0.083473
0.0,7,0.083694
0.0,13,0.084052
0.0,8,0.084293
0.0,1,0.084371
1.0,13,0.084711
1.0,8,0.08496
0.0,5,0.085135
0.0,3,0.085265
0.0,3,0.085389
0.0,10,0.085674
0.0,34,0.086513
0.0,6,0.086703
0.0,13,0.087052
0.0,26,0.087675
0.0,3,0.087803
0.0,8,0.088062
0.0,22,0.088621
0.0,1,0.088699
0.0,3,0.088824
0.0,2,0.088927
0.0,4,0.089108
0.0,1,0.08919
0.0,10,0.08949
1.0,17,0.089922
0.0,10,0.090211
0.0,1,0.090291
0.0,20,0.090782
0.0,10,0.091087
0.0,19,0.091586
0.0,5,0.091751
0.0,5,0.091924
0.0,6,0.092152
0.0,2,0.092264
0.0,24,0.092852
0.0,11,0.093167
0.0,17,0.093594
0.0,1,0.093671
0.0,5,0.093839
1.0,17,0.094285
0.0,4,0.094456
0.0,3,0.094604
0.0,27,0.095444
0.0,3,0.095575
0.0,4,0.095728
0.0,9,0.096049
0.0,7,0.096284
0.0,2,0.096431
0.0,3,0.096555
0.0,12,0.096878
0.0,15,0.097342
0.0,12,0.097688
0.0,7,0.097903
0.0,6,0.09813
0.0,16,0.098576
1.0,42,0.099579
0.0,7,0.099787
0.0,9,0.100091
0.0,14,0.100531
0.0,2,0.100634
0.0,15,0.101052
0.0,1,0.101138
0.0,1,0.101225
0.0,11,0.101564
0.0,18,0.102028
0.0,31,0.102782
0.0,1,0.10286
0.0,3,0.102988
0.0,5,0.1032
0.0,3,0.103361
0.0,1,0.103438
0.0,8,0.103673
0.0,16,0.104118
0.0,1,0.104205
0.0,1,0.104288
0.0,19,0.104802
0.0,6,0.105091
0.0,1,0.105179
0.0,10,0.105478
0.0,1,0.105556
0.0,2,0.105658
0.0,21,0.106205
0.0,10,0.106498
0.0,24,0.107094
0.0,7,0.107329
0.0,3,0.107456
0.0,4,0.107607
0.0,2,0.107708
0.0,2,0.107814
0.0,9,0.108075
0.0,4,0.108224
0.0,14,0.108582
0.0,4,0.108727
0.0,3,0.10885
0.0,7,0.109085
0.0,15,0.109491
0.0,6,0.109677
0.0,33,0.110492
0.0,3,0.110619
0.0,8,0.110847
0.0,3,0.110969
0.0,8,0.111204
0.0,3,0.111333
0.0,3,0.111457
1.0,30,0.112179
0.0,22,0.112738
1.0,6,0.112925
0.0,16,0.113389
0.0,17,0.113811
0.0,3,0.113933
0.0,4,0.114094
0.0,9,0.11435
0.0,1,0.114428
0.0,16,0.114833
0.0,24,0.115423
0.0,33,0.116193
0.0,10,0.116464
0.0,1,0.116544
0.0,30,0.117245
0.0,2,0.117354
1.0,12,0.117675
0.0,2,0.117779
0.0,4,0.117929
0.0,7,0.118157
0.0,7,0.118376
0.0,8,0.118608
0.0,4,0.118753
0.0,3,0.118875
1.0,14,0.119251
0.0,3,0.119374
0.0,2,0.119474
0.0,8,0.11971
0.0,3,0.119832
0.0,22,0.120362
0.0,4,0.120507
0.0,1,0.120583
0.0,2,0.120689
0.0,4,0.120839
0.0,1,0.120915
0.0,2,0.121023
0.0,1,0.121101
0.0,7,0.121311
0.0,2,0.121411
0.0,8,0.121646
0.0,1,0.121722
0.0,5,0.121887
0.0,7,0.122115
0.0,8,0.122356
0.0,4,0.122507
1.0,6,0.122699
0.0,20,0.123198
0.0,7,0.123412
0.0,10,0.123693
0.0,28,0.124374
0.0,7,0.124592
0.0,7,0.124806
0.0,4,0.124952
0.0,9,0.125217
0.0,4,0.125371
0.0,18,0.125815
0.0,4,0.125965
0.0,2,0.12608
0.0,5,0.126248
0.0,12,0.126568
0.0,14,0.126932
0.0,12,0.127259
0.0,15,0.127643
0.0,3,0.127772
0.0,5,0.127946
0.0,11,0.128256
0.0,8,0.128485
0.0,17,0.128914
0.0,3,0.12905
0.0,1,0.129133
0.0,12,0.129448
0.0,14,0.129802
0.0,19,0.130272
0.0,5,0.130445
0.0,2,0.130551
0.0,15,0.130934
0.0,10,0.131215
0.0,3,0.131339
0.0,13,0.13168
0.0,12,0.132009
0.0,5,0.132179
0.0,3,0.132302
0.0,11,0.132601
0.0,8,0.132836
0.0,15,0.133231
0.0,5,0.133404
0.0,10,0.133677
0.0,3,0.133806
0.0,2,0.133907
0.0,30,0.134609
0.0,5,0.134781
0.0,6,0.134974
0.0,3,0.135104
0.0,3,0.135231
0.0,1,0.135308
0.0,1,0.135388
0.0,6,0.135577
0.0,1,0.135653
0.0,3,0.135776
1.0,13,0.136119
0.0,12,0.136437
0.0,5,0.13661
0.0,34,0.137406
0.0,9,0.137659
0.0,1,0.137736
0.0,13,0.138088
0.0,16,0.138501
0.0,7,0.138711
0.0,7,0.138924
0.0,6,0.139122
0.0,8,0.139352
0.0,8,0.139596
0.0,5,0.139764
0.0,7,0.139977
0.0,8,0.140224
0.0,20,0.140723
1.0,16,0.141144
0.0,21,0.141657
0.0,4,0.141804
0.0,4,0.141955
0.0,7,0.142177
0.0,9,0.142429
0.0,3,0.142552
0.0,11,0.142847
0.0,5,0.143022
0.0,11,0.14332
0.0,4,0.143469
0.0,11,0.143761
0.0,19,0.144236
1.0,14,0.144595
0.0,37,0.145449
0.0,8,0.145693
0.0,3,0.145817
0.0,3,0.145962
0.0,17,0.146507
0.0,17,0.147043
0.0,5,0.147231
0.0,9,0.147506
0.0,21,0.148038
0.0,29,0.148739
0.0,11,0.149067
0.0,22,0.149624
0.0,2,0.149725
0.0,12,0.15007
0.0,2,0.150178
0.0,6,0.150395
0.0,5,0.150566
0.0,10,0.150844
0.0,3,0.150968
0.0,29,0.151702
1.0,13,0.152076
0.0,2,0.152185
0.0,1,0.152266
0.0,1,0.152359
1.0,26,0.152978
0.0,10,0.153301
0.0,28,0.153985
0.0,3,0.154143
0.0,6,0.154361
0.0,16,0.154777
0.0,4,0.154923
0.0,6,0.155124
0.0,27,0.155764
0.0,2,0.155871
0.0,9,0.156136
0.0,5,0.156307
0.0,7,0.156523
0.0,10,0.1568
0.0,3,0.156929
0.0,3,0.157064
0.0,3,0.15719
0.0,5,0.157358
0.0,8,0.157593
0.0,2,0.157695
0.0,3,0.157824
0.0,4,0.15797
0.0,4,0.158126
0.0,1,0.158205
0.0,2,0.158312
0.0,20,0.158808
0.0,8,0.159048
0.0,4,0.159195
0.0,8,0.15943
0.0,31,0.16017
0.0,6,0.160361
0.0,2,0.160462
0.0,11,0.160759
0.0,8,0.160994
0.0,9,0.161257
0.0,5,0.161431
0.0,1,0.161509
0.0,11,0.161808
1.0,13,0.162151
0.0,12,0.162474
0.0,3,0.162597
0.0,5,0.162763
0.0,15,0.163156
0.0,9,0.163417
1.0,13,0.163759
0.0,20,0.164258
0.0,1,0.164337
0.0,3,0.164465
0.0,5,0.164632
0.0,1,0.164709
0.0,2,0.164811
0.0,2,0.164912
0.0,2,0.165021
0.0,1,0.1651
0.0,14,0.165469
0.0,7,0.165679
0.0,9,0.165935
0.0,9,0.166201
0.0,1,0.166284
0.0,7,0.166498
0.0,9,0.166754
0.0,11,0.167056
0.0,1,0.167139
0.0,12,0.167464
0.0,8,0.167702
0.0,5,0.167869
0.0,10,0.168157
1.0,16,0.168561
0.0,3,0.168684
0.0,11,0.168992
0.0,11,0.169296
0.0,4,0.169445
0.0,9,0.169705
0.0,16,0.170114
0.0,3,0.170239
0.0,10,0.17051
1.0,13,0.170844
0.0,3,0.170965
0.0,4,0.171119
0.0,16,0.171524
1.0,31,0.172246
0.0,7,0.17246
0.0,1,0.172537
0.0,3,0.172662
0.0,1,0.172743
0.0,5,0.172916
0.0,6,0.173112
0.0,3,0.173242
0.0,3,0.173373
1.0,9,0.173633
0.0,1,0.17371
0.0,3,0.173838
0.0,10,0.174129
0.0,1,0.174213
0.0,10,0.174495
0.0,8,0.174738
0.0,18,0.175189
0.0,25,0.175782
0.0,12,0.176115
0.0,2,0.176223
0.0,7,0.176432
0.0,7,0.176644
0.0,11,0.176946
0.0,12,0.177279
0.0,9,0.177532
0.0,11,0.177824
0.0,8,0.178061
0.0,3,0.178187
0.0,3,0.178316
0.0,10,0.178589
1.0,10,0.178866
0.0,19,0.179346
0.0,1,0.179429
0.0,4,0.179575
0.0,4,0.17973
0.0,4,0.179874
0.0,3,0.179996
0.0,5,0.180171
0.0,1,0.180249
0.0,7,0.18046
0.0,3,0.180584
0.0,18,0.181043
0.0,2,0.181148
1.0,24,0.181717
0.0,25,0.182369
1.0,28,0.183022
0.0,16,0.183425
1.0,10,0.183713
0.0,19,0.184195
0.0,6,0.18439
1.0,17,0.184813
0.0,10,0.185101
0.0,11,0.185399
0.0,2,0.185505
0.0,6,0.185698
0.0,15,0.186099
0.0,4,0.186247
0.0,13,0.186592
0.0,1,0.186674
0.0,8,0.186905
0.0,3,0.187037
0.0,3,0.187167
0.0,15,0.187549
0.0,16,0.187953
0.0,7,0.18818
0.0,10,0.188458
0.0,5,0.18863
0.0,2,0.188747
0.0,6,0.188937
0.0,18,0.189398
0.0,2,0.189507
0.0,7,0.189719
0.0,1,0.189797
0.0,14,0.190175
0.0,13,0.190509
0.0,19,0.190975
0.0,11,0.19128
0.0,4,0.191428
0.0,20,0.191917
0.0,7,0.192147
0.0,38,0.193009
0.0,6,0.193199
0.0,2,0.193307
0.0,9,0.193559
0.0,22,0.194097
0.0,10,0.194389
0.0,11,0.19469
0.0,37,0.195555
0.0,1,0.195635
0.0,8,0.195863
0.0,6,0.196064
0.0,8,0.196307
0.0,6,0.196499
0.0,3,0.196628
0.0,2,0.19673
0.0,5,0.196896
0.0,1,0.196977
0.0,7,0.197215
0.0,5,0.197401
0.0,4,0.197546
0.0,4,0.197689
0.0,5,0.197859
0.0,1,0.197941
0.0,10,0.198262
0.0,1,0.198357
0.0,6,0.198551
0.0,19,0.199013
1.0,13,0.199356
0.0,11,0.19965
0.0,3,0.199779
0.0,5,0.199946
0.0,7,0.200177
0.0,17,0.200608
0.0,13,0.200953
0.0,7,0.201174
0.0,3,0.201304
0.0,6,0.201493
0.0,3,0.201622
0.0,2,0.201729
0.0,3,0.201852
0.0,6,0.202055
0.0,15,0.20244
0.0,28,0.203104
0.0,5,0.203271
0.0,6,0.203459
0.0,5,0.203631
0.0,5,0.203798
0.0,11,0.204111
0.0,12,0.204426
0.0,12,0.204747
0.0,10,0.205028
0.0,6,0.205281
0.0,4,0.20543
0.0,12,0.20575
0.0,10,0.206054
0.0,5,0.206229
0.0,8,0.206481
0.0,3,0.206603
0.0,3,0.206729
0.0,1,0.20681
0.0,5,0.206987
0.0,4,0.207142
0.0,11,0.207436
0.0,5,0.207602
0.0,26,0.208218
0.0,12,0.208541
0.0,22,0.209083
0.0,3,0.209209
0.0,20,0.209709
0.0,22,0.210249
0.0,16,0.210652
0.0,10,0.210928
0.0,15,0.211312
0.0,8,0.211544
0.0,24,0.212143
0.0,24,0.212748
0.0,5,0.212919
0.0,7,0.213159
0.0,1,0.213245
0.0,4,0.213416
0.0,11,0.213713
0.0,4,0.213864
0.0,8,0.214123
0.0,7,0.214359
0.0,3,0.214486
0.0,13,0.214831
0.0,5,0.215009
0.0,1,0.215089
0.0,1,0.215167
0.0,5,0.215334
0.0,2,0.215435
1.0,41,0.216417
0.0,10,0.2167
1.0,8,0.216933
0.0,9,0.21723
0.0,3,0.217374
0.0,13,0.217718
0.0,9,0.217973
0.0,14,0.218341
0.0,8,0.21857
0.0,1,0.21865
0.0,4,0.218796
1.0,24,0.219431
0.0,4,0.219578
0.0,16,0.21998
0.0,3,0.220133
0.0,2,0.22024
0.0,21,0.220759
0.0,31,0.221478
0.0,16,0.221881
0.0,4,0.222056
0.0,3,0.222188
0.0,5,0.222379
0.0,10,0.22266
0.0,12,0.222972
0.0,4,0.223152
0.0,10,0.223457
0.0,8,0.223693
0.0,3,0.223816
0.0,3,0.223943
0.0,5,0.224123
0.0,3,0.224253
0.0,6,0.224441
0.0,6,0.224626
0.0,4,0.22477
0.0,14,0.225148
0.0,1,0.225225
0.0,3,0.225349
0.0,1,0.225424
0.0,3,0.225547
0.0,2,0.225652
0.0,7,0.225866
0.0,2,0.225968
1.0,13,0.226312
0.0,10,0.226592
0.0,3,0.226715
0.0,4,0.226859
1.0,13,0.227202
0.0,3,0.227325
0.0,15,0.227714
0.0,2,0.227815
0.0,8,0.228055
0.0,8,0.228291
0.0,12,0.228612
0.0,6,0.228798
0.0,2,0.228898
0.0,16,0.229315
0.0,12,0.229642
0.0,3,0.229764
1.0,21,0.230289
0.0,1,0.230367
0.0,5,0.230534
0.0,2,0.230634
0.0,7,0.230843
0.0,7,0.231061
0.0,9,0.231313
0.0,1,0.231393
0.0,8,0.231628
0.0,4,0.231776
0.0,7,0.231985
0.0,4,0.232139
0.0,1,0.232219
0.0,8,0.23245
0.0,1,0.232526
0.0,6,0.232717
0.0,3,0.232844
1.0,6,0.233041
0.0,8,0.233269
0.0,4,0.233414
0.0,10,0.233689
0.0,6,0.233883
0.0,5,0.234061
1.0,43,0.235034
0.0,13,0.235374
0.0,2,0.235475
0.0,5,0.23564
0.0,7,0.235844
0.0,12,0.236162
0.0,11,0.236459
0.0,7,0.236666
0.0,6,0.236851
0.0,5,0.237021
0.0,9,0.237282
0.0,6,0.237468
0.0,2,0.237571
0.0,1,0.237651
0.0,1,0.237728
0.0,11,0.23803
0.0,30,0.23874
1.0,13,0.239084
0.0,25,0.239676
0.0,4,0.239825
0.0,9,0.240088
0.0,17,0.240518
0.0,17,0.240943
0.0,12,0.241272
0.0,4,0.241418
0.0,25,0.24202
0.0,19,0.242481
0.0,30,0.243179
0.0,3,0.243307
0.0,23,0.243868
0.0,15,0.244263
0.0,10,0.244551
0.0,4,0.244698
0.0,5,0.244865
0.0,2,0.244971
0.0,3,0.245108
0.0,20,0.245603
0.0,2,0.245704
0.0,11,0.245998
0.0,7,0.246216
0.0,14,0.246578
0.0,4,0.246722
0.0,10,0.246991
0.0,4,0.247149
0.0,13,0.247488
0.0,7,0.247702
0.0,9,0.247959
0.0,10,0.24824
0.0,12,0.248555
0.0,1,0.248631
0.0,1,0.248707
0.0,24,0.249303
0.0,9,0.249563
0.0,1,0.24964
0.0,10,0.24992
0.0,21,0.250453
0.0,12,0.250775
1.0,15,0.251171
1.0,14,0.251534
0.0,8,0.251769
0.0,3,0.251892
0.0,6,0.252099
0.0,4,0.252245
0.0,3,0.252373
0.0,9,0.252627
0.0,7,0.25284
0.0,2,0.252946
0.0,3,0.253093
0.0,8,0.253335
0.0,3,0.253459
0.0,2,0.253559
0.0,17,0.253979
0.0,2,0.254089
0.0,6,0.254284
0.0,15,0.254671
0.0,10,0.254951
0.0,15,0.255344
0.0,4,0.255491
0.0,19,0.255956
0.0,1,0.256041
0.0,5,0.256208
0.0,1,0.256284
0.0,1,0.256359
0.0,7,0.256575
0.0,8,0.256804
0.0,17,0.257249
0.0,5,0.257423
0.0,5,0.25759
0.0,14,0.257946
0.0,13,0.258296
0.0,2,0.2584
0.0,4,0.258545
0.0,6,0.258739
0.0,27,0.259395
0.0,3,0.259525
1.0,13,0.259861
0.0,3,0.259984
0.0,8,0.260229
0.0,15,0.260603
0.0,3,0.260732
0.0,9,0.260982
0.0,13,0.261328
0.0,20,0.261812
0.0,6,0.262016
0.0,6,0.262208
0.0,11,0.262512
0.0,4,0.262663
0.0,6,0.262856
0.0,3,0.262985
0.0,1,0.263072
0.0,1,0.26315
0.0,3,0.263274
0.0,7,0.263491
0.0,11,0.263785
0.0,6,0.263985
0.0,30,0.264704
0.0,5,0.264873
0.0,3,0.265009
0.0,3,0.265137
0.0,4,0.265282
0.0,1,0.265363
0.0,3,0.265488
0.0,6,0.26568
0.0,8,0.265913
0.0,7,0.266144
0.0,3,0.266271
0.0,5,0.266439
0.0,5,0.266611
0.0,5,0.266783
0.0,4,0.266934
0.0,11,0.267248
0.0,11,0.267544
0.0,5,0.267716
0.0,2,0.267822
0.0,35,0.268622
0.0,20,0.269131
0.0,14,0.269503
0.0,7,0.269719
0.0,19,0.270207
0.0,18,0.270655
0.0,5,0.270827
0.0,2,0.270929
0.0,5,0.271104
0.0,7,0.271319
0.0,4,0.271464
0.0,2,0.27157
0.0,3,0.271695
0.0,2,0.271796
0.0,7,0.272019
0.0,8,0.272255
0.0,1,0.272333
0.0,3,0.272462
0.0,5,0.272636
0.0,10,0.272915
0.0,1,0.272996
0.0,5,0.273174
0.0,10,0.273448
0.0,6,0.273643
0.0,1,0.27372
0.0,14,0.274103
0.0,6,0.274295
0.0,11,0.274591
0.0,4,0.274735
0.0,4,0.274879
0.0,11,0.275184
0.0,6,0.275372
0.0,4,0.275519
0.0,8,0.275755
0.0,6,0.27594
0.0,3,0.276072
0.0,3,0.276196
0.0,16,0.276594
0.0,12,0.276911
0.0,11,0.27722
0.0,35,0.278041
0.0,2,0.27815
0.0,6,0.278337
0.0,26,0.27895
0.0,7,0.27917
0.0,25,0.279761
0.0,6,0.27995
0.0,3,0.280081
0.0,11,0.280387
0.0,14,0.280742
0.0,5,0.280907
0.0,19,0.281385
0.0,10,0.281664
1.0,32,0.28243
0.0,2,0.282533
1.0,6,0.282727
0.0,8,0.282957
0.0,17,0.283382
0.0,6,0.283576
1.0,11,0.283875
0.0,17,0.284311
0.0,29,0.284987
1.0,6,0.285187
0.0,4,0.285331
0.0,12,0.285642
0.0,6,0.285833
0.0,12,0.28616
0.0,2,0.286267
0.0,10,0.28655
0.0,6,0.286747
0.0,4,0.286897
1.0,26,0.287518
1.0,15,0.287905
0.0,10,0.288198
0.0,5,0.288367
0.0,6,0.288552
0.0,15,0.288924
0.0,4,0.28908
0.0,3,0.289206
0.0,5,0.289374
0.0,8,0.289618
0.0,12,0.289932
0.0,6,0.290136
0.0,2,0.290241
0.0,9,0.290494
0.0,2,0.290599
0.0,19,0.291079
0.0,7,0.291293
1.0,25,0.291881
0.0,13,0.292233
0.0,1,0.292316
0.0,6,0.292505
0.0,7,0.292715
0.0,12,0.293039
0.0,5,0.293213
0.0,3,0.293336
0.0,1,0.293415
0.0,6,0.293608
0.0,8,0.293844
1.0,15,0.294237
1.0,16,0.294647
0.0,2,0.294747
0.0,5,0.294913
0.0,2,0.29502
0.0,4,0.295167
0.0,3,0.29529
0.0,7,0.295497
0.0,14,0.295856
0.0,2,0.295955
0.0,7,0.296178
0.0,1,0.29626
0.0,30,0.296969
0.0,45,0.29799
0.0,7,0.298239
0.0,14,0.298623
0.0,11,0.298922
0.0,7,0.299141
0.0,3,0.299266
0.0,16,0.299667
0.0,13,0.300013
0.0,3,0.300139
0.0,3,0.300262
0.0,2,0.300362
0.0,16,0.300763
0.0,6,0.30096
0.0,4,0.301115
0.0,11,0.301414
0.0,2,0.301516
0.0,5,0.301682
0.0,38,0.302575
0.0,8,0.302813
0.0,13,0.303165
0.0,3,0.303291
0.0,5,0.303461
0.0,3,0.303591
0.0,8,0.303827
0.0,19,0.304307
0.0,6,0.304503
0.0,8,0.304738
0.0,19,0.305217
0.0,4,0.305426
0.0,6,0.305625
0.0,12,0.305945
0.0,26,0.306575
0.0,1,0.306658
0.0,22,0.307199
0.0,7,0.307408
0.0,5,0.30758
0.0,8,0.307808
0.0,8,0.308053
0.0,28,0.308706
0.0,7,0.308918
0.0,4,0.309074
0.0,4,0.309218
0.0,12,0.309529
0.0,7,0.309734
0.0,9,0.309982
0.0,7,0.310203
0.0,8,0.310432
0.0,7,0.310645
0.0,6,0.310835
0.0,1,0.310915
0.0,1,0.310992
0.0,8,0.311234
0.0,6,0.311428
0.0,10,0.311698
0.0,1,0.311774
0.0,21,0.312315
1.0,9,0.312565
0.0,12,0.312881
0.0,2,0.312987
0.0,11,0.313289
0.0,9,0.313546
0.0,16,0.313949
0.0,9,0.314216
0.0,2,0.314318
0.0,6,0.314505
0.0,11,0.314805
0.0,5,0.314971
0.0,19,0.315448
0.0,9,0.315716
0.0,1,0.315793
0.0,12,0.316114
0.0,34,0.316907
0.0,2,0.317017
0.0,20,0.31752
0.0,4,0.317669
0.0,51,0.318802
0.0,1,0.31888
0.0,16,0.319287
0.0,7,0.319502
1.0,16,0.319904
0.0,2,0.320013
0.0,6,0.320212
0.0,1,0.320288
0.0,2,0.320391
0.0,4,0.320534
1.0,16,0.320939
0.0,6,0.321137
0.0,4,0.321285
0.0,1,0.32136
0.0,6,0.321553
0.0,6,0.321746
0.0,5,0.321912
0.0,5,0.322088
0.0,1,0.322165
0.0,4,0.32231
0.0,1,0.32239
0.0,1,0.322466
0.0,5,0.322638
0.0,10,0.322911
0.0,2,0.323023
0.0,6,0.323217
0.0,10,0.3235
0.0,15,0.323885
0.0,7,0.324102
0.0,1,0.324179
0.0,6,0.324366
0.0,8,0.3246
0.0,22,0.325147
0.0,24,0.325728
0.0,1,0.325809
0.0,4,0.325956
0.0,5,0.326132
0.0,5,0.326303
0.0,7,0.326518
0.0,3,0.326644
0.0,6,0.326831
0.0,4,0.326975
0.0,16,0.327389
0.0,3,0.327513
0.0,5,0.327682
0.0,1,0.327759
0.0,7,0.327974
0.0,11,0.32828
0.0,7,0.328492
0.0,15,0.328865
0.0,8,0.329111
0.0,6,0.3293
0.0,21,0.329818
0.0,3,0.329945
0.0,1,0.330029
0.0,25,0.330617
0.0,16,0.331018
0.0,7,0.331237
0.0,1,0.331314
0.0,13,0.331655
0.0,2,0.33176
0.0,8,0.331994
0.0,22,0.332541
0.0,15,0.332941
0.0,6,0.333187
0.0,5,0.333378
0.0,22,0.333978
0.0,3,0.334124
0.0,6,0.334366
0.0,5,0.334539
0.0,2,0.334645
0.0,2,0.33475
1.0,15,0.335195
0.0,11,0.335548
0.0,2,0.335649
1.0,15,0.336055
0.0,6,0.336257
0.0,3,0.336417
0.0,22,0.336959
0.0,4,0.337135
0.0,14,0.337523
0.0,28,0.338216
0.0,15,0.338639
0.0,13,0.338977
0.0,10,0.339301
0.0,18,0.339784
0.0,6,0.33998
1.0,7,0.340229
0.0,1,0.340312
0.0,6,0.340519
0.0,3,0.340647
0.0,11,0.340954
0.0,3,0.341113
0.0,5,0.341297
0.0,13,0.341677
0.0,11,0.341981
0.0,5,0.34219
0.0,5,0.342387
0.0,2,0.342491
0.0,1,0.342567
0.0,2,0.342671
0.0,14,0.343067
0.0,3,0.343199
0.0,3,0.343341
0.0,6,0.343532
0.0,9,0.343794
0.0,8,0.344033
0.0,14,0.344405
0.0,8,0.34464
0.0,4,0.344791
0.0,6,0.344984
0.0,4,0.345138
0.0,3,0.34526
0.0,18,0.34571
0.0,8,0.345939
0.0,6,0.346139
0.0,10,0.34642
0.0,4,0.346564
0.0,17,0.346991
0.0,13,0.34734
0.0,9,0.347596
0.0,14,0.347962
0.0,9,0.348229
0.0,15,0.348618
0.0,9,0.348867
0.0,15,0.349255
0.0,21,0.349765
1.0,9,0.350031
0.0,5,0.350198
0.0,6,0.350419
0.0,10,0.3507
0.0,29,0.351384
0.0,16,0.351786
0.0,10,0.352066
0.0,7,0.352278
0.0,10,0.352555
0.0,5,0.352721
0.0,9,0.352977
0.0,1,0.353066
0.0,1,0.353149
1.0,45,0.354183
0.0,16,0.354597
0.0,5,0.354769
1.0,11,0.355082
0.0,10,0.35536
1.0,28,0.356013
0.0,9,0.356262
0.0,20,0.356749
0.0,4,0.356894
0.0,14,0.357265
1.0,16,0.357666
0.0,17,0.358109
0.0,12,0.358421
0.0,19,0.358892
0.0,1,0.358968
1.0,11,0.359266
0.0,5,0.359436
0.0,2,0.359536
0.0,3,0.359659
0.0,3,0.359781
0.0,11,0.360096
0.0,2,0.360199
0.0,28,0.36087
0.0,10,0.361161
0.0,10,0.361434
0.0,2,0.361535
0.0,12,0.361851
0.0,7,0.362076
0.0,8,0.362307
0.0,5,0.362474
0.0,3,0.362596
0.0,6,0.362786
0.0,1,0.362862
0.0,1,0.362944
1.0,10,0.363231
0.0,7,0.363442
0.0,2,0.363544
0.0,2,0.363648
0.0,3,0.363772
0.0,5,0.363945
0.0,5,0.364128
0.0,16,0.364521
0.0,6,0.364714
1.0,11,0.365016
0.0,11,0.365314
0.0,13,0.365651
1.0,19,0.366123
0.0,25,0.366715
0.0,37,0.367556
0.0,8,0.367794
0.0,2,0.367896
1.0,10,0.368178
0.0,23,0.368737
1.0,12,0.369066
0.0,4,0.369212
0.0,4,0.369355
0.0,9,0.369606
0.0,4,0.369754
0.0,2,0.369855
0.0,3,0.369978
1.0,10,0.370256
0.0,11,0.370559
0.0,10,0.370838
0.0,13,0.371182
0.0,17,0.371614
0.0,3,0.371737
1.0,12,0.37207
0.0,3,0.3722
0.0,3,0.372327
0.0,9,0.372584
0.0,41,0.373621
0.0,1,0.373703
0.0,6,0.373891
0.0,11,0.374241
0.0,10,0.374544
0.0,13,0.374892
0.0,15,0.375283
1.0,13,0.375631
0.0,1,0.375708
0.0,4,0.375853
0.0,4,0.375996
0.0,4,0.37615
1.0,26,0.376767
0.0,1,0.376847
0.0,7,0.377069
0.0,8,0.377305
0.0,18,0.377752
0.0,4,0.377896
0.0,13,0.37824
0.0,11,0.378537
0.0,8,0.378779
0.0,7,0.378988
0.0,3,0.379124
1.0,19,0.379588
0.0,9,0.379838
0.0,4,0.379991
0.0,5,0.380169
0.0,12,0.380486
1.0,21,0.380994
0.0,3,0.38113
0.0,1,0.381208
0.0,1,0.381285
0.0,14,0.381646
0.0,2,0.381747
0.0,4,0.381892
0.0,7,0.38211
0.0,4,0.382255
0.0,19,0.382719
0.0,9,0.382977
0.0,10,0.383257
0.0,14,0.383638
0.0,7,0.383848
0.0,13,0.384196
0.0,3,0.384324
0.0,24,0.384903
0.0,5,0.385083
0.0,5,0.385258
0.0,1,0.385335
0.0,2,0.385437
0.0,5,0.385602
0.0,4,0.385747
0.0,2,0.385852
0.0,1,0.38593
0.0,2,0.386048
0.0,6,0.386244
0.0,3,0.386372
1.0,16,0.386781
0.0,11,0.38709
0.0,12,0.387411
0.0,4,0.387556
0.0,1,0.387633
0.0,3,0.387763
0.0,9,0.388028
0.0,5,0.388202
0.0,20,0.388692
0.0,8,0.388929
0.0,12,0.389261
0.0,2,0.389371
0.0,7,0.389581
0.0,5,0.389753
0.0,3,0.389876
0.0,3,0.389999
0.0,13,0.390361
0.0,9,0.390622
0.0,12,0.390938
0.0,2,0.391048
0.0,4,0.391203
0.0,8,0.391438
0.0,5,0.391606
0.0,4,0.39175
0.0,1,0.391828
0.0,11,0.392139
0.0,3,0.392264
0.0,3,0.392392
0.0,12,0.392717
0.0,14,0.393086
1.0,10,0.393365
0.0,2,0.39347
0.0,10,0.393753
0.0,15,0.394141
0.0,5,0.394308
0.0,17,0.394742
0.0,23,0.395302
0.0,4,0.395449
0.0,17,0.395864
1.0,31,0.396594
0.0,3,0.396719
0.0,1,0.396797
0.0,11,0.397115
0.0,3,0.397239
0.0,5,0.397411
0.0,4,0.397561
0.0,1,0.39764
0.0,2,0.397741
0.0,17,0.398212
0.0,10,0.398517
0.0,5,0.398685
0.0,13,0.399042
0.0,3,0.399168
0.0,6,0.399363
0.0,11,0.399668
0.0,16,0.400077
0.0,2,0.40018
0.0,3,0.400308
0.0,2,0.400409
1.0,27,0.401059
0.0,3,0.401191
0.0,31,0.40191
0.0,13,0.402255
0.0,4,0.402406
0.0,30,0.40312
0.0,12,0.403435
0.0,3,0.403558
0.0,5,0.40373
0.0,17,0.404182
0.0,12,0.404508
0.0,11,0.404801
0.0,13,0.405153
0.0,4,0.405301
1.0,15,0.405757
0.0,1,0.405838
0.0,6,0.406069
0.0,5,0.406247
0.0,3,0.406386
0.0,1,0.406462
0.0,13,0.40681
1.0,11,0.407118
0.0,4,0.407268
0.0,3,0.407392
0.0,6,0.407584
0.0,16,0.407987
0.0,1,0.408072
0.0,27,0.408715
0.0,7,0.408922
0.0,7,0.409137
0.0,14,0.40949
0.0,21,0.409999
0.0,3,0.410132
0.0,5,0.4103
0.0,1,0.410378
0.0,3,0.410501
0.0,7,0.41071
0.0,4,0.410863
0.0,6,0.411062
0.0,7,0.41128
0.0,28,0.411947
0.0,8,0.412189
0.0,11,0.412493
1.0,18,0.412931
0.0,5,0.413109
0.0,5,0.413275
0.0,19,0.413749
0.0,5,0.413914
0.0,4,0.414066
0.0,1,0.414143
1.0,10,0.414422
0.0,6,0.414613
0.0,3,0.414739
0.0,3,0.414862
0.0,14,0.415228
0.0,25,0.415827
0.0,6,0.416024
0.0,4,0.41617
0.0,13,0.41651
0.0,6,0.416695
0.0,9,0.416943
0.0,2,0.41705
0.0,12,0.417375
0.0,4,0.417525
0.0,14,0.417883
0.0,5,0.418078
0.0,12,0.418425
0.0,8,0.418652
0.0,8,0.418879
0.0,12,0.41922
0.0,1,0.419298
0.0,5,0.41947
0.0,6,0.419669
0.0,2,0.419769
0.0,7,0.419976
0.0,9,0.420242
0.0,13,0.42059
0.0,2,0.420691
0.0,16,0.421096
0.0,1,0.421174
0.0,7,0.421386
0.0,11,0.421687
0.0,10,0.421965
0.0,18,0.422412
0.0,11,0.422712
0.0,8,0.422949
0.0,13,0.42329
0.0,5,0.423456
0.0,6,0.423643
0.0,16,0.424054
0.0,10,0.424334
0.0,2,0.424435
0.0,7,0.424642
0.0,9,0.424897
0.0,7,0.425118
0.0,3,0.425241
0.0,9,0.42549
0.0,2,0.425594
0.0,5,0.425761
0.0,1,0.425836
0.0,35,0.426649
0.0,17,0.427089
0.0,2,0.427196
0.0,1,0.427273
0.0,16,0.427682
0.0,7,0.427899
0.0,10,0.428189
0.0,6,0.428385
0.0,7,0.428593
0.0,3,0.428714
0.0,1,0.428794
0.0,3,0.428917
0.0,5,0.429098
0.0,14,0.429468
0.0,19,0.429937
0.0,7,0.430153
0.0,26,0.430772
0.0,7,0.430983
0.0,5,0.431167
0.0,3,0.431324
0.0,30,0.432028
0.0,9,0.432288
0.0,2,0.432388
0.0,5,0.432553
0.0,11,0.432848
0.0,2,0.432948
0.0,10,0.433234
0.0,7,0.433443
0.0,38,0.43431
0.0,8,0.434543
1.0,10,0.434819
0.0,18,0.435279
0.0,7,0.435489
0.0,8,0.435722
0.0,13,0.436069
0.0,12,0.436397
0.0,8,0.436631
0.0,5,0.436795
0.0,5,0.436964
0.0,12,0.43729
0.0,6,0.437479
0.0,16,0.437886
0.0,8,0.438124
1.0,19,0.43859
0.0,11,0.438889
0.0,5,0.439069
0.0,7,0.439284
0.0,12,0.4396
0.0,5,0.439764
0.0,13,0.44011
1.0,17,0.440537
0.0,19,0.44101
1.0,16,0.441417
0.0,9,0.441672
0.0,12,0.441984
0.0,1,0.44207
0.0,3,0.442194
1.0,78,0.443939
0.0,2,0.444052
0.0,3,0.444177
0.0,11,0.444467
0.0,15,0.444848
0.0,2,0.444949
0.0,11,0.445257
0.0,6,0.445453
0.0,12,0.445775
0.0,9,0.446041
0.0,7,0.446249
0.0,3,0.446376
0.0,16,0.446783
0.0,1,0.446859
0.0,11,0.447166
0.0,17,0.447589
0.0,1,0.447669
0.0,4,0.447814
0.0,9,0.448073
0.0,13,0.448406
0.0,3,0.448541
0.0,4,0.448684
0.0,51,0.449847
0.0,46,0.450904
0.0,30,0.45162
0.0,3,0.451747
0.0,15,0.452137
0.0,19,0.452604
0.0,4,0.452747
0.0,8,0.452981
0.0,3,0.453115
0.0,3,0.453244
0.0,6,0.453433
0.0,21,0.453942
0.0,9,0.4542
1.0,7,0.454416
0.0,2,0.454519
0.0,6,0.454705
0.0,18,0.455163
0.0,9,0.455421
0.0,1,0.455498
0.0,10,0.455774
0.0,11,0.456086
0.0,1,0.456167
1.0,10,0.456447
0.0,8,0.456681
0.0,20,0.457173
0.0,8,0.457403
0.0,12,0.457721
0.0,6,0.457909
0.0,2,0.458017
0.0,5,0.458185
0.0,3,0.458307
0.0,2,0.458407
0.0,19,0.458882
0.0,11,0.459182
0.0,13,0.459519
0.0,10,0.459797
0.0,2,0.459902
0.0,13,0.460246
0.0,4,0.46039
0.0,3,0.460511
0.0,7,0.460716
0.0,19,0.461191
0.0,12,0.461511
0.0,5,0.461676
0.0,4,0.46182
0.0,20,0.462312
0.0,7,0.462533
0.0,1,0.462613
0.0,7,0.462831
0.0,7,0.463047
0.0,6,0.463235
0.0,21,0.46374
0.0,19,0.464217
0.0,12,0.464539
0.0,11,0.464841
0.0,22,0.465389
0.0,7,0.465597
0.0,1,0.465676
0.0,15,0.466064
0.0,47,0.467143
0.0,3,0.467272
1.0,35,0.46808
0.0,13,0.46842
0.0,6,0.468606
0.0,14,0.468968
0.0,6,0.469161
0.0,4,0.46931
0.0,5,0.469475
0.0,18,0.469908
0.0,7,0.470129
0.0,9,0.470378
0.0,6,0.47057
0.0,6,0.470763
0.0,59,0.472094
1.0,18,0.472543
0.0,2,0.472643
0.0,8,0.47287
0.0,2,0.472973
0.0,3,0.473108
0.0,1,0.47319
0.0,2,0.473291
0.0,1,0.473367
0.0,3,0.47349
0.0,22,0.474035
0.0,4,0.474181
1.0,28,0.474838
0.0,21,0.475356
0.0,12,0.475683
0.0,27,0.476331
0.0,20,0.476824
0.0,5,0.476996
0.0,7,0.477218
0.0,6,0.477409
0.0,10,0.477679
0.0,5,0.477843
0.0,13,0.478192
0.0,16,0.478595
0.0,3,0.478719
1.0,9,0.478968
1.0,14,0.479336
0.0,19,0.4798
0.0,7,0.480023
0.0,7,0.480233
0.0,22,0.480761
0.0,25,0.481366
0.0,6,0.481555
0.0,2,0.481655
0.0,3,0.481777
0.0,5,0.48195
0.0,36,0.482789
1.0,27,0.483425
0.0,19,0.483885
0.0,4,0.484035
0.0,8,0.484263
0.0,9,0.484518
0.0,7,0.484729
0.0,10,0.485
0.0,85,0.48686
0.0,9,0.48712
0.0,12,0.487433
0.0,13,0.487765
0.0,31,0.488498
0.0,9,0.488756
0.0,2,0.488863
0.0,19,0.489339
0.0,20,0.48982
0.0,3,0.489947
0.0,22,0.490487
0.0,4,0.490632
1.0,14,0.491001
0.0,11,0.491304
0.0,5,0.491471
0.0,7,0.491684
0.0,23,0.492257
0.0,3,0.492387
0.0,7,0.492596
0.0,7,0.492803
0.0,18,0.493257
0.0,5,0.493425
0.0,5,0.4936
0.0,13,0.493939
0.0,10,0.494237
0.0,1,0.49435
0.0,6,0.49454
0.0,15,0.494925
0.0,7,0.495146
0.0,22,0.495677
0.0,6,0.495863
0.0,6,0.496066
0.0,6,0.496255
0.0,10,0.496533
0.0,6,0.496724
0.0,5,0.496899
0.0,5,0.49708
0.0,3,0.497206
0.0,14,0.497571
0.0,10,0.497843
0.0,3,0.497971
0.0,4,0.498132
0.0,6,0.498323
0.0,3,0.498447
0.0,5,0.498613
0.0,7,0.498823
0.0,7,0.499043
0.0,3,0.499168
0.0,2,0.499275
0.0,8,0.499514
0.0,1,0.499591
0.0,1,0.499669
0.0,17,0.500115
0.0,1,0.500199
1.0,29,0.50089
0.0,40,0.501811
0.0,10,0.502098
0.0,3,0.502228
0.0,8,0.502464
0.0,3,0.502589
0.0,25,0.503186
0.0,17,0.503625
0.0,7,0.503837
0.0,24,0.504412
0.0,18,0.504846
0.0,10,0.505122
0.0,35,0.505932
0.0,18,0.506501
0.0,1,0.506588
0.0,16,0.506994
0.0,6,0.507202
0.0,5,0.50737
0.0,6,0.507564
0.0,2,0.507665
0.0,4,0.507815
0.0,3,0.507942
0.0,13,0.508297
0.0,4,0.50845
0.0,6,0.508638
0.0,7,0.508846
0.0,5,0.50902
0.0,16,0.509424
0.0,7,0.50964
0.0,3,0.509764
0.0,1,0.509841
0.0,12,0.510175
0.0,12,0.510499
0.0,5,0.510664
0.0,2,0.510764
0.0,3,0.510891
0.0,2,0.510992
0.0,4,0.511153
0.0,11,0.511446
0.0,17,0.511868
0.0,7,0.512086
0.0,1,0.512163
0.0,4,0.512313
0.0,13,0.512655
0.0,3,0.512782
0.0,15,0.513186
0.0,25,0.513777
0.0,16,0.514187
0.0,5,0.514361
0.0,29,0.51505
0.0,9,0.515307
0.0,4,0.515455
0.0,6,0.515646
0.0,25,0.516229
0.0,24,0.516798
0.0,2,0.516899
0.0,3,0.517032
0.0,14,0.51739
0.0,6,0.517581
1.0,9,0.517829
0.0,1,0.517904
1.0,18,0.518369
0.0,11,0.518669
0.0,20,0.519181
0.0,18,0.51962
0.0,2,0.51972
0.0,7,0.519927
0.0,18,0.520381
0.0,22,0.520916
0.0,6,0.521119
0.0,6,0.521308
0.0,1,0.521388
0.0,4,0.52154
0.0,8,0.521773
0.0,21,0.522296
0.0,10,0.522611
0.0,9,0.522896
0.0,10,0.523194
0.0,12,0.52353
0.0,17,0.523957
0.0,23,0.524517
0.0,17,0.524943
0.0,3,0.525075
0.0,9,0.525331
0.0,9,0.525594
0.0,8,0.525823
0.0,5,0.52599
0.0,11,0.526288
0.0,31,0.527017
0.0,15,0.527397
0.0,6,0.527591
0.0,9,0.527844
0.0,9,0.528102
0.0,20,0.528584
0.0,26,0.529194
0.0,7,0.529411
0.0,8,0.529645
0.0,9,0.529895
0.0,12,0.530214
0.0,16,0.530613
0.0,21,0.531132
0.0,29,0.531802
0.0,2,0.531903
0.0,19,0.53238
0.0,10,0.53266
0.0,11,0.532952
0.0,3,0.533083
0.0,2,0.533184
0.0,19,0.533655
1.0,19,0.534138
0.0,4,0.534282
0.0,1,0.534358
0.0,5,0.534529
0.0,11,0.534826
0.0,9,0.53509
0.0,6,0.535278
0.0,8,0.535514
0.0,55,0.536735
0.0,1,0.536814
1.0,7,0.537039
0.0,3,0.53717
0.0,9,0.537434
0.0,4,0.537577
0.0,1,0.537656
0.0,2,0.537758
0.0,2,0.537863
0.0,3,0.537986
0.0,8,0.53823
0.0,6,0.538422
0.0,8,0.538655
0.0,9,0.538911
0.0,1,0.538991
0.0,6,0.539194
0.0,7,0.539404
0.0,2,0.539508
1.0,15,0.539891
0.0,21,0.540409
0.0,6,0.540605
0.0,2,0.540707
0.0,20,0.541207
0.0,7,0.541416
0.0,17,0.541836
0.0,14,0.542209
0.0,15,0.542596
0.0,7,0.542809
0.0,9,0.543079
0.0,4,0.543225
0.0,4,0.543368
0.0,31,0.544085
0.0,3,0.544214
0.0,7,0.544423
0.0,6,0.544609
0.0,11,0.544899
0.0,3,0.545037
0.0,8,0.545277
0.0,5,0.545449
0.0,10,0.545719
0.0,4,0.545862
0.0,3,0.545983
0.0,8,0.546219
0.0,1,0.546296
0.0,14,0.546656
0.0,4,0.546805
0.0,1,0.546881
0.0,4,0.547035
0.0,1,0.547116
0.0,9,0.547383
0.0,2,0.547484
0.0,22,0.54803
0.0,16,0.54844
0.0,10,0.548724
0.0,7,0.548934
0.0,9,0.549197
0.0,17,0.549627
0.0,11,0.549926
0.0,2,0.550039
0.0,11,0.550341
0.0,12,0.550662
0.0,10,0.550939
0.0,15,0.551329
0.0,20,0.551811
0.0,7,0.552035
0.0,7,0.552243
0.0,24,0.552816
0.0,18,0.553264
1.0,9,0.553524
0.0,33,0.55429
1.0,31,0.555008
0.0,10,0.55528
0.0,3,0.555406
0.0,21,0.555909
0.0,11,0.556215
1.0,9,0.556479
0.0,5,0.556647
0.0,34,0.557418
0.0,17,0.557839
0.0,5,0.558021
0.0,3,0.558153
0.0,2,0.558255
0.0,4,0.558402
0.0,2,0.558506
0.0,6,0.558697
0.0,3,0.55882
0.0,8,0.559066
0.0,6,0.559256
0.0,27,0.559891
0.0,3,0.560022
0.0,6,0.560212
0.0,4,0.560364
0.0,6,0.560563
0.0,8,0.560799
0.0,37,0.561649
0.0,10,0.561926
1.0,19,0.562404
0.0,5,0.562577
0.0,2,0.562679
1.0,42,0.563643
0.0,18,0.564109
0.0,17,0.564541
1.0,15,0.56492
0.0,6,0.565117
0.0,30,0.565816
0.0,25,0.566413
0.0,1,0.56649
0.0,3,0.566615
0.0,11,0.566915
0.0,11,0.567221
0.0,6,0.56741
0.0,9,0.567672
0.0,6,0.567859
0.0,16,0.568274
0.0,7,0.56849
0.0,11,0.568786
0.0,8,0.569022
0.0,8,0.56926
0.0,6,0.569446
0.0,4,0.569591
0.0,5,0.569764
0.0,6,0.569951
0.0,1,0.570033
0.0,2,0.570136
0.0,2,0.570237
0.0,4,0.570382
0.0,4,0.570531
0.0,4,0.570681
0.0,4,0.570831
0.0,1,0.570911
0.0,3,0.571048
0.0,2,0.571151
0.0,9,0.571402
0.0,1,0.571478
0.0,2,0.571579
0.0,3,0.571705
0.0,2,0.571805
0.0,8,0.572049
0.0,17,0.57247
0.0,4,0.572613
0.0,11,0.57291
0.0,12,0.573235
0.0,10,0.573508
0.0,5,0.573673
0.0,2,0.573773
0.0,16,0.574186
0.0,4,0.574335
0.0,1,0.574412
0.0,10,0.574683
0.0,5,0.574852
0.0,10,0.575133
0.0,2,0.57524
0.0,8,0.575476
0.0,7,0.575689
1.0,21,0.5762
0.0,7,0.576415
0.0,10,0.576684
0.0,4,0.576827
0.0,6,0.57703
0.0,14,0.577395
0.0,6,0.577583
0.0,10,0.577862
0.0,8,0.578108
0.0,12,0.578421
0.0,6,0.578608
0.0,2,0.578712
1.0,16,0.579117
0.0,50,0.58025
0.0,24,0.580825
0.0,9,0.581087
0.0,12,0.581404
0.0,4,0.581553
0.0,5,0.58172
0.0,15,0.582117
0.0,8,0.582361
0.0,13,0.582701
1.0,12,0.583033
0.0,2,0.583134
0.0,11,0.58343
0.0,16,0.583835
0.0,7,0.584064
0.0,11,0.584366
0.0,3,0.584488
0.0,10,0.584764
0.0,5,0.584935
0.0,4,0.585089
0.0,8,0.585329
0.0,6,0.585521
0.0,1,0.585602
0.0,3,0.585726
1.0,17,0.586171
0.0,8,0.5864
0.0,2,0.5865
0.0,6,0.586691
0.0,11,0.586993
0.0,5,0.587169
0.0,20,0.587669
0.0,4,0.587812
0.0,1,0.587888
0.0,10,0.588173
0.0,13,0.58851
0.0,3,0.588633
0.0,7,0.588844
0.0,1,0.58892
0.0,3,0.58905
0.0,5,0.589217
1.0,11,0.58952
0.0,1,0.589598
0.0,10,0.589875
0.0,6,0.59007
0.0,20,0.590546
0.0,13,0.590893
0.0,10,0.591172
0.0,22,0.591701
0.0,8,0.591947
0.0,6,0.592152
0.0,6,0.592341
0.0,8,0.59258
0.0,9,0.592834
0.0,3,0.592956
0.0,16,0.593417
0.0,1,0.593497
0.0,2,0.593599
1.0,32,0.594357
0.0,2,0.594461
0.0,9,0.594718
1.0,27,0.595377
0.0,12,0.595699
1.0,17,0.596139
0.0,8,0.596371
0.0,10,0.596645
0.0,7,0.596854
0.0,1,0.596934
0.0,1,0.597022
0.0,14,0.597381
1.0,14,0.597739
0.0,11,0.598062
0.0,1,0.598149
0.0,13,0.598511
0.0,14,0.598877
0.0,16,0.599286
0.0,9,0.599544
0.0,14,0.599908
0.0,3,0.600042
0.0,7,0.600252
0.0,8,0.600488
0.0,11,0.600793
0.0,1,0.600871
0.0,3,0.600995
0.0,6,0.60119
0.0,2,0.601297
0.0,5,0.601467
0.0,7,0.601677
0.0,4,0.60182
0.0,1,0.601897
0.0,19,0.602386
0.0,3,0.60251
0.0,4,0.602654
0.0,33,0.603427
0.0,2,0.603531
0.0,12,0.603851
0.0,7,0.604075
0.0,3,0.604206
0.0,7,0.604414
0.0,2,0.604515
0.0,10,0.604788
0.0,1,0.604865
0.0,13,0.605215
0.0,23,0.605764
1.0,9,0.60602
0.0,1,0.60616
0.0,10,0.606443
0.0,2,0.60655
0.0,12,0.60687
0.0,5,0.607063
0.0,19,0.607571
0.0,5,0.607738
0.0,2,0.607838
0.0,9,0.608105
0.0,3,0.608229
0.0,12,0.608553
0.0,2,0.60866
0.0,6,0.608853
0.0,6,0.609056
0.0,23,0.609619
0.0,6,0.609806
0.0,2,0.609907
0.0,4,0.610064
0.0,1,0.610142
0.0,32,0.610887
0.0,7,0.611114
0.0,4,0.611268
0.0,4,0.611413
0.0,5,0.611584
1.0,36,0.612425
0.0,7,0.612642
0.0,4,0.612787
1.0,7,0.61301
0.0,3,0.613144
0.0,11,0.613444
0.0,3,0.613568
1.0,10,0.613847
0.0,12,0.614179
0.0,9,0.614431
0.0,9,0.614681
0.0,15,0.615064
0.0,5,0.615231
0.0,3,0.615357
0.0,14,0.615716
0.0,20,0.616215
0.0,3,0.61634
0.0,4,0.616484
0.0,3,0.616607
0.0,3,0.616733
0.0,8,0.616963
0.0,13,0.617311
0.0,12,0.617634
0.0,3,0.617757
0.0,7,0.617969
0.0,2,0.618077
0.0,5,0.618254
0.0,5,0.618421
0.0,4,0.618564
0.0,6,0.618758
0.0,2,0.618864
0.0,2,0.618966
0.0,2,0.619078
0.0,9,0.619334
0.0,24,0.619909
0.0,2,0.620019
0.0,8,0.62026
0.0,8,0.620488
0.0,7,0.620695
0.0,4,0.620837
0.0,3,0.620959
0.0,1,0.621043
0.0,1,0.621122
0.0,2,0.621223
0.0,15,0.621605
0.0,3,0.621732
0.0,4,0.621876
0.0,7,0.622095
0.0,16,0.6225
0.0,6,0.622694
0.0,6,0.622888
0.0,9,0.623158
0.0,6,0.623347
0.0,14,0.623708
0.0,1,0.623788
0.0,8,0.624038
1.0,6,0.624227
1.0,20,0.624715
0.0,7,0.62493
0.0,21,0.625463
0.0,4,0.625609
0.0,5,0.625775
0.0,10,0.626069
0.0,7,0.626291
0.0,7,0.626497
0.0,23,0.627059
0.0,16,0.627467
0.0,7,0.627685
0.0,3,0.627812
0.0,8,0.62805
0.0,7,0.628263
0.0,7,0.628471
0.0,8,0.628696
0.0,12,0.629017
0.0,1,0.629096
1.0,17,0.62952
0.0,1,0.629596
0.0,6,0.629784
0.0,12,0.630111
0.0,4,0.630258
0.0,1,0.630337
0.0,21,0.630853
0.0,5,0.631026
0.0,15,0.631411
0.0,9,0.631659
0.0,13,0.631996
0.0,6,0.6322
0.0,2,0.632304
0.0,1,0.632381
0.0,3,0.632503
0.0,4,0.632647
0.0,4,0.632789
0.0,4,0.632936
0.0,2,0.633045
0.0,1,0.633123
0.0,12,0.633436
0.0,5,0.633601
0.0,5,0.633772
0.0,12,0.634108
0.0,3,0.634238
0.0,2,0.634338
0.0,9,0.634591
0.0,9,0.63485
0.0,3,0.634972
0.0,11,0.635276
0.0,17,0.6357
0.0,3,0.635822
0.0,8,0.636058
0.0,7,0.63627
0.0,10,0.636543
0.0,7,0.636758
0.0,13,0.637096
0.0,26,0.637723
0.0,1,0.637799
0.0,11,0.638119
0.0,28,0.638778
0.0,9,0.639039
0.0,9,0.639292
0.0,4,0.639438
0.0,1,0.639514
0.0,5,0.639678
0.0,3,0.639804
0.0,37,0.640653
0.0,11,0.640947
0.0,4,0.641109
0.0,11,0.641415
0.0,7,0.641624
0.0,5,0.641793
0.0,11,0.642099
0.0,9,0.64235
0.0,13,0.642688
0.0,21,0.643197
0.0,23,0.643738
0.0,23,0.6443
0.0,5,0.644468
0.0,26,0.645091
0.0,6,0.645287
0.0,6,0.645477
0.0,12,0.645792
0.0,6,0.645976
0.0,13,0.646323
0.0,3,0.646447
0.0,2,0.646548
0.0,8,0.646785
0.0,5,0.64695
0.0,17,0.647383
1.0,21,0.647899
0.0,7,0.648118
1.0,24,0.6487
0.0,5,0.64887
1.0,10,0.64915
0.0,32,0.649897
0.0,4,0.650049
0.0,14,0.65041
1.0,20,0.650899
0.0,20,0.651395
0.0,10,0.651665
0.0,12,0.651983
0.0,11,0.65229
0.0,8,0.652522
0.0,5,0.652688
0.0,3,0.652809
0.0,9,0.65307
0.0,9,0.653321
0.0,4,0.653463
0.0,1,0.65354
0.0,4,0.65369
0.0,6,0.653878
0.0,18,0.654327
0.0,13,0.654663
0.0,17,0.655093
0.0,7,0.655307
0.0,15,0.655689
0.0,14,0.656075
0.0,3,0.656209
0.0,12,0.656537
1.0,22,0.657078
0.0,2,0.657184
0.0,13,0.657528
0.0,5,0.657699
0.0,6,0.657886
0.0,12,0.658214
0.0,7,0.65843
0.0,8,0.658664
0.0,6,0.658855
0.0,14,0.659233
0.0,18,0.659678
0.0,5,0.659847
0.0,5,0.660023
0.0,9,0.66028
1.0,32,0.661042
0.0,14,0.661415
0.0,6,0.661602
1.0,15,0.661977
0.0,13,0.66232
0.0,8,0.66255
0.0,5,0.662724
0.0,7,0.662934
0.0,7,0.663152
0.0,11,0.663457
0.0,6,0.663648
0.0,3,0.663772
0.0,9,0.664043
0.0,21,0.664562
1.0,15,0.664945
1.0,8,0.665184
0.0,15,0.665572
0.0,40,0.666496
0.0,8,0.66673
0.0,2,0.666837
0.0,12,0.66717
0.0,3,0.667295
0.0,9,0.667552
0.0,3,0.667676
1.0,24,0.668266
0.0,5,0.668431
0.0,1,0.66851
0.0,4,0.668658
0.0,8,0.668892
0.0,8,0.669129
0.0,3,0.669258
0.0,32,0.669999
0.0,3,0.670135
0.0,14,0.670495
0.0,6,0.670687
0.0,21,0.671204
0.0,2,0.671312
0.0,3,0.671436
0.0,2,0.671537
0.0,7,0.671747
0.0,7,0.671959
0.0,3,0.672095
0.0,27,0.672745
0.0,4,0.672891
0.0,7,0.673106
0.0,3,0.673234
0.0,6,0.673421
0.0,4,0.673564
0.0,8,0.673804
0.0,6,0.673991
1.0,16,0.674407
0.0,15,0.67478
0.0,11,0.675086
0.0,34,0.675873
0.0,23,0.676434
0.0,6,0.676629
0.0,8,0.676871
0.0,2,0.676972
0.0,14,0.677337
0.0,9,0.677595
0.0,8,0.67783
0.0,21,0.678351
0.0,4,0.678496
0.0,9,0.678757
0.0,7,0.678963
0.0,11,0.679276
0.0,9,0.679535
1.0,12,0.679854
1.0,16,0.680268
0.0,1,0.680349
1.0,38,0.68122
0.0,9,0.681475
0.0,13,0.681818
0.0,10,0.682126
0.0,51,0.683311
1.0,6,0.683506
0.0,1,0.683583
0.0,40,0.684511
0.0,14,0.684878
0.0,13,0.685226
0.0,10,0.685498
0.0,2,0.685602
0.0,14,0.685959
0.0,6,0.686155
0.0,5,0.686331
0.0,8,0.686569
0.0,6,0.686758
0.0,6,0.686945
0.0,4,0.687104
0.0,11,0.687406
0.0,9,0.687659
0.0,3,0.687782
0.0,11,0.688083
0.0,5,0.688249
0.0,1,0.688326
0.0,1,0.688402
0.0,5,0.688568
0.0,15,0.688961
0.0,2,0.689071
0.0,7,0.68928
0.0,1,0.689356
0.0,4,0.689501
0.0,14,0.689857
0.0,7,0.690079
0.0,15,0.690461
1.0,11,0.690752
0.0,10,0.691033
0.0,8,0.691262
0.0,3,0.691388
0.0,3,0.691513
0.0,11,0.691812
0.0,14,0.692192
0.0,11,0.692498
0.0,1,0.692575
0.0,14,0.69293
0.0,3,0.693059
0.0,9,0.693312
1.0,18,0.693752
0.0,17,0.694191
0.0,11,0.694489
1.0,13,0.694834
0.0,4,0.694986
1.0,37,0.695841
0.0,13,0.696198
0.0,20,0.696698
0.0,10,0.69697
0.0,40,0.697875
0.0,6,0.698099
0.0,4,0.698254
0.0,16,0.698663
0.0,14,0.699036
0.0,6,0.699235
0.0,7,0.699444
0.0,2,0.699548
0.0,4,0.699694
0.0,9,0.699944
0.0,10,0.700229
1.0,8,0.700472
0.0,6,0.700665
0.0,13,0.701017
0.0,7,0.701229
0.0,15,0.701605
0.0,8,0.701835
0.0,3,0.701957
0.0,17,0.702394
0.0,11,0.702691
0.0,7,0.702909
0.0,2,0.703017
1.0,8,0.703263
0.0,4,0.703407
0.0,1,0.703489
0.0,5,0.703662
0.0,7,0.703878
0.0,2,0.703979
0.0,6,0.704181
0.0,2,0.704285
0.0,18,0.704738
0.0,6,0.704931
0.0,2,0.705045
0.0,4,0.705193
0.0,9,0.705455
0.0,4,0.70561
0.0,11,0.705905
0.0,8,0.706143
0.0,1,0.706305
0.0,20,0.706824
0.0,37,0.707741
0.0,27,0.708395
0.0,4,0.708546
0.0,7,0.708768
0.0,3,0.708897
0.0,11,0.709208
0.0,9,0.70946
0.0,4,0.709609
0.0,7,0.709816
0.0,7,0.710038
0.0,11,0.710341
0.0,6,0.710528
1.0,56,0.711775
0.0,1,0.711856
0.0,11,0.712161
0.0,40,0.713091
0.0,9,0.713344
0.0,2,0.713444
0.0,5,0.713614
0.0,14,0.713974
0.0,3,0.714105
0.0,1,0.714181
0.0,15,0.714572
0.0,1,0.714649
0.0,24,0.715235
1.0,32,0.715973
0.0,5,0.716147
0.0,4,0.716299
0.0,1,0.716376
0.0,12,0.716699
0.0,12,0.717028
0.0,1,0.717107
0.0,7,0.717318
0.0,1,0.717398
0.0,3,0.717527
0.0,17,0.717948
0.0,5,0.718127
0.0,13,0.718471
0.0,3,0.718593
0.0,6,0.718784
0.0,20,0.719281
0.0,10,0.71956
0.0,13,0.7199
1.0,26,0.720518
0.0,3,0.720652
0.0,3,0.720782
0.0,6,0.720975
0.0,12,0.721295
0.0,11,0.721595
0.0,2,0.721696
1.0,7,0.721906
0.0,5,0.722087
0.0,4,0.722235
0.0,3,0.722358
0.0,2,0.722465
0.0,10,0.722742
1.0,12,0.723064
0.0,1,0.723141
0.0,1,0.723222
0.0,4,0.723375
0.0,6,0.72357
0.0,3,0.723693
0.0,8,0.72393
0.0,8,0.724175
0.0,3,0.7243
0.0,5,0.724463
0.0,4,0.724607
0.0,4,0.724755
0.0,6,0.724951
0.0,28,0.725602
0.0,3,0.725727
0.0,5,0.725896
0.0,2,0.725998
0.0,7,0.726222
0.0,4,0.726367
0.0,15,0.726752
0.0,7,0.726959
0.0,3,0.727089
0.0,3,0.727214
0.0,11,0.727512
0.0,2,0.727612
1.0,38,0.728475
0.0,3,0.728597
0.0,1,0.728673
0.0,10,0.728952
0.0,2,0.729061
0.0,3,0.729191
0.0,4,0.729345
0.0,9,0.729605
0.0,11,0.729904
0.0,2,0.730011
0.0,6,0.730207
0.0,10,0.73048
0.0,9,0.730733
0.0,33,0.731499
0.0,3,0.73163
0.0,4,0.731776
0.0,7,0.731985
0.0,15,0.732378
0.0,8,0.732615
0.0,5,0.732781
0.0,4,0.732929
0.0,9,0.733196
0.0,18,0.73365
0.0,1,0.733732
0.0,10,0.734025
0.0,22,0.734559
0.0,15,0.734941
0.0,11,0.735243
0.0,7,0.735461
0.0,10,0.735745
0.0,5,0.735911
0.0,2,0.736037
0.0,1,0.73612
0.0,10,0.736422
0.0,3,0.736546
0.0,5,0.736716
0.0,1,0.736793
0.0,14,0.73717
0.0,7,0.737384
0.0,3,0.737507
0.0,31,0.738231
0.0,4,0.738383
0.0,1,0.738461
0.0,4,0.738606
0.0,21,0.739136
0.0,5,0.739305
0.0,5,0.739468
0.0,3,0.739589
0.0,12,0.739902
0.0,3,0.740042
0.0,10,0.740325
0.0,9,0.740572
0.0,10,0.740852
0.0,3,0.740982
0.0,7,0.741204
0.0,3,0.741333
0.0,2,0.741434
0.0,11,0.741734
0.0,15,0.742125
0.0,18,0.742579
0.0,13,0.742914
0.0,1,0.74299
0.0,4,0.743145
1.0,29,0.743827
0.0,17,0.74426
0.0,7,0.74447
0.0,8,0.744699
0.0,3,0.744821
0.0,22,0.745364
0.0,3,0.745489
0.0,1,0.745565
0.0,8,0.7458
0.0,7,0.746018
0.0,8,0.746248
1.0,12,0.746568
0.0,1,0.746644
0.0,11,0.746952
0.0,1,0.747036
0.0,3,0.747165
0.0,20,0.747661
0.0,4,0.747805
0.0,3,0.747927
0.0,7,0.74815
0.0,14,0.748516
0.0,3,0.748643
0.0,12,0.74896
0.0,4,0.749114
0.0,3,0.749244
0.0,11,0.749537
1.0,44,0.750527
0.0,13,0.750872
0.0,23,0.751431
0.0,22,0.751961
0.0,7,0.752176
1.0,11,0.752476
0.0,8,0.752712
0.0,10,0.75299
0.0,5,0.753165
0.0,7,0.753373
0.0,15,0.753756
0.0,12,0.754091
0.0,10,0.754365
0.0,66,0.755824
0.0,12,0.756156
0.0,14,0.756516
0.0,5,0.756682
0.0,14,0.75705
0.0,13,0.757386
0.0,23,0.757949
0.0,6,0.758145
0.0,5,0.758316
0.0,24,0.758883
0.0,18,0.759331
0.0,15,0.759704
1.0,24,0.76028
0.0,4,0.760429
0.0,5,0.7606
0.0,6,0.760792
0.0,21,0.761307
0.0,22,0.761836
0.0,3,0.761958
0.0,5,0.762139
0.0,22,0.762671
0.0,4,0.76282
0.0,1,0.762897
0.0,4,0.763056
0.0,6,0.763253
0.0,4,0.7634
0.0,9,0.763658
0.0,13,0.764009
0.0,5,0.764178
0.0,1,0.764254
1.0,20,0.764735
0.0,7,0.764941
0.0,2,0.765052
0.0,10,0.765332
0.0,3,0.765454
0.0,1,0.765534
0.0,45,0.766548
0.0,6,0.766735
0.0,20,0.76724
0.0,21,0.767744
0.0,2,0.767846
0.0,10,0.768132
0.0,8,0.768364
0.0,11,0.768661
0.0,9,0.768917
0.0,5,0.769099
0.0,8,0.769331
0.0,4,0.76948
0.0,2,0.769586
0.0,10,0.769871
0.0,19,0.77036
0.0,3,0.770491
0.0,5,0.770662
0.0,8,0.770896
0.0,7,0.771113
0.0,7,0.771327
0.0,8,0.771561
0.0,8,0.7718
0.0,11,0.772109
0.0,3,0.772239
0.0,5,0.772405
0.0,7,0.772623
0.0,2,0.772729
0.0,1,0.772806
0.0,4,0.772952
0.0,13,0.773312
0.0,18,0.773762
0.0,2,0.773864
0.0,5,0.77404
0.0,8,0.774275
0.0,3,0.774396
0.0,5,0.774561
0.0,11,0.774862
1.0,21,0.775381
0.0,4,0.775535
0.0,19,0.776014
0.0,11,0.776314
0.0,25,0.776913
0.0,10,0.777199
1.0,9,0.777457
0.0,21,0.777966
1.0,10,0.778244
0.0,7,0.778462
0.0,5,0.778628
0.0,14,0.778999
0.0,5,0.77918
0.0,8,0.779414
0.0,6,0.779602
0.0,6,0.779788
0.0,16,0.780192
0.0,8,0.780432
0.0,1,0.780509
0.0,8,0.780736
0.0,7,0.780942
0.0,7,0.781161
0.0,13,0.781495
0.0,1,0.781571
0.0,8,0.7818
0.0,24,0.782416
0.0,4,0.782568
0.0,8,0.782807
0.0,3,0.782933
0.0,3,0.783069
0.0,3,0.783202
0.0,4,0.783347
0.0,14,0.783708
0.0,31,0.784439
0.0,12,0.784762
0.0,3,0.784887
0.0,4,0.785042
0.0,5,0.785209
0.0,9,0.785472
0.0,13,0.785807
0.0,1,0.785887
0.0,8,0.786136
0.0,6,0.786325
0.0,7,0.786532
0.0,12,0.786853
0.0,2,0.786957
0.0,10,0.787238
0.0,7,0.787457
0.0,9,0.787714
0.0,4,0.787865
0.0,7,0.788081
0.0,3,0.788205
0.0,6,0.788392
1.0,14,0.788756
0.0,8,0.788988
0.0,3,0.789123
0.0,3,0.789254
0.0,18,0.789692
0.0,5,0.789862
0.0,9,0.790127
0.0,9,0.790384
0.0,7,0.790592
0.0,5,0.790762
0.0,8,0.790994
0.0,10,0.791299
0.0,4,0.791445
0.0,5,0.79161
0.0,4,0.791753
0.0,4,0.791901
0.0,14,0.792279
0.0,6,0.79247
0.0,8,0.792703
0.0,8,0.792933
0.0,5,0.793117
0.0,3,0.793245
0.0,18,0.793692
0.0,5,0.793863
0.0,3,0.793984
0.0,8,0.794225
0.0,1,0.794302
0.0,1,0.794378
0.0,38,0.79525
0.0,18,0.795686
0.0,18,0.796142
1.0,9,0.796393
0.0,1,0.796469
0.0,6,0.796655
0.0,4,0.796804
0.0,9,0.797076
0.0,1,0.797155
0.0,9,0.797413
0.0,8,0.797643
1.0,14,0.79801
0.0,1,0.79809
0.0,14,0.798455
0.0,8,0.798684
0.0,1,0.798765
0.0,6,0.798964
0.0,3,0.799116
0.0,3,0.799252
0.0,4,0.799416
0.0,7,0.799625
0.0,3,0.799753
0.0,4,0.799898
0.0,6,0.800101
0.0,1,0.80018
0.0,4,0.800325
0.0,8,0.800559
0.0,2,0.800661
0.0,10,0.800943
0.0,2,0.801054
0.0,6,0.801245
0.0,5,0.801417
0.0,3,0.801547
0.0,4,0.801698
0.0,9,0.801958
0.0,5,0.802139
0.0,9,0.802398
0.0,18,0.802838
0.0,2,0.802944
0.0,5,0.803127
0.0,6,0.803325
0.0,19,0.803789
0.0,6,0.803976
0.0,4,0.804134
0.0,6,0.804322
0.0,10,0.804596
0.0,3,0.80472
0.0,2,0.804821
0.0,7,0.805043
0.0,4,0.805189
0.0,8,0.805432
0.0,2,0.805534
0.0,13,0.80587
0.0,4,0.806021
0.0,4,0.806168
0.0,5,0.806428
0.0,2,0.806533
0.0,2,0.806634
0.0,8,0.806875
0.0,2,0.806978
0.0,8,0.807218
0.0,34,0.808015
0.0,14,0.808381
0.0,25,0.808968
0.0,1,0.809059
0.0,8,0.809293
0.0,6,0.80948
0.0,5,0.809652
0.0,8,0.809882
0.0,7,0.810105
0.0,2,0.810207
0.0,10,0.810477
0.0,7,0.810688
0.0,22,0.811227
0.0,10,0.811506
0.0,5,0.811682
0.0,13,0.812036
0.0,1,0.81212
0.0,12,0.812448
0.0,7,0.812661
0.0,2,0.812762
0.0,2,0.812863
0.0,1,0.81294
0.0,2,0.81305
0.0,7,0.813262
0.0,3,0.813385
0.0,17,0.813808
0.0,4,0.813956
0.0,6,0.814153
0.0,9,0.814419
0.0,7,0.814629
0.0,4,0.814778
0.0,2,0.81488
0.0,23,0.815445
0.0,11,0.815751
0.0,10,0.816041
0.0,28,0.816701
0.0,3,0.816825
0.0,3,0.816947
0.0,4,0.817099
0.0,5,0.817272
0.0,5,0.817443
0.0,2,0.817549
0.0,3,0.81768
0.0,2,0.817781
0.0,12,0.818107
0.0,26,0.818722
1.0,13,0.819081
1.0,14,0.819451
0.0,5,0.819623
0.0,10,0.819908
0.0,10,0.820196
0.0,7,0.820406
0.0,16,0.820807
0.0,3,0.82093
0.0,15,0.821322
0.0,12,0.821637
0.0,18,0.822088
0.0,15,0.822472
0.0,47,0.823532
0.0,14,0.823889
0.0,11,0.824206
1.0,7,0.824422
0.0,4,0.82457
0.0,1,0.824647
0.0,9,0.824897
0.0,24,0.825488
0.0,8,0.825727
0.0,6,0.825921
0.0,4,0.826078
0.0,1,0.826155
0.0,1,0.826232
0.0,2,0.826332
0.0,21,0.82683
0.0,5,0.826999
0.0,6,0.827205
0.0,17,0.827632
0.0,10,0.827912
0.0,15,0.828301
0.0,1,0.828379
0.0,10,0.82865
0.0,4,0.828799
1.0,8,0.829049
0.0,1,0.829127
0.0,1,0.829203
0.0,5,0.829375
0.0,7,0.829584
0.0,9,0.829843
0.0,10,0.830124
0.0,4,0.830276
0.0,10,0.830551
0.0,4,0.830695
0.0,19,0.831166
0.0,11,0.831464
0.0,4,0.831612
0.0,23,0.832172
0.0,6,0.832366
0.0,10,0.83264
0.0,10,0.832913
0.0,7,0.833141
0.0,11,0.833441
0.0,1,0.833517
0.0,2,0.833622
0.0,36,0.834449
0.0,17,0.834864
1.0,8,0.8351
0.0,4,0.835251
0.0,6,0.835438
0.0,2,0.835537
0.0,31,0.836276
0.0,11,0.836569
0.0,17,0.836995
0.0,7,0.837217
0.0,3,0.837348
0.0,6,0.837536
0.0,27,0.838177
0.0,21,0.838682
0.0,29,0.839363
0.0,25,0.839952
0.0,1,0.840037
0.0,18,0.840478
0.0,6,0.840669
0.0,19,0.841145
0.0,10,0.841422
0.0,6,0.841608
0.0,11,0.841906
0.0,7,0.842133
0.0,6,0.842322
0.0,1,0.842398
0.0,7,0.842613
0.0,35,0.843431
0.0,18,0.843878
0.0,35,0.844683
0.0,5,0.844854
0.0,5,0.845029
0.0,14,0.845394
0.0,6,0.845587
0.0,11,0.845884
0.0,4,0.846035
0.0,23,0.846588
0.0,8,0.846826
0.0,3,0.846949
0.0,5,0.847125
0.0,7,0.847334
0.0,2,0.847435
0.0,8,0.847668
1.0,15,0.848068
0.0,5,0.848234
0.0,3,0.848361
0.0,20,0.848848
0.0,2,0.848953
0.0,12,0.849283
0.0,3,0.849407
0.0,23,0.849963
0.0,11,0.850264
0.0,1,0.850341
0.0,1,0.85042
0.0,2,0.850522
0.0,15,0.850904
0.0,5,0.851084
0.0,3,0.851208
1.0,12,0.851528
0.0,11,0.851826
0.0,5,0.852
0.0,2,0.852111
0.0,1,0.852188
0.0,8,0.852419
0.0,67,0.853923
0.0,14,0.854294
0.0,8,0.854526
0.0,3,0.854653
0.0,13,0.854991
0.0,25,0.855596
0.0,3,0.855718
0.0,12,0.856042
0.0,7,0.856267
0.0,5,0.856434
0.0,1,0.85651
0.0,8,0.856741
0.0,1,0.856816
0.0,3,0.856939
0.0,3,0.857076
0.0,4,0.857223
0.0,2,0.857324
0.0,4,0.857472
0.0,3,0.857595
0.0,1,0.857671
0.0,11,0.857963
0.0,2,0.858074
0.0,1,0.858152
0.0,16,0.85856
0.0,12,0.85889
0.0,7,0.859107
0.0,3,0.859236
0.0,6,0.859422
0.0,2,0.859521
0.0,1,0.859596
0.0,1,0.859673
0.0,20,0.860173
0.0,8,0.86041
0.0,16,0.860813
0.0,5,0.860977
0.0,29,0.861673
0.0,30,0.862384
0.0,14,0.862742
0.0,18,0.863194
0.0,7,0.863405
0.0,6,0.863597
1.0,18,0.864055
0.0,11,0.864355
0.0,8,0.864585
0.0,1,0.864665
0.0,31,0.865408
0.0,3,0.865532
0.0,2,0.865633
0.0,10,0.865918
0.0,6,0.866115
0.0,33,0.866873
0.0,10,0.867156
0.0,6,0.867347
0.0,4,0.867496
0.0,5,0.867661
0.0,6,0.867845
0.0,19,0.868312
1.0,16,0.868719
0.0,4,0.868873
1.0,15,0.869268
0.0,3,0.869392
0.0,9,0.869653
0.0,33,0.87042
0.0,3,0.870548
0.0,23,0.871117
0.0,10,0.871393
0.0,2,0.871499
0.0,10,0.871771
0.0,22,0.872313
0.0,4,0.872474
0.0,9,0.87273
0.0,2,0.872834
0.0,10,0.873121
0.0,26,0.873724
0.0,24,0.874299
0.0,6,0.874488
0.0,11,0.874782
0.0,18,0.875232
0.0,11,0.875526
0.0,12,0.875842
0.0,5,0.876015
0.0,6,0.876211
0.0,17,0.876641
0.0,5,0.87681
0.0,5,0.87698
0.0,7,0.877203
0.0,10,0.877482
0.0,3,0.877606
0.0,22,0.878149
0.0,11,0.878449
0.0,8,0.878685
0.0,2,0.878785
0.0,4,0.878933
0.0,5,0.879106
0.0,8,0.879343
0.0,10,0.879614
0.0,20,0.880111
0.0,14,0.880476
0.0,7,0.880682
0.0,6,0.880871
0.0,13,0.881215
0.0,5,0.88138
0.0,3,0.881501
0.0,3,0.881623
0.0,8,0.88185
0.0,10,0.882136
0.0,7,0.882342
0.0,11,0.882638
0.0,19,0.883111
0.0,8,0.88334
1.0,19,0.883808
0.0,16,0.884217
0.0,13,0.884557
0.0,5,0.884726
0.0,3,0.884849
0.0,10,0.885137
0.0,6,0.88533
0.0,6,0.885516
0.0,13,0.885855
0.0,3,0.885986
0.0,3,0.886118
0.0,11,0.88641
0.0,23,0.886949
0.0,16,0.887364
0.0,4,0.88752
0.0,6,0.887707
0.0,6,0.887893
0.0,7,0.888108
0.0,12,0.888433
0.0,7,0.88864
0.0,4,0.888789
0.0,4,0.888938
0.0,6,0.889137
0.0,3,0.889265
0.0,6,0.889451
0.0,3,0.889577
0.0,5,0.889748
0.0,9,0.890018
0.0,6,0.890216
0.0,44,0.891229
0.0,2,0.891332
0.0,6,0.891523
0.0,9,0.891778
0.0,3,0.891901
0.0,4,0.892062
0.0,10,0.892336
0.0,15,0.89272
0.0,3,0.892843
1.0,19,0.893317
0.0,7,0.893531
0.0,9,0.893786
0.0,17,0.894235
0.0,7,0.894451
0.0,11,0.894755
0.0,6,0.894948
0.0,8,0.89525
0.0,1,0.895337
0.0,7,0.89562
0.0,2,0.895721
0.0,11,0.896058
0.0,1,0.896146
0.0,6,0.896358
0.0,4,0.896562
0.0,2,0.896663
0.0,6,0.896857
0.0,1,0.896933
0.0,24,0.897587
1.0,32,0.898434
0.0,10,0.898716
0.0,3,0.898844
0.0,1,0.898921
0.0,1,0.898997
0.0,3,0.899161
0.0,27,0.899849
0.0,2,0.89995
0.0,14,0.900367
0.0,14,0.900733
0.0,3,0.900856
0.0,5,0.901046
0.0,4,0.901202
0.0,10,0.901492
0.0,3,0.901614
0.0,17,0.902075
0.0,8,0.902339
0.0,3,0.902462
0.0,4,0.902606
0.0,3,0.902733
0.0,14,0.903134
0.0,11,0.903448
0.0,8,0.903681
0.0,4,0.903827
1.0,32,0.904618
0.0,3,0.904747
0.0,14,0.905119
0.0,5,0.905288
0.0,7,0.905494
0.0,23,0.906064
0.0,5,0.906238
0.0,5,0.906466
0.0,2,0.906571
0.0,11,0.906864
0.0,11,0.907188
0.0,39,0.908112
0.0,15,0.908492
0.0,7,0.908707
0.0,11,0.909018
0.0,4,0.909165
0.0,4,0.909314
0.0,6,0.909499
0.0,2,0.909604
1.0,9,0.909861
0.0,4,0.910011
0.0,10,0.910285
0.0,3,0.910412
0.0,1,0.910488
0.0,6,0.910682
0.0,13,0.911032
0.0,6,0.911227
0.0,5,0.911392
0.0,1,0.911467
0.0,19,0.911934
0.0,13,0.912285
0.0,2,0.912388
0.0,7,0.912601
0.0,12,0.912923
0.0,8,0.913168
0.0,9,0.913427
0.0,12,0.91375
0.0,7,0.913971
0.0,4,0.914124
0.0,4,0.91427
0.0,12,0.914589
0.0,4,0.914732
0.0,7,0.914947
0.0,28,0.91561
0.0,11,0.915908
0.0,5,0.916084
0.0,10,0.916366
0.0,12,0.916682
0.0,3,0.916803
0.0,36,0.917633
0.0,6,0.917821
0.0,10,0.918099
0.0,25,0.918683
0.0,1,0.918764
0.0,19,0.91923
1.0,11,0.919521
0.0,5,0.919684
0.0,9,0.919938
0.0,10,0.920222
0.0,7,0.920434
0.0,4,0.920583
0.0,20,0.921072
0.0,2,0.921179
0.0,3,0.921302
0.0,14,0.921665
0.0,17,0.922104
0.0,3,0.922233
0.0,9,0.922482
0.0,7,0.922695
0.0,5,0.92287
0.0,1,0.922947
0.0,4,0.9231
0.0,17,0.923531
1.0,17,0.923961
0.0,4,0.924113
0.0,6,0.924308
0.0,5,0.924472
0.0,1,0.924552
1.0,16,0.924955
0.0,6,0.925148
0.0,17,0.925576
0.0,5,0.92575
0.0,1,0.925827
0.0,2,0.925932
0.0,1,0.926016
0.0,1,0.926095
0.0,13,0.926428
0.0,12,0.926744
0.0,26,0.927363
0.0,3,0.927487
0.0,4,0.927636
0.0,4,0.92778
0.0,6,0.927968
0.0,4,0.928128
0.0,5,0.928295
0.0,5,0.92846
0.0,8,0.928688
0.0,3,0.928809
0.0,2,0.928913
0.0,1,0.928989
0.0,6,0.929228
0.0,4,0.929378
0.0,6,0.929566
0.0,8,0.929803
0.0,2,0.929904
0.0,6,0.9301
0.0,8,0.93034
0.0,3,0.930461
0.0,5,0.930632
0.0,1,0.930713
0.0,9,0.930964
0.0,8,0.9312
0.0,33,0.931966
0.0,1,0.932053
0.0,5,0.932222
0.0,8,0.932453
0.0,5,0.932619
0.0,25,0.933218
0.0,4,0.933369
0.0,13,0.9337
0.0,1,0.93378
0.0,7,0.933995
0.0,4,0.934149
0.0,3,0.934276
0.0,9,0.934535
0.0,1,0.934611
0.0,1,0.934688
0.0,1,0.934764
0.0,7,0.934972
0.0,13,0.935324
0.0,8,0.935564
0.0,30,0.936262
0.0,8,0.936491
0.0,7,0.936704
0.0,16,0.937148
1.0,15,0.937559
0.0,2,0.937658
0.0,3,0.937781
0.0,8,0.93804
0.0,10,0.938346
0.0,1,0.938427
0.0,3,0.938554
0.0,1,0.938632
0.0,1,0.938708
0.0,6,0.938896
0.0,11,0.939207
0.0,2,0.93931
0.0,10,0.93958
0.0,16,0.939976
0.0,3,0.940133
0.0,1,0.940214
0.0,3,0.940356
0.0,4,0.9405
0.0,3,0.940627
0.0,1,0.940702
0.0,6,0.940897
0.0,11,0.941237
0.0,1,0.94134
0.0,8,0.941577
0.0,4,0.941726
0.0,6,0.941914
0.0,9,0.942183
0.0,12,0.942512
0.0,5,0.942682
1.0,9,0.942931
1.0,15,0.943334
0.0,1,0.943415
0.0,34,0.944222
0.0,5,0.944399
1.0,19,0.94486
0.0,30,0.945561
0.0,9,0.945824
0.0,7,0.946045
0.0,6,0.946277
0.0,5,0.946477
0.0,13,0.946875
0.0,8,0.947146
0.0,2,0.947259
0.0,3,0.947401
0.0,2,0.947502
0.0,10,0.947774
1.0,8,0.948017
0.0,4,0.948165
0.0,7,0.948379
0.0,13,0.948716
0.0,7,0.948927
1.0,9,0.94921
0.0,5,0.949404
0.0,1,0.949483
0.0,24,0.950074
0.0,4,0.950226
0.0,7,0.950459
0.0,10,0.950736
0.0,2,0.950837
1.0,19,0.951303
0.0,16,0.951706
0.0,9,0.951965
0.0,4,0.952144
0.0,6,0.952361
0.0,18,0.952814
1.0,14,0.953204
0.0,4,0.953372
0.0,9,0.953627
0.0,2,0.953727
0.0,13,0.95408
0.0,6,0.95427
0.0,2,0.954372
0.0,3,0.954499
0.0,6,0.954693
0.0,17,0.955137
0.0,19,0.955605
0.0,18,0.95607
0.0,13,0.956429
1.0,19,0.956893
0.0,24,0.957479
0.0,12,0.957801
0.0,4,0.957943
0.0,4,0.958092
0.0,4,0.958237
0.0,2,0.958338
0.0,2,0.958437
0.0,4,0.958581
0.0,4,0.958729
0.0,18,0.959179
0.0,2,0.959281
0.0,3,0.959404
0.0,5,0.959569
0.0,13,0.959912
0.0,20,0.96041
0.0,4,0.960555
0.0,4,0.960697
0.0,6,0.960891
0.0,10,0.961179
0.0,2,0.961281
0.0,6,0.961469
0.0,3,0.961594
0.0,6,0.961781
0.0,8,0.96203
0.0,15,0.962426
0.0,5,0.962592
0.0,9,0.962846
1.0,22,0.963384
0.0,4,0.96353
0.0,9,0.963784
0.0,6,0.963971
0.0,3,0.9641
0.0,5,0.964267
0.0,2,0.964367
0.0,4,0.964511
0.0,25,0.965112
0.0,12,0.965436
0.0,6,0.965628
0.0,6,0.965821
0.0,39,0.966703
0.0,7,0.966916
0.0,7,0.967131
0.0,11,0.967427
0.0,10,0.967704
0.0,2,0.967809
0.0,7,0.968036
0.0,9,0.968288
0.0,12,0.968607
0.0,47,0.969676
0.0,41,0.970614
0.0,17,0.971046
0.0,11,0.971353
0.0,2,0.971454
0.0,3,0.971577
0.0,22,0.972118
0.0,8,0.972348
0.0,3,0.972474
0.0,5,0.972645
0.0,12,0.972956
0.0,3,0.973087
0.0,12,0.973416
0.0,2,0.973517
0.0,21,0.974037
0.0,2,0.97414
0.0,2,0.974239
0.0,10,0.974521
0.0,1,0.974601
0.0,3,0.974729
0.0,5,0.974895
0.0,4,0.975049
0.0,23,0.975607
0.0,3,0.975735
0.0,10,0.976017
0.0,5,0.976189
0.0,15,0.976573
0.0,3,0.976695
0.0,6,0.976881
0.0,1,0.97696
0.0,5,0.977138
0.0,6,0.977336
0.0,3,0.977464
0.0,7,0.977672
0.0,20,0.97817
1.0,14,0.978531
0.0,2,0.97863
0.0,1,0.978705
0.0,10,0.978974
1.0,22,0.979525
0.0,8,0.979754
0.0,14,0.980129
0.0,9,0.98039
0.0,20,0.980886
0.0,1,0.980966
0.0,16,0.981382
1.0,9,0.981633
0.0,15,0.982028
1.0,14,0.982385
0.0,3,0.982512
0.0,3,0.982635
0.0,6,0.982826
0.0,17,0.983263
0.0,3,0.983387
0.0,23,0.983939
0.0,11,0.984244
0.0,10,0.98452
0.0,15,0.984902
0.0,3,0.985033
1.0,20,0.985516
1.0,8,0.985754
0.0,6,0.985949
1.0,30,0.98665
1.0,10,0.986929
1.0,23,0.987486
0.0,4,0.987638
0.0,3,0.987762
0.0,10,0.98805
0.0,3,0.988173
0.0,14,0.988536
0.0,17,0.98895
0.0,23,0.989503
0.0,6,0.989691
0.0,8,0.989925
0.0,23,0.990475
1.0,9,0.990728
0.0,9,0.990976
1.0,30,0.991674
0.0,26,0.992308
0.0,2,0.992415
0.0,6,0.992608
0.0,2,0.992713
0.0,3,0.992837
0.0,4,0.99298
0.0,12,0.993312
0.0,7,0.993526
0.0,2,0.993631
0.0,2,0.993733
0.0,1,0.993813
0.0,14,0.994193
0.0,2,0.994299
0.0,11,0.994591
0.0,3,0.994712
0.0,7,0.994922
1.0,16,0.995333
0.0,21,0.995843
0.0,9,0.996105
0.0,3,0.996228
0.0,4,0.996372
0.0,24,0.996933
0.0,5,0.997105
0.0,38,0.997956
0.0,15,0.998348
0.0,7,0.998556
0.0,5,0.998719
0.0,15,0.999113
0.0,7,0.99932
0.0,4,0.999463
0.0,2,0.999564
0.0,4,0.999713
0.0,3,0.999841
0.0,5,1.000016
0.0,18,1.000456
0.0,8,1.00069
0.0,5,1.000856
0.0,10,1.001144
0.0,24,1.001721
0.0,3,1.001849
0.0,4,1.002
0.0,24,1.002584
0.0,5,1.002751
0.0,4,1.002899
0.0,28,1.003557
0.0,3,1.003686
1.0,14,1.004051
0.0,8,1.004282
0.0,6,1.004478
1.0,19,1.004943
0.0,8,1.005182
0.0,8,1.005418
0.0,1,1.005495
1.0,16,1.005909
0.0,4,1.006062
0.0,4,1.006213
0.0,5,1.00638
0.0,3,1.006564
0.0,3,1.006697
0.0,8,1.006927
0.0,17,1.007402
0.0,7,1.00761
0.0,6,1.007801
0.0,7,1.008022
0.0,5,1.008193
0.0,13,1.008536
1.0,9,1.008794
0.0,3,1.008916
0.0,6,1.009115
0.0,4,1.00926
0.0,3,1.009382
0.0,8,1.009607
0.0,2,1.009711
0.0,3,1.009834
0.0,5,1.009998
0.0,2,1.010113
0.0,2,1.010215
0.0,2,1.01032
0.0,3,1.010448
0.0,14,1.010808
0.0,28,1.01147
1.0,21,1.01198
1.0,20,1.012475
0.0,3,1.012598
0.0,41,1.013534
0.0,10,1.013812
0.0,12,1.014136
0.0,21,1.014636
0.0,6,1.014822
0.0,6,1.015012
0.0,1,1.015094
0.0,4,1.015239
0.0,9,1.015487
0.0,11,1.015774
0.0,4,1.015928
0.0,4,1.016088
0.0,7,1.016301
0.0,9,1.016557
0.0,2,1.016663
0.0,12,1.016982
0.0,2,1.017095
0.0,9,1.017355
0.0,5,1.01753
0.0,21,1.018037
0.0,16,1.018433
0.0,34,1.019217
0.0,23,1.019768
0.0,18,1.020219
0.0,2,1.02032
0.0,20,1.020804
0.0,2,1.02091
0.0,5,1.021092
0.0,6,1.021279
0.0,15,1.021663
0.0,21,1.022175
1.0,16,1.02258
0.0,13,1.022914
0.0,8,1.023159
0.0,5,1.023326
0.0,6,1.023518
0.0,4,1.023661
0.0,2,1.023765
0.0,8,1.02401
1.0,37,1.024874
0.0,4,1.025033
0.0,11,1.025327
0.0,18,1.025769
0.0,18,1.026224
0.0,13,1.026559
0.0,6,1.026745
0.0,25,1.027342
0.0,4,1.027494
0.0,7,1.0277
0.0,13,1.028044
0.0,9,1.028299
1.0,6,1.028485
0.0,7,1.028698
0.0,8,1.028926
0.0,3,1.029056
1.0,17,1.029482
0.0,5,1.029647
0.0,43,1.030629
0.0,21,1.031143
0.0,7,1.031352
0.0,5,1.031518
0.0,3,1.031643
0.0,9,1.031901
0.0,6,1.032104
0.0,15,1.032482
0.0,4,1.032632
0.0,12,1.032954
0.0,4,1.033106
0.0,4,1.033258
0.0,14,1.033621
0.0,7,1.03383
0.0,11,1.034139
0.0,12,1.034462
0.0,3,1.03459
0.0,23,1.035151
0.0,3,1.035275
0.0,4,1.035417
0.0,6,1.035607
0.0,1,1.035683
0.0,6,1.035876
0.0,20,1.036373
0.0,16,1.036778
0.0,4,1.036923
0.0,42,1.037884
0.0,4,1.038043
0.0,5,1.038215
0.0,24,1.038784
0.0,11,1.039085
0.0,26,1.039695
0.0,4,1.039838
0.0,17,1.040273
0.0,4,1.040424
0.0,9,1.040674
0.0,2,1.040775
1.0,22,1.041315
0.0,5,1.041487
0.0,1,1.041563
0.0,1,1.041639
0.0,3,1.04177
0.0,30,1.04247
0.0,5,1.042644
0.0,4,1.042793
0.0,5,1.042958
0.0,9,1.043216
0.0,4,1.043365
0.0,3,1.043488
0.0,9,1.043745
0.0,3,1.043867
0.0,3,1.043993
0.0,18,1.044435
0.0,16,1.044824
0.0,4,1.044966
0.0,18,1.045407
0.0,7,1.045619
0.0,3,1.045744
0.0,14,1.046107
0.0,10,1.046389
1.0,18,1.046829
0.0,12,1.047158
0.0,8,1.047391
0.0,3,1.047513
0.0,1,1.047589
0.0,14,1.047945
0.0,19,1.048411
0.0,8,1.048641
0.0,14,1.048994
0.0,12,1.049331
0.0,3,1.049454
0.0,11,1.049754
0.0,13,1.050106
0.0,5,1.050273
0.0,6,1.050458
0.0,8,1.050691
0.0,35,1.051503
0.0,4,1.051649
0.0,7,1.051859
0.0,3,1.05198
0.0,6,1.052182
0.0,12,1.052506
0.0,5,1.05267
1.0,10,1.052955
0.0,3,1.053088
0.0,3,1.053212
0.0,5,1.05338
0.0,6,1.053574
0.0,1,1.05365
0.0,7,1.053857
0.0,4,1.054
0.0,5,1.054175
0.0,5,1.05434
0.0,7,1.054556
0.0,4,1.054712
0.0,13,1.055063
0.0,16,1.055479
0.0,7,1.055685
0.0,7,1.055889
0.0,6,1.056083
0.0,28,1.056738
0.0,3,1.056864
0.0,1,1.05694
0.0,6,1.057139
0.0,9,1.057399
0.0,5,1.057564
0.0,4,1.057712
0.0,1,1.057788
0.0,1,1.057868
0.0,1,1.057944
0.0,7,1.058162
0.0,10,1.058436
0.0,3,1.058562
0.0,4,1.058707
0.0,23,1.05927
0.0,18,1.059727
0.0,7,1.059943
0.0,7,1.060159
0.0,13,1.060497
0.0,50,1.061625
0.0,14,1.061996
0.0,6,1.062193
0.0,10,1.062473
0.0,13,1.062817
0.0,5,1.062988
0.0,19,1.06345
0.0,6,1.06364
0.0,14,1.063994
0.0,9,1.064259
0.0,15,1.06464
0.0,11,1.064939
0.0,2,1.065052
0.0,3,1.065176
0.0,5,1.065341
0.0,7,1.065548
0.0,9,1.065804
0.0,5,1.065967
0.0,7,1.066182
0.0,2,1.066287
0.0,6,1.066474
0.0,3,1.066595
0.0,12,1.066915
0.0,7,1.067137
0.0,3,1.067259
0.0,9,1.067515
0.0,1,1.067591
0.0,2,1.067692
0.0,4,1.067841
0.0,2,1.067941
0.0,4,1.068093
0.0,28,1.068754
0.0,14,1.069129
0.0,5,1.069303
0.0,2,1.069403
1.0,24,1.069971
0.0,6,1.070166
0.0,5,1.070334
0.0,25,1.070922
0.0,10,1.07121
0.0,5,1.071381
0.0,10,1.071658
0.0,3,1.071781
0.0,2,1.071885
0.0,17,1.072316
0.0,3,1.072444
0.0,3,1.072572
0.0,3,1.072702
0.0,5,1.072867
0.0,2,1.072967
0.0,4,1.07312
0.0,5,1.073286
0.0,9,1.073534
0.0,1,1.07361
0.0,3,1.073732
0.0,6,1.073922
0.0,8,1.074162
0.0,2,1.074264
0.0,5,1.074429
0.0,2,1.074529
0.0,5,1.074701
0.0,5,1.074876
0.0,12,1.075198
0.0,4,1.075351
0.0,1,1.075428
0.0,6,1.075623
0.0,15,1.076013
0.0,6,1.076203
0.0,7,1.076409
0.0,5,1.076584
0.0,5,1.076758
0.0,3,1.076882
0.0,7,1.077105
0.0,2,1.077212
0.0,5,1.077387
0.0,11,1.077697
0.0,12,1.078019
0.0,6,1.078207
0.0,9,1.078461
0.0,3,1.078583
0.0,6,1.078769
0.0,9,1.07904
0.0,3,1.079165
0.0,1,1.079241
0.0,6,1.079436
0.0,12,1.079755
0.0,2,1.079856
0.0,12,1.080177
0.0,19,1.080655
0.0,1,1.080734
0.0,17,1.081159
0.0,8,1.081391
0.0,1,1.081467
0.0,23,1.082023
0.0,25,1.082628
0.0,5,1.082801
0.0,4,1.082946
0.0,10,1.083231
0.0,7,1.083447
0.0,10,1.083723
0.0,8,1.083951
0.0,14,1.084327
1.0,12,1.084646
0.0,7,1.08486
0.0,18,1.085305
0.0,34,1.086094
0.0,4,1.086246
0.0,5,1.086413
0.0,6,1.086599
0.0,5,1.086766
0.0,10,1.087054
0.0,10,1.087334
0.0,12,1.087659
0.0,15,1.088052
0.0,31,1.088778
0.0,4,1.088923
0.0,1,1.089
0.0,4,1.089156
0.0,6,1.089347
0.0,8,1.089581
0.0,12,1.089897
0.0,11,1.090205
0.0,1,1.090286
0.0,1,1.090364
0.0,2,1.090464
0.0,2,1.090568
0.0,1,1.090645
0.0,3,1.090767
0.0,7,1.090973
0.0,6,1.091172
0.0,7,1.091386
0.0,3,1.091516
0.0,3,1.09164
0.0,10,1.091912
0.0,1,1.091987
0.0,23,1.092555
0.0,13,1.092894
0.0,1,1.092976
0.0,13,1.093336
0.0,19,1.093809
0.0,1,1.093886
0.0,34,1.094702
0.0,3,1.094832
0.0,2,1.094938
0.0,10,1.095221
1.0,39,1.096118
1.0,16,1.096521
0.0,7,1.096728
1.0,34,1.097516
0.0,10,1.097785
0.0,1,1.097861
0.0,9,1.098131
0.0,7,1.098343
0.0,6,1.09853
0.0,36,1.099404
0.0,7,1.099614
0.0,6,1.099808
0.0,1,1.099884
0.0,6,1.100088
0.0,30,1.100795
0.0,18,1.101243
0.0,4,1.101395
0.0,5,1.101564
0.0,37,1.10244
0.0,7,1.102655
0.0,6,1.102847
0.0,8,1.103084
0.0,15,1.103464
0.0,4,1.103613
0.0,3,1.103744
0.0,14,1.104116
0.0,3,1.104241
0.0,9,1.104495
0.0,1,1.104573
0.0,22,1.105121
0.0,28,1.105782
0.0,25,1.106386
1.0,12,1.106788
0.0,1,1.106872
0.0,15,1.107268
0.0,19,1.107741
0.0,8,1.10797
0.0,8,1.108207
0.0,1,1.108285
0.0,2,1.108391
0.0,7,1.108611
0.0,15,1.109
0.0,5,1.109184
0.0,4,1.109335
0.0,16,1.109742
0.0,12,1.11007
0.0,1,1.110148
0.0,10,1.11042
0.0,12,1.110729
0.0,30,1.111437
0.0,40,1.112357
0.0,4,1.112506
0.0,6,1.112692
0.0,44,1.11369
0.0,4,1.113836
0.0,3,1.113958
0.0,3,1.114088
0.0,5,1.114254
1.0,14,1.114616
0.0,5,1.114781
0.0,6,1.114974
0.0,8,1.115224
1.0,44,1.116229
0.0,13,1.116576
0.0,6,1.116769
0.0,10,1.117066
1.0,15,1.11747
0.0,9,1.117717
0.0,8,1.117954
0.0,6,1.118181
0.0,5,1.118378
0.0,6,1.118576
0.0,9,1.118838
0.0,10,1.11912
0.0,1,1.119197
0.0,4,1.119343
0.0,5,1.119515
0.0,6,1.119709
0.0,6,1.119897
0.0,6,1.120119
0.0,4,1.120278
0.0,5,1.12046
0.0,10,1.120743
0.0,9,1.121026
0.0,3,1.12116
0.0,13,1.121523
0.0,22,1.122068
0.0,4,1.122216
0.0,4,1.12236
0.0,3,1.122482
0.0,8,1.12271
0.0,15,1.12312
0.0,17,1.123569
0.0,13,1.123908
0.0,3,1.124057
0.0,14,1.124449
0.0,6,1.124637
0.0,19,1.125118
0.0,1,1.125201
1.0,10,1.125484
0.0,3,1.125607
0.0,3,1.12573
0.0,5,1.125896
0.0,13,1.126282
0.0,5,1.126471
0.0,11,1.126776
0.0,7,1.126991
0.0,9,1.127287
0.0,1,1.127379
0.0,1,1.127459
0.0,10,1.127733
0.0,6,1.127927
0.0,14,1.128296
0.0,3,1.12842
0.0,3,1.128543
0.0,2,1.128647
0.0,11,1.128949
0.0,22,1.129536
0.0,18,1.129989
0.0,4,1.130164
0.0,8,1.130422
0.0,3,1.130545
0.0,17,1.130965
0.0,8,1.131206
0.0,30,1.131906
0.0,13,1.132291
0.0,4,1.132455
0.0,11,1.132758
0.0,8,1.132993
0.0,4,1.133177
0.0,13,1.133537
0.0,18,1.133985
0.0,1,1.134069
0.0,7,1.13428
0.0,1,1.134356
0.0,1,1.134433
0.0,2,1.134538
0.0,6,1.134727
0.0,7,1.134942
0.0,4,1.135117
0.0,9,1.135401
0.0,9,1.135661
0.0,10,1.135944
0.0,1,1.136045
0.0,10,1.136347
0.0,1,1.136424
0.0,4,1.136569
0.0,4,1.136714
0.0,5,1.136886
0.0,2,1.136987
0.0,6,1.137185
1.0,11,1.137488
0.0,2,1.137589
0.0,7,1.137803
0.0,31,1.138527
0.0,2,1.138633
0.0,33,1.139411
0.0,1,1.139493
0.0,3,1.139621
0.0,14,1.139992
0.0,7,1.140215
0.0,21,1.140731
0.0,11,1.14104
0.0,8,1.14127
0.0,1,1.141347
0.0,13,1.141681
0.0,2,1.141785
0.0,20,1.142277
0.0,3,1.1424
0.0,6,1.142585
0.0,5,1.142752
0.0,1,1.142833
0.0,5,1.143012
0.0,19,1.143483
0.0,19,1.14395
0.0,4,1.144102
0.0,11,1.144393
0.0,12,1.144707
0.0,23,1.145267
0.0,21,1.145777
0.0,7,1.145984
0.0,4,1.146135
0.0,4,1.146284
0.0,8,1.146514
0.0,4,1.146659
0.0,3,1.14678
0.0,5,1.14695
0.0,8,1.147195
0.0,3,1.147323
0.0,4,1.147468
0.0,9,1.147722
0.0,5,1.147888
0.0,6,1.148085
0.0,13,1.148424
1.0,8,1.148655
0.0,6,1.148848
0.0,5,1.149025
0.0,2,1.149128
0.0,7,1.149338
0.0,6,1.149525
0.0,27,1.150167
0.0,19,1.15063
0.0,5,1.150795
0.0,2,1.150895
0.0,10,1.151181
0.0,23,1.151738
0.0,3,1.151862
0.0,8,1.152102
0.0,11,1.152405
0.0,8,1.152641
0.0,7,1.152849
0.0,48,1.153944
0.0,7,1.154173
0.0,12,1.154495
0.0,15,1.154882
0.0,6,1.155082
0.0,12,1.155406
0.0,31,1.156122
0.0,3,1.156253
0.0,9,1.156511
0.0,7,1.156724
0.0,12,1.157049
0.0,2,1.157152
0.0,9,1.157411
0.0,8,1.157644
0.0,26,1.158271
0.0,21,1.158778
0.0,7,1.158991
0.0,30,1.159709
0.0,3,1.159832
0.0,5,1.159998
0.0,5,1.160175
0.0,13,1.160519
0.0,1,1.160596
0.0,3,1.160719
0.0,5,1.160889
0.0,5,1.161075
0.0,2,1.161179
0.0,33,1.161939
0.0,8,1.162184
0.0,3,1.162309
0.0,5,1.162473
0.0,10,1.162748
0.0,5,1.162921
0.0,6,1.163126
0.0,23,1.163687
0.0,26,1.164305
0.0,7,1.164514
0.0,7,1.164725
0.0,10,1.165015
0.0,24,1.165591
0.0,12,1.16591
1.0,30,1.166621
0.0,2,1.166723
0.0,2,1.166825
0.0,10,1.167115
0.0,2,1.167218
0.0,16,1.167627
0.0,6,1.167818
1.0,9,1.168078
1.0,46,1.169145
0.0,15,1.169542
0.0,23,1.170089
0.0,24,1.170662
0.0,5,1.170831
0.0,2,1.170935
0.0,19,1.171462
0.0,12,1.171789
0.0,8,1.17205
0.0,4,1.172211
0.0,5,1.172396
0.0,7,1.17261
0.0,11,1.172908
0.0,6,1.173109
0.0,33,1.173882
0.0,5,1.174076
1.0,8,1.174331
0.0,5,1.174494
0.0,4,1.174642
0.0,3,1.174764
0.0,1,1.174839
0.0,11,1.175178
0.0,3,1.175331
0.0,4,1.175475
0.0,7,1.175688
0.0,19,1.176178
0.0,3,1.17631
0.0,2,1.176416
0.0,2,1.176517
0.0,10,1.176799
0.0,8,1.177043
0.0,2,1.17715
1.0,11,1.177449
0.0,4,1.177598
0.0,1,1.177674
0.0,8,1.177904
0.0,1,1.177984
0.0,10,1.178271
0.0,4,1.178423
0.0,15,1.178804
0.0,6,1.178989
0.0,16,1.179391
0.0,6,1.17958
0.0,13,1.179921
0.0,3,1.180052
0.0,10,1.180334
0.0,4,1.180481
0.0,1,1.180558
0.0,7,1.180767
0.0,9,1.18103
0.0,1,1.181108
0.0,3,1.181232
0.0,3,1.181355
0.0,2,1.181458
0.0,1,1.181533
0.0,23,1.182099
1.0,39,1.182983
0.0,22,1.183565
0.0,4,1.183715
0.0,9,1.183969
0.0,3,1.184101
0.0,5,1.184268
0.0,9,1.184521
0.0,4,1.184664
0.0,7,1.184876
0.0,10,1.185158
0.0,39,1.186069
0.0,7,1.186284
0.0,9,1.186543
0.0,6,1.186733
0.0,16,1.187149
0.0,12,1.187466
0.0,8,1.187691
0.0,39,1.188581
0.0,20,1.189089
0.0,4,1.189235
0.0,7,1.189446
0.0,1,1.189522
0.0,1,1.189599
0.0,14,1.189953
0.0,2,1.190062
0.0,9,1.190314
0.0,4,1.190457
0.0,2,1.190564
0.0,5,1.190737
0.0,14,1.1911
0.0,9,1.191357
0.0,10,1.191628
0.0,13,1.191965
0.0,3,1.192096
0.0,1,1.192177
0.0,33,1.19294
0.0,6,1.193137
0.0,5,1.193305
1.0,18,1.19376
0.0,3,1.193887
0.0,21,1.194404
0.0,12,1.194735
1.0,8,1.194965
0.0,5,1.195147
0.0,10,1.195421
0.0,1,1.195498
0.0,1,1.195575
1.0,6,1.195765
0.0,1,1.19584
0.0,6,1.196038
0.0,3,1.196167
0.0,2,1.196267
0.0,1,1.196347
0.0,1,1.196424
0.0,12,1.196739
0.0,2,1.196843
0.0,10,1.197134
0.0,5,1.197308
0.0,3,1.197433
0.0,21,1.197941
0.0,6,1.198139
0.0,6,1.198333
0.0,7,1.198546
0.0,9,1.198805
0.0,5,1.19897
0.0,6,1.199194
0.0,8,1.199449
0.0,19,1.199917
0.0,22,1.200456
0.0,1,1.200538
0.0,26,1.201163
0.0,10,1.201446
0.0,2,1.201547
0.0,5,1.201712
0.0,2,1.201817
0.0,2,1.201922
0.0,19,1.20241
0.0,2,1.202512
0.0,10,1.202787
0.0,3,1.202909
0.0,37,1.203756
0.0,17,1.204184
0.0,4,1.204329
0.0,25,1.204923
0.0,12,1.20526
0.0,4,1.205408
0.0,9,1.205661
0.0,5,1.205825
0.0,25,1.206426
0.0,5,1.206599
0.0,4,1.206813
0.0,3,1.206941
0.0,1,1.207043
0.0,9,1.207334
0.0,3,1.207457
0.0,5,1.207629
0.0,11,1.207929
0.0,28,1.208601
0.0,8,1.208832
0.0,3,1.208955
0.0,15,1.209348
0.0,3,1.209473
1.0,21,1.209988
0.0,3,1.210124
0.0,11,1.21043
0.0,6,1.210619
0.0,19,1.211107
0.0,4,1.211254
0.0,4,1.211398
0.0,1,1.211473
0.0,5,1.211645
0.0,14,1.212028
0.0,2,1.212131
0.0,7,1.212338
0.0,11,1.212635
0.0,2,1.212743
0.0,22,1.213293
0.0,1,1.213371
0.0,3,1.213499
0.0,7,1.213717
0.0,2,1.213822
0.0,15,1.214218
0.0,2,1.214329
0.0,24,1.214905
0.0,1,1.214986
0.0,14,1.215352
0.0,10,1.215621
1.0,20,1.216115
0.0,10,1.216391
0.0,9,1.216642
0.0,4,1.216785
0.0,5,1.216949
0.0,16,1.217355
0.0,24,1.217918
0.0,5,1.218091
0.0,20,1.218577
0.0,2,1.218677
0.0,6,1.218862
1.0,19,1.219328
0.0,1,1.219409
0.0,15,1.219799
0.0,6,1.219992
0.0,14,1.220354
0.0,11,1.220651
0.0,9,1.220903
0.0,19,1.22138
0.0,2,1.221483
0.0,7,1.221691
0.0,8,1.22192
0.0,11,1.222237
0.0,7,1.222448
0.0,4,1.22259
0.0,1,1.222666
0.0,1,1.222742
0.0,2,1.222847
0.0,19,1.223338
0.0,3,1.223468
0.0,2,1.223569
0.0,5,1.223734
0.0,6,1.223931
0.0,9,1.224204
0.0,1,1.224283
0.0,11,1.224574
0.0,9,1.224824
0.0,13,1.225167
0.0,9,1.225426
0.0,5,1.22559
0.0,20,1.226082
0.0,18,1.226523
0.0,5,1.226694
1.0,21,1.227208
0.0,8,1.227445
0.0,9,1.2277
0.0,23,1.228256
0.0,17,1.228677
0.0,4,1.22882
0.0,27,1.229459
0.0,5,1.229631
1.0,23,1.230189
1.0,19,1.230651
0.0,21,1.231178
0.0,10,1.231457
0.0,7,1.231665
0.0,7,1.231875
0.0,6,1.232077
0.0,8,1.232312
0.0,2,1.232417
0.0,9,1.232671
1.0,17,1.233106
0.0,8,1.233339
0.0,8,1.233566
0.0,3,1.233693
0.0,3,1.233822
0.0,7,1.234036
0.0,12,1.234345
0.0,1,1.234424
0.0,7,1.23464
0.0,3,1.234763
0.0,31,1.235495
0.0,4,1.235639
0.0,12,1.235957
0.0,4,1.236117
0.0,8,1.236347
0.0,7,1.236552
0.0,16,1.236951
0.0,5,1.237132
0.0,3,1.237255
0.0,11,1.237551
0.0,6,1.237734
0.0,5,1.237897
1.0,21,1.238403
1.0,10,1.23867
0.0,9,1.238922
0.0,3,1.239052
0.0,2,1.239158
0.0,3,1.239286
0.0,5,1.239458
0.0,8,1.239697
0.0,3,1.239824
0.0,9,1.240085
0.0,6,1.240273
0.0,4,1.240414
0.0,1,1.24049
0.0,4,1.240633
0.0,5,1.240798
0.0,4,1.24094
0.0,7,1.241162
0.0,5,1.241327
0.0,13,1.241665
0.0,12,1.241985
0.0,2,1.242096
0.0,5,1.242263
0.0,19,1.242726
0.0,6,1.242923
1.0,66,1.244419
0.0,2,1.244523
0.0,9,1.244774
0.0,6,1.244965
0.0,4,1.245117
0.0,1,1.245198
0.0,11,1.245491
0.0,4,1.245634
0.0,6,1.245825
0.0,14,1.246187
0.0,17,1.246612
0.0,5,1.246776
0.0,4,1.246923
0.0,6,1.247121
0.0,1,1.247199
0.0,17,1.247622
0.0,7,1.247827
1.0,17,1.24827
0.0,24,1.248854
0.0,3,1.248976
0.0,1,1.249059
0.0,23,1.249612
1.0,14,1.249965
0.0,3,1.2501
0.0,4,1.250246
0.0,15,1.25063
0.0,4,1.250774
0.0,6,1.250967
0.0,7,1.251183
0.0,4,1.251327
0.0,8,1.251554
0.0,24,1.252136
0.0,6,1.252323
0.0,1,1.252398
0.0,20,1.252886
0.0,5,1.253061
0.0,1,1.253149
0.0,17,1.253581
0.0,3,1.253704
0.0,7,1.253914
0.0,2,1.254022
0.0,10,1.254301
0.0,3,1.254424
0.0,3,1.254551
0.0,3,1.254674
0.0,5,1.254848
0.0,10,1.255131
0.0,9,1.25538
0.0,2,1.25548
1.0,20,1.255969
0.0,7,1.256194
0.0,13,1.256542
0.0,13,1.256893
0.0,7,1.257112
0.0,15,1.257496
0.0,2,1.2576
0.0,29,1.2583
0.0,6,1.258487
0.0,18,1.258932
0.0,10,1.259223
0.0,2,1.259325
0.0,23,1.259887
0.0,22,1.260423
0.0,6,1.260612
0.0,2,1.260712
0.0,6,1.260898
0.0,8,1.26114
0.0,4,1.261291
0.0,1,1.261371
0.0,4,1.261517
0.0,4,1.26166
0.0,3,1.261785
0.0,6,1.261972
0.0,8,1.262215
0.0,5,1.262383
0.0,4,1.262525
0.0,34,1.263327
0.0,15,1.263717
0.0,7,1.263926
0.0,8,1.264167
0.0,1,1.264248
0.0,3,1.264376
0.0,6,1.264574
0.0,7,1.264785
0.0,5,1.26495
0.0,9,1.265207
0.0,9,1.265456
0.0,12,1.265777
0.0,10,1.26606
0.0,6,1.266249
0.0,3,1.26637
0.0,4,1.266513
0.0,3,1.266635
0.0,6,1.266829
0.0,38,1.267692
0.0,9,1.267949
0.0,9,1.268216
0.0,15,1.268606
0.0,4,1.268754
0.0,12,1.269082
0.0,7,1.269296
0.0,1,1.269376
0.0,3,1.269504
0.0,2,1.269605
0.0,6,1.269801
0.0,4,1.269945
0.0,10,1.270232
0.0,3,1.270361
0.0,5,1.270536
0.0,22,1.271072
0.0,11,1.271378
0.0,2,1.271479
0.0,6,1.271665
0.0,1,1.271741
0.0,6,1.271934
0.0,13,1.272291
0.0,2,1.272393
0.0,1,1.272469
0.0,5,1.272646
0.0,1,1.272722
0.0,16,1.273134
0.0,6,1.273327
0.0,7,1.273531
0.0,9,1.273778
0.0,11,1.274082
0.0,2,1.274184
0.0,7,1.274395
0.0,3,1.274523
0.0,14,1.274878
1.0,9,1.275136
1.0,18,1.275581
1.0,17,1.275993
0.0,14,1.276361
0.0,7,1.276573
0.0,8,1.276811
0.0,8,1.277048
0.0,10,1.277318
0.0,17,1.27774
0.0,10,1.278026
0.0,23,1.278579
0.0,3,1.278701
0.0,22,1.279238
0.0,4,1.279388
0.0,11,1.279686
0.0,5,1.27985
0.0,1,1.279925
0.0,16,1.280341
0.0,12,1.28067
0.0,2,1.280776
0.0,5,1.280944
1.0,16,1.281363
0.0,2,1.281465
0.0,2,1.281566
0.0,3,1.281694
0.0,5,1.281861
0.0,2,1.281966
0.0,5,1.282151
0.0,10,1.282426
0.0,8,1.282659
0.0,27,1.283308
0.0,12,1.28362
0.0,9,1.283874
0.0,8,1.284112
0.0,27,1.284741
0.0,16,1.285162
1.0,25,1.285748
0.0,11,1.286049
0.0,12,1.286362
0.0,30,1.287073
0.0,9,1.287329
0.0,1,1.287407
0.0,30,1.288117
1.0,26,1.288733
0.0,15,1.289125
0.0,23,1.289676
0.0,18,1.29013
0.0,3,1.290259
0.0,3,1.290382
0.0,1,1.290458
0.0,7,1.290671
0.0,8,1.290906
0.0,1,1.290981
0.0,5,1.291161
0.0,5,1.291334
0.0,16,1.291744
0.0,17,1.29218
0.0,2,1.292282
0.0,42,1.293248
1.0,31,1.293969
1.0,8,1.294205
1.0,7,1.294413
0.0,8,1.29464
0.0,1,1.29472
1.0,16,1.295126
0.0,15,1.295513
1.0,20,1.29601
0.0,12,1.296333
0.0,1,1.29641
0.0,16,1.296811
0.0,27,1.297456
0.0,34,1.298247
0.0,27,1.298888
0.0,14,1.299256
0.0,10,1.299534
0.0,15,1.299905
0.0,14,1.300268
0.0,10,1.300552
0.0,3,1.300676
0.0,11,1.300967
0.0,11,1.301265
0.0,9,1.301515
0.0,22,1.302046
0.0,1,1.302124
1.0,16,1.302529
0.0,5,1.302695
0.0,1,1.302771
0.0,22,1.303311
0.0,9,1.303568
1.0,27,1.304221
0.0,4,1.30437
0.0,31,1.305106
0.0,28,1.305765
0.0,3,1.305888
0.0,3,1.306017
0.0,6,1.306206
0.0,10,1.306476
0.0,4,1.306623
1.0,23,1.307175
0.0,29,1.307849
0.0,1,1.307925
0.0,30,1.308705
1.0,13,1.309088
0.0,12,1.309436
0.0,8,1.309668
1.0,11,1.309972
0.0,3,1.310107
0.0,9,1.310362
0.0,15,1.310747
0.0,9,1.311
0.0,5,1.311187
0.0,8,1.31142
1.0,12,1.31174
0.0,3,1.311862
0.0,4,1.312014
0.0,31,1.312727
0.0,16,1.31313
0.0,16,1.313537
0.0,9,1.313796
0.0,8,1.314042
0.0,3,1.314172
0.0,5,1.314337
0.0,3,1.314459
0.0,31,1.315187
0.0,6,1.315375
0.0,5,1.315545
0.0,3,1.315667
0.0,1,1.315742
0.0,4,1.315886
0.0,31,1.316618
0.0,16,1.317034
0.0,8,1.317271
0.0,9,1.317522
0.0,5,1.317696
0.0,3,1.317823
0.0,7,1.318038
0.0,5,1.318203
0.0,4,1.318354
0.0,6,1.31854
0.0,8,1.318766
0.0,11,1.319075
0.0,5,1.319242
0.0,6,1.319427
0.0,4,1.31957
0.0,5,1.319734
0.0,1,1.319809
1.0,9,1.320076
1.0,8,1.320303
0.0,10,1.320576
0.0,1,1.320652
0.0,2,1.320752
0.0,3,1.320873
0.0,8,1.321115
0.0,2,1.321218
0.0,2,1.321318
0.0,10,1.321596
0.0,2,1.321696
0.0,3,1.321818
0.0,1,1.321893
0.0,12,1.322225
0.0,2,1.322328
0.0,2,1.322428
0.0,11,1.322723
0.0,10,1.323012
0.0,2,1.323121
0.0,9,1.323372
0.0,9,1.323623
0.0,4,1.323765
0.0,17,1.324188
0.0,15,1.324564
0.0,8,1.324801
0.0,6,1.324995
0.0,3,1.325129
0.0,13,1.325462
0.0,6,1.325649
0.0,7,1.325856
0.0,2,1.325956
0.0,6,1.32615
0.0,15,1.326535
0.0,6,1.326727
0.0,2,1.326832
0.0,23,1.327397
0.0,1,1.327476
0.0,4,1.327626
0.0,4,1.327774
0.0,13,1.32812
0.0,11,1.32841
0.0,5,1.328574
0.0,2,1.328675
0.0,12,1.329008
1.0,18,1.329446
0.0,9,1.329695
0.0,6,1.329886
0.0,19,1.330352
1.0,15,1.330731
0.0,13,1.331082
0.0,27,1.331724
0.0,11,1.332025
0.0,7,1.332237
0.0,13,1.332569
0.0,16,1.332972
0.0,17,1.333405
0.0,5,1.333578
0.0,5,1.333748
0.0,2,1.333848
1.0,54,1.335062
1.0,14,1.33543
0.0,8,1.335667
0.0,5,1.335842
0.0,11,1.336149
0.0,27,1.336775
0.0,24,1.337353
0.0,7,1.337569
0.0,1,1.337646
0.0,11,1.337947
0.0,4,1.338101
0.0,20,1.338593
0.0,8,1.338825
0.0,12,1.339153
0.0,20,1.339642
0.0,22,1.340182
0.0,2,1.340288
0.0,6,1.340477
0.0,31,1.341203
0.0,5,1.34137
1.0,13,1.341711
0.0,4,1.341858
0.0,10,1.342143
0.0,16,1.342546
0.0,23,1.343095
0.0,4,1.34324
0.0,10,1.343509
0.0,7,1.343713
0.0,9,1.343961
0.0,7,1.344174
0.0,1,1.344251
0.0,6,1.344438
0.0,1,1.344518
0.0,5,1.344689
0.0,6,1.344877
0.0,9,1.345134
0.0,13,1.345476
1.0,9,1.345724
0.0,5,1.345887
0.0,8,1.346133
0.0,1,1.346212
0.0,12,1.346528
0.0,3,1.346648
0.0,8,1.346887
0.0,4,1.34704
0.0,5,1.347212
0.0,13,1.347543
0.0,9,1.3478
0.0,25,1.34841
0.0,4,1.34856
0.0,9,1.348809
0.0,14,1.349183
0.0,11,1.349476
0.0,19,1.349947
0.0,1,1.350031
1.0,17,1.350463
0.0,4,1.35061
0.0,8,1.350842
0.0,14,1.351219
0.0,6,1.351407
0.0,14,1.351773
0.0,8,1.352013
0.0,8,1.352247
0.0,3,1.3524
0.0,5,1.352571
0.0,3,1.352694
0.0,4,1.352837
0.0,11,1.353155
0.0,19,1.35363
0.0,3,1.353758
0.0,2,1.353864
0.0,3,1.353987
0.0,2,1.354097
0.0,2,1.354198
0.0,4,1.354342
0.0,38,1.355216
0.0,11,1.355517
0.0,11,1.355823
0.0,7,1.356045
0.0,12,1.356366
0.0,6,1.356552
0.0,4,1.356694
0.0,15,1.357085
0.0,16,1.357499
0.0,18,1.357939
0.0,5,1.358116
0.0,11,1.358423
0.0,2,1.358529
0.0,16,1.358923
0.0,6,1.359117
0.0,13,1.359455
0.0,37,1.360305
0.0,25,1.360886
0.0,3,1.361023
0.0,4,1.361169
0.0,20,1.361654
0.0,42,1.362628
0.0,3,1.362753
0.0,7,1.362965
1.0,14,1.363328
0.0,16,1.363738
0.0,9,1.363986
0.0,5,1.364166
0.0,17,1.364588
0.0,4,1.36474
0.0,7,1.364949
0.0,9,1.365214
0.0,3,1.365339
0.0,7,1.365547
0.0,5,1.365716
0.0,3,1.365844
0.0,2,1.365949
0.0,3,1.366081
0.0,10,1.366352
0.0,5,1.366517
0.0,4,1.366666
0.0,10,1.366939
0.0,5,1.367114
0.0,12,1.36744
0.0,9,1.367688
0.0,8,1.367921
0.0,5,1.368095
0.0,5,1.368261
0.0,1,1.368341
0.0,11,1.368641
0.0,1,1.368722
0.0,10,1.369015
0.0,4,1.369162
0.0,16,1.369563
0.0,4,1.369712
0.0,23,1.37027
0.0,9,1.370531
0.0,6,1.370725
0.0,16,1.371141
0.0,10,1.371418
0.0,13,1.371756
0.0,3,1.371883
0.0,8,1.372125
0.0,2,1.372227
0.0,9,1.372476
1.0,39,1.373371
0.0,7,1.373579
0.0,63,1.37499
0.0,12,1.375368
0.0,9,1.375627
0.0,6,1.375822
0.0,5,1.375993
0.0,2,1.376124
0.0,29,1.376818
0.0,5,1.376983
1.0,16,1.377391
0.0,3,1.37752
0.0,3,1.377642
0.0,8,1.377869
0.0,1,1.377944
0.0,4,1.378096
0.0,8,1.378338
0.0,13,1.378683
0.0,2,1.378787
0.0,5,1.378954
0.0,37,1.379813
0.0,22,1.380346
0.0,9,1.380603
0.0,4,1.380753
0.0,6,1.380948
0.0,1,1.381033
0.0,2,1.381136
1.0,8,1.381371
0.0,3,1.381493
1.0,12,1.38181
0.0,1,1.381885
0.0,3,1.382022
0.0,1,1.382101
0.0,7,1.382308
0.0,16,1.382714
0.0,4,1.382863
0.0,13,1.383217
0.0,1,1.383296
0.0,9,1.383546
0.0,13,1.383887
1.0,6,1.384085
0.0,3,1.384209
0.0,34,1.384979
0.0,5,1.385154
0.0,13,1.385493
0.0,7,1.385706
0.0,2,1.385806
0.0,2,1.385906
0.0,11,1.386218
0.0,3,1.386343
0.0,5,1.386513
0.0,4,1.386663
0.0,9,1.386919
0.0,2,1.387027
0.0,7,1.387243
0.0,3,1.387366
0.0,1,1.387442
0.0,3,1.38757
0.0,5,1.387743
0.0,4,1.387887
0.0,6,1.388083
0.0,4,1.388229
0.0,1,1.388305
0.0,2,1.388406
0.0,10,1.388677
0.0,4,1.388819
0.0,10,1.38911
0.0,12,1.389427
1.0,15,1.389812
0.0,8,1.390054
0.0,10,1.390333
0.0,1,1.39041
0.0,11,1.39071
0.0,3,1.390833
0.0,1,1.390909
0.0,30,1.391625
0.0,2,1.391728
0.0,4,1.391873
0.0,3,1.391995
0.0,3,1.392132
0.0,1,1.392209
0.0,5,1.392375
0.0,10,1.392644
0.0,2,1.392744
0.0,1,1.392819
0.0,5,1.392984
0.0,2,1.393113
0.0,2,1.393223
0.0,2,1.393346
0.0,4,1.393497
0.0,1,1.393574
0.0,2,1.393673
0.0,10,1.393951
0.0,11,1.394266
0.0,11,1.394569
0.0,32,1.395317
0.0,14,1.395679
0.0,8,1.395905
0.0,9,1.396167
0.0,4,1.396317
0.0,24,1.396885
0.0,16,1.397298
0.0,11,1.39759
0.0,13,1.397923
0.0,2,1.398034
0.0,10,1.398313
0.0,6,1.398498
0.0,4,1.39864
0.0,2,1.39874
0.0,13,1.399116
0.0,4,1.399276
0.0,4,1.39944
0.0,3,1.399563
0.0,10,1.399838
0.0,1,1.399918
0.0,5,1.400101
0.0,17,1.400527
0.0,8,1.400755
0.0,6,1.400947
0.0,5,1.401121
0.0,5,1.401293
0.0,5,1.401462
1.0,16,1.40186
0.0,14,1.402248
0.0,6,1.402443
0.0,1,1.402521
0.0,1,1.402598
0.0,16,1.40301
0.0,7,1.40322
0.0,2,1.403326
0.0,23,1.403873
1.0,9,1.404136
0.0,17,1.404563
0.0,6,1.40475
0.0,10,1.405027
0.0,1,1.405109
0.0,11,1.405411
0.0,10,1.405688
0.0,3,1.405812
0.0,4,1.405966
0.0,8,1.406209
1.0,14,1.406574
0.0,3,1.406697
0.0,5,1.406862
0.0,10,1.407153
0.0,5,1.407323
0.0,9,1.407583
0.0,2,1.407688
0.0,2,1.407794
0.0,9,1.408065
0.0,13,1.408509
1.0,9,1.408772
0.0,1,1.408849
0.0,13,1.409233
0.0,8,1.409488
0.0,9,1.409748
0.0,7,1.409962
0.0,3,1.410096
0.0,14,1.410465
0.0,3,1.410589
0.0,8,1.41082
0.0,19,1.411309
0.0,5,1.411478
1.0,12,1.411798
0.0,7,1.41202
0.0,11,1.41232
0.0,7,1.412529
0.0,3,1.412651
0.0,1,1.412731
0.0,1,1.412812
0.0,11,1.413126
0.0,11,1.413418
0.0,17,1.413843
0.0,11,1.414144
0.0,12,1.414462
0.0,6,1.414649
0.0,5,1.41482
0.0,5,1.414991
0.0,5,1.415168
0.0,18,1.415629
0.0,10,1.415908
0.0,8,1.416153
0.0,4,1.4163
0.0,18,1.416742
0.0,2,1.416843
1.0,23,1.417405
1.0,8,1.41764
0.0,5,1.417805
0.0,5,1.41797
0.0,5,1.418161
1.0,21,1.418695
0.0,4,1.418843
0.0,16,1.419261
0.0,5,1.41943
1.0,13,1.419768
0.0,5,1.419933
0.0,17,1.420371
0.0,7,1.420581
0.0,7,1.420793
0.0,1,1.420873
0.0,16,1.421282
1.0,13,1.421615
0.0,8,1.421848
0.0,6,1.422045
0.0,8,1.42228
0.0,10,1.422549
1.0,13,1.422885
0.0,3,1.423014
0.0,1,1.423091
0.0,19,1.423552
0.0,14,1.423916
0.0,1,1.423996
0.0,2,1.424107
0.0,12,1.424427
0.0,5,1.424597
0.0,18,1.425058
0.0,4,1.425212
0.0,6,1.425399
0.0,1,1.425474
0.0,5,1.425643
0.0,6,1.425834
0.0,10,1.426126
0.0,3,1.426254
0.0,1,1.426331
0.0,1,1.426407
0.0,7,1.42662
0.0,4,1.426764
0.0,8,1.426998
0.0,10,1.427286
0.0,5,1.427459
0.0,11,1.427762
0.0,1,1.427842
0.0,6,1.428042
0.0,3,1.428166
0.0,6,1.428352
0.0,9,1.428608
0.0,1,1.428688
0.0,16,1.429103
1.0,24,1.429677
0.0,33,1.430456
0.0,7,1.430664
0.0,23,1.431229
0.0,43,1.432207
0.0,1,1.432289
0.0,9,1.432538
0.0,7,1.43275
0.0,1,1.43283
0.0,5,1.432996
1.0,22,1.433539
1.0,24,1.434118
0.0,2,1.434218
0.0,8,1.434447
0.0,4,1.434594
0.0,10,1.434865
0.0,4,1.435022
0.0,8,1.43526
0.0,27,1.435897
0.0,6,1.436105
0.0,5,1.436277
0.0,5,1.436446
0.0,3,1.436569
0.0,11,1.436864
0.0,1,1.436941
0.0,12,1.437269
0.0,6,1.437464
0.0,4,1.437609
0.0,6,1.437794
0.0,6,1.43798
0.0,10,1.438258
0.0,9,1.438516
0.0,5,1.438682
0.0,9,1.438935
0.0,8,1.439172
0.0,5,1.439337
0.0,13,1.439677
0.0,13,1.440021
0.0,1,1.440102
0.0,4,1.44025
0.0,3,1.440378
0.0,1,1.440458
0.0,15,1.440848
1.0,15,1.441244
0.0,4,1.44139
0.0,1,1.441466
0.0,2,1.441567
0.0,11,1.441864
0.0,30,1.442562
0.0,5,1.442727
0.0,4,1.44288
0.0,18,1.443342
0.0,6,1.443542
0.0,10,1.443816
0.0,3,1.443944
0.0,10,1.444229
0.0,13,1.444574
0.0,3,1.444702
0.0,4,1.444846
0.0,15,1.445237
0.0,20,1.445732
0.0,17,1.44617
0.0,6,1.446362
0.0,4,1.446512
0.0,2,1.446616
1.0,30,1.447332
0.0,24,1.447913
0.0,8,1.448156
0.0,7,1.448371
0.0,9,1.44862
0.0,13,1.448951
0.0,13,1.449288
0.0,4,1.449433
0.0,14,1.449793
0.0,1,1.449872
1.0,15,1.450261
1.0,18,1.450707
0.0,4,1.450859
0.0,14,1.451233
0.0,9,1.451494
1.0,19,1.451975
0.0,10,1.452262
0.0,12,1.452584
0.0,28,1.453249
0.0,1,1.453331
0.0,12,1.453646
0.0,11,1.453945
0.0,3,1.454075
0.0,5,1.454247
0.0,8,1.454474
0.0,31,1.455206
0.0,17,1.455627
0.0,19,1.456095
0.0,7,1.456312
0.0,4,1.456458
0.0,23,1.457024
0.0,4,1.457171
0.0,9,1.457426
0.0,20,1.45792
0.0,10,1.458199
0.0,17,1.458626
0.0,3,1.45875
0.0,1,1.458826
0.0,3,1.458952
0.0,19,1.459434
0.0,5,1.459612
0.0,9,1.459872
1.0,26,1.460501
0.0,16,1.460915
0.0,16,1.461334
0.0,7,1.461546
0.0,9,1.461803
0.0,19,1.462278
0.0,3,1.462402
0.0,7,1.462608
0.0,5,1.462776
0.0,27,1.463416
1.0,33,1.464188
0.0,22,1.464719
0.0,2,1.464824
0.0,4,1.464969
0.0,7,1.465183
0.0,7,1.465398
0.0,14,1.465759
0.0,5,1.465928
0.0,22,1.466469
0.0,3,1.466594
0.0,5,1.466766
0.0,3,1.466892
0.0,7,1.467109
0.0,8,1.467344
0.0,5,1.467507
0.0,15,1.467897
0.0,3,1.468028
0.0,12,1.468348
0.0,10,1.468624
0.0,4,1.468777
0.0,5,1.468944
0.0,18,1.469399
0.0,1,1.469481
0.0,6,1.469678
0.0,8,1.469908
0.0,6,1.470108
0.0,21,1.470607
0.0,3,1.470734
0.0,1,1.470811
0.0,2,1.470916
0.0,5,1.471097
0.0,18,1.471552
0.0,29,1.47225
0.0,2,1.472358
0.0,6,1.472546
0.0,11,1.472843
0.0,6,1.473046
0.0,4,1.473198
0.0,3,1.473321
0.0,2,1.473422
0.0,3,1.473544
0.0,16,1.473938
0.0,15,1.474329
0.0,4,1.474486
0.0,5,1.474651
1.0,23,1.475206
0.0,5,1.475378
0.0,3,1.475502
0.0,5,1.475668
1.0,7,1.475874
0.0,4,1.476027
0.0,4,1.476174
0.0,2,1.476274
0.0,12,1.476593
0.0,21,1.477112
0.0,4,1.477265
0.0,14,1.477617
0.0,3,1.477744
0.0,1,1.47782
0.0,2,1.477921
0.0,29,1.478615
0.0,19,1.479094
0.0,18,1.479546
0.0,5,1.479711
0.0,7,1.479923
1.0,14,1.480293
0.0,15,1.480676
0.0,2,1.480777
1.0,11,1.481086
0.0,5,1.481252
0.0,6,1.481441
0.0,4,1.481591
0.0,3,1.481719
0.0,12,1.482048
0.0,8,1.482292
0.0,26,1.482902
0.0,2,1.483014
0.0,1,1.483096
0.0,6,1.483291
0.0,11,1.483588
0.0,6,1.483782
0.0,7,1.483994
0.0,1,1.484084
0.0,4,1.484234
0.0,4,1.484385
0.0,8,1.484617
0.0,7,1.484823
0.0,13,1.485179
0.0,12,1.485495
0.0,1,1.485576
0.0,12,1.485899
0.0,3,1.486031
0.0,3,1.486156
0.0,7,1.486369
0.0,14,1.486721
0.0,6,1.486912
0.0,1,1.486988
0.0,1,1.487074
0.0,4,1.487224
0.0,10,1.487504
1.0,21,1.48802
0.0,22,1.488558
0.0,1,1.488639
1.0,28,1.489308
0.0,12,1.489622
0.0,13,1.489957
0.0,11,1.490263
0.0,5,1.490438
0.0,2,1.490543
0.0,16,1.49096
0.0,13,1.491309
0.0,4,1.491455
0.0,13,1.491795
0.0,5,1.491961
0.0,3,1.492093
0.0,4,1.492248
0.0,13,1.49259
0.0,4,1.492735
0.0,6,1.492927
0.0,29,1.493621
0.0,8,1.493855
0.0,6,1.494056
0.0,6,1.494249
0.0,5,1.494415
0.0,16,1.494825
0.0,27,1.495466
0.0,5,1.495632
0.0,1,1.495712
0.0,6,1.495903
0.0,1,1.49598
0.0,7,1.496205
0.0,5,1.496408
0.0,5,1.496583
0.0,5,1.496757
0.0,4,1.496906
0.0,5,1.497088
0.0,4,1.497239
0.0,2,1.497344
1.0,39,1.498234
1.0,12,1.49856
0.0,5,1.49873
0.0,1,1.498811
0.0,15,1.499234
0.0,6,1.499441
0.0,11,1.499737
0.0,6,1.499938
0.0,16,1.500349
0.0,7,1.500557
0.0,15,1.500935
0.0,8,1.50117
0.0,11,1.501467
0.0,20,1.501953
0.0,13,1.502314
0.0,2,1.502422
0.0,4,1.502567
0.0,12,1.502881
0.0,1,1.502957
0.0,14,1.503319
0.0,8,1.503554
0.0,5,1.503727
0.0,7,1.503936
0.0,4,1.504087
0.0,14,1.504454
0.0,16,1.504847
0.0,1,1.504922
0.0,18,1.505371
0.0,4,1.505517
0.0,13,1.505862
0.0,1,1.505939
0.0,10,1.506226
0.0,1,1.506307
0.0,9,1.506558
0.0,5,1.506722
0.0,11,1.507025
0.0,1,1.507105
0.0,7,1.507313
0.0,8,1.507547
0.0,7,1.507752
0.0,8,1.507984
0.0,1,1.50807
0.0,3,1.508282
0.0,10,1.508576
0.0,11,1.508886
1.0,13,1.509232
0.0,4,1.509379
0.0,4,1.509524
0.0,2,1.509624
0.0,4,1.509774
0.0,24,1.510347
0.0,5,1.510524
0.0,5,1.51069
0.0,2,1.510795
0.0,4,1.51094
0.0,3,1.511073
0.0,1,1.511152
0.0,6,1.511339
0.0,7,1.511547
0.0,13,1.511884
0.0,7,1.512115
0.0,4,1.512266
0.0,33,1.513043
0.0,5,1.513215
0.0,4,1.51336
0.0,2,1.51346
0.0,14,1.513827
0.0,2,1.513929
0.0,1,1.514013
0.0,14,1.51437
0.0,18,1.514821
0.0,6,1.515014
0.0,4,1.515166
0.0,5,1.515331
0.0,28,1.515996
0.0,19,1.51647
0.0,4,1.516629
0.0,10,1.516906
0.0,3,1.517047
0.0,3,1.517174
0.0,9,1.517426
0.0,21,1.517937
0.0,9,1.518201
0.0,12,1.518514
0.0,3,1.518642
0.0,11,1.518941
0.0,7,1.519163
0.0,2,1.519269
0.0,3,1.519393
0.0,9,1.519642
0.0,7,1.519853
0.0,14,1.520225
0.0,8,1.520467
0.0,16,1.520869
0.0,7,1.521096
0.0,10,1.521371
0.0,1,1.52145
0.0,4,1.521601
0.0,7,1.521809
0.0,13,1.522164
0.0,1,1.522242
0.0,10,1.522519
0.0,1,1.522596
0.0,1,1.522672
0.0,36,1.523509
0.0,7,1.523724
0.0,9,1.523973
0.0,3,1.524104
0.0,5,1.524271
0.0,13,1.524616
0.0,5,1.52478
0.0,10,1.525057
0.0,3,1.52518
0.0,5,1.525345
0.0,4,1.525486
0.0,9,1.525735
0.0,2,1.52584
0.0,5,1.526012
0.0,1,1.526092
0.0,5,1.526264
0.0,11,1.526567
0.0,28,1.527234
0.0,6,1.527422
0.0,5,1.52759
0.0,9,1.527856
0.0,4,1.528008
0.0,1,1.528088
0.0,27,1.528721
0.0,8,1.528952
0.0,10,1.529234
0.0,2,1.529341
0.0,1,1.529421
0.0,22,1.529958
0.0,3,1.530096
0.0,3,1.530222
0.0,6,1.530409
0.0,4,1.530552
1.0,16,1.530956
0.0,1,1.53104
0.0,17,1.53148
0.0,7,1.531695
0.0,3,1.531818
0.0,1,1.531893
0.0,3,1.532029
1.0,6,1.532218
0.0,8,1.532447
0.0,3,1.532574
0.0,18,1.533035
0.0,7,1.533243
0.0,3,1.533369
0.0,1,1.533445
0.0,13,1.533794
0.0,12,1.534123
0.0,6,1.53431
0.0,2,1.534409
0.0,1,1.534484
0.0,3,1.534606
0.0,3,1.534728
0.0,6,1.534912
0.0,5,1.535092
0.0,2,1.535195
0.0,2,1.535295
0.0,3,1.535418
0.0,6,1.53561
0.0,9,1.535865
0.0,10,1.536145
0.0,4,1.53629
0.0,8,1.536519
0.0,4,1.536662
0.0,3,1.536789
0.0,6,1.536976
0.0,6,1.53717
0.0,16,1.537571
0.0,20,1.538069
0.0,5,1.538237
0.0,12,1.53856
0.0,2,1.538665
0.0,11,1.538954
0.0,7,1.539175
0.0,5,1.539353
0.0,31,1.540076
0.0,1,1.540155
0.0,12,1.540468
0.0,13,1.540803
0.0,12,1.541125
0.0,6,1.541311
0.0,29,1.541984
0.0,6,1.542183
0.0,13,1.542517
1.0,10,1.542793
0.0,8,1.54304
0.0,2,1.543148
0.0,5,1.543322
0.0,20,1.543815
0.0,4,1.543959
1.0,15,1.544364
0.0,3,1.544489
0.0,7,1.544701
0.0,12,1.545028
0.0,8,1.545259
0.0,6,1.545454
0.0,8,1.545683
0.0,7,1.545898
0.0,9,1.546157
0.0,3,1.54628
0.0,2,1.546381
0.0,1,1.546457
0.0,13,1.546796
0.0,4,1.54694
0.0,15,1.547322
0.0,9,1.54758
0.0,5,1.547752
0.0,10,1.548031
0.0,6,1.548226
0.0,2,1.548331
0.0,3,1.548454
0.0,2,1.548553
0.0,3,1.548674
0.0,3,1.548796
0.0,13,1.549139
0.0,4,1.549283
1.0,16,1.549679
0.0,7,1.549889
1.0,13,1.550234
0.0,3,1.550356
0.0,9,1.550616
0.0,5,1.550782
0.0,3,1.550908
0.0,2,1.551022
0.0,10,1.551296
1.0,7,1.551504
0.0,6,1.551689
0.0,5,1.551854
0.0,6,1.552056
0.0,3,1.552179
0.0,19,1.552643
0.0,6,1.552834
0.0,3,1.552958
1.0,9,1.553219
0.0,1,1.553297
0.0,8,1.553532
0.0,54,1.554753
0.0,3,1.554877
0.0,23,1.555441
0.0,23,1.55599
0.0,6,1.556189
0.0,8,1.556426
0.0,6,1.556612
0.0,3,1.556734
0.0,24,1.557317
0.0,6,1.557505
1.0,8,1.557731
0.0,2,1.55783
0.0,1,1.557907
0.0,5,1.558085
0.0,12,1.558405
0.0,2,1.558505
0.0,5,1.558676
1.0,33,1.559442
0.0,9,1.559695
0.0,3,1.559825
0.0,2,1.559929
0.0,5,1.560107
0.0,4,1.560252
0.0,12,1.560577
0.0,4,1.56072
1.0,7,1.560933
0.0,6,1.561136
0.0,19,1.561613
0.0,22,1.562154
0.0,18,1.562606
0.0,9,1.562866
0.0,5,1.563041
0.0,15,1.563418
0.0,5,1.563582
0.0,1,1.563657
0.0,24,1.564227
0.0,4,1.564376
0.0,2,1.564476
1.0,18,1.564922
0.0,4,1.56508
0.0,8,1.565322
0.0,13,1.565662
0.0,24,1.566236
0.0,7,1.566443
0.0,12,1.566771
0.0,4,1.566919
1.0,7,1.567134
0.0,3,1.567256
0.0,4,1.567401
0.0,14,1.567752
0.0,2,1.567858
0.0,10,1.568147
0.0,4,1.568293
0.0,3,1.568415
0.0,6,1.568599
0.0,3,1.568721
0.0,8,1.568956
0.0,7,1.569173
0.0,7,1.569387
0.0,21,1.569892
1.0,10,1.570178
0.0,13,1.570524
0.0,4,1.57067
0.0,7,1.570881
0.0,18,1.571331
0.0,7,1.57155
1.0,14,1.571914
0.0,9,1.572178
0.0,16,1.572585
0.0,2,1.572689
0.0,11,1.572984
0.0,3,1.573116
0.0,2,1.573221
1.0,15,1.573615
0.0,4,1.573758
0.0,11,1.574059
0.0,7,1.574273
0.0,1,1.574352
0.0,3,1.574476
0.0,10,1.574744
0.0,10,1.575026
0.0,35,1.57582
0.0,1,1.575897
0.0,5,1.576071
0.0,19,1.576548
0.0,2,1.576652
0.0,12,1.576966
0.0,9,1.577232
0.0,8,1.577478
1.0,21,1.577985
0.0,1,1.578069
0.0,24,1.578656
0.0,26,1.57928
1.0,32,1.580037
0.0,5,1.580208
0.0,19,1.580672
0.0,10,1.58095
1.0,10,1.581237
0.0,11,1.581529
0.0,3,1.581655
0.0,7,1.581868
1.0,25,1.582464
0.0,26,1.583087
0.0,10,1.583362
0.0,12,1.583681
0.0,8,1.583907
0.0,1,1.583983
0.0,45,1.584978
0.0,6,1.585205
0.0,11,1.585529
0.0,11,1.585828
0.0,1,1.585905
0.0,4,1.586085
0.0,12,1.586434
0.0,7,1.58665
0.0,24,1.587224
0.0,1,1.587302
0.0,3,1.587432
1.0,17,1.587867
0.0,12,1.5882
1.0,16,1.588599
1.0,16,1.589018
0.0,2,1.58912
0.0,1,1.589195
1.0,13,1.58954
0.0,27,1.590221
1.0,13,1.590576
0.0,14,1.590943
0.0,1,1.591029
0.0,4,1.591174
0.0,1,1.591255
0.0,4,1.591402
0.0,25,1.592017
0.0,1,1.5921
0.0,1,1.592181
0.0,3,1.592313
0.0,10,1.592585
0.0,3,1.592707
0.0,8,1.592947
0.0,16,1.593363
0.0,3,1.593493
0.0,6,1.593679
0.0,1,1.593755
0.0,4,1.593898
0.0,4,1.59405
0.0,14,1.594414
0.0,9,1.594668
0.0,2,1.594769
0.0,2,1.594873
0.0,9,1.595157
0.0,2,1.595264
0.0,8,1.595514
0.0,10,1.595791
0.0,7,1.596014
0.0,8,1.596249
0.0,9,1.596503
0.0,17,1.597023
0.0,30,1.597722
0.0,5,1.597901
0.0,5,1.598082
0.0,11,1.598379
0.0,9,1.598626
0.0,13,1.598961
0.0,3,1.599096
0.0,5,1.599294
0.0,7,1.599519
0.0,19,1.59998
0.0,3,1.600131
0.0,2,1.600238
0.0,5,1.600427
0.0,8,1.600655
0.0,2,1.60076
0.0,8,1.600991
0.0,9,1.601252
0.0,11,1.601557
0.0,1,1.601639
1.0,9,1.601891
0.0,2,1.601995
0.0,4,1.602153
0.0,1,1.602234
0.0,7,1.602445
0.0,4,1.602594
0.0,17,1.603027
0.0,5,1.6032
0.0,11,1.6035
0.0,13,1.603838
0.0,12,1.604168
0.0,10,1.604452
0.0,10,1.604721
0.0,4,1.604869
0.0,5,1.605049
0.0,6,1.605237
0.0,1,1.605314
0.0,5,1.605481
0.0,8,1.605709
0.0,1,1.605789
0.0,4,1.605937
0.0,18,1.606391
0.0,1,1.606471
0.0,6,1.606659
0.0,15,1.607042
0.0,8,1.60727
0.0,6,1.607462
0.0,19,1.607928
0.0,20,1.60842
0.0,11,1.608787
0.0,3,1.608921
0.0,14,1.609287
0.0,4,1.609439
0.0,8,1.609669
0.0,1,1.60975
0.0,6,1.609945
0.0,21,1.610515
0.0,3,1.610645
0.0,3,1.61077
0.0,8,1.611031
0.0,2,1.611141
0.0,15,1.611541
0.0,2,1.611646
0.0,3,1.611775
0.0,15,1.612174
0.0,30,1.612865
0.0,9,1.61313
0.0,8,1.613372
0.0,1,1.613453
0.0,44,1.614458
0.0,6,1.614657
0.0,37,1.615513
0.0,7,1.615722
0.0,7,1.615935
0.0,28,1.616606
0.0,16,1.617011
0.0,3,1.617136
0.0,5,1.617303
0.0,4,1.617446
0.0,11,1.617749
0.0,2,1.617853
0.0,5,1.618028
0.0,23,1.618578
0.0,15,1.618964
0.0,2,1.619073
0.0,15,1.619461
0.0,6,1.61965
0.0,3,1.619773
0.0,4,1.619917
0.0,2,1.620049
0.0,4,1.620203
0.0,17,1.620648
0.0,5,1.620815
0.0,30,1.621522
0.0,12,1.621838
0.0,25,1.622442
0.0,1,1.622521
0.0,9,1.622774
0.0,18,1.623235
0.0,10,1.62352
0.0,11,1.623818
0.0,26,1.624447
0.0,1,1.624529
0.0,8,1.62476
0.0,14,1.62514
0.0,10,1.625423
0.0,6,1.625619
0.0,6,1.625813
0.0,4,1.625957
0.0,9,1.626214
0.0,43,1.627189
0.0,13,1.627531
0.0,1,1.627609
0.0,4,1.627753
0.0,2,1.627854
0.0,4,1.627998
0.0,16,1.628415
0.0,8,1.628653
0.0,9,1.628904
0.0,3,1.629036
0.0,1,1.629118
0.0,30,1.629834
0.0,7,1.630057
0.0,10,1.630337
0.0,2,1.630437
0.0,5,1.630608
1.0,15,1.630995
0.0,5,1.6312
0.0,5,1.631393
1.0,12,1.631707
0.0,7,1.631922
0.0,2,1.632038
0.0,6,1.632238
0.0,2,1.632345
0.0,8,1.63258
0.0,4,1.632725
0.0,12,1.633049
0.0,2,1.633151
0.0,14,1.633512
0.0,25,1.634113
0.0,12,1.63444
0.0,3,1.63457
0.0,3,1.634693
0.0,7,1.634905
0.0,5,1.635087
0.0,5,1.635259
0.0,4,1.635408
0.0,6,1.635595
0.0,9,1.635843
0.0,28,1.636508
0.0,6,1.636701
0.0,4,1.63685
0.0,10,1.637135
1.0,6,1.637323
0.0,3,1.63745
0.0,12,1.637762
0.0,39,1.638666
0.0,9,1.638926
0.0,12,1.639248
0.0,2,1.639349
0.0,14,1.639701
1.0,12,1.640038
0.0,17,1.640497
0.0,4,1.640641
1.0,21,1.641188
0.0,10,1.641493
0.0,1,1.641571
0.0,40,1.642484
0.0,8,1.642713
0.0,5,1.642878
0.0,2,1.642978
0.0,6,1.643174
0.0,7,1.643383
0.0,5,1.643547
0.0,7,1.643759
0.0,5,1.643928
0.0,13,1.644274
0.0,4,1.644425
0.0,39,1.645316
0.0,11,1.645608
0.0,6,1.6458
0.0,1,1.645876
0.0,9,1.646136
0.0,8,1.646366
0.0,6,1.64657
0.0,5,1.646738
0.0,4,1.646889
0.0,4,1.647045
0.0,3,1.647175
0.0,3,1.647299
0.0,1,1.647375
1.0,20,1.647866
0.0,6,1.648072
0.0,5,1.64824
0.0,2,1.648341
0.0,6,1.648535
0.0,2,1.648636
0.0,4,1.648779
0.0,9,1.649044
1.0,33,1.649795
0.0,3,1.649916
0.0,8,1.650177
0.0,6,1.650385
0.0,7,1.650592
0.0,4,1.650734
0.0,6,1.650927
0.0,12,1.65126
0.0,18,1.651713
0.0,2,1.651818
0.0,10,1.652106
0.0,1,1.652188
0.0,10,1.652462
0.0,6,1.652648
0.0,1,1.652728
0.0,55,1.653967
0.0,4,1.654124
0.0,3,1.654253
0.0,4,1.654398
0.0,5,1.654565
0.0,4,1.654713
0.0,16,1.655121
0.0,7,1.655341
0.0,19,1.655812
0.0,7,1.65603
0.0,5,1.65621
1.0,11,1.656511
0.0,19,1.656979
0.0,13,1.657327
0.0,7,1.657541
0.0,4,1.657686
0.0,13,1.658031
0.0,5,1.658207
0.0,7,1.658419
0.0,7,1.658628
0.0,6,1.658818
0.0,9,1.659082
0.0,3,1.659207
0.0,20,1.659693
0.0,5,1.659865
0.0,5,1.660042
0.0,4,1.660188
0.0,7,1.660404
0.0,5,1.66058
0.0,9,1.660831
0.0,14,1.66124
0.0,6,1.661449
0.0,15,1.661833
0.0,2,1.661937
0.0,8,1.662179
0.0,13,1.662515
0.0,4,1.66266
0.0,9,1.662914
1.0,17,1.66335
0.0,16,1.663754
0.0,7,1.663969
0.0,2,1.664083
0.0,6,1.66428
0.0,12,1.664603
0.0,2,1.664704
0.0,5,1.664871
0.0,5,1.665051
0.0,12,1.66537
0.0,2,1.665472
1.0,10,1.665753
0.0,4,1.665902
0.0,6,1.666102
0.0,15,1.666489
0.0,18,1.666937
0.0,8,1.667184
0.0,24,1.667757
0.0,16,1.668172
0.0,3,1.668301
0.0,13,1.668646
0.0,7,1.668856
0.0,8,1.669098
0.0,5,1.669266
0.0,11,1.669569
0.0,9,1.669829
0.0,2,1.669936
0.0,6,1.670165
0.0,14,1.670554
0.0,4,1.670698
0.0,18,1.671189
0.0,3,1.671341
0.0,4,1.671491
0.0,4,1.67164
0.0,3,1.671764
0.0,16,1.672175
0.0,2,1.672281
0.0,12,1.672597
0.0,3,1.672726
0.0,2,1.672826
0.0,9,1.673086
0.0,6,1.67328
1.0,32,1.674046
0.0,11,1.674352
0.0,11,1.674648
1.0,16,1.675063
0.0,26,1.675688
0.0,5,1.67586
0.0,17,1.676294
0.0,34,1.677088
0.0,8,1.677327
0.0,21,1.677842
0.0,5,1.678014
0.0,7,1.678225
0.0,9,1.678474
0.0,5,1.67864
0.0,8,1.678872
0.0,2,1.678977
0.0,4,1.679136
0.0,4,1.679284
0.0,11,1.679576
0.0,4,1.679721
0.0,15,1.68013
0.0,1,1.680212
0.0,10,1.680509
0.0,8,1.680745
0.0,21,1.681261
0.0,4,1.681407
0.0,19,1.681871
0.0,5,1.682046
0.0,1,1.682124
0.0,4,1.682269
0.0,1,1.682345
0.0,13,1.682695
0.0,4,1.682843
0.0,3,1.682965
0.0,9,1.683261
0.0,3,1.683405
0.0,2,1.68351
0.0,1,1.683587
0.0,5,1.683753
0.0,3,1.683879
0.0,8,1.684115
0.0,8,1.684346
0.0,5,1.684514
0.0,6,1.684704
0.0,7,1.684911
0.0,16,1.685323
0.0,5,1.685489
0.0,4,1.685632
0.0,4,1.685775
0.0,3,1.685897
0.0,3,1.686028
0.0,5,1.686195
0.0,10,1.68648
0.0,13,1.686818
0.0,10,1.687104
0.0,1,1.687183
0.0,7,1.6874
0.0,1,1.68748
0.0,1,1.687557
0.0,4,1.687704
0.0,7,1.687915
0.0,8,1.688156
0.0,19,1.688624
0.0,8,1.688862
0.0,10,1.689144
0.0,15,1.689528
0.0,1,1.689609
0.0,4,1.68976
0.0,3,1.689884
0.0,3,1.69002
0.0,8,1.690252
0.0,10,1.690531
0.0,10,1.69081
0.0,2,1.690911
0.0,7,1.691146
0.0,2,1.691252
1.0,16,1.69168
0.0,8,1.691918
0.0,13,1.692273
0.0,2,1.692377
0.0,1,1.692453
0.0,13,1.692789
0.0,17,1.693231
0.0,12,1.693552
0.0,20,1.694051
0.0,12,1.694372
0.0,4,1.694522
0.0,7,1.694735
0.0,6,1.694934
0.0,14,1.695311
0.0,4,1.695461
0.0,9,1.695713
0.0,1,1.69579
0.0,14,1.696166
0.0,12,1.696487
0.0,7,1.696697
0.0,6,1.696888
0.0,7,1.697121
0.0,7,1.697337
0.0,13,1.697675
0.0,9,1.697941
0.0,2,1.698057
0.0,6,1.698254
0.0,1,1.698334
0.0,42,1.699298
0.0,17,1.699727
0.0,4,1.699876
0.0,16,1.700362
0.0,2,1.700464
0.0,2,1.700565
0.0,2,1.700665
0.0,2,1.700769
0.0,14,1.701164
0.0,14,1.701546
0.0,12,1.701867
0.0,3,1.701994
0.0,11,1.702308
0.0,5,1.702477
0.0,10,1.702751
0.0,9,1.703018
0.0,14,1.703385
0.0,11,1.703686
0.0,7,1.7039
0.0,10,1.704188
0.0,6,1.704377
0.0,2,1.704482
0.0,7,1.70469
0.0,4,1.704835
0.0,10,1.705116
0.0,1,1.705193
0.0,17,1.705618
0.0,5,1.705788
0.0,2,1.705889
0.0,2,1.70599
0.0,10,1.706267
0.0,4,1.70641
0.0,3,1.706531
0.0,34,1.707315
0.0,10,1.707585
0.0,6,1.707769
0.0,11,1.708073
1.0,33,1.708836
0.0,4,1.70898
0.0,2,1.709185
0.0,8,1.709452
0.0,15,1.709841
1.0,13,1.710224
0.0,19,1.710717
0.0,4,1.710867
0.0,6,1.711069
0.0,1,1.711152
0.0,2,1.711255
0.0,4,1.7114
0.0,4,1.711543
0.0,13,1.711877
0.0,1,1.711957
0.0,9,1.712228
1.0,12,1.712539
0.0,4,1.712684
0.0,2,1.712785
0.0,9,1.713049
0.0,4,1.713193
0.0,5,1.713361
0.0,2,1.713462
0.0,11,1.713752
0.0,9,1.713999
0.0,4,1.714155
0.0,6,1.714348
0.0,1,1.714424
0.0,5,1.714588
0.0,22,1.715115
0.0,13,1.715446
0.0,18,1.715892
0.0,8,1.716144
0.0,8,1.716383
0.0,14,1.716733
0.0,22,1.71727
0.0,24,1.717828
0.0,17,1.718259
0.0,8,1.718485
0.0,5,1.718652
0.0,46,1.719692
0.0,27,1.720327
0.0,3,1.720455
0.0,3,1.720577
0.0,3,1.720699
0.0,14,1.721066
1.0,18,1.721514
0.0,11,1.721813
0.0,13,1.722166
1.0,20,1.722653
0.0,16,1.723055
0.0,8,1.723287
0.0,3,1.723413
0.0,2,1.723514
0.0,6,1.723701
0.0,15,1.724091
0.0,12,1.72441
0.0,8,1.724637
0.0,4,1.724781
0.0,12,1.725119
0.0,2,1.725222
0.0,14,1.72559
0.0,7,1.725799
0.0,19,1.726267
0.0,15,1.726658
0.0,2,1.726759
0.0,23,1.72732
0.0,10,1.727604
0.0,1,1.727684
0.0,1,1.727762
0.0,15,1.728158
0.0,16,1.728555
0.0,3,1.728677
0.0,2,1.728781
0.0,3,1.728904
0.0,9,1.729172
0.0,4,1.72932
0.0,8,1.729548
0.0,2,1.729646
0.0,8,1.729873
0.0,2,1.729972
0.0,2,1.7301
0.0,1,1.730183
0.0,2,1.730294
0.0,2,1.730414
1.0,20,1.730906
0.0,6,1.731124
0.0,32,1.731897
0.0,7,1.732117
0.0,18,1.732555
1.0,41,1.733492
0.0,7,1.733708
0.0,20,1.734195
0.0,6,1.734386
0.0,14,1.734744
0.0,7,1.734954
0.0,14,1.735322
1.0,19,1.735789
0.0,37,1.73664
0.0,11,1.736936
0.0,4,1.737091
0.0,7,1.737308
0.0,9,1.737564
0.0,6,1.737751
0.0,7,1.737958
0.0,17,1.738381
0.0,5,1.738547
0.0,11,1.738835
0.0,14,1.739207
0.0,2,1.739309
0.0,7,1.739514
0.0,4,1.739661
1.0,12,1.73998
0.0,2,1.740108
0.0,6,1.740304
0.0,2,1.740418
0.0,6,1.740602
0.0,4,1.740744
0.0,4,1.740893
0.0,2,1.740998
0.0,3,1.74113
0.0,1,1.74121
0.0,9,1.741466
0.0,10,1.741739
0.0,3,1.741867
0.0,15,1.742268
0.0,32,1.74301
0.0,33,1.743752
0.0,10,1.744037
0.0,5,1.744202
0.0,12,1.744517
0.0,9,1.744766
0.0,7,1.744975
0.0,12,1.745306
0.0,8,1.745541
0.0,6,1.745736
0.0,17,1.746176
0.0,13,1.746511
0.0,3,1.746638
0.0,2,1.746738
0.0,8,1.746965
0.0,16,1.747374
0.0,6,1.74757
0.0,13,1.747911
0.0,18,1.74837
0.0,4,1.748522
0.0,3,1.748644
0.0,3,1.748769
0.0,3,1.748899
1.0,18,1.749343
0.0,6,1.749537
0.0,1,1.749613
0.0,1,1.749689
1.0,13,1.750033
0.0,10,1.750308
0.0,3,1.750435
0.0,16,1.750836
0.0,2,1.75094
1.0,17,1.751414
1.0,24,1.751981
0.0,18,1.752437
0.0,5,1.752605
0.0,3,1.752728
1.0,20,1.75323
0.0,46,1.754284
0.0,5,1.754452
0.0,5,1.754623
0.0,1,1.7547
0.0,7,1.754916
0.0,12,1.755237
0.0,4,1.755382
0.0,16,1.755777
0.0,7,1.755987
0.0,7,1.756206
0.0,2,1.75631
0.0,4,1.756459
0.0,12,1.756772
1.0,14,1.757138
0.0,7,1.757343
0.0,9,1.757595
0.0,13,1.75794
1.0,22,1.75847
0.0,2,1.758575
0.0,12,1.758896
0.0,15,1.759287
0.0,16,1.759691
0.0,3,1.759822
0.0,13,1.760194
0.0,2,1.760316
0.0,3,1.760438
0.0,3,1.760565
1.0,15,1.760949
0.0,1,1.761051
0.0,4,1.761212
0.0,21,1.761736
0.0,3,1.761859
0.0,13,1.762208
0.0,3,1.762332
0.0,2,1.762433
0.0,4,1.762587
0.0,15,1.762961
0.0,16,1.763377
0.0,2,1.763479
0.0,6,1.763666
0.0,2,1.763765
0.0,13,1.764118
0.0,8,1.764353
0.0,1,1.764433
0.0,8,1.76467
0.0,7,1.764884
0.0,3,1.765014
0.0,5,1.765181
0.0,4,1.765329
0.0,1,1.765404
0.0,15,1.765788
0.0,14,1.766149
0.0,5,1.766313
0.0,1,1.766388
0.0,3,1.766511
1.0,16,1.766911
0.0,6,1.767107
0.0,9,1.767369
0.0,2,1.76747
0.0,10,1.76774
0.0,3,1.767863
0.0,10,1.768148
0.0,5,1.768319
0.0,3,1.768442
0.0,3,1.768565
0.0,8,1.768797
0.0,2,1.768902
0.0,5,1.769083
0.0,10,1.769361
0.0,1,1.769437
0.0,4,1.769582
0.0,8,1.769818
0.0,2,1.769921
0.0,26,1.770596
0.0,12,1.77091
0.0,9,1.771172
0.0,7,1.771381
0.0,3,1.771511
0.0,1,1.771591
0.0,11,1.771889
0.0,3,1.77202
0.0,5,1.772195
0.0,3,1.772322
0.0,3,1.772445
0.0,8,1.772675
0.0,3,1.772797
0.0,5,1.772962
0.0,4,1.773118
0.0,3,1.773247
0.0,1,1.773323
0.0,51,1.77449
0.0,30,1.775208
0.0,1,1.775287
0.0,9,1.775548
0.0,2,1.775648
0.0,4,1.775796
0.0,2,1.775897
0.0,1,1.775972
0.0,1,1.776057
0.0,12,1.77639
0.0,4,1.776533
0.0,6,1.776727
0.0,7,1.77694
0.0,3,1.777073
0.0,13,1.777423
0.0,1,1.777499
0.0,6,1.777692
0.0,13,1.778037
0.0,3,1.778166
0.0,11,1.778464
0.0,3,1.778588
0.0,1,1.778667
0.0,3,1.778799
0.0,6,1.778992
0.0,1,1.779078
0.0,4,1.779227
0.0,10,1.779506
0.0,5,1.779676
0.0,18,1.78013
0.0,5,1.780301
0.0,8,1.780534
0.0,2,1.780638
0.0,1,1.780715
0.0,8,1.780942
1.0,28,1.781652
0.0,5,1.781817
0.0,6,1.782015
0.0,9,1.782271
0.0,13,1.782615
0.0,6,1.782802
0.0,19,1.783279
0.0,2,1.783384
0.0,4,1.783532
0.0,14,1.783885
0.0,2,1.783985
0.0,3,1.784118
0.0,3,1.784245
0.0,6,1.784437
0.0,3,1.784559
0.0,4,1.784706
0.0,6,1.784892
0.0,5,1.785065
0.0,3,1.785194
0.0,13,1.785523
1.0,12,1.785848
0.0,2,1.785954
0.0,5,1.786134
0.0,5,1.786302
0.0,11,1.786601
0.0,20,1.787091
0.0,19,1.787554
0.0,3,1.787676
0.0,7,1.787895
0.0,13,1.788237
0.0,6,1.788423
0.0,6,1.788606
0.0,13,1.788942
0.0,12,1.789272
0.0,25,1.78987
0.0,5,1.790061
1.0,26,1.790689
0.0,6,1.790877
0.0,7,1.791119
0.0,14,1.791512
0.0,10,1.791791
0.0,4,1.79194
0.0,7,1.792158
0.0,10,1.792431
1.0,22,1.79296
0.0,8,1.793197
0.0,4,1.793341
0.0,17,1.793766
0.0,3,1.793889
0.0,13,1.794239
0.0,8,1.794473
0.0,10,1.794747
0.0,8,1.794976
0.0,4,1.795127
0.0,4,1.795275
0.0,29,1.795935
0.0,3,1.796066
0.0,2,1.796171
0.0,1,1.796248
0.0,1,1.796324
0.0,1,1.796404
0.0,3,1.796528
0.0,5,1.796698
0.0,5,1.796869
0.0,2,1.796973
0.0,1,1.797057
0.0,1,1.797135
0.0,6,1.797326
0.0,7,1.797537
0.0,16,1.797935
0.0,13,1.798274
0.0,14,1.798635
0.0,10,1.798909
0.0,25,1.799505
1.0,42,1.80052
0.0,3,1.800643
0.0,14,1.800993
0.0,2,1.801107
1.0,26,1.801731
0.0,15,1.802123
0.0,6,1.802315
0.0,13,1.802659
0.0,7,1.80287
0.0,5,1.803045
0.0,2,1.803151
0.0,4,1.803299
0.0,6,1.803483
0.0,6,1.803673
0.0,23,1.804233
0.0,2,1.804335
0.0,10,1.804606
0.0,6,1.804796
0.0,12,1.805131
0.0,9,1.805387
0.0,23,1.805942
0.0,3,1.806076
0.0,4,1.806221
0.0,5,1.806384
0.0,3,1.806505
0.0,11,1.806798
0.0,1,1.806879
0.0,9,1.80714
0.0,9,1.807389
0.0,4,1.807533
0.0,3,1.807656
0.0,3,1.807787
0.0,21,1.808305
1.0,38,1.809176
0.0,10,1.809551
1.0,25,1.810189
0.0,3,1.810333
0.0,4,1.810479
0.0,6,1.81067
0.0,6,1.810858
0.0,3,1.810979
1.0,20,1.811523
0.0,8,1.811758
0.0,6,1.811949
0.0,3,1.812083
0.0,7,1.812292
0.0,10,1.812568
0.0,10,1.812843
0.0,8,1.81308
0.0,13,1.813413
0.0,10,1.813681
0.0,4,1.813825
0.0,6,1.814027
0.0,4,1.814178
1.0,18,1.814624
0.0,8,1.814857
0.0,11,1.815171
0.0,15,1.81555
0.0,14,1.815902
0.0,1,1.815981
0.0,8,1.816226
0.0,9,1.816479
0.0,9,1.816734
1.0,15,1.817122
0.0,1,1.817199
0.0,2,1.8173
0.0,6,1.817488
0.0,11,1.817789
0.0,3,1.817917
0.0,13,1.818266
0.0,9,1.81852
0.0,10,1.818795
0.0,7,1.819008
0.0,4,1.819153
0.0,16,1.81955
0.0,3,1.819673
0.0,5,1.819843
0.0,7,1.820065
0.0,8,1.820293
0.0,6,1.820488
0.0,11,1.820791
0.0,3,1.820912
0.0,1,1.820988
0.0,19,1.821467
0.0,5,1.821637
0.0,13,1.821974
0.0,2,1.822084
0.0,2,1.822186
0.0,6,1.822376
0.0,5,1.822544
0.0,24,1.823121
0.0,24,1.82369
0.0,14,1.824068
1.0,23,1.824623
0.0,2,1.824723
0.0,7,1.824929
0.0,1,1.82501
0.0,1,1.825094
0.0,7,1.82531
0.0,7,1.825519
0.0,8,1.825753
0.0,9,1.826015
0.0,6,1.826209
0.0,4,1.826353
0.0,1,1.826433
0.0,8,1.826663
0.0,1,1.826743
0.0,2,1.826848
0.0,6,1.827053
0.0,23,1.827606
0.0,4,1.827751
0.0,1,1.82783
0.0,6,1.828032
0.0,16,1.828446
0.0,3,1.82857
0.0,16,1.828973
1.0,15,1.829368
0.0,2,1.829471
0.0,10,1.829751
0.0,10,1.830039
0.0,16,1.830447
0.0,5,1.830618
0.0,8,1.830853
0.0,24,1.831442
0.0,2,1.831549
1.0,32,1.832303
0.0,4,1.832454
0.0,5,1.832629
0.0,3,1.832758
0.0,9,1.833025
0.0,7,1.833241
0.0,2,1.833342
0.0,11,1.833633
0.0,9,1.833882
0.0,10,1.834173
0.0,1,1.834255
0.0,7,1.834464
1.0,26,1.835085
1.0,20,1.835579
0.0,6,1.83577
0.0,4,1.835915
0.0,1,1.835994
0.0,1,1.83608
0.0,2,1.836181
0.0,8,1.836422
0.0,4,1.836566
0.0,3,1.836689
0.0,17,1.837114
0.0,8,1.837345
0.0,4,1.837495
0.0,11,1.837791
0.0,13,1.83814
0.0,13,1.838475
0.0,1,1.83855
0.0,1,1.838627
0.0,30,1.839346
0.0,26,1.839957
0.0,14,1.840321
0.0,17,1.840749
0.0,6,1.840942
0.0,14,1.841311
0.0,7,1.841517
0.0,6,1.841707
0.0,6,1.8419
0.0,5,1.842086
0.0,7,1.8423
1.0,22,1.842818
1.0,25,1.843415
1.0,13,1.843755
1.0,11,1.844062
0.0,5,1.844233
0.0,4,1.844381
0.0,3,1.844512
0.0,6,1.844699
0.0,13,1.845037
0.0,11,1.845334
0.0,17,1.845754
0.0,5,1.845918
1.0,8,1.84616
0.0,5,1.846329
0.0,15,1.846711
0.0,7,1.846927
0.0,8,1.847165
0.0,5,1.84733
0.0,3,1.847451
1.0,9,1.847699
0.0,6,1.847883
0.0,8,1.848126
0.0,4,1.848279
0.0,3,1.848408
0.0,1,1.848485
0.0,5,1.84866
0.0,1,1.848737
0.0,1,1.848812
1.0,11,1.849115
0.0,7,1.849326
0.0,7,1.849539
0.0,8,1.849774
0.0,1,1.849854
0.0,3,1.849978
0.0,10,1.850263
0.0,7,1.850469
0.0,11,1.850764
0.0,15,1.851152
0.0,1,1.85123
0.0,4,1.851378
0.0,19,1.85184
0.0,6,1.85204
0.0,20,1.852528
0.0,10,1.852798
0.0,12,1.853116
0.0,6,1.853307
0.0,4,1.85345
0.0,12,1.85377
0.0,1,1.85385
0.0,5,1.854026
0.0,19,1.854484
0.0,17,1.854915
0.0,1,1.854991
0.0,12,1.855323
0.0,6,1.855516
0.0,2,1.855616
0.0,5,1.855786
0.0,3,1.855913
0.0,1,1.855989
0.0,1,1.856074
0.0,3,1.856198
0.0,2,1.856298
0.0,12,1.856617
0.0,53,1.857825
0.0,9,1.85809
0.0,2,1.858194
0.0,3,1.858317
0.0,8,1.858552
0.0,2,1.858658
0.0,15,1.859051
0.0,11,1.859359
0.0,4,1.859504
0.0,2,1.859608
0.0,16,1.860019
0.0,3,1.860148
0.0,7,1.860357
0.0,3,1.86048
0.0,3,1.860602
0.0,1,1.860678
0.0,5,1.860843
0.0,19,1.86133
0.0,10,1.861609
0.0,8,1.861837
0.0,8,1.862081
0.0,5,1.862252
0.0,6,1.862449
0.0,11,1.862752
0.0,4,1.862902
0.0,7,1.863131
0.0,7,1.863343
0.0,12,1.863668
0.0,7,1.863884
0.0,20,1.864383
0.0,4,1.864528
0.0,18,1.86497
0.0,3,1.865098
0.0,1,1.865175
0.0,11,1.865472
0.0,7,1.865688
1.0,37,1.866537
1.0,17,1.866959
0.0,1,1.867048
0.0,4,1.867201
1.0,48,1.868282
0.0,7,1.86849
0.0,4,1.868633
0.0,6,1.868826
0.0,4,1.868971
0.0,7,1.869195
0.0,22,1.869722
1.0,6,1.869914
0.0,19,1.870385
1.0,13,1.870723
0.0,4,1.870864
0.0,11,1.871165
0.0,20,1.87166
0.0,5,1.871824
0.0,8,1.872068
0.0,8,1.872299
0.0,3,1.872422
0.0,10,1.872698
0.0,9,1.872952
0.0,5,1.873125
0.0,3,1.873252
0.0,5,1.873421
0.0,3,1.873545
0.0,3,1.873671
0.0,2,1.873771
0.0,5,1.873946
0.0,4,1.874099
0.0,3,1.874228
0.0,5,1.874399
0.0,12,1.874717
0.0,4,1.874869
0.0,20,1.875363
0.0,1,1.875441
0.0,13,1.875777
0.0,1,1.875857
0.0,7,1.876079
0.0,1,1.876161
0.0,2,1.876266
0.0,7,1.876474
0.0,18,1.876919
0.0,25,1.877518
0.0,13,1.877861
0.0,1,1.877941
0.0,8,1.878185
0.0,5,1.878357
0.0,10,1.878625
0.0,42,1.879585
0.0,11,1.879882
0.0,12,1.880209
0.0,19,1.880673
0.0,12,1.880986
0.0,14,1.881359
0.0,4,1.881507
0.0,1,1.881588
0.0,3,1.881711
0.0,2,1.881816
0.0,8,1.882054
0.0,12,1.882365
0.0,11,1.882664
0.0,10,1.88294
1.0,31,1.883656
0.0,16,1.884062
0.0,9,1.884324
0.0,7,1.88453
0.0,2,1.884629
0.0,6,1.884815
0.0,19,1.885293
0.0,4,1.885441
0.0,37,1.886278
0.0,20,1.886771
0.0,6,1.886963
0.0,1,1.887048
0.0,1,1.88713
0.0,4,1.887281
0.0,17,1.887709
1.0,11,1.888017
0.0,4,1.888162
0.0,2,1.888263
0.0,3,1.888389
0.0,4,1.888538
0.0,13,1.888868
0.0,10,1.889144
0.0,27,1.88977
0.0,11,1.890084
0.0,8,1.890314
0.0,1,1.89039
0.0,11,1.89068
0.0,9,1.890936
0.0,3,1.891072
0.0,11,1.891375
0.0,12,1.89169
0.0,5,1.891854
0.0,3,1.891979
0.0,6,1.892175
0.0,13,1.892519
0.0,8,1.892751
0.0,6,1.892937
0.0,3,1.893066
0.0,3,1.893195
0.0,16,1.8936
0.0,6,1.893787
0.0,4,1.893931
0.0,4,1.894083
0.0,5,1.894249
0.0,4,1.894392
0.0,2,1.894492
0.0,15,1.894872
0.0,16,1.895289
0.0,38,1.896152
0.0,30,1.896867
0.0,12,1.897199
0.0,7,1.897408
0.0,28,1.898068
0.0,4,1.898214
0.0,14,1.898576
0.0,7,1.898784
1.0,13,1.899138
0.0,10,1.89942
0.0,15,1.899815
0.0,2,1.899917
0.0,3,1.900048
0.0,4,1.900193
0.0,12,1.900513
1.0,13,1.900858
0.0,45,1.90188
0.0,1,1.901962
1.0,6,1.902169
0.0,17,1.902601
0.0,5,1.90277
0.0,19,1.903257
0.0,14,1.903616
0.0,6,1.903808
0.0,5,1.903978
0.0,6,1.904181
0.0,6,1.904375
0.0,5,1.90454
0.0,21,1.90505
0.0,20,1.905541
1.0,14,1.905902
0.0,7,1.906124
0.0,22,1.906667
1.0,14,1.907037
0.0,26,1.907654
0.0,10,1.907937
0.0,1,1.908021
0.0,5,1.908194
0.0,30,1.908896
0.0,4,1.909056
0.0,4,1.909207
0.0,5,1.909379
0.0,6,1.909574
0.0,4,1.909721
0.0,21,1.910228
0.0,2,1.91033
0.0,2,1.910498
0.0,28,1.911199
0.0,10,1.911495
0.0,3,1.911623
0.0,2,1.911724
0.0,5,1.911894
0.0,2,1.911994
0.0,19,1.912473
0.0,1,1.912555
0.0,21,1.913078
0.0,14,1.913437
0.0,14,1.913796
1.0,16,1.914207
0.0,3,1.914332
0.0,2,1.914437
0.0,6,1.914629
0.0,6,1.91482
0.0,6,1.915013
1.0,7,1.915229
0.0,6,1.915416
0.0,13,1.915752
0.0,2,1.915856
0.0,29,1.916548
0.0,25,1.917141
0.0,12,1.917465
0.0,10,1.917741
0.0,9,1.917994
0.0,11,1.918294
0.0,3,1.918416
0.0,5,1.918581
0.0,3,1.918709
0.0,8,1.918937
0.0,3,1.919087
0.0,4,1.919245
0.0,3,1.919384
0.0,3,1.919507
0.0,9,1.919758
0.0,8,1.919987
0.0,6,1.920182
0.0,9,1.920439
0.0,13,1.920777
0.0,1,1.920854
0.0,18,1.92131
0.0,13,1.921652
1.0,44,1.922647
0.0,2,1.922753
1.0,30,1.923453
0.0,26,1.924081
0.0,24,1.924647
0.0,4,1.924789
0.0,10,1.925074
0.0,4,1.925218
0.0,2,1.925318
0.0,14,1.92568
0.0,5,1.925846
0.0,8,1.926085
0.0,2,1.926187
0.0,2,1.926291
1.0,20,1.926776
0.0,13,1.927115
0.0,5,1.927281
0.0,15,1.927668
0.0,1,1.927744
0.0,11,1.928056
1.0,23,1.928606
0.0,6,1.928792
0.0,5,1.928956
0.0,25,1.929552
0.0,7,1.929767
0.0,12,1.930092
0.0,20,1.930573
0.0,8,1.930802
0.0,1,1.930877
0.0,7,1.931102
1.0,12,1.931416
0.0,13,1.931754
0.0,11,1.932058
0.0,18,1.932508
0.0,3,1.932632
1.0,11,1.932929
0.0,5,1.933107
0.0,23,1.933657
0.0,9,1.933902
0.0,4,1.93406
0.0,12,1.934377
0.0,3,1.934505
0.0,4,1.93465
0.0,1,1.934726
0.0,8,1.934962
0.0,4,1.935115
0.0,4,1.93526
0.0,1,1.935335
0.0,14,1.935691
0.0,2,1.935796
0.0,2,1.935901
0.0,6,1.936097
0.0,12,1.936417
0.0,2,1.936517
0.0,9,1.936769
0.0,5,1.936933
0.0,3,1.937082
0.0,3,1.93721
1.0,9,1.93749
0.0,2,1.937591
0.0,5,1.937754
0.0,2,1.937853
0.0,4,1.938026
0.0,3,1.938162
0.0,4,1.938324
0.0,8,1.938553
0.0,1,1.938628
0.0,6,1.938812
0.0,10,1.939093
0.0,3,1.93922
0.0,2,1.939319
0.0,3,1.939441
0.0,3,1.939562
0.0,1,1.939637
0.0,5,1.939806
0.0,2,1.939912
0.0,10,1.940225
0.0,6,1.940431
1.0,12,1.940739
0.0,4,1.940888
0.0,48,1.942027
0.0,18,1.942475
0.0,23,1.943046
0.0,16,1.943476
0.0,22,1.943996
0.0,16,1.94445
0.0,6,1.944634
0.0,2,1.944734
0.0,7,1.94494
0.0,6,1.945132
0.0,7,1.945349
0.0,6,1.945539
0.0,12,1.945859
0.0,3,1.945981
0.0,4,1.946155
0.0,4,1.946306
0.0,6,1.946508
0.0,10,1.946785
0.0,1,1.946866
0.0,11,1.947206
0.0,5,1.947399
0.0,3,1.947526
0.0,9,1.947786
0.0,9,1.948045
0.0,1,1.948123
0.0,4,1.948269
0.0,4,1.948412
0.0,10,1.948693
0.0,7,1.948906
0.0,1,1.948982
0.0,9,1.949254
0.0,12,1.949572
0.0,12,1.949886
0.0,3,1.950014
0.0,3,1.950139
0.0,5,1.950309
0.0,8,1.950536
0.0,2,1.950636
0.0,2,1.950735
0.0,11,1.95104
0.0,16,1.951435
0.0,4,1.951579
0.0,10,1.951849
0.0,10,1.952127
0.0,2,1.952227
0.0,2,1.952327
0.0,5,1.95249
0.0,5,1.952663
0.0,5,1.952831
0.0,1,1.952906
0.0,6,1.95311
0.0,6,1.953304
0.0,1,1.953379
0.0,3,1.953507
0.0,5,1.953676
0.0,4,1.95382
1.0,46,1.954851
0.0,2,1.954956
0.0,6,1.955157
0.0,7,1.955375
0.0,3,1.955501
0.0,1,1.955576
0.0,3,1.955704
0.0,9,1.955964
0.0,8,1.956212
0.0,2,1.956318
0.0,2,1.956419
0.0,7,1.956624
0.0,7,1.956834
0.0,4,1.956976
0.0,3,1.957111
0.0,3,1.957244
0.0,3,1.957366
0.0,1,1.957441
1.0,16,1.957839
0.0,12,1.958173
0.0,13,1.958514
0.0,24,1.959102
0.0,28,1.959775
0.0,3,1.959902
0.0,8,1.960145
0.0,15,1.960526
0.0,16,1.960928
0.0,18,1.961377
0.0,17,1.961796
0.0,3,1.961917
0.0,26,1.962538
0.0,3,1.962661
0.0,8,1.962886
0.0,15,1.963272
0.0,10,1.963546
0.0,1,1.963626
0.0,15,1.964014
0.0,11,1.964309
0.0,7,1.96452
0.0,1,1.964596
0.0,5,1.964761
0.0,6,1.964954
0.0,10,1.965238
0.0,5,1.965402
0.0,10,1.965667
0.0,6,1.965867
0.0,10,1.966145
0.0,14,1.966507
0.0,3,1.96663
0.0,3,1.966751
0.0,33,1.96752
0.0,11,1.967818
0.0,12,1.968143
0.0,3,1.968266
0.0,6,1.968451
0.0,4,1.968603
0.0,9,1.968857
0.0,2,1.968962
0.0,2,1.96907
0.0,4,1.969223
0.0,13,1.969565
0.0,5,1.969738
0.0,11,1.970041
0.0,10,1.970312
0.0,4,1.970455
0.0,4,1.970598
0.0,5,1.970767
1.0,16,1.971173
0.0,4,1.971318
0.0,2,1.971422
0.0,12,1.971744
0.0,5,1.971907
0.0,1,1.971983
0.0,1,1.972067
0.0,10,1.97234
0.0,8,1.972572
0.0,18,1.973016
0.0,4,1.973165
0.0,26,1.973776
0.0,3,1.973898
0.0,6,1.974097
0.0,10,1.97437
0.0,1,1.974446
0.0,30,1.975147
0.0,1,1.975229
0.0,7,1.975438
0.0,34,1.976213
1.0,33,1.976964
0.0,10,1.977246
0.0,7,1.977451
0.0,17,1.977878
0.0,16,1.97829
0.0,4,1.978434
0.0,2,1.978538
0.0,4,1.978682
0.0,4,1.97883
0.0,2,1.97893
0.0,7,1.979151
0.0,13,1.979493
0.0,6,1.979684
0.0,8,1.979909
0.0,2,1.980016
0.0,6,1.980204
0.0,4,1.98035
0.0,26,1.980955
0.0,1,1.981038
0.0,6,1.981225
0.0,17,1.981642
0.0,6,1.981826
0.0,15,1.982218
1.0,12,1.982538
1.0,22,1.98308
0.0,8,1.983312
0.0,6,1.983498
0.0,17,1.98391
0.0,24,1.984487
1.0,9,1.984736
0.0,11,1.98504
0.0,15,1.985428
0.0,10,1.985696
0.0,15,1.986086
0.0,6,1.986281
0.0,8,1.986508
0.0,8,1.986739
0.0,13,1.987082
0.0,4,1.987232
0.0,3,1.987359
0.0,13,1.9877
0.0,5,1.987869
0.0,4,1.988021
1.0,11,1.988313
0.0,24,1.988881
0.0,8,1.989128
0.0,13,1.98947
0.0,5,1.989635
0.0,21,1.990149
0.0,3,1.990276
0.0,2,1.990376
0.0,1,1.990452
0.0,9,1.990708
0.0,2,1.990808
0.0,4,1.990949
0.0,2,1.99106
0.0,2,1.991167
0.0,6,1.991356
0.0,4,1.991499
0.0,4,1.991646
0.0,6,1.991831
0.0,4,1.991977
1.0,14,1.992345
0.0,7,1.992552
0.0,6,1.992736
0.0,19,1.993212
0.0,10,1.993485
0.0,11,1.993783
0.0,5,1.993947
0.0,1,1.994078
0.0,2,1.994193
0.0,2,1.994306
0.0,1,1.994399
1.0,32,1.995173
0.0,11,1.995486
0.0,20,1.99597
0.0,8,1.996211
0.0,3,1.996335
0.0,5,1.996504
0.0,1,1.99658
1.0,23,1.997134
0.0,3,1.997262
0.0,14,1.997624
0.0,6,1.99781
0.0,28,1.998484
0.0,6,1.998676
0.0,11,1.998964
1.0,13,1.999303
0.0,15,1.999674
0.0,12,1.999993
0.0,1,2.0001
0.0,5,2.000289
0.0,1,2.000365
0.0,8,2.000594
0.0,27,2.001241
0.0,9,2.001489
0.0,4,2.001631
0.0,4,2.001777
1.0,12,2.002105
0.0,5,2.002275
0.0,8,2.00251
0.0,7,2.00272
0.0,4,2.002867
0.0,8,2.003107
0.0,36,2.003929
0.0,3,2.00406
0.0,14,2.004427
0.0,5,2.004589
0.0,19,2.005054
0.0,19,2.005528
0.0,16,2.005923
0.0,11,2.006222
0.0,23,2.006776
0.0,4,2.006919
0.0,1,2.006994
0.0,15,2.007386
0.0,8,2.007617
0.0,1,2.007694
0.0,21,2.008209
0.0,2,2.00831
0.0,2,2.00841
0.0,2,2.00851
0.0,7,2.008717
0.0,12,2.009049
0.0,10,2.009325
0.0,7,2.009538
0.0,6,2.009728
0.0,27,2.01037
0.0,5,2.010601
1.0,19,2.011083
0.0,7,2.011293
0.0,8,2.011525
0.0,22,2.012071
0.0,1,2.012154
0.0,9,2.01241
0.0,2,2.012512
0.0,6,2.012709
1.0,6,2.012897
0.0,6,2.013093
0.0,8,2.01333
0.0,1,2.013407
0.0,12,2.013728
0.0,21,2.01424
0.0,1,2.014319
0.0,4,2.014471
0.0,30,2.01517
0.0,3,2.015298
0.0,12,2.015618
0.0,10,2.015894
0.0,2,2.015995
0.0,10,2.016285
0.0,8,2.016515
0.0,8,2.016746
0.0,4,2.016894
0.0,8,2.017148
0.0,49,2.018267
0.0,4,2.018413
0.0,12,2.018731
0.0,4,2.018874
0.0,2,2.018973
0.0,7,2.019194
0.0,5,2.019361
0.0,1,2.019437
0.0,5,2.019603
1.0,17,2.020032
0.0,3,2.020156
0.0,10,2.020423
0.0,1,2.020499
0.0,1,2.020575
1.0,12,2.020896
0.0,2,2.021
0.0,7,2.021221
0.0,21,2.021727
0.0,7,2.02194
0.0,23,2.022503
0.0,25,2.023107
0.0,7,2.023323
0.0,24,2.023878
0.0,2,2.023981
0.0,12,2.024332
0.0,3,2.024468
0.0,2,2.024568
0.0,5,2.024737
0.0,22,2.025297
0.0,19,2.025776
0.0,3,2.025905
0.0,2,2.02602
0.0,3,2.026145
0.0,3,2.026273
0.0,2,2.026375
0.0,7,2.026588
0.0,1,2.026664
0.0,13,2.02701
0.0,10,2.02732
0.0,34,2.028143
0.0,9,2.028421
0.0,13,2.028763
0.0,7,2.028974
0.0,6,2.029168
0.0,2,2.029269
0.0,4,2.029412
1.0,9,2.02966
0.0,10,2.029935
0.0,27,2.030576
0.0,3,2.030699
0.0,5,2.030871
0.0,14,2.031246
0.0,6,2.031432
0.0,5,2.031595
0.0,12,2.031912
0.0,3,2.032046
0.0,3,2.032186
0.0,11,2.032484
0.0,14,2.032844
0.0,5,2.033023
0.0,7,2.033243
0.0,4,2.033391
0.0,4,2.033536
0.0,3,2.033658
0.0,2,2.033757
0.0,11,2.034061
0.0,7,2.034276
0.0,5,2.034443
0.0,2,2.034543
0.0,5,2.03471
0.0,5,2.034881
0.0,14,2.03525
0.0,2,2.035358
0.0,4,2.035502
0.0,1,2.035577
0.0,6,2.035764
0.0,13,2.036108
0.0,22,2.036624
0.0,5,2.036794
0.0,4,2.036938
0.0,6,2.037139
0.0,3,2.037263
0.0,5,2.037434
0.0,1,2.03751
0.0,10,2.037792
0.0,6,2.037978
0.0,4,2.038127
0.0,2,2.038233
0.0,17,2.038649
0.0,6,2.038843
0.0,6,2.039043
0.0,14,2.039405
0.0,1,2.039485
0.0,3,2.039608
0.0,7,2.039813
0.0,6,2.04001
0.0,4,2.04016
0.0,20,2.04065
0.0,2,2.040754
1.0,16,2.041161
0.0,1,2.041238
0.0,4,2.041381
0.0,3,2.041503
0.0,9,2.041749
0.0,1,2.041829
0.0,10,2.04211
0.0,9,2.04236
0.0,19,2.042814
0.0,4,2.042958
0.0,2,2.043067
1.0,18,2.04351
0.0,13,2.043853
0.0,1,2.043929
0.0,15,2.044331
0.0,13,2.044667
0.0,22,2.04521
0.0,2,2.045316
0.0,14,2.045682
0.0,7,2.04589
0.0,8,2.046137
0.0,12,2.046463
0.0,13,2.046805
0.0,1,2.04688
0.0,21,2.047399
0.0,12,2.047711
0.0,3,2.047832
0.0,3,2.047955
0.0,6,2.048172
0.0,6,2.048391
0.0,1,2.048468
0.0,2,2.048569
0.0,1,2.048644
0.0,9,2.048894
0.0,3,2.049027
0.0,6,2.049216
0.0,23,2.049769
0.0,2,2.049875
0.0,4,2.050025
0.0,3,2.050153
1.0,13,2.050493
0.0,21,2.051011
0.0,17,2.051436
0.0,10,2.051706
0.0,28,2.052366
0.0,3,2.052491
0.0,17,2.052917
0.0,6,2.053118
0.0,8,2.053357
0.0,10,2.053636
0.0,11,2.053941
0.0,6,2.054138
0.0,4,2.054283
0.0,15,2.054661
0.0,14,2.055029
1.0,11,2.055331
0.0,16,2.055723
1.0,23,2.056278
0.0,3,2.0564
0.0,1,2.056476
0.0,2,2.05658
0.0,16,2.056981
0.0,4,2.057132
0.0,3,2.057258
0.0,4,2.057401
0.0,14,2.057765
0.0,2,2.057866
0.0,7,2.058085
0.0,1,2.058163
0.0,11,2.058455
0.0,10,2.058736
0.0,5,2.058908
0.0,2,2.059016
0.0,5,2.05919
0.0,8,2.059425
0.0,8,2.059669
0.0,3,2.059791
0.0,11,2.060099
0.0,3,2.060222
0.0,3,2.060344
0.0,6,2.060529
0.0,5,2.060694
0.0,20,2.061193
0.0,1,2.061271
0.0,14,2.061634
0.0,8,2.061862
0.0,3,2.061989
0.0,5,2.062175
0.0,8,2.062408
0.0,2,2.062514
0.0,2,2.062615
0.0,1,2.062691
0.0,4,2.062835
0.0,6,2.063039
0.0,4,2.06319
0.0,38,2.064059
0.0,4,2.064204
0.0,6,2.064392
0.0,8,2.064627
0.0,5,2.064796
0.0,6,2.064986
0.0,9,2.065248
0.0,3,2.065374
0.0,3,2.0655
0.0,5,2.065667
0.0,22,2.066207
0.0,14,2.066565
0.0,56,2.067814
0.0,3,2.067938
0.0,14,2.068306
0.0,4,2.068451
0.0,17,2.068879
0.0,24,2.069445
0.0,10,2.069724
0.0,5,2.069896
0.0,2,2.070009
0.0,30,2.070707
0.0,4,2.070854
0.0,8,2.071098
0.0,5,2.071269
0.0,8,2.071499
0.0,8,2.071733
0.0,8,2.071968
0.0,1,2.072058
0.0,6,2.072258
0.0,4,2.072409
0.0,6,2.072603
0.0,3,2.072725
0.0,13,2.073069
0.0,8,2.073303
0.0,8,2.073532
0.0,6,2.073724
0.0,13,2.07407
0.0,4,2.074215
0.0,3,2.074342
0.0,10,2.074619
0.0,1,2.074695
0.0,1,2.074771
0.0,1,2.074851
0.0,6,2.07505
0.0,4,2.075196
0.0,3,2.075319
0.0,9,2.075572
0.0,45,2.076609
0.0,7,2.076824
0.0,4,2.076973
0.0,4,2.077124
0.0,3,2.077253
0.0,1,2.077333
0.0,15,2.077711
0.0,5,2.077887
0.0,5,2.078063
0.0,12,2.078385
0.0,4,2.078533
0.0,1,2.078609
0.0,8,2.078838
0.0,1,2.078913
0.0,12,2.079235
0.0,27,2.079879
0.0,1,2.079956
0.0,3,2.080085
0.0,2,2.08019
0.0,6,2.080377
0.0,10,2.080652
0.0,2,2.080752
0.0,6,2.080939
0.0,6,2.081138
0.0,21,2.081649
0.0,9,2.081898
1.0,8,2.082138
0.0,7,2.082343
0.0,6,2.082534
0.0,27,2.083171
0.0,5,2.08334
0.0,3,2.083462
0.0,6,2.083654
0.0,6,2.083841
0.0,1,2.08392
0.0,9,2.084189
0.0,3,2.084313
0.0,2,2.084414
0.0,1,2.084494
0.0,10,2.084778
0.0,3,2.084902
1.0,25,2.085507
0.0,7,2.085728
0.0,1,2.085808
0.0,16,2.086229
0.0,15,2.086617
1.0,11,2.086917
0.0,12,2.087243
0.0,3,2.087366
0.0,20,2.087846
0.0,18,2.088303
0.0,11,2.088598
0.0,9,2.088848
0.0,3,2.088969
0.0,9,2.089226
0.0,18,2.089666
0.0,3,2.089792
0.0,13,2.090135
0.0,4,2.090281
0.0,4,2.090429
0.0,4,2.090574
0.0,22,2.091117
1.0,7,2.091334
0.0,12,2.091661
1.0,20,2.092153
0.0,16,2.092556
0.0,15,2.092945
0.0,12,2.093274
0.0,7,2.093482
0.0,6,2.093673
0.0,22,2.094207
1.0,14,2.094563
0.0,10,2.094832
0.0,2,2.094933
1.0,12,2.095258
0.0,7,2.095472
0.0,7,2.095684
0.0,11,2.095982
0.0,7,2.096203
0.0,12,2.096519
0.0,8,2.09675
0.0,17,2.097185
0.0,5,2.097353
0.0,7,2.09756
0.0,16,2.09796
0.0,25,2.098551
0.0,4,2.098696
0.0,9,2.098955
0.0,5,2.099128
0.0,2,2.099233
0.0,28,2.099886
0.0,15,2.100314
0.0,30,2.101024
0.0,11,2.101331
0.0,2,2.101438
0.0,16,2.101841
0.0,3,2.101969
0.0,4,2.102123
1.0,10,2.102395
1.0,14,2.102762
0.0,4,2.102913
0.0,1,2.102994
0.0,4,2.103154
0.0,1,2.103231
0.0,1,2.103307
0.0,10,2.103584
0.0,4,2.103728
1.0,12,2.104061
0.0,5,2.104227
0.0,10,2.104503
0.0,10,2.104771
0.0,9,2.105035
0.0,8,2.105272
0.0,16,2.10568
0.0,2,2.105784
0.0,16,2.106195
0.0,9,2.106452
0.0,19,2.106931
0.0,9,2.107201
0.0,7,2.107416
0.0,25,2.108011
0.0,4,2.108165
0.0,16,2.108562
0.0,5,2.108739
0.0,15,2.109131
0.0,17,2.109549
0.0,10,2.109827
0.0,7,2.110047
0.0,3,2.110172
0.0,18,2.110614
0.0,12,2.11099
0.0,44,2.112054
0.0,4,2.112202
0.0,7,2.112409
0.0,3,2.11253
0.0,6,2.112722
0.0,27,2.113355
0.0,3,2.113481
0.0,3,2.113608
0.0,13,2.11395
0.0,1,2.114038
0.0,3,2.114167
0.0,2,2.114269
0.0,6,2.114461
0.0,8,2.11469
0.0,2,2.11479
0.0,5,2.114955
0.0,5,2.115128
0.0,2,2.115229
0.0,19,2.115697
0.0,2,2.1158
0.0,3,2.115922
0.0,2,2.11603
0.0,1,2.116111
0.0,11,2.116412
0.0,1,2.116489
0.0,21,2.116995
0.0,5,2.117173
0.0,9,2.117428
0.0,13,2.117765
0.0,12,2.118099
0.0,1,2.11818
0.0,2,2.118282
0.0,8,2.118517
0.0,1,2.118597
1.0,9,2.118851
0.0,8,2.119099
0.0,3,2.119227
0.0,7,2.119436
0.0,9,2.119701
0.0,3,2.119825
0.0,4,2.119967
0.0,1,2.120051
0.0,5,2.120223
0.0,9,2.120474
0.0,13,2.120818
0.0,4,2.120963
0.0,5,2.121138
0.0,7,2.121344
0.0,2,2.121444
0.0,6,2.121634
0.0,6,2.121821
0.0,30,2.122533
0.0,25,2.123132
0.0,7,2.123348
1.0,9,2.123596
0.0,1,2.123671
0.0,10,2.123948
1.0,20,2.124439
0.0,3,2.124563
0.0,1,2.124638
0.0,8,2.124866
0.0,11,2.125179
0.0,5,2.125351
0.0,17,2.125782
0.0,6,2.125967
0.0,16,2.126381
0.0,2,2.126484
0.0,13,2.126823
0.0,17,2.127255
0.0,13,2.127588
0.0,2,2.127687
0.0,18,2.128136
0.0,41,2.12908
0.0,21,2.129588
0.0,2,2.129694
0.0,1,2.129771
0.0,9,2.13003
0.0,12,2.130349
0.0,16,2.130748
0.0,7,2.13096
0.0,14,2.131329
0.0,8,2.131557
0.0,3,2.131678
0.0,5,2.131841
0.0,12,2.132168
0.0,9,2.132424
0.0,3,2.132545
0.0,6,2.13273
0.0,5,2.132895
0.0,1,2.132969
0.0,14,2.133334
0.0,12,2.133654
0.0,7,2.133864
0.0,3,2.133991
1.0,10,2.134275
1.0,23,2.134823
0.0,11,2.135133
1.0,22,2.135652
0.0,1,2.135727
1.0,6,2.135918
0.0,8,2.136165
0.0,3,2.136292
0.0,9,2.136541
0.0,35,2.137359
0.0,3,2.137487
0.0,7,2.1377
0.0,3,2.137828
0.0,17,2.138251
0.0,55,2.13947
0.0,2,2.139577
0.0,19,2.140057
0.0,21,2.140561
0.0,4,2.140704
0.0,4,2.140846
0.0,6,2.141046
0.0,9,2.141297
0.0,2,2.141402
0.0,11,2.1417
0.0,6,2.141886
0.0,1,2.141962
0.0,12,2.142296
0.0,4,2.142443
0.0,6,2.14263
0.0,2,2.142734
0.0,7,2.142953
0.0,28,2.143613
0.0,10,2.143893
0.0,9,2.144153
0.0,8,2.144393
0.0,6,2.144583
0.0,1,2.144659
0.0,13,2.145
1.0,11,2.145302
0.0,2,2.145402
0.0,4,2.145545
0.0,1,2.145625
0.0,5,2.145798
0.0,6,2.145984
0.0,2,2.146092
0.0,4,2.146241
0.0,6,2.146428
1.0,34,2.147204
0.0,3,2.147327
0.0,1,2.147407
0.0,1,2.147484
0.0,1,2.147559
0.0,5,2.147728
0.0,2,2.147827
0.0,4,2.147975
0.0,3,2.148106
0.0,14,2.148474
0.0,3,2.148602
1.0,14,2.14896
0.0,5,2.149133
0.0,6,2.149319
0.0,3,2.149441
0.0,3,2.149567
0.0,4,2.149712
0.0,27,2.150355
0.0,10,2.150632
0.0,5,2.150797
1.0,18,2.151257
0.0,6,2.151449
0.0,2,2.15155
0.0,1,2.151625
0.0,6,2.151812
0.0,6,2.151999
0.0,4,2.152153
0.0,3,2.152274
0.0,4,2.152418
0.0,9,2.152675
0.0,5,2.152841
1.0,12,2.153171
0.0,3,2.153295
0.0,3,2.153425
0.0,2,2.153526
0.0,3,2.153648
0.0,10,2.153918
1.0,21,2.154428
0.0,7,2.154643
1.0,33,2.15542
0.0,1,2.155502
0.0,3,2.155632
0.0,4,2.155782
0.0,8,2.15602
0.0,4,2.156167
0.0,3,2.156289
0.0,5,2.156459
0.0,8,2.156703
0.0,8,2.156936
0.0,14,2.157296
0.0,17,2.157722
0.0,3,2.157844
0.0,2,2.157943
0.0,2,2.158051
0.0,22,2.158594
0.0,1,2.158671
0.0,9,2.158921
0.0,17,2.159354
0.0,10,2.159631
0.0,7,2.159839
0.0,19,2.160321
0.0,2,2.160423
0.0,3,2.16055
0.0,25,2.161157
0.0,9,2.161415
0.0,11,2.16171
0.0,5,2.161881
0.0,11,2.162192
1.0,10,2.162471
0.0,5,2.162642
0.0,2,2.162747
0.0,13,2.163106
0.0,6,2.163301
0.0,11,2.163594
0.0,28,2.164256
0.0,10,2.164531
0.0,11,2.16483
0.0,5,2.164994
0.0,18,2.165459
0.0,4,2.165606
0.0,1,2.165686
0.0,5,2.165857
0.0,4,2.166012
0.0,3,2.166137
0.0,1,2.166212
0.0,2,2.166312
0.0,8,2.166543
0.0,14,2.166909
0.0,17,2.16733
0.0,16,2.167727
0.0,4,2.167871
0.0,6,2.168068
0.0,9,2.168324
0.0,12,2.168644
0.0,11,2.168929
0.0,4,2.169079
0.0,11,2.169367
0.0,5,2.169536
0.0,20,2.170035
0.0,5,2.170203
0.0,14,2.170563
0.0,20,2.171059
0.0,14,2.171431
1.0,44,2.172441
1.0,23,2.172995
0.0,3,2.17313
0.0,5,2.173294
0.0,11,2.173582
0.0,6,2.173772
0.0,8,2.174016
0.0,6,2.174203
0.0,5,2.174367
0.0,6,2.174551
0.0,2,2.174651
0.0,5,2.174814
0.0,4,2.174955
0.0,2,2.175063
0.0,9,2.175319
0.0,14,2.175668
0.0,43,2.176634
0.0,12,2.176944
0.0,4,2.177095
0.0,13,2.177437
0.0,5,2.177601
0.0,2,2.177705
0.0,4,2.17785
0.0,2,2.17795
0.0,1,2.178038
0.0,4,2.178185
0.0,3,2.178313
0.0,4,2.17846
0.0,8,2.178694
0.0,9,2.178945
0.0,20,2.179441
0.0,18,2.179887
0.0,18,2.180339
0.0,16,2.180739
0.0,5,2.180903
0.0,9,2.181162
0.0,1,2.181239
0.0,1,2.181319
0.0,18,2.181758
0.0,1,2.181837
1.0,8,2.182077
0.0,6,2.182272
0.0,2,2.182373
0.0,5,2.18254
0.0,23,2.183083
0.0,18,2.183519
0.0,6,2.183709
0.0,10,2.183984
0.0,21,2.184542
0.0,1,2.184623
0.0,4,2.184768
0.0,8,2.185
0.0,17,2.185436
0.0,4,2.185579
0.0,11,2.185873
0.0,20,2.18637
0.0,2,2.186472
0.0,15,2.18685
0.0,1,2.18693
1.0,25,2.187528
0.0,7,2.18774
0.0,5,2.187905
0.0,10,2.18819
0.0,12,2.188506
0.0,12,2.188818
1.0,18,2.189269
0.0,3,2.18939
0.0,4,2.189532
0.0,17,2.18995
0.0,6,2.190148
0.0,6,2.190339
0.0,10,2.190605
0.0,10,2.190881
0.0,3,2.191015
0.0,9,2.191267
0.0,2,2.191367
0.0,1,2.191442
0.0,3,2.191564
0.0,6,2.191755
1.0,12,2.192085
0.0,8,2.192318
0.0,1,2.192398
0.0,21,2.19291
0.0,10,2.193194
0.0,16,2.193588
0.0,13,2.193928
0.0,8,2.194165
0.0,5,2.194335
0.0,1,2.194414
0.0,21,2.194926
0.0,14,2.195285
0.0,21,2.195796
0.0,5,2.195966
0.0,18,2.196415
0.0,10,2.196684
0.0,11,2.196977
0.0,3,2.197107
0.0,4,2.197256
1.0,9,2.197504
0.0,13,2.197847
0.0,7,2.198068
0.0,5,2.198239
0.0,5,2.198408
0.0,11,2.198704
1.0,10,2.198972
0.0,7,2.199186
0.0,8,2.199413
0.0,15,2.199787
0.0,1,2.199867
0.0,3,2.199994
0.0,8,2.200234
0.0,12,2.200556
0.0,1,2.200637
0.0,5,2.200809
0.0,9,2.201085
0.0,8,2.201338
0.0,1,2.201417
0.0,9,2.201672
0.0,3,2.201794
0.0,11,2.202095
0.0,10,2.202364
1.0,7,2.202569
0.0,3,2.202695
0.0,24,2.203272
1.0,32,2.204011
0.0,4,2.204156
0.0,15,2.204548
1.0,16,2.20494
0.0,49,2.206028
0.0,3,2.206157
0.0,9,2.206406
0.0,4,2.206556
0.0,10,2.206827
1.0,13,2.207174
0.0,6,2.207359
0.0,2,2.207458
0.0,1,2.207537
0.0,9,2.207796
0.0,19,2.208268
0.0,1,2.20835
0.0,4,2.208496
0.0,6,2.20868
0.0,4,2.208823
0.0,5,2.208993
0.0,4,2.20915
0.0,1,2.209227
0.0,2,2.209333
0.0,15,2.209714
1.0,17,2.210143
0.0,11,2.210435
0.0,14,2.210803
0.0,6,2.211091
0.0,9,2.211375
0.0,1,2.211453
0.0,12,2.211775
0.0,6,2.211962
0.0,3,2.212101
0.0,10,2.212374
0.0,3,2.212499
0.0,1,2.212576
0.0,8,2.212803
0.0,1,2.212883
0.0,19,2.213367
0.0,22,2.213896
0.0,12,2.214224
0.0,6,2.214417
0.0,13,2.214754
0.0,14,2.215137
0.0,2,2.215244
1.0,12,2.215559
0.0,1,2.215637
0.0,10,2.21591
0.0,6,2.216106
0.0,8,2.216336
1.0,22,2.216868
0.0,6,2.21707
0.0,13,2.217414
0.0,2,2.217519
0.0,1,2.217598
0.0,28,2.218276
0.0,10,2.218556
0.0,12,2.218884
0.0,9,2.21915
0.0,3,2.219273
1.0,19,2.219751
1.0,8,2.219986
0.0,4,2.220139
0.0,4,2.22029
0.0,10,2.220561
0.0,20,2.221057
0.0,5,2.221229
1.0,31,2.221946
0.0,3,2.222076
0.0,11,2.222375
0.0,4,2.222524
0.0,1,2.222617
0.0,8,2.222858
0.0,2,2.222959
1.0,28,2.223616
0.0,9,2.223873
0.0,10,2.224152
0.0,10,2.224426
0.0,15,2.224798
0.0,2,2.224898
0.0,2,2.22501
0.0,7,2.225226
0.0,28,2.225881
0.0,15,2.226272
0.0,5,2.226446
0.0,4,2.226592
0.0,17,2.227027
0.0,19,2.227499
0.0,9,2.227759
0.0,4,2.227903
0.0,2,2.228009
1.0,45,2.229043
0.0,23,2.229595
0.0,1,2.229672
0.0,12,2.22999
0.0,3,2.230122
0.0,1,2.230198
0.0,6,2.230395
0.0,4,2.230546
0.0,1,2.230623
0.0,4,2.230773
0.0,5,2.230944
0.0,1,2.231027
0.0,11,2.231329
0.0,18,2.231776
0.0,1,2.231853
0.0,5,2.232032
0.0,2,2.232134
0.0,3,2.232255
0.0,9,2.232511
0.0,4,2.232654
0.0,4,2.232801
0.0,3,2.232927
0.0,18,2.233391
0.0,8,2.233627
0.0,5,2.2338
0.0,3,2.233922
0.0,6,2.234118
0.0,1,2.234198
0.0,8,2.234438
0.0,4,2.234582
0.0,33,2.235361
0.0,1,2.235444
0.0,18,2.235886
0.0,15,2.236267
0.0,14,2.236629
1.0,14,2.236987
0.0,13,2.23734
0.0,31,2.238076
0.0,4,2.238226
0.0,2,2.238326
1.0,21,2.238835
0.0,6,2.239028
0.0,8,2.239262
0.0,42,2.24023
0.0,1,2.240312
0.0,3,2.240439
0.0,2,2.240539
1.0,16,2.240945
0.0,3,2.241094
0.0,22,2.241626
0.0,5,2.241792
0.0,9,2.242058
0.0,5,2.24223
0.0,1,2.242306
0.0,3,2.242435
0.0,3,2.242558
0.0,3,2.242678
0.0,4,2.242828
0.0,2,2.242929
0.0,7,2.243145
0.0,6,2.243333
0.0,7,2.243538
0.0,6,2.243721
0.0,8,2.243962
0.0,3,2.244097
0.0,2,2.244198
0.0,1,2.244277
0.0,2,2.244378
1.0,9,2.244627
0.0,4,2.244774
0.0,21,2.245297
0.0,1,2.245379
0.0,13,2.245725
0.0,14,2.246096
0.0,10,2.246381
0.0,7,2.246598
0.0,2,2.246699
0.0,4,2.246846
0.0,4,2.24699
0.0,8,2.247227
0.0,21,2.24774
0.0,16,2.24815
0.0,11,2.248454
0.0,12,2.248769
0.0,8,2.249008
0.0,4,2.249153
0.0,5,2.249325
0.0,3,2.249447
0.0,1,2.249522
0.0,21,2.25004
0.0,5,2.250208
0.0,2,2.250314
0.0,17,2.250731
0.0,3,2.250854
0.0,3,2.250981
0.0,21,2.251488
0.0,9,2.251744
0.0,1,2.251824
0.0,13,2.252178
0.0,10,2.252447
0.0,9,2.252691
0.0,9,2.252937
0.0,8,2.253176
0.0,15,2.253552
0.0,5,2.253717
0.0,4,2.253859
0.0,3,2.253984
0.0,10,2.254266
0.0,4,2.254408
0.0,12,2.254721
0.0,20,2.255213
0.0,3,2.255337
0.0,1,2.255413
0.0,7,2.255621
0.0,4,2.255762
0.0,21,2.256278
0.0,5,2.256456
0.0,2,2.256562
0.0,16,2.256972
0.0,10,2.257253
0.0,8,2.257483
0.0,3,2.257605
0.0,4,2.257759
0.0,4,2.257907
0.0,8,2.25815
0.0,1,2.258231
0.0,1,2.258309
0.0,2,2.25841
0.0,3,2.25854
0.0,1,2.258616
0.0,7,2.258833
0.0,4,2.258977
0.0,9,2.259244
0.0,3,2.259372
0.0,6,2.259557
0.0,2,2.259657
0.0,5,2.259822
0.0,3,2.259943
0.0,2,2.26005
0.0,8,2.260276
0.0,1,2.260352
0.0,1,2.260427
0.0,2,2.260532
0.0,4,2.260681
0.0,1,2.260757
0.0,3,2.260878
0.0,13,2.261229
0.0,9,2.261481
0.0,6,2.261672
0.0,3,2.261794
0.0,7,2.262011
0.0,4,2.262157
0.0,10,2.262427
0.0,7,2.262632
0.0,8,2.262857
0.0,8,2.263095
0.0,1,2.263177
0.0,18,2.26362
0.0,6,2.263811
0.0,8,2.264054
0.0,1,2.264132
0.0,6,2.264322
0.0,11,2.264611
0.0,17,2.265043
0.0,25,2.265626
0.0,6,2.265818
0.0,28,2.266489
0.0,9,2.266741
0.0,1,2.26682
0.0,28,2.267487
0.0,16,2.267891
0.0,12,2.26822
0.0,42,2.269179
0.0,3,2.269306
0.0,4,2.26945
1.0,25,2.270052
0.0,9,2.270319
0.0,5,2.270491
0.0,8,2.270731
0.0,1,2.270808
0.0,24,2.271392
0.0,2,2.271495
1.0,16,2.271892
0.0,9,2.272156
0.0,9,2.272408
0.0,17,2.272832
0.0,19,2.2733
0.0,3,2.273423
0.0,9,2.273675
0.0,23,2.274233
0.0,7,2.274441
0.0,17,2.274866
0.0,3,2.274987
0.0,5,2.275161
0.0,1,2.275241
0.0,11,2.275543
0.0,18,2.275993
0.0,1,2.276081
0.0,1,2.276159
0.0,10,2.276428
0.0,14,2.276788
0.0,3,2.27691
0.0,2,2.277017
0.0,1,2.277095
0.0,7,2.277304
0.0,6,2.277488
1.0,14,2.277846
0.0,11,2.27815
0.0,6,2.278348
0.0,4,2.278493
0.0,1,2.278569
0.0,1,2.278645
0.0,1,2.27872
1.0,15,2.279116
0.0,2,2.279218
0.0,6,2.279404
0.0,28,2.280075
0.0,16,2.280481
0.0,16,2.280894
0.0,3,2.281024
0.0,5,2.281194
0.0,16,2.281589
0.0,3,2.281711
1.0,9,2.281959
0.0,5,2.282132
0.0,7,2.282339
0.0,2,2.282439
0.0,5,2.282603
0.0,4,2.282746
0.0,2,2.282845
0.0,8,2.283091
0.0,3,2.283221
0.0,4,2.283367
0.0,4,2.283521
0.0,2,2.283627
0.0,6,2.283815
0.0,3,2.283937
0.0,7,2.284155
0.0,1,2.284237
0.0,5,2.284404
0.0,8,2.284641
0.0,1,2.284721
0.0,2,2.284822
0.0,3,2.284949
0.0,7,2.285165
0.0,1,2.285242
0.0,1,2.285318
0.0,12,2.285645
0.0,6,2.285837
0.0,1,2.285916
0.0,3,2.286054
0.0,5,2.286227
0.0,10,2.286504
0.0,8,2.286731
0.0,17,2.287163
0.0,2,2.287268
0.0,8,2.287504
0.0,35,2.288336
1.0,13,2.288676
0.0,12,2.288996
0.0,15,2.289383
0.0,7,2.28959
0.0,23,2.290154
0.0,4,2.290301
0.0,1,2.290377
0.0,8,2.290613
0.0,17,2.291036
0.0,9,2.291287
0.0,6,2.291476
0.0,3,2.291597
0.0,2,2.291696
0.0,4,2.291847
0.0,3,2.29197
0.0,1,2.292056
0.0,2,2.292157
0.0,7,2.292376
0.0,7,2.29259
0.0,9,2.292846
0.0,5,2.29302
0.0,34,2.293799
0.0,6,2.293994
0.0,8,2.294232
0.0,3,2.294355
0.0,7,2.294568
0.0,13,2.2949
0.0,5,2.295074
0.0,1,2.295152
0.0,17,2.295577
0.0,5,2.295743
0.0,23,2.296301
0.0,8,2.296535
0.0,6,2.296727
0.0,12,2.297045
0.0,3,2.297174
0.0,3,2.297297
0.0,9,2.297553
0.0,2,2.297657
0.0,4,2.297803
0.0,4,2.297947
0.0,12,2.298272
0.0,9,2.29853
0.0,1,2.298606
0.0,4,2.298755
0.0,2,2.298856
0.0,12,2.299177
0.0,1,2.299255
0.0,2,2.299356
0.0,4,2.299499
0.0,8,2.299728
1.0,13,2.300069
0.0,3,2.300195
0.0,18,2.300675
0.0,13,2.301031
0.0,21,2.301557
0.0,16,2.301961
0.0,7,2.30218
0.0,6,2.302367
0.0,3,2.302494
0.0,20,2.302986
0.0,7,2.303202
0.0,10,2.303481
0.0,8,2.303715
0.0,1,2.303792
0.0,2,2.303893
0.0,9,2.304158
0.0,6,2.30435
0.0,15,2.304725
0.0,18,2.305183
0.0,16,2.305588
0.0,9,2.305845
0.0,10,2.306133
0.0,5,2.306301
0.0,12,2.306617
0.0,7,2.306826
0.0,16,2.30725
0.0,14,2.307608
0.0,5,2.307786
0.0,8,2.308028
0.0,3,2.308153
0.0,3,2.308282
0.0,1,2.308359
0.0,4,2.308509
0.0,1,2.30859
0.0,19,2.309076
0.0,2,2.30918
0.0,2,2.309282
0.0,6,2.309469
0.0,3,2.309591
0.0,1,2.309672
1.0,16,2.310088
0.0,6,2.310275
0.0,5,2.310441
0.0,9,2.310699
0.0,1,2.310777
0.0,5,2.310944
0.0,3,2.311144
0.0,7,2.311359
1.0,16,2.31177
0.0,5,2.311937
0.0,6,2.312157
0.0,13,2.312517
0.0,11,2.312816
0.0,12,2.313141
0.0,3,2.313264
0.0,13,2.313593
0.0,9,2.313847
0.0,9,2.314108
0.0,8,2.314336
0.0,13,2.314679
0.0,9,2.314929
0.0,6,2.315129
0.0,3,2.315253
1.0,9,2.315505
0.0,21,2.316
0.0,9,2.316264
0.0,18,2.316712
0.0,14,2.317072
1.0,24,2.317639
0.0,15,2.318021
0.0,28,2.31867
0.0,9,2.318914
0.0,6,2.319117
0.0,13,2.319455
0.0,13,2.319788
0.0,16,2.320202
0.0,5,2.320371
0.0,7,2.320574
0.0,16,2.320968
0.0,1,2.32105
0.0,6,2.321246
0.0,36,2.322065
0.0,15,2.322439
0.0,3,2.32256
0.0,22,2.323098
0.0,4,2.323249
0.0,6,2.323438
0.0,6,2.32363
0.0,5,2.323804
0.0,16,2.324213
0.0,25,2.324803
0.0,13,2.325151
0.0,12,2.32546
0.0,9,2.325714
0.0,6,2.325908
0.0,2,2.326015
0.0,1,2.326093
0.0,7,2.326308
0.0,2,2.326408
0.0,8,2.326643
0.0,17,2.327072
0.0,19,2.327538
1.0,38,2.328419
0.0,1,2.328501
0.0,2,2.328607
0.0,10,2.32889
0.0,1,2.32897
0.0,6,2.329166
0.0,17,2.329591
0.0,9,2.329844
0.0,3,2.329966
0.0,2,2.330073
0.0,9,2.330321
0.0,18,2.330761
0.0,3,2.330887
1.0,45,2.331913
1.0,23,2.332471
1.0,28,2.333135
0.0,3,2.333261
0.0,25,2.33384
0.0,8,2.334079
1.0,9,2.33433
0.0,3,2.334455
0.0,4,2.334598
0.0,5,2.334761
0.0,13,2.33511
0.0,3,2.335232
0.0,14,2.335588
0.0,33,2.336347
0.0,1,2.336424
0.0,7,2.33664
0.0,8,2.336874
0.0,4,2.33703
0.0,1,2.337109
0.0,35,2.337909
1.0,12,2.338242
0.0,23,2.338804
0.0,20,2.3393
0.0,5,2.339465
0.0,5,2.339628
0.0,7,2.339839
0.0,3,2.339961
0.0,12,2.340286
1.0,12,2.340604
0.0,3,2.340724
1.0,20,2.341225
0.0,13,2.341562
0.0,14,2.341913
0.0,4,2.342068
0.0,24,2.342638
0.0,15,2.343025
0.0,1,2.343103
0.0,5,2.343277
0.0,11,2.343566
0.0,12,2.343871
0.0,9,2.344127
0.0,2,2.344233
0.0,5,2.344404
0.0,4,2.344552
0.0,5,2.344719
0.0,12,2.345043
0.0,6,2.345241
0.0,14,2.345603
0.0,2,2.345703
0.0,18,2.346151
0.0,4,2.346297
0.0,6,2.346488
0.0,15,2.346872
1.0,36,2.347698
1.0,14,2.348074
0.0,2,2.348175
0.0,10,2.348453
0.0,1,2.348529
0.0,1,2.348609
0.0,17,2.349048
0.0,11,2.349344
0.0,8,2.349583
0.0,7,2.3498
0.0,11,2.350111
0.0,4,2.350256
1.0,18,2.350691
0.0,8,2.350926
0.0,32,2.35167
0.0,15,2.352063
0.0,11,2.352364
0.0,13,2.352703
0.0,31,2.353437
0.0,12,2.353753
0.0,9,2.354
0.0,19,2.354469
0.0,4,2.354617
0.0,2,2.354723
0.0,27,2.355363
0.0,9,2.355614
0.0,6,2.355809
0.0,6,2.356012
0.0,9,2.35627
0.0,8,2.356502
0.0,8,2.356728
0.0,13,2.357075
0.0,7,2.357284
0.0,1,2.35736
0.0,16,2.35776
0.0,15,2.358149
0.0,1,2.358232
1.0,20,2.358711
0.0,30,2.359396
0.0,9,2.359654
0.0,9,2.359903
0.0,13,2.360243
0.0,6,2.360439
0.0,9,2.3607
0.0,14,2.36107
0.0,3,2.361194
0.0,3,2.36132
0.0,3,2.361448
0.0,12,2.361757
0.0,4,2.361899
0.0,31,2.362627
0.0,19,2.363102
1.0,12,2.363425
0.0,6,2.363617
0.0,1,2.363693
0.0,1,2.363769
0.0,13,2.364124
0.0,5,2.364292
0.0,9,2.364545
0.0,7,2.364751
0.0,3,2.364877
0.0,3,2.365
0.0,4,2.365153
0.0,9,2.365416
0.0,1,2.365492
0.0,1,2.365568
0.0,3,2.365695
0.0,12,2.36604
0.0,9,2.366308
0.0,3,2.366452
0.0,1,2.366528
0.0,7,2.366741
0.0,2,2.366844
0.0,7,2.367093
0.0,7,2.36733
0.0,3,2.367453
0.0,6,2.367636
0.0,7,2.36785
0.0,12,2.368179
0.0,1,2.368258
0.0,18,2.368695
0.0,13,2.369048
0.0,2,2.369159
0.0,12,2.369493
0.0,4,2.369641
0.0,5,2.369804
0.0,5,2.369967
0.0,9,2.370263
0.0,45,2.371284
0.0,13,2.371618
0.0,11,2.371915
0.0,10,2.372229
0.0,16,2.372649
0.0,15,2.373055
1.0,36,2.373897
0.0,5,2.374076
0.0,6,2.374268
0.0,24,2.374847
0.0,10,2.375139
0.0,4,2.375284
0.0,10,2.375559
0.0,4,2.375704
0.0,1,2.375783
0.0,10,2.376075
0.0,7,2.376289
0.0,3,2.376413
0.0,9,2.376671
0.0,5,2.376835
0.0,5,2.376998
0.0,5,2.377177
0.0,32,2.37791
0.0,10,2.378216
1.0,29,2.378899
0.0,17,2.379327
0.0,3,2.37945
0.0,6,2.379645
0.0,2,2.37975
0.0,10,2.38003
0.0,5,2.380195
0.0,5,2.380363
0.0,11,2.380658
0.0,11,2.380956
0.0,9,2.381213
0.0,10,2.381493
0.0,7,2.381705
0.0,16,2.382116
0.0,6,2.382302
0.0,2,2.382401
0.0,5,2.382564
0.0,4,2.382711
1.0,38,2.383592
0.0,4,2.383737
0.0,4,2.38388
1.0,18,2.384333
0.0,21,2.384828
1.0,8,2.385071
0.0,7,2.385278
0.0,4,2.385425
0.0,12,2.385736
0.0,13,2.386082
0.0,6,2.386277
0.0,7,2.386482
0.0,12,2.386798
1.0,16,2.387205
0.0,6,2.387393
0.0,17,2.387814
0.0,15,2.388219
0.0,5,2.388392
0.0,10,2.388661
0.0,3,2.388783
0.0,14,2.389144
0.0,9,2.389391
0.0,4,2.389538
0.0,6,2.389725
0.0,22,2.390256
1.0,13,2.390593
0.0,13,2.390927
0.0,4,2.39108
0.0,2,2.391186
0.0,4,2.391335
0.0,3,2.391462
0.0,7,2.391674
0.0,16,2.392089
0.0,13,2.392425
0.0,5,2.392598
0.0,11,2.392899
0.0,4,2.393056
1.0,15,2.393437
0.0,2,2.393541
0.0,11,2.39384
0.0,5,2.394014
0.0,3,2.394139
0.0,19,2.394594
0.0,9,2.394843
0.0,1,2.394922
0.0,5,2.395099
0.0,25,2.395693
0.0,7,2.395911
0.0,6,2.396108
0.0,8,2.396346
0.0,7,2.396562
0.0,7,2.396767
0.0,2,2.396866
0.0,1,2.396942
0.0,3,2.397077
0.0,5,2.397249
0.0,18,2.397686
0.0,11,2.397977
0.0,3,2.398108
0.0,12,2.398431
0.0,5,2.398601
0.0,8,2.398829
0.0,23,2.399387
0.0,4,2.399532
0.0,3,2.399655
0.0,8,2.399883
0.0,15,2.40027
0.0,12,2.400582
0.0,7,2.40079
0.0,2,2.400896
0.0,12,2.401231
0.0,13,2.401564
0.0,6,2.401749
0.0,7,2.401959
0.0,8,2.402195
0.0,2,2.4023
0.0,2,2.402406
0.0,16,2.402805
0.0,4,2.402949
0.0,20,2.40345
0.0,20,2.403934
1.0,23,2.404499
0.0,30,2.405196
0.0,13,2.405536
0.0,7,2.405741
0.0,9,2.405997
0.0,8,2.406245
0.0,4,2.406388
0.0,15,2.406756
1.0,6,2.406948
0.0,5,2.407119
0.0,24,2.40771
0.0,6,2.407896
0.0,9,2.408152
0.0,2,2.408258
0.0,1,2.408334
0.0,4,2.408478
0.0,10,2.408754
1.0,13,2.409102
0.0,25,2.409683
0.0,3,2.409805
0.0,7,2.410019
0.0,9,2.410267
0.0,7,2.410479
0.0,7,2.410686
0.0,19,2.411169
0.0,8,2.411405
0.0,15,2.411784
0.0,3,2.411906
0.0,3,2.41204
1.0,10,2.412315
0.0,1,2.41239
0.0,2,2.41249
0.0,5,2.412662
0.0,6,2.412853
0.0,2,2.412953
0.0,3,2.413084
0.0,1,2.413161
0.0,4,2.413304
0.0,12,2.413621
0.0,2,2.413725
1.0,16,2.414136
0.0,1,2.414213
0.0,8,2.414441
0.0,10,2.414709
0.0,3,2.414829
0.0,6,2.415027
0.0,10,2.415305
0.0,2,2.41541
0.0,32,2.416173
0.0,8,2.416403
0.0,1,2.416488
0.0,13,2.416826
0.0,13,2.417171
0.0,11,2.417469
0.0,5,2.417633
0.0,4,2.417775
0.0,5,2.417939
0.0,5,2.418112
0.0,36,2.418927
0.0,15,2.419324
0.0,20,2.419818
0.0,13,2.420199
0.0,10,2.420495
0.0,13,2.420833
0.0,18,2.421283
0.0,3,2.421412
0.0,1,2.421492
0.0,1,2.421569
0.0,1,2.421701
0.0,7,2.421923
0.0,3,2.42206
0.0,2,2.422168
0.0,7,2.422384
0.0,15,2.422757
0.0,4,2.422904
1.0,10,2.423185
0.0,27,2.42382
0.0,9,2.424083
0.0,14,2.424436
0.0,8,2.424664
0.0,6,2.424849
0.0,18,2.425304
0.0,10,2.425574
0.0,16,2.425972
0.0,3,2.426103
0.0,9,2.426352
0.0,4,2.426499
0.0,4,2.426643
0.0,3,2.426771
0.0,10,2.427059
0.0,6,2.427246
0.0,1,2.427326
0.0,6,2.427514
0.0,4,2.427665
0.0,5,2.427838
0.0,4,2.427982
0.0,3,2.428111
0.0,5,2.42828
0.0,1,2.42836
0.0,24,2.428933
0.0,2,2.429047
0.0,3,2.429176
0.0,1,2.429256
0.0,5,2.429426
0.0,7,2.429643
0.0,11,2.429943
0.0,2,2.430052
0.0,4,2.430202
0.0,17,2.430626
0.0,3,2.430752
0.0,3,2.430873
0.0,18,2.431331
0.0,5,2.431498
0.0,2,2.431602
0.0,11,2.431904
0.0,6,2.432104
0.0,3,2.432232
0.0,3,2.43236
0.0,40,2.433262
1.0,31,2.433964
0.0,4,2.434115
1.0,34,2.434891
0.0,6,2.435086
0.0,2,2.435187
0.0,3,2.435307
0.0,12,2.43562
0.0,11,2.435923
0.0,2,2.436037
0.0,8,2.436266
0.0,23,2.436808
0.0,9,2.437078
0.0,2,2.437181
0.0,5,2.437351
0.0,7,2.437563
0.0,3,2.437686
0.0,3,2.437812
0.0,13,2.438154
0.0,3,2.438277
0.0,2,2.438381
0.0,15,2.438765
1.0,8,2.438999
0.0,1,2.439084
0.0,3,2.439213
0.0,20,2.439713
0.0,16,2.440121
0.0,4,2.440266
0.0,2,2.440366
0.0,7,2.440571
0.0,5,2.440734
0.0,11,2.441036
0.0,7,2.441248
0.0,13,2.441591
0.0,9,2.441847
0.0,4,2.441995
0.0,12,2.442326
0.0,6,2.442518
0.0,15,2.442893
0.0,11,2.4432
0.0,3,2.443331
0.0,2,2.443433
0.0,3,2.443561
0.0,5,2.443726
0.0,3,2.443847
1.0,20,2.444339
0.0,9,2.444589
0.0,15,2.444967
0.0,6,2.445166
0.0,3,2.445295
0.0,6,2.445482
0.0,1,2.445558
0.0,1,2.445638
0.0,6,2.445835
0.0,16,2.446252
0.0,2,2.446357
0.0,27,2.446994
0.0,2,2.44711
0.0,3,2.447235
0.0,6,2.447422
0.0,18,2.447867
0.0,4,2.448025
0.0,13,2.448361
0.0,7,2.448568
0.0,4,2.448711
0.0,4,2.448853
0.0,3,2.448972
0.0,8,2.449219
0.0,12,2.449543
0.0,1,2.44962
0.0,2,2.449725
0.0,8,2.449955
0.0,3,2.45009
0.0,2,2.450192
0.0,3,2.450314
0.0,10,2.450589
0.0,4,2.450736
0.0,10,2.451023
0.0,6,2.451218
0.0,3,2.45134
0.0,20,2.451829
0.0,16,2.452246
0.0,3,2.452371
0.0,1,2.452447
0.0,32,2.453198
0.0,3,2.453325
0.0,9,2.453581
0.0,19,2.454058
0.0,6,2.454246
0.0,25,2.454834
0.0,3,2.454961
0.0,5,2.455139
0.0,7,2.455352
0.0,9,2.455602
1.0,11,2.455894
0.0,3,2.456024
0.0,21,2.456522
0.0,21,2.457048
0.0,8,2.457282
0.0,7,2.457494
0.0,6,2.45768
0.0,26,2.458297
0.0,2,2.458399
0.0,10,2.458672
0.0,12,2.458983
0.0,9,2.45925
0.0,2,2.45935
0.0,2,2.45945
0.0,3,2.459576
0.0,13,2.459925
0.0,3,2.460057
0.0,9,2.460311
0.0,10,2.460593
0.0,5,2.460766
0.0,1,2.460847
0.0,5,2.461021
0.0,5,2.461194
0.0,7,2.461407
0.0,5,2.461572
0.0,4,2.461721
0.0,1,2.461797
0.0,7,2.462023
0.0,3,2.462153
0.0,1,2.462233
0.0,4,2.462378
0.0,19,2.462858
0.0,2,2.462959
0.0,8,2.463203
0.0,1,2.463281
0.0,3,2.463403
0.0,5,2.463573
0.0,7,2.463786
0.0,6,2.463978
0.0,6,2.464174
0.0,6,2.464364
0.0,15,2.464738
0.0,7,2.464956
0.0,2,2.465064
0.0,5,2.465231
0.0,7,2.465438
1.0,10,2.465714
0.0,5,2.465889
0.0,2,2.465989
0.0,3,2.466121
0.0,3,2.466243
0.0,12,2.466551
0.0,4,2.466692
0.0,6,2.466877
0.0,7,2.467099
1.0,19,2.467561
0.0,4,2.467703
0.0,19,2.468181
0.0,7,2.468395
0.0,4,2.468539
0.0,1,2.46862
0.0,10,2.468896
0.0,2,2.469009
0.0,6,2.469208
0.0,1,2.469286
0.0,5,2.469458
0.0,3,2.469581
0.0,19,2.470055
0.0,7,2.47027
0.0,1,2.470351
1.0,25,2.470944
0.0,6,2.471147
0.0,6,2.471345
0.0,2,2.471452
0.0,3,2.471575
0.0,8,2.471803
0.0,7,2.472024
0.0,13,2.472359
0.0,6,2.472546
0.0,62,2.473912
0.0,2,2.474022
0.0,11,2.474323
0.0,11,2.474616
0.0,6,2.474811
0.0,3,2.474934
0.0,10,2.475218
0.0,63,2.476597
0.0,1,2.476679
0.0,24,2.477254
0.0,4,2.477399
0.0,9,2.477663
0.0,4,2.477814
1.0,25,2.478428
0.0,18,2.478879
0.0,9,2.47914
1.0,20,2.479634
0.0,5,2.479799
0.0,12,2.480125
0.0,11,2.480417
0.0,7,2.480629
0.0,14,2.480994
0.0,6,2.481189
0.0,20,2.481674
0.0,7,2.481879
0.0,6,2.482075
0.0,3,2.482198
0.0,6,2.482388
0.0,5,2.482558
0.0,2,2.482658
0.0,3,2.482784
0.0,7,2.482997
0.0,3,2.483127
0.0,11,2.483419
0.0,3,2.483541
0.0,11,2.483832
0.0,11,2.484138
0.0,7,2.484353
0.0,2,2.484455
0.0,4,2.484605
0.0,9,2.484854
0.0,10,2.485133
0.0,5,2.485305
0.0,4,2.485448
0.0,5,2.485619
0.0,11,2.485918
0.0,1,2.485997
1.0,30,2.486708
0.0,2,2.486809
0.0,5,2.486976
0.0,34,2.487754
0.0,4,2.487901
0.0,2,2.488
0.0,20,2.488488
0.0,4,2.488631
0.0,7,2.488838
0.0,8,2.489084
0.0,14,2.489436
0.0,1,2.489511
0.0,3,2.489633
0.0,11,2.489927
0.0,15,2.490317
0.0,7,2.490522
1.0,34,2.49131
0.0,12,2.491631
0.0,15,2.492022
1.0,24,2.492592
0.0,13,2.492925
0.0,12,2.493248
0.0,4,2.493398
0.0,36,2.494226
0.0,2,2.494328
0.0,5,2.494496
0.0,3,2.494619
0.0,2,2.494723
0.0,9,2.494984
0.0,44,2.495968
0.0,5,2.49614
0.0,7,2.496354
0.0,6,2.496544
0.0,9,2.496798
1.0,11,2.497106
0.0,5,2.497272
0.0,11,2.49757
1.0,32,2.498327
1.0,11,2.498625
0.0,10,2.498892
0.0,18,2.49934
0.0,8,2.499573
0.0,8,2.499812
0.0,6,2.5
0.0,1,2.500085
1.0,6,2.500273
0.0,6,2.50046
0.0,3,2.500581
0.0,16,2.500973
0.0,10,2.501285
0.0,6,2.501488
0.0,4,2.501635
0.0,1,2.501715
0.0,7,2.501929
0.0,14,2.502299
0.0,3,2.502424
0.0,4,2.502566
0.0,8,2.502793
0.0,20,2.503278
0.0,26,2.503883
0.0,4,2.504036
0.0,14,2.504397
0.0,24,2.504967
0.0,13,2.505308
1.0,26,2.505932
0.0,34,2.506716
0.0,11,2.50702
1.0,11,2.507311
0.0,24,2.507878
0.0,17,2.5083
0.0,19,2.508761
0.0,4,2.508904
0.0,13,2.509253
1.0,18,2.5097
0.0,6,2.509884
0.0,4,2.510035
0.0,9,2.510283
0.0,12,2.510596
0.0,21,2.511103
0.0,24,2.511663
0.0,4,2.51181
0.0,20,2.51229
0.0,1,2.512371
0.0,17,2.512782
0.0,6,2.512973
0.0,13,2.51331
0.0,10,2.513586
0.0,5,2.51375
0.0,45,2.514751
0.0,2,2.514858
0.0,13,2.515208
0.0,5,2.515379
0.0,5,2.515545
0.0,10,2.515823
0.0,1,2.5159
0.0,4,2.516052
0.0,13,2.516402
0.0,2,2.516502
0.0,5,2.516671
0.0,1,2.516747
0.0,27,2.517382
0.0,13,2.517722
0.0,7,2.517927
0.0,2,2.518036
0.0,2,2.518141
0.0,8,2.518374
0.0,15,2.518751
0.0,16,2.519158
0.0,22,2.51971
0.0,4,2.519858
0.0,7,2.520079
0.0,12,2.520393
0.0,11,2.520691
0.0,7,2.520907
0.0,1,2.520983
0.0,15,2.521365
0.0,18,2.521807
0.0,15,2.522202
0.0,4,2.522352
1.0,26,2.522973
0.0,1,2.523133
0.0,1,2.523222
1.0,11,2.523544
0.0,6,2.523735
0.0,8,2.523962
0.0,9,2.524217
1.0,11,2.52452
0.0,2,2.524621
0.0,6,2.524808
0.0,3,2.524929
0.0,5,2.525102
0.0,2,2.525204
0.0,6,2.525428
0.0,2,2.525529
1.0,10,2.525806
0.0,18,2.526253
0.0,12,2.526569
0.0,3,2.526691
1.0,10,2.526971
0.0,4,2.527127
0.0,6,2.527322
0.0,4,2.527468
0.0,10,2.527747
0.0,1,2.527823
0.0,4,2.527967
0.0,4,2.528122
0.0,14,2.528493
0.0,15,2.528869
0.0,11,2.529175
0.0,17,2.529597
0.0,7,2.52981
0.0,2,2.529911
0.0,2,2.530023
0.0,6,2.530217
0.0,3,2.53034
0.0,11,2.530632
1.0,31,2.531343
0.0,5,2.531509
1.0,32,2.532267
0.0,1,2.532348
0.0,5,2.532515
0.0,11,2.532821
0.0,23,2.533373
0.0,7,2.533588
0.0,2,2.533689
1.0,31,2.534415
0.0,30,2.535116
0.0,10,2.535391
0.0,8,2.535627
0.0,17,2.536057
0.0,14,2.536417
0.0,4,2.536564
0.0,2,2.536664
0.0,1,2.536744
0.0,8,2.536973
0.0,10,2.53725
0.0,2,2.537351
0.0,6,2.537542
0.0,11,2.537836
0.0,7,2.538052
0.0,14,2.538415
0.0,4,2.538562
0.0,5,2.538737
0.0,3,2.538864
0.0,11,2.539178
0.0,16,2.539577
0.0,3,2.5397
0.0,3,2.539821
0.0,3,2.539942
0.0,1,2.540026
0.0,24,2.540593
0.0,9,2.540838
0.0,10,2.541116
0.0,15,2.541493
0.0,4,2.541641
0.0,7,2.541846
0.0,3,2.541978
0.0,9,2.542235
0.0,5,2.542402
0.0,3,2.54253
0.0,28,2.543179
0.0,5,2.543349
0.0,28,2.544
0.0,8,2.544238
1.0,13,2.544578
0.0,5,2.544745
0.0,24,2.545324
0.0,7,2.545535
0.0,1,2.54561
0.0,6,2.5458
1.0,8,2.546043
0.0,10,2.546318
0.0,2,2.546417
0.0,15,2.546787
0.0,2,2.546891
0.0,14,2.547264
0.0,6,2.547468
0.0,6,2.547659
0.0,13,2.547987
0.0,4,2.548139
0.0,3,2.548261
0.0,4,2.548411
0.0,4,2.548559
0.0,4,2.548702
0.0,8,2.548928
0.0,3,2.549063
0.0,4,2.549219
1.0,35,2.55001
0.0,16,2.550408
0.0,12,2.550722
0.0,6,2.550918
0.0,4,2.55107
0.0,1,2.551147
0.0,3,2.551269
0.0,3,2.55139
0.0,3,2.55152
0.0,9,2.551779
0.0,3,2.551901
0.0,41,2.552824
0.0,1,2.552902
0.0,8,2.553141
0.0,9,2.553393
0.0,5,2.553563
0.0,11,2.55386
0.0,8,2.554103
0.0,10,2.554377
0.0,29,2.555057
0.0,6,2.555243
0.0,2,2.55535
1.0,8,2.555584
0.0,27,2.556234
0.0,13,2.556583
0.0,12,2.5569
0.0,8,2.557144
0.0,13,2.557485
0.0,14,2.557837
0.0,3,2.557959
0.0,3,2.55809
0.0,10,2.558365
0.0,3,2.558486
0.0,22,2.559021
0.0,18,2.559462
0.0,4,2.559605
0.0,1,2.559685
0.0,13,2.560035
0.0,6,2.560223
0.0,12,2.560541
0.0,5,2.560709
0.0,6,2.560896
0.0,12,2.561227
0.0,4,2.561379
0.0,10,2.561657
0.0,6,2.561848
0.0,12,2.562179
0.0,4,2.562324
0.0,2,2.562423
0.0,18,2.562856
0.0,10,2.563138
0.0,6,2.563328
0.0,3,2.56345
0.0,1,2.563524
0.0,3,2.563646
0.0,4,2.563792
0.0,16,2.564199
0.0,3,2.564327
0.0,17,2.56475
0.0,3,2.564872
0.0,26,2.565499
1.0,15,2.565879
0.0,14,2.566245
0.0,5,2.566415
0.0,7,2.566619
0.0,3,2.56674
0.0,1,2.566815
0.0,1,2.56689
0.0,5,2.567069
1.0,10,2.56735
0.0,17,2.567775
1.0,23,2.568344
0.0,5,2.568515
0.0,3,2.56864
0.0,4,2.568783
0.0,8,2.569019
0.0,3,2.569147
0.0,6,2.569342
0.0,25,2.569928
0.0,4,2.570081
0.0,6,2.570274
0.0,11,2.570572
0.0,9,2.570826
0.0,7,2.57105
0.0,12,2.571361
0.0,5,2.571526
0.0,2,2.571626
0.0,7,2.571832
0.0,2,2.571931
0.0,3,2.572064
0.0,3,2.572187
0.0,2,2.572292
0.0,1,2.572369
0.0,10,2.572645
0.0,6,2.57283
0.0,8,2.573071
0.0,6,2.573258
0.0,2,2.573362
0.0,15,2.573743
0.0,3,2.573867
0.0,4,2.574024
0.0,20,2.574511
0.0,17,2.574936
0.0,11,2.575235
0.0,2,2.575341
0.0,14,2.575695
0.0,19,2.576175
0.0,9,2.57643
0.0,1,2.576506
0.0,12,2.576826
0.0,5,2.576996
0.0,7,2.577224
0.0,1,2.577301
0.0,22,2.577826
0.0,47,2.578879
1.0,11,2.579181
0.0,4,2.579327
0.0,15,2.579708
0.0,6,2.579894
0.0,15,2.580281
0.0,7,2.580488
0.0,3,2.580609
0.0,1,2.580689
0.0,14,2.58106
0.0,10,2.581332
0.0,2,2.581437
0.0,4,2.581581
0.0,28,2.582249
1.0,17,2.582673
0.0,5,2.582837
0.0,3,2.582963
0.0,1,2.583048
0.0,22,2.583582
0.0,12,2.583899
0.0,4,2.584053
0.0,5,2.584223
0.0,16,2.584621
0.0,6,2.584806
0.0,2,2.584912
0.0,6,2.585108
0.0,3,2.58523
0.0,5,2.585401
0.0,5,2.585565
0.0,2,2.585668
0.0,10,2.585945
0.0,1,2.586029
0.0,17,2.586444
0.0,5,2.586615
0.0,14,2.586981
0.0,18,2.587424
0.0,5,2.587594
0.0,6,2.587786
0.0,5,2.587955
0.0,5,2.588128
0.0,2,2.588229
0.0,7,2.58844
1.0,11,2.588743
0.0,1,2.621819
0.0,1,2.621926
0.0,4,2.622119
0.0,3,2.622266
0.0,11,2.622575
0.0,12,2.622897
0.0,11,2.623207
0.0,5,2.623376
0.0,5,2.623546
0.0,4,2.623691
0.0,3,2.62382
0.0,3,2.623944
0.0,5,2.624118
0.0,21,2.624627
0.0,2,2.624734
0.0,5,2.624902
0.0,3,2.625045
0.0,4,2.625193
0.0,24,2.625769
0.0,18,2.626228
0.0,1,2.626308
0.0,3,2.626431
0.0,2,2.626533
0.0,2,2.626633
0.0,18,2.627079
0.0,8,2.627313
0.0,18,2.62776
0.0,7,2.627965
0.0,5,2.628148
0.0,8,2.628382
0.0,13,2.628712
0.0,21,2.629214
0.0,18,2.629654
0.0,14,2.63002
0.0,3,2.63015
0.0,2,2.630252
0.0,13,2.630581
0.0,15,2.630952
0.0,19,2.631425
0.0,10,2.631696
0.0,4,2.63184
0.0,10,2.632118
0.0,11,2.632417
0.0,9,2.632668
0.0,14,2.633049
0.0,6,2.633257
0.0,10,2.633553
0.0,29,2.634229
0.0,15,2.634603
0.0,8,2.634831
0.0,10,2.635107
0.0,25,2.635679
0.0,3,2.635802
0.0,16,2.636217
0.0,1,2.6363
1.0,47,2.637335
0.0,17,2.637748
1.0,10,2.638024
0.0,7,2.638242
0.0,13,2.638572
0.0,30,2.639267
0.0,3,2.639392
0.0,18,2.639831
0.0,22,2.640353
0.0,2,2.64046
0.0,5,2.64063
1.0,19,2.641102
0.0,8,2.641334
0.0,3,2.641456
0.0,3,2.641582
0.0,5,2.641746
0.0,3,2.641868
0.0,5,2.642039
0.0,3,2.642164
0.0,9,2.642411
0.0,7,2.642615
1.0,11,2.642911
0.0,7,2.643131
0.0,9,2.643379
0.0,4,2.643523
0.0,7,2.643732
0.0,2,2.643836
0.0,5,2.644009
1.0,14,2.644361
0.0,7,2.644578
0.0,27,2.645199
0.0,26,2.645809
0.0,6,2.646009
0.0,1,2.64609
0.0,25,2.646679
0.0,30,2.647378
0.0,14,2.647745
0.0,1,2.647827
0.0,17,2.648252
0.0,11,2.648542
0.0,3,2.648669
0.0,17,2.6491
0.0,9,2.649354
0.0,13,2.649688
0.0,5,2.649858
0.0,7,2.65008
0.0,11,2.650374
1.0,7,2.65058
0.0,5,2.650742
0.0,1,2.650822
0.0,7,2.651044
0.0,3,2.651168
0.0,10,2.651444
0.0,1,2.651522
0.0,5,2.651687
0.0,10,2.651961
0.0,25,2.652564
0.0,17,2.652976
0.0,9,2.653229
0.0,10,2.653502
0.0,1,2.653579
0.0,21,2.654075
0.0,10,2.654346
0.0,7,2.654556
0.0,3,2.654683
0.0,11,2.654984
0.0,4,2.655147
0.0,3,2.655276
0.0,11,2.655573
0.0,5,2.655737
1.0,16,2.656148
0.0,3,2.656272
0.0,2,2.656373
0.0,6,2.656556
0.0,17,2.656971
0.0,15,2.657355
0.0,2,2.657456
0.0,15,2.657833
0.0,2,2.657939
0.0,22,2.65846
0.0,1,2.658539
0.0,7,2.658744
0.0,14,2.659103
0.0,9,2.659361
0.0,4,2.659505
0.0,17,2.659917
0.0,13,2.660266
0.0,13,2.6606
0.0,7,2.660811
0.0,32,2.661546
0.0,11,2.661845
0.0,4,2.661989
0.0,12,2.662318
0.0,17,2.662737
0.0,3,2.66287
0.0,11,2.663175
0.0,27,2.663795
0.0,34,2.664572
0.0,10,2.664849
0.0,3,2.664971
0.0,5,2.665148
0.0,2,2.665256
0.0,9,2.665509
0.0,22,2.666042
0.0,6,2.666233
0.0,22,2.666753
0.0,8,2.666979
0.0,12,2.667298
0.0,1,2.667376
0.0,25,2.66797
0.0,6,2.668175
0.0,13,2.668513
0.0,5,2.668676
0.0,4,2.668816
0.0,16,2.669226
0.0,3,2.669354
0.0,6,2.669544
0.0,11,2.669839
0.0,4,2.669982
0.0,1,2.670068
0.0,3,2.670193
0.0,1,2.670274
0.0,9,2.670525
0.0,7,2.670729
0.0,3,2.670851
0.0,7,2.671065
0.0,11,2.671352
0.0,10,2.67163
0.0,10,2.67191
0.0,14,2.672279
0.0,7,2.672485
0.0,7,2.672696
0.0,3,2.672818
0.0,6,2.673019
0.0,1,2.673099
0.0,1,2.673176
0.0,2,2.673276
0.0,11,2.673571
0.0,1,2.673652
0.0,7,2.673864
0.0,7,2.674081
0.0,15,2.674459
0.0,20,2.674923
0.0,21,2.675426
1.0,7,2.675631
0.0,4,2.675771
0.0,16,2.676166
0.0,8,2.676397
0.0,6,2.67658
0.0,1,2.676656
0.0,3,2.67678
0.0,9,2.677041
0.0,3,2.677168
0.0,6,2.677355
0.0,5,2.677518
0.0,5,2.677681
0.0,5,2.677843
0.0,1,2.677921
0.0,6,2.678129
0.0,2,2.678232
0.0,15,2.678613
0.0,4,2.678757
0.0,1,2.678833
0.0,7,2.679057
1.0,30,2.679733
0.0,17,2.680164
0.0,2,2.680268
0.0,13,2.680606
0.0,17,2.681031
0.0,14,2.681389
0.0,9,2.681639
0.0,15,2.682016
0.0,6,2.682209
0.0,2,2.68231
0.0,3,2.682432
0.0,20,2.682911
0.0,10,2.683201
0.0,4,2.683344
0.0,6,2.683533
0.0,15,2.683902
0.0,6,2.684121
0.0,12,2.684456
0.0,15,2.684824
0.0,5,2.684997
0.0,11,2.685346
1.0,23,2.685879
0.0,8,2.686114
0.0,13,2.68645
0.0,16,2.686843
0.0,11,2.687142
0.0,9,2.687386
0.0,1,2.687462
0.0,17,2.687878
0.0,6,2.688077
0.0,6,2.688262
0.0,7,2.688466
0.0,14,2.688825
0.0,6,2.689023
0.0,11,2.689316
0.0,9,2.689569
1.0,40,2.690472
0.0,5,2.690638
0.0,9,2.690886
0.0,5,2.691061
0.0,12,2.691377
0.0,3,2.691506
0.0,7,2.691714
1.0,12,2.692033
0.0,4,2.692181
0.0,1,2.692263
0.0,6,2.692459
0.0,4,2.69261
0.0,5,2.692777
0.0,6,2.692969
0.0,1,2.693054
0.0,9,2.693318
0.0,3,2.693441
0.0,12,2.693751
0.0,6,2.693935
0.0,4,2.694088
0.0,6,2.694282
0.0,1,2.694363
0.0,6,2.694551
0.0,8,2.694792
0.0,5,2.694962
0.0,5,2.695136
0.0,1,2.695219
0.0,4,2.695369
0.0,7,2.695584
0.0,7,2.695795
0.0,5,2.69596
0.0,7,2.696178
0.0,5,2.696346
0.0,6,2.696532
0.0,6,2.696718
0.0,7,2.696925
1.0,12,2.697242
0.0,5,2.697407
0.0,3,2.697529
1.0,11,2.697829
1.0,8,2.698076
0.0,5,2.698246
0.0,5,2.69841
0.0,13,2.698744
0.0,9,2.698994
0.0,1,2.699081
0.0,2,2.699183
0.0,5,2.699357
0.0,3,2.699484
0.0,11,2.699782
0.0,13,2.700137
0.0,6,2.700325
0.0,1,2.700402
0.0,7,2.700614
0.0,13,2.700946
1.0,16,2.701354
0.0,8,2.701588
0.0,10,2.701856
0.0,34,2.702631
0.0,2,2.702734
0.0,2,2.702837
0.0,6,2.703041
0.0,7,2.703251
0.0,10,2.703518
0.0,9,2.703765
0.0,51,2.704888
0.0,15,2.70528
0.0,20,2.705757
0.0,16,2.706163
0.0,3,2.706287
0.0,2,2.706388
0.0,13,2.706715
0.0,1,2.706791
0.0,8,2.707024
0.0,3,2.707148
0.0,9,2.707399
0.0,14,2.707752
0.0,13,2.708103
0.0,25,2.708673
0.0,8,2.708904
0.0,7,2.709131
0.0,3,2.709257
0.0,14,2.70961
0.0,3,2.709732
0.0,9,2.709979
1.0,13,2.710314
0.0,9,2.710559
0.0,14,2.710917
0.0,8,2.711154
0.0,36,2.711963
0.0,4,2.712116
0.0,24,2.712683
0.0,9,2.712929
0.0,1,2.713018
0.0,15,2.713398
1.0,13,2.713723
0.0,40,2.71463
0.0,5,2.714803
1.0,24,2.715376
0.0,3,2.7155
0.0,3,2.715632
0.0,4,2.715778
0.0,12,2.716094
0.0,2,2.716202
1.0,13,2.716544
0.0,5,2.716712
0.0,1,2.716789
0.0,2,2.71689
0.0,9,2.717158
0.0,8,2.717394
0.0,9,2.717643
0.0,4,2.717794
0.0,7,2.718013
0.0,9,2.718262
0.0,11,2.71856
0.0,8,2.718787
0.0,1,2.718868
1.0,30,2.719565
0.0,10,2.719839
1.0,16,2.720241
0.0,15,2.720614
0.0,3,2.720736
0.0,28,2.721398
1.0,9,2.721646
0.0,8,2.721868
0.0,7,2.722167
0.0,19,2.722624
0.0,3,2.722747
0.0,27,2.723425
0.0,7,2.723638
0.0,6,2.72382
0.0,1,2.723901
0.0,4,2.724056
0.0,17,2.724477
0.0,3,2.724599
0.0,4,2.724749
0.0,8,2.724972
0.0,3,2.725101
0.0,2,2.725201
1.0,22,2.725708
0.0,6,2.725902
0.0,1,2.725978
0.0,1,2.726062
0.0,3,2.726185
0.0,2,2.726285
0.0,8,2.726509
0.0,9,2.726757
1.0,18,2.727198
0.0,5,2.727363
0.0,5,2.727526
0.0,3,2.727653
0.0,16,2.728072
0.0,16,2.728468
0.0,20,2.728935
0.0,7,2.729151
1.0,15,2.729517
0.0,8,2.729743
0.0,31,2.730443
0.0,5,2.730614
0.0,10,2.730885
0.0,8,2.731122
0.0,4,2.73127
0.0,2,2.731371
0.0,7,2.731586
0.0,7,2.731795
0.0,6,2.731977
0.0,5,2.732157
0.0,9,2.732411
0.0,5,2.732582
0.0,3,2.732704
0.0,1,2.73278
0.0,1,2.732857
0.0,5,2.733032
0.0,2,2.73314
0.0,8,2.733368
0.0,13,2.733705
0.0,3,2.733827
0.0,6,2.734019
0.0,4,2.734172
0.0,7,2.734386
0.0,3,2.734506
0.0,1,2.734582
0.0,8,2.734806
0.0,1,2.734881
0.0,4,2.735033
0.0,22,2.735552
0.0,2,2.735657
1.0,19,2.736128
0.0,1,2.736205
0.0,5,2.736369
0.0,3,2.73649
0.0,23,2.73704
0.0,3,2.737163
0.0,1,2.73724
0.0,2,2.73734
0.0,1,2.737416
0.0,1,2.737491
0.0,7,2.737697
0.0,6,2.73789
0.0,24,2.73846
0.0,2,2.738562
0.0,4,2.738708
0.0,8,2.73894
0.0,7,2.739156
0.0,8,2.739396
0.0,5,2.73957
0.0,4,2.739714
0.0,4,2.739854
0.0,10,2.740131
0.0,9,2.740388
0.0,9,2.740636
0.0,1,2.740712
0.0,5,2.740875
0.0,1,2.740955
0.0,2,2.741065
0.0,3,2.741193
0.0,6,2.741383
0.0,4,2.741527
0.0,14,2.741874
0.0,21,2.74239
0.0,7,2.742608
0.0,6,2.742794
0.0,5,2.742965
0.0,10,2.743248
0.0,1,2.74333
0.0,2,2.743436
0.0,9,2.743692
0.0,3,2.743814
0.0,4,2.743957
0.0,4,2.744113
0.0,4,2.744257
0.0,7,2.744462
0.0,3,2.744584
0.0,7,2.744797
0.0,2,2.744896
0.0,37,2.745732
0.0,9,2.745985
0.0,22,2.746509
0.0,7,2.746714
1.0,10,2.746982
0.0,14,2.74735
0.0,8,2.74759
0.0,12,2.747906
0.0,3,2.748043
1.0,14,2.748405
0.0,4,2.748547
0.0,5,2.748715
0.0,1,2.748792
0.0,4,2.748936
0.0,6,2.749131
0.0,21,2.749639
0.0,2,2.749742
0.0,4,2.749885
0.0,1,2.749965
1.0,13,2.750309
1.0,33,2.751076
0.0,39,2.751951
0.0,5,2.752127
0.0,3,2.752252
0.0,4,2.752395
0.0,13,2.752724
0.0,15,2.753113
0.0,3,2.753236
0.0,1,2.753317
0.0,15,2.753691
0.0,6,2.753882
0.0,4,2.754034
0.0,31,2.754733
0.0,1,2.75481
0.0,4,2.754953
0.0,8,2.755187
0.0,8,2.755412
0.0,5,2.755576
0.0,8,2.755799
0.0,5,2.755966
0.0,6,2.756159
0.0,11,2.756457
0.0,4,2.756604
0.0,1,2.756681
0.0,3,2.756809
0.0,7,2.757032
0.0,18,2.757483
0.0,18,2.757931
0.0,14,2.758296
0.0,12,2.758609
0.0,2,2.758715
0.0,17,2.759145
0.0,1,2.759227
0.0,18,2.759663
0.0,19,2.760143
0.0,6,2.760328
1.0,32,2.761078
0.0,2,2.76118
0.0,8,2.761412
0.0,9,2.761668
0.0,1,2.761745
0.0,9,2.76201
0.0,36,2.762826
0.0,9,2.763082
0.0,4,2.763226
0.0,4,2.763369
1.0,10,2.763642
1.0,49,2.764725
0.0,32,2.76546
0.0,7,2.765665
0.0,11,2.765962
0.0,6,2.766154
0.0,1,2.766235
0.0,9,2.766489
0.0,1,2.766567
0.0,7,2.766778
0.0,10,2.767056
0.0,52,2.768221
0.0,1,2.768301
0.0,6,2.76849
0.0,12,2.768805
0.0,3,2.768927
0.0,1,2.769009
0.0,24,2.769575
0.0,9,2.769821
0.0,12,2.770136
0.0,13,2.770467
0.0,17,2.770882
0.0,11,2.771183
0.0,5,2.771359
0.0,6,2.771544
0.0,2,2.771646
0.0,5,2.77181
0.0,3,2.771933
0.0,1,2.772017
0.0,27,2.772638
0.0,9,2.772889
0.0,3,2.773022
0.0,21,2.773531
0.0,2,2.77364
1.0,7,2.773858
0.0,15,2.774243
0.0,8,2.774468
0.0,4,2.774611
0.0,9,2.774871
0.0,5,2.775046
0.0,18,2.775483
0.0,4,2.775635
0.0,1,2.775713
1.0,12,2.776034
0.0,1,2.776116
0.0,1,2.776195
0.0,9,2.776451
1.0,15,2.776823
0.0,7,2.777041
0.0,18,2.777477
0.0,3,2.777604
0.0,7,2.777817
0.0,4,2.777966
0.0,11,2.778267
0.0,15,2.778636
0.0,8,2.778868
0.0,12,2.779194
0.0,4,2.779339
0.0,16,2.779733
0.0,12,2.780065
0.0,5,2.780239
0.0,1,2.780316
0.0,10,2.780589
1.0,19,2.781065
0.0,10,2.781349
0.0,2,2.781451
0.0,5,2.781616
0.0,3,2.781738
0.0,6,2.781929
0.0,1,2.782014
0.0,3,2.78214
0.0,6,2.782326
0.0,9,2.782584
0.0,4,2.782728
0.0,6,2.782924
0.0,7,2.783139
0.0,9,2.783397
0.0,7,2.783613
0.0,1,2.783691
0.0,3,2.783814
0.0,2,2.783919
0.0,14,2.784288
0.0,5,2.784456
0.0,4,2.784599
0.0,5,2.784761
0.0,8,2.784987
0.0,14,2.785359
0.0,12,2.785673
0.0,18,2.78612
0.0,20,2.786597
0.0,5,2.78676
0.0,19,2.787243
0.0,19,2.7877
1.0,12,2.788019
0.0,3,2.788146
0.0,4,2.788296
0.0,6,2.788487
0.0,3,2.788609
0.0,2,2.788713
0.0,4,2.788858
0.0,17,2.789282
0.0,5,2.789457
0.0,11,2.789756
0.0,5,2.789921
0.0,12,2.790245
0.0,6,2.790432
0.0,4,2.790575
0.0,6,2.790759
0.0,3,2.790886
0.0,8,2.79113
0.0,1,2.791214
1.0,7,2.791428
0.0,3,2.791549
0.0,10,2.791823
0.0,12,2.792144
0.0,2,2.792248
0.0,6,2.792433
0.0,1,2.792509
0.0,5,2.792678
0.0,6,2.792862
0.0,13,2.793206
0.0,6,2.793402
0.0,12,2.793722
0.0,28,2.794383
0.0,1,2.794463
0.0,5,2.794629
0.0,6,2.794814
0.0,27,2.795441
0.0,7,2.795652
0.0,11,2.795945
0.0,17,2.796367
0.0,1,2.796449
0.0,7,2.796662
0.0,6,2.796849
0.0,4,2.796997
0.0,3,2.797135
0.0,6,2.797322
0.0,5,2.797489
0.0,5,2.79766
0.0,3,2.797787
0.0,3,2.797916
0.0,8,2.798162
0.0,8,2.798398
0.0,1,2.798475
0.0,2,2.79858
0.0,5,2.798745
0.0,18,2.799195
0.0,15,2.799576
0.0,2,2.799678
0.0,11,2.799969
0.0,18,2.800405
0.0,12,2.800723
0.0,16,2.801119
0.0,5,2.801282
0.0,5,2.801446
0.0,14,2.8018
0.0,1,2.801878
0.0,3,2.802
0.0,1,2.802105
0.0,3,2.802234
0.0,7,2.802463
0.0,13,2.802797
0.0,15,2.803185
0.0,9,2.803436
0.0,2,2.803537
0.0,7,2.803745
0.0,7,2.803956
0.0,2,2.80407
0.0,4,2.804216
0.0,7,2.804421
0.0,1,2.804498
0.0,6,2.804689
0.0,1,2.804766
0.0,42,2.805703
0.0,4,2.80585
0.0,10,2.806133
0.0,16,2.806521
0.0,11,2.806812
0.0,19,2.807271
0.0,12,2.807587
0.0,36,2.808407
0.0,1,2.808487
0.0,8,2.808724
0.0,2,2.808831
0.0,2,2.808932
0.0,1,2.809016
0.0,4,2.809163
0.0,24,2.80973
0.0,5,2.809894
0.0,12,2.810212
0.0,6,2.810403
0.0,13,2.810736
0.0,10,2.81101
0.0,6,2.811202
0.0,12,2.811514
0.0,4,2.811655
0.0,7,2.811859
0.0,7,2.812081
0.0,3,2.812207
0.0,9,2.812458
0.0,1,2.812535
0.0,4,2.812681
0.0,3,2.812804
0.0,6,2.812988
0.0,17,2.813403
0.0,3,2.813525
0.0,20,2.814008
0.0,4,2.814158
0.0,2,2.81426
0.0,4,2.814402
0.0,18,2.814844
0.0,8,2.815085
0.0,11,2.815379
0.0,4,2.815527
0.0,3,2.815655
0.0,4,2.815804
0.0,7,2.816018
0.0,14,2.816373
0.0,10,2.816642
0.0,3,2.816765
0.0,10,2.817051
0.0,7,2.81727
0.0,9,2.817518
0.0,3,2.81764
0.0,11,2.817925
0.0,5,2.8181
1.0,8,2.818329
1.0,10,2.818599
0.0,3,2.818725
0.0,6,2.818913
0.0,4,2.819065
0.0,10,2.819329
0.0,2,2.819429
0.0,6,2.819618
0.0,21,2.820129
0.0,9,2.820383
0.0,20,2.820868
0.0,1,2.820946
0.0,2,2.82106
0.0,3,2.821186
0.0,6,2.82137
0.0,3,2.821496
0.0,4,2.821646
0.0,2,2.821748
0.0,2,2.821854
0.0,5,2.822037
0.0,10,2.822377
0.0,7,2.822593
0.0,2,2.822695
0.0,21,2.823234
0.0,2,2.823354
0.0,21,2.823849
0.0,10,2.82413
0.0,16,2.824525
0.0,8,2.824754
0.0,1,2.82483
0.0,6,2.825025
0.0,1,2.825103
0.0,7,2.825315
0.0,5,2.82548
1.0,14,2.825838
1.0,11,2.826136
0.0,4,2.826279
0.0,6,2.826473
0.0,1,2.826553
0.0,6,2.826745
0.0,1,2.826821
0.0,1,2.826896
0.0,3,2.827033
0.0,8,2.827264
0.0,17,2.827678
0.0,1,2.827754
0.0,5,2.827922
0.0,7,2.828145
1.0,33,2.828914
0.0,5,2.829085
0.0,10,2.829363
0.0,4,2.829505
0.0,14,2.829858
0.0,1,2.829934
0.0,18,2.830381
0.0,1,2.830464
0.0,7,2.830675
0.0,15,2.83106
0.0,8,2.831288
0.0,8,2.831529
0.0,8,2.831755
0.0,6,2.831943
0.0,1,2.832031
0.0,16,2.832435
0.0,2,2.83254
0.0,8,2.832767
0.0,9,2.833027
0.0,11,2.833324
0.0,8,2.83356
0.0,3,2.833681
0.0,1,2.83376
0.0,3,2.833885
0.0,13,2.834234
0.0,26,2.834834
0.0,11,2.835133
0.0,6,2.835323
0.0,8,2.83555
0.0,3,2.835675
0.0,12,2.835992
0.0,8,2.836238
0.0,10,2.836513
0.0,1,2.836593
0.0,6,2.836787
0.0,19,2.837263
0.0,8,2.837492
0.0,6,2.837682
0.0,3,2.837802
0.0,10,2.83808
0.0,5,2.838243
0.0,5,2.838413
0.0,4,2.838555
0.0,3,2.838676
0.0,4,2.838819
0.0,10,2.839101
0.0,2,2.839204
0.0,9,2.839458
0.0,3,2.839585
0.0,5,2.839748
0.0,4,2.8399
0.0,1,2.839977
0.0,4,2.840129
0.0,2,2.840235
0.0,2,2.840337
0.0,5,2.840501
0.0,1,2.840576
0.0,7,2.840786
0.0,11,2.841081
0.0,3,2.841203
0.0,7,2.841407
0.0,3,2.841533
0.0,18,2.841965
0.0,17,2.842388
0.0,21,2.842897
0.0,19,2.84337
0.0,18,2.843817
0.0,7,2.844028
0.0,4,2.844178
0.0,22,2.844703
0.0,3,2.84483
0.0,3,2.844952
0.0,5,2.845132
0.0,18,2.845562
0.0,3,2.845683
0.0,18,2.846131
0.0,6,2.846317
0.0,8,2.846541
0.0,19,2.846991
0.0,4,2.847147
0.0,13,2.84749
0.0,14,2.847851
0.0,3,2.847974
0.0,4,2.848125
0.0,3,2.848248
0.0,4,2.84839
0.0,3,2.848511
0.0,10,2.848777
0.0,19,2.849257
0.0,3,2.849382
0.0,6,2.849567
0.0,9,2.849824
0.0,3,2.849946
0.0,6,2.850148
0.0,16,2.850549
0.0,2,2.850653
0.0,4,2.850801
0.0,3,2.850924
0.0,2,2.851037
0.0,14,2.851398
0.0,4,2.851542
0.0,16,2.851935
0.0,15,2.85233
0.0,5,2.852505
0.0,1,2.852582
0.0,8,2.85281
0.0,9,2.853068
0.0,11,2.85336
0.0,24,2.85393
0.0,10,2.854207
0.0,2,2.854309
0.0,12,2.854627
0.0,2,2.854727
0.0,14,2.855097
0.0,10,2.855367
0.0,7,2.855571
0.0,3,2.855698
0.0,7,2.855904
0.0,5,2.856083
1.0,12,2.856399
0.0,1,2.856479
0.0,2,2.856581
0.0,2,2.856682
0.0,21,2.857206
0.0,9,2.857462
0.0,6,2.857651
0.0,4,2.857799
0.0,8,2.858038
0.0,24,2.858607
0.0,3,2.858735
0.0,6,2.858919
0.0,4,2.859076
0.0,3,2.859199
0.0,2,2.859299
0.0,13,2.859632
0.0,14,2.859998
0.0,27,2.860641
0.0,11,2.860931
0.0,12,2.861244
0.0,2,2.861345
0.0,15,2.861717
0.0,4,2.861863
0.0,3,2.861985
0.0,3,2.862115
0.0,14,2.862473
0.0,3,2.862596
0.0,4,2.862748
0.0,5,2.862918
0.0,2,2.863028
0.0,1,2.86311
0.0,13,2.86345
1.0,8,2.863675
0.0,4,2.863817
0.0,7,2.864031
0.0,6,2.864216
0.0,7,2.864431
0.0,1,2.864507
1.0,11,2.864803
0.0,8,2.865036
0.0,4,2.865185
0.0,12,2.8655
0.0,5,2.865664
0.0,6,2.865853
0.0,14,2.86622
0.0,5,2.866385
0.0,4,2.866533
1.0,9,2.866778
0.0,10,2.867055
0.0,30,2.867736
0.0,17,2.868171
0.0,9,2.86843
0.0,2,2.868531
0.0,9,2.868783
0.0,12,2.869107
0.0,5,2.869277
0.0,9,2.869525
0.0,5,2.86969
0.0,19,2.870154
0.0,11,2.870443
0.0,3,2.870564
0.0,38,2.871411
0.0,12,2.871726
0.0,7,2.87194
0.0,3,2.872072
0.0,2,2.872175
1.0,22,2.872696
0.0,6,2.872885
0.0,5,2.873062
0.0,17,2.873491
0.0,6,2.873676
0.0,12,2.873988
0.0,14,2.874354
0.0,3,2.874482
0.0,20,2.874955
1.0,13,2.875293
0.0,3,2.875416
0.0,25,2.876
0.0,10,2.876281
0.0,2,2.876382
0.0,18,2.876823
0.0,2,2.876928
0.0,6,2.877124
0.0,4,2.877269
0.0,13,2.877602
0.0,10,2.877871
0.0,7,2.87809
0.0,3,2.878219
0.0,14,2.878581
0.0,2,2.878683
0.0,1,2.878764
0.0,9,2.879022
0.0,4,2.879172
0.0,13,2.879516
0.0,13,2.879854
0.0,3,2.87998
0.0,2,2.880089
0.0,2,2.880194
0.0,3,2.880318
0.0,3,2.880441
0.0,30,2.881133
0.0,12,2.881448
0.0,4,2.881595
0.0,18,2.882041
0.0,20,2.882514
0.0,17,2.882921
0.0,36,2.883724
0.0,5,2.883887
1.0,19,2.884349
0.0,1,2.884432
0.0,5,2.884598
0.0,4,2.88474
0.0,8,2.884963
0.0,2,2.88507
0.0,9,2.885316
0.0,3,2.885445
0.0,4,2.885587
0.0,7,2.885791
0.0,14,2.88616
0.0,6,2.886344
0.0,2,2.886444
0.0,4,2.886586
0.0,17,2.887013
0.0,12,2.887331
0.0,6,2.887514
0.0,16,2.887899
0.0,27,2.888538
0.0,7,2.888742
0.0,26,2.889353
0.0,11,2.889637
1.0,42,2.890575
0.0,3,2.890703
0.0,8,2.89093
0.0,9,2.891191
0.0,11,2.891492
0.0,6,2.891682
1.0,13,2.892029
0.0,4,2.892173
0.0,14,2.892523
0.0,28,2.893193
0.0,13,2.893522
0.0,2,2.893626
0.0,7,2.893838
0.0,9,2.894092
0.0,5,2.894267
0.0,11,2.894568
0.0,4,2.894712
0.0,6,2.894902
0.0,18,2.895349
0.0,4,2.895493
0.0,11,2.895778
0.0,10,2.896051
0.0,16,2.896446
0.0,4,2.896595
0.0,1,2.896676
0.0,26,2.897287
0.0,15,2.897657
0.0,7,2.897867
0.0,13,2.898207
0.0,8,2.898442
0.0,3,2.89857
0.0,9,2.898818
0.0,10,2.8991
0.0,19,2.899559
0.0,4,2.899703
0.0,2,2.899803
0.0,13,2.900157
0.0,5,2.900331
0.0,10,2.900612
0.0,1,2.900689
0.0,3,2.900816
0.0,6,2.901
0.0,1,2.901087
0.0,1,2.901181
0.0,1,2.901261
0.0,1,2.901354
0.0,5,2.901519
0.0,4,2.901662
0.0,14,2.902052
0.0,11,2.902375
0.0,4,2.902518
0.0,4,2.902665
0.0,22,2.903183
0.0,13,2.903508
1.0,8,2.903737
0.0,2,2.903837
0.0,7,2.904054
0.0,2,2.904157
0.0,48,2.90523
0.0,7,2.90545
0.0,1,2.905528
0.0,13,2.905872
0.0,3,2.90601
0.0,4,2.906161
0.0,4,2.906304
0.0,2,2.906409
0.0,26,2.907018
0.0,5,2.907186
0.0,3,2.907309
0.0,8,2.907543
0.0,8,2.907777
0.0,8,2.90802
0.0,24,2.908584
0.0,3,2.908708
0.0,6,2.908902
0.0,28,2.909554
0.0,11,2.909849
0.0,3,2.909975
0.0,5,2.910146
0.0,24,2.910701
0.0,8,2.910927
0.0,12,2.911255
0.0,4,2.911404
0.0,4,2.911553
0.0,1,2.91163
0.0,4,2.911774
1.0,10,2.912056
0.0,24,2.912611
0.0,24,2.913177
0.0,1,2.913259
0.0,5,2.913425
0.0,5,2.913595
1.0,10,2.913867
0.0,2,2.913972
0.0,26,2.914585
0.0,17,2.915008
0.0,5,2.91518
0.0,8,2.915406
0.0,9,2.915657
0.0,28,2.916316
0.0,1,2.916399
0.0,12,2.91672
0.0,12,2.917051
0.0,5,2.917222
0.0,2,2.917323
0.0,25,2.917891
0.0,12,2.918223
0.0,20,2.918703
0.0,2,2.918807
0.0,1,2.918884
0.0,1,2.91896
0.0,10,2.919242
0.0,25,2.919823
0.0,6,2.920039
0.0,4,2.920199
0.0,3,2.920344
0.0,1,2.920422
1.0,37,2.921277
0.0,13,2.921621
0.0,3,2.921744
0.0,10,2.922031
0.0,10,2.9223
0.0,2,2.922468
1.0,9,2.922724
0.0,5,2.922889
0.0,10,2.923205
0.0,17,2.923641
0.0,1,2.923719
0.0,2,2.923825
0.0,26,2.92444
0.0,3,2.924568
0.0,7,2.924775
0.0,10,2.925051
0.0,18,2.925493
0.0,3,2.925619
0.0,3,2.925745
0.0,3,2.925868
0.0,16,2.926268
0.0,7,2.926474
0.0,22,2.926979
0.0,11,2.927271
0.0,6,2.927461
0.0,1,2.927537
0.0,1,2.927613
0.0,7,2.927816
0.0,22,2.928382
0.0,2,2.928503
1.0,34,2.929382
0.0,8,2.929607
0.0,6,2.929795
0.0,5,2.929962
1.0,17,2.930382
0.0,2,2.930486
0.0,16,2.930877
0.0,19,2.931402
0.0,36,2.932262
0.0,3,2.932403
0.0,10,2.932671
0.0,24,2.933242
0.0,8,2.933474
0.0,13,2.933813
0.0,4,2.933955
0.0,2,2.934086
0.0,4,2.934239
0.0,6,2.93444
0.0,3,2.93456
0.0,14,2.934906
0.0,9,2.93519
0.0,9,2.935463
0.0,5,2.935624
0.0,11,2.935909
0.0,3,2.936044
0.0,13,2.936372
0.0,1,2.936447
0.0,10,2.936725
0.0,3,2.936851
0.0,4,2.936992
0.0,8,2.937225
0.0,9,2.937474
0.0,4,2.937616
0.0,11,2.937905
0.0,10,2.938218
0.0,8,2.938468
0.0,6,2.93866
0.0,6,2.938849
0.0,2,2.938949
0.0,3,2.939079
0.0,2,2.93918
0.0,5,2.93935
0.0,10,2.939632
0.0,6,2.93982
0.0,1,2.939896
0.0,5,2.940091
0.0,5,2.940273
0.0,5,2.940452
0.0,15,2.94082
0.0,6,2.94103
0.0,34,2.94182
1.0,9,2.942076
0.0,25,2.942669
0.0,5,2.942837
0.0,9,2.943118
1.0,7,2.943354
0.0,2,2.943453
0.0,14,2.943809
1.0,12,2.944149
0.0,2,2.944259
0.0,5,2.944448
1.0,16,2.94485
0.0,4,2.944991
0.0,29,2.945657
0.0,7,2.945861
0.0,17,2.946284
0.0,2,2.946385
0.0,6,2.946569
0.0,8,2.946799
0.0,6,2.946983
0.0,7,2.947196
0.0,10,2.947469
0.0,10,2.947746
0.0,14,2.948114
0.0,21,2.948628
0.0,4,2.94877
0.0,1,2.948846
0.0,13,2.949194
0.0,8,2.949422
0.0,5,2.949583
0.0,13,2.949914
0.0,27,2.950547
1.0,14,2.950906
0.0,2,2.951011
0.0,6,2.951203
0.0,26,2.951796
0.0,18,2.952237
0.0,9,2.952487
0.0,28,2.953133
0.0,4,2.95328
0.0,6,2.953466
0.0,4,2.953613
1.0,21,2.954133
0.0,1,2.954214
0.0,7,2.954432
0.0,1,2.954508
0.0,4,2.954655
0.0,7,2.954857
0.0,25,2.95545
0.0,10,2.955726
1.0,9,2.955972
0.0,14,2.956325
0.0,13,2.956661
0.0,2,2.956761
0.0,10,2.957036
0.0,22,2.957546
0.0,1,2.957622
0.0,16,2.958015
0.0,6,2.958207
0.0,8,2.958433
0.0,1,2.958513
1.0,22,2.959065
0.0,11,2.959388
0.0,38,2.960247
0.0,3,2.960371
0.0,4,2.960518
0.0,7,2.960728
0.0,4,2.960869
0.0,6,2.961081
0.0,4,2.961249
0.0,1,2.96133
0.0,12,2.961655
0.0,5,2.961819
0.0,3,2.961948
0.0,13,2.96234
0.0,18,2.962773
0.0,33,2.963529
1.0,8,2.963764
0.0,14,2.964149
0.0,16,2.964571
0.0,4,2.964712
0.0,8,2.964938
0.0,17,2.965359
0.0,15,2.965725
0.0,7,2.965935
0.0,6,2.966135
0.0,2,2.966237
0.0,6,2.966427
0.0,3,2.966548
0.0,1,2.966624
0.0,11,2.96692
0.0,2,2.967032
0.0,5,2.967205
0.0,14,2.967551
0.0,4,2.967694
0.0,4,2.967835
0.0,11,2.968145
0.0,10,2.968423
0.0,12,2.968736
0.0,20,2.969235
0.0,8,2.969466
0.0,10,2.969744
0.0,4,2.969888
0.0,9,2.970148
0.0,13,2.970494
0.0,2,2.970594
0.0,8,2.970827
0.0,7,2.971041
0.0,21,2.971533
0.0,12,2.971838
0.0,26,2.972459
0.0,20,2.972925
0.0,9,2.973176
0.0,2,2.973281
0.0,16,2.973666
0.0,9,2.973906
0.0,1,2.973982
0.0,17,2.974398
0.0,8,2.974619
0.0,4,2.97476
0.0,21,2.975256
0.0,7,2.975465
0.0,7,2.975672
0.0,21,2.976176
0.0,2,2.976278
0.0,13,2.976612
0.0,7,2.976821
0.0,2,2.976925
0.0,6,2.977127
0.0,9,2.977381
0.0,14,2.977727
0.0,24,2.978294
0.0,5,2.978464
0.0,5,2.978634
0.0,9,2.978886
0.0,4,2.979038
0.0,17,2.979456
0.0,3,2.979578
0.0,7,2.979792
0.0,1,2.979869
0.0,4,2.980025
0.0,4,2.98017
0.0,4,2.980313
0.0,15,2.980692
0.0,4,2.980843
0.0,5,2.981023
1.0,7,2.98123
0.0,1,2.981309
0.0,8,2.981534
0.0,29,2.982208
0.0,2,2.982309
0.0,7,2.982514
0.0,14,2.982863
0.0,15,2.983253
0.0,1,2.983334
0.0,8,2.98357
0.0,15,2.983934
0.0,6,2.984131
0.0,6,2.984315
0.0,9,2.984565
0.0,18,2.984995
0.0,27,2.985617
0.0,9,2.98586
0.0,8,2.986099
0.0,14,2.986463
0.0,23,2.986996
0.0,1,2.987085
0.0,5,2.987249
1.0,20,2.987715
0.0,4,2.987855
0.0,10,2.988129
0.0,14,2.988481
0.0,6,2.988664
0.0,5,2.988826
0.0,7,2.98904
0.0,3,2.989163
0.0,3,2.989285
0.0,5,2.989453
0.0,5,2.989622
0.0,2,2.989722
0.0,5,2.989897
0.0,6,2.990091
1.0,12,2.99041
0.0,9,2.990661
0.0,5,2.990831
0.0,17,2.991258
0.0,11,2.991546
0.0,1,2.991627
1.0,34,2.992408
0.0,20,2.992895
0.0,43,2.993876
0.0,23,2.994426
0.0,11,2.994713
0.0,34,2.995481
0.0,7,2.995693
0.0,1,2.99577
0.0,6,2.995955
0.0,4,2.996105
0.0,3,2.996228
0.0,9,2.996473
0.0,2,2.996573
0.0,12,2.996885
0.0,1,2.996961
0.0,12,2.997283
0.0,5,2.997454
0.0,6,2.997641
0.0,12,2.997953
0.0,3,2.998087
0.0,16,2.998485
0.0,3,2.998607
0.0,4,2.99875
0.0,6,2.99894
0.0,4,2.999092
0.0,2,2.999194
0.0,16,2.999592
0.0,4,2.999736
0.0,27,3.000355
0.0,4,3.000499
0.0,2,3.000603
0.0,4,3.000748
0.0,11,3.001051
0.0,15,3.001456
0.0,3,3.001584
0.0,7,3.001787
0.0,1,3.001863
0.0,3,3.001991
0.0,4,3.002146
0.0,11,3.002447
0.0,22,3.002968
0.0,22,3.003493
0.0,1,3.003576
0.0,5,3.003751
0.0,4,3.003903
0.0,1,3.003984
0.0,11,3.004293
0.0,7,3.004503
0.0,16,3.004899
0.0,7,3.005114
0.0,36,3.005908
0.0,10,3.006183
0.0,2,3.006284
0.0,1,3.006364
0.0,15,3.006744
0.0,3,3.006871
0.0,3,3.006993
0.0,18,3.007442
0.0,8,3.007664
0.0,3,3.007787
1.0,22,3.008311
0.0,7,3.008514
0.0,3,3.008635
0.0,4,3.008781
0.0,22,3.0093
0.0,6,3.009484
0.0,1,3.00956
0.0,3,3.009682
0.0,1,3.009758
0.0,2,3.009864
0.0,2,3.00997
0.0,7,3.010185
0.0,5,3.01035
0.0,26,3.010948
0.0,3,3.011083
0.0,15,3.011467
0.0,14,3.011827
0.0,10,3.012103
0.0,8,3.012337
0.0,24,3.012897
0.0,4,3.013056
0.0,3,3.013185
0.0,8,3.013416
0.0,7,3.013625
0.0,8,3.013856
0.0,3,3.013978
0.0,1,3.014064
0.0,6,3.014255
0.0,3,3.014376
0.0,4,3.014525
0.0,8,3.014759
0.0,5,3.014927
0.0,3,3.015063
0.0,8,3.015291
0.0,2,3.015392
0.0,5,3.015556
0.0,1,3.015632
0.0,5,3.015801
0.0,9,3.016062
0.0,1,3.016145
0.0,6,3.016342
0.0,4,3.016484
0.0,2,3.016584
0.0,7,3.016794
0.0,3,3.016921
1.0,9,3.017187
0.0,4,3.017336
0.0,23,3.017874
0.0,9,3.018144
0.0,2,3.018253
0.0,10,3.018531
0.0,2,3.018636
0.0,1,3.018714
0.0,14,3.019092
0.0,10,3.019358
0.0,4,3.019505
0.0,10,3.019782
0.0,9,3.020041
0.0,8,3.020278
0.0,7,3.020489
0.0,4,3.020635
0.0,8,3.020872
0.0,5,3.021055
0.0,6,3.021251
0.0,2,3.021352
0.0,8,3.021587
1.0,8,3.021815
0.0,15,3.022201
0.0,4,3.022351
0.0,3,3.022545
0.0,6,3.022747
0.0,2,3.022849
0.0,10,3.023139
0.0,3,3.023263
0.0,1,3.023349
0.0,7,3.023558
0.0,1,3.023639
0.0,8,3.023876
0.0,1,3.023956
0.0,6,3.024153
0.0,8,3.024389
0.0,26,3.02501
0.0,27,3.025636
0.0,7,3.025839
0.0,6,3.026039
0.0,2,3.02614
0.0,8,3.026367
0.0,17,3.026783
0.0,13,3.027138
0.0,7,3.027352
0.0,15,3.02773
1.0,13,3.028077
0.0,3,3.0282
0.0,17,3.028615
0.0,14,3.028967
0.0,19,3.029435
0.0,4,3.029581
0.0,12,3.029899
0.0,4,3.030051
0.0,4,3.030197
0.0,12,3.030507
0.0,6,3.030704
0.0,4,3.030854
0.0,5,3.031032
0.0,6,3.031218
0.0,16,3.031616
0.0,6,3.0318
0.0,8,3.032041
0.0,14,3.032403
0.0,8,3.032638
0.0,10,3.032903
0.0,7,3.033142
0.0,5,3.033316
0.0,6,3.03352
0.0,2,3.03362
0.0,6,3.033803
0.0,10,3.034098
0.0,8,3.034359
0.0,5,3.034526
0.0,1,3.034602
0.0,9,3.034861
0.0,7,3.035087
0.0,5,3.035261
0.0,6,3.035446
0.0,2,3.035546
0.0,5,3.035709
0.0,3,3.03583
0.0,4,3.035973
0.0,4,3.036121
0.0,3,3.036248
0.0,11,3.036552
0.0,6,3.036735
0.0,6,3.036917
0.0,7,3.037132
0.0,6,3.037318
0.0,4,3.03746
1.0,15,3.037843
0.0,6,3.03804
0.0,1,3.038121
0.0,7,3.038334
0.0,1,3.03841
0.0,4,3.038559
0.0,12,3.038877
0.0,12,3.039233
0.0,3,3.039375
0.0,16,3.039771
0.0,5,3.039937
0.0,5,3.040114
0.0,9,3.040363
0.0,3,3.040489
0.0,32,3.041228
0.0,7,3.04144
0.0,9,3.041686
0.0,5,3.041853
0.0,14,3.042208
0.0,17,3.04262
0.0,38,3.043487
0.0,29,3.044165
0.0,4,3.044314
0.0,2,3.044418
0.0,12,3.044731
0.0,4,3.044879
0.0,6,3.045082
0.0,6,3.045274
0.0,13,3.045613
0.0,10,3.045885
0.0,13,3.046234
0.0,22,3.046763
0.0,5,3.046925
0.0,13,3.047265
0.0,3,3.047389
0.0,6,3.047572
0.0,5,3.047735
1.0,35,3.048535
0.0,6,3.048718
0.0,5,3.048889
0.0,2,3.048989
0.0,6,3.049187
0.0,6,3.049371
1.0,11,3.049661
0.0,2,3.049761
0.0,19,3.050231
0.0,6,3.050419
0.0,19,3.050872
0.0,4,3.051022
0.0,15,3.051399
0.0,5,3.051563
0.0,7,3.051772
0.0,6,3.05197
0.0,24,3.052525
0.0,12,3.052843
0.0,23,3.053404
0.0,19,3.053861
0.0,10,3.054138
0.0,14,3.054494
0.0,31,3.055212
0.0,11,3.055502
0.0,4,3.055645
0.0,35,3.056451
0.0,7,3.056661
0.0,4,3.056803
0.0,6,3.056991
0.0,11,3.057285
0.0,15,3.057659
1.0,25,3.058244
0.0,8,3.05847
0.0,30,3.05915
0.0,19,3.059609
0.0,4,3.059753
0.0,10,3.060035
0.0,3,3.060163
0.0,15,3.060547
0.0,21,3.061055
0.0,9,3.061309
0.0,23,3.061842
0.0,8,3.062086
0.0,7,3.062295
0.0,5,3.06247
0.0,8,3.062705
0.0,24,3.063288
0.0,13,3.063617
0.0,16,3.064023
0.0,10,3.064302
0.0,5,3.064466
1.0,8,3.064699
0.0,16,3.065102
1.0,9,3.065355
0.0,8,3.065582
0.0,10,3.065855
0.0,4,3.066009
0.0,9,3.066259
0.0,21,3.066771
0.0,13,3.067112
0.0,17,3.067539
0.0,6,3.067724
0.0,7,3.067932
0.0,4,3.068086
0.0,9,3.06834
0.0,1,3.06842
0.0,43,3.069387
1.0,15,3.069769
0.0,18,3.070217
0.0,19,3.070682
0.0,3,3.070807
0.0,8,3.071048
0.0,4,3.071193
0.0,14,3.071546
0.0,2,3.071651
0.0,24,3.072218
0.0,21,3.072732
0.0,3,3.072855
0.0,5,3.073034
0.0,2,3.073136
0.0,4,3.073279
0.0,4,3.073421
0.0,14,3.073771
0.0,9,3.074024
0.0,7,3.074229
0.0,3,3.07435
0.0,11,3.074636
0.0,11,3.074927
0.0,2,3.075036
0.0,10,3.07531
0.0,31,3.076011
1.0,13,3.076339
0.0,1,3.076418
0.0,14,3.076773
0.0,11,3.077085
0.0,7,3.077298
0.0,6,3.07749
0.0,6,3.077681
0.0,8,3.077907
0.0,3,3.078045
0.0,13,3.078389
0.0,2,3.078489
1.0,32,3.079234
0.0,7,3.07944
1.0,14,3.079785
1.0,14,3.08015
0.0,22,3.080679
0.0,20,3.081167
0.0,6,3.081357
0.0,18,3.081785
0.0,11,3.082085
0.0,7,3.082296
0.0,9,3.082548
1.0,24,3.083131
0.0,1,3.083212
0.0,3,3.083335
0.0,6,3.083523
0.0,7,3.083733
0.0,11,3.084032
0.0,21,3.084531
0.0,4,3.08468
0.0,14,3.085041
0.0,19,3.085491
1.0,10,3.085766
0.0,3,3.085886
0.0,3,3.086015
0.0,6,3.086209
0.0,18,3.086655
0.0,2,3.086756
0.0,6,3.08694
0.0,3,3.087068
0.0,16,3.087461
1.0,13,3.087787
1.0,14,3.088146
0.0,7,3.088362
0.0,17,3.088788
1.0,7,3.088994
1.0,7,3.08921
0.0,5,3.089372
0.0,3,3.089502
0.0,15,3.089876
0.0,16,3.090284
0.0,11,3.090577
0.0,15,3.090949
0.0,2,3.091064
0.0,1,3.091146
0.0,1,3.091226
0.0,7,3.091439
0.0,20,3.091917
0.0,6,3.092111
0.0,8,3.092341
0.0,17,3.092753
0.0,8,3.092995
0.0,1,3.093085
0.0,22,3.09361
0.0,13,3.093934
0.0,5,3.094108
0.0,5,3.094285
1.0,17,3.094703
0.0,5,3.094867
0.0,4,3.095017
0.0,1,3.095099
0.0,23,3.095635
0.0,27,3.096272
0.0,5,3.096442
1.0,23,3.096975
0.0,7,3.09719
0.0,5,3.097358
0.0,7,3.09757
0.0,13,3.097906
0.0,2,3.098013
0.0,9,3.098274
0.0,6,3.098463
0.0,2,3.098567
0.0,4,3.09871
0.0,6,3.0989
0.0,21,3.099423
0.0,9,3.099676
0.0,4,3.099828
0.0,3,3.099954
0.0,1,3.100039
0.0,5,3.100211
0.0,3,3.100333
0.0,4,3.100475
0.0,15,3.10085
0.0,12,3.101169
0.0,4,3.101314
0.0,6,3.101497
0.0,3,3.101624
0.0,4,3.10177
0.0,1,3.101846
0.0,2,3.101953
0.0,5,3.10215
0.0,7,3.10238
0.0,1,3.102455
0.0,27,3.103094
0.0,14,3.103462
1.0,15,3.10383
0.0,3,3.10395
0.0,3,3.10408
0.0,2,3.104182
0.0,4,3.104324
0.0,4,3.104466
0.0,3,3.104594
0.0,2,3.104695
0.0,3,3.104816
0.0,9,3.105079
0.0,10,3.105348
0.0,1,3.105429
0.0,1,3.105507
0.0,16,3.105908
1.0,7,3.106126
0.0,13,3.106462
0.0,5,3.106632
0.0,5,3.106796
0.0,3,3.106916
0.0,18,3.107353
0.0,7,3.107569
0.0,1,3.107646
0.0,8,3.107881
1.0,17,3.10831
0.0,8,3.108536
0.0,3,3.108664
0.0,2,3.108764
0.0,4,3.108906
0.0,12,3.109229
0.0,1,3.109308
0.0,2,3.109413
0.0,10,3.109681
0.0,2,3.109786
0.0,8,3.110028
1.0,28,3.110679
0.0,5,3.110849
1.0,11,3.111145
0.0,8,3.111381
0.0,41,3.112307
0.0,4,3.112451
0.0,5,3.112622
0.0,6,3.112804
0.0,3,3.112925
0.0,21,3.113433
0.0,10,3.113708
0.0,16,3.114123
0.0,3,3.114247
0.0,7,3.114457
0.0,3,3.114578
0.0,38,3.11545
0.0,9,3.115706
0.0,5,3.11587
0.0,3,3.115991
0.0,2,3.116101
0.0,1,3.116182
0.0,10,3.116457
0.0,4,3.116601
0.0,15,3.116969
0.0,1,3.117053
0.0,1,3.117131
0.0,11,3.117424
0.0,6,3.11761
0.0,1,3.117691
0.0,34,3.118464
0.0,5,3.118629
0.0,8,3.118851
0.0,3,3.118977
0.0,3,3.119108
0.0,7,3.119314
0.0,12,3.119628
0.0,17,3.12005
0.0,2,3.120157
0.0,22,3.120682
0.0,4,3.120831
0.0,2,3.120931
0.0,4,3.121082
0.0,2,3.121183
0.0,3,3.12131
0.0,15,3.121684
0.0,4,3.121827
0.0,4,3.121969
0.0,24,3.122546
0.0,3,3.12274
0.0,15,3.123162
0.0,8,3.123414
0.0,3,3.123542
0.0,10,3.123814
0.0,6,3.124
0.0,3,3.124132
0.0,2,3.124233
0.0,3,3.124355
0.0,1,3.124431
0.0,29,3.125109
0.0,15,3.125484
0.0,3,3.125614
0.0,3,3.125743
0.0,2,3.125844
0.0,17,3.126335
0.0,1,3.126413
0.0,19,3.126874
0.0,11,3.127198
0.0,3,3.127341
0.0,19,3.127804
0.0,13,3.128154
0.0,11,3.128449
0.0,1,3.128525
0.0,3,3.128654
0.0,11,3.12894
0.0,5,3.129133
0.0,1,3.129219
0.0,64,3.130668
0.0,8,3.130905
0.0,14,3.131274
0.0,6,3.131467
0.0,3,3.131593
0.0,10,3.131866
0.0,29,3.132535
0.0,7,3.132741
0.0,6,3.132923
0.0,1,3.13301
0.0,14,3.133363
0.0,26,3.133963
0.0,2,3.134072
0.0,3,3.134197
0.0,24,3.13475
0.0,3,3.134876
1.0,17,3.1353
0.0,5,3.135467
0.0,4,3.135617
0.0,1,3.135693
0.0,6,3.135883
0.0,4,3.136034
0.0,4,3.136182
0.0,5,3.136352
0.0,4,3.136493
0.0,1,3.136568
0.0,3,3.136688
0.0,3,3.136807
0.0,1,3.136882
0.0,5,3.137061
0.0,8,3.137289
0.0,8,3.137512
0.0,3,3.137633
0.0,5,3.137794
1.0,6,3.137975
0.0,2,3.138081
0.0,16,3.138474
0.0,7,3.138683
0.0,1,3.138759
0.0,2,3.138859
0.0,1,3.138933
0.0,3,3.139063
0.0,9,3.139308
0.0,1,3.139383
1.0,9,3.139635
0.0,5,3.139795
0.0,1,3.139869
0.0,1,3.139945
0.0,5,3.140117
0.0,5,3.140281
0.0,24,3.140833
0.0,3,3.140954
0.0,6,3.141152
0.0,3,3.141278
0.0,8,3.141505
0.0,13,3.141837
0.0,8,3.142072
0.0,23,3.142623
0.0,10,3.142901
0.0,3,3.143035
0.0,25,3.143614
1.0,11,3.143905
0.0,1,3.143984
0.0,8,3.144221
0.0,7,3.144424
0.0,1,3.144503
0.0,9,3.144751
0.0,3,3.144875
0.0,6,3.145068
0.0,6,3.145252
0.0,1,3.145327
0.0,11,3.145619
0.0,13,3.145948
0.0,4,3.146104
0.0,15,3.146478
0.0,4,3.14662
0.0,6,3.146803
1.0,24,3.147366
0.0,30,3.148064
1.0,17,3.148475
0.0,10,3.148739
1.0,7,3.148942
0.0,6,3.14914
0.0,6,3.149327
0.0,4,3.149477
0.0,11,3.149766
0.0,4,3.149912
0.0,14,3.150278
0.0,17,3.150697
0.0,9,3.150952
0.0,7,3.151166
0.0,19,3.151624
0.0,6,3.151814
0.0,18,3.152265
0.0,8,3.152494
0.0,12,3.1528
0.0,8,3.153033
0.0,7,3.153247
0.0,12,3.153579
0.0,10,3.153844
0.0,2,3.153944
0.0,6,3.154142
1.0,23,3.15467
0.0,30,3.155344
1.0,34,3.156097
0.0,1,3.156174
0.0,5,3.156336
0.0,2,3.15644
0.0,15,3.156819
0.0,25,3.157401
0.0,5,3.157569
0.0,14,3.157914
0.0,13,3.158261
0.0,4,3.158403
0.0,1,3.158478
0.0,1,3.158553
1.0,10,3.158827
0.0,8,3.15906
1.0,15,3.15944
0.0,3,3.159561
1.0,26,3.160172
0.0,6,3.160361
0.0,5,3.160525
0.0,4,3.160666
0.0,7,3.160875
0.0,3,3.160995
0.0,1,3.161079
0.0,4,3.161227
0.0,12,3.161543
0.0,1,3.161619
0.0,1,3.161695
0.0,9,3.161946
0.0,3,3.162076
0.0,3,3.162198
0.0,3,3.162326
0.0,6,3.16251
0.0,4,3.162653
0.0,4,3.162796
0.0,5,3.162967
0.0,5,3.163143
0.0,2,3.163249
0.0,2,3.163356
1.0,26,3.163965
0.0,4,3.164115
0.0,2,3.164216
0.0,12,3.164527
0.0,12,3.164834
0.0,6,3.165029
0.0,14,3.16538
0.0,12,3.165688
0.0,12,3.165987
0.0,7,3.1662
0.0,4,3.166347
0.0,1,3.166427
0.0,26,3.167032
0.0,4,3.167176
0.0,18,3.167614
0.0,9,3.167862
0.0,7,3.168079
0.0,4,3.168221
0.0,20,3.168709
0.0,2,3.168813
0.0,8,3.169048
0.0,5,3.169212
1.0,13,3.169546
0.0,12,3.169859
0.0,2,3.169965
0.0,6,3.170163
1.0,24,3.170718
0.0,6,3.1709
0.0,13,3.171245
0.0,4,3.171394
0.0,1,3.17147
1.0,16,3.171865
0.0,7,3.172087
1.0,24,3.172651
0.0,2,3.172755
0.0,5,3.172919
0.0,6,3.173114
0.0,6,3.173297
0.0,12,3.173609
1.0,35,3.174397
0.0,2,3.174503
0.0,25,3.17509
0.0,4,3.175233
0.0,48,3.176273
1.0,35,3.177054
0.0,9,3.177304
0.0,16,3.177698
0.0,6,3.177889
0.0,3,3.178019
0.0,5,3.178191
0.0,19,3.178652
0.0,5,3.178814
0.0,2,3.178913
0.0,12,3.179239
0.0,11,3.179533
0.0,18,3.179962
0.0,2,3.18007
0.0,9,3.180314
0.0,1,3.180394
0.0,3,3.180516
0.0,1,3.180591
0.0,7,3.180801
0.0,14,3.181157
0.0,3,3.181278
0.0,28,3.181918
0.0,8,3.182159
0.0,1,3.182237
0.0,17,3.182645
1.0,11,3.182926
1.0,16,3.18333
0.0,2,3.183434
0.0,1,3.183515
0.0,8,3.183741
0.0,8,3.183968
0.0,1,3.184053
0.0,9,3.184302
0.0,8,3.184535
0.0,12,3.184842
0.0,22,3.18537
0.0,10,3.185642
0.0,12,3.185951
0.0,11,3.186255
0.0,4,3.186399
0.0,4,3.186539
0.0,2,3.186638
0.0,2,3.186743
0.0,2,3.186844
0.0,25,3.187437
0.0,4,3.187582
0.0,5,3.187754
0.0,8,3.187989
0.0,1,3.188081
0.0,5,3.18825
0.0,5,3.18842
0.0,7,3.188632
0.0,4,3.188774
0.0,5,3.188934
0.0,11,3.189236
0.0,4,3.189378
0.0,16,3.189777
0.0,17,3.190196
0.0,4,3.190339
0.0,3,3.190459
0.0,8,3.190681
0.0,22,3.191209
0.0,8,3.191444
0.0,1,3.19152
0.0,2,3.19162
0.0,8,3.19185
0.0,16,3.192252
0.0,3,3.192379
1.0,12,3.192687
0.0,10,3.192956
0.0,32,3.19368
0.0,6,3.193871
1.0,19,3.194339
1.0,12,3.194657
0.0,6,3.194845
0.0,13,3.195181
1.0,6,3.195363
0.0,12,3.195673
0.0,4,3.195814
0.0,17,3.19624
0.0,6,3.196431
0.0,1,3.196507
0.0,39,3.197395
0.0,4,3.197539
0.0,6,3.197721
0.0,2,3.19782
0.0,16,3.198226
0.0,7,3.198431
0.0,5,3.198597
0.0,25,3.19919
0.0,1,3.199268
0.0,6,3.199459
0.0,5,3.199626
0.0,6,3.199816
0.0,7,3.200029
0.0,12,3.200341
0.0,3,3.200466
0.0,21,3.200952
0.0,1,3.201035
0.0,16,3.201431
0.0,4,3.201578
0.0,2,3.201678
0.0,8,3.201902
0.0,12,3.202252
0.0,3,3.202397
1.0,18,3.202833
0.0,7,3.20305
0.0,1,3.203129
0.0,7,3.203334
0.0,3,3.203456
0.0,8,3.203681
0.0,5,3.20385
0.0,5,3.204021
0.0,13,3.20436
1.0,7,3.204565
0.0,20,3.205054
0.0,19,3.205519
0.0,16,3.205908
0.0,11,3.206212
0.0,10,3.20648
0.0,3,3.206603
0.0,5,3.206766
0.0,8,3.20701
0.0,5,3.207177
0.0,2,3.207278
0.0,2,3.207378
0.0,4,3.207527
0.0,1,3.207603
0.0,9,3.207849
0.0,19,3.208329
0.0,4,3.208475
0.0,7,3.208686
0.0,2,3.208787
0.0,2,3.208888
0.0,14,3.209251
0.0,11,3.20955
0.0,14,3.209907
0.0,15,3.210295
0.0,4,3.210446
0.0,4,3.210589
0.0,11,3.210873
0.0,5,3.211051
0.0,5,3.211223
0.0,12,3.211542
0.0,4,3.211692
0.0,2,3.211792
0.0,1,3.211869
0.0,13,3.212214
0.0,17,3.21264
0.0,18,3.213082
0.0,11,3.213369
0.0,14,3.213722
0.0,3,3.213843
0.0,12,3.214164
0.0,37,3.21499
0.0,9,3.215247
0.0,14,3.215601
0.0,4,3.215748
0.0,2,3.215852
0.0,12,3.216176
0.0,4,3.216325
0.0,5,3.216489
0.0,13,3.216823
0.0,22,3.217342
0.0,1,3.21742
0.0,4,3.217575
0.0,4,3.217718
0.0,2,3.217822
0.0,10,3.218104
0.0,8,3.21833
1.0,11,3.218621
0.0,7,3.218824
0.0,13,3.219163
0.0,11,3.219456
0.0,4,3.219599
1.0,7,3.219804
0.0,21,3.220313
0.0,9,3.220567
0.0,9,3.220813
0.0,12,3.221138
0.0,3,3.22127
0.0,9,3.221537
0.0,5,3.221707
0.0,6,3.221893
0.0,2,3.221993
0.0,6,3.222198
0.0,13,3.222542
0.0,17,3.222955
0.0,3,3.223169
0.0,11,3.223501
0.0,1,3.223584
0.0,9,3.223843
0.0,4,3.223986
0.0,5,3.224167
0.0,7,3.22438
0.0,10,3.224649
0.0,2,3.224748
0.0,1,3.224824
0.0,6,3.225029
0.0,12,3.225345
0.0,2,3.225446
0.0,9,3.2257
0.0,5,3.225864
0.0,5,3.226051
0.0,5,3.22622
0.0,4,3.226363
0.0,1,3.226443
0.0,34,3.227221
0.0,7,3.227439
0.0,2,3.22754
0.0,6,3.227731
0.0,30,3.228426
0.0,5,3.228593
0.0,4,3.228737
0.0,5,3.2289
0.0,3,3.229037
0.0,15,3.229418
0.0,8,3.229649
0.0,11,3.229942
0.0,1,3.230026
0.0,19,3.230482
0.0,2,3.230582
0.0,5,3.230752
0.0,16,3.231163
0.0,3,3.231291
0.0,12,3.231608
0.0,2,3.231712
0.0,45,3.232713
0.0,8,3.23295
0.0,23,3.233495
1.0,11,3.233793
1.0,18,3.23425
0.0,6,3.234433
0.0,10,3.234699
0.0,12,3.235025
0.0,17,3.235449
0.0,23,3.235998
0.0,6,3.236194
0.0,12,3.236501
0.0,2,3.236602
0.0,4,3.236746
0.0,23,3.237309
0.0,12,3.237621
0.0,9,3.23787
0.0,5,3.238051
0.0,9,3.238309
0.0,25,3.238881
0.0,1,3.238962
0.0,6,3.239162
0.0,6,3.239352
0.0,11,3.23965
0.0,6,3.239835
1.0,25,3.240431
0.0,3,3.240558
0.0,3,3.240681
0.0,9,3.240937
0.0,9,3.241195
0.0,10,3.241468
0.0,4,3.241612
0.0,10,3.241879
0.0,6,3.242078
0.0,11,3.242373
0.0,8,3.242599
0.0,20,3.243096
0.0,5,3.243262
0.0,14,3.243628
0.0,24,3.244207
0.0,7,3.244415
0.0,5,3.244582
0.0,9,3.244834
0.0,17,3.24527
0.0,41,3.246202
0.0,15,3.246583
0.0,3,3.246705
0.0,11,3.246992
0.0,8,3.247235
0.0,20,3.24772
0.0,3,3.247842
0.0,11,3.248152
0.0,2,3.248253
0.0,8,3.24848
0.0,2,3.248585
0.0,1,3.248665
0.0,31,3.249392
1.0,9,3.249645
0.0,6,3.24983
0.0,1,3.24991
0.0,10,3.25019
0.0,8,3.250424
0.0,7,3.250635
0.0,13,3.250972
0.0,5,3.251153
0.0,4,3.251298
0.0,6,3.251482
0.0,11,3.251779
0.0,5,3.251943
0.0,9,3.252208
0.0,7,3.252426
0.0,4,3.25257
0.0,1,3.252646
0.0,12,3.252956
0.0,3,3.253087
0.0,8,3.253328
0.0,32,3.254068
0.0,9,3.254326
0.0,21,3.254821
0.0,38,3.255672
0.0,8,3.255901
0.0,6,3.256102
0.0,7,3.256311
0.0,8,3.256536
0.0,5,3.256699
0.0,8,3.256933
0.0,8,3.257176
0.0,11,3.257476
0.0,10,3.257746
0.0,13,3.258098
0.0,3,3.258227
0.0,16,3.258622
0.0,7,3.258824
0.0,16,3.259228
0.0,9,3.25948
0.0,8,3.259705
0.0,4,3.259852
0.0,13,3.260195
0.0,4,3.260342
0.0,12,3.260649
0.0,2,3.260753
0.0,15,3.261139
0.0,7,3.261346
0.0,2,3.26145
0.0,3,3.261573
0.0,9,3.261831
0.0,7,3.262048
0.0,1,3.262125
0.0,36,3.262933
0.0,4,3.263093
0.0,6,3.26328
0.0,4,3.263423
0.0,10,3.263696
1.0,30,3.264389
0.0,2,3.26449
0.0,1,3.264566
0.0,7,3.264773
0.0,5,3.264946
0.0,7,3.265166
0.0,7,3.265383
0.0,6,3.265571
0.0,12,3.265887
0.0,3,3.26602
0.0,8,3.266253
0.0,3,3.266375
0.0,6,3.266564
1.0,8,3.26679
0.0,5,3.266956
0.0,8,3.267194
0.0,3,3.267323
0.0,7,3.267535
0.0,33,3.268293
0.0,5,3.268465
0.0,19,3.268922
0.0,14,3.269289
0.0,10,3.269557
0.0,10,3.269833
0.0,18,3.270274
0.0,9,3.27052
0.0,1,3.2706
0.0,3,3.270723
0.0,12,3.271049
0.0,11,3.271338
0.0,5,3.27151
0.0,9,3.271764
0.0,14,3.272138
0.0,12,3.272454
0.0,7,3.272665
0.0,5,3.272829
0.0,7,3.273052
0.0,6,3.273237
0.0,4,3.273378
0.0,13,3.273708
0.0,12,3.274028
0.0,6,3.27422
0.0,4,3.274363
0.0,3,3.274488
0.0,4,3.274631
0.0,12,3.274948
0.0,3,3.275083
0.0,1,3.275165
0.0,7,3.275378
0.0,4,3.27552
0.0,12,3.275847
0.0,6,3.276049
0.0,1,3.276128
0.0,6,3.276319
0.0,33,3.277075
0.0,4,3.277224
0.0,11,3.277513
0.0,5,3.277678
0.0,15,3.278067
0.0,5,3.278239
0.0,5,3.278404
0.0,4,3.278547
0.0,5,3.278711
0.0,2,3.278811
0.0,4,3.278954
0.0,3,3.279084
0.0,17,3.279512
0.0,10,3.279783
0.0,18,3.280263
0.0,15,3.280654
0.0,3,3.280781
0.0,4,3.280923
0.0,4,3.281076
0.0,3,3.281204
1.0,10,3.281476
0.0,13,3.281811
0.0,3,3.281934
0.0,10,3.28221
0.0,8,3.282453
0.0,10,3.282722
1.0,25,3.283321
0.0,12,3.283634
0.0,30,3.284342
0.0,8,3.284576
0.0,5,3.284739
0.0,4,3.284887
0.0,7,3.285114
0.0,9,3.285366
0.0,6,3.285561
0.0,4,3.285706
0.0,13,3.28605
0.0,18,3.286489
0.0,6,3.286678
0.0,9,3.286929
0.0,4,3.287081
1.0,23,3.287621
0.0,12,3.287936
0.0,10,3.28822
0.0,7,3.288428
0.0,25,3.289017
0.0,4,3.289168
0.0,15,3.289548
1.0,12,3.289861
0.0,3,3.289981
0.0,1,3.290066
0.0,4,3.290217
0.0,1,3.290294
0.0,3,3.290421
0.0,6,3.290607
0.0,14,3.29096
0.0,38,3.291823
0.0,6,3.292025
0.0,7,3.292234
0.0,7,3.292445
0.0,6,3.29263
0.0,9,3.292876
0.0,9,3.29314
0.0,1,3.293219
0.0,3,3.293344
0.0,15,3.293718
0.0,2,3.293819
0.0,3,3.29394
0.0,7,3.294156
0.0,12,3.294466
0.0,36,3.295276
1.0,26,3.295878
0.0,10,3.296153
0.0,6,3.296346
0.0,2,3.296452
0.0,14,3.296808
0.0,17,3.297226
0.0,6,3.297416
0.0,11,3.297707
0.0,27,3.298336
0.0,9,3.298587
0.0,11,3.298878
0.0,15,3.29926
0.0,27,3.299881
1.0,13,3.300221
1.0,17,3.30064
0.0,5,3.300802
0.0,2,3.300901
0.0,6,3.301105
0.0,9,3.301354
0.0,1,3.301434
0.0,1,3.301512
0.0,5,3.301681
0.0,13,3.302013
0.0,5,3.30219
0.0,3,3.302317
0.0,30,3.30301
0.0,3,3.303134
0.0,9,3.30338
0.0,6,3.303561
0.0,13,3.303894
0.0,14,3.304258
0.0,6,3.304445
0.0,2,3.304553
0.0,4,3.304698
0.0,23,3.305251
1.0,37,3.306074
0.0,1,3.306151
0.0,5,3.306322
0.0,3,3.306444
0.0,31,3.307163
0.0,5,3.307329
0.0,2,3.307428
0.0,8,3.307668
0.0,5,3.307839
0.0,6,3.308042
0.0,7,3.308249
0.0,12,3.308564
0.0,5,3.308729
1.0,10,3.308996
0.0,4,3.309153
0.0,9,3.309399
0.0,3,3.30952
0.0,6,3.309702
0.0,4,3.309854
0.0,4,3.310013
0.0,7,3.310223
0.0,29,3.310876
0.0,5,3.311049
0.0,3,3.311177
0.0,2,3.311277
0.0,3,3.311399
0.0,1,3.311474
0.0,1,3.311554
0.0,1,3.311631
0.0,7,3.311837
0.0,8,3.312078
0.0,7,3.312284
1.0,73,3.313861
0.0,1,3.313944
0.0,15,3.314328
0.0,7,3.314541
0.0,33,3.315292
0.0,8,3.315518
0.0,7,3.315724
0.0,1,3.3158
0.0,6,3.315995
0.0,11,3.316292
0.0,13,3.316623
0.0,21,3.317132
0.0,5,3.317299
0.0,20,3.317779
0.0,13,3.318135
0.0,4,3.318281
0.0,7,3.318493
0.0,2,3.318595
0.0,2,3.3187
0.0,8,3.318941
0.0,9,3.319201
0.0,12,3.319518
0.0,5,3.31969
0.0,2,3.31979
0.0,5,3.319958
0.0,1,3.320043
0.0,4,3.320194
0.0,2,3.3203
0.0,5,3.320465
0.0,3,3.320587
0.0,20,3.321086
0.0,5,3.321252
0.0,10,3.321524
0.0,10,3.321799
0.0,5,3.321964
0.0,4,3.322119
0.0,13,3.322462
0.0,2,3.322563
0.0,16,3.322963
0.0,9,3.323282
0.0,10,3.323566
0.0,5,3.323733
0.0,6,3.323924
0.0,6,3.324139
0.0,5,3.324332
0.0,10,3.324596
0.0,2,3.324696
0.0,2,3.324801
0.0,6,3.324985
0.0,8,3.325227
0.0,1,3.325303
0.0,5,3.325472
0.0,5,3.325635
0.0,6,3.325819
0.0,6,3.326015
0.0,4,3.32616
0.0,7,3.326374
0.0,2,3.326474
0.0,8,3.326703
0.0,3,3.326829
0.0,7,3.327045
0.0,6,3.327235
0.0,8,3.327459
0.0,2,3.327559
0.0,17,3.327966
0.0,2,3.328077
0.0,8,3.328312
0.0,28,3.328954
0.0,4,3.329114
0.0,4,3.329267
0.0,9,3.329513
1.0,23,3.330061
0.0,52,3.331198
0.0,19,3.331661
0.0,16,3.332061
0.0,5,3.332235
0.0,6,3.332424
0.0,3,3.332547
0.0,7,3.332754
0.0,7,3.332956
0.0,10,3.333225
0.0,3,3.333347
0.0,5,3.333508
0.0,16,3.333903
0.0,1,3.33398
0.0,1,3.334065
0.0,6,3.334258
0.0,4,3.3344
0.0,16,3.334785
0.0,4,3.334932
0.0,16,3.335346
0.0,5,3.335516
0.0,12,3.335832
0.0,23,3.336377
0.0,7,3.336593
0.0,2,3.336698
0.0,21,3.337204
0.0,6,3.337395
0.0,6,3.337587
0.0,8,3.337812
0.0,3,3.337932
0.0,20,3.338418
0.0,22,3.338933
0.0,3,3.339062
0.0,4,3.33921
0.0,1,3.339287
0.0,3,3.339409
0.0,2,3.339509
0.0,21,3.340013
0.0,8,3.340245
0.0,11,3.340539
0.0,16,3.340935
0.0,10,3.341216
0.0,4,3.341364
0.0,15,3.341737
0.0,6,3.341932
0.0,8,3.342174
0.0,9,3.342421
0.0,3,3.342548
0.0,1,3.342628
0.0,3,3.342749
0.0,1,3.342825
0.0,3,3.342945
0.0,10,3.343225
0.0,1,3.343303
0.0,9,3.343558
0.0,5,3.343723
0.0,5,3.343885
0.0,9,3.34414
0.0,17,3.344567
0.0,26,3.345175
1.0,10,3.345443
0.0,3,3.345565
0.0,11,3.345857
0.0,9,3.346127
0.0,2,3.34623
0.0,10,3.346502
0.0,1,3.346578
0.0,7,3.346791
0.0,2,3.346901
0.0,1,3.346978
0.0,1,3.347061
0.0,7,3.347275
0.0,8,3.347508
0.0,4,3.34765
0.0,1,3.34773
1.0,19,3.348195
0.0,2,3.348295
0.0,9,3.348548
0.0,4,3.348698
0.0,3,3.348824
0.0,3,3.34895
0.0,3,3.34909
0.0,4,3.349241
0.0,8,3.349478
0.0,1,3.349554
0.0,4,3.349698
0.0,10,3.34997
0.0,5,3.35015
0.0,11,3.350438
0.0,4,3.35058
1.0,8,3.350811
0.0,43,3.351768
0.0,3,3.351892
0.0,4,3.352045
0.0,9,3.352292
0.0,16,3.35269
0.0,13,3.353024
0.0,7,3.353229
0.0,8,3.353457
0.0,4,3.3536
0.0,2,3.3537
0.0,3,3.353827
0.0,1,3.353904
0.0,13,3.354252
0.0,4,3.354401
0.0,8,3.354628
0.0,7,3.354831
0.0,3,3.354956
0.0,2,3.355065
0.0,6,3.35525
0.0,3,3.355371
0.0,2,3.35547
0.0,3,3.355591
0.0,4,3.355733
0.0,16,3.356144
0.0,11,3.356434
0.0,2,3.356537
0.0,7,3.35675
0.0,3,3.356875
0.0,2,3.35698
0.0,9,3.357271
0.0,3,3.357418
0.0,2,3.35752
0.0,8,3.357754
0.0,3,3.357877
0.0,14,3.358249
0.0,2,3.358352
0.0,10,3.358624
0.0,3,3.358745
0.0,3,3.358869
0.0,5,3.359043
0.0,14,3.359398
0.0,6,3.359587
0.0,4,3.35973
0.0,9,3.359985
0.0,7,3.360208
0.0,4,3.360351
0.0,19,3.360803
0.0,1,3.360883
0.0,2,3.360988
0.0,20,3.361482
0.0,8,3.361706
0.0,21,3.362211
0.0,10,3.362483
0.0,14,3.362841
0.0,10,3.36312
0.0,8,3.363355
0.0,1,3.363432
0.0,14,3.363791
0.0,6,3.363975
0.0,11,3.364274
0.0,7,3.36448
0.0,16,3.364869
0.0,7,3.365085
0.0,7,3.365302
0.0,1,3.365378
0.0,3,3.3655
0.0,2,3.3656
0.0,5,3.365764
0.0,4,3.365905
0.0,2,3.366025
0.0,1,3.366107
0.0,8,3.366364
0.0,10,3.366636
0.0,5,3.366799
1.0,33,3.367601
0.0,15,3.367976
0.0,7,3.368206
0.0,1,3.368285
0.0,2,3.36839
1.0,16,3.368781
1.0,20,3.36929
0.0,13,3.369649
0.0,11,3.369941
0.0,11,3.37027
0.0,21,3.370791
0.0,20,3.371279
0.0,3,3.371407
0.0,9,3.371659
0.0,8,3.371884
0.0,2,3.371984
0.0,2,3.372092
1.0,12,3.372407
0.0,4,3.372549
0.0,4,3.372693
0.0,7,3.372896
0.0,8,3.373142
0.0,10,3.373411
0.0,9,3.373662
1.0,10,3.373926
0.0,5,3.374096
0.0,2,3.374197
0.0,21,3.374707
0.0,9,3.374953
0.0,26,3.375561
1.0,59,3.376858
0.0,12,3.377175
0.0,16,3.377569
0.0,26,3.378185
0.0,19,3.378647
0.0,29,3.379369
0.0,4,3.379518
0.0,13,3.379851
0.0,3,3.379972
0.0,3,3.380102
0.0,22,3.380614
0.0,3,3.380739
0.0,15,3.381121
0.0,3,3.381248
0.0,4,3.381391
0.0,1,3.381471
0.0,12,3.381781
0.0,11,3.382079
0.0,1,3.382161
0.0,6,3.382348
0.0,16,3.382751
0.0,10,3.383029
1.0,26,3.383635
0.0,4,3.383781
0.0,1,3.383858
0.0,1,3.383938
0.0,36,3.384763
0.0,14,3.385129
0.0,12,3.38545
1.0,12,3.385761
0.0,5,3.385928
0.0,1,3.386012
0.0,3,3.386142
0.0,40,3.387048
0.0,8,3.387281
0.0,2,3.387386
0.0,5,3.387557
1.0,15,3.387938
0.0,10,3.388225
0.0,10,3.38849
0.0,2,3.388594
0.0,23,3.389146
0.0,1,3.389223
1.0,17,3.389643
1.0,12,3.389959
0.0,1,3.390042
0.0,4,3.390192
0.0,7,3.390404
0.0,11,3.390689
0.0,5,3.390851
0.0,1,3.390927
0.0,8,3.391163
0.0,10,3.391441
0.0,14,3.391798
0.0,1,3.391878
0.0,6,3.392079
0.0,2,3.392182
0.0,3,3.392303
0.0,16,3.392698
0.0,1,3.392777
0.0,4,3.392926
0.0,25,3.393517
0.0,2,3.393624
0.0,5,3.393798
0.0,2,3.393899
0.0,1,3.393978
0.0,1,3.394064
0.0,15,3.394442
0.0,8,3.394671
1.0,27,3.395313
0.0,9,3.39556
0.0,29,3.39622
0.0,10,3.39649
0.0,15,3.396862
0.0,4,3.397011
0.0,5,3.397177
1.0,6,3.397359
0.0,1,3.397433
0.0,6,3.397616
0.0,13,3.397947
0.0,7,3.398168
1.0,8,3.398399
0.0,7,3.398608
0.0,2,3.398707
0.0,4,3.398848
1.0,15,3.399231
0.0,15,3.399605
0.0,9,3.399849
0.0,1,3.399924
0.0,5,3.400099
0.0,3,3.400226
0.0,19,3.40069
0.0,5,3.400859
0.0,4,3.401008
0.0,4,3.401158
0.0,4,3.401302
0.0,31,3.402008
0.0,3,3.402154
0.0,3,3.4023
0.0,5,3.402472
0.0,2,3.402571
0.0,5,3.402739
0.0,11,3.40304
0.0,7,3.403246
0.0,3,3.403372
0.0,10,3.403637
0.0,4,3.403784
0.0,2,3.403887
0.0,9,3.404148
0.0,18,3.404581
0.0,23,3.405125
0.0,7,3.405336
0.0,5,3.4055
0.0,3,3.405619
0.0,21,3.406127
0.0,11,3.406421
0.0,8,3.40665
0.0,1,3.406726
0.0,24,3.407291
0.0,44,3.408253
0.0,3,3.408381
0.0,12,3.408697
0.0,41,3.409608
0.0,8,3.409832
0.0,7,3.410051
0.0,20,3.410519
0.0,9,3.410777
0.0,3,3.410899
1.0,20,3.411399
0.0,2,3.4115
0.0,5,3.411669
0.0,3,3.41179
0.0,8,3.412033
0.0,8,3.412271
0.0,2,3.412376
1.0,7,3.412589
0.0,7,3.412802
0.0,6,3.412992
0.0,13,3.413335
0.0,7,3.413544
0.0,41,3.41446
0.0,6,3.414653
0.0,2,3.414757
0.0,10,3.415036
0.0,7,3.415251
0.0,2,3.415356
0.0,8,3.415592
0.0,3,3.415715
0.0,1,3.41579
0.0,3,3.415912
0.0,3,3.416048
0.0,26,3.416656
0.0,2,3.416762
0.0,6,3.416946
0.0,9,3.417211
0.0,3,3.417335
0.0,8,3.417569
0.0,1,3.417646
0.0,3,3.417767
0.0,1,3.417842
0.0,4,3.417984
0.0,4,3.418137
0.0,10,3.418408
0.0,8,3.418653
0.0,3,3.418783
0.0,8,3.419018
0.0,6,3.419211
0.0,5,3.419374
0.0,12,3.419692
0.0,8,3.419923
0.0,2,3.420031
0.0,3,3.420154
0.0,3,3.420292
0.0,25,3.420882
0.0,18,3.421376
0.0,8,3.421609
0.0,1,3.421691
0.0,5,3.421863
0.0,27,3.422497
0.0,22,3.423028
0.0,3,3.423236
0.0,3,3.423382
0.0,5,3.423555
0.0,9,3.42381
0.0,24,3.424438
0.0,3,3.424568
0.0,11,3.424856
0.0,15,3.425241
0.0,22,3.42576
0.0,8,3.425991
0.0,3,3.426127
0.0,24,3.42668
0.0,5,3.426852
0.0,6,3.427055
0.0,23,3.427598
0.0,3,3.42772
0.0,2,3.427819
0.0,15,3.428211
0.0,12,3.428523
0.0,1,3.4286
0.0,1,3.428676
0.0,5,3.428839
0.0,5,3.429008
1.0,20,3.429498
0.0,14,3.429856
0.0,2,3.429956
0.0,6,3.430158
0.0,3,3.430286
0.0,2,3.43039
0.0,2,3.43049
0.0,3,3.430611
0.0,4,3.430753
0.0,20,3.431232
0.0,5,3.431404
0.0,3,3.431526
0.0,6,3.43171
0.0,39,3.432596
0.0,21,3.433099
0.0,14,3.433459
1.0,6,3.433643
0.0,4,3.433784
0.0,8,3.434023
0.0,27,3.434657
0.0,19,3.435125
0.0,3,3.435248
0.0,11,3.435538
0.0,20,3.436012
0.0,8,3.436239
1.0,9,3.436485
0.0,7,3.436691
0.0,2,3.436796
0.0,9,3.437051
0.0,6,3.437244
0.0,5,3.437414
0.0,8,3.437641
0.0,17,3.438066
0.0,15,3.43844
1.0,17,3.438859
0.0,20,3.439345
0.0,30,3.440047
0.0,24,3.440614
0.0,13,3.440953
0.0,3,3.441083
0.0,14,3.441439
0.0,6,3.441622
0.0,3,3.441743
0.0,14,3.442111
0.0,26,3.442716
0.0,6,3.442898
0.0,1,3.442974
0.0,1,3.443058
0.0,5,3.443229
0.0,1,3.443309
0.0,1,3.443385
0.0,5,3.44355
0.0,5,3.443712
0.0,4,3.443853
0.0,4,3.443994
0.0,11,3.444296
0.0,5,3.444458
0.0,5,3.44462
0.0,11,3.444911
0.0,5,3.445089
0.0,17,3.445511
0.0,9,3.445757
0.0,4,3.445905
0.0,6,3.446099
0.0,8,3.446325
0.0,12,3.446645
0.0,12,3.446959
0.0,6,3.447151
0.0,12,3.447464
0.0,5,3.447625
0.0,13,3.447961
0.0,3,3.448093
0.0,7,3.448314
0.0,12,3.448623
0.0,2,3.448723
0.0,3,3.448849
0.0,1,3.448929
0.0,11,3.449239
0.0,2,3.449342
0.0,15,3.449718
0.0,3,3.449838
0.0,7,3.450055
0.0,1,3.450134
0.0,1,3.450209
0.0,2,3.450312
0.0,3,3.450438
1.0,10,3.450706
0.0,5,3.450877
0.0,5,3.451075
0.0,15,3.451486
0.0,2,3.451591
0.0,4,3.451735
0.0,7,3.451947
0.0,16,3.452356
0.0,11,3.452646
0.0,7,3.452849
0.0,5,3.453043
0.0,11,3.453374
0.0,5,3.453541
0.0,6,3.453725
0.0,7,3.453926
0.0,11,3.454258
0.0,17,3.454689
0.0,8,3.454916
0.0,1,3.454991
0.0,6,3.455187
0.0,1,3.455263
0.0,4,3.455405
0.0,7,3.455614
0.0,9,3.455863
0.0,14,3.456258
0.0,9,3.456521
0.0,17,3.456935
0.0,18,3.457422
0.0,24,3.457984
0.0,20,3.458472
0.0,3,3.4586
0.0,5,3.458765
0.0,1,3.458845
0.0,5,3.459034
0.0,12,3.459378
0.0,9,3.459632
0.0,6,3.459821
0.0,7,3.460052
0.0,9,3.460332
0.0,6,3.460522
0.0,17,3.460943
0.0,9,3.461199
0.0,13,3.461528
0.0,14,3.461874
0.0,12,3.462195
0.0,18,3.462635
0.0,19,3.463104
0.0,9,3.463356
0.0,10,3.463622
0.0,36,3.46444
0.0,1,3.464519
0.0,6,3.46471
0.0,7,3.464916
0.0,4,3.465067
0.0,28,3.465723
0.0,8,3.465946
0.0,35,3.466742
0.0,12,3.467073
0.0,14,3.467422
0.0,2,3.467522
0.0,12,3.467828
0.0,10,3.468113
0.0,9,3.468366
0.0,4,3.468515
0.0,6,3.468704
0.0,9,3.46895
0.0,6,3.469142
0.0,5,3.469311
0.0,4,3.46946
1.0,15,3.46983
0.0,10,3.470115
0.0,3,3.470241
0.0,15,3.470617
0.0,2,3.470724
0.0,1,3.4708
0.0,2,3.470901
1.0,11,3.47121
0.0,12,3.471522
0.0,11,3.471804
0.0,1,3.471884
1.0,27,3.472515
0.0,4,3.472666
0.0,2,3.472771
0.0,3,3.472898
0.0,2,3.472998
0.0,6,3.473196
0.0,8,3.473424
0.0,13,3.473757
0.0,9,3.474021
0.0,1,3.474111
0.0,8,3.474344
0.0,4,3.474496
0.0,2,3.4746
0.0,7,3.474808
0.0,21,3.47532
0.0,7,3.475527
0.0,8,3.475762
0.0,3,3.475883
0.0,2,3.475983
0.0,13,3.476325
0.0,7,3.476532
0.0,11,3.476828
0.0,15,3.477209
0.0,27,3.477848
0.0,1,3.477925
0.0,25,3.478511
0.0,1,3.478592
0.0,14,3.478943
0.0,11,3.479237
0.0,5,3.479412
0.0,14,3.479761
0.0,14,3.480128
0.0,13,3.480455
0.0,1,3.480534
0.0,2,3.48064
0.0,7,3.480845
0.0,6,3.48104
0.0,5,3.481205
0.0,9,3.481452
0.0,7,3.481653
0.0,3,3.481778
0.0,1,3.481855
0.0,7,3.48207
0.0,6,3.482256
0.0,5,3.482419
0.0,8,3.482642
0.0,3,3.482763
0.0,21,3.483283
0.0,1,3.48336
0.0,5,3.483524
0.0,6,3.483706
0.0,8,3.483939
0.0,12,3.484261
0.0,6,3.484446
0.0,4,3.484587
0.0,12,3.484894
0.0,2,3.484993
0.0,24,3.485568
0.0,11,3.485856
0.0,21,3.486372
1.0,21,3.486876
0.0,2,3.486975
0.0,3,3.48711
0.0,8,3.487335
0.0,3,3.487456
0.0,10,3.487723
0.0,6,3.487905
0.0,2,3.488017
0.0,9,3.488273
0.0,3,3.488401
0.0,8,3.488635
0.0,3,3.488756
1.0,17,3.489186
0.0,7,3.489398
0.0,6,3.489591
0.0,5,3.489758
0.0,10,3.490046
0.0,1,3.490129
0.0,6,3.490314
0.0,4,3.490462
0.0,37,3.491285
0.0,3,3.491412
0.0,13,3.49175
0.0,13,3.49209
1.0,21,3.492591
0.0,8,3.492821
1.0,27,3.493449
0.0,3,3.493577
0.0,15,3.493959
0.0,4,3.49411
0.0,5,3.49428
0.0,10,3.494554
0.0,5,3.494727
0.0,15,3.495112
0.0,8,3.495348
0.0,19,3.495812
0.0,1,3.49589
0.0,12,3.496219
0.0,6,3.496406
0.0,17,3.496826
0.0,1,3.496907
0.0,20,3.497404
0.0,10,3.497678
0.0,8,3.497901
0.0,16,3.498305
0.0,10,3.49858
0.0,2,3.498681
0.0,20,3.499173
0.0,20,3.499656
0.0,3,3.499777
0.0,30,3.500457
0.0,21,3.500963
1.0,18,3.501409
0.0,6,3.501593
0.0,3,3.501714
0.0,9,3.501965
0.0,7,3.502209
0.0,3,3.502352
0.0,4,3.502493
1.0,6,3.502677
0.0,10,3.502943
0.0,5,3.503115
0.0,7,3.503322
0.0,6,3.503506
0.0,16,3.503894
0.0,5,3.504065
0.0,1,3.504141
0.0,2,3.504241
0.0,8,3.504477
0.0,10,3.50475
0.0,1,3.504826
0.0,21,3.505335
0.0,5,3.505504
0.0,10,3.505778
0.0,14,3.50615
0.0,22,3.506674
0.0,4,3.506821
0.0,9,3.507078
0.0,2,3.507179
0.0,4,3.507322
0.0,12,3.507635
0.0,4,3.507783
1.0,19,3.508259
0.0,9,3.50851
0.0,24,3.509075
0.0,17,3.50949
0.0,7,3.509696
0.0,36,3.510525
0.0,2,3.510626
0.0,8,3.510855
0.0,1,3.510931
0.0,13,3.511278
0.0,20,3.511761
0.0,3,3.511883
0.0,12,3.512216
0.0,11,3.512522
0.0,3,3.512644
0.0,5,3.512807
0.0,4,3.512949
0.0,5,3.513125
0.0,7,3.513333
0.0,3,3.513459
0.0,3,3.513581
0.0,2,3.51368
0.0,5,3.513849
0.0,13,3.514197
0.0,21,3.51471
0.0,8,3.514943
0.0,4,3.515101
0.0,7,3.515315
0.0,3,3.515437
0.0,18,3.515873
0.0,3,3.515994
0.0,10,3.516276
0.0,22,3.5168
0.0,6,3.51699
0.0,6,3.517184
0.0,7,3.517391
0.0,1,3.517467
0.0,4,3.517616
0.0,4,3.517767
0.0,3,3.517894
0.0,8,3.518131
0.0,17,3.518552
0.0,5,3.518714
0.0,15,3.519099
0.0,6,3.519299
0.0,4,3.519448
0.0,9,3.519698
0.0,6,3.519882
0.0,2,3.519986
0.0,29,3.520659
0.0,9,3.520915
0.0,8,3.521151
0.0,8,3.521379
0.0,24,3.521942
0.0,9,3.522205
0.0,19,3.522658
0.0,7,3.522869
0.0,45,3.523877
0.0,8,3.524189
0.0,8,3.524428
0.0,4,3.52458
1.0,17,3.524991
0.0,11,3.525326
0.0,5,3.525489
0.0,8,3.525717
0.0,5,3.52589
0.0,5,3.526073
1.0,26,3.526677
0.0,6,3.526861
1.0,26,3.527467
0.0,21,3.52798
0.0,6,3.528172
0.0,11,3.528465
0.0,5,3.528626
0.0,12,3.52894
0.0,3,3.52907
0.0,10,3.529338
0.0,5,3.529499
0.0,7,3.529706
0.0,8,3.529937
0.0,6,3.530127
0.0,31,3.530818
0.0,9,3.531082
0.0,2,3.531184
0.0,2,3.531288
0.0,1,3.531368
0.0,11,3.531661
0.0,17,3.532085
0.0,28,3.532732
0.0,12,3.533051
0.0,6,3.533237
0.0,6,3.533426
0.0,4,3.533567
0.0,2,3.533666
0.0,3,3.533792
0.0,5,3.533963
0.0,4,3.534115
0.0,3,3.534237
1.0,14,3.534585
0.0,5,3.534746
0.0,2,3.534845
1.0,32,3.535573
1.0,18,3.536024
0.0,14,3.536379
0.0,21,3.536879
0.0,7,3.537101
0.0,3,3.537229
0.0,4,3.537373
0.0,12,3.537694
0.0,1,3.537773
0.0,2,3.537875
0.0,3,3.537995
0.0,2,3.538109
0.0,7,3.538321
0.0,1,3.538401
0.0,15,3.538784
0.0,6,3.538968
0.0,7,3.539186
0.0,2,3.539288
0.0,3,3.539424
1.0,34,3.540198
0.0,5,3.540361
0.0,5,3.540529
0.0,2,3.540634
0.0,2,3.540735
0.0,2,3.540834
0.0,5,3.541012
0.0,15,3.541382
1.0,23,3.541925
0.0,20,3.542407
0.0,22,3.542928
0.0,2,3.543041
1.0,24,3.5436
0.0,4,3.543746
0.0,6,3.543937
1.0,30,3.544648
0.0,4,3.544791
0.0,18,3.545242
0.0,8,3.545477
0.0,9,3.545724
0.0,9,3.545972
0.0,3,3.546108
0.0,3,3.546233
0.0,45,3.54724
0.0,5,3.547407
0.0,6,3.547597
0.0,6,3.547787
0.0,9,3.548055
0.0,1,3.548133
1.0,8,3.54837
0.0,9,3.548613
0.0,17,3.549037
0.0,10,3.549304
0.0,5,3.54947
0.0,8,3.549705
0.0,15,3.55009
0.0,5,3.550256
0.0,3,3.550386
0.0,2,3.550486
0.0,17,3.550899
0.0,5,3.551077
0.0,4,3.551227
0.0,2,3.551332
0.0,1,3.551408
0.0,4,3.55155
0.0,4,3.551691
0.0,8,3.551914
0.0,6,3.552114
0.0,36,3.552923
1.0,15,3.553303
0.0,2,3.553409
0.0,6,3.5536
0.0,19,3.554063
0.0,3,3.554191
0.0,8,3.554424
0.0,18,3.554852
0.0,10,3.555132
0.0,6,3.55532
0.0,6,3.555505
0.0,2,3.555609
0.0,6,3.555798
0.0,6,3.555982
1.0,23,3.556535
0.0,8,3.556772
0.0,2,3.556872
0.0,4,3.557022
0.0,5,3.557196
0.0,13,3.557522
0.0,5,3.557693
0.0,5,3.557854
0.0,6,3.558053
0.0,5,3.558222
0.0,1,3.558298
0.0,17,3.558711
0.0,5,3.558879
0.0,7,3.559098
0.0,3,3.559221
1.0,25,3.559807
0.0,9,3.560059
0.0,11,3.560355
0.0,9,3.560599
0.0,6,3.56078
0.0,16,3.561174
1.0,18,3.561622
0.0,13,3.561942
0.0,16,3.562343
1.0,6,3.562527
0.0,17,3.562929
0.0,3,3.563062
0.0,4,3.563214
1.0,19,3.563666
0.0,17,3.564101
0.0,5,3.56427
0.0,9,3.564526
0.0,37,3.565365
0.0,6,3.565549
0.0,1,3.565625
0.0,3,3.565746
0.0,6,3.565934
0.0,5,3.566109
0.0,5,3.566274
0.0,22,3.566787
0.0,3,3.566908
0.0,4,3.567059
0.0,12,3.567376
0.0,18,3.567821
0.0,4,3.567969
0.0,12,3.568286
0.0,10,3.568559
0.0,20,3.569054
0.0,11,3.569341
0.0,20,3.569824
1.0,18,3.570266
0.0,10,3.570541
0.0,5,3.570705
0.0,10,3.570984
0.0,2,3.5711
1.0,16,3.571504
0.0,8,3.571726
0.0,6,3.571922
0.0,6,3.572115
0.0,9,3.572368
0.0,2,3.572468
0.0,6,3.572655
0.0,25,3.573251
0.0,11,3.573548
0.0,3,3.573668
0.0,1,3.573744
0.0,9,3.57399
1.0,14,3.574344
0.0,3,3.574464
0.0,6,3.574645
0.0,8,3.574869
0.0,26,3.575475
0.0,2,3.575577
0.0,18,3.576018
0.0,7,3.576223
0.0,3,3.576347
0.0,5,3.576511
0.0,7,3.576715
0.0,6,3.576899
0.0,2,3.576998
0.0,15,3.577374
0.0,8,3.577604
0.0,19,3.578059
0.0,2,3.578165
0.0,4,3.578307
0.0,6,3.578489
0.0,5,3.578655
0.0,4,3.578802
0.0,4,3.578943
0.0,14,3.579298
0.0,5,3.579463
0.0,22,3.579973
0.0,2,3.580088
0.0,1,3.580166
0.0,2,3.580265
0.0,42,3.581207
0.0,8,3.58144
0.0,9,3.581692
1.0,10,3.581958
0.0,9,3.582207
0.0,2,3.582313
0.0,20,3.582788
0.0,23,3.583341
0.0,5,3.583504
0.0,8,3.583726
0.0,5,3.583892
0.0,21,3.584405
0.0,5,3.584578
0.0,5,3.584742
0.0,6,3.584928
0.0,2,3.585036
0.0,5,3.5852
0.0,12,3.585507
0.0,5,3.585669
0.0,3,3.58579
0.0,11,3.586088
0.0,8,3.586314
0.0,3,3.586433
0.0,37,3.587276
0.0,5,3.587446
0.0,19,3.5879
0.0,18,3.588341
0.0,5,3.58851
0.0,30,3.589206
0.0,3,3.58933
0.0,7,3.589534
0.0,3,3.58966
0.0,12,3.589977
0.0,11,3.590276
0.0,6,3.590461
0.0,3,3.590589
0.0,8,3.590819
1.0,19,3.591291
0.0,2,3.591393
0.0,4,3.591535
0.0,10,3.59181
1.0,15,3.5922
0.0,3,3.592322
0.0,3,3.592443
0.0,3,3.592569
0.0,14,3.592917
0.0,3,3.593059
0.0,1,3.59314
1.0,16,3.593536
0.0,4,3.593677
0.0,4,3.593824
0.0,5,3.593986
0.0,1,3.59407
0.0,2,3.594171
0.0,7,3.594381
0.0,2,3.594479
0.0,3,3.5946
0.0,4,3.594743
0.0,4,3.594884
0.0,4,3.59504
0.0,6,3.595231
1.0,11,3.595515
0.0,4,3.595654
0.0,4,3.595794
0.0,2,3.595892
0.0,1,3.595967
0.0,7,3.596187
0.0,9,3.596448
0.0,4,3.596596
0.0,8,3.596826
0.0,16,3.597238
0.0,7,3.597444
0.0,1,3.59752
0.0,4,3.597662
0.0,1,3.597738
0.0,15,3.598122
0.0,4,3.598266
0.0,6,3.59845
0.0,1,3.598526
0.0,16,3.598924
0.0,2,3.599033
0.0,4,3.599179
0.0,2,3.599278
0.0,3,3.599399
0.0,13,3.599731
0.0,4,3.599884
0.0,1,3.599965
0.0,2,3.600079
0.0,13,3.600408
0.0,6,3.60059
0.0,3,3.600712
0.0,1,3.600787
0.0,2,3.60089
0.0,2,3.600992
0.0,5,3.601168
0.0,4,3.60131
1.0,9,3.60157
0.0,3,3.601692
0.0,3,3.601813
0.0,4,3.601953
0.0,2,3.602062
0.0,5,3.602227
0.0,3,3.602349
0.0,11,3.602642
0.0,1,3.602717
0.0,1,3.602793
0.0,8,3.603055
0.0,1,3.603137
0.0,1,3.603217
1.0,20,3.60372
0.0,4,3.603867
0.0,7,3.604089
0.0,12,3.604397
0.0,5,3.604567
0.0,6,3.604758
0.0,3,3.604879
0.0,20,3.605362
0.0,9,3.605608
0.0,8,3.605832
0.0,14,3.606197
0.0,17,3.606616
0.0,1,3.606692
0.0,4,3.606841
0.0,3,3.606963
0.0,4,3.607115
0.0,11,3.607408
0.0,1,3.607485
0.0,9,3.607737
0.0,9,3.607986
0.0,16,3.608398
0.0,38,3.609237
0.0,9,3.609486
0.0,3,3.609607
1.0,21,3.610105
0.0,2,3.610205
0.0,5,3.610373
0.0,9,3.610626
0.0,10,3.610888
0.0,8,3.611125
0.0,2,3.61123
0.0,2,3.611336
0.0,3,3.611463
0.0,16,3.611857
0.0,13,3.612198
0.0,2,3.612307
0.0,6,3.612491
0.0,16,3.612882
0.0,3,3.613018
0.0,1,3.613099
0.0,3,3.613224
0.0,4,3.613366
0.0,5,3.613537
0.0,2,3.613637
0.0,2,3.613738
0.0,5,3.613902
1.0,26,3.614512
0.0,22,3.615028
0.0,12,3.615346
0.0,5,3.615511
0.0,11,3.615798
0.0,20,3.616287
0.0,9,3.616534
0.0,5,3.616696
0.0,5,3.616858
0.0,2,3.616962
0.0,19,3.617433
0.0,27,3.618074
0.0,12,3.618393
0.0,1,3.61847
0.0,4,3.618619
1.0,17,3.619057
0.0,6,3.619248
0.0,3,3.619372
0.0,10,3.619641
0.0,6,3.619826
0.0,3,3.619951
0.0,25,3.620542
0.0,20,3.621023
0.0,8,3.621255
0.0,5,3.621425
0.0,1,3.621502
0.0,18,3.621942
0.0,3,3.622084
0.0,3,3.622213
0.0,3,3.622337
0.0,3,3.622463
0.0,6,3.622655
0.0,1,3.622732
0.0,13,3.623078
0.0,8,3.62331
0.0,2,3.623411
0.0,9,3.623662
0.0,1,3.62374
0.0,3,3.623866
0.0,13,3.624214
0.0,4,3.624453
0.0,1,3.624539
0.0,5,3.624707
1.0,16,3.625142
0.0,14,3.625523
1.0,17,3.625945
0.0,9,3.626212
0.0,3,3.626341
0.0,1,3.626418
0.0,1,3.626494
0.0,19,3.626953
0.0,12,3.627276
0.0,14,3.627628
0.0,16,3.628034
0.0,11,3.628334
0.0,4,3.628484
0.0,1,3.628561
0.0,9,3.628807
0.0,5,3.628971
0.0,5,3.629153
0.0,20,3.629636
0.0,26,3.630245
0.0,8,3.63048
0.0,6,3.630666
0.0,27,3.6313
0.0,4,3.631447
0.0,4,3.631594
0.0,7,3.631804
0.0,4,3.631952
0.0,6,3.63215
0.0,5,3.632324
0.0,4,3.632468
0.0,6,3.632658
0.0,13,3.632988
0.0,2,3.633097
0.0,7,3.633307
0.0,5,3.633471
0.0,8,3.633707
0.0,9,3.633958
0.0,5,3.634136
0.0,40,3.635035
0.0,17,3.635452
0.0,16,3.635851
0.0,12,3.636172
0.0,27,3.6368
0.0,13,3.637148
0.0,13,3.637483
0.0,9,3.637727
0.0,3,3.637847
0.0,18,3.638292
0.0,5,3.638461
0.0,6,3.638655
0.0,6,3.638841
0.0,10,3.639127
0.0,2,3.639232
0.0,6,3.639423
0.0,9,3.639674
0.0,2,3.639777
0.0,4,3.63992
0.0,4,3.640078
0.0,11,3.640372
0.0,15,3.640754
0.0,2,3.640853
0.0,17,3.641273
1.0,17,3.641691
0.0,4,3.641838
0.0,12,3.642173
0.0,7,3.64239
0.0,11,3.642682
0.0,1,3.642762
0.0,6,3.642953
0.0,6,3.643148
0.0,5,3.64332
0.0,10,3.643592
0.0,9,3.643855
0.0,3,3.643978
0.0,4,3.644136
0.0,4,3.644282
0.0,10,3.644555
0.0,2,3.644654
0.0,6,3.644844
0.0,2,3.644943
0.0,2,3.645051
0.0,5,3.645225
0.0,9,3.645473
0.0,3,3.645594
0.0,8,3.645818
0.0,10,3.646105
0.0,7,3.646315
0.0,5,3.646482
0.0,8,3.64671
0.0,14,3.647073
0.0,4,3.647216
1.0,16,3.647616
1.0,7,3.64782
0.0,10,3.648095
0.0,12,3.64841
0.0,3,3.648533
1.0,17,3.648945
0.0,11,3.649246
0.0,3,3.64937
0.0,6,3.649554
0.0,8,3.649787
0.0,20,3.650283
0.0,7,3.650497
0.0,15,3.65087
0.0,7,3.651088
0.0,2,3.65119
0.0,22,3.651711
1.0,18,3.652161
0.0,2,3.652266
0.0,6,3.652457
0.0,1,3.652534
0.0,20,3.653033
0.0,10,3.653304
0.0,11,3.653601
0.0,16,3.65401
0.0,4,3.654163
0.0,2,3.654264
1.0,12,3.654569
0.0,3,3.65469
0.0,17,3.65511
0.0,23,3.655655
0.0,18,3.656112
0.0,13,3.656447
0.0,9,3.656696
0.0,4,3.656837
0.0,15,3.657219
0.0,16,3.657613
0.0,8,3.657845
0.0,23,3.658402
0.0,5,3.658572
0.0,10,3.658846
0.0,5,3.659017
0.0,5,3.659185
0.0,1,3.659261
0.0,4,3.659404
0.0,13,3.659737
0.0,14,3.660109
0.0,16,3.66051
0.0,6,3.660693
0.0,20,3.661184
0.0,7,3.661388
0.0,6,3.661572
0.0,2,3.661675
0.0,2,3.661775
0.0,20,3.662257
0.0,4,3.662411
0.0,6,3.662601
0.0,8,3.662831
0.0,4,3.662978
0.0,3,3.663114
0.0,9,3.663362
0.0,6,3.663562
0.0,3,3.663685
0.0,1,3.663761
1.0,30,3.664459
0.0,9,3.66471
0.0,18,3.665157
0.0,6,3.665351
0.0,13,3.66568
0.0,8,3.665912
0.0,8,3.666155
0.0,7,3.666361
0.0,4,3.666503
0.0,18,3.666939
0.0,9,3.667196
0.0,19,3.667661
0.0,4,3.667803
0.0,29,3.668492
0.0,20,3.668971
0.0,4,3.669148
0.0,4,3.669304
0.0,8,3.669555
0.0,14,3.669916
0.0,4,3.670089
0.0,25,3.670703
0.0,9,3.670948
0.0,13,3.671287
0.0,8,3.671512
0.0,10,3.671783
0.0,12,3.672135
0.0,4,3.672287
0.0,8,3.672527
0.0,5,3.672689
0.0,27,3.673374
0.0,7,3.673581
0.0,9,3.673832
0.0,6,3.674025
0.0,15,3.6744
0.0,2,3.674501
0.0,4,3.674642
0.0,2,3.674741
0.0,3,3.674863
0.0,11,3.675166
0.0,3,3.67529
0.0,6,3.675485
0.0,11,3.675782
1.0,19,3.676256
0.0,2,3.676357
0.0,5,3.676529
0.0,3,3.676652
0.0,9,3.676897
0.0,4,3.677054
0.0,5,3.677221
0.0,14,3.677575
0.0,5,3.677739
0.0,7,3.677949
0.0,11,3.678247
0.0,4,3.67839
0.0,2,3.678494
0.0,6,3.678683
0.0,4,3.67883
0.0,3,3.678958
0.0,13,3.679295
0.0,1,3.679373
0.0,10,3.679646
0.0,5,3.679809
0.0,14,3.680179
0.0,5,3.680348
0.0,5,3.680511
0.0,3,3.680635
1.0,24,3.681219
0.0,9,3.681497
0.0,16,3.681895
0.0,3,3.682046
0.0,6,3.682242
0.0,3,3.682381
0.0,1,3.682461
0.0,1,3.682538
0.0,2,3.682643
0.0,8,3.682874
0.0,1,3.68295
0.0,6,3.683153
0.0,1,3.683236
0.0,9,3.68349
0.0,10,3.683764
0.0,3,3.68389
0.0,32,3.684672
0.0,21,3.685242
0.0,2,3.685367
0.0,4,3.685531
0.0,22,3.686092
0.0,6,3.686298
0.0,5,3.686476
0.0,7,3.686688
0.0,15,3.687093
0.0,7,3.687309
0.0,8,3.687557
0.0,9,3.687816
0.0,2,3.687917
0.0,9,3.688203
0.0,4,3.68837
0.0,4,3.688517
0.0,12,3.688834
0.0,18,3.68928
0.0,3,3.689408
0.0,3,3.68953
0.0,8,3.689758
0.0,5,3.68992
0.0,14,3.690337
0.0,14,3.690685
0.0,11,3.690979
0.0,6,3.691196
0.0,3,3.691344
0.0,4,3.691491
0.0,11,3.691788
0.0,11,3.692088
0.0,5,3.692258
0.0,15,3.692631
0.0,6,3.692815
0.0,8,3.693049
0.0,3,3.693172
0.0,1,3.693246
0.0,3,3.693374
0.0,5,3.693543
0.0,3,3.693664
0.0,8,3.693892
0.0,7,3.694112
0.0,13,3.694443
0.0,3,3.694569
0.0,3,3.694691
0.0,5,3.694858
0.0,7,3.695077
0.0,6,3.695271
0.0,19,3.69574
0.0,16,3.69615
0.0,7,3.696367
0.0,1,3.696444
0.0,2,3.696544
0.0,3,3.69667
0.0,7,3.696875
0.0,5,3.697056
0.0,2,3.697158
0.0,3,3.69728
0.0,3,3.697407
0.0,8,3.697639
0.0,15,3.698026
0.0,8,3.698253
0.0,7,3.698462
1.0,30,3.699167
0.0,5,3.699333
0.0,4,3.699481
1.0,15,3.699868
0.0,16,3.700275
0.0,27,3.700895
0.0,5,3.701077
0.0,3,3.7012
0.0,7,3.701413
0.0,9,3.70166
0.0,8,3.70189
0.0,12,3.702206
1.0,12,3.702544
0.0,12,3.702853
0.0,9,3.703134
1.0,16,3.703544
0.0,5,3.703713
0.0,11,3.70401
0.0,1,3.704092
0.0,15,3.704473
0.0,5,3.704636
0.0,7,3.704847
0.0,18,3.705293
0.0,6,3.705481
0.0,10,3.705755
0.0,29,3.706431
0.0,6,3.706617
0.0,3,3.706738
0.0,8,3.706968
0.0,19,3.707426
1.0,10,3.70769
0.0,4,3.707838
0.0,1,3.707915
0.0,7,3.708136
0.0,10,3.708409
0.0,9,3.708654
0.0,17,3.709081
0.0,3,3.709204
0.0,7,3.709409
0.0,1,3.709489
0.0,2,3.709594
0.0,14,3.709952
0.0,6,3.710149
0.0,62,3.71151
0.0,28,3.712159
0.0,8,3.712387
0.0,27,3.71301
0.0,11,3.7133
0.0,6,3.713494
0.0,13,3.713831
0.0,2,3.713931
0.0,23,3.714486
0.0,3,3.71461
0.0,4,3.714753
1.0,8,3.714979
0.0,6,3.715178
0.0,1,3.715256
0.0,1,3.715332
0.0,5,3.715506
0.0,19,3.715964
0.0,3,3.716095
0.0,11,3.71639
0.0,7,3.716601
0.0,3,3.716723
0.0,18,3.717175
0.0,10,3.717449
0.0,2,3.717549
0.0,8,3.71778
0.0,5,3.717943
0.0,1,3.718027
0.0,2,3.71813
0.0,17,3.718543
0.0,16,3.718946
0.0,15,3.719322
1.0,22,3.719841
0.0,10,3.720118
0.0,15,3.720493
0.0,4,3.72064
0.0,3,3.72077
0.0,1,3.720847
0.0,6,3.721047
0.0,12,3.721368
0.0,4,3.721511
0.0,6,3.721694
0.0,5,3.721862
0.0,14,3.72222
0.0,17,3.72263
0.0,7,3.722838
0.0,21,3.723345
0.0,8,3.723572
0.0,16,3.723975
0.0,14,3.724331
0.0,27,3.725046
0.0,4,3.725198
0.0,2,3.725301
1.0,11,3.725593
0.0,3,3.725714
0.0,7,3.725931
1.0,13,3.726274
0.0,3,3.726397
0.0,5,3.72656
0.0,6,3.72675
0.0,4,3.726893
0.0,5,3.727074
0.0,11,3.727373
0.0,2,3.727474
0.0,1,3.72756
0.0,1,3.727638
0.0,5,3.727808
0.0,4,3.727953
0.0,15,3.728338
0.0,12,3.728661
1.0,9,3.728912
0.0,6,3.729113
0.0,9,3.729363
0.0,4,3.729506
0.0,6,3.729692
0.0,7,3.7299
0.0,5,3.73008
0.0,6,3.73027
0.0,3,3.730392
0.0,13,3.73072
0.0,6,3.730903
0.0,8,3.731138
0.0,12,3.731461
0.0,5,3.731626
0.0,8,3.731857
0.0,30,3.73256
0.0,6,3.732749
0.0,11,3.733049
0.0,11,3.733346
0.0,1,3.733427
0.0,8,3.733656
0.0,2,3.733757
0.0,9,3.734023
0.0,3,3.734147
0.0,10,3.734422
0.0,9,3.734668
0.0,5,3.734831
0.0,5,3.734999
0.0,13,3.735342
0.0,9,3.735597
0.0,3,3.735719
0.0,7,3.735929
0.0,1,3.736012
0.0,4,3.736164
0.0,4,3.736312
0.0,14,3.736669
0.0,20,3.737163
0.0,5,3.737334
0.0,13,3.737666
0.0,28,3.738313
1.0,11,3.738607
0.0,17,3.739037
0.0,17,3.739454
0.0,8,3.739685
0.0,4,3.739828
0.0,4,3.73997
0.0,10,3.740252
0.0,5,3.740421
0.0,9,3.740671
0.0,23,3.741213
0.0,9,3.741468
0.0,1,3.741545
0.0,18,3.741984
0.0,8,3.74222
0.0,12,3.742536
0.0,5,3.742705
0.0,7,3.742909
0.0,2,3.743017
0.0,4,3.743168
0.0,2,3.743269
0.0,3,3.743396
0.0,10,3.743664
0.0,5,3.743827
0.0,2,3.743931
0.0,5,3.744114
0.0,4,3.74426
1.0,14,3.744614
0.0,2,3.744717
1.0,44,3.745705
0.0,2,3.745811
0.0,14,3.746183
0.0,3,3.746313
0.0,12,3.746629
0.0,9,3.746881
0.0,7,3.747101
0.0,1,3.747184
0.0,3,3.747311
0.0,9,3.747558
0.0,6,3.747753
0.0,3,3.747874
0.0,5,3.74806
1.0,22,3.748576
1.0,20,3.749068
0.0,20,3.749552
0.0,3,3.749681
0.0,5,3.749845
0.0,11,3.750143
0.0,17,3.750555
0.0,1,3.750635
0.0,40,3.751531
0.0,44,3.752505
0.0,2,3.752611
0.0,5,3.752777
0.0,4,3.752919
0.0,3,3.753054
0.0,8,3.753289
0.0,7,3.753495
0.0,1,3.753575
0.0,4,3.753728
0.0,7,3.753941
0.0,1,3.754026
0.0,1,3.754109
0.0,17,3.754528
0.0,4,3.754677
0.0,4,3.75482
0.0,8,3.755063
0.0,19,3.755521
0.0,3,3.755643
0.0,6,3.755828
0.0,14,3.756201
0.0,3,3.756325
0.0,12,3.756638
0.0,6,3.756822
0.0,10,3.757112
0.0,6,3.757299
0.0,11,3.757587
0.0,10,3.757858
0.0,9,3.758123
0.0,6,3.75831
0.0,7,3.758514
0.0,5,3.758676
1.0,6,3.75886
0.0,1,3.75894
0.0,13,3.759287
0.0,9,3.759542
1.0,27,3.76018
0.0,7,3.760391
0.0,1,3.760468
0.0,2,3.760573
0.0,1,3.760649
0.0,10,3.760931
0.0,1,3.761016
0.0,19,3.761482
0.0,7,3.761688
0.0,1,3.761764
0.0,5,3.761929
0.0,16,3.762328
0.0,2,3.762429
0.0,1,3.762503
0.0,2,3.762603
0.0,1,3.762678
0.0,8,3.762913
0.0,8,3.763157
0.0,17,3.763579
0.0,37,3.764414
0.0,3,3.764542
0.0,30,3.765224
0.0,4,3.765375
0.0,8,3.7656
0.0,9,3.765844
0.0,5,3.766023
0.0,3,3.766149
0.0,14,3.766499
0.0,2,3.766599
0.0,3,3.76672
0.0,6,3.766902
0.0,15,3.767289
0.0,7,3.767494
0.0,6,3.767678
0.0,2,3.767777
0.0,4,3.767922
0.0,5,3.768106
0.0,3,3.768229
0.0,19,3.768685
0.0,6,3.768876
0.0,5,3.769058
0.0,14,3.76942
0.0,8,3.769653
0.0,5,3.769816
0.0,6,3.769999
0.0,8,3.770236
0.0,19,3.770689
0.0,12,3.771009
0.0,8,3.77124
0.0,12,3.771555
1.0,6,3.771739
0.0,3,3.771866
0.0,4,3.772022
0.0,3,3.772147
0.0,6,3.772332
0.0,9,3.772576
0.0,1,3.772651
0.0,6,3.772833
0.0,5,3.772995
0.0,2,3.773104
0.0,4,3.773246
0.0,4,3.773393
0.0,2,3.773492
0.0,7,3.773695
0.0,10,3.773965
0.0,4,3.774117
0.0,5,3.774287
0.0,14,3.774643
0.0,3,3.774765
0.0,11,3.775062
0.0,3,3.775185
0.0,4,3.775327
0.0,5,3.775495
0.0,2,3.775595
0.0,7,3.775807
0.0,1,3.775882
0.0,18,3.776329
0.0,11,3.776622
0.0,11,3.776916
0.0,13,3.77725
1.0,13,3.777583
1.0,14,3.777937
0.0,1,3.778023
0.0,8,3.778253
0.0,11,3.778546
1.0,41,3.779463
0.0,26,3.780081
0.0,2,3.780187
0.0,9,3.780439
0.0,2,3.78054
0.0,2,3.780643
0.0,13,3.780972
0.0,4,3.781124
0.0,5,3.781287
0.0,14,3.781639
0.0,10,3.781908
0.0,7,3.78213
0.0,4,3.782277
0.0,10,3.782545
0.0,4,3.782686
0.0,4,3.782827
0.0,26,3.78344
0.0,1,3.783519
0.0,7,3.783729
0.0,2,3.783834
0.0,2,3.783935
0.0,8,3.784178
0.0,6,3.784366
0.0,2,3.784473
0.0,7,3.78468
0.0,1,3.784759
0.0,3,3.784883
0.0,7,3.785105
0.0,3,3.785226
0.0,5,3.785388
0.0,3,3.785509
0.0,6,3.785697
0.0,6,3.785882
0.0,11,3.786176
0.0,5,3.78634
0.0,7,3.786549
0.0,20,3.787031
0.0,4,3.787183
0.0,10,3.787454
0.0,7,3.787665
0.0,3,3.787785
0.0,11,3.788092
0.0,8,3.788328
0.0,9,3.788579
0.0,26,3.789199
0.0,3,3.789327
0.0,7,3.789533
0.0,5,3.789705
0.0,5,3.789874
0.0,10,3.790159
0.0,9,3.790407
0.0,7,3.790617
0.0,5,3.790779
0.0,6,3.79096
0.0,14,3.791322
0.0,2,3.791424
0.0,18,3.791867
0.0,22,3.792404
0.0,6,3.792596
0.0,14,3.792951
0.0,3,3.793088
0.0,9,3.793347
0.0,6,3.79353
0.0,13,3.793863
0.0,4,3.794019
0.0,6,3.794212
0.0,41,3.795118
0.0,4,3.795265
0.0,4,3.795413
0.0,1,3.795489
0.0,3,3.79561
0.0,11,3.795904
0.0,4,3.79606
0.0,7,3.796267
0.0,17,3.796687
0.0,6,3.796871
0.0,18,3.797314
0.0,1,3.797392
0.0,23,3.797921
0.0,7,3.798141
0.0,5,3.798306
0.0,19,3.798774
0.0,9,3.799031
0.0,14,3.799381
0.0,16,3.799775
0.0,15,3.800152
0.0,48,3.8012
0.0,11,3.801503
0.0,3,3.801626
0.0,1,3.801701
0.0,2,3.801801
0.0,14,3.802168
0.0,8,3.802395
0.0,15,3.802757
0.0,15,3.803137
0.0,4,3.80328
0.0,15,3.803657
1.0,31,3.804378
0.0,4,3.804521
0.0,2,3.80462
0.0,4,3.80477
0.0,2,3.804872
1.0,10,3.805155
0.0,5,3.805319
0.0,4,3.80546
0.0,18,3.805892
0.0,4,3.806044
0.0,3,3.806167
0.0,1,3.806243
0.0,5,3.806406
0.0,4,3.806547
0.0,14,3.806898
0.0,8,3.807144
0.0,8,3.807372
0.0,1,3.807452
1.0,22,3.807968
1.0,13,3.808311
0.0,7,3.808522
0.0,11,3.808813
0.0,7,3.809025
0.0,3,3.809147
0.0,5,3.80931
0.0,10,3.809574
0.0,3,3.809695
0.0,4,3.809836
1.0,8,3.810079
0.0,5,3.810244
0.0,11,3.810532
0.0,7,3.810736
0.0,14,3.811092
0.0,3,3.811214
0.0,4,3.811355
1.0,8,3.811584
0.0,11,3.81187
0.0,13,3.812211
0.0,6,3.812403
0.0,15,3.812784
0.0,10,3.813065
0.0,13,3.8134
0.0,15,3.813777
0.0,29,3.814442
0.0,8,3.814672
0.0,8,3.814903
0.0,2,3.815012
0.0,7,3.81522
0.0,14,3.815582
0.0,5,3.815745
0.0,1,3.81582
0.0,7,3.816034
0.0,6,3.816219
1.0,22,3.816725
0.0,6,3.816907
0.0,16,3.817357
1.0,17,3.817775
0.0,4,3.817925
1.0,40,3.818821
0.0,1,3.818899
0.0,2,3.819
0.0,9,3.81929
0.0,6,3.819491
0.0,9,3.819738
0.0,8,3.819965
1.0,24,3.82058
0.0,1,3.820658
1.0,18,3.821117
1.0,12,3.82143
0.0,1,3.821506
0.0,1,3.821584
0.0,28,3.822258
0.0,12,3.822589
0.0,16,3.822978
0.0,5,3.823176
0.0,19,3.823659
0.0,5,3.823831
0.0,1,3.823908
0.0,9,3.824165
0.0,7,3.824371
0.0,20,3.82492
0.0,1,3.825025
0.0,11,3.825362
0.0,6,3.825556
0.0,28,3.826257
0.0,18,3.826716
0.0,11,3.827017
0.0,13,3.827345
0.0,4,3.827493
0.0,7,3.827699
0.0,3,3.827826
0.0,6,3.828024
0.0,2,3.828127
0.0,6,3.828311
0.0,1,3.828387
0.0,7,3.828593
0.0,5,3.828757
0.0,3,3.828879
0.0,7,3.829096
0.0,3,3.829218
0.0,24,3.829782
0.0,7,3.829993
0.0,10,3.830275
0.0,5,3.830442
0.0,12,3.83075
0.0,5,3.83092
0.0,4,3.831078
0.0,6,3.83127
0.0,4,3.831417
0.0,11,3.831713
0.0,3,3.831839
0.0,3,3.831966
0.0,15,3.832353
0.0,4,3.832505
0.0,6,3.832698
0.0,1,3.832774
0.0,8,3.832999
0.0,9,3.833262
0.0,23,3.833806
0.0,6,3.833991
0.0,3,3.834121
1.0,35,3.834905
0.0,3,3.835037
0.0,10,3.835309
0.0,2,3.835413
0.0,35,3.836209
0.0,4,3.836358
0.0,31,3.837083
0.0,4,3.837227
0.0,2,3.837327
0.0,46,3.838353
0.0,41,3.839256
0.0,15,3.839639
1.0,18,3.840089
0.0,12,3.84041
0.0,25,3.840989
1.0,8,3.841223
0.0,4,3.841368
0.0,6,3.841553
0.0,7,3.841767
0.0,4,3.841917
0.0,6,3.842123
0.0,5,3.842296
0.0,2,3.842401
0.0,8,3.842639
0.0,6,3.842823
0.0,2,3.842921
0.0,1,3.842997
0.0,1,3.843085
0.0,9,3.843335
1.0,18,3.843778
0.0,2,3.843883
0.0,7,3.844106
0.0,23,3.844647
0.0,19,3.845126
0.0,2,3.845228
0.0,7,3.845433
0.0,8,3.845658
0.0,12,3.84597
0.0,5,3.846149
0.0,2,3.846255
0.0,11,3.84655
0.0,7,3.84676
0.0,32,3.847502
0.0,2,3.84761
0.0,4,3.847754
0.0,8,3.847985
0.0,5,3.848159
0.0,9,3.848411
0.0,12,3.848732
0.0,6,3.848921
0.0,12,3.849247
0.0,13,3.84958
0.0,3,3.849702
0.0,6,3.849894
0.0,3,3.850023
0.0,2,3.850126
0.0,4,3.850274
0.0,11,3.850572
0.0,22,3.851109
0.0,2,3.851211
0.0,9,3.851459
0.0,13,3.851796
0.0,7,3.852
0.0,4,3.852152
0.0,5,3.852316
0.0,4,3.852463
0.0,3,3.852585
0.0,7,3.852789
0.0,8,3.853022
0.0,2,3.853125
0.0,14,3.853474
0.0,4,3.853616
0.0,7,3.853827
0.0,20,3.854305
0.0,14,3.854654
0.0,9,3.854898
0.0,3,3.855028
0.0,6,3.855218
0.0,4,3.855361
0.0,5,3.85553
0.0,7,3.855736
0.0,2,3.855841
0.0,1,3.855921
0.0,9,3.856179
0.0,13,3.85651
0.0,8,3.856746
0.0,8,3.85697
0.0,22,3.857487
1.0,6,3.857677
0.0,11,3.85797
0.0,2,3.858082
0.0,15,3.858458
0.0,6,3.858643
0.0,11,3.858928
0.0,2,3.859043
0.0,13,3.859374
0.0,6,3.859562
0.0,5,3.859734
0.0,8,3.859959
0.0,22,3.860483
0.0,8,3.860708
0.0,12,3.861033
0.0,6,3.861229
0.0,12,3.861549
0.0,12,3.861864
0.0,7,3.862087
0.0,6,3.862278
0.0,6,3.862469
0.0,3,3.862596
0.0,4,3.862745
0.0,3,3.862866
0.0,5,3.863039
0.0,7,3.863244
0.0,6,3.863432
0.0,4,3.863574
0.0,1,3.863649
0.0,6,3.863839
0.0,3,3.863965
0.0,6,3.864159
0.0,5,3.864325
0.0,9,3.864574
0.0,1,3.864654
0.0,8,3.864887
0.0,1,3.864968
0.0,1,3.865058
1.0,14,3.865411
0.0,11,3.865711
0.0,5,3.865875
0.0,2,3.865979
0.0,8,3.866219
0.0,7,3.866431
0.0,2,3.866533
0.0,30,3.867229
0.0,3,3.867352
0.0,1,3.867428
0.0,13,3.867761
1.0,12,3.868081
0.0,12,3.868402
0.0,4,3.868549
0.0,11,3.868845
0.0,7,3.869059
0.0,6,3.869243
0.0,30,3.869922
0.0,4,3.870071
0.0,2,3.870177
1.0,11,3.870466
0.0,4,3.870608
0.0,7,3.870813
0.0,28,3.871468
0.0,10,3.87174
0.0,1,3.871817
0.0,3,3.871941
0.0,14,3.872308
0.0,12,3.872625
0.0,9,3.872882
0.0,5,3.873056
0.0,3,3.873184
0.0,6,3.873368
0.0,4,3.873514
0.0,7,3.873718
0.0,3,3.873844
0.0,4,3.873992
0.0,10,3.874273
0.0,2,3.874378
0.0,6,3.874564
0.0,2,3.874668
0.0,4,3.87482
0.0,6,3.875016
0.0,5,3.875183
0.0,4,3.875331
0.0,14,3.875685
0.0,7,3.875896
0.0,8,3.876132
0.0,4,3.876275
0.0,3,3.876404
0.0,4,3.876549
0.0,12,3.876863
0.0,16,3.87727
0.0,12,3.877577
0.0,28,3.878243
0.0,20,3.878709
0.0,14,3.879063
0.0,7,3.879273
0.0,6,3.879462
0.0,4,3.879613
0.0,1,3.879693
0.0,15,3.880088
0.0,6,3.880273
0.0,3,3.880399
0.0,19,3.880862
1.0,12,3.881189
0.0,3,3.881312
0.0,1,3.881388
0.0,3,3.881509
1.0,31,3.882228
0.0,11,3.882517
1.0,23,3.883072
0.0,4,3.883222
0.0,23,3.883765
0.0,20,3.884254
0.0,7,3.884466
1.0,12,3.884776
0.0,11,3.88507
0.0,20,3.88556
1.0,14,3.885917
1.0,8,3.88616
0.0,3,3.886288
0.0,32,3.887014
0.0,3,3.887139
0.0,2,3.88724
0.0,6,3.887424
0.0,9,3.887674
0.0,2,3.887779
0.0,2,3.887878
0.0,12,3.888196
0.0,9,3.88845
0.0,1,3.88853
0.0,9,3.888776
0.0,3,3.888897
1.0,15,3.889285
0.0,5,3.889455
0.0,12,3.889765
1.0,19,3.890233
0.0,26,3.890826
1.0,20,3.891316
0.0,8,3.891542
0.0,27,3.892169
0.0,11,3.892467
1.0,21,3.892968
0.0,1,3.893053
0.0,22,3.893569
0.0,9,3.893815
1.0,14,3.894181
0.0,16,3.894585
0.0,33,3.895344
0.0,2,3.895451
1.0,14,3.895812
0.0,6,3.895996
0.0,3,3.896133
0.0,13,3.896475
0.0,32,3.897213
0.0,3,3.897342
0.0,6,3.897525
1.0,14,3.897877
0.0,8,3.898121
0.0,20,3.898605
0.0,8,3.89883
0.0,25,3.899419
0.0,14,3.899774
0.0,5,3.899939
0.0,3,3.900068
0.0,9,3.900324
1.0,11,3.90062
0.0,13,3.900949
0.0,41,3.901875
0.0,7,3.902098
0.0,6,3.90229
0.0,1,3.902367
0.0,7,3.902579
0.0,17,3.903031
0.0,5,3.903207
0.0,6,3.903416
0.0,3,3.903545
0.0,3,3.903668
0.0,13,3.904022
0.0,20,3.90451
0.0,2,3.904615
0.0,6,3.904805
0.0,4,3.904948
0.0,9,3.905206
0.0,23,3.905756
0.0,9,3.906009
0.0,8,3.906247
0.0,4,3.906395
0.0,27,3.907028
0.0,30,3.907722
0.0,5,3.907895
0.0,2,3.907999
0.0,14,3.908368
0.0,1,3.908445
0.0,23,3.908987
0.0,3,3.909117
1.0,30,3.909825
0.0,12,3.91015
1.0,14,3.910504
0.0,5,3.910673
0.0,3,3.910797
1.0,11,3.911093
0.0,2,3.911193
0.0,8,3.911417
0.0,13,3.911755
0.0,4,3.911901
0.0,17,3.912328
0.0,17,3.912749
0.0,8,3.912978
0.0,3,3.913109
0.0,3,3.913236
0.0,3,3.913358
0.0,6,3.913553
0.0,6,3.913738
0.0,1,3.913813
0.0,1,3.913889
0.0,13,3.914232
0.0,2,3.914335
0.0,24,3.914903
0.0,4,3.915054
0.0,11,3.915348
0.0,2,3.915447
1.0,62,3.916795
1.0,28,3.917453
0.0,5,3.917624
0.0,9,3.91787
0.0,4,3.918027
1.0,10,3.918296
0.0,9,3.918541
0.0,15,3.918905
0.0,15,3.919292
0.0,12,3.9196
0.0,5,3.919767
0.0,9,3.920019
0.0,16,3.920413
0.0,2,3.920514
0.0,3,3.920636
0.0,10,3.920918
0.0,22,3.9215
0.0,7,3.921706
0.0,10,3.921976
0.0,9,3.922235
0.0,7,3.922447
0.0,6,3.922642
0.0,2,3.922746
0.0,4,3.922891
0.0,7,3.923109
0.0,7,3.923321
0.0,2,3.923428
0.0,1,3.923505
0.0,5,3.923675
0.0,6,3.923866
0.0,13,3.924211
0.0,18,3.924651
0.0,3,3.924774
0.0,5,3.924945
0.0,12,3.925273
0.0,16,3.925678
1.0,27,3.926302
0.0,11,3.9266
0.0,1,3.92668
0.0,5,3.92685
0.0,6,3.927044
0.0,6,3.92723
0.0,11,3.927522
0.0,8,3.927758
0.0,6,3.927945
0.0,25,3.928532
0.0,13,3.928941
0.0,19,3.929411
0.0,7,3.929627
0.0,9,3.929881
0.0,3,3.930018
1.0,22,3.930542
0.0,5,3.93071
0.0,16,3.931113
0.0,9,3.931374
0.0,16,3.931777
0.0,8,3.93201
0.0,2,3.932119
0.0,7,3.932327
0.0,7,3.932532
0.0,14,3.932884
0.0,2,3.932984
0.0,3,3.93312
0.0,9,3.933366
0.0,16,3.933768
0.0,18,3.934221
0.0,17,3.934637
0.0,8,3.934861
0.0,4,3.935018
0.0,2,3.935127
0.0,10,3.935405
0.0,9,3.935651
0.0,3,3.935777
0.0,2,3.935877
0.0,39,3.936756
0.0,7,3.93697
0.0,25,3.937554
0.0,3,3.937677
0.0,10,3.937962
0.0,5,3.938143
0.0,3,3.938272
0.0,2,3.938376
0.0,4,3.938523
1.0,18,3.938949
1.0,23,3.939548
0.0,4,3.939689
0.0,29,3.940413
0.0,6,3.940606
0.0,43,3.941611
0.0,12,3.941938
0.0,2,3.942069
0.0,3,3.942201
0.0,19,3.94268
0.0,7,3.942882
0.0,10,3.943182
0.0,2,3.943289
0.0,18,3.943747
0.0,12,3.944069
0.0,13,3.944395
0.0,7,3.944608
0.0,3,3.94473
0.0,4,3.944872
0.0,7,3.945086
0.0,6,3.945273
0.0,2,3.945373
0.0,13,3.945706
0.0,5,3.945873
0.0,5,3.946047
0.0,5,3.946218
0.0,1,3.946298
0.0,12,3.946614
1.0,24,3.947189
0.0,4,3.94734
0.0,20,3.947823
1.0,8,3.948059
0.0,4,3.948203
0.0,3,3.948326
0.0,8,3.948558
0.0,1,3.948638
0.0,8,3.948866
0.0,23,3.94942
0.0,9,3.949667
0.0,6,3.949851
0.0,13,3.950188
0.0,2,3.950295
0.0,10,3.950571
0.0,10,3.950844
0.0,5,3.951022
0.0,26,3.951618
0.0,3,3.951744
0.0,9,3.951991
0.0,14,3.952354
0.0,41,3.953269
0.0,22,3.953781
0.0,22,3.954306
0.0,5,3.954472
0.0,4,3.954615
0.0,17,3.955039
0.0,6,3.955232
0.0,4,3.955376
0.0,6,3.955559
0.0,11,3.955843
0.0,5,3.956012
0.0,32,3.956738
0.0,5,3.956908
0.0,17,3.957337
0.0,12,3.957656
0.0,13,3.957991
0.0,6,3.958188
0.0,14,3.958542
0.0,21,3.959047
0.0,11,3.959337
0.0,5,3.959506
0.0,4,3.959654
0.0,1,3.959732
0.0,8,3.959964
0.0,5,3.960143
0.0,7,3.960358
0.0,1,3.960438
0.0,4,3.960585
1.0,13,3.960913
0.0,11,3.961213
0.0,7,3.961419
0.0,32,3.962146
0.0,7,3.96236
0.0,7,3.962574
0.0,3,3.962697
0.0,5,3.96286
1.0,18,3.963368
0.0,10,3.963646
0.0,3,3.963769
0.0,2,3.963871
0.0,13,3.964209
1.0,19,3.964674
0.0,10,3.964955
0.0,5,3.965137
0.0,4,3.965283
0.0,30,3.965969
0.0,8,3.966201
0.0,12,3.966513
0.0,6,3.966701
0.0,11,3.966993
0.0,31,3.9677
0.0,12,3.968028
0.0,19,3.968487
1.0,17,3.968904
0.0,20,3.969383
0.0,1,3.969461
0.0,5,3.969632
0.0,1,3.969708
0.0,3,3.969835
0.0,1,3.969912
0.0,4,3.970075
0.0,1,3.970154
0.0,1,3.97023
0.0,17,3.970651
0.0,3,3.970773
1.0,23,3.971323
0.0,10,3.971597
0.0,9,3.971849
0.0,10,3.972131
0.0,9,3.972378
0.0,41,3.973295
0.0,11,3.973586
0.0,3,3.973708
0.0,8,3.973938
0.0,8,3.974173
0.0,4,3.974317
0.0,1,3.974393
0.0,8,3.974624
1.0,7,3.974839
0.0,6,3.975038
0.0,12,3.975355
0.0,3,3.975478
0.0,8,3.975705
0.0,10,3.975977
0.0,5,3.976154
0.0,11,3.976449
0.0,24,3.977009
0.0,2,3.977117
0.0,9,3.977366
0.0,4,3.977508
0.0,3,3.977627
0.0,8,3.977852
0.0,5,3.97803
0.0,1,3.978108
0.0,5,3.978278
0.0,15,3.978649
0.0,8,3.978878
0.0,5,3.979049
0.0,13,3.979381
0.0,4,3.979524
0.0,10,3.979789
0.0,5,3.979954
0.0,7,3.980172
1.0,25,3.980762
0.0,5,3.980931
0.0,4,3.981083
0.0,17,3.981503
0.0,2,3.981607
0.0,5,3.981777
0.0,5,3.981944
0.0,18,3.982396
0.0,7,3.982608
0.0,6,3.98279
0.0,22,3.983313
0.0,11,3.98361
0.0,21,3.984122
0.0,15,3.984502
0.0,2,3.984603
0.0,7,3.984815
0.0,13,3.985161
0.0,7,3.985375
0.0,5,3.985538
0.0,8,3.98577
0.0,14,3.986142
0.0,2,3.986249
0.0,7,3.986457
0.0,2,3.986561
0.0,20,3.987056
0.0,1,3.987137
0.0,21,3.98764
0.0,13,3.987978
0.0,7,3.988192
0.0,11,3.988482
0.0,7,3.988691
0.0,5,3.98886
0.0,16,3.989276
1.0,39,3.990162
0.0,1,3.990241
0.0,6,3.990431
1.0,23,3.99097
0.0,5,3.991149
0.0,34,3.991921
0.0,9,3.992177
0.0,21,3.992671
0.0,5,3.992835
0.0,4,3.992981
0.0,4,3.99314
0.0,10,3.993408
0.0,20,3.993886
0.0,24,3.994452
1.0,20,3.994937
0.0,9,3.99519
0.0,1,3.995267
0.0,6,3.995452
0.0,22,3.995974
0.0,6,3.996165
0.0,4,3.996309
0.0,4,3.996457
0.0,7,3.996663
0.0,21,3.997177
0.0,7,3.997388
0.0,4,3.99753
0.0,26,3.998157
0.0,7,3.998365
0.0,12,3.998673
0.0,9,3.998929
0.0,6,3.999121
0.0,11,3.999415
0.0,5,3.999578
0.0,13,3.999913
0.0,7,4.000128
0.0,6,4.000314
0.0,6,4.000497
0.0,2,4.000596
0.0,5,4.000758
0.0,9,4.001013
0.0,13,4.001341
0.0,1,4.001417
0.0,5,4.001583
0.0,3,4.001704
0.0,3,4.001829
1.0,9,4.002094
0.0,5,4.00226
0.0,4,4.002407
0.0,5,4.00258
0.0,7,4.002788
0.0,4,4.002931
1.0,17,4.003406
0.0,11,4.003706
0.0,1,4.003784
0.0,19,4.00426
0.0,11,4.004547
0.0,12,4.004855
0.0,12,4.005176
0.0,14,4.005532
0.0,17,4.005958
0.0,4,4.00611
0.0,3,4.006233
0.0,7,4.006442
0.0,1,4.006518
0.0,5,4.006681
0.0,10,4.006944
0.0,3,4.007072
0.0,5,4.007241
0.0,16,4.007634
0.0,3,4.007759
0.0,7,4.007962
0.0,4,4.008112
0.0,7,4.008327
0.0,9,4.008581
0.0,10,4.008848
0.0,8,4.009089
1.0,39,4.009953
0.0,10,4.010226
0.0,8,4.01045
0.0,8,4.010674
0.0,11,4.010955
0.0,2,4.011067
0.0,8,4.011294
0.0,11,4.011579
0.0,18,4.012023
0.0,3,4.012147
0.0,4,4.01229
0.0,6,4.012481
0.0,2,4.012587
0.0,5,4.012753
0.0,4,4.012895
0.0,13,4.013241
0.0,7,4.013448
0.0,3,4.013571
0.0,1,4.013646
0.0,35,4.014441
0.0,25,4.01502
0.0,5,4.01519
0.0,4,4.015333
0.0,4,4.015477
0.0,7,4.015686
0.0,1,4.015766
0.0,1,4.015846
0.0,4,4.015996
1.0,20,4.016495
0.0,3,4.016621
0.0,15,4.017009
0.0,8,4.017245
0.0,5,4.017413
0.0,2,4.017517
0.0,10,4.017788
0.0,14,4.018149
0.0,15,4.018521
0.0,4,4.018667
0.0,17,4.019096
0.0,9,4.019341
0.0,7,4.019553
0.0,2,4.019655
1.0,13,4.019984
0.0,6,4.020175
0.0,3,4.020305
0.0,16,4.020698
0.0,14,4.021064
0.0,4,4.021209
1.0,6,4.021393
0.0,12,4.021698
0.0,16,4.022101
0.0,3,4.022222
0.0,2,4.022327
0.0,22,4.022838
0.0,14,4.023191
0.0,9,4.023447
0.0,4,4.023589
0.0,6,4.023772
0.0,8,4.024009
0.0,1,4.024092
0.0,3,4.024215
0.0,4,4.024357
0.0,2,4.024456
0.0,8,4.024686
0.0,8,4.024922
1.0,17,4.025351
0.0,7,4.025568
0.0,11,4.025854
0.0,1,4.02593
0.0,1,4.026016
0.0,3,4.026142
0.0,6,4.026325
0.0,4,4.026471
0.0,2,4.026574
0.0,12,4.026887
0.0,4,4.027045
0.0,1,4.027123
0.0,4,4.027268
0.0,8,4.027491
0.0,1,4.027568
0.0,2,4.027668
0.0,11,4.027967
0.0,3,4.028098
0.0,19,4.028561
0.0,14,4.028908
1.0,15,4.02929
0.0,3,4.029418
0.0,18,4.029853
0.0,6,4.030053
0.0,19,4.030512
0.0,8,4.030742
0.0,16,4.031148
0.0,3,4.031336
0.0,3,4.031466
1.0,8,4.031694
0.0,3,4.031816
0.0,1,4.031893
0.0,14,4.032291
0.0,9,4.032563
0.0,14,4.032918
0.0,2,4.033035
0.0,7,4.033249
0.0,3,4.033376
0.0,7,4.033587
0.0,6,4.033773
0.0,7,4.033979
0.0,6,4.034183
0.0,9,4.034441
0.0,1,4.034519
0.0,1,4.034596
0.0,4,4.034746
0.0,7,4.034964
0.0,5,4.035138
0.0,2,4.035246
0.0,4,4.035397
0.0,9,4.035655
0.0,1,4.035732
0.0,4,4.035876
0.0,4,4.036029
0.0,2,4.036136
0.0,10,4.03642
0.0,14,4.036768
0.0,4,4.036916
0.0,14,4.037291
0.0,2,4.037399
0.0,4,4.037549
0.0,15,4.03793
0.0,3,4.038064
0.0,14,4.038424
0.0,5,4.038589
0.0,3,4.038715
0.0,3,4.038843
0.0,4,4.038991
0.0,23,4.039548
1.0,18,4.039986
0.0,5,4.040159
0.0,8,4.040386
0.0,13,4.040721
0.0,6,4.04091
0.0,16,4.041318
0.0,5,4.041487
0.0,4,4.04163
0.0,2,4.04173
0.0,11,4.042027
0.0,4,4.04217
0.0,24,4.042719
0.0,6,4.042943
0.0,9,4.043204
0.0,17,4.043617
0.0,1,4.043697
0.0,5,4.043867
0.0,5,4.044042
0.0,9,4.044295
0.0,20,4.044776
0.0,16,4.04518
0.0,15,4.045557
0.0,13,4.045886
0.0,4,4.046039
0.0,15,4.046424
0.0,2,4.04653
0.0,20,4.047
0.0,5,4.047196
0.0,9,4.047475
0.0,17,4.047893
0.0,4,4.048055
0.0,45,4.04906
0.0,2,4.049167
0.0,3,4.049295
0.0,7,4.049501
0.0,32,4.050241
1.0,24,4.050795
0.0,6,4.050985
1.0,37,4.051824
0.0,5,4.051986
0.0,23,4.052533
0.0,5,4.052711
0.0,49,4.053798
0.0,52,4.05494
0.0,3,4.055072
0.0,15,4.055458
0.0,3,4.055581
0.0,5,4.055745
1.0,13,4.056086
0.0,7,4.056291
0.0,35,4.057089
0.0,3,4.057214
0.0,18,4.057649
0.0,12,4.057964
0.0,16,4.058382
0.0,4,4.058532
0.0,6,4.058717
0.0,2,4.058821
0.0,4,4.058967
0.0,25,4.059564
0.0,3,4.059692
0.0,26,4.060311
0.0,3,4.060436
0.0,7,4.060649
0.0,41,4.061572
0.0,15,4.061941
0.0,8,4.062182
0.0,2,4.06229
0.0,16,4.062691
0.0,11,4.062985
0.0,12,4.063313
0.0,20,4.063803
0.0,7,4.064017
0.0,7,4.064232
0.0,24,4.06478
0.0,12,4.065114
0.0,1,4.065193
0.0,7,4.065399
0.0,21,4.065889
0.0,3,4.066018
0.0,21,4.066523
0.0,4,4.066665
0.0,35,4.067456
0.0,13,4.067799
0.0,18,4.068233
0.0,3,4.068355
0.0,8,4.06859
0.0,5,4.068753
0.0,5,4.06892
0.0,15,4.069299
0.0,8,4.069523
0.0,3,4.069643
0.0,4,4.069784
0.0,3,4.069905
0.0,3,4.070033
0.0,3,4.070161
0.0,1,4.070241
0.0,14,4.070594
0.0,6,4.070783
0.0,13,4.071133
0.0,5,4.071302
0.0,38,4.072162
0.0,2,4.072268
0.0,13,4.072601
0.0,17,4.073016
0.0,10,4.073296
0.0,13,4.073631
0.0,1,4.073711
0.0,2,4.073812
0.0,1,4.073888
0.0,2,4.073993
0.0,1,4.074079
0.0,5,4.074253
0.0,2,4.074354
0.0,2,4.074454
0.0,27,4.075084
0.0,13,4.075415
0.0,5,4.075576
0.0,21,4.07607
0.0,29,4.076734
0.0,4,4.076876
0.0,21,4.077386
0.0,16,4.077784
0.0,8,4.078019
0.0,11,4.078322
0.0,2,4.078429
0.0,10,4.078707
0.0,4,4.078849
0.0,3,4.078974
0.0,2,4.079087
0.0,1,4.079168
0.0,9,4.079416
0.0,5,4.079582
0.0,16,4.079971
0.0,8,4.080209
0.0,6,4.080395
0.0,10,4.080663
0.0,8,4.080891
0.0,4,4.081054
0.0,5,4.081221
0.0,5,4.08139
0.0,16,4.081793
0.0,12,4.082114
0.0,5,4.082287
0.0,27,4.082909
0.0,2,4.083021
0.0,7,4.083235
0.0,5,4.083398
0.0,7,4.083602
0.0,15,4.083977
0.0,12,4.084297
1.0,14,4.084647
0.0,6,4.084829
0.0,7,4.085047
0.0,14,4.085405
0.0,6,4.085596
0.0,6,4.085787
1.0,15,4.086177
0.0,1,4.086254
0.0,11,4.086544
0.0,2,4.086644
0.0,4,4.086785
0.0,16,4.087187
0.0,2,4.087288
0.0,20,4.087765
0.0,11,4.088072
0.0,3,4.088202
0.0,10,4.088479
0.0,6,4.088663
0.0,3,4.088788
0.0,4,4.088933
1.0,6,4.089124
0.0,9,4.08938
0.0,9,4.089632
0.0,4,4.089773
0.0,1,4.08985
0.0,1,4.089926
0.0,22,4.090464
0.0,6,4.090651
0.0,2,4.090751
0.0,4,4.090903
0.0,5,4.091085
0.0,12,4.091394
0.0,3,4.091515
0.0,6,4.091704
0.0,4,4.091846
0.0,15,4.092235
0.0,10,4.092505
0.0,2,4.09261
0.0,8,4.092845
0.0,17,4.093271
1.0,21,4.093779
0.0,5,4.093942
0.0,13,4.094285
1.0,38,4.095141
0.0,13,4.095469
0.0,20,4.095946
0.0,4,4.096104
0.0,4,4.096251
0.0,11,4.096545
0.0,4,4.096689
0.0,6,4.096874
0.0,3,4.096996
0.0,13,4.097335
0.0,1,4.097411
0.0,1,4.097487
0.0,1,4.097563
0.0,18,4.097996
0.0,10,4.098274
0.0,3,4.098402
0.0,4,4.098545
0.0,1,4.09862
1.0,16,4.09902
0.0,1,4.099097
0.0,7,4.099308
0.0,2,4.099413
0.0,3,4.099539
0.0,1,4.099616
0.0,1,4.099692
0.0,2,4.099791
0.0,5,4.099955
0.0,17,4.100383
0.0,4,4.100529
0.0,12,4.100841
0.0,3,4.100963
0.0,14,4.101321
0.0,8,4.101548
0.0,16,4.101939
0.0,16,4.102338
1.0,18,4.102773
0.0,13,4.103118
1.0,21,4.103616
0.0,23,4.104167
0.0,1,4.104246
0.0,5,4.104415
0.0,13,4.10475
0.0,14,4.105116
0.0,2,4.105219
1.0,36,4.106044
0.0,20,4.106534
0.0,7,4.106743
0.0,6,4.106926
0.0,6,4.107122
0.0,14,4.107475
0.0,18,4.107912
0.0,5,4.108093
0.0,9,4.108339
0.0,3,4.10846
0.0,17,4.108872
0.0,2,4.108975
0.0,4,4.109127
0.0,1,4.109204
0.0,6,4.109395
0.0,1,4.109472
0.0,10,4.10975
0.0,7,4.109969
0.0,10,4.110249
0.0,7,4.110466
0.0,18,4.110911
0.0,6,4.111105
0.0,1,4.111183
0.0,9,4.111438
1.0,11,4.111725
0.0,30,4.112422
1.0,13,4.112761
0.0,8,4.112988
0.0,2,4.1131
0.0,3,4.113224
0.0,14,4.113575
1.0,26,4.114187
0.0,4,4.114334
0.0,2,4.114436
0.0,8,4.114661
0.0,6,4.114844
1.0,11,4.115146
0.0,5,4.115309
1.0,10,4.115578
0.0,14,4.115935
0.0,3,4.116066
0.0,5,4.116237
0.0,15,4.116614
0.0,5,4.116778
0.0,1,4.116854
0.0,6,4.11705
0.0,6,4.117242
0.0,5,4.117412
0.0,25,4.117986
0.0,10,4.118271
0.0,6,4.118463
0.0,17,4.118873
0.0,8,4.119116
0.0,10,4.119393
0.0,8,4.119627
0.0,5,4.11979
0.0,10,4.12008
0.0,13,4.12042
0.0,8,4.120655
0.0,6,4.120837
0.0,1,4.120913
0.0,1,4.120988
0.0,2,4.121101
0.0,3,4.121224
0.0,2,4.121324
0.0,15,4.121698
0.0,6,4.121885
0.0,1,4.121965
0.0,9,4.122231
0.0,8,4.122459
1.0,36,4.123277
0.0,10,4.123546
0.0,17,4.123965
0.0,6,4.124166
0.0,5,4.124341
0.0,10,4.124614
0.0,15,4.124984
0.0,7,4.125202
0.0,27,4.125829
0.0,7,4.126047
0.0,1,4.126126
0.0,6,4.126317
0.0,1,4.126394
0.0,28,4.127046
0.0,6,4.127237
0.0,6,4.127427
0.0,5,4.127591
0.0,10,4.127866
0.0,12,4.128192
0.0,1,4.12827
0.0,5,4.128438
0.0,59,4.12973
0.0,2,4.129833
0.0,7,4.13005
0.0,40,4.13096
0.0,4,4.131117
0.0,1,4.131195
0.0,3,4.131322
0.0,17,4.131744
0.0,7,4.131954
0.0,5,4.132127
0.0,6,4.132318
0.0,30,4.132995
0.0,20,4.133472
0.0,3,4.133593
0.0,1,4.133669
1.0,7,4.13388
0.0,1,4.134039
0.0,3,4.134186
0.0,13,4.134546
0.0,10,4.134818
0.0,4,4.13496
0.0,2,4.135086
0.0,1,4.135167
0.0,9,4.13544
0.0,10,4.135715
0.0,18,4.136168
0.0,11,4.136465
0.0,4,4.136612
0.0,11,4.136906
0.0,5,4.137077
0.0,1,4.137155
0.0,10,4.137429
0.0,7,4.13764
0.0,5,4.137801
0.0,3,4.137925
0.0,12,4.138245
1.0,12,4.138556
0.0,12,4.138863
0.0,22,4.1394
0.0,2,4.139502
0.0,27,4.140151
0.0,4,4.140295
0.0,19,4.14075
0.0,10,4.141023
0.0,9,4.141283
0.0,3,4.141405
0.0,7,4.141618
0.0,13,4.141948
0.0,2,4.142057
0.0,1,4.142135
0.0,3,4.142262
0.0,3,4.14239
0.0,3,4.142512
0.0,2,4.142612
0.0,2,4.142712
0.0,39,4.143591
0.0,3,4.143715
0.0,8,4.143947
0.0,13,4.144289
0.0,13,4.144632
0.0,5,4.1448
0.0,13,4.145149
0.0,6,4.145334
0.0,1,4.145414
0.0,11,4.145711
0.0,3,4.145833
0.0,8,4.146066
0.0,1,4.146148
0.0,12,4.146457
0.0,15,4.146831
0.0,3,4.146951
0.0,15,4.147342
0.0,5,4.147508
0.0,24,4.148083
0.0,8,4.148312
0.0,31,4.14903
0.0,3,4.149157
0.0,11,4.149443
0.0,3,4.149564
0.0,1,4.149639
0.0,6,4.14983
0.0,11,4.15014
0.0,6,4.150328
0.0,14,4.150682
0.0,3,4.150803
0.0,11,4.151101
0.0,8,4.151336
0.0,6,4.151526
1.0,8,4.151752
0.0,10,4.152022
0.0,6,4.152204
0.0,6,4.152394
0.0,1,4.15247
0.0,5,4.152638
0.0,1,4.152715
1.0,9,4.152961
0.0,6,4.153158
0.0,27,4.15378
0.0,1,4.153857
0.0,7,4.154079
0.0,16,4.154469
1.0,59,4.155752
0.0,16,4.156154
0.0,13,4.156487
0.0,10,4.156755
0.0,21,4.15727
0.0,5,4.157434
0.0,6,4.157625
0.0,1,4.157702
0.0,4,4.157853
0.0,6,4.158048
0.0,8,4.158278
0.0,8,4.1585
0.0,5,4.158671
0.0,4,4.15882
0.0,1,4.158897
0.0,16,4.159312
0.0,3,4.159437
0.0,6,4.159624
0.0,10,4.159888
1.0,24,4.160457
0.0,5,4.160628
0.0,10,4.160906
0.0,3,4.161052
0.0,6,4.16125
0.0,21,4.161762
0.0,19,4.162268
0.0,4,4.16243
0.0,4,4.162572
0.0,3,4.162697
0.0,9,4.162952
0.0,8,4.163193
0.0,4,4.163338
0.0,25,4.163923
0.0,10,4.164232
0.0,20,4.164716
0.0,2,4.164815
0.0,9,4.165104
0.0,1,4.165187
0.0,14,4.165558
0.0,26,4.166172
0.0,27,4.166784
1.0,32,4.16753
0.0,3,4.167652
0.0,6,4.167836
0.0,2,4.167935
0.0,5,4.168108
0.0,9,4.168361
0.0,20,4.168832
0.0,8,4.169067
0.0,8,4.169292
0.0,5,4.169455
0.0,5,4.169621
0.0,7,4.169826
0.0,4,4.169967
0.0,5,4.170165
0.0,8,4.170421
0.0,6,4.170615
0.0,2,4.170715
0.0,12,4.171054
0.0,16,4.171475
0.0,8,4.171705
0.0,4,4.171847
0.0,6,4.172039
0.0,5,4.172204
0.0,2,4.172307
0.0,12,4.172621
0.0,1,4.172698
0.0,7,4.172903
0.0,15,4.173338
0.0,7,4.17355
1.0,14,4.173899
0.0,7,4.174117
0.0,2,4.174223
0.0,8,4.174447
0.0,5,4.174618
0.0,5,4.174781
0.0,1,4.174857
0.0,4,4.175013
0.0,14,4.175363
0.0,3,4.175484
0.0,3,4.175611
0.0,5,4.175775
0.0,5,4.175943
0.0,2,4.176051
0.0,4,4.176203
0.0,7,4.176409
0.0,3,4.17653
0.0,3,4.176649
1.0,16,4.177056
0.0,16,4.177452
0.0,24,4.17802
0.0,8,4.178255
1.0,29,4.178927
0.0,1,4.179009
0.0,3,4.179138
0.0,6,4.179326
0.0,8,4.179551
0.0,5,4.179718
0.0,9,4.179965
0.0,5,4.180144
0.0,5,4.18031
0.0,4,4.180452
0.0,29,4.18112
0.0,2,4.181222
0.0,4,4.181363
0.0,27,4.181997
0.0,36,4.182815
0.0,4,4.182959
0.0,1,4.183045
0.0,18,4.183489
0.0,4,4.183631
0.0,1,4.183711
0.0,8,4.183938
0.0,9,4.184197
0.0,16,4.184596
0.0,1,4.184687
0.0,15,4.185072
0.0,3,4.185194
0.0,9,4.185437
0.0,4,4.185578
0.0,3,4.185699
0.0,5,4.18586
0.0,10,4.186165
0.0,5,4.186357
1.0,38,4.187207
0.0,11,4.18749
0.0,15,4.187858
0.0,28,4.188514
0.0,3,4.188642
0.0,1,4.188718
0.0,16,4.189128
0.0,13,4.189466
1.0,14,4.189818
0.0,2,4.18992
0.0,3,4.190053
0.0,9,4.190304
0.0,5,4.190469
0.0,4,4.190616
0.0,33,4.191363
0.0,8,4.191592
0.0,6,4.191782
0.0,4,4.191923
0.0,10,4.192207
0.0,1,4.192288
0.0,4,4.192433
0.0,5,4.192594
0.0,5,4.192766
0.0,1,4.192846
0.0,17,4.193281
0.0,5,4.193446
0.0,4,4.193588
0.0,12,4.193893
0.0,12,4.194218
0.0,12,4.19453
0.0,1,4.194607
0.0,2,4.194712
0.0,19,4.195175
0.0,3,4.195297
0.0,4,4.195444
0.0,7,4.195648
0.0,24,4.196228
1.0,10,4.196495
0.0,17,4.196908
0.0,11,4.197206
0.0,7,4.197413
0.0,32,4.198141
0.0,10,4.198406
0.0,11,4.198692
0.0,15,4.199078
0.0,5,4.199243
0.0,11,4.199527
0.0,12,4.199846
0.0,8,4.20008
0.0,7,4.200284
0.0,7,4.200496
0.0,27,4.201117
0.0,18,4.201548
0.0,10,4.201816
0.0,4,4.201959
0.0,21,4.202473
0.0,3,4.202601
0.0,15,4.202971
1.0,36,4.203782
0.0,14,4.204162
0.0,1,4.204247
0.0,11,4.20455
0.0,39,4.205417
0.0,8,4.205642
0.0,4,4.205784
0.0,7,4.205986
0.0,16,4.206395
0.0,1,4.206472
0.0,2,4.206573
0.0,7,4.206782
1.0,19,4.207237
0.0,4,4.207377
0.0,16,4.207767
1.0,21,4.208274
0.0,4,4.208421
0.0,11,4.208704
0.0,11,4.208994
0.0,25,4.209584
0.0,1,4.209665
1.0,25,4.210258
0.0,2,4.210364
0.0,3,4.210494
0.0,5,4.210657
0.0,5,4.21082
0.0,4,4.210961
0.0,3,4.211091
0.0,2,4.211191
0.0,16,4.211577
0.0,3,4.211696
0.0,8,4.211928
0.0,15,4.212319
0.0,2,4.212421
1.0,12,4.212734
0.0,6,4.212921
0.0,11,4.213226
0.0,10,4.213493
1.0,59,4.214781
0.0,7,4.214994
0.0,7,4.215212
0.0,5,4.215383
0.0,7,4.215593
0.0,24,4.216162
0.0,53,4.217336
0.0,1,4.217418
0.0,4,4.217571
0.0,3,4.217695
0.0,1,4.217774
0.0,2,4.217875
0.0,5,4.218055
0.0,12,4.218375
0.0,6,4.21856
0.0,8,4.218789
0.0,5,4.218953
0.0,9,4.219208
0.0,4,4.219362
0.0,8,4.21959
0.0,3,4.219716
0.0,4,4.219864
0.0,14,4.22023
0.0,4,4.220374
0.0,18,4.220803
0.0,5,4.220973
0.0,12,4.221302
0.0,2,4.221408
0.0,16,4.221808
0.0,6,4.222
0.0,1,4.22209
0.0,3,4.222214
0.0,8,4.222446
0.0,7,4.22266
0.0,4,4.222803
0.0,8,4.223037
0.0,12,4.223344
0.0,17,4.223756
0.0,12,4.22408
0.0,7,4.224283
0.0,18,4.224716
0.0,22,4.22525
0.0,2,4.225357
0.0,6,4.225548
0.0,28,4.226205
0.0,11,4.2265
0.0,4,4.226642
0.0,13,4.226972
0.0,8,4.227202
0.0,5,4.227375
0.0,5,4.227536
0.0,6,4.227725
0.0,8,4.227952
0.0,6,4.228151
0.0,30,4.228824
0.0,10,4.229105
0.0,5,4.229279
0.0,5,4.229443
0.0,4,4.229583
0.0,1,4.22966
1.0,21,4.230158
0.0,15,4.230536
0.0,2,4.230642
0.0,5,4.230805
0.0,8,4.23104
1.0,12,4.23139
0.0,3,4.23151
0.0,22,4.232054
0.0,8,4.232298
0.0,6,4.232503
0.0,4,4.232653
0.0,1,4.23273
0.0,16,4.233141
0.0,4,4.233286
0.0,4,4.233429
0.0,3,4.23355
0.0,14,4.233908
0.0,5,4.234086
0.0,11,4.234384
0.0,3,4.23457
0.0,4,4.234719
0.0,4,4.234865
0.0,2,4.234973
0.0,2,4.235085
0.0,19,4.235545
1.0,45,4.236549
0.0,7,4.236763
0.0,5,4.236932
0.0,1,4.237019
0.0,7,4.237229
0.0,10,4.237504
0.0,5,4.237668
0.0,12,4.237981
1.0,13,4.238335
0.0,12,4.238647
0.0,7,4.238865
0.0,10,4.239147
0.0,18,4.239595
0.0,3,4.239718
0.0,15,4.240105
0.0,4,4.240254
0.0,11,4.240548
0.0,7,4.240758
0.0,7,4.240961
0.0,19,4.241427
0.0,11,4.24172
0.0,5,4.241884
0.0,7,4.242096
0.0,5,4.24226
0.0,9,4.242511
0.0,9,4.242768
0.0,12,4.243093
0.0,1,4.243172
0.0,13,4.243511
0.0,10,4.243783
0.0,17,4.244214
0.0,15,4.244581
0.0,33,4.245332
0.0,2,4.245436
0.0,29,4.246098
0.0,15,4.246467
0.0,6,4.246651
0.0,12,4.246958
0.0,17,4.247389
0.0,14,4.24774
0.0,19,4.248214
0.0,4,4.248368
1.0,10,4.248637
0.0,8,4.248868
0.0,10,4.249145
0.0,5,4.24931
0.0,8,4.249542
0.0,2,4.249643
0.0,17,4.250077
0.0,1,4.250156
0.0,28,4.250804
0.0,9,4.25106
1.0,7,4.251268
0.0,4,4.251415
0.0,6,4.251598
0.0,2,4.251697
0.0,8,4.251925
0.0,1,4.252008
0.0,4,4.252153
1.0,9,4.2524
0.0,1,4.25248
0.0,2,4.252586
0.0,2,4.252697
0.0,29,4.253375
0.0,10,4.253642
0.0,14,4.253997
0.0,34,4.254768
0.0,6,4.254951
0.0,5,4.255123
0.0,6,4.255315
0.0,17,4.255733
0.0,10,4.256
0.0,1,4.256087
0.0,26,4.256691
0.0,12,4.257
0.0,6,4.257195
0.0,24,4.25775
0.0,5,4.257915
1.0,34,4.258702
0.0,6,4.258892
0.0,2,4.258994
0.0,6,4.2592
0.0,6,4.259387
0.0,20,4.259862
0.0,6,4.260066
0.0,28,4.260713
0.0,7,4.260925
0.0,3,4.261056
1.0,51,4.262176
1.0,8,4.262406
0.0,10,4.262678
0.0,5,4.262848
0.0,5,4.263025
0.0,12,4.263339
0.0,14,4.263692
0.0,13,4.264042
0.0,24,4.264603
0.0,6,4.264798
0.0,4,4.264942
0.0,4,4.265098
0.0,28,4.265751
0.0,7,4.265958
0.0,4,4.26611
0.0,20,4.266594
0.0,3,4.266715
0.0,5,4.266883
0.0,24,4.267457
0.0,3,4.267585
0.0,4,4.267728
0.0,13,4.268067
0.0,3,4.268189
0.0,5,4.268353
0.0,6,4.268538
0.0,13,4.268878
0.0,5,4.269052
0.0,5,4.269217
1.0,13,4.269543
0.0,2,4.269647
0.0,2,4.269747
0.0,5,4.269915
0.0,14,4.270275
0.0,5,4.270442
0.0,14,4.270788
0.0,15,4.27117
0.0,14,4.271524
0.0,3,4.271649
0.0,12,4.271957
0.0,4,4.272116
0.0,9,4.272374
0.0,7,4.272578
0.0,18,4.273027
0.0,5,4.273195
0.0,17,4.273605
0.0,4,4.273746
0.0,1,4.273823
0.0,3,4.273944
0.0,14,4.274311
0.0,30,4.274996
0.0,35,4.275789
0.0,26,4.2764
1.0,11,4.276697
0.0,7,4.27691
0.0,2,4.277024
0.0,9,4.27728
0.0,14,4.277632
0.0,3,4.277756
0.0,3,4.277878
0.0,4,4.278031
0.0,1,4.278108
0.0,2,4.278208
0.0,15,4.278586
0.0,5,4.278758
0.0,1,4.278835
0.0,15,4.279219
0.0,5,4.279383
0.0,2,4.279487
0.0,3,4.279613
0.0,3,4.279742
0.0,22,4.280262
0.0,3,4.280394
0.0,7,4.280601
0.0,6,4.280782
0.0,24,4.281356
0.0,1,4.281438
1.0,17,4.281862
0.0,6,4.282062
1.0,16,4.282471
0.0,4,4.282613
0.0,20,4.283108
0.0,7,4.283321
0.0,1,4.283398
0.0,6,4.283587
0.0,1,4.283664
0.0,26,4.284281
0.0,10,4.28455
0.0,22,4.285076
0.0,10,4.285351
0.0,1,4.285428
0.0,21,4.285932
0.0,10,4.286222
0.0,9,4.286492
0.0,2,4.286597
0.0,12,4.286915
0.0,13,4.287256
0.0,11,4.28755
0.0,3,4.287677
0.0,10,4.287958
0.0,8,4.288192
0.0,5,4.288356
0.0,7,4.288568
0.0,4,4.288716
0.0,10,4.288993
0.0,11,4.289296
0.0,9,4.289541
0.0,4,4.289688
0.0,19,4.290145
0.0,9,4.290396
0.0,4,4.290545
0.0,16,4.290937
0.0,6,4.291129
1.0,33,4.291874
0.0,17,4.292306
0.0,6,4.292497
0.0,2,4.292598
0.0,3,4.292725
0.0,10,4.292994
0.0,26,4.293602
0.0,1,4.293679
0.0,5,4.293849
0.0,11,4.294157
1.0,15,4.294536
0.0,1,4.294612
0.0,9,4.294873
0.0,4,4.29503
0.0,14,4.29539
0.0,9,4.295635
0.0,9,4.295887
0.0,11,4.296183
0.0,17,4.296595
0.0,2,4.296699
0.0,8,4.296924
0.0,4,4.297074
0.0,16,4.297461
0.0,7,4.297662
0.0,7,4.297863
1.0,31,4.298558
0.0,3,4.298684
0.0,8,4.298913
0.0,5,4.299086
0.0,4,4.29923
0.0,7,4.299448
0.0,5,4.299613
0.0,10,4.299882
1.0,26,4.300488
0.0,5,4.300656
0.0,5,4.300818
0.0,1,4.300894
0.0,11,4.301205
0.0,2,4.301307
0.0,1,4.301384
0.0,3,4.301511
0.0,28,4.302172
0.0,1,4.302251
0.0,5,4.302414
0.0,2,4.302514
0.0,9,4.302765
0.0,9,4.30303
0.0,10,4.303318
0.0,7,4.303537
0.0,6,4.303725
0.0,3,4.303848
0.0,2,4.303953
0.0,5,4.304155
0.0,5,4.304352
0.0,1,4.304428
0.0,22,4.304946
0.0,5,4.305119
1.0,24,4.305679
0.0,2,4.305782
0.0,8,4.306014
0.0,6,4.306202
0.0,1,4.306283
0.0,29,4.306966
0.0,11,4.307262
0.0,6,4.307446
0.0,2,4.307551
0.0,6,4.307738
0.0,10,4.308023
0.0,6,4.30821
0.0,3,4.308337
0.0,3,4.308458
0.0,3,4.308578
0.0,5,4.308742
0.0,2,4.308845
0.0,11,4.309152
0.0,13,4.309495
0.0,12,4.309803
0.0,6,4.309985
0.0,8,4.310225
0.0,2,4.310326
0.0,3,4.310448
1.0,12,4.310762
0.0,6,4.310945
0.0,3,4.311075
0.0,4,4.311229
0.0,10,4.311497
0.0,11,4.311796
0.0,9,4.312051
0.0,11,4.312337
0.0,9,4.312592
0.0,9,4.31284
0.0,6,4.313043
1.0,17,4.313465
0.0,12,4.313781
0.0,6,4.313974
0.0,1,4.314058
1.0,14,4.314411
0.0,10,4.314686
0.0,15,4.315072
0.0,9,4.315325
0.0,13,4.315674
0.0,9,4.315928
0.0,14,4.316294
0.0,26,4.316889
0.0,6,4.317084
0.0,12,4.317389
0.0,27,4.31801
0.0,16,4.318412
0.0,1,4.318489
0.0,11,4.318786
0.0,3,4.318909
0.0,4,4.319061
0.0,4,4.319204
0.0,8,4.319444
0.0,6,4.319634
0.0,8,4.319859
0.0,13,4.320206
0.0,4,4.32035
0.0,2,4.320454
0.0,33,4.321203
0.0,25,4.321783
0.0,3,4.321903
1.0,21,4.322419
0.0,26,4.323035
0.0,16,4.323438
1.0,10,4.323716
0.0,6,4.323905
0.0,7,4.32412
0.0,4,4.324264
0.0,3,4.324386
0.0,19,4.324845
0.0,28,4.325487
1.0,19,4.325937
0.0,10,4.326217
0.0,6,4.326403
0.0,7,4.326607
0.0,37,4.327456
0.0,3,4.327579
0.0,1,4.327656
0.0,18,4.328097
0.0,9,4.328346
1.0,15,4.32872
0.0,41,4.329632
0.0,11,4.329921
0.0,7,4.330134
0.0,3,4.330257
0.0,24,4.330811
1.0,18,4.331255
0.0,22,4.331773
0.0,8,4.332016
0.0,3,4.332143
0.0,24,4.332699
0.0,1,4.332775
0.0,6,4.332959
0.0,10,4.33324
0.0,13,4.333581
0.0,11,4.333867
0.0,10,4.334144
1.0,21,4.334644
0.0,16,4.335057
0.0,13,4.335388
0.0,2,4.335492
0.0,4,4.335637
0.0,20,4.336124
0.0,4,4.336268
0.0,2,4.336368
0.0,17,4.33678
1.0,19,4.337245
0.0,5,4.337415
0.0,11,4.337702
0.0,11,4.338009
0.0,5,4.338177
0.0,7,4.338396
0.0,17,4.338819
0.0,6,4.339019
0.0,4,4.339169
0.0,27,4.339798
0.0,3,4.339925
0.0,22,4.340516
1.0,42,4.341466
0.0,3,4.341597
0.0,4,4.341742
1.0,29,4.342416
0.0,3,4.342539
0.0,11,4.342837
0.0,3,4.342965
0.0,6,4.34316
0.0,18,4.343607
0.0,8,4.343834
0.0,21,4.344343
0.0,14,4.344697
0.0,5,4.344865
0.0,13,4.345213
0.0,4,4.345357
0.0,26,4.345954
0.0,15,4.346333
0.0,4,4.346476
0.0,6,4.346666
1.0,9,4.346912
0.0,6,4.34711
0.0,3,4.347234
0.0,14,4.347582
1.0,10,4.347856
0.0,4,4.347997
0.0,48,4.349074
0.0,8,4.349308
0.0,9,4.34956
0.0,3,4.349688
0.0,2,4.349788
0.0,2,4.349887
0.0,3,4.350021
0.0,3,4.350145
0.0,2,4.350244
0.0,3,4.350366
0.0,9,4.350625
0.0,5,4.35079
0.0,6,4.35098
0.0,14,4.351338
0.0,5,4.351503
0.0,5,4.351666
0.0,2,4.351766
0.0,3,4.351891
0.0,2,4.351992
0.0,4,4.352148
0.0,10,4.352418
0.0,2,4.352519
0.0,14,4.352871
0.0,13,4.353216
0.0,4,4.35336
0.0,6,4.353554
0.0,4,4.353701
0.0,2,4.353801
0.0,3,4.353921
0.0,1,4.353997
0.0,9,4.354264
0.0,4,4.354408
0.0,12,4.354714
0.0,4,4.354863
0.0,12,4.355187
0.0,1,4.355269
0.0,7,4.355479
0.0,1,4.355559
0.0,15,4.355934
0.0,4,4.356087
0.0,1,4.356169
0.0,23,4.356714
1.0,6,4.356898
0.0,24,4.357479
1.0,22,4.358016
0.0,10,4.358293
0.0,14,4.358644
0.0,35,4.359444
0.0,5,4.359609
0.0,1,4.359684
0.0,3,4.359807
0.0,9,4.360067
0.0,8,4.360298
0.0,10,4.360572
0.0,5,4.360741
0.0,3,4.360863
0.0,4,4.361012
0.0,12,4.361321
0.0,5,4.361484
0.0,11,4.36177
0.0,7,4.361979
0.0,8,4.362211
0.0,6,4.362397
0.0,6,4.36258
0.0,7,4.362788
0.0,5,4.362957
0.0,13,4.363292
0.0,5,4.363457
0.0,4,4.363598
0.0,4,4.363739
0.0,3,4.36386
0.0,3,4.363981
0.0,6,4.364177
0.0,8,4.364403
0.0,10,4.364672
0.0,13,4.365008
0.0,7,4.365225
1.0,16,4.365616
0.0,13,4.365953
1.0,23,4.366521
0.0,22,4.367058
0.0,3,4.367187
0.0,8,4.367424
0.0,3,4.36755
0.0,8,4.36778
0.0,3,4.367902
0.0,20,4.368391
0.0,9,4.368652
0.0,3,4.368779
0.0,21,4.369296
0.0,7,4.369508
0.0,7,4.369718
0.0,6,4.369911
0.0,10,4.370192
0.0,7,4.370397
0.0,4,4.370539
0.0,4,4.370681
0.0,3,4.370801
0.0,5,4.370967
0.0,3,4.371101
0.0,2,4.371203
0.0,6,4.37139
0.0,15,4.371755
0.0,13,4.3721
0.0,18,4.372537
0.0,5,4.372705
0.0,6,4.37289
0.0,41,4.373796
0.0,6,4.373983
0.0,6,4.374175
1.0,42,4.375107
0.0,6,4.375291
0.0,1,4.375367
0.0,3,4.375489
0.0,12,4.375794
0.0,4,4.375936
0.0,12,4.376255
0.0,1,4.376338
0.0,14,4.376692
0.0,4,4.376835
0.0,2,4.376935
0.0,3,4.377065
0.0,6,4.377253
0.0,1,4.377328
0.0,9,4.377586
1.0,7,4.377798
0.0,9,4.378055
0.0,7,4.378272
0.0,28,4.378902
0.0,5,4.379084
0.0,5,4.37926
0.0,3,4.379386
0.0,9,4.379641
0.0,2,4.379743
0.0,2,4.379843
0.0,5,4.380023
0.0,3,4.380149
0.0,7,4.380365
0.0,6,4.38055
0.0,2,4.380655
0.0,3,4.380783
0.0,8,4.381041
1.0,28,4.381716
0.0,10,4.381991
0.0,8,4.382264
0.0,16,4.382675
0.0,4,4.382818
0.0,5,4.382986
0.0,3,4.383118
0.0,3,4.383239
0.0,8,4.383473
0.0,9,4.383724
0.0,5,4.383893
0.0,9,4.384157
0.0,3,4.38428
0.0,15,4.384657
0.0,4,4.3848
0.0,1,4.384876
0.0,12,4.385198
0.0,8,4.385436
0.0,19,4.385889
0.0,10,4.386187
0.0,8,4.386415
0.0,5,4.386579
0.0,3,4.386701
0.0,17,4.387125
0.0,4,4.387268
0.0,7,4.387473
0.0,4,4.387617
0.0,5,4.387779
0.0,15,4.388171
0.0,6,4.388362
0.0,3,4.388485
0.0,5,4.38865
0.0,2,4.388757
0.0,6,4.388944
0.0,16,4.389349
0.0,8,4.389582
0.0,5,4.389752
0.0,3,4.389874
0.0,16,4.390274
0.0,9,4.390525
0.0,7,4.390741
0.0,22,4.391279
0.0,2,4.39138
0.0,1,4.391455
0.0,3,4.391582
1.0,40,4.392493
0.0,1,4.392571
0.0,6,4.392762
0.0,13,4.393108
0.0,5,4.393274
0.0,3,4.393395
0.0,4,4.393541
0.0,5,4.393703
0.0,7,4.393915
0.0,4,4.394081
1.0,41,4.394978
0.0,6,4.395169
0.0,5,4.395339
0.0,13,4.395667
0.0,39,4.396532
1.0,12,4.396848
0.0,15,4.397226
0.0,16,4.397619
0.0,42,4.398558
0.0,1,4.39864
0.0,14,4.398999
0.0,2,4.399112
0.0,2,4.399212
0.0,9,4.399463
0.0,4,4.399606
0.0,1,4.399681
0.0,4,4.39983
0.0,4,4.399973
0.0,7,4.400197
0.0,3,4.40032
0.0,17,4.400747
1.0,37,4.401587
0.0,12,4.401897
0.0,3,4.402033
0.0,3,4.402158
0.0,5,4.402321
0.0,10,4.402586
0.0,6,4.402769
0.0,8,4.402994
0.0,3,4.403128
0.0,6,4.403317
0.0,8,4.403542
0.0,3,4.403662
0.0,16,4.404066
0.0,10,4.404348
0.0,8,4.404575
0.0,12,4.404886
1.0,15,4.405267
0.0,5,4.405439
1.0,12,4.405747
0.0,1,4.405822
0.0,15,4.406212
0.0,8,4.40644
0.0,10,4.406714
0.0,3,4.406835
0.0,4,4.406977
0.0,13,4.407315
0.0,4,4.40746
0.0,27,4.408087
0.0,11,4.408381
0.0,2,4.408484
0.0,25,4.409069
0.0,11,4.409354
0.0,12,4.409659
0.0,6,4.409846
0.0,1,4.409922
0.0,3,4.410057
0.0,1,4.41014
0.0,9,4.410399
0.0,11,4.410682
0.0,7,4.410885
0.0,16,4.411286
0.0,16,4.41168
0.0,12,4.411989
0.0,10,4.412262
0.0,3,4.412383
0.0,8,4.412614
0.0,4,4.412756
0.0,5,4.412919
0.0,1,4.412994
0.0,18,4.413434
0.0,10,4.413708
0.0,14,4.414065
0.0,13,4.414389
0.0,3,4.414509
0.0,1,4.414585
0.0,3,4.414706
0.0,3,4.414833
0.0,3,4.414959
0.0,7,4.415173
0.0,17,4.415593
0.0,2,4.415694
0.0,18,4.416133
0.0,17,4.416554
0.0,4,4.416698
0.0,2,4.416797
0.0,5,4.416965
0.0,3,4.417095
0.0,8,4.417327
0.0,4,4.417469
0.0,6,4.417658
0.0,1,4.417734
0.0,5,4.417897
0.0,4,4.418053
0.0,2,4.418155
0.0,7,4.418358
0.0,10,4.418628
0.0,13,4.418961
0.0,9,4.419214
0.0,9,4.41946
0.0,9,4.419705
0.0,17,4.420135
0.0,4,4.420281
0.0,13,4.420621
0.0,13,4.420943
0.0,6,4.421133
0.0,5,4.421301
1.0,20,4.421773
0.0,15,4.422148
0.0,15,4.422532
0.0,6,4.422718
0.0,7,4.422926
0.0,4,4.423078
0.0,13,4.423411
0.0,10,4.42368
0.0,5,4.423848
0.0,4,4.423996
0.0,3,4.424132
0.0,3,4.424256
0.0,27,4.424873
0.0,5,4.425046
0.0,1,4.425124
0.0,22,4.425636
0.0,4,4.425784
0.0,4,4.425928
0.0,1,4.42601
0.0,3,4.42614
0.0,6,4.426338
0.0,11,4.426632
0.0,5,4.426803
0.0,8,4.427045
0.0,1,4.427124
0.0,6,4.427315
0.0,18,4.427745
0.0,3,4.427867
0.0,5,4.428046
0.0,4,4.428192
0.0,3,4.428312
0.0,6,4.428505
0.0,6,4.42869
0.0,7,4.428895
0.0,16,4.429305
0.0,26,4.429909
0.0,10,4.430188
0.0,4,4.430336
0.0,21,4.430832
1.0,15,4.431216
0.0,13,4.431542
0.0,9,4.431789
0.0,7,4.431993
0.0,5,4.432164
0.0,1,4.432241
0.0,3,4.432369
0.0,15,4.432741
1.0,8,4.432966
0.0,2,4.433074
0.0,7,4.433291
0.0,10,4.433563
0.0,3,4.433694
0.0,9,4.433943
0.0,9,4.434199
1.0,19,4.434649
0.0,7,4.434856
0.0,23,4.4354
0.0,1,4.435484
0.0,3,4.435609
0.0,19,4.436081
1.0,10,4.436351
0.0,15,4.436722
0.0,5,4.436886
0.0,11,4.437182
0.0,9,4.437436
0.0,2,4.437542
0.0,24,4.43811
0.0,6,4.438307
0.0,1,4.438388
0.0,9,4.438638
0.0,11,4.438935
0.0,13,4.439273
0.0,4,4.439417
0.0,9,4.439668
0.0,1,4.439748
0.0,13,4.440097
0.0,2,4.440267
0.0,19,4.440747
0.0,7,4.440966
1.0,14,4.441336
0.0,6,4.44153
0.0,3,4.441652
0.0,5,4.441822
0.0,10,4.4421
0.0,8,4.442327
0.0,7,4.442538
0.0,4,4.442687
0.0,9,4.44293
0.0,33,4.443678
0.0,6,4.443864
0.0,2,4.443968
0.0,14,4.444332
1.0,18,4.444769
0.0,3,4.444889
0.0,12,4.445208
0.0,4,4.445352
0.0,5,4.445522
0.0,5,4.445685
0.0,5,4.44586
0.0,6,4.446054
0.0,4,4.446202
0.0,6,4.446387
0.0,1,4.446466
0.0,2,4.446568
0.0,8,4.4468
0.0,5,4.446965
0.0,5,4.447141
0.0,3,4.447265
0.0,4,4.447408
1.0,12,4.447727
0.0,4,4.44788
0.0,1,4.447957
0.0,2,4.448071
0.0,2,4.448174
1.0,12,4.448491
0.0,5,4.448653
0.0,13,4.448986
0.0,15,4.44937
0.0,3,4.449491
0.0,1,4.449568
0.0,11,4.449857
0.0,2,4.449962
0.0,11,4.450271
0.0,2,4.450377
0.0,9,4.450628
0.0,20,4.451124
0.0,26,4.451723
1.0,23,4.452268
0.0,15,4.452641
0.0,8,4.452875
0.0,16,4.453287
1.0,19,4.453742
0.0,11,4.454039
0.0,3,4.454163
0.0,4,4.454318
0.0,13,4.454647
0.0,4,4.454789
0.0,7,4.455012
0.0,8,4.455242
0.0,2,4.455343
0.0,4,4.455486
0.0,6,4.455675
0.0,5,4.455838
0.0,7,4.456061
0.0,3,4.45619
0.0,15,4.456563
0.0,10,4.456834
0.0,3,4.45696
0.0,23,4.457508
0.0,21,4.458021
1.0,15,4.458404
0.0,5,4.458567
0.0,20,4.459055
0.0,10,4.459329
0.0,14,4.459683
0.0,9,4.459939
0.0,8,4.460175
0.0,1,4.460253
0.0,7,4.460459
0.0,5,4.460629
0.0,8,4.460858
0.0,6,4.461053
0.0,13,4.461389
0.0,12,4.461701
0.0,7,4.461913
0.0,16,4.462319
0.0,11,4.462609
0.0,8,4.462833
0.0,1,4.46291
0.0,11,4.463207
0.0,1,4.463285
0.0,12,4.463599
0.0,9,4.463851
0.0,3,4.463977
0.0,24,4.464541
0.0,13,4.464879
0.0,1,4.46496
0.0,4,4.46512
0.0,12,4.46543
0.0,9,4.465674
0.0,17,4.466105
0.0,5,4.466279
0.0,14,4.466628
0.0,6,4.466815
0.0,1,4.466892
0.0,18,4.467342
0.0,6,4.467533
0.0,3,4.467655
0.0,20,4.468144
0.0,19,4.468602
0.0,15,4.468979
1.0,31,4.469698
0.0,7,4.469902
0.0,3,4.470033
0.0,2,4.470134
0.0,4,4.470289
0.0,15,4.470671
0.0,8,4.470905
0.0,2,4.471012
0.0,9,4.471274
0.0,6,4.471458
0.0,7,4.471662
0.0,2,4.471762
0.0,9,4.472017
0.0,7,4.472229
0.0,11,4.472516
0.0,4,4.472664
0.0,2,4.472764
0.0,8,4.472997
0.0,24,4.473586
0.0,12,4.473905
0.0,6,4.474104
0.0,5,4.474269
0.0,1,4.474345
0.0,9,4.474597
0.0,9,4.474842
0.0,1,4.474922
0.0,7,4.475139
0.0,6,4.475323
0.0,6,4.475506
0.0,4,4.475652
0.0,34,4.476421
0.0,7,4.476627
0.0,2,4.476727
0.0,2,4.476829
0.0,3,4.47695
1.0,28,4.47761
0.0,2,4.477713
1.0,8,4.47794
0.0,3,4.478072
0.0,22,4.478597
0.0,7,4.478808
0.0,6,4.478991
0.0,8,4.479228
0.0,4,4.47938
0.0,10,4.479654
0.0,15,4.480039
0.0,6,4.480226
0.0,21,4.480737
0.0,3,4.480864
0.0,9,4.481122
0.0,6,4.481314
0.0,6,4.481504
0.0,3,4.481626
0.0,4,4.481772
0.0,4,4.481916
0.0,1,4.481996
0.0,3,4.482137
0.0,9,4.482388
0.0,3,4.48251
0.0,6,4.482695
0.0,14,4.483083
0.0,27,4.483727
0.0,13,4.484069
1.0,11,4.484363
0.0,4,4.484508
0.0,16,4.484901
0.0,15,4.485283
0.0,3,4.485407
0.0,4,4.485548
0.0,4,4.485691
0.0,2,4.485791
0.0,2,4.485895
0.0,2,4.485996
0.0,5,4.486169
0.0,9,4.48642
0.0,8,4.486645
0.0,12,4.486963
0.0,3,4.487098
0.0,19,4.487559
0.0,11,4.487852
0.0,1,4.487933
0.0,3,4.488067
0.0,46,4.489092
0.0,4,4.489236
0.0,1,4.489312
0.0,10,4.489581
0.0,5,4.489755
0.0,7,4.489969
0.0,3,4.490104
0.0,13,4.490441
0.0,5,4.490613
0.0,10,4.49088
0.0,5,4.491054
0.0,1,4.491136
0.0,8,4.491374
0.0,1,4.491451
0.0,14,4.491796
0.0,21,4.4923
1.0,6,4.492489
0.0,1,4.492564
0.0,1,4.492641
0.0,3,4.492762
0.0,3,4.492883
0.0,5,4.493063
0.0,4,4.493212
0.0,13,4.493554
0.0,2,4.493654
0.0,4,4.493796
0.0,8,4.494038
0.0,3,4.494162
1.0,16,4.49457
0.0,3,4.494691
0.0,11,4.494984
0.0,5,4.495167
0.0,9,4.495415
0.0,3,4.495544
0.0,4,4.495693
0.0,8,4.495926
0.0,18,4.496385
0.0,1,4.496463
0.0,34,4.497244
0.0,11,4.497532
0.0,14,4.497891
0.0,5,4.498064
0.0,9,4.498319
0.0,6,4.498505
0.0,12,4.498826
0.0,4,4.498969
0.0,3,4.499105
0.0,8,4.499333
0.0,4,4.499483
0.0,2,4.499588
0.0,23,4.500139
0.0,14,4.500493
0.0,4,4.500646
0.0,12,4.500962
0.0,11,4.501265
0.0,3,4.501393
0.0,6,4.501577
0.0,4,4.501724
0.0,3,4.501853
0.0,10,4.502142
0.0,3,4.502271
0.0,5,4.502442
0.0,8,4.502674
1.0,15,4.503055
0.0,2,4.503156
0.0,3,4.503279
0.0,6,4.503464
0.0,23,4.504067
0.0,16,4.504491
0.0,3,4.504617
0.0,24,4.505197
0.0,13,4.505538
0.0,8,4.505762
0.0,15,4.506145
0.0,4,4.506298
0.0,8,4.506526
0.0,1,4.506601
0.0,16,4.506999
0.0,21,4.507508
0.0,8,4.507742
0.0,3,4.507864
0.0,6,4.508059
1.0,8,4.508286
0.0,5,4.508454
0.0,5,4.508616
0.0,7,4.508818
0.0,15,4.509196
0.0,12,4.509509
0.0,5,4.509689
0.0,6,4.509875
0.0,16,4.510277
0.0,14,4.510625
0.0,10,4.510894
0.0,10,4.511176
0.0,1,4.511259
0.0,18,4.511699
0.0,4,4.511841
0.0,3,4.511962
0.0,3,4.512097
1.0,23,4.51265
0.0,8,4.512873
0.0,1,4.512948
0.0,24,4.513529
0.0,5,4.513695
0.0,12,4.51401
0.0,31,4.514713
0.0,4,4.514861
1.0,8,4.515104
0.0,9,4.515349
0.0,10,4.515614
1.0,13,4.515948
0.0,1,4.516032
0.0,11,4.516325
0.0,1,4.516406
0.0,5,4.516574
0.0,14,4.516921
1.0,36,4.517722
0.0,13,4.518073
0.0,8,4.518306
0.0,15,4.518679
1.0,11,4.51897
0.0,4,4.51912
1.0,14,4.519475
0.0,2,4.519581
0.0,12,4.519891
0.0,16,4.520305
0.0,1,4.520383
0.0,18,4.520818
0.0,15,4.521203
0.0,10,4.521472
0.0,8,4.521698
0.0,1,4.521778
0.0,2,4.521884
0.0,5,4.522066
0.0,50,4.523201
0.0,10,4.523474
0.0,6,4.52366
0.0,11,4.523953
0.0,4,4.524105
0.0,5,4.524276
0.0,4,4.524419
0.0,4,4.52456
0.0,18,4.525009
0.0,12,4.52533
0.0,1,4.525408
0.0,4,4.525551
0.0,18,4.525978
0.0,4,4.526129
0.0,8,4.526359
0.0,12,4.526672
0.0,10,4.526944
0.0,14,4.52731
0.0,9,4.527565
0.0,1,4.527641
0.0,4,4.527786
0.0,4,4.527933
0.0,21,4.52844
0.0,5,4.528604
0.0,1,4.528679
0.0,2,4.528785
0.0,14,4.529153
0.0,13,4.529495
0.0,24,4.530071
0.0,5,4.530244
0.0,3,4.530366
0.0,2,4.530465
0.0,6,4.530651
0.0,1,4.530726
0.0,1,4.530803
0.0,4,4.530945
0.0,8,4.531185
0.0,7,4.53139
0.0,4,4.531538
0.0,17,4.531946
0.0,1,4.53203
0.0,11,4.532326
0.0,2,4.532426
0.0,6,4.532608
0.0,12,4.532918
0.0,9,4.533172
0.0,1,4.533249
0.0,8,4.533473
0.0,14,4.53384
0.0,1,4.533921
0.0,1,4.533998
0.0,1,4.534088
0.0,5,4.534256
0.0,16,4.534651
0.0,17,4.535075
0.0,2,4.535182
0.0,11,4.535477
0.0,18,4.535909
0.0,14,4.536272
0.0,33,4.537034
0.0,2,4.537142
0.0,7,4.537355
0.0,5,4.53752
0.0,7,4.537725
0.0,18,4.538188
0.0,16,4.538593
0.0,1,4.538674
0.0,1,4.538756
0.0,12,4.539083
0.0,16,4.539479
0.0,14,4.539832
0.0,18,4.540286
0.0,16,4.540762
0.0,4,4.54091
0.0,52,4.542086
0.0,7,4.5423
0.0,2,4.542401
0.0,4,4.542542
0.0,4,4.542687
0.0,4,4.54283
0.0,6,4.543021
0.0,1,4.543103
0.0,14,4.543451
0.0,6,4.543641
0.0,8,4.543872
0.0,3,4.543998
0.0,6,4.544198
0.0,6,4.54438
0.0,7,4.544586
0.0,6,4.544769
0.0,4,4.54491
0.0,20,4.545401
0.0,2,4.545503
0.0,17,4.545916
0.0,11,4.546212
1.0,27,4.546827
0.0,5,4.54699
0.0,5,4.547163
0.0,10,4.547437
1.0,22,4.547953
0.0,2,4.548066
0.0,3,4.54819
0.0,7,4.5484
0.0,10,4.548668
1.0,10,4.548941
0.0,5,4.549111
0.0,3,4.549238
0.0,5,4.549402
0.0,13,4.549731
0.0,12,4.550058
0.0,9,4.550309
0.0,10,4.550581
0.0,4,4.550732
0.0,11,4.551031
0.0,24,4.5516
0.0,10,4.551866
0.0,1,4.551947
0.0,20,4.552429
0.0,8,4.552664
0.0,8,4.552893
0.0,1,4.55301
0.0,1,4.553094
0.0,10,4.553374
0.0,18,4.553811
0.0,10,4.554084
0.0,34,4.554838
0.0,22,4.555369
0.0,5,4.555539
0.0,6,4.555728
0.0,1,4.555805
0.0,5,4.55597
0.0,4,4.556121
0.0,8,4.556356
1.0,9,4.556605
0.0,1,4.556681
0.0,21,4.55719
0.0,23,4.557719
0.0,1,4.557795
1.0,12,4.558111
0.0,16,4.558502
0.0,3,4.558624
0.0,1,4.558704
0.0,28,4.55936
0.0,7,4.559574
0.0,3,4.559702
0.0,8,4.559923
0.0,2,4.56003
0.0,27,4.560648
1.0,7,4.560852
0.0,5,4.56102
0.0,3,4.561148
0.0,2,4.561255
0.0,3,4.561377
0.0,5,4.56154
0.0,2,4.561643
0.0,4,4.561785
0.0,9,4.562041
0.0,13,4.562373
0.0,5,4.562541
0.0,6,4.562724
0.0,4,4.562865
0.0,2,4.562963
0.0,2,4.563072
0.0,2,4.563178
0.0,4,4.563325
0.0,2,4.56343
0.0,11,4.563723
0.0,2,4.563827
0.0,4,4.563968
0.0,6,4.56416
0.0,7,4.564368
0.0,9,4.564619
0.0,21,4.565134
0.0,6,4.565328
0.0,3,4.56545
0.0,4,4.565592
0.0,5,4.565754
0.0,5,4.565917
0.0,5,4.56609
0.0,6,4.566283
0.0,4,4.566431
0.0,13,4.566758
0.0,10,4.56703
0.0,11,4.567329
0.0,20,4.567801
0.0,5,4.567975
0.0,8,4.568218
0.0,2,4.56832
0.0,3,4.568445
0.0,2,4.568546
0.0,4,4.568687
0.0,17,4.569106
1.0,31,4.569805
0.0,1,4.569884
0.0,21,4.570385
1.0,19,4.570832
0.0,15,4.571215
0.0,15,4.57158
0.0,7,4.571782
0.0,8,4.572017
0.0,5,4.57218
0.0,5,4.572341
0.0,8,4.572563
0.0,7,4.572764
0.0,10,4.573036
0.0,12,4.573341
0.0,11,4.573631
0.0,1,4.573716
0.0,8,4.573941
0.0,5,4.574111
0.0,5,4.574273
1.0,12,4.574577
0.0,2,4.574675
0.0,3,4.574794
0.0,25,4.575392
0.0,3,4.575514
0.0,5,4.575681
0.0,15,4.576066
0.0,3,4.576189
0.0,4,4.57633
0.0,10,4.576602
0.0,4,4.576749
0.0,2,4.576854
0.0,17,4.577288
0.0,10,4.577556
0.0,18,4.577988
1.0,19,4.578454
0.0,5,4.578615
0.0,1,4.578691
0.0,6,4.578876
0.0,8,4.579124
0.0,5,4.57929
0.0,4,4.579438
0.0,8,4.57967
0.0,24,4.580253
1.0,9,4.580505
0.0,3,4.580625
0.0,8,4.580858
0.0,35,4.581659
0.0,2,4.581761
1.0,20,4.582246
0.0,7,4.582458
0.0,6,4.582649
0.0,6,4.582843
0.0,6,4.583042
0.0,4,4.583193
1.0,29,4.583861
0.0,3,4.583986
0.0,20,4.584481
0.0,6,4.58467
0.0,4,4.584811
0.0,6,4.585009
0.0,3,4.585139
0.0,2,4.585244
0.0,9,4.585498
0.0,10,4.58577
1.0,8,4.585994
0.0,21,4.586492
0.0,5,4.58666
0.0,1,4.58674
0.0,8,4.586972
0.0,9,4.587228
0.0,15,4.587591
0.0,3,4.587715
0.0,5,4.587879
0.0,6,4.588071
0.0,9,4.588325
0.0,7,4.588527
0.0,26,4.589147
0.0,5,4.589313
0.0,4,4.589461
0.0,3,4.589587
0.0,9,4.589833
0.0,7,4.590046
1.0,21,4.590552
0.0,20,4.591043
0.0,3,4.591166
0.0,5,4.591328
0.0,1,4.591403
0.0,7,4.591607
0.0,12,4.591915
0.0,22,4.592453
0.0,7,4.592666
0.0,3,4.592788
0.0,6,4.592976
0.0,2,4.593085
0.0,3,4.593211
0.0,2,4.593312
1.0,12,4.59362
0.0,8,4.593842
0.0,3,4.593961
0.0,5,4.59413
0.0,7,4.594343
0.0,8,4.594569
0.0,4,4.594711
0.0,8,4.594941
0.0,24,4.595506
0.0,25,4.596089
0.0,19,4.596535
0.0,12,4.59684
0.0,9,4.5971
0.0,1,4.597178
0.0,3,4.597304
0.0,3,4.597425
0.0,6,4.597613
0.0,26,4.598214
0.0,5,4.598377
0.0,4,4.598528
0.0,2,4.598632
0.0,2,4.598737
0.0,9,4.598981
0.0,24,4.599539
0.0,12,4.599851
0.0,7,4.600064
0.0,10,4.600346
0.0,6,4.600536
0.0,38,4.601392
0.0,4,4.601535
0.0,12,4.601848
0.0,10,4.602137
0.0,5,4.602304
0.0,1,4.60238
0.0,20,4.602848
0.0,12,4.603178
0.0,13,4.603505
0.0,4,4.603651
0.0,13,4.603976
0.0,31,4.604728
0.0,4,4.60488
0.0,3,4.605008
0.0,2,4.60511
0.0,4,4.605252
0.0,3,4.605371
0.0,12,4.605691
0.0,4,4.605831
0.0,8,4.606069
0.0,6,4.606256
0.0,3,4.606386
0.0,1,4.606463
0.0,6,4.606649
0.0,7,4.606854
0.0,1,4.606934
0.0,1,4.607018
0.0,18,4.60746
0.0,13,4.607792
0.0,3,4.607914
0.0,4,4.608069
1.0,9,4.608315
0.0,9,4.608566
0.0,3,4.608687
0.0,5,4.608855
0.0,15,4.609251
0.0,3,4.609375
0.0,3,4.609497
1.0,32,4.610237
0.0,3,4.610359
0.0,2,4.610459
0.0,9,4.610714
0.0,5,4.610881
0.0,11,4.611174
0.0,16,4.611573
0.0,1,4.611649
0.0,22,4.612179
0.0,19,4.61264
0.0,13,4.612971
0.0,6,4.613163
0.0,5,4.613332
0.0,11,4.613626
0.0,19,4.6141
0.0,22,4.614618
0.0,15,4.614982
0.0,8,4.615218
1.0,27,4.615836
0.0,32,4.616568
1.0,27,4.617187
0.0,2,4.617288
1.0,14,4.61764
0.0,1,4.617719
0.0,13,4.618068
0.0,3,4.618196
0.0,19,4.618655
0.0,13,4.618982
0.0,1,4.61907
0.0,9,4.619321
0.0,23,4.619856
0.0,1,4.619936
0.0,17,4.620354
0.0,13,4.620688
0.0,8,4.620912
0.0,5,4.621083
0.0,17,4.621505
0.0,43,4.62245
0.0,2,4.622552
0.0,4,4.622694
1.0,29,4.623362
0.0,3,4.623488
0.0,3,4.623611
0.0,9,4.623862
0.0,9,4.624117
0.0,7,4.624326
0.0,10,4.624589
1.0,10,4.624852
0.0,11,4.625144
0.0,5,4.625312
0.0,7,4.625522
0.0,1,4.625598
0.0,33,4.626366
0.0,5,4.626535
0.0,14,4.626881
1.0,14,4.62724
0.0,9,4.627491
0.0,8,4.627713
0.0,19,4.628173
0.0,10,4.628439
0.0,6,4.628622
0.0,2,4.628725
0.0,8,4.628949
0.0,15,4.629323
0.0,7,4.629532
0.0,18,4.629959
0.0,10,4.630243
0.0,6,4.630427
0.0,5,4.630597
0.0,12,4.630902
1.0,17,4.63133
0.0,4,4.631475
0.0,12,4.631786
0.0,6,4.631967
0.0,5,4.632137
0.0,9,4.632389
0.0,4,4.632529
0.0,3,4.632648
0.0,1,4.632727
0.0,2,4.632832
0.0,3,4.632954
0.0,24,4.633533
0.0,15,4.633909
0.0,11,4.634215
0.0,7,4.634422
0.0,7,4.634635
0.0,3,4.634756
1.0,17,4.635179
0.0,15,4.635557
0.0,14,4.635901
0.0,2,4.636012
0.0,7,4.636233
0.0,10,4.636503
0.0,7,4.636708
0.0,20,4.637202
0.0,9,4.637456
0.0,5,4.637619
0.0,8,4.637854
0.0,5,4.638034
0.0,5,4.638209
0.0,10,4.638476
0.0,5,4.638644
0.0,4,4.638787
0.0,8,4.639017
0.0,10,4.639283
0.0,8,4.639528
0.0,1,4.639605
0.0,5,4.639776
0.0,4,4.63993
0.0,6,4.640132
0.0,9,4.640389
0.0,12,4.640764
0.0,5,4.640939
0.0,5,4.641118
0.0,11,4.641415
1.0,18,4.641844
0.0,5,4.642014
0.0,22,4.642539
0.0,3,4.642669
0.0,4,4.642813
0.0,3,4.642935
0.0,27,4.643572
0.0,18,4.644025
0.0,12,4.64434
0.0,21,4.644838
0.0,8,4.645082
0.0,15,4.645458
0.0,1,4.645538
0.0,2,4.645639
0.0,18,4.646081
0.0,1,4.646159
0.0,2,4.646263
0.0,7,4.646476
0.0,3,4.646602
0.0,12,4.646914
0.0,8,4.647159
0.0,7,4.647372
0.0,19,4.647828
0.0,5,4.647997
0.0,3,4.648136
0.0,19,4.648592
0.0,4,4.648734
0.0,10,4.649012
0.0,3,4.649136
0.0,1,4.649215
0.0,6,4.649408
0.0,2,4.649509
0.0,4,4.649652
0.0,3,4.64978
0.0,6,4.649966
0.0,1,4.650054
0.0,1,4.650136
0.0,5,4.650304
0.0,10,4.650578
1.0,8,4.650809
0.0,1,4.650884
0.0,15,4.65127
0.0,11,4.651568
0.0,14,4.651922
1.0,12,4.652246
1.0,7,4.65245
0.0,2,4.652553
0.0,5,4.652717
0.0,6,4.6529
0.0,2,4.652998
0.0,10,4.653284
0.0,9,4.65354
0.0,7,4.653748
0.0,6,4.653937
0.0,15,4.65432
0.0,5,4.654485
0.0,12,4.654801
0.0,1,4.654878
0.0,2,4.654978
0.0,5,4.655154
0.0,4,4.655304
0.0,1,4.65538
0.0,1,4.655456
0.0,6,4.655641
0.0,2,4.65574
0.0,2,4.655839
0.0,5,4.656009
0.0,7,4.656214
0.0,8,4.656451
0.0,15,4.656834
0.0,6,4.657027
0.0,10,4.6573
0.0,8,4.657525
0.0,21,4.658036
0.0,26,4.658631
0.0,11,4.658921
0.0,2,4.659033
0.0,1,4.659115
0.0,1,4.659195
0.0,10,4.659469
0.0,18,4.659899
0.0,3,4.660031
0.0,23,4.660576
0.0,10,4.66084
0.0,27,4.661472
1.0,14,4.661819
0.0,5,4.66198
0.0,44,4.662929
1.0,22,4.663453
0.0,12,4.66377
0.0,5,4.663934
0.0,1,4.664022
0.0,16,4.664432
0.0,1,4.664513
0.0,28,4.66517
0.0,8,4.665395
0.0,5,4.665563
0.0,5,4.665732
0.0,10,4.666021
0.0,7,4.66623
0.0,2,4.666335
0.0,4,4.666485
0.0,18,4.66692
0.0,16,4.667327
0.0,4,4.667475
0.0,9,4.667723
0.0,7,4.667927
0.0,3,4.668057
0.0,8,4.66828
0.0,8,4.668507
0.0,5,4.668681
0.0,5,4.668847
0.0,8,4.669081
0.0,6,4.669273
0.0,5,4.66944
0.0,16,4.669833
0.0,3,4.669956
0.0,8,4.670191
0.0,13,4.670526
0.0,10,4.670798
0.0,14,4.671175
0.0,17,4.671592
1.0,17,4.672022
0.0,2,4.672127
0.0,11,4.672421
0.0,7,4.672624
0.0,9,4.672877
0.0,14,4.673241
0.0,29,4.673892
0.0,12,4.67421
0.0,8,4.67444
0.0,17,4.674852
0.0,3,4.674973
0.0,2,4.67508
0.0,14,4.675441
0.0,3,4.675562
0.0,8,4.67579
0.0,9,4.676048
0.0,7,4.676255
0.0,6,4.676437
0.0,2,4.676536
0.0,3,4.676656
0.0,4,4.676805
0.0,7,4.677017
0.0,11,4.677312
0.0,2,4.677412
0.0,11,4.677706
0.0,3,4.677833
1.0,17,4.67827
0.0,4,4.678421
1.0,8,4.678649
0.0,3,4.678768
0.0,1,4.678848
0.0,9,4.679112
0.0,4,4.679264
0.0,4,4.679413
0.0,3,4.679535
0.0,7,4.679745
0.0,3,4.679866
0.0,5,4.680043
0.0,3,4.680175
0.0,5,4.680339
0.0,4,4.680482
0.0,1,4.680557
0.0,3,4.680679
0.0,4,4.680827
0.0,9,4.681086
0.0,1,4.681163
0.0,1,4.681238
0.0,3,4.681359
0.0,1,4.681439
0.0,1,4.681515
0.0,7,4.681722
0.0,14,4.682085
0.0,6,4.682272
0.0,5,4.682435
0.0,15,4.682823
0.0,8,4.683061
0.0,12,4.683384
0.0,4,4.683532
0.0,12,4.683844
1.0,10,4.684133
0.0,4,4.684282
0.0,2,4.684381
0.0,26,4.684979
0.0,16,4.685381
0.0,5,4.685551
0.0,3,4.685674
0.0,3,4.6858
0.0,10,4.686084
0.0,16,4.686475
0.0,9,4.686728
1.0,11,4.68704
0.0,21,4.687567
0.0,30,4.688264
0.0,5,4.68843
0.0,3,4.688551
0.0,2,4.688651
0.0,9,4.688896
0.0,6,4.689089
0.0,8,4.689317
0.0,11,4.689618
0.0,13,4.68996
0.0,2,4.690075
0.0,1,4.690156
0.0,10,4.690427
0.0,4,4.690573
0.0,5,4.690741
0.0,17,4.691175
0.0,5,4.69134
0.0,6,4.691522
0.0,24,4.692095
0.0,6,4.69228
0.0,1,4.692356
0.0,4,4.692499
0.0,18,4.692929
0.0,8,4.693173
0.0,4,4.69332
0.0,1,4.693399
0.0,6,4.693591
0.0,5,4.693762
0.0,7,4.693975
0.0,8,4.694208
0.0,11,4.694502
0.0,22,4.695039
0.0,11,4.695338
0.0,11,4.69563
0.0,3,4.695754
0.0,4,4.695897
0.0,1,4.695974
0.0,10,4.69625
0.0,6,4.696436
0.0,3,4.696556
0.0,4,4.696698
0.0,1,4.696773
0.0,4,4.69692
0.0,13,4.697266
0.0,12,4.697584
0.0,18,4.698033
0.0,11,4.698332
0.0,7,4.698535
0.0,5,4.698697
0.0,24,4.69926
0.0,12,4.699585
0.0,19,4.700052
1.0,39,4.700923
0.0,5,4.701096
0.0,7,4.70131
0.0,9,4.701555
0.0,16,4.701948
0.0,7,4.70216
0.0,3,4.702283
0.0,7,4.702487
0.0,13,4.702812
0.0,27,4.703445
0.0,4,4.703592
0.0,7,4.703798
0.0,8,4.704031
0.0,23,4.704575
0.0,1,4.704652
0.0,7,4.704858
0.0,12,4.705176
0.0,11,4.705475
0.0,5,4.705638
1.0,11,4.705924
0.0,22,4.706451
0.0,1,4.706535
0.0,7,4.706742
0.0,16,4.707141
0.0,8,4.707365
0.0,5,4.707536
0.0,5,4.707699
0.0,6,4.707883
1.0,28,4.708524
0.0,1,4.7086
0.0,48,4.709662
0.0,10,4.709939
0.0,19,4.710403
0.0,20,4.71089
0.0,2,4.71099
0.0,8,4.711227
0.0,9,4.711471
0.0,2,4.711571
0.0,4,4.711717
0.0,1,4.711797
0.0,27,4.71243
0.0,6,4.712622
0.0,5,4.712787
0.0,14,4.713152
0.0,5,4.713321
0.0,5,4.713484
0.0,16,4.713877
0.0,1,4.713953
0.0,4,4.714105
0.0,5,4.714276
0.0,1,4.714353
0.0,13,4.714687
0.0,4,4.714834
0.0,2,4.714934
1.0,16,4.715345
0.0,1,4.715423
0.0,6,4.715618
0.0,8,4.71585
0.0,17,4.716283
0.0,1,4.716365
0.0,8,4.716594
0.0,11,4.716886
0.0,5,4.717065
0.0,18,4.717519
0.0,13,4.717857
0.0,10,4.718148
0.0,1,4.718226
0.0,8,4.718464
0.0,4,4.718607
0.0,7,4.718817
0.0,2,4.718917
0.0,6,4.719114
0.0,6,4.719301
0.0,7,4.719505
0.0,6,4.719688
0.0,9,4.719932
0.0,1,4.720015
0.0,7,4.72023
0.0,5,4.7204
0.0,11,4.720685
0.0,9,4.720938
0.0,5,4.721111
0.0,2,4.721212
0.0,10,4.721492
0.0,1,4.721572
0.0,2,4.721675
0.0,1,4.721751
0.0,4,4.721895
0.0,4,4.722053
0.0,4,4.722198
0.0,26,4.722813
0.0,2,4.722917
0.0,7,4.723136
0.0,22,4.723645
0.0,17,4.724077
1.0,54,4.725248
0.0,8,4.725474
1.0,35,4.726277
0.0,12,4.726593
0.0,1,4.726675
1.0,11,4.726967
0.0,8,4.727201
1.0,12,4.72752
0.0,11,4.727817
0.0,4,4.727964
0.0,2,4.728075
0.0,10,4.728351
0.0,8,4.728584
0.0,7,4.728797
0.0,5,4.728966
0.0,11,4.729269
0.0,6,4.72946
0.0,12,4.729766
0.0,9,4.730027
0.0,9,4.730277
0.0,3,4.7304
0.0,3,4.730525
0.0,10,4.730804
0.0,6,4.730989
0.0,6,4.731183
0.0,10,4.731464
0.0,5,4.731636
0.0,5,4.731806
0.0,26,4.732419
0.0,9,4.732665
0.0,1,4.732745
0.0,4,4.732889
0.0,7,4.733111
0.0,27,4.733737
0.0,18,4.73419
0.0,11,4.734484
0.0,2,4.734584
0.0,8,4.734808
0.0,17,4.735237
0.0,5,4.735405
0.0,14,4.735758
0.0,5,4.735921
0.0,4,4.736072
0.0,5,4.736239
0.0,1,4.73632
0.0,7,4.736533
0.0,3,4.736654
0.0,9,4.736909
0.0,14,4.737279
0.0,1,4.737359
0.0,2,4.73746
1.0,7,4.737671
0.0,9,4.737917
0.0,6,4.738114
0.0,4,4.73826
0.0,4,4.738403
0.0,13,4.738743
0.0,9,4.738997
0.0,11,4.739304
0.0,13,4.739643
0.0,6,4.739827
0.0,7,4.740039
0.0,5,4.740204
0.0,23,4.740747
0.0,19,4.741286
0.0,2,4.741392
1.0,9,4.741642
0.0,5,4.741806
0.0,1,4.741882
0.0,3,4.742012
0.0,11,4.742315
0.0,18,4.742764
0.0,1,4.742841
1.0,15,4.743233
1.0,10,4.743509
0.0,4,4.743657
0.0,5,4.74382
0.0,9,4.744077
0.0,2,4.744182
0.0,9,4.744423
0.0,12,4.744727
0.0,26,4.745349
0.0,3,4.745473
0.0,4,4.745622
0.0,9,4.745868
0.0,20,4.746354
0.0,1,4.746436
0.0,4,4.746583
0.0,11,4.746874
0.0,12,4.747189
0.0,4,4.747331
0.0,8,4.747564
0.0,5,4.747726
0.0,8,4.74796
0.0,4,4.748115
0.0,3,4.748238
0.0,2,4.748337
0.0,3,4.74846
0.0,9,4.748714
0.0,1,4.748791
0.0,6,4.748974
0.0,2,4.749088
0.0,5,4.749259
0.0,8,4.749489
1.0,6,4.749672
0.0,2,4.74977
1.0,12,4.750098
0.0,1,4.750175
0.0,3,4.750297
0.0,6,4.75049
0.0,1,4.750565
0.0,1,4.750641
0.0,6,4.750829
0.0,14,4.751193
0.0,2,4.751293
0.0,5,4.751456
0.0,12,4.75176
0.0,11,4.752063
0.0,1,4.752145
0.0,37,4.752976
0.0,36,4.753796
0.0,4,4.753941
0.0,4,4.754092
0.0,6,4.754289
0.0,7,4.754494
0.0,11,4.754786
0.0,8,4.755021
0.0,27,4.755649
0.0,7,4.755858
1.0,33,4.756601
1.0,31,4.757311
0.0,2,4.757412
1.0,27,4.758037
0.0,11,4.758329
0.0,6,4.758512
0.0,1,4.758593
0.0,7,4.758798
0.0,3,4.758924
0.0,5,4.7591
0.0,35,4.759878
0.0,2,4.759984
0.0,14,4.760354
0.0,4,4.760497
0.0,1,4.760573
0.0,8,4.760806
0.0,9,4.761068
0.0,10,4.761337
0.0,5,4.761504
0.0,12,4.761814
0.0,8,4.762046
0.0,8,4.762276
0.0,31,4.762977
0.0,7,4.763195
0.0,43,4.764147
0.0,5,4.764313
0.0,5,4.764489
0.0,15,4.764856
0.0,14,4.765215
0.0,22,4.765728
0.0,1,4.765805
0.0,3,4.76593
0.0,3,4.766067
1.0,11,4.766356
0.0,1,4.766435
0.0,3,4.766558
0.0,7,4.766771
1.0,20,4.767263
0.0,5,4.767435
0.0,9,4.767679
0.0,4,4.767822
0.0,6,4.768013
0.0,10,4.768289
0.0,3,4.768417
1.0,13,4.768754
0.0,28,4.769397
0.0,8,4.769634
0.0,4,4.769781
0.0,4,4.769924
0.0,17,4.770348
0.0,1,4.77043
0.0,12,4.770741
1.0,12,4.771065
0.0,31,4.771768
0.0,1,4.771845
0.0,19,4.772316
0.0,12,4.772626
0.0,10,4.772891
0.0,6,4.773085
0.0,3,4.773208
0.0,3,4.77333
0.0,5,4.773499
0.0,7,4.77371
0.0,15,4.774105
0.0,8,4.774335
0.0,1,4.774412
0.0,7,4.774626
0.0,5,4.77479
0.0,20,4.775277
0.0,9,4.77553
0.0,16,4.775923
0.0,11,4.776218
0.0,4,4.776367
0.0,6,4.776557
0.0,3,4.776678
0.0,5,4.776839
0.0,10,4.777111
0.0,11,4.777395
0.0,1,4.77747
0.0,5,4.77764
0.0,6,4.77783
0.0,13,4.778184
0.0,6,4.77837
0.0,18,4.778809
1.0,13,4.779147
1.0,11,4.77944
0.0,4,4.779587
0.0,4,4.779741
0.0,4,4.779888
0.0,13,4.780227
0.0,3,4.78035
0.0,11,4.780644
0.0,8,4.780874
0.0,15,4.781262
0.0,2,4.781368
0.0,6,4.781559
0.0,4,4.781701
0.0,17,4.782131
0.0,13,4.782465
0.0,1,4.782545
0.0,6,4.782738
0.0,7,4.782945
0.0,12,4.783262
0.0,8,4.783486
0.0,18,4.78392
0.0,2,4.78403
0.0,3,4.784159
0.0,3,4.784281
0.0,9,4.78453
0.0,10,4.784803
0.0,4,4.784944
0.0,14,4.785311
1.0,6,4.785498
0.0,4,4.785639
0.0,20,4.78613
0.0,4,4.786273
0.0,4,4.786416
0.0,11,4.786702
0.0,9,4.786947
0.0,13,4.787296
0.0,4,4.787444
0.0,11,4.787737
0.0,4,4.787885
1.0,15,4.788281
0.0,6,4.788467
0.0,7,4.788678
0.0,4,4.788827
0.0,9,4.789084
0.0,5,4.789257
0.0,1,4.789337
0.0,24,4.789897
0.0,22,4.790419
0.0,2,4.790524
0.0,8,4.790759
0.0,8,4.790985
0.0,5,4.791161
0.0,22,4.79169
0.0,16,4.792087
0.0,17,4.792506
0.0,3,4.792631
0.0,25,4.793221
0.0,10,4.793494
0.0,14,4.793847
0.0,6,4.79404
0.0,21,4.794544
0.0,6,4.794728
1.0,12,4.795042
0.0,16,4.795432
0.0,15,4.795801
0.0,9,4.796062
0.0,35,4.796846
0.0,2,4.796945
0.0,1,4.797028
0.0,26,4.79763
1.0,22,4.798162
0.0,6,4.798353
0.0,7,4.798562
0.0,13,4.798899
0.0,5,4.79908
0.0,14,4.799436
0.0,16,4.799832
0.0,8,4.800075
0.0,49,4.801167
0.0,2,4.80127
0.0,7,4.801482
0.0,3,4.801604
0.0,3,4.801724
0.0,14,4.80209
0.0,6,4.802281
0.0,3,4.802411
0.0,4,4.802559
0.0,8,4.802789
0.0,9,4.803043
0.0,14,4.803386
0.0,2,4.803485
0.0,37,4.804367
0.0,5,4.804541
0.0,5,4.804713
0.0,1,4.804789
0.0,9,4.805062
0.0,1,4.805148
0.0,10,4.805445
0.0,15,4.805818
0.0,2,4.805918
0.0,13,4.806267
0.0,12,4.806584
0.0,2,4.806688
0.0,4,4.806836
0.0,14,4.8072
0.0,7,4.807417
0.0,5,4.807582
0.0,7,4.80779
0.0,22,4.80832
0.0,7,4.808528
0.0,12,4.808845
0.0,5,4.809019
0.0,2,4.809125
0.0,3,4.809252
0.0,10,4.809519
0.0,7,4.809722
0.0,12,4.810042
0.0,7,4.810248
0.0,11,4.810534
0.0,4,4.810679
0.0,2,4.81078
0.0,8,4.811023
0.0,12,4.811341
0.0,1,4.811417
0.0,9,4.811672
0.0,5,4.811836
0.0,12,4.812164
0.0,4,4.812309
0.0,13,4.812643
0.0,1,4.812722
0.0,6,4.812918
0.0,11,4.813223
1.0,25,4.813805
0.0,26,4.814424
0.0,3,4.814548
0.0,8,4.814775
1.0,35,4.815554
0.0,2,4.815655
0.0,7,4.815857
0.0,3,4.815978
0.0,11,4.816276
0.0,44,4.817248
0.0,4,4.817396
0.0,3,4.817519
0.0,2,4.817621
0.0,2,4.817721
0.0,4,4.817872
0.0,3,4.817993
0.0,3,4.818126
0.0,3,4.818254
0.0,27,4.818877
0.0,4,4.819027
1.0,13,4.819357
0.0,18,4.819798
0.0,1,4.819875
0.0,6,4.82007
1.0,8,4.820297
0.0,1,4.820371
0.0,1,4.820447
0.0,3,4.820573
0.0,4,4.820715
0.0,9,4.820961
0.0,25,4.821544
0.0,6,4.821735
0.0,9,4.82198
0.0,6,4.822228
0.0,18,4.822664
0.0,9,4.822917
1.0,27,4.823556
0.0,15,4.823929
1.0,15,4.824325
0.0,31,4.825023
0.0,11,4.825322
0.0,3,4.825449
0.0,4,4.825593
0.0,1,4.82567
1.0,13,4.826018
0.0,4,4.826171
1.0,14,4.826525
0.0,15,4.8269
0.0,10,4.827186
0.0,4,4.827335
0.0,4,4.827477
0.0,7,4.827686
0.0,8,4.827918
0.0,7,4.828139
0.0,1,4.828217
0.0,6,4.828403
0.0,6,4.828591
0.0,10,4.828861
0.0,6,4.829062
0.0,2,4.829165
0.0,14,4.829511
0.0,6,4.829693
0.0,3,4.829824
0.0,1,4.829901
0.0,5,4.830075
0.0,4,4.83022
0.0,4,4.830361
0.0,5,4.830524
0.0,6,4.830714
0.0,5,4.830877
0.0,5,4.831056
0.0,2,4.831159
0.0,7,4.831371
0.0,31,4.832078
0.0,3,4.832202
0.0,20,4.832675
0.0,5,4.832847
0.0,5,4.833022
0.0,12,4.833342
0.0,3,4.833463
0.0,4,4.833608
0.0,1,4.833688
0.0,7,4.8339
0.0,11,4.834199
0.0,7,4.834414
1.0,24,4.834974
0.0,2,4.835087
0.0,1,4.835165
0.0,9,4.835417
0.0,3,4.835537
0.0,5,4.835704
0.0,3,4.835826
0.0,7,4.836044
0.0,23,4.836579
0.0,5,4.836742
0.0,4,4.836884
0.0,3,4.83701
0.0,10,4.837285
0.0,3,4.837412
0.0,1,4.837489
1.0,12,4.837795
0.0,5,4.837962
0.0,8,4.83821
0.0,5,4.838379
0.0,5,4.838543
1.0,44,4.839502
0.0,3,4.839628
0.0,1,4.839705
0.0,8,4.83993
0.0,4,4.840087
0.0,5,4.840254
0.0,6,4.840446
0.0,1,4.840523
0.0,1,4.8406
0.0,4,4.840749
0.0,5,4.840978
0.0,3,4.841113
0.0,2,4.841217
0.0,1,4.841293
0.0,2,4.841401
0.0,1,4.841478
0.0,6,4.841666
0.0,15,4.842061
0.0,4,4.842207
0.0,6,4.842393
0.0,6,4.842586
0.0,3,4.842709
0.0,22,4.843237
0.0,23,4.843771
0.0,13,4.844117
0.0,5,4.844284
0.0,2,4.844384
0.0,8,4.844615
0.0,3,4.84474
0.0,15,4.845115
0.0,3,4.845249
0.0,2,4.845351
0.0,6,4.84554
0.0,4,4.845689
0.0,15,4.846083
0.0,3,4.846211
0.0,10,4.846482
0.0,6,4.846666
0.0,3,4.846793
0.0,1,4.84687
0.0,13,4.847216
0.0,4,4.847362
0.0,1,4.847437
0.0,16,4.847826
0.0,6,4.848022
0.0,17,4.848432
0.0,2,4.848537
0.0,3,4.84866
0.0,1,4.848735
0.0,1,4.84881
0.0,22,4.849343
0.0,14,4.849702
0.0,11,4.849988
0.0,4,4.850145
1.0,8,4.850372
0.0,10,4.850645
0.0,32,4.851376
0.0,11,4.851662
0.0,11,4.851953
0.0,8,4.852201
0.0,24,4.852752
0.0,31,4.853461
0.0,10,4.853741
0.0,7,4.853952
0.0,3,4.854084
0.0,33,4.854825
0.0,4,4.854973
0.0,2,4.855086
0.0,4,4.855231
0.0,2,4.855331
0.0,18,4.855757
0.0,3,4.855878
0.0,9,4.856139
0.0,13,4.856467
0.0,3,4.856589
0.0,14,4.856943
0.0,14,4.857302
0.0,8,4.857531
0.0,10,4.85781
0.0,5,4.85798
0.0,5,4.858155
0.0,4,4.858304
0.0,1,4.858381
0.0,3,4.858503
0.0,6,4.858695
0.0,8,4.858927
0.0,4,4.859081
0.0,5,4.859245
0.0,6,4.859434
0.0,3,4.859561
0.0,47,4.860593
0.0,6,4.860789
0.0,4,4.86093
0.0,2,4.861042
0.0,6,4.861234
0.0,19,4.861683
0.0,8,4.861914
0.0,21,4.862427
0.0,6,4.862617
0.0,7,4.86282
0.0,9,4.863072
0.0,1,4.86315
0.0,1,4.863227
0.0,26,4.863827
0.0,34,4.864596
0.0,22,4.865119
0.0,6,4.865312
1.0,27,4.86593
1.0,11,4.866225
1.0,21,4.866729
0.0,5,4.866893
0.0,8,4.867136
0.0,8,4.867368
0.0,7,4.867579
1.0,19,4.868043
0.0,13,4.868377
0.0,19,4.86883
0.0,10,4.869107
0.0,18,4.869534
0.0,18,4.869971
0.0,4,4.87013
0.0,8,4.87036
0.0,7,4.870573
0.0,11,4.87086
0.0,6,4.871059
0.0,2,4.871166
0.0,4,4.87131
0.0,2,4.871414
0.0,3,4.871537
1.0,7,4.871742
0.0,18,4.872191
0.0,24,4.872763
0.0,3,4.87289
0.0,5,4.873065
0.0,3,4.873188
0.0,8,4.87342
0.0,2,4.87352
0.0,15,4.873896
0.0,1,4.873977
0.0,1,4.874064
0.0,6,4.87425
0.0,23,4.874783
0.0,15,4.875172
0.0,3,4.875294
0.0,19,4.875745
0.0,1,4.875822
0.0,19,4.87628
0.0,14,4.876644
0.0,2,4.876746
0.0,9,4.877008
0.0,6,4.877203
0.0,6,4.877394
0.0,5,4.87757
0.0,9,4.877816
0.0,7,4.878029
0.0,8,4.878261
0.0,4,4.878409
0.0,5,4.878581
0.0,11,4.878876
0.0,16,4.879286
0.0,8,4.879517
0.0,2,4.879622
1.0,11,4.879922
0.0,9,4.880187
0.0,17,4.880612
0.0,22,4.881141
0.0,17,4.881556
0.0,5,4.881721
0.0,7,4.881925
0.0,24,4.88249
0.0,2,4.882593
1.0,10,4.882878
0.0,6,4.883072
0.0,18,4.883508
0.0,9,4.883757
0.0,6,4.883952
0.0,4,4.884108
0.0,2,4.88421
0.0,8,4.884444
0.0,3,4.884564
0.0,1,4.884644
0.0,16,4.885049
0.0,9,4.885298
0.0,7,4.885508
0.0,10,4.885774
0.0,14,4.886132
0.0,13,4.886469
0.0,19,4.886926
0.0,3,4.887058
0.0,28,4.887695
0.0,18,4.888152
0.0,17,4.888581
0.0,5,4.888751
0.0,3,4.888877
0.0,12,4.889195
0.0,14,4.889552
0.0,6,4.889741
0.0,3,4.889862
1.0,9,4.890117
1.0,10,4.890388
1.0,11,4.890672
0.0,15,4.891043
0.0,7,4.891246
0.0,4,4.891387
0.0,8,4.89161
0.0,14,4.891953
0.0,3,4.892084
0.0,1,4.892166
0.0,2,4.892273
0.0,7,4.892488
0.0,7,4.892709
0.0,18,4.893158
0.0,1,4.893236
0.0,3,4.893359
0.0,4,4.893501
0.0,2,4.8936
0.0,6,4.89379
0.0,3,4.893912
0.0,1,4.893987
0.0,4,4.89414
1.0,13,4.894468
0.0,2,4.894572
0.0,17,4.894995
0.0,3,4.895128
0.0,5,4.895292
0.0,10,4.895566
0.0,7,4.895778
0.0,13,4.896116
0.0,23,4.896657
0.0,2,4.896758
1.0,13,4.897103
0.0,1,4.89718
0.0,4,4.897322
0.0,3,4.89745
0.0,30,4.898137
1.0,25,4.898723
0.0,36,4.89954
0.0,14,4.899894
0.0,26,4.900505
0.0,6,4.900692
0.0,15,4.901073
0.0,22,4.901595
0.0,1,4.901672
0.0,5,4.901837
0.0,11,4.902146
0.0,3,4.902275
0.0,1,4.902351
0.0,8,4.902578
0.0,14,4.902935
0.0,4,4.903085
0.0,22,4.903603
0.0,9,4.903852
0.0,1,4.903929
0.0,6,4.904129
0.0,14,4.904522
0.0,4,4.904669
0.0,20,4.905164
0.0,25,4.905751
0.0,2,4.905858
0.0,32,4.906595
0.0,15,4.906963
0.0,11,4.907261
0.0,10,4.907535
0.0,8,4.90777
0.0,20,4.908252
0.0,5,4.908417
0.0,3,4.908537
0.0,8,4.908767
0.0,10,4.909041
0.0,17,4.909446
0.0,3,4.909572
0.0,6,4.909766
0.0,1,4.909846
0.0,1,4.909927
0.0,3,4.910059
1.0,14,4.91042
0.0,2,4.910519
0.0,7,4.910723
0.0,6,4.910913
0.0,10,4.911188
0.0,15,4.911563
0.0,3,4.911686
0.0,2,4.911786
0.0,16,4.912194
0.0,3,4.912322
0.0,1,4.912398
0.0,2,4.9125
0.0,6,4.912694
0.0,2,4.912799
0.0,22,4.913335
0.0,4,4.91348
0.0,4,4.913626
0.0,14,4.913978
0.0,6,4.914171
0.0,5,4.91434
0.0,12,4.914648
1.0,7,4.91486
0.0,5,4.915039
0.0,10,4.915314
0.0,11,4.915607
0.0,8,4.915833
0.0,9,4.916095
0.0,5,4.916261
0.0,9,4.916515
0.0,3,4.916641
0.0,5,4.91681
0.0,13,4.917153
0.0,2,4.917258
0.0,12,4.917573
0.0,3,4.917696
0.0,28,4.918348
0.0,3,4.918471
0.0,10,4.918745
0.0,9,4.919
0.0,4,4.919158
0.0,1,4.91924
0.0,1,4.91932
0.0,37,4.920161
0.0,3,4.920286
0.0,4,4.92043
0.0,8,4.920654
0.0,13,4.92098
1.0,18,4.921426
0.0,4,4.921576
0.0,4,4.921718
0.0,1,4.921794
0.0,5,4.921958
0.0,9,4.92225
0.0,3,4.92239
0.0,1,4.922466
0.0,5,4.922635
0.0,12,4.922951
0.0,26,4.923568
0.0,2,4.923671
0.0,6,4.923856
0.0,7,4.924072
0.0,4,4.924216
0.0,11,4.92451
0.0,11,4.924806
0.0,13,4.925152
0.0,8,4.925387
0.0,3,4.925514
1.0,21,4.926017
0.0,4,4.926165
1.0,14,4.926521
0.0,2,4.926624
1.0,17,4.92704
0.0,18,4.927474
0.0,6,4.927659
0.0,6,4.92785
0.0,7,4.928067
0.0,6,4.928259
0.0,3,4.928381
0.0,7,4.928596
0.0,14,4.928948
0.0,7,4.929173
0.0,15,4.929544
0.0,5,4.929707
0.0,5,4.929875
0.0,8,4.930116
0.0,4,4.93026
0.0,12,4.930565
0.0,1,4.930645
0.0,7,4.930853
0.0,2,4.930953
0.0,1,4.93104
0.0,9,4.931302
0.0,5,4.93147
0.0,15,4.93185
1.0,21,4.932346
1.0,9,4.932599
0.0,26,4.933203
1.0,39,4.934078
0.0,10,4.934348
0.0,5,4.934516
0.0,8,4.934748
0.0,13,4.935085
1.0,15,4.935459
0.0,4,4.935601
0.0,51,4.936719
0.0,8,4.936948
0.0,43,4.937908
0.0,13,4.938247
0.0,12,4.938558
0.0,2,4.938665
0.0,5,4.938829
0.0,6,4.939022
0.0,6,4.939213
1.0,26,4.939823
0.0,15,4.940208
0.0,5,4.940373
0.0,4,4.940516
0.0,12,4.940828
0.0,6,4.941024
1.0,56,4.942226
0.0,5,4.94239
0.0,9,4.942644
0.0,4,4.942787
0.0,6,4.942978
0.0,9,4.94324
1.0,13,4.943571
0.0,9,4.943826
0.0,1,4.943903
0.0,22,4.944431
0.0,7,4.944649
0.0,5,4.944815
0.0,15,4.945261
0.0,13,4.945607
0.0,10,4.945882
0.0,8,4.946132
0.0,7,4.946342
0.0,8,4.946575
0.0,8,4.946801
0.0,15,4.947184
0.0,3,4.947308
0.0,2,4.947408
0.0,10,4.947684
0.0,3,4.947811
0.0,10,4.948089
0.0,3,4.948211
0.0,4,4.948357
1.0,21,4.948848
0.0,13,4.9492
0.0,1,4.949283
0.0,1,4.949365
0.0,15,4.949746
0.0,4,4.949889
0.0,12,4.95022
0.0,15,4.950594
0.0,5,4.950757
0.0,3,4.950885
0.0,24,4.951451
0.0,6,4.951637
0.0,11,4.951925
0.0,25,4.952516
0.0,13,4.952848
0.0,1,4.952925
0.0,11,4.95323
0.0,13,4.953564
0.0,5,4.953733
0.0,11,4.954028
0.0,32,4.954747
0.0,2,4.954847
0.0,5,4.955018
0.0,16,4.95541
0.0,10,4.955682
0.0,11,4.955969
0.0,6,4.956167
0.0,5,4.956337
0.0,19,4.956796
0.0,6,4.956981
0.0,3,4.957109
0.0,2,4.957216
0.0,2,4.95732
0.0,6,4.957512
0.0,15,4.957875
0.0,3,4.957995
0.0,12,4.958317
0.0,4,4.958465
0.0,9,4.958714
0.0,3,4.958835
0.0,8,4.959076
0.0,5,4.959241
0.0,8,4.959476
0.0,25,4.960066
0.0,5,4.960237
0.0,9,4.960484
0.0,14,4.960833
0.0,14,4.9612
0.0,6,4.961388
0.0,5,4.961551
0.0,9,4.961802
0.0,4,4.961945
0.0,2,4.962056
0.0,27,4.962669
0.0,24,4.963227
0.0,2,4.963332
0.0,2,4.963433
0.0,6,4.963617
0.0,3,4.963737
0.0,8,4.963971
0.0,4,4.964122
0.0,9,4.964368
0.0,30,4.965066
0.0,7,4.965278
0.0,16,4.965669
0.0,42,4.96661
0.0,8,4.966844
0.0,12,4.967175
0.0,1,4.967253
0.0,7,4.967458
0.0,17,4.967869
0.0,3,4.967997
0.0,12,4.968314
0.0,4,4.96846
0.0,3,4.968583
0.0,1,4.968659
0.0,2,4.968759
0.0,5,4.968927
0.0,2,4.969036
0.0,6,4.969234
0.0,8,4.96946
0.0,6,4.969647
0.0,7,4.969858
0.0,21,4.970371
0.0,3,4.9705
1.0,15,4.970869
1.0,22,4.971399
0.0,16,4.971792
0.0,10,4.972068
0.0,14,4.972424
1.0,13,4.972754
0.0,2,4.972853
0.0,5,4.973027
0.0,7,4.973234
1.0,24,4.973796
0.0,10,4.974081
0.0,12,4.974396
0.0,1,4.974473
0.0,5,4.974636
0.0,14,4.974991
0.0,1,4.975076
0.0,9,4.97534
0.0,2,4.975446
0.0,1,4.975523
0.0,7,4.975728
0.0,10,4.976009
0.0,2,4.976114
0.0,8,4.976346
1.0,15,4.976719
0.0,12,4.977032
0.0,31,4.977732
0.0,3,4.977861
0.0,12,4.978191
0.0,5,4.978363
1.0,44,4.979341
0.0,33,4.980088
0.0,18,4.980515
0.0,28,4.98117
0.0,21,4.981666
0.0,6,4.981858
0.0,9,4.982121
0.0,2,4.982224
0.0,27,4.982855
0.0,7,4.98308
0.0,26,4.983672
0.0,9,4.983926
0.0,7,4.984149
0.0,3,4.984277
0.0,1,4.984354
0.0,5,4.984525
0.0,4,4.984673
0.0,9,4.984927
0.0,8,4.985162
0.0,4,4.985306
0.0,3,4.985426
0.0,1,4.985506
0.0,8,4.985737
0.0,10,4.986019
0.0,8,4.986253
1.0,11,4.986544
0.0,12,4.986856
0.0,10,4.987136
0.0,6,4.987325
0.0,10,4.987602
0.0,10,4.987869
0.0,5,4.988043
0.0,10,4.988312
0.0,2,4.988411
0.0,9,4.988664
0.0,3,4.988786
0.0,5,4.988955
0.0,1,4.98904
0.0,21,4.98955
0.0,13,4.989882
0.0,3,4.99001
0.0,12,4.990333
0.0,11,4.990624
0.0,6,4.990811
0.0,24,4.991384
0.0,2,4.991487
0.0,11,4.99178
0.0,6,4.99197
0.0,2,4.992078
0.0,7,4.992284
0.0,2,4.992383
0.0,14,4.992738
0.0,5,4.992903
0.0,4,4.993054
0.0,18,4.993484
0.0,5,4.993647
0.0,19,4.994122
0.0,3,4.994245
0.0,15,4.994624
0.0,2,4.994729
0.0,8,4.994956
0.0,18,4.995398
0.0,8,4.995633
0.0,8,4.995859
0.0,11,4.996157
0.0,15,4.996532
0.0,4,4.996682
0.0,8,4.996915
0.0,33,4.997674
0.0,8,4.997905
0.0,3,4.998038
0.0,7,4.998249
0.0,20,4.998723
0.0,12,4.999044
0.0,9,4.999299
0.0,28,4.999934
0.0,6,5.000126
0.0,47,5.001163
0.0,19,5.001611
0.0,21,5.002116
1.0,18,5.002552
0.0,6,5.002733
0.0,5,5.002897
0.0,10,5.003173
0.0,10,5.003447
1.0,8,5.003672
0.0,4,5.003812
0.0,3,5.003939
0.0,10,5.004218
0.0,23,5.004763
0.0,9,5.005028
0.0,12,5.00537
0.0,3,5.005497
0.0,9,5.005741
0.0,5,5.005913
0.0,1,5.005989
0.0,4,5.006147
0.0,10,5.006419
0.0,14,5.006777
0.0,3,5.006903
0.0,6,5.007101
0.0,4,5.007245
0.0,14,5.007598
0.0,3,5.007718
0.0,1,5.007794
0.0,5,5.007961
0.0,5,5.008134
0.0,13,5.008471
1.0,12,5.008788
0.0,14,5.009152
0.0,15,5.009522
0.0,5,5.009689
0.0,3,5.00981
0.0,20,5.010298
0.0,3,5.010423
0.0,13,5.010761
0.0,4,5.01091
1.0,20,5.011407
0.0,34,5.012185
1.0,13,5.012511
0.0,16,5.012899
0.0,11,5.01321
0.0,13,5.01354
0.0,8,5.013762
0.0,8,5.013992
0.0,9,5.014248
0.0,1,5.014325
0.0,1,5.014406
0.0,22,5.014941
0.0,4,5.015093
0.0,16,5.015483
0.0,3,5.015604
0.0,4,5.015753
0.0,2,5.015857
0.0,9,5.016128
0.0,2,5.016234
0.0,7,5.016447
0.0,5,5.016615
0.0,9,5.016862
0.0,2,5.016967
0.0,1,5.017057
0.0,2,5.017164
1.0,16,5.017563
0.0,5,5.017725
0.0,1,5.0178
0.0,8,5.018042
0.0,3,5.018167
0.0,4,5.018308
0.0,2,5.018407
0.0,10,5.018672
0.0,2,5.018775
0.0,31,5.019493
0.0,13,5.019833
0.0,19,5.020305
0.0,4,5.020452
0.0,8,5.020689
0.0,1,5.020766
0.0,1,5.020842
0.0,1,5.020922
0.0,9,5.021183
0.0,16,5.021574
0.0,2,5.021678
0.0,9,5.021925
0.0,10,5.022214
0.0,9,5.022462
0.0,15,5.022835
0.0,4,5.022979
0.0,10,5.023252
0.0,4,5.023399
0.0,2,5.023503
0.0,27,5.024132
0.0,21,5.02463
0.0,21,5.02513
0.0,5,5.025295
0.0,3,5.025426
0.0,2,5.02553
0.0,7,5.025741
0.0,4,5.025884
0.0,4,5.026036
0.0,3,5.026173
0.0,1,5.02625
0.0,5,5.026422
0.0,1,5.026502
0.0,12,5.026809
0.0,29,5.02749
0.0,2,5.027592
0.0,7,5.027802
0.0,9,5.028064
0.0,2,5.02817
0.0,6,5.028353
0.0,8,5.028582
0.0,14,5.028936
0.0,3,5.02907
0.0,4,5.02922
0.0,1,5.029296
0.0,7,5.029503
1.0,21,5.029994
0.0,10,5.030286
0.0,4,5.030429
0.0,6,5.030612
0.0,3,5.030738
0.0,19,5.031206
0.0,1,5.031284
0.0,1,5.031361
0.0,7,5.031571
0.0,1,5.031647
0.0,2,5.031747
0.0,29,5.032419
0.0,20,5.032894
0.0,5,5.033069
0.0,9,5.033319
0.0,16,5.033712
0.0,6,5.033904
0.0,10,5.034179
0.0,7,5.03439
0.0,3,5.034517
0.0,14,5.03487
0.0,5,5.035043
0.0,11,5.035333
0.0,11,5.035624
0.0,7,5.035828
0.0,5,5.03599
0.0,8,5.036224
0.0,7,5.036433
0.0,3,5.036556
0.0,4,5.036696
0.0,12,5.037023
0.0,12,5.037338
0.0,5,5.03751
0.0,1,5.037591
0.0,11,5.037883
0.0,29,5.038553
0.0,4,5.038696
0.0,7,5.038905
0.0,10,5.039186
0.0,1,5.039267
1.0,30,5.03996
0.0,4,5.04011
0.0,1,5.040191
0.0,7,5.040398
0.0,2,5.040502
0.0,5,5.040667
0.0,43,5.041639
0.0,3,5.041762
0.0,2,5.041867
0.0,6,5.042067
0.0,14,5.042423
0.0,9,5.042674
0.0,2,5.042777
0.0,4,5.042923
0.0,8,5.043156
0.0,8,5.043385
0.0,29,5.044036
0.0,2,5.044136
0.0,4,5.044284
0.0,1,5.04436
0.0,5,5.044524
0.0,1,5.044599
0.0,1,5.044679
0.0,7,5.044894
0.0,10,5.04517
0.0,7,5.045374
0.0,2,5.045473
0.0,4,5.045686
0.0,3,5.045814
0.0,10,5.046096
0.0,4,5.046242
0.0,24,5.046801
0.0,22,5.047341
0.0,6,5.047532
0.0,1,5.047613
0.0,3,5.047742
0.0,22,5.048283
0.0,10,5.048557
0.0,11,5.048843
0.0,2,5.048942
0.0,11,5.049245
0.0,7,5.04945
0.0,6,5.04964
0.0,1,5.049716
0.0,5,5.049889
0.0,26,5.05049
0.0,5,5.05066
0.0,2,5.050765
0.0,3,5.050888
0.0,5,5.051068
0.0,1,5.05115
0.0,32,5.05188
0.0,3,5.052008
0.0,30,5.052688
0.0,12,5.052996
0.0,16,5.053388
0.0,6,5.053571
0.0,5,5.053738
0.0,4,5.053882
0.0,6,5.054081
0.0,12,5.054397
0.0,4,5.054538
0.0,1,5.054614
0.0,1,5.05469
0.0,19,5.055157
0.0,14,5.055512
0.0,15,5.055884
0.0,3,5.056013
0.0,10,5.056289
0.0,16,5.056683
1.0,21,5.057193
0.0,38,5.058052
0.0,12,5.058371
0.0,17,5.05878
0.0,11,5.059077
0.0,7,5.059288
0.0,10,5.059557
0.0,7,5.059772
0.0,10,5.060057
0.0,2,5.060159
0.0,6,5.060343
0.0,11,5.06063
0.0,3,5.060756
0.0,4,5.060899
1.0,11,5.061197
1.0,10,5.061475
0.0,4,5.061624
0.0,3,5.061746
0.0,4,5.061896
0.0,1,5.061973
0.0,4,5.062133
0.0,1,5.062211
0.0,4,5.062354
0.0,7,5.062567
1.0,12,5.062881
0.0,5,5.063065
1.0,10,5.063334
0.0,4,5.063478
0.0,9,5.063732
0.0,13,5.064081
0.0,3,5.064209
1.0,16,5.06461
0.0,1,5.064689
0.0,3,5.064812
0.0,11,5.065121
0.0,8,5.065359
0.0,11,5.065645
0.0,29,5.06632
0.0,1,5.066399
0.0,11,5.0667
0.0,4,5.066849
0.0,5,5.067029
0.0,5,5.067202
0.0,5,5.06737
0.0,2,5.06747
0.0,3,5.067591
0.0,8,5.06783
0.0,6,5.068024
0.0,4,5.068168
0.0,26,5.068765
0.0,2,5.06887
0.0,6,5.069072
0.0,17,5.069484
0.0,12,5.06979
0.0,11,5.070097
0.0,5,5.070264
0.0,6,5.070455
0.0,8,5.070694
0.0,1,5.07077
1.0,14,5.071138
0.0,11,5.071429
0.0,3,5.071555
0.0,9,5.07181
0.0,4,5.071953
0.0,3,5.072084
0.0,1,5.072162
0.0,12,5.072479
0.0,3,5.072601
0.0,20,5.073092
0.0,3,5.073215
0.0,1,5.073291
1.0,10,5.073565
0.0,6,5.07376
0.0,13,5.074104
0.0,6,5.074288
0.0,10,5.074561
0.0,6,5.074744
0.0,8,5.074973
0.0,6,5.075168
0.0,3,5.075291
0.0,12,5.075609
0.0,24,5.076189
0.0,4,5.076337
0.0,20,5.076815
0.0,17,5.077239
0.0,6,5.077423
0.0,1,5.077502
0.0,5,5.077668
0.0,3,5.07779
0.0,4,5.077939
0.0,8,5.078178
0.0,7,5.078384
0.0,9,5.078629
0.0,2,5.078728
0.0,2,5.078828
0.0,11,5.079131
0.0,11,5.079422
0.0,20,5.079908
0.0,14,5.080267
0.0,14,5.080627
0.0,7,5.080832
0.0,6,5.081037
0.0,9,5.081297
0.0,4,5.081439
0.0,13,5.081771
0.0,8,5.081998
0.0,9,5.082262
0.0,16,5.082667
0.0,5,5.082831
0.0,5,5.083
0.0,33,5.08376
0.0,5,5.083924
0.0,4,5.084084
0.0,7,5.084291
0.0,8,5.084521
0.0,12,5.084826
0.0,4,5.084969
0.0,21,5.085474
0.0,3,5.085597
0.0,19,5.086069
0.0,1,5.086147
0.0,17,5.08656
0.0,7,5.086766
0.0,17,5.087194
0.0,50,5.088298
1.0,24,5.088855
0.0,5,5.089042
0.0,9,5.089301
0.0,14,5.089663
0.0,4,5.089811
0.0,7,5.090036
0.0,3,5.090166
0.0,1,5.090246
0.0,6,5.090441
0.0,7,5.090652
0.0,5,5.09082
0.0,7,5.091034
0.0,11,5.091322
0.0,11,5.091615
0.0,16,5.091997
0.0,12,5.092308
1.0,39,5.093186
0.0,2,5.093288
0.0,3,5.093409
0.0,2,5.093513
0.0,8,5.093742
0.0,23,5.094285
0.0,9,5.094536
0.0,3,5.094657
0.0,2,5.094761
0.0,13,5.095116
0.0,7,5.095329
0.0,7,5.095542
0.0,3,5.095665
0.0,9,5.095912
0.0,2,5.09602
0.0,5,5.096195
0.0,3,5.096317
0.0,19,5.096784
0.0,2,5.096884
0.0,5,5.097064
0.0,12,5.097381
0.0,2,5.097486
0.0,7,5.097698
0.0,16,5.098104
0.0,6,5.098295
0.0,11,5.098592
0.0,3,5.098715
0.0,15,5.099106
0.0,2,5.099208
0.0,20,5.099691
0.0,15,5.10007
0.0,17,5.100488
0.0,6,5.100677
0.0,8,5.100904
0.0,10,5.101185
0.0,2,5.101286
0.0,11,5.101577
0.0,4,5.10172
0.0,5,5.101888
0.0,3,5.102016
0.0,8,5.102247
0.0,2,5.102352
0.0,8,5.102578
0.0,1,5.102659
0.0,5,5.10283
0.0,38,5.103696
0.0,2,5.103798
1.0,10,5.104083
0.0,3,5.104208
0.0,14,5.104554
0.0,4,5.104707
0.0,7,5.104917
1.0,44,5.105942
0.0,6,5.10614
0.0,15,5.106516
0.0,2,5.106616
0.0,4,5.106756
0.0,11,5.107055
0.0,4,5.107199
0.0,21,5.107692
0.0,10,5.107964
0.0,2,5.10808
0.0,3,5.108205
0.0,9,5.108457
1.0,21,5.108958
0.0,2,5.109068
0.0,7,5.109274
0.0,8,5.109499
0.0,10,5.10977
0.0,3,5.109895
0.0,11,5.110195
0.0,12,5.110505
0.0,3,5.110631
0.0,2,5.110732
0.0,6,5.110921
0.0,17,5.111345
0.0,5,5.111515
0.0,14,5.111868
0.0,5,5.112039
0.0,4,5.112188
0.0,12,5.1125
0.0,35,5.113334
0.0,4,5.113483
0.0,26,5.114092
0.0,10,5.114358
0.0,9,5.114602
0.0,5,5.114763
0.0,1,5.114839
0.0,5,5.11501
0.0,5,5.115175
0.0,4,5.115316
0.0,2,5.115416
0.0,6,5.115598
0.0,2,5.115701
0.0,6,5.115885
0.0,4,5.116034
0.0,22,5.116552
0.0,1,5.116629
0.0,15,5.117025
0.0,8,5.11726
0.0,2,5.117361
0.0,5,5.117525
0.0,4,5.117665
0.0,3,5.11779
0.0,5,5.117958
0.0,4,5.118116
0.0,31,5.118811
0.0,7,5.119029
1.0,8,5.119265
0.0,2,5.119365
0.0,5,5.119533
0.0,4,5.119676
0.0,23,5.120231
0.0,4,5.120375
0.0,2,5.120474
0.0,4,5.120615
0.0,3,5.120734
0.0,2,5.120834
0.0,1,5.120909
0.0,2,5.121016
0.0,3,5.12114
0.0,7,5.121349
0.0,10,5.121631
0.0,9,5.121888
0.0,2,5.121989
0.0,2,5.122097
0.0,3,5.122218
0.0,16,5.122614
0.0,5,5.122776
0.0,2,5.122875
0.0,13,5.123216
0.0,14,5.123573
0.0,1,5.123648
0.0,4,5.123791
0.0,5,5.123959
0.0,5,5.124136
0.0,5,5.124302
0.0,7,5.124505
0.0,3,5.124624
0.0,3,5.124743
0.0,6,5.124927
0.0,10,5.125206
0.0,3,5.125333
0.0,4,5.125476
0.0,24,5.126053
0.0,6,5.126246
0.0,9,5.126498
0.0,3,5.126624
0.0,4,5.126765
0.0,23,5.1273
0.0,12,5.127602
0.0,6,5.127785
0.0,3,5.127906
0.0,5,5.128079
0.0,7,5.128296
0.0,14,5.128654
0.0,4,5.128796
0.0,4,5.128937
0.0,3,5.129071
0.0,14,5.12942
0.0,2,5.129519
0.0,4,5.129664
0.0,2,5.129768
0.0,7,5.129972
0.0,3,5.1301
0.0,38,5.13094
0.0,4,5.131091
0.0,4,5.131234
0.0,5,5.131395
0.0,6,5.131578
0.0,5,5.13174
0.0,4,5.13188
0.0,5,5.13206
0.0,1,5.132137
0.0,6,5.132325
0.0,3,5.132453
0.0,3,5.132583
0.0,2,5.132684
0.0,3,5.132805
0.0,12,5.133129
0.0,2,5.133235
0.0,3,5.133362
0.0,3,5.133484
0.0,4,5.133634
1.0,38,5.13451
0.0,4,5.134655
0.0,14,5.135016
0.0,8,5.135254
0.0,29,5.135916
0.0,3,5.136046
0.0,7,5.136256
0.0,9,5.136509
1.0,7,5.136723
0.0,14,5.137084
0.0,6,5.13728
0.0,5,5.137449
0.0,10,5.137721
0.0,4,5.137863
0.0,3,5.13799
0.0,5,5.138167
0.0,9,5.138418
0.0,8,5.138651
0.0,5,5.138814
0.0,5,5.138977
0.0,1,5.139061
0.0,2,5.139163
0.0,3,5.139284
0.0,12,5.139602
0.0,1,5.139684
0.0,7,5.139894
0.0,5,5.140075
0.0,8,5.14031
0.0,16,5.140706
0.0,6,5.14089
0.0,7,5.141105
0.0,15,5.141483
0.0,8,5.141716
0.0,3,5.141843
0.0,7,5.142073
0.0,7,5.142287
0.0,4,5.14243
0.0,12,5.142742
0.0,4,5.142891
0.0,5,5.143066
0.0,7,5.143279
0.0,3,5.143407
0.0,6,5.143592
0.0,3,5.143714
0.0,5,5.143883
0.0,22,5.144423
0.0,3,5.144549
0.0,6,5.14474
0.0,16,5.145143
0.0,2,5.145247
0.0,10,5.145517
0.0,11,5.14588
0.0,12,5.146204
0.0,13,5.146542
1.0,14,5.1469
0.0,39,5.147787
0.0,7,5.148012
0.0,13,5.148357
0.0,3,5.148481
0.0,17,5.148899
0.0,4,5.149052
0.0,8,5.149281
0.0,4,5.149423
1.0,7,5.149629
0.0,17,5.15006
0.0,13,5.150396
0.0,26,5.151011
0.0,4,5.151156
0.0,12,5.151468
0.0,13,5.151799
0.0,5,5.151961
0.0,10,5.152231
0.0,3,5.152364
0.0,7,5.152577
0.0,6,5.152766
0.0,8,5.152995
0.0,4,5.153148
0.0,1,5.153224
0.0,11,5.153525
0.0,9,5.153779
0.0,8,5.154016
0.0,7,5.154233
0.0,13,5.154559
0.0,18,5.154999
0.0,4,5.155155
0.0,10,5.155426
0.0,15,5.155797
0.0,11,5.156102
0.0,1,5.156185
0.0,9,5.156435
0.0,8,5.156665
0.0,8,5.156893
0.0,11,5.157197
0.0,1,5.157276
0.0,4,5.157426
0.0,41,5.158344
0.0,14,5.158705
0.0,3,5.158831
0.0,7,5.159053
0.0,5,5.15922
0.0,9,5.159475
0.0,25,5.160073
0.0,11,5.160372
0.0,3,5.160494
0.0,6,5.160691
0.0,2,5.160791
0.0,1,5.160871
0.0,20,5.161352
1.0,10,5.161619
0.0,9,5.161862
0.0,8,5.162103
0.0,5,5.162274
0.0,8,5.162508
0.0,1,5.162584
0.0,6,5.162769
0.0,5,5.162941
0.0,9,5.163203
0.0,3,5.163327
0.0,3,5.163448
0.0,16,5.163836
0.0,11,5.164136
0.0,7,5.164341
0.0,7,5.164543
0.0,9,5.164787
0.0,2,5.164891
0.0,3,5.165022
0.0,6,5.165208
0.0,15,5.165573
0.0,4,5.165714
0.0,6,5.166428
0.0,3,5.166566
0.0,3,5.166693
0.0,1,5.166771
0.0,6,5.166959
0.0,1,5.167045
0.0,4,5.167191
0.0,20,5.167683
0.0,7,5.16789
0.0,9,5.168163
0.0,3,5.16829
0.0,11,5.168583
0.0,12,5.168898
0.0,5,5.169076
0.0,19,5.169548
0.0,2,5.169655
0.0,6,5.169842
0.0,11,5.170156
0.0,5,5.170328
0.0,5,5.170492
0.0,1,5.170568
0.0,4,5.170721
0.0,4,5.170873
0.0,5,5.171055
0.0,2,5.171162
0.0,3,5.171285
0.0,7,5.171491
0.0,5,5.17166
0.0,2,5.17176
0.0,6,5.17195
0.0,5,5.172124
0.0,5,5.17229
0.0,3,5.172412
0.0,7,5.172618
0.0,8,5.172844
0.0,4,5.172996
0.0,11,5.173307
1.0,12,5.173623
0.0,8,5.173849
0.0,3,5.17397
0.0,6,5.174172
0.0,1,5.174251
1.0,9,5.1745
0.0,8,5.174738
0.0,4,5.174883
0.0,10,5.175165
0.0,1,5.175247
0.0,18,5.17569
0.0,2,5.175796
0.0,3,5.175919
0.0,24,5.176491
0.0,4,5.176635
0.0,11,5.176921
0.0,2,5.177037
0.0,3,5.177162
0.0,2,5.177262
0.0,4,5.177412
0.0,4,5.177562
0.0,13,5.177889
0.0,12,5.178217
0.0,9,5.178477
0.0,3,5.178604
0.0,20,5.17909
0.0,8,5.179324
0.0,3,5.179451
0.0,2,5.179552
0.0,24,5.180128
0.0,14,5.180485
1.0,9,5.180738
0.0,13,5.181086
0.0,4,5.181242
0.0,4,5.181392
0.0,16,5.181796
0.0,1,5.181875
0.0,8,5.182114
0.0,9,5.182373
0.0,6,5.182559
0.0,4,5.182701
0.0,9,5.182958
0.0,27,5.183593
0.0,7,5.183798
0.0,1,5.183874
1.0,6,5.184071
0.0,3,5.184198
0.0,11,5.184483
0.0,4,5.184624
0.0,2,5.184723
0.0,8,5.184948
1.0,22,5.185473
0.0,10,5.185743
0.0,7,5.185955
0.0,5,5.186134
0.0,5,5.186301
0.0,5,5.186464
1.0,22,5.186981
0.0,10,5.187262
1.0,37,5.188096
0.0,3,5.188219
0.0,2,5.188323
0.0,13,5.188661
0.0,28,5.189316
0.0,9,5.189571
0.0,7,5.18978
0.0,1,5.189861
1.0,11,5.190171
0.0,7,5.190387
0.0,1,5.190464
0.0,9,5.190722
0.0,5,5.190893
0.0,20,5.191381
0.0,20,5.19185
0.0,1,5.19193
0.0,57,5.193184
0.0,24,5.193751
0.0,9,5.193994
0.0,14,5.194363
0.0,9,5.194612
0.0,5,5.194776
0.0,3,5.194904
0.0,16,5.195325
0.0,5,5.195498
0.0,3,5.195621
0.0,6,5.195812
0.0,3,5.195935
0.0,1,5.196023
0.0,3,5.196149
0.0,19,5.196617
0.0,10,5.196892
0.0,7,5.197112
0.0,5,5.197276
0.0,1,5.197356
0.0,12,5.197672
0.0,3,5.197799
0.0,16,5.198208
0.0,6,5.198395
0.0,1,5.198472
0.0,9,5.198729
0.0,8,5.19896
0.0,12,5.19928
0.0,3,5.199403
1.0,6,5.199587
0.0,18,5.200032
0.0,15,5.200409
0.0,11,5.200702
0.0,16,5.201117
0.0,6,5.201303
0.0,31,5.201998
0.0,7,5.202212
0.0,22,5.20273
0.0,5,5.202896
0.0,7,5.203122
0.0,8,5.203352
0.0,9,5.203605
0.0,5,5.203771
0.0,11,5.204076
0.0,7,5.204284
0.0,6,5.204479
0.0,11,5.204778
1.0,10,5.205055
0.0,16,5.205453
0.0,1,5.20553
0.0,5,5.2057
0.0,8,5.205933
0.0,1,5.206018
0.0,8,5.206255
0.0,1,5.206332
0.0,1,5.206413
0.0,25,5.206999
0.0,5,5.207182
0.0,23,5.207721
0.0,5,5.207886
0.0,14,5.208255
0.0,3,5.208381
0.0,1,5.208461
0.0,11,5.208755
0.0,5,5.208919
0.0,1,5.208996
0.0,9,5.209258
0.0,10,5.209548
0.0,7,5.209753
0.0,11,5.210057
0.0,13,5.210386
0.0,23,5.210923
0.0,6,5.211121
0.0,5,5.211288
0.0,9,5.211544
0.0,12,5.211851
0.0,4,5.211994
0.0,8,5.212228
0.0,4,5.212381
0.0,2,5.212482
0.0,3,5.212604
0.0,3,5.212726
0.0,2,5.212831
0.0,8,5.213068
0.0,6,5.213255
0.0,13,5.213588
0.0,5,5.213752
0.0,6,5.213936
0.0,10,5.21421
0.0,7,5.214427
0.0,3,5.214551
0.0,6,5.214738
0.0,7,5.214944
0.0,7,5.215156
0.0,9,5.215409
0.0,4,5.215555
0.0,2,5.215656
0.0,1,5.215731
0.0,8,5.215956
0.0,3,5.216087
0.0,6,5.216278
0.0,3,5.216404
0.0,7,5.216609
0.0,14,5.216956
0.0,1,5.217043
0.0,11,5.217342
0.0,8,5.217575
0.0,1,5.217653
0.0,5,5.217822
0.0,15,5.218212
0.0,4,5.218361
0.0,7,5.21857
0.0,14,5.218925
0.0,9,5.219182
0.0,20,5.219665
0.0,18,5.220117
0.0,10,5.220389
0.0,7,5.220598
0.0,7,5.220814
0.0,5,5.220983
0.0,9,5.221252
0.0,3,5.221378
1.0,13,5.221714
0.0,1,5.221791
1.0,9,5.222056
0.0,1,5.222134
0.0,21,5.222628
0.0,7,5.222841
0.0,4,5.222986
0.0,30,5.223669
0.0,20,5.22416
0.0,3,5.224285
0.0,16,5.224679
0.0,13,5.225012
0.0,1,5.225096
0.0,12,5.225413
0.0,17,5.225825
0.0,5,5.22599
0.0,14,5.226344
0.0,20,5.22681
0.0,3,5.226936
0.0,12,5.227266
0.0,9,5.227513
0.0,4,5.227655
0.0,2,5.227755
0.0,5,5.227925
0.0,5,5.228101
0.0,5,5.228266
0.0,20,5.228746
0.0,3,5.228868
0.0,5,5.229041
0.0,8,5.229275
0.0,4,5.229419
0.0,18,5.229857
0.0,14,5.230217
0.0,9,5.230468
0.0,2,5.230575
0.0,1,5.230652
0.0,7,5.230858
0.0,3,5.230982
0.0,3,5.231113
0.0,17,5.231526
0.0,4,5.231674
0.0,9,5.231933
0.0,1,5.232018
0.0,17,5.232434
0.0,1,5.232515
0.0,24,5.233086
0.0,5,5.233257
0.0,5,5.23343
1.0,26,5.234049
0.0,11,5.234347
0.0,11,5.234646
0.0,15,5.23504
0.0,6,5.235227
0.0,2,5.235333
1.0,8,5.235561
1.0,11,5.235851
0.0,9,5.236106
0.0,12,5.236423
0.0,20,5.236904
0.0,3,5.237038
0.0,6,5.237223
0.0,16,5.237618
0.0,21,5.238126
0.0,9,5.238378
0.0,28,5.239031
0.0,3,5.239161
1.0,13,5.239489
1.0,15,5.23986
0.0,7,5.240078
0.0,6,5.240275
0.0,6,5.240462
0.0,24,5.24104
0.0,8,5.241275
0.0,2,5.241376
0.0,3,5.241499
0.0,3,5.241621
0.0,1,5.241701
0.0,11,5.241993
0.0,6,5.242188
0.0,5,5.242353
0.0,4,5.242496
0.0,2,5.242597
0.0,5,5.242768
0.0,8,5.242994
0.0,7,5.243211
0.0,11,5.2435
0.0,6,5.243684
0.0,8,5.243913
0.0,5,5.244086
0.0,3,5.244215
0.0,7,5.244423
1.0,14,5.244769
0.0,5,5.244937
0.0,10,5.245224
0.0,2,5.245331
0.0,11,5.24563
1.0,15,5.246001
0.0,2,5.246116
0.0,10,5.246395
0.0,6,5.246578
0.0,10,5.24685
0.0,3,5.246972
0.0,4,5.247131
0.0,8,5.24736
0.0,6,5.247545
0.0,9,5.247791
0.0,13,5.248143
0.0,6,5.248335
0.0,10,5.248602
0.0,26,5.249213
1.0,14,5.249568
0.0,1,5.249644
0.0,2,5.249751
0.0,2,5.249853
0.0,1,5.249928
0.0,16,5.250333
0.0,8,5.250564
0.0,15,5.250932
0.0,9,5.251191
0.0,13,5.251518
0.0,8,5.251742
0.0,3,5.251868
0.0,24,5.252439
0.0,6,5.252626
0.0,2,5.252731
0.0,4,5.252876
0.0,26,5.253493
0.0,11,5.253792
1.0,45,5.254792
0.0,3,5.254916
0.0,3,5.255053
0.0,10,5.255332
0.0,5,5.255501
0.0,7,5.255715
0.0,6,5.255908
0.0,21,5.25642
0.0,4,5.256564
0.0,2,5.256665
0.0,8,5.25689
1.0,19,5.257357
0.0,6,5.257542
0.0,7,5.257753
0.0,7,5.257963
0.0,8,5.258198
0.0,14,5.258559
0.0,9,5.258805
0.0,11,5.259107
0.0,5,5.259276
0.0,7,5.259482
0.0,2,5.259583
0.0,37,5.260424
0.0,6,5.260617
0.0,2,5.260722
0.0,1,5.260799
0.0,17,5.261245
0.0,1,5.261325
0.0,1,5.261402
0.0,9,5.261658
0.0,14,5.262012
0.0,14,5.26237
0.0,1,5.262446
0.0,1,5.262524
0.0,6,5.262712
0.0,1,5.262793
0.0,20,5.263282
0.0,8,5.263517
0.0,23,5.264063
0.0,5,5.264233
0.0,2,5.264339
0.0,3,5.264466
0.0,16,5.264861
0.0,26,5.265486
0.0,2,5.265592
0.0,13,5.265928
0.0,7,5.266141
0.0,11,5.266435
0.0,3,5.266618
0.0,9,5.266871
0.0,13,5.267213
0.0,21,5.267722
0.0,2,5.267828
0.0,1,5.267904
0.0,8,5.268154
1.0,40,5.269077
0.0,9,5.269323
0.0,5,5.269487
0.0,18,5.269922
0.0,4,5.270081
1.0,8,5.270317
0.0,5,5.270486
0.0,10,5.270772
0.0,6,5.270959
0.0,23,5.27151
1.0,10,5.271779
0.0,66,5.273221
0.0,1,5.273304
0.0,18,5.273759
1.0,24,5.274345
0.0,4,5.27449
0.0,13,5.274827
0.0,5,5.274996
0.0,15,5.275375
0.0,14,5.275737
0.0,5,5.275901
0.0,4,5.276052
0.0,5,5.276219
0.0,12,5.276534
0.0,6,5.27672
0.0,7,5.276932
0.0,3,5.277066
0.0,1,5.277146
0.0,15,5.277531
0.0,5,5.277694
0.0,3,5.277815
0.0,13,5.27816
0.0,4,5.27831
0.0,1,5.278388
0.0,5,5.278556
0.0,2,5.278661
0.0,11,5.278952
0.0,10,5.279228
0.0,14,5.279584
0.0,1,5.279665
0.0,6,5.279851
0.0,22,5.280385
0.0,7,5.280599
0.0,6,5.280796
0.0,4,5.280946
0.0,18,5.281381
0.0,17,5.28179
0.0,11,5.282096
0.0,17,5.282506
0.0,4,5.282647
0.0,1,5.282723
0.0,7,5.282934
0.0,26,5.283546
0.0,6,5.283729
0.0,5,5.283897
0.0,3,5.284029
0.0,3,5.284158
0.0,4,5.2843
0.0,9,5.284554
0.0,13,5.284889
0.0,6,5.285086
0.0,6,5.28527
0.0,3,5.285398
0.0,3,5.285525
0.0,3,5.28565
0.0,1,5.28573
0.0,5,5.285905
0.0,1,5.285982
0.0,13,5.286323
0.0,4,5.286468
0.0,10,5.286749
0.0,9,5.287011
0.0,5,5.287177
0.0,13,5.287506
0.0,42,5.288457
0.0,5,5.28863
0.0,3,5.288757
0.0,1,5.288833
0.0,7,5.289055
0.0,1,5.289137
0.0,22,5.289676
0.0,7,5.289881
0.0,13,5.290222
0.0,6,5.290406
0.0,4,5.290547
0.0,5,5.290715
0.0,4,5.290862
0.0,9,5.291118
1.0,12,5.291438
0.0,3,5.291566
0.0,2,5.291671
0.0,7,5.291877
0.0,8,5.29211
1.0,11,5.292403
1.0,20,5.292886
0.0,8,5.293125
0.0,2,5.293227
0.0,11,5.293527
0.0,7,5.293733
0.0,21,5.294241
0.0,5,5.294414
0.0,2,5.294514
0.0,5,5.294677
0.0,9,5.294921
0.0,6,5.295115
0.0,13,5.295447
0.0,19,5.295898
0.0,22,5.296435
0.0,2,5.296542
0.0,7,5.296748
0.0,11,5.297053
0.0,1,5.297131
0.0,7,5.297338
0.0,7,5.297544
0.0,2,5.297649
0.0,3,5.297775
0.0,17,5.298215
0.0,9,5.298472
0.0,5,5.298636
0.0,44,5.299619
0.0,34,5.300389
0.0,9,5.300644
0.0,12,5.300956
0.0,5,5.301127
0.0,18,5.301568
0.0,12,5.301876
0.0,26,5.302488
0.0,1,5.302571
0.0,1,5.302649
0.0,9,5.302905
0.0,4,5.303063
0.0,10,5.303341
0.0,68,5.304806
0.0,21,5.30536
0.0,9,5.305615
0.0,2,5.305717
0.0,8,5.305947
0.0,26,5.306573
0.0,23,5.307132
0.0,12,5.307454
0.0,6,5.307646
0.0,22,5.308178
0.0,9,5.308427
0.0,26,5.309046
0.0,2,5.309149
0.0,6,5.30934
0.0,5,5.309503
0.0,7,5.309713
0.0,12,5.310041
0.0,5,5.310214
0.0,1,5.31029
0.0,5,5.31046
0.0,6,5.310655
0.0,25,5.311253
0.0,8,5.311481
0.0,25,5.312082
0.0,1,5.312162
0.0,19,5.312616
0.0,22,5.313138
0.0,18,5.313579
0.0,3,5.313707
0.0,6,5.313893
0.0,1,5.313974
0.0,53,5.31516
0.0,27,5.315789
0.0,9,5.316042
0.0,6,5.316235
0.0,3,5.316362
0.0,3,5.316485
0.0,4,5.316629
0.0,17,5.317059
0.0,7,5.31728
0.0,1,5.317358
0.0,41,5.318298
0.0,11,5.318597
0.0,3,5.31872
0.0,1,5.318796
0.0,11,5.319103
0.0,10,5.319382
0.0,28,5.320031
0.0,2,5.320139
0.0,13,5.320477
0.0,12,5.320792
0.0,5,5.320958
0.0,9,5.321213
0.0,30,5.321903
0.0,12,5.322221
0.0,1,5.322298
0.0,2,5.322399
0.0,3,5.322522
0.0,8,5.322747
0.0,7,5.322953
0.0,12,5.323277
0.0,6,5.32347
0.0,7,5.323682
0.0,6,5.323873
0.0,4,5.324032
0.0,4,5.324178
1.0,33,5.324922
0.0,21,5.325422
0.0,9,5.325675
0.0,5,5.325839
0.0,1,5.325915
0.0,4,5.326069
0.0,3,5.326197
0.0,12,5.326508
0.0,3,5.326631
0.0,9,5.326877
0.0,9,5.327134
0.0,12,5.327453
0.0,6,5.327645
0.0,24,5.32822
0.0,3,5.328344
0.0,3,5.328465
0.0,10,5.328744
0.0,12,5.329063
0.0,6,5.329256
0.0,9,5.329511
0.0,6,5.329709
0.0,7,5.329917
0.0,3,5.33005
0.0,19,5.330508
0.0,5,5.330672
0.0,1,5.330749
0.0,15,5.331137
0.0,3,5.331261
0.0,3,5.331384
0.0,16,5.33179
0.0,11,5.33209
0.0,13,5.33243
0.0,10,5.332703
0.0,20,5.333203
0.0,3,5.333327
0.0,16,5.333729
0.0,10,5.333997
0.0,5,5.334177
0.0,14,5.334534
0.0,12,5.334858
0.0,1,5.334935
0.0,3,5.335072
0.0,10,5.335349
0.0,12,5.335672
0.0,10,5.335944
0.0,3,5.336075
0.0,11,5.336373
0.0,2,5.336474
0.0,19,5.336931
0.0,5,5.337111
0.0,3,5.337241
0.0,7,5.337447
0.0,6,5.337641
0.0,2,5.337746
0.0,12,5.338074
0.0,12,5.338392
1.0,18,5.338828
0.0,4,5.33897
0.0,13,5.339318
0.0,3,5.339442
0.0,17,5.339852
0.0,51,5.340973
0.0,3,5.341105
0.0,10,5.341381
0.0,5,5.341544
0.0,1,5.34162
0.0,5,5.341788
0.0,1,5.341865
0.0,1,5.341956
0.0,6,5.342154
0.0,3,5.342283
0.0,19,5.342744
0.0,7,5.342961
0.0,4,5.343112
0.0,12,5.343429
0.0,1,5.343507
0.0,2,5.343612
0.0,5,5.343777
0.0,13,5.344122
0.0,6,5.344307
0.0,2,5.344408
0.0,11,5.344701
0.0,4,5.344844
0.0,9,5.345102
0.0,6,5.34529
0.0,16,5.345691
0.0,2,5.345793
0.0,5,5.345963
0.0,11,5.346275
0.0,5,5.346441
0.0,12,5.346758
1.0,9,5.347012
0.0,4,5.347157
0.0,3,5.347281
0.0,19,5.347744
0.0,6,5.34793
0.0,17,5.348354
0.0,4,5.348499
0.0,9,5.348753
0.0,1,5.34883
0.0,18,5.349275
0.0,8,5.349503
0.0,13,5.349831
0.0,10,5.350112
0.0,13,5.350456
1.0,25,5.35106
0.0,10,5.351329
0.0,12,5.351636
0.0,2,5.35174
0.0,6,5.351929
0.0,44,5.35291
0.0,2,5.353021
0.0,5,5.353194
0.0,4,5.353339
0.0,13,5.353681
0.0,4,5.353825
0.0,1,5.353901
0.0,4,5.354055
0.0,4,5.3542
0.0,14,5.354556
0.0,9,5.354802
0.0,3,5.354923
0.0,3,5.355053
0.0,7,5.355262
0.0,1,5.355338
0.0,1,5.355415
0.0,14,5.355771
0.0,57,5.357027
0.0,8,5.357263
0.0,9,5.357515
0.0,19,5.357968
0.0,3,5.358104
1.0,10,5.358375
0.0,4,5.358521
0.0,12,5.358838
0.0,8,5.359074
0.0,2,5.359175
0.0,6,5.359361
0.0,10,5.359628
0.0,4,5.359773
0.0,3,5.359897
0.0,8,5.360134
0.0,6,5.360333
0.0,4,5.360476
0.0,3,5.360597
0.0,3,5.360722
0.0,17,5.361153
0.0,4,5.361298
0.0,6,5.361487
0.0,3,5.361614
0.0,9,5.361867
0.0,4,5.362022
0.0,14,5.36238
0.0,13,5.362721
0.0,7,5.362933
1.0,12,5.363253
0.0,1,5.363335
0.0,1,5.363413
1.0,6,5.363609
0.0,10,5.363884
0.0,21,5.364398
0.0,10,5.364679
1.0,24,5.365255
1.0,25,5.365852
0.0,1,5.365932
0.0,7,5.36616
0.0,1,5.36624
0.0,8,5.366468
0.0,10,5.366813
0.0,4,5.366966
0.0,16,5.367366
0.0,6,5.367553
0.0,10,5.367826
0.0,14,5.368191
0.0,13,5.368532
0.0,9,5.368779
0.0,9,5.36904
0.0,1,5.369118
0.0,7,5.369324
0.0,4,5.369467
0.0,2,5.369566
0.0,3,5.369687
0.0,1,5.369763
0.0,7,5.369975
0.0,9,5.37024
0.0,8,5.370466
0.0,17,5.370883
0.0,3,5.371017
0.0,3,5.371142
1.0,14,5.371487
0.0,2,5.371585
0.0,1,5.37166
0.0,1,5.371736
0.0,1,5.371815
0.0,8,5.372051
0.0,4,5.372194
0.0,3,5.372315
1.0,29,5.372976
1.0,20,5.373465
0.0,7,5.373674
0.0,15,5.374053
0.0,3,5.374175
0.0,16,5.374576
0.0,22,5.375111
0.0,1,5.375193
0.0,18,5.375631
1.0,17,5.376057
0.0,1,5.376138
0.0,8,5.376368
0.0,15,5.37674
0.0,7,5.376945
0.0,8,5.377186
0.0,9,5.37745
0.0,8,5.377681
0.0,5,5.37785
0.0,44,5.378841
0.0,4,5.378988
0.0,17,5.379421
0.0,16,5.37982
1.0,12,5.380143
0.0,12,5.380468
0.0,3,5.380589
0.0,4,5.380738
0.0,7,5.380942
0.0,1,5.381027
0.0,10,5.381302
0.0,7,5.381506
0.0,4,5.381649
0.0,9,5.381903
0.0,37,5.38274
0.0,27,5.38347
0.0,7,5.383683
1.0,17,5.384151
1.0,30,5.384887
0.0,3,5.38502
0.0,3,5.385145
0.0,4,5.385288
0.0,37,5.386119
0.0,6,5.386305
0.0,8,5.386541
0.0,2,5.386646
0.0,9,5.386895
0.0,3,5.387029
0.0,4,5.387173
0.0,17,5.387594
0.0,1,5.387671
0.0,3,5.387792
0.0,6,5.387983
0.0,10,5.388259
0.0,8,5.388487
0.0,3,5.388608
0.0,30,5.389304
1.0,13,5.38964
0.0,11,5.389925
1.0,11,5.390227
0.0,3,5.390353
0.0,1,5.390431
0.0,9,5.390683
0.0,5,5.390853
1.0,31,5.391567
0.0,18,5.392016
0.0,9,5.392269
0.0,1,5.392346
0.0,5,5.392509
0.0,25,5.393102
0.0,12,5.393415
0.0,8,5.393639
0.0,14,5.393991
0.0,9,5.394246
0.0,4,5.394387
0.0,3,5.394511
0.0,8,5.394739
0.0,5,5.39491
1.0,23,5.395458
0.0,7,5.395663
0.0,1,5.395739
0.0,5,5.395908
0.0,3,5.396047
0.0,1,5.396124
0.0,3,5.396246
0.0,1,5.396321
0.0,13,5.396659
0.0,13,5.396995
0.0,8,5.397237
0.0,3,5.397359
0.0,1,5.397434
0.0,8,5.397666
1.0,20,5.398152
0.0,8,5.398377
0.0,4,5.398522
0.0,5,5.398685
0.0,13,5.399023
1.0,13,5.399364
0.0,9,5.399608
0.0,12,5.399919
0.0,6,5.400112
0.0,3,5.400235
0.0,4,5.400382
0.0,6,5.400573
1.0,34,5.401364
0.0,2,5.401466
0.0,6,5.401654
0.0,10,5.401926
0.0,3,5.402063
1.0,10,5.402336
0.0,14,5.402693
0.0,19,5.403171
0.0,4,5.403316
0.0,10,5.403588
0.0,7,5.403799
0.0,4,5.403939
0.0,1,5.404027
1.0,8,5.404258
1.0,12,5.404572
0.0,4,5.404714
0.0,3,5.40484
0.0,7,5.405081
0.0,7,5.405319
0.0,12,5.40564
0.0,3,5.405763
0.0,1,5.405852
0.0,5,5.406036
0.0,3,5.40616
0.0,5,5.406324
0.0,3,5.406451
1.0,9,5.40671
0.0,13,5.407058
1.0,10,5.407327
0.0,1,5.407402
0.0,3,5.407534
0.0,3,5.407657
0.0,4,5.407799
0.0,5,5.407968
0.0,1,5.408057
0.0,1,5.408139
0.0,4,5.408285
0.0,5,5.408448
0.0,12,5.40877
0.0,5,5.408943
0.0,5,5.409125
0.0,2,5.409232
0.0,29,5.409903
0.0,9,5.410172
0.0,5,5.41034
0.0,5,5.410509
0.0,7,5.410723
0.0,3,5.410846
0.0,10,5.411125
0.0,12,5.411435
0.0,2,5.411534
0.0,6,5.411723
0.0,5,5.411893
0.0,4,5.412046
0.0,4,5.41219
0.0,13,5.412522
0.0,5,5.412685
0.0,16,5.413097
0.0,6,5.413284
0.0,9,5.413531
1.0,32,5.414266
0.0,8,5.414494
1.0,9,5.414754
0.0,11,5.415061
0.0,16,5.415461
0.0,8,5.415688
0.0,1,5.415764
0.0,6,5.415957
1.0,11,5.416258
0.0,6,5.41645
0.0,7,5.416662
1.0,32,5.417402
0.0,15,5.417772
0.0,5,5.417941
0.0,10,5.418221
0.0,19,5.418678
0.0,16,5.419085
0.0,9,5.419342
0.0,6,5.419528
0.0,5,5.419699
0.0,5,5.419864
0.0,2,5.419968
0.0,11,5.420275
0.0,3,5.4204
0.0,6,5.420583
0.0,8,5.420814
0.0,4,5.420956
1.0,10,5.42124
0.0,3,5.421363
0.0,9,5.421618
0.0,3,5.42174
1.0,8,5.421972
1.0,7,5.422194
0.0,7,5.422399
0.0,6,5.422593
0.0,4,5.422739
0.0,19,5.423232
0.0,4,5.423398
0.0,6,5.423583
0.0,4,5.423727
0.0,8,5.423962
0.0,11,5.424258
0.0,5,5.424431
0.0,1,5.424508
0.0,1,5.424586
0.0,10,5.424867
0.0,26,5.425481
0.0,7,5.425698
0.0,9,5.425944
0.0,14,5.4263
0.0,13,5.426626
0.0,3,5.426749
0.0,7,5.426957
0.0,4,5.427117
1.0,20,5.427596
1.0,18,5.428038
0.0,16,5.428437
0.0,5,5.428602
0.0,6,5.428786
0.0,11,5.429098
0.0,8,5.429329
0.0,4,5.429482
0.0,8,5.429712
0.0,19,5.430177
0.0,8,5.430405
0.0,10,5.430681
0.0,41,5.431607
1.0,6,5.431803
0.0,11,5.432104
0.0,1,5.432183
0.0,2,5.432285
1.0,33,5.433046
0.0,11,5.433341
0.0,18,5.433778
1.0,19,5.434239
1.0,19,5.434702
0.0,8,5.434936
0.0,12,5.435262
0.0,14,5.435619
0.0,5,5.435785
0.0,9,5.436049
0.0,24,5.436612
0.0,3,5.436735
0.0,7,5.43695
0.0,9,5.437212
0.0,7,5.437418
0.0,12,5.437737
0.0,4,5.437881
0.0,1,5.437956
0.0,9,5.438226
0.0,43,5.439189
1.0,38,5.440049
0.0,6,5.440233
0.0,8,5.440457
0.0,22,5.440978
1.0,11,5.441288
0.0,3,5.441417
0.0,4,5.441562
0.0,7,5.441768
0.0,18,5.442209
0.0,16,5.442599
0.0,4,5.442745
1.0,22,5.443264
0.0,26,5.443865
0.0,10,5.444148
0.0,3,5.444271
0.0,2,5.444375
0.0,21,5.444866
0.0,6,5.445059
0.0,7,5.445262
0.0,6,5.445452
0.0,7,5.445667
0.0,2,5.445767
0.0,1,5.445843
0.0,3,5.44597
0.0,1,5.446056
0.0,6,5.446249
0.0,9,5.446497
0.0,2,5.446597
0.0,7,5.446806
0.0,3,5.446933
0.0,11,5.447242
0.0,12,5.447561
0.0,8,5.447792
0.0,4,5.447934
0.0,14,5.4483
0.0,9,5.448547
0.0,8,5.448777
0.0,11,5.449074
0.0,7,5.449285
0.0,1,5.449362
0.0,3,5.449484
0.0,7,5.449693
0.0,1,5.449774
0.0,1,5.449852
0.0,1,5.449929
0.0,8,5.45017
0.0,6,5.450364
0.0,7,5.450581
0.0,3,5.450709
0.0,8,5.450935
0.0,3,5.451064
0.0,3,5.451186
0.0,1,5.451262
0.0,3,5.451384
0.0,5,5.451555
0.0,3,5.451678
0.0,1,5.451753
0.0,14,5.45213
1.0,11,5.452429
0.0,4,5.452571
0.0,10,5.452852
0.0,9,5.453113
0.0,9,5.453367
0.0,14,5.453718
0.0,13,5.454064
0.0,4,5.454214
0.0,21,5.454713
0.0,9,5.454969
0.0,1,5.455055
0.0,5,5.455222
0.0,16,5.455614
0.0,5,5.45578
0.0,5,5.45595
0.0,5,5.456122
0.0,12,5.456433
0.0,4,5.456575
1.0,10,5.456844
0.0,4,5.456985
0.0,1,5.45707
0.0,6,5.457264
0.0,3,5.457386
0.0,5,5.457562
0.0,8,5.457796
0.0,3,5.457918
0.0,3,5.45805
0.0,2,5.458153
0.0,5,5.458317
0.0,7,5.458526
0.0,5,5.458699
0.0,2,5.458807
0.0,3,5.458936
0.0,3,5.45907
0.0,2,5.459172
0.0,9,5.45942
0.0,1,5.459496
0.0,4,5.459645
0.0,13,5.45998
1.0,13,5.460319
0.0,1,5.460399
0.0,28,5.461048
0.0,1,5.461127
0.0,1,5.461204
0.0,1,5.461281
0.0,24,5.461839
0.0,3,5.461965
0.0,5,5.462139
1.0,9,5.462391
0.0,3,5.462518
0.0,5,5.462684
0.0,2,5.462785
0.0,12,5.463112
0.0,4,5.463262
0.0,28,5.463918
0.0,7,5.464148
0.0,5,5.464315
0.0,3,5.464442
0.0,11,5.464732
0.0,3,5.464854
0.0,1,5.464929
0.0,6,5.465132
0.0,1,5.465215
0.0,34,5.466009
0.0,6,5.466202
0.0,10,5.466486
0.0,17,5.466978
0.0,10,5.467304
0.0,2,5.467407
0.0,10,5.467685
0.0,10,5.467962
0.0,2,5.468075
0.0,4,5.468219
0.0,7,5.468433
0.0,19,5.468891
0.0,7,5.469117
0.0,4,5.469269
1.0,34,5.470062
0.0,1,5.47014
0.0,5,5.470307
0.0,7,5.470519
0.0,6,5.470704
0.0,2,5.470808
0.0,8,5.47105
0.0,4,5.4712
0.0,7,5.47142
0.0,8,5.471648
0.0,18,5.47209
0.0,4,5.472233
0.0,4,5.472385
0.0,4,5.47253
0.0,5,5.472693
0.0,15,5.473071
0.0,4,5.473224
0.0,7,5.47343
0.0,20,5.47391
0.0,11,5.474209
0.0,8,5.474443
0.0,5,5.474608
0.0,1,5.474684
0.0,6,5.474874
0.0,10,5.475162
1.0,19,5.475627
0.0,15,5.476011
0.0,15,5.476388
0.0,7,5.476599
0.0,28,5.477251
0.0,3,5.477375
0.0,8,5.477605
0.0,6,5.477788
0.0,5,5.477951
0.0,10,5.478234
1.0,14,5.478586
0.0,3,5.478712
0.0,5,5.478875
0.0,1,5.47895
0.0,8,5.479185
0.0,4,5.479334
0.0,26,5.479943
0.0,11,5.480247
0.0,3,5.480371
0.0,11,5.48066
0.0,1,5.480735
0.0,12,5.481051
0.0,12,5.481356
0.0,5,5.481522
0.0,6,5.481714
0.0,4,5.481861
0.0,2,5.481961
0.0,9,5.482224
1.0,9,5.482473
0.0,4,5.48262
0.0,19,5.483101
0.0,5,5.483274
0.0,8,5.483502
1.0,46,5.484525
0.0,5,5.484694
0.0,5,5.484858
0.0,11,5.485152
0.0,4,5.485302
0.0,19,5.485768
0.0,25,5.486367
0.0,10,5.48664
0.0,15,5.487029
0.0,1,5.487112
1.0,13,5.487451
0.0,7,5.48766
0.0,13,5.487988
0.0,6,5.488186
0.0,7,5.48839
0.0,5,5.488554
0.0,12,5.488864
0.0,5,5.489038
0.0,7,5.489253
0.0,6,5.489446
0.0,9,5.489696
0.0,10,5.489971
0.0,24,5.490535
0.0,6,5.490721
0.0,3,5.490841
0.0,18,5.491285
0.0,5,5.49145
0.0,5,5.491621
0.0,10,5.491895
0.0,6,5.492089
0.0,3,5.492223
1.0,14,5.492575
0.0,2,5.492674
0.0,10,5.492948
0.0,4,5.493101
0.0,12,5.493421
0.0,2,5.493521
0.0,4,5.49367
0.0,11,5.493956
0.0,9,5.494212
0.0,1,5.494292
0.0,1,5.494372
0.0,6,5.494558
0.0,24,5.495127
0.0,10,5.495407
0.0,14,5.495766
0.0,11,5.496066
0.0,4,5.496212
0.0,7,5.49642
0.0,1,5.4965
0.0,12,5.496816
0.0,4,5.496959
0.0,6,5.497156
0.0,8,5.497383
0.0,5,5.497551
0.0,19,5.498017
0.0,4,5.498168
0.0,12,5.498486
0.0,3,5.498607
0.0,9,5.498857
1.0,15,5.499241
0.0,4,5.49939
0.0,3,5.499516
0.0,19,5.499983
0.0,3,5.500113
1.0,43,5.501076
0.0,7,5.501281
0.0,9,5.501534
0.0,23,5.502087
0.0,7,5.502295
0.0,2,5.502395
0.0,13,5.502736
0.0,16,5.503149
0.0,22,5.503677
0.0,1,5.503753
0.0,7,5.503958
0.0,9,5.504225
0.0,7,5.50444
0.0,19,5.504894
0.0,6,5.505089
0.0,15,5.505467
0.0,8,5.505699
0.0,5,5.505866
1.0,28,5.506577
0.0,6,5.506763
0.0,9,5.507025
0.0,7,5.507239
0.0,4,5.507392
0.0,13,5.507727
0.0,5,5.507892
0.0,9,5.508158
0.0,6,5.508344
0.0,2,5.508444
0.0,13,5.508777
0.0,6,5.508964
0.0,7,5.509177
0.0,1,5.509254
0.0,20,5.509728
0.0,26,5.510337
0.0,9,5.510588
0.0,12,5.510902
0.0,17,5.511335
0.0,6,5.511524
0.0,1,5.511601
0.0,5,5.511778
0.0,3,5.511901
0.0,3,5.512033
0.0,12,5.512348
0.0,4,5.512491
0.0,2,5.51259
0.0,3,5.512717
1.0,20,5.513202
0.0,7,5.513413
0.0,4,5.513556
0.0,4,5.513698
0.0,7,5.513908
0.0,8,5.514147
0.0,19,5.514611
0.0,22,5.515153
0.0,3,5.515275
0.0,1,5.515354
0.0,18,5.515794
0.0,8,5.516026
0.0,3,5.516148
0.0,16,5.516539
0.0,2,5.51664
0.0,3,5.516767
0.0,14,5.517145
0.0,14,5.517493
0.0,10,5.517758
0.0,9,5.518017
0.0,19,5.51849
0.0,4,5.518631
0.0,29,5.519307
0.0,4,5.519453
0.0,17,5.519873
0.0,16,5.520277
0.0,6,5.520473
0.0,4,5.520621
0.0,2,5.520721
0.0,5,5.520887
0.0,3,5.521021
0.0,2,5.521127
1.0,6,5.521313
0.0,5,5.521476
0.0,14,5.521837
0.0,6,5.522034
0.0,27,5.522673
0.0,7,5.522878
0.0,23,5.523434
0.0,21,5.523933
0.0,23,5.52448
0.0,8,5.524706
0.0,5,5.524869
0.0,6,5.525068
0.0,15,5.525443
0.0,13,5.525782
0.0,10,5.526064
0.0,15,5.526444
0.0,15,5.526824
0.0,5,5.526987
0.0,6,5.527187
0.0,10,5.527453
0.0,4,5.527602
0.0,13,5.527942
0.0,4,5.528096
0.0,3,5.52823
0.0,3,5.528352
0.0,5,5.528518
0.0,6,5.528704
0.0,5,5.52887
0.0,14,5.529235
0.0,12,5.52955
0.0,18,5.529987
0.0,12,5.530302
0.0,18,5.530739
0.0,5,5.530908
0.0,7,5.531128
0.0,13,5.531467
0.0,3,5.531594
0.0,11,5.531881
0.0,1,5.531956
0.0,14,5.532334
0.0,6,5.532521
0.0,18,5.532957
1.0,34,5.533722
0.0,1,5.533799
0.0,8,5.534039
0.0,39,5.534902
0.0,5,5.535082
0.0,6,5.535279
0.0,29,5.535939
0.0,3,5.53607
0.0,8,5.536302
0.0,3,5.536424
0.0,10,5.536698
0.0,1,5.536779
0.0,2,5.536882
0.0,4,5.537037
0.0,3,5.537161
0.0,3,5.537287
0.0,12,5.537604
0.0,10,5.537872
0.0,3,5.537998
0.0,4,5.538158
0.0,33,5.538923
0.0,3,5.539055
0.0,5,5.539222
0.0,1,5.539299
0.0,9,5.539555
0.0,2,5.539661
0.0,3,5.539784
0.0,15,5.54017
0.0,2,5.540278
1.0,11,5.540574
0.0,1,5.540653
0.0,11,5.540953
0.0,7,5.541167
0.0,6,5.541353
0.0,7,5.541565
0.0,1,5.541642
0.0,5,5.541808
0.0,4,5.541953
0.0,29,5.542638
0.0,8,5.542876
0.0,3,5.543011
0.0,4,5.543159
0.0,5,5.543322
0.0,13,5.543663
0.0,1,5.54374
0.0,4,5.543887
0.0,10,5.544171
0.0,7,5.544377
0.0,4,5.54452
0.0,5,5.544686
0.0,8,5.544917
0.0,6,5.545114
0.0,1,5.545192
0.0,6,5.545383
0.0,6,5.54557
0.0,6,5.545762
0.0,39,5.546645
0.0,8,5.546884
0.0,1,5.546961
0.0,20,5.547443
0.0,14,5.54779
0.0,19,5.54826
0.0,9,5.548513
0.0,11,5.5488
0.0,53,5.549966
0.0,7,5.550189
0.0,6,5.550384
0.0,23,5.550931
0.0,1,5.551015
0.0,6,5.551208
0.0,12,5.551528
0.0,22,5.552071
0.0,2,5.552175
0.0,18,5.552609
0.0,2,5.55271
0.0,21,5.553225
0.0,13,5.553571
0.0,4,5.553719
0.0,4,5.553861
0.0,6,5.554062
0.0,25,5.554646
0.0,5,5.554818
0.0,4,5.554962
0.0,6,5.555155
0.0,2,5.555263
0.0,23,5.555818
0.0,6,5.556017
0.0,13,5.556347
0.0,13,5.55668
0.0,3,5.556803
0.0,3,5.556925
0.0,9,5.557194
0.0,9,5.557455
0.0,15,5.55783
0.0,2,5.557931
0.0,9,5.558201
0.0,1,5.558285
0.0,3,5.558414
0.0,3,5.558537
0.0,3,5.55866
0.0,4,5.558811
0.0,9,5.559077
0.0,8,5.559309
0.0,8,5.559537
0.0,13,5.559872
0.0,3,5.559994
0.0,12,5.560315
0.0,11,5.560611
0.0,1,5.560692
0.0,3,5.560817
0.0,5,5.560983
0.0,11,5.561289
0.0,15,5.561669
0.0,11,5.561968
0.0,3,5.562107
0.0,9,5.562362
0.0,4,5.562505
0.0,3,5.562632
0.0,2,5.562737
0.0,2,5.562839
0.0,2,5.56294
0.0,10,5.56322
0.0,7,5.563426
0.0,12,5.563735
0.0,5,5.563909
0.0,2,5.564027
0.0,1,5.564112
0.0,9,5.564368
0.0,3,5.564495
0.0,5,5.564666
0.0,5,5.564831
0.0,17,5.565264
0.0,4,5.565408
0.0,26,5.566026
0.0,5,5.566192
0.0,4,5.566336
0.0,4,5.566483
1.0,8,5.56671
0.0,6,5.566966
0.0,4,5.567152
0.0,1,5.56724
0.0,10,5.567527
0.0,8,5.567761
0.0,34,5.568557
0.0,3,5.568686
0.0,15,5.569068
0.0,49,5.570144
0.0,4,5.570289
1.0,11,5.570576
0.0,23,5.571144
0.0,15,5.571531
0.0,7,5.571741
0.0,3,5.571866
0.0,14,5.572237
0.0,6,5.572423
0.0,1,5.572498
0.0,9,5.572751
0.0,6,5.572934
0.0,1,5.573022
0.0,1,5.573105
0.0,7,5.573313
0.0,7,5.573528
0.0,2,5.573627
0.0,5,5.573797
0.0,1,5.573872
0.0,6,5.574077
0.0,15,5.574461
0.0,4,5.574611
0.0,11,5.574905
0.0,15,5.575284
0.0,23,5.575825
0.0,4,5.575969
0.0,2,5.576076
0.0,20,5.576561
0.0,29,5.577236
0.0,4,5.57738
0.0,3,5.577501
0.0,7,5.577712
0.0,9,5.577959
0.0,3,5.578096
0.0,27,5.578726
0.0,6,5.578909
0.0,3,5.57904
0.0,22,5.57957
1.0,13,5.579913
1.0,18,5.580366
0.0,9,5.580611
0.0,10,5.580887
0.0,8,5.581119
0.0,22,5.58163
0.0,10,5.581901
0.0,6,5.582098
0.0,17,5.582512
0.0,11,5.582804
0.0,4,5.582952
0.0,5,5.583122
0.0,5,5.583289
0.0,5,5.583451
1.0,10,5.583716
0.0,5,5.583883
0.0,1,5.583963
0.0,5,5.584141
0.0,5,5.584306
0.0,1,5.584381
0.0,4,5.584525
1.0,6,5.584711
0.0,6,5.584907
0.0,5,5.585103
0.0,1,5.585189
0.0,5,5.585377
1.0,12,5.5857
0.0,1,5.585776
0.0,22,5.58631
0.0,14,5.586662
0.0,2,5.586761
0.0,1,5.58684
0.0,6,5.587035
0.0,8,5.587264
0.0,13,5.587595
0.0,6,5.587786
0.0,6,5.58797
0.0,4,5.588125
1.0,19,5.588592
0.0,14,5.588948
0.0,11,5.589253
0.0,3,5.589384
0.0,12,5.589695
0.0,8,5.589923
0.0,5,5.590122
0.0,7,5.590339
0.0,1,5.59043
0.0,4,5.590573
1.0,11,5.590868
0.0,20,5.591359
0.0,3,5.591484
1.0,12,5.591802
0.0,5,5.591971
1.0,23,5.592522
0.0,2,5.592622
0.0,1,5.592702
0.0,12,5.593028
0.0,12,5.593343
0.0,3,5.593469
0.0,16,5.593874
0.0,1,5.593951
0.0,52,5.595133
0.0,5,5.5953
0.0,8,5.595538
0.0,3,5.595659
0.0,11,5.59597
0.0,8,5.596204
0.0,4,5.596347
0.0,7,5.596554
1.0,43,5.597516
0.0,7,5.597723
0.0,10,5.597989
0.0,5,5.598162
0.0,6,5.598346
0.0,15,5.598723
0.0,8,5.598947
0.0,1,5.59903
0.0,28,5.599669
0.0,8,5.599898
0.0,18,5.600349
0.0,3,5.600472
0.0,3,5.600592
0.0,8,5.60082
0.0,17,5.601242
0.0,9,5.601498
0.0,14,5.601851
0.0,12,5.602174
0.0,8,5.6024
0.0,34,5.60321
0.0,18,5.603669
0.0,21,5.604184
0.0,3,5.604312
0.0,5,5.604482
0.0,4,5.604628
0.0,16,5.605028
0.0,8,5.605276
0.0,9,5.605537
0.0,11,5.60583
0.0,7,5.606066
0.0,13,5.606434
0.0,6,5.606623
0.0,18,5.607075
0.0,3,5.607204
0.0,3,5.607326
0.0,1,5.607401
0.0,7,5.607614
0.0,7,5.60782
0.0,10,5.608095
0.0,18,5.608542
0.0,9,5.608794
0.0,4,5.608942
0.0,4,5.609094
0.0,1,5.609171
0.0,12,5.60949
0.0,16,5.609876
0.0,8,5.610116
0.0,20,5.610598
0.0,3,5.610721
0.0,7,5.610926
0.0,36,5.611796
0.0,3,5.611921
0.0,13,5.61227
0.0,1,5.612347
0.0,1,5.612423
0.0,4,5.612565
0.0,37,5.613396
0.0,13,5.613731
0.0,1,5.61381
0.0,7,5.614029
0.0,4,5.614173
0.0,1,5.614249
0.0,20,5.614724
0.0,25,5.615303
1.0,23,5.615843
0.0,28,5.61649
0.0,6,5.61668
0.0,13,5.61702
0.0,7,5.617226
0.0,5,5.61739
1.0,19,5.617853
1.0,20,5.618337
0.0,12,5.618659
0.0,9,5.618908
0.0,4,5.619061
0.0,13,5.619399
0.0,4,5.619541
0.0,1,5.619616
0.0,4,5.619759
0.0,5,5.619922
1.0,8,5.620193
0.0,3,5.620338
0.0,12,5.620659
0.0,4,5.620808
0.0,5,5.62098
0.0,10,5.621292
1.0,13,5.621644
0.0,3,5.621772
0.0,3,5.621894
1.0,39,5.622779
0.0,41,5.623699
0.0,25,5.624305
0.0,8,5.624532
0.0,7,5.624734
0.0,2,5.624838
0.0,11,5.625141
0.0,8,5.625368
0.0,7,5.625573
0.0,10,5.625838
0.0,1,5.625918
0.0,4,5.626071
0.0,8,5.626302
0.0,9,5.626548
0.0,9,5.626795
0.0,3,5.626921
0.0,1,5.627009
0.0,1,5.62709
0.0,12,5.627409
0.0,2,5.627509
0.0,10,5.627776
0.0,10,5.628062
0.0,6,5.628246
0.0,9,5.628495
0.0,3,5.628615
0.0,3,5.62874
0.0,10,5.629027
0.0,14,5.629387
0.0,1,5.629467
0.0,4,5.629611
0.0,3,5.629731
0.0,2,5.62983
0.0,7,5.630061
0.0,16,5.630482
0.0,4,5.630624
0.0,10,5.630898
0.0,5,5.631076
0.0,3,5.631198
0.0,4,5.63134
0.0,6,5.631531
0.0,6,5.631715
0.0,10,5.631987
0.0,9,5.632239
0.0,8,5.632467
0.0,5,5.632632
0.0,3,5.632754
0.0,4,5.632904
0.0,43,5.633864
0.0,2,5.633967
1.0,16,5.634379
0.0,3,5.634502
0.0,4,5.634646
0.0,3,5.634775
0.0,5,5.634939
0.0,1,5.635026
0.0,7,5.635237
0.0,5,5.635406
0.0,2,5.63551
0.0,5,5.635674
0.0,6,5.635867
0.0,3,5.635991
0.0,5,5.636171
0.0,8,5.636397
0.0,8,5.636623
0.0,12,5.636936
0.0,5,5.637115
0.0,7,5.637324
0.0,18,5.637768
0.0,22,5.638289
1.0,19,5.638765
0.0,5,5.638928
0.0,1,5.639015
0.0,1,5.639095
0.0,3,5.639217
0.0,9,5.639463
0.0,1,5.639539
1.0,11,5.639838
0.0,2,5.639937
0.0,10,5.640213
0.0,1,5.640291
0.0,4,5.640435
0.0,2,5.640533
0.0,4,5.640676
0.0,3,5.640796
0.0,4,5.640938
0.0,6,5.641156
0.0,21,5.641673
0.0,17,5.642107
0.0,4,5.642251
0.0,19,5.642704
0.0,25,5.643289
0.0,3,5.643415
0.0,9,5.643668
0.0,4,5.643821
0.0,11,5.644126
0.0,22,5.644648
0.0,4,5.644796
0.0,23,5.645344
0.0,10,5.64562
0.0,3,5.645743
0.0,6,5.645927
0.0,4,5.646081
0.0,18,5.64652
0.0,16,5.646911
0.0,26,5.647528
0.0,5,5.647695
0.0,12,5.648022
0.0,14,5.648392
0.0,9,5.648643
0.0,4,5.648787
0.0,3,5.648908
0.0,7,5.649131
0.0,23,5.649663
0.0,4,5.649806
0.0,8,5.650062
0.0,9,5.650342
0.0,4,5.650487
0.0,5,5.650651
0.0,1,5.650727
0.0,9,5.650983
0.0,4,5.651159
0.0,3,5.651287
0.0,3,5.651429
0.0,5,5.6516
0.0,5,5.651764
0.0,18,5.652204
0.0,15,5.652583
0.0,5,5.652755
0.0,1,5.652832
0.0,17,5.653249
0.0,14,5.653596
1.0,14,5.653956
0.0,5,5.654139
0.0,1,5.654222
1.0,17,5.654649
0.0,5,5.654813
0.0,5,5.654984
0.0,8,5.655223
0.0,16,5.655621
0.0,7,5.655834
0.0,15,5.656225
0.0,6,5.656412
0.0,25,5.656999
0.0,11,5.657304
0.0,6,5.657501
0.0,9,5.657749
0.0,7,5.65796
0.0,3,5.658096
0.0,6,5.658282
0.0,6,5.658472
0.0,1,5.658549
0.0,15,5.658929
0.0,23,5.659479
0.0,4,5.659632
0.0,2,5.659735
0.0,5,5.659901
0.0,8,5.660168
0.0,18,5.660628
0.0,1,5.660709
0.0,9,5.660962
0.0,20,5.661454
0.0,20,5.661924
0.0,3,5.662057
0.0,9,5.662307
0.0,12,5.662621
0.0,8,5.662857
0.0,5,5.66303
0.0,6,5.663222
0.0,5,5.663387
0.0,9,5.663633
0.0,13,5.663967
1.0,24,5.664539
0.0,8,5.664775
0.0,11,5.665083
0.0,13,5.665416
0.0,8,5.665651
0.0,1,5.665728
0.0,18,5.666174
0.0,11,5.666473
0.0,1,5.66655
0.0,19,5.667012
0.0,2,5.667177
0.0,23,5.66773
0.0,4,5.667877
0.0,2,5.667978
0.0,12,5.66835
0.0,3,5.668476
0.0,2,5.668576
0.0,2,5.668676
0.0,4,5.66882
0.0,4,5.668963
0.0,13,5.669317
0.0,5,5.669485
0.0,14,5.669843
0.0,3,5.66997
0.0,5,5.670146
0.0,6,5.670337
0.0,7,5.670548
0.0,4,5.670691
0.0,3,5.670817
0.0,5,5.67099
0.0,2,5.671124
0.0,11,5.671445
0.0,6,5.671629
1.0,23,5.672186
0.0,5,5.67235
0.0,2,5.672455
0.0,4,5.672604
0.0,14,5.672956
0.0,3,5.67309
0.0,6,5.673278
0.0,4,5.673426
0.0,5,5.673595
0.0,26,5.674212
0.0,23,5.674762
0.0,5,5.674926
0.0,6,5.67512
0.0,3,5.675244
0.0,36,5.676061
0.0,17,5.676477
0.0,3,5.676604
1.0,36,5.677433
1.0,21,5.677929
0.0,5,5.678106
0.0,5,5.678279
0.0,20,5.678765
0.0,4,5.678909
0.0,10,5.679196
1.0,16,5.679588
0.0,7,5.679792
0.0,28,5.680496
0.0,32,5.681273
1.0,21,5.681793
1.0,24,5.682357
0.0,14,5.682712
0.0,3,5.682834
0.0,10,5.683114
0.0,18,5.683558
0.0,7,5.683771
0.0,31,5.684496
0.0,2,5.684598
0.0,2,5.684698
0.0,4,5.684839
0.0,4,5.684985
0.0,3,5.685124
0.0,8,5.68536
0.0,10,5.685627
0.0,3,5.685752
0.0,4,5.685901
0.0,6,5.686113
0.0,8,5.686352
0.0,8,5.686585
0.0,2,5.686689
1.0,18,5.687152
0.0,5,5.68735
0.0,6,5.687542
0.0,13,5.687875
1.0,37,5.688716
0.0,12,5.689039
0.0,6,5.689231
0.0,18,5.689675
0.0,4,5.689819
0.0,3,5.689944
0.0,10,5.690262
0.0,24,5.690849
0.0,3,5.690975
0.0,18,5.69143
0.0,3,5.69156
0.0,4,5.691708
0.0,12,5.692053
0.0,9,5.692327
0.0,1,5.692423
0.0,3,5.692551
0.0,2,5.692655
0.0,7,5.69287
1.0,19,5.69339
0.0,5,5.693558
0.0,8,5.693784
0.0,2,5.693883
0.0,33,5.69465
0.0,5,5.694822
0.0,3,5.694948
0.0,21,5.695512
0.0,14,5.695863
0.0,9,5.696119
0.0,2,5.696225
0.0,7,5.696437
1.0,35,5.697233
0.0,6,5.697422
0.0,6,5.697611
1.0,9,5.697865
1.0,39,5.698757
0.0,2,5.698864
0.0,6,5.699059
0.0,11,5.699362
0.0,7,5.699574
0.0,2,5.699674
0.0,15,5.700067
0.0,18,5.700509
0.0,4,5.700653
0.0,10,5.700917
0.0,7,5.70113
0.0,22,5.701653
0.0,7,5.701867
0.0,2,5.701969
0.0,6,5.702168
0.0,6,5.70236
1.0,10,5.702632
0.0,3,5.702753
0.0,5,5.702916
0.0,12,5.703242
0.0,3,5.703366
0.0,5,5.70353
0.0,9,5.703778
0.0,1,5.703855
0.0,10,5.704139
0.0,2,5.704246
0.0,2,5.704347
0.0,3,5.704468
0.0,6,5.704658
0.0,7,5.704864
0.0,4,5.705018
0.0,5,5.705185
0.0,2,5.705287
0.0,2,5.705387
0.0,1,5.705463
0.0,10,5.705731
0.0,4,5.705872
0.0,3,5.705993
0.0,13,5.706376
0.0,2,5.706481
0.0,1,5.706561
0.0,3,5.706684
1.0,14,5.707054
0.0,1,5.707131
0.0,3,5.707252
0.0,4,5.707399
0.0,3,5.707521
0.0,6,5.70771
0.0,5,5.707879
0.0,1,5.707958
0.0,12,5.70829
0.0,22,5.708832
0.0,5,5.708996
0.0,4,5.709151
0.0,1,5.709232
0.0,8,5.709459
0.0,13,5.709796
0.0,5,5.709967
0.0,2,5.710088
0.0,8,5.710322
0.0,48,5.711411
0.0,8,5.711651
0.0,6,5.711842
0.0,13,5.712197
0.0,3,5.712322
0.0,6,5.712511
1.0,16,5.712919
0.0,12,5.713248
0.0,4,5.7134
0.0,13,5.713748
0.0,5,5.713918
0.0,10,5.714212
0.0,5,5.714379
0.0,4,5.714525
0.0,6,5.714711
0.0,5,5.714876
0.0,2,5.714981
0.0,10,5.715273
0.0,3,5.715398
0.0,14,5.715765
0.0,22,5.716309
0.0,7,5.71652
0.0,4,5.716669
0.0,23,5.717234
0.0,11,5.717536
0.0,25,5.718135
0.0,10,5.718417
0.0,8,5.718652
0.0,10,5.718931
0.0,12,5.719252
0.0,17,5.719676
0.0,6,5.719869
0.0,2,5.71997
0.0,34,5.720775
0.0,21,5.721344
0.0,2,5.72145
0.0,9,5.721707
0.0,5,5.721878
0.0,16,5.722292
0.0,7,5.722507
0.0,8,5.722743
0.0,1,5.722819
0.0,16,5.723248
0.0,8,5.723479
0.0,7,5.723686
0.0,8,5.723922
0.0,9,5.724189
0.0,6,5.724383
0.0,11,5.724682
0.0,11,5.724976
0.0,7,5.725201
0.0,9,5.725468
0.0,6,5.725661
0.0,9,5.725912
0.0,16,5.726323
0.0,12,5.726644
0.0,14,5.727011
0.0,3,5.727136
0.0,7,5.727346
1.0,14,5.727703
0.0,3,5.727824
0.0,3,5.727957
0.0,16,5.728361
0.0,1,5.728443
0.0,9,5.728697
0.0,17,5.729134
0.0,5,5.729301
0.0,7,5.729513
0.0,10,5.729785
1.0,17,5.730253
1.0,18,5.730716
0.0,4,5.73086
0.0,3,5.730982
0.0,9,5.731272
0.0,2,5.731395
0.0,7,5.731612
0.0,6,5.731797
0.0,12,5.732119
0.0,14,5.73247
0.0,7,5.73268
0.0,6,5.732866
0.0,10,5.733149
0.0,10,5.733421
0.0,2,5.733529
0.0,9,5.73379
0.0,30,5.734485
0.0,4,5.734637
0.0,4,5.734787
0.0,19,5.735254
0.0,6,5.735441
0.0,26,5.736055
1.0,7,5.736274
0.0,7,5.736487
0.0,2,5.736588
0.0,9,5.736839
0.0,10,5.737126
0.0,6,5.737319
0.0,4,5.737468
0.0,14,5.737831
0.0,18,5.738279
0.0,5,5.738455
0.0,1,5.738532
0.0,9,5.738786
0.0,6,5.738971
0.0,5,5.739145
0.0,4,5.73929
0.0,23,5.739837
0.0,8,5.740095
0.0,7,5.740336
0.0,1,5.740417
0.0,8,5.740657
0.0,10,5.740952
0.0,3,5.741084
0.0,6,5.741281
0.0,1,5.741361
0.0,4,5.741511
0.0,3,5.741635
0.0,16,5.742049
0.0,12,5.742375
0.0,5,5.742548
0.0,12,5.742867
0.0,3,5.742989
0.0,9,5.743253
0.0,3,5.743376
0.0,2,5.743476
0.0,13,5.743817
0.0,1,5.743893
0.0,3,5.744028
0.0,5,5.744195
0.0,25,5.744784
0.0,4,5.744928
0.0,6,5.74513
0.0,9,5.745385
0.0,4,5.745538
0.0,7,5.745748
0.0,2,5.745847
0.0,15,5.746243
0.0,3,5.746368
0.0,1,5.746444
0.0,9,5.746705
0.0,1,5.746781
0.0,5,5.746947
0.0,10,5.747226
0.0,2,5.747328
0.0,8,5.747563
1.0,14,5.747926
0.0,2,5.748042
0.0,5,5.748214
0.0,8,5.748448
0.0,5,5.748613
0.0,3,5.748739
0.0,22,5.749285
0.0,7,5.7495
0.0,11,5.7498
0.0,3,5.749922
0.0,1,5.749999
0.0,7,5.750219
0.0,15,5.750599
1.0,36,5.751474
1.0,20,5.75195
0.0,21,5.752465
0.0,22,5.752984
0.0,9,5.753241
0.0,9,5.753502
0.0,4,5.753653
0.0,2,5.753758
0.0,2,5.75386
0.0,1,5.753942
0.0,13,5.754296
0.0,2,5.7544
0.0,3,5.754528
0.0,5,5.7547
0.0,5,5.754874
0.0,3,5.754998
0.0,15,5.755398
0.0,5,5.755569
0.0,18,5.756028
0.0,1,5.756111
0.0,1,5.756192
0.0,6,5.756383
0.0,25,5.756995
0.0,12,5.757328
0.0,22,5.757868
0.0,4,5.75803
0.0,23,5.758592
0.0,9,5.758847
0.0,32,5.7596
0.0,5,5.759769
0.0,1,5.75985
0.0,3,5.759975
0.0,7,5.760222
0.0,12,5.76056
0.0,7,5.760779
0.0,2,5.760882
0.0,7,5.761125
0.0,2,5.761233
0.0,1,5.761332
0.0,16,5.761741
1.0,20,5.762235
0.0,6,5.762433
1.0,12,5.762755
0.0,4,5.762899
0.0,5,5.763074
0.0,5,5.763246
0.0,9,5.763502
0.0,9,5.763759
0.0,5,5.763931
0.0,3,5.764067
0.0,2,5.764171
0.0,1,5.764248
0.0,11,5.764553
0.0,6,5.764743
0.0,1,5.764819
0.0,3,5.764942
0.0,2,5.765057
0.0,5,5.765231
0.0,17,5.76566
0.0,31,5.766407
1.0,37,5.767277
0.0,7,5.767552
0.0,3,5.767679
0.0,4,5.76783
0.0,12,5.768158
0.0,7,5.768367
0.0,17,5.768785
0.0,10,5.769067
0.0,6,5.769253
0.0,17,5.769671
0.0,10,5.76995
0.0,6,5.770173
0.0,4,5.770339
0.0,3,5.770467
0.0,9,5.770721
0.0,4,5.770865
0.0,19,5.771333
0.0,4,5.771477
0.0,6,5.771662
0.0,8,5.771887
0.0,23,5.772447
0.0,28,5.773114
0.0,10,5.7734
0.0,8,5.773626
0.0,8,5.773858
0.0,5,5.774038
0.0,7,5.774252
0.0,11,5.77455
0.0,1,5.77463
0.0,22,5.775177
0.0,7,5.775387
0.0,6,5.775577
0.0,31,5.776309
0.0,7,5.776525
0.0,1,5.776602
0.0,25,5.777198
0.0,13,5.777538
0.0,12,5.77785
0.0,7,5.778066
0.0,25,5.778663
0.0,1,5.77874
1.0,37,5.77959
0.0,16,5.780001
0.0,21,5.780512
0.0,58,5.781848
0.0,3,5.781972
1.0,18,5.782434
0.0,13,5.782775
1.0,11,5.783077
0.0,4,5.783221
0.0,4,5.783371
1.0,24,5.783933
0.0,12,5.784254
0.0,16,5.784663
0.0,3,5.784792
0.0,9,5.78506
1.0,20,5.785547
0.0,4,5.785696
0.0,26,5.786322
0.0,1,5.786399
0.0,4,5.78655
0.0,1,5.786625
0.0,3,5.786748
0.0,17,5.787186
0.0,14,5.78755
0.0,1,5.787627
0.0,30,5.788344
0.0,6,5.788533
0.0,22,5.789079
0.0,8,5.789315
0.0,7,5.789529
0.0,11,5.789821
0.0,7,5.790054
0.0,10,5.790359
0.0,4,5.790504
0.0,7,5.79071
0.0,7,5.790922
0.0,11,5.791254
0.0,3,5.7914
1.0,13,5.791738
1.0,7,5.791945
0.0,1,5.792032
0.0,1,5.792111
0.0,4,5.792258
0.0,17,5.792686
0.0,7,5.792899
1.0,8,5.793138
1.0,14,5.793514
0.0,3,5.793635
0.0,13,5.793981
0.0,1,5.794067
0.0,5,5.794242
0.0,35,5.795069
0.0,3,5.795192
0.0,3,5.79532
0.0,1,5.7954
0.0,6,5.795598
0.0,3,5.795722
0.0,5,5.795886
0.0,36,5.796719
1.0,28,5.797391
0.0,5,5.797556
0.0,26,5.798187
0.0,1,5.798266
0.0,8,5.798496
0.0,1,5.798571
0.0,5,5.798741
0.0,13,5.799092
0.0,4,5.799237
0.0,1,5.799313
0.0,1,5.799388
0.0,12,5.799712
0.0,4,5.799865
0.0,7,5.800109
0.0,6,5.800326
0.0,4,5.800471
0.0,4,5.800614
0.0,3,5.800735
0.0,11,5.801044
0.0,3,5.801168
0.0,4,5.801322
0.0,1,5.801398
0.0,6,5.801584
0.0,6,5.801769
0.0,6,5.801953
0.0,4,5.802109
0.0,4,5.802263
0.0,11,5.802557
0.0,2,5.802662
0.0,3,5.802788
0.0,3,5.802911
0.0,44,5.803928
0.0,10,5.804211
0.0,12,5.804536
0.0,10,5.804812
0.0,13,5.805164
0.0,4,5.805309
0.0,24,5.805881
0.0,26,5.80656
0.0,6,5.806755
0.0,1,5.806832
1.0,43,5.80782
0.0,5,5.807986
0.0,23,5.808551
0.0,2,5.808657
0.0,5,5.808824
0.0,10,5.809114
0.0,3,5.809239
0.0,19,5.809699
0.0,7,5.80992
0.0,8,5.810172
0.0,6,5.810368
0.0,8,5.810602
0.0,1,5.810679
0.0,9,5.810928
0.0,4,5.8111
0.0,20,5.811611
0.0,3,5.811739
0.0,6,5.811931
0.0,5,5.812112
0.0,9,5.812371
0.0,3,5.812495
1.0,14,5.81285
0.0,3,5.812972
0.0,19,5.813455
0.0,14,5.813815
0.0,4,5.81396
0.0,4,5.814118
0.0,2,5.81422
0.0,13,5.814564
0.0,3,5.814687
0.0,19,5.815169
0.0,4,5.815316
0.0,1,5.815392
0.0,5,5.815558
0.0,1,5.815635
0.0,33,5.816422
0.0,22,5.816955
0.0,10,5.817235
0.0,6,5.817422
0.0,4,5.817566
0.0,19,5.818058
0.0,3,5.818188
0.0,1,5.818268
0.0,7,5.818482
0.0,5,5.818652
0.0,4,5.8188
1.0,14,5.819169
0.0,7,5.819388
0.0,2,5.819489
0.0,34,5.820277
1.0,20,5.820761
0.0,7,5.820967
0.0,19,5.821429
0.0,13,5.82178
0.0,10,5.822071
0.0,5,5.822244
0.0,8,5.822484
0.0,5,5.822655
0.0,24,5.823231
0.0,12,5.823555
1.0,10,5.823831
0.0,1,5.823909
0.0,1,5.823986
0.0,6,5.824183
0.0,19,5.82464
0.0,11,5.824929
0.0,58,5.826212
0.0,6,5.826407
0.0,13,5.826747
0.0,16,5.827163
0.0,10,5.82744
0.0,3,5.827564
0.0,12,5.827883
0.0,4,5.828039
0.0,5,5.828212
0.0,3,5.828339
0.0,7,5.828556
0.0,14,5.828916
0.0,10,5.829193
0.0,1,5.82927
0.0,2,5.829371
1.0,14,5.829733
0.0,5,5.829896
0.0,7,5.830123
0.0,5,5.830295
0.0,5,5.830461
0.0,4,5.830604
0.0,6,5.830789
0.0,1,5.830864
0.0,6,5.831064
0.0,4,5.831217
0.0,3,5.831344
0.0,27,5.831983
0.0,3,5.832117
0.0,6,5.832305
1.0,18,5.832751
1.0,11,5.833053
0.0,7,5.83327
0.0,3,5.833393
0.0,5,5.833565
0.0,2,5.833665
0.0,10,5.833939
0.0,4,5.834091
0.0,4,5.834243
0.0,3,5.83437
0.0,3,5.834494
0.0,6,5.834686
1.0,43,5.835678
0.0,1,5.835755
1.0,19,5.836241
1.0,10,5.83652
1.0,9,5.836777
0.0,1,5.836853
0.0,7,5.837074
1.0,8,5.837315
0.0,4,5.837464
0.0,1,5.837541
0.0,37,5.838402
0.0,15,5.838789
0.0,26,5.83942
0.0,3,5.83955
1.0,28,5.840214
0.0,4,5.84036
0.0,9,5.840616
0.0,19,5.841092
0.0,15,5.841471
0.0,12,5.841781
0.0,12,5.8421
0.0,17,5.842522
0.0,2,5.842622
0.0,1,5.842701
0.0,4,5.842846
0.0,9,5.843104
0.0,21,5.843605
0.0,5,5.843771
0.0,10,5.844053
0.0,29,5.844733
0.0,5,5.844899
0.0,1,5.844975
0.0,8,5.84522
0.0,3,5.845344
0.0,4,5.845488
0.0,16,5.845885
0.0,3,5.846018
0.0,10,5.846297
0.0,16,5.846701
0.0,2,5.846802
0.0,15,5.847196
0.0,19,5.847667
0.0,15,5.848056
0.0,1,5.848134
0.0,10,5.848404
0.0,10,5.848674
0.0,2,5.848778
0.0,4,5.848922
0.0,14,5.849294
0.0,1,5.849376
0.0,6,5.849569
0.0,12,5.849899
1.0,25,5.850503
0.0,3,5.850627
0.0,6,5.850823
0.0,25,5.851437
0.0,2,5.851539
0.0,10,5.851818
0.0,9,5.852075
0.0,8,5.852314
0.0,16,5.852711
0.0,3,5.852838
0.0,10,5.853128
0.0,36,5.85394
0.0,24,5.854518
0.0,2,5.854627
0.0,4,5.854776
0.0,11,5.85508
0.0,20,5.855568
0.0,18,5.856018
0.0,8,5.856248
0.0,5,5.856412
0.0,8,5.856652
0.0,9,5.856909
0.0,5,5.857086
0.0,19,5.857548
0.0,16,5.857956
0.0,2,5.858071
0.0,6,5.858266
0.0,2,5.858366
0.0,2,5.858466
0.0,1,5.858542
0.0,16,5.858948
0.0,16,5.859368
0.0,19,5.859828
0.0,1,5.859903
0.0,2,5.860012
0.0,3,5.860142
0.0,32,5.860897
0.0,8,5.861137
0.0,4,5.861282
0.0,3,5.861411
0.0,6,5.861605
0.0,19,5.86208
0.0,4,5.862227
0.0,4,5.862377
1.0,18,5.862828
1.0,16,5.86324
0.0,8,5.863476
0.0,7,5.863686
0.0,10,5.86397
0.0,13,5.864318
0.0,35,5.865133
1.0,19,5.865604
0.0,8,5.865843
0.0,18,5.866305
0.0,15,5.866692
0.0,4,5.866836
0.0,50,5.867975
0.0,8,5.868285
0.0,12,5.868619
0.0,12,5.868939
0.0,9,5.869212
0.0,2,5.869321
0.0,3,5.86945
0.0,17,5.869889
0.0,7,5.87011
0.0,2,5.870213
0.0,1,5.87029
0.0,2,5.870391
0.0,12,5.870717
0.0,18,5.871177
0.0,7,5.871388
0.0,11,5.871687
0.0,15,5.872083
0.0,1,5.872166
0.0,9,5.872417
0.0,3,5.872544
0.0,5,5.87271
0.0,8,5.872945
0.0,8,5.873188
0.0,21,5.873708
1.0,12,5.874045
0.0,14,5.874408
0.0,5,5.874574
0.0,5,5.874739
0.0,17,5.875176
0.0,8,5.875413
0.0,16,5.875823
0.0,4,5.875969
0.0,3,5.876103
0.0,26,5.876718
0.0,14,5.877082
0.0,40,5.877986
0.0,6,5.878193
0.0,6,5.878385
0.0,7,5.878597
0.0,1,5.878676
0.0,5,5.878845
0.0,35,5.879665
0.0,8,5.879897
0.0,5,5.880069
0.0,15,5.880451
0.0,6,5.880638
0.0,3,5.880769
0.0,16,5.881182
0.0,12,5.8815
0.0,8,5.881728
0.0,5,5.881892
0.0,9,5.882162
0.0,15,5.882541
0.0,5,5.88271
0.0,7,5.882917
0.0,8,5.883153
0.0,5,5.883318
0.0,15,5.883698
0.0,16,5.884112
0.0,10,5.884387
0.0,23,5.884938
0.0,6,5.885132
0.0,39,5.886018
0.0,9,5.886275
0.0,14,5.886639
0.0,8,5.886865
0.0,9,5.887126
0.0,6,5.887316
0.0,3,5.887442
0.0,21,5.88795
0.0,11,5.888258
0.0,4,5.888415
0.0,1,5.888492
0.0,3,5.888616
0.0,11,5.888909
0.0,1,5.888989
0.0,20,5.889494
0.0,11,5.8898
0.0,6,5.889996
1.0,22,5.890547
0.0,4,5.890691
0.0,13,5.891034
0.0,15,5.891415
1.0,13,5.891748
0.0,20,5.892236
0.0,10,5.892513
0.0,5,5.892678
0.0,2,5.892783
0.0,4,5.892933
0.0,4,5.893087
0.0,10,5.893361
0.0,3,5.893483
0.0,2,5.893582
0.0,1,5.893658
0.0,1,5.893734
0.0,32,5.894491
0.0,4,5.894643
0.0,5,5.89481
0.0,8,5.895054
0.0,16,5.895457
0.0,1,5.895534
0.0,1,5.89561
0.0,2,5.895711
0.0,5,5.895878
0.0,1,5.895953
0.0,1,5.896039
0.0,10,5.896311
0.0,5,5.896485
0.0,5,5.896653
0.0,1,5.896729
1.0,16,5.897148
0.0,8,5.897379
0.0,9,5.897627
0.0,7,5.89784
0.0,1,5.897916
0.0,6,5.898116
0.0,1,5.898194
0.0,1,5.89827
0.0,3,5.898392
0.0,12,5.898715
0.0,7,5.898927
0.0,10,5.899213
0.0,1,5.899292
0.0,6,5.899481
0.0,2,5.899585
0.0,6,5.899772
0.0,23,5.900338
0.0,11,5.900651
0.0,4,5.9008
0.0,6,5.900994
0.0,3,5.901131
0.0,1,5.901209
0.0,4,5.901354
0.0,15,5.901743
0.0,1,5.901819
0.0,1,5.901895
0.0,7,5.90212
0.0,2,5.902223
0.0,8,5.902457
0.0,1,5.902533
1.0,16,5.902936
0.0,3,5.903065
0.0,2,5.903167
0.0,7,5.903375
0.0,1,5.90345
0.0,6,5.903645
0.0,1,5.903721
0.0,1,5.903797
0.0,1,5.903872
0.0,1,5.903948
0.0,4,5.904106
0.0,1,5.904183
0.0,1,5.904259
0.0,1,5.904335
0.0,2,5.904436
0.0,6,5.904629
0.0,8,5.904861
0.0,3,5.904988
0.0,14,5.905365
0.0,8,5.905608
0.0,18,5.906069
0.0,3,5.906193
0.0,4,5.906338
0.0,10,5.906616
0.0,10,5.906893
0.0,6,5.907096
0.0,9,5.907352
0.0,7,5.907564
0.0,1,5.907642
0.0,1,5.907722
0.0,8,5.907959
0.0,4,5.908124
0.0,4,5.908273
0.0,10,5.908544
0.0,8,5.908772
0.0,16,5.909177
0.0,5,5.909351
0.0,1,5.909431
0.0,18,5.909885
0.0,7,5.910109
0.0,2,5.910211
0.0,48,5.911304
0.0,3,5.911434
0.0,7,5.911642
0.0,11,5.911938
0.0,14,5.912305
0.0,8,5.912542
0.0,1,5.912619
1.0,20,5.913124
0.0,5,5.913297
0.0,18,5.913755
0.0,3,5.913883
0.0,3,5.914019
0.0,5,5.914194
0.0,8,5.914432
0.0,6,5.914625
0.0,7,5.914835
0.0,2,5.914936
0.0,14,5.915299
0.0,14,5.915655
0.0,9,5.915903
0.0,3,5.916034
0.0,4,5.916178
0.0,4,5.916331
0.0,3,5.916453
0.0,1,5.916533
0.0,1,5.91661
0.0,5,5.916778
0.0,6,5.916966
0.0,9,5.917226
0.0,7,5.917442
0.0,4,5.917585
0.0,9,5.917835
0.0,5,5.918011
0.0,2,5.918114
0.0,1,5.918191
0.0,2,5.918299
0.0,2,5.9184
0.0,32,5.919161
0.0,7,5.91937
1.0,22,5.919919
0.0,11,5.920232
0.0,2,5.920335
0.0,3,5.920457
0.0,1,5.920536
0.0,3,5.920666
0.0,37,5.921516
0.0,5,5.921684
0.0,16,5.922093
0.0,3,5.922218
0.0,3,5.92234
0.0,12,5.92266
1.0,13,5.923023
0.0,8,5.923276
0.0,4,5.923442
0.0,4,5.923588
0.0,10,5.923868
0.0,4,5.924018
0.0,5,5.924196
0.0,4,5.92434
0.0,1,5.924415
0.0,5,5.924581
0.0,4,5.924729
0.0,6,5.924915
0.0,2,5.925032
0.0,4,5.92518
0.0,4,5.925324
0.0,18,5.925765
0.0,13,5.926117
0.0,4,5.926268
0.0,15,5.926653
0.0,7,5.926859
0.0,18,5.927315
0.0,2,5.927416
0.0,3,5.927544
0.0,3,5.927668
0.0,3,5.927789
0.0,10,5.928075
0.0,8,5.928306
0.0,4,5.92845
0.0,20,5.928944
0.0,6,5.929145
0.0,4,5.929297
0.0,10,5.92957
0.0,8,5.929799
0.0,1,5.929879
0.0,1,5.929956
0.0,13,5.930308
0.0,20,5.930807
0.0,1,5.930887
0.0,9,5.931158
0.0,10,5.93143
0.0,4,5.931574
0.0,11,5.931878
0.0,1,5.931954
0.0,3,5.932086
0.0,6,5.932284
0.0,23,5.932829
0.0,14,5.933194
0.0,6,5.933381
0.0,7,5.933596
0.0,11,5.933898
0.0,8,5.934138
0.0,12,5.934464
0.0,1,5.934544
1.0,9,5.934794
0.0,4,5.934943
0.0,3,5.935077
0.0,7,5.935292
0.0,1,5.935373
0.0,5,5.935545
0.0,1,5.935622
0.0,5,5.935789
0.0,24,5.936369
0.0,2,5.936471
1.0,12,5.936785
1.0,17,5.937218
0.0,16,5.937618
0.0,5,5.937783
0.0,13,5.938128
0.0,5,5.938295
0.0,7,5.93851
0.0,26,5.939136
1.0,14,5.939493
0.0,3,5.93962
0.0,1,5.939697
0.0,4,5.939841
0.0,6,5.940041
0.0,9,5.940301
0.0,7,5.940509
0.0,6,5.940696
0.0,10,5.940967
0.0,24,5.941545
0.0,3,5.941674
0.0,8,5.941904
0.0,6,5.942098
0.0,7,5.942311
0.0,2,5.942411
0.0,9,5.942666
0.0,2,5.942767
0.0,4,5.942911
0.0,6,5.943114
0.0,7,5.943329
0.0,2,5.943435
0.0,7,5.943652
0.0,3,5.94378
0.0,2,5.943886
0.0,2,5.94399
0.0,7,5.94422
0.0,14,5.944586
0.0,6,5.944784
0.0,13,5.945136
0.0,49,5.946249
0.0,6,5.946443
0.0,7,5.946656
0.0,22,5.947193
0.0,6,5.947381
0.0,27,5.948028
0.0,4,5.948179
1.0,13,5.948524
0.0,5,5.948694
1.0,14,5.949066
0.0,2,5.949172
0.0,4,5.949318
0.0,4,5.949461
0.0,7,5.949676
0.0,6,5.949862
0.0,4,5.950012
0.0,5,5.950192
1.0,10,5.950472
0.0,2,5.950574
0.0,2,5.950675
0.0,6,5.950869
0.0,2,5.950971
0.0,11,5.951279
0.0,5,5.951448
0.0,17,5.951877
0.0,20,5.952381
0.0,7,5.952592
0.0,1,5.95267
0.0,6,5.95286
0.0,13,5.95322
0.0,5,5.953397
0.0,3,5.953521
0.0,1,5.953598
0.0,16,5.953996
0.0,5,5.954177
0.0,10,5.95445
0.0,3,5.954572
0.0,1,5.954648
0.0,14,5.955026
0.0,8,5.955256
0.0,3,5.95538
0.0,11,5.955676
0.0,15,5.956077
0.0,17,5.956499
0.0,42,5.957474
0.0,6,5.957665
0.0,4,5.95781
0.0,14,5.958184
0.0,9,5.958443
0.0,11,5.958745
0.0,23,5.959312
0.0,3,5.959437
0.0,3,5.959559
0.0,2,5.959659
0.0,3,5.959781
0.0,1,5.959858
0.0,9,5.960125
0.0,4,5.960275
0.0,3,5.960397
0.0,5,5.960563
0.0,2,5.960666
0.0,4,5.960812
0.0,6,5.961
0.0,1,5.961087
0.0,3,5.961217
0.0,3,5.961341
0.0,3,5.961463
0.0,4,5.961609
0.0,7,5.961823
0.0,23,5.962388
0.0,11,5.962688
0.0,4,5.962834
0.0,5,5.963001
0.0,2,5.963115
0.0,9,5.963374
0.0,13,5.963727
0.0,4,5.963878
0.0,9,5.964145
0.0,15,5.964543
0.0,2,5.964645
0.0,7,5.964856
0.0,6,5.965065
0.0,7,5.965286
0.0,1,5.965364
0.0,2,5.965466
0.0,1,5.965544
0.0,3,5.965672
0.0,3,5.965798
0.0,9,5.966067
0.0,1,5.966146
0.0,4,5.966292
0.0,1,5.966369
0.0,3,5.966493
0.0,1,5.966569
0.0,7,5.966789
0.0,2,5.966895
0.0,7,5.967118
0.0,3,5.967244
0.0,3,5.967368
0.0,2,5.967475
0.0,12,5.967804
0.0,19,5.968295
0.0,10,5.968637
0.0,24,5.969227
0.0,7,5.969437
0.0,10,5.969715
1.0,26,5.970343
0.0,1,5.970421
0.0,15,5.970811
0.0,13,5.97116
0.0,3,5.971293
0.0,2,5.971394
0.0,23,5.971949
0.0,10,5.97223
0.0,7,5.972441
0.0,5,5.972607
0.0,4,5.972753
0.0,2,5.972858
0.0,7,5.973086
0.0,6,5.973276
0.0,1,5.973352
0.0,9,5.973609
0.0,3,5.973737
0.0,4,5.973881
0.0,4,5.974035
0.0,3,5.974163
0.0,7,5.974377
1.0,6,5.974571
0.0,4,5.974714
0.0,10,5.974988
0.0,9,5.975255
0.0,9,5.975508
0.0,6,5.9757
0.0,11,5.975998
0.0,4,5.976155
0.0,18,5.9766
0.0,3,5.976724
0.0,6,5.976917
0.0,8,5.977165
0.0,3,5.977293
0.0,7,5.977509
1.0,10,5.97778
0.0,10,5.978062
0.0,4,5.978216
0.0,33,5.978982
0.0,6,5.979179
0.0,4,5.979327
0.0,14,5.97969
0.0,18,5.980139
0.0,1,5.980217
0.0,3,5.980339
0.0,4,5.980481
0.0,7,5.980692
0.0,14,5.981064
0.0,12,5.981393
0.0,9,5.981648
0.0,11,5.981945
0.0,4,5.982103
0.0,2,5.982206
0.0,6,5.9824
0.0,5,5.982567
0.0,8,5.982795
0.0,5,5.982958
0.0,1,5.983045
0.0,3,5.983171
0.0,8,5.9834
0.0,7,5.983624
0.0,8,5.98386
0.0,2,5.983961
0.0,37,5.984805
0.0,18,5.985259
0.0,14,5.985616
1.0,8,5.985847
0.0,16,5.986261
0.0,34,5.98705
0.0,11,5.98734
0.0,26,5.987956
0.0,35,5.988756
0.0,3,5.98888
1.0,6,5.989082
0.0,18,5.989532
0.0,5,5.989701
0.0,14,5.99007
0.0,8,5.990305
0.0,36,5.991138
0.0,9,5.99139
0.0,26,5.992013
0.0,7,5.992222
0.0,20,5.99271
0.0,5,5.992887
0.0,14,5.993258
0.0,13,5.993603
0.0,8,5.993845
0.0,1,5.993921
0.0,3,5.99406
0.0,1,5.994143
0.0,11,5.994438
0.0,4,5.994582
0.0,7,5.994789
0.0,14,5.995159
0.0,11,5.995456
0.0,2,5.995557
0.0,1,5.995636
0.0,2,5.995743
0.0,2,5.995843
0.0,5,5.996021
0.0,12,5.996343
0.0,3,5.996466
0.0,6,5.996653
1.0,22,5.997197
0.0,1,5.997276
0.0,10,5.997555
0.0,1,5.997632
1.0,12,5.997958
0.0,8,5.998196
0.0,12,5.998518
0.0,5,5.998687
0.0,4,5.998831
1.0,11,5.999135
0.0,8,5.999362
0.0,45,6.0004
0.0,8,6.000632
0.0,10,6.000906
0.0,6,6.001109
0.0,6,6.001299
0.0,2,6.001399
0.0,10,6.001675
0.0,17,6.002116
0.0,3,6.002245
0.0,5,6.002422
0.0,8,6.00266
0.0,10,6.002937
0.0,29,6.003629
0.0,5,6.0038
0.0,15,6.004193
0.0,2,6.004298
0.0,5,6.004469
0.0,1,6.004545
0.0,3,6.004669
0.0,18,6.005123
0.0,6,6.005317
0.0,14,6.005693
0.0,9,6.005949
0.0,4,6.006102
0.0,3,6.006226
0.0,4,6.006376
0.0,5,6.006542
0.0,1,6.006619
0.0,4,6.006764
0.0,9,6.007031
0.0,4,6.007179
0.0,7,6.007387
0.0,2,6.007487
0.0,2,6.007591
0.0,13,6.007931
0.0,4,6.008085
0.0,6,6.008279
0.0,3,6.008407
0.0,7,6.008615
0.0,1,6.008691
0.0,5,6.008856
0.0,5,6.009032
0.0,5,6.009208
0.0,1,6.009285
0.0,9,6.009545
0.0,15,6.009926
0.0,14,6.01029
0.0,16,6.010695
0.0,17,6.011121
0.0,8,6.011362
0.0,16,6.011772
0.0,8,6.012009
0.0,13,6.012352
0.0,1,6.012431
0.0,8,6.012661
0.0,7,6.012866
0.0,6,6.013076
0.0,4,6.013223
0.0,1,6.013299
0.0,6,6.013487
1.0,23,6.014048
0.0,2,6.014154
0.0,1,6.014231
0.0,11,6.014537
0.0,30,6.01526
0.0,4,6.015416
0.0,5,6.015588
0.0,17,6.016018
1.0,18,6.016458
1.0,18,6.016899
1.0,6,6.017093
0.0,11,6.017389
0.0,2,6.017493
1.0,17,6.017906
0.0,15,6.0183
0.0,30,6.018989
0.0,7,6.019214
0.0,7,6.019428
0.0,20,6.019924
0.0,3,6.020056
0.0,3,6.020184
0.0,2,6.020285
0.0,1,6.020365
0.0,9,6.020622
0.0,7,6.020833
0.0,10,6.02112
0.0,10,6.021389
0.0,11,6.021688
0.0,4,6.021832
0.0,2,6.021936
0.0,1,6.022024
0.0,18,6.02247
0.0,4,6.02262
0.0,8,6.022856
0.0,13,6.023207
0.0,2,6.023309
0.0,9,6.023561
0.0,4,6.023703
0.0,7,6.023912
0.0,20,6.024401
0.0,11,6.024699
0.0,17,6.025134
0.0,8,6.02537
0.0,8,6.025605
0.0,3,6.025727
0.0,5,6.025897
0.0,4,6.02605
0.0,6,6.026243
0.0,3,6.026365
0.0,7,6.026572
0.0,12,6.026887
0.0,7,6.027117
0.0,12,6.027437
0.0,8,6.027671
0.0,2,6.027772
0.0,14,6.028143
0.0,7,6.02835
0.0,2,6.028453
0.0,3,6.028581
0.0,15,6.028954
1.0,16,6.029356
0.0,2,6.029456
0.0,10,6.029731
0.0,14,6.030106
0.0,13,6.030439
0.0,5,6.030604
0.0,10,6.030872
0.0,23,6.031432
0.0,6,6.031627
1.0,10,6.031904
0.0,6,6.032106
0.0,6,6.032295
0.0,8,6.032524
0.0,5,6.032688
0.0,3,6.032812
0.0,16,6.033233
0.0,2,6.033336
0.0,1,6.033416
0.0,7,6.033629
0.0,6,6.033818
0.0,1,6.033897
0.0,11,6.034204
0.0,5,6.034376
0.0,5,6.034541
0.0,1,6.034617
0.0,2,6.034717
0.0,4,6.034861
0.0,9,6.03512
0.0,13,6.03546
0.0,8,6.035688
0.0,2,6.035788
0.0,6,6.035979
0.0,10,6.036261
0.0,31,6.036976
0.0,6,6.037172
0.0,14,6.037533
0.0,18,6.037977
0.0,4,6.038133
0.0,9,6.03839
1.0,11,6.038687
0.0,3,6.038808
0.0,5,6.038974
0.0,6,6.039177
0.0,5,6.039344
0.0,8,6.039569
0.0,2,6.039674
0.0,2,6.039774
0.0,1,6.03985
0.0,3,6.039977
0.0,6,6.040173
0.0,7,6.040381
0.0,1,6.040457
0.0,3,6.040579
0.0,1,6.040658
0.0,5,6.040831
0.0,1,6.040907
0.0,5,6.041087
0.0,6,6.041284
0.0,3,6.041412
0.0,2,6.041516
0.0,9,6.041776
0.0,2,6.041878
0.0,3,6.042013
1.0,6,6.042206
0.0,9,6.042461
0.0,4,6.042606
0.0,5,6.04278
0.0,7,6.042994
0.0,1,6.043083
0.0,10,6.043367
0.0,12,6.043679
0.0,5,6.043848
0.0,8,6.044086
0.0,9,6.044344
0.0,3,6.044466
0.0,11,6.04476
0.0,6,6.044944
0.0,8,6.045191
0.0,3,6.045316
0.0,5,6.045496
0.0,1,6.045578
1.0,10,6.04585
0.0,1,6.045929
0.0,12,6.046268
0.0,2,6.046369
0.0,11,6.046673
0.0,8,6.046904
0.0,7,6.047122
0.0,3,6.047253
0.0,5,6.047419
0.0,1,6.047499
0.0,1,6.04758
0.0,2,6.04768
0.0,5,6.047846
0.0,9,6.048116
0.0,8,6.048349
0.0,5,6.048519
0.0,43,6.049492
0.0,26,6.050104
0.0,8,6.050333
0.0,15,6.050716
0.0,14,6.051096
0.0,5,6.051263
0.0,6,6.051449
0.0,5,6.051615
0.0,3,6.051738
0.0,9,6.051994
0.0,1,6.052084
0.0,8,6.052322
0.0,5,6.052488
0.0,8,6.052715
0.0,11,6.053023
0.0,8,6.053264
0.0,7,6.053478
0.0,7,6.053685
0.0,1,6.05376
0.0,2,6.053861
0.0,9,6.05413
0.0,4,6.054275
0.0,5,6.054446
0.0,7,6.054663
0.0,19,6.055139
0.0,2,6.055241
0.0,1,6.05532
0.0,3,6.055444
0.0,8,6.055673
0.0,4,6.055815
0.0,4,6.055968
0.0,3,6.056105
0.0,8,6.056343
0.0,2,6.056443
0.0,12,6.056755
0.0,1,6.056834
0.0,13,6.057181
0.0,37,6.058037
0.0,7,6.058248
0.0,15,6.058634
0.0,10,6.058912
0.0,5,6.059091
1.0,13,6.059424
0.0,20,6.059901
0.0,3,6.060039
0.0,7,6.060248
0.0,4,6.060391
0.0,1,6.060471
0.0,11,6.060773
0.0,6,6.060968
0.0,13,6.061313
0.0,5,6.06148
0.0,6,6.061672
0.0,3,6.0618
0.0,12,6.062119
0.0,29,6.062802
0.0,3,6.062924
0.0,6,6.063121
0.0,14,6.06348
0.0,6,6.063668
0.0,5,6.063842
0.0,6,6.064038
1.0,6,6.064235
0.0,2,6.064337
0.0,6,6.064528
0.0,14,6.06489
1.0,23,6.065459
0.0,15,6.065839
0.0,3,6.065962
1.0,9,6.066223
0.0,6,6.066419
0.0,7,6.066633
0.0,2,6.066735
0.0,4,6.066885
0.0,5,6.067064
0.0,15,6.067449
0.0,15,6.067824
0.0,1,6.067904
0.0,2,6.068021
0.0,7,6.068233
0.0,4,6.068384
0.0,13,6.068786
1.0,15,6.06918
0.0,8,6.069424
0.0,2,6.069525
0.0,8,6.069764
0.0,38,6.070654
0.0,22,6.071208
0.0,5,6.071381
0.0,1,6.071458
0.0,20,6.071961
0.0,2,6.072073
0.0,8,6.072308
0.0,1,6.072388
0.0,5,6.072562
0.0,2,6.072663
0.0,6,6.07285
0.0,6,6.073045
0.0,12,6.073366
0.0,6,6.073554
0.0,2,6.073653
0.0,4,6.073797
0.0,4,6.073945
0.0,3,6.07408
0.0,12,6.074412
0.0,9,6.074667
0.0,15,6.075061
0.0,19,6.075535
0.0,11,6.075831
0.0,18,6.076282
0.0,8,6.076517
0.0,11,6.076822
0.0,11,6.077124
0.0,10,6.07741
0.0,10,6.07769
0.0,3,6.077814
0.0,8,6.078055
0.0,4,6.078207
0.0,1,6.078288
0.0,6,6.078478
0.0,7,6.078692
0.0,3,6.078815
0.0,10,6.079102
0.0,9,6.07936
0.0,12,6.079679
0.0,26,6.080302
0.0,2,6.08041
0.0,16,6.080815
0.0,17,6.081251
0.0,11,6.081551
0.0,30,6.082261
0.0,8,6.082506
0.0,4,6.082657
0.0,10,6.082941
0.0,13,6.083294
0.0,9,6.083547
0.0,8,6.083776
1.0,21,6.084297
0.0,7,6.084516
0.0,11,6.084816
0.0,12,6.085157
0.0,6,6.085346
0.0,20,6.08584
0.0,9,6.086112
0.0,24,6.086682
0.0,3,6.086804
0.0,1,6.08688
0.0,5,6.087058
0.0,13,6.087406
0.0,4,6.087552
0.0,8,6.087789
1.0,6,6.087976
0.0,1,6.08806
0.0,2,6.088163
0.0,3,6.088285
0.0,3,6.088409
0.0,4,6.088553
0.0,8,6.088783
0.0,15,6.089173
0.0,4,6.089321
0.0,1,6.089399
0.0,17,6.089829
0.0,6,6.090031
0.0,14,6.090385
0.0,16,6.090795
0.0,3,6.090918
0.0,9,6.091181
0.0,3,6.091304
0.0,6,6.09149
0.0,5,6.091656
0.0,16,6.092067
0.0,8,6.092303
0.0,32,6.09304
0.0,5,6.093207
0.0,14,6.093566
0.0,33,6.094331
0.0,20,6.094821
0.0,6,6.095018
0.0,2,6.095121
0.0,2,6.095221
0.0,6,6.095413
0.0,29,6.096109
0.0,12,6.09643
0.0,19,6.096896
1.0,14,6.097266
0.0,23,6.097806
0.0,13,6.098147
0.0,7,6.098353
0.0,4,6.098496
0.0,7,6.098704
0.0,1,6.098784
0.0,16,6.099208
0.0,2,6.099311
1.0,26,6.099931
0.0,2,6.10004
0.0,2,6.100146
0.0,24,6.100723
1.0,7,6.100933
0.0,5,6.101106
0.0,11,6.10141
0.0,11,6.101704
0.0,16,6.102115
0.0,4,6.102261
0.0,10,6.102531
0.0,9,6.10278
0.0,2,6.102885
0.0,5,6.103062
0.0,8,6.103293
0.0,6,6.103488
0.0,13,6.103821
0.0,12,6.10414
0.0,1,6.104218
0.0,5,6.104383
0.0,3,6.104504
0.0,6,6.104691
0.0,7,6.104894
0.0,7,6.10512
0.0,41,6.106041
0.0,15,6.106423
0.0,3,6.106544
0.0,22,6.10708
0.0,7,6.107287
0.0,13,6.107627
0.0,1,6.107707
0.0,9,6.107966
0.0,4,6.10812
0.0,13,6.108469
0.0,1,6.108546
0.0,7,6.108755
0.0,1,6.108831
0.0,10,6.109113
0.0,4,6.109257
0.0,5,6.10943
0.0,4,6.109575
0.0,1,6.10966
0.0,1,6.109736
1.0,15,6.110136
0.0,8,6.110373
0.0,8,6.110607
0.0,1,6.110683
0.0,5,6.11085
0.0,5,6.111025
0.0,1,6.111103
0.0,2,6.111203
0.0,1,6.111278
0.0,6,6.111476
0.0,16,6.111879
0.0,12,6.112204
0.0,3,6.112333
0.0,6,6.112521
0.0,9,6.112783
0.0,6,6.112975
0.0,5,6.113148
0.0,5,6.113315
0.0,8,6.113551
0.0,2,6.113656
0.0,7,6.113871
0.0,5,6.114047
0.0,2,6.114149
0.0,3,6.114272
0.0,26,6.114887
0.0,2,6.114988
0.0,5,6.115168
0.0,9,6.115426
0.0,3,6.115553
0.0,3,6.115676
0.0,2,6.11578
0.0,2,6.115884
0.0,1,6.115963
1.0,12,6.116291
0.0,5,6.116463
1.0,22,6.117
0.0,14,6.117373
0.0,7,6.117585
0.0,11,6.117882
0.0,16,6.118301
1.0,26,6.118912
0.0,7,6.119139
0.0,28,6.11981
1.0,28,6.120481
0.0,8,6.120713
0.0,6,6.120906
0.0,10,6.121193
0.0,9,6.121451
0.0,13,6.121799
0.0,10,6.122078
0.0,2,6.122179
0.0,22,6.12272
0.0,3,6.122844
0.0,1,6.12292
0.0,5,6.123101
0.0,4,6.123251
0.0,9,6.123505
0.0,9,6.123763
0.0,6,6.12395
1.0,12,6.124275
0.0,3,6.124403
0.0,5,6.124575
0.0,10,6.124847
0.0,3,6.124969
0.0,14,6.125339
0.0,4,6.125489
0.0,10,6.125773
0.0,1,6.12585
0.0,11,6.126163
0.0,6,6.126358
0.0,6,6.126545
0.0,4,6.126688
0.0,14,6.127065
0.0,5,6.127236
0.0,40,6.128163
0.0,4,6.128313
0.0,12,6.128628
0.0,3,6.12875
0.0,19,6.12923
0.0,20,6.129719
0.0,4,6.129868
0.0,1,6.129944
0.0,14,6.130315
0.0,4,6.130466
0.0,7,6.130674
0.0,2,6.130778
0.0,3,6.130906
0.0,2,6.131018
0.0,3,6.131143
0.0,1,6.131224
0.0,23,6.131773
0.0,13,6.132128
0.0,6,6.132316
0.0,7,6.132531
0.0,11,6.132824
0.0,5,6.132987
0.0,1,6.133076
0.0,2,6.133178
0.0,2,6.133283
0.0,2,6.133387
0.0,31,6.134117
0.0,13,6.134458
0.0,2,6.134559
0.0,4,6.134707
0.0,5,6.134877
0.0,11,6.135183
0.0,3,6.135308
0.0,8,6.135544
0.0,5,6.135715
0.0,40,6.136641
0.0,7,6.136856
0.0,2,6.136956
0.0,9,6.137223
0.0,5,6.13739
0.0,27,6.138047
0.0,6,6.138238
0.0,3,6.13836
0.0,26,6.138982
0.0,8,6.139229
0.0,4,6.139373
0.0,13,6.139703
0.0,2,6.139802
0.0,8,6.140038
0.0,3,6.140162
0.0,8,6.140399
0.0,4,6.140543
0.0,3,6.140669
0.0,14,6.141036
0.0,2,6.141144
0.0,28,6.1418
0.0,5,6.141965
0.0,1,6.142048
0.0,1,6.142126
0.0,8,6.142364
0.0,6,6.142558
0.0,14,6.142924
0.0,2,6.143033
0.0,5,6.143205
0.0,5,6.143371
0.0,1,6.143451
0.0,28,6.144124
0.0,28,6.144784
0.0,14,6.145156
0.0,15,6.145535
0.0,2,6.145635
0.0,2,6.145736
0.0,5,6.14591
0.0,14,6.146285
0.0,3,6.146414
0.0,5,6.146584
0.0,20,6.147091
0.0,19,6.147552
0.0,11,6.147854
0.0,9,6.148127
0.0,5,6.148294
0.0,30,6.148985
0.0,6,6.14919
0.0,16,6.149598
0.0,8,6.149834
0.0,4,6.149986
0.0,3,6.150123
0.0,6,6.150311
0.0,10,6.150581
1.0,9,6.150835
0.0,7,6.151061
0.0,8,6.151291
1.0,15,6.151673
0.0,9,6.151932
0.0,5,6.15211
0.0,45,6.153147
0.0,1,6.153229
0.0,10,6.153505
0.0,8,6.153741
0.0,9,6.154009
0.0,9,6.154263
0.0,3,6.154386
0.0,2,6.154487
0.0,4,6.154631
0.0,4,6.154779
0.0,11,6.155087
0.0,3,6.155212
0.0,1,6.155287
0.0,15,6.155675
0.0,7,6.155882
0.0,3,6.156012
1.0,9,6.156271
0.0,3,6.156394
1.0,25,6.156986
0.0,5,6.15716
0.0,3,6.157282
0.0,7,6.15749
0.0,4,6.157634
0.0,4,6.157783
0.0,7,6.15799
0.0,8,6.158227
0.0,10,6.158506
0.0,3,6.158629
0.0,20,6.159117
0.0,13,6.159466
0.0,10,6.159746
0.0,3,6.159868
0.0,3,6.15999
0.0,3,6.16012
0.0,16,6.160519
0.0,3,6.160639
0.0,4,6.160786
1.0,18,6.161237
0.0,39,6.162134
0.0,21,6.162635
1.0,11,6.162925
0.0,3,6.163054
0.0,7,6.163262
0.0,7,6.163468
0.0,11,6.163759
0.0,15,6.164152
0.0,3,6.164276
0.0,8,6.164512
0.0,13,6.164858
0.0,12,6.165192
0.0,13,6.165537
0.0,7,6.16575
0.0,25,6.166344
0.0,5,6.16651
0.0,10,6.166779
0.0,27,6.167429
0.0,6,6.16763
0.0,23,6.168192
0.0,7,6.168406
0.0,4,6.16855
0.0,9,6.168798
0.0,15,6.169185
0.0,3,6.169374
0.0,10,6.169652
0.0,18,6.170102
0.0,5,6.170281
0.0,9,6.170538
0.0,1,6.170619
0.0,3,6.170744
0.0,5,6.17091
1.0,19,6.171392
0.0,7,6.171603
0.0,4,6.171749
0.0,1,6.171825
0.0,17,6.172258
0.0,12,6.17258
0.0,6,6.17278
0.0,11,6.17309
0.0,6,6.17328
0.0,39,6.174188
1.0,46,6.175225
0.0,11,6.175516
0.0,3,6.175651
0.0,11,6.17595
0.0,6,6.176145
0.0,2,6.176248
0.0,19,6.176713
0.0,5,6.176883
0.0,6,6.177092
0.0,18,6.177542
0.0,13,6.177883
0.0,3,6.178015
0.0,13,6.178356
0.0,14,6.178712
0.0,27,6.179352
0.0,6,6.17955
0.0,3,6.179673
0.0,5,6.179839
0.0,4,6.179983
0.0,16,6.180395
0.0,6,6.180581
0.0,2,6.180681
0.0,6,6.180873
0.0,22,6.181402
0.0,7,6.181616
0.0,9,6.181867
0.0,1,6.181943
0.0,4,6.182103
0.0,1,6.182185
0.0,1,6.182266
0.0,4,6.182417
0.0,4,6.182563
0.0,32,6.183334
0.0,42,6.184301
0.0,15,6.184678
0.0,4,6.184827
0.0,10,6.185117
0.0,2,6.185219
0.0,4,6.18537
0.0,4,6.185519
0.0,1,6.185599
0.0,6,6.185787
0.0,5,6.185952
0.0,1,6.186041
0.0,13,6.186385
0.0,14,6.186744
0.0,8,6.186978
0.0,1,6.187062
0.0,29,6.187745
0.0,3,6.187872
0.0,2,6.187974
0.0,3,6.188107
0.0,15,6.188489
1.0,10,6.188771
0.0,2,6.188871
0.0,3,6.188993
0.0,19,6.18947
0.0,2,6.189571
0.0,6,6.189758
0.0,16,6.19017
0.0,4,6.190321
0.0,3,6.19045
0.0,15,6.19084
0.0,2,6.19094
0.0,6,6.191137
0.0,5,6.191309
0.0,10,6.191586
0.0,2,6.191685
0.0,10,6.191961
0.0,14,6.192332
0.0,8,6.192563
0.0,5,6.192732
0.0,3,6.192854
0.0,10,6.193146
0.0,10,6.193423
0.0,8,6.193657
0.0,10,6.193932
0.0,1,6.194017
0.0,2,6.19412
0.0,5,6.194285
0.0,5,6.19445
0.0,9,6.194707
0.0,17,6.195147
0.0,6,6.195345
0.0,8,6.195577
0.0,5,6.195746
0.0,4,6.195896
0.0,4,6.196056
0.0,3,6.196181
0.0,6,6.19637
0.0,1,6.196445
0.0,17,6.196882
0.0,25,6.197481
0.0,16,6.197886
0.0,6,6.198089
0.0,17,6.198524
0.0,6,6.198709
0.0,14,6.199083
0.0,9,6.199337
0.0,5,6.199512
0.0,4,6.199656
0.0,5,6.199826
0.0,3,6.199954
0.0,11,6.200267
0.0,5,6.20044
1.0,13,6.200778
0.0,15,6.20117
0.0,28,6.201827
1.0,11,6.202143
0.0,6,6.202337
0.0,8,6.202568
0.0,22,6.203113
0.0,6,6.203306
0.0,3,6.203429
0.0,2,6.203529
0.0,16,6.203932
0.0,4,6.204093
0.0,1,6.204172
0.0,10,6.204451
0.0,7,6.204659
0.0,2,6.204759
0.0,7,6.204971
0.0,9,6.205237
0.0,1,6.205314
0.0,1,6.205391
0.0,6,6.205579
0.0,9,6.205835
0.0,13,6.206177
0.0,5,6.206348
0.0,10,6.206628
0.0,5,6.206801
0.0,29,6.207503
0.0,3,6.207632
0.0,3,6.20776
0.0,1,6.20784
0.0,19,6.208322
0.0,6,6.208511
0.0,12,6.208832
0.0,3,6.208954
0.0,3,6.209085
0.0,4,6.209235
0.0,3,6.209358
0.0,10,6.209626
0.0,6,6.209811
0.0,7,6.210027
0.0,12,6.210348
0.0,3,6.210471
0.0,14,6.210835
0.0,5,6.211
0.0,6,6.211198
0.0,3,6.211327
0.0,17,6.211761
0.0,12,6.212095
0.0,2,6.212201
0.0,8,6.212444
0.0,3,6.212566
0.0,1,6.212642
0.0,1,6.212718
0.0,3,6.212844
1.0,13,6.2132
0.0,1,6.213278
0.0,1,6.213354
0.0,5,6.213519
0.0,1,6.213595
0.0,1,6.21367
0.0,1,6.213746
0.0,14,6.21412
0.0,13,6.214455
0.0,6,6.21464
0.0,6,6.214829
0.0,9,6.21509
0.0,8,6.21532
0.0,9,6.215579
0.0,7,6.215787
0.0,7,6.21601
0.0,14,6.21638
0.0,8,6.216619
0.0,3,6.21674
0.0,8,6.216976
0.0,2,6.21709
0.0,5,6.217263
0.0,3,6.217393
0.0,16,6.217801
0.0,5,6.21797
0.0,25,6.218577
0.0,2,6.218683
0.0,3,6.218807
0.0,3,6.218929
0.0,1,6.219012
0.0,6,6.219201
0.0,1,6.219277
0.0,3,6.219398
0.0,2,6.219503
0.0,2,6.219604
0.0,1,6.219683
0.0,26,6.220322
0.0,7,6.220531
0.0,32,6.221278
0.0,2,6.22138
0.0,9,6.221637
0.0,5,6.221808
0.0,23,6.22237
0.0,2,6.222472
1.0,11,6.222762
0.0,5,6.222937
0.0,18,6.223397
0.0,6,6.223596
0.0,6,6.223783
0.0,13,6.224128
0.0,1,6.224209
1.0,8,6.224448
0.0,84,6.226316
1.0,7,6.226525
0.0,6,6.22671
0.0,5,6.226878
0.0,5,6.227065
0.0,7,6.227275
0.0,3,6.227401
0.0,4,6.227546
0.0,4,6.227694
0.0,7,6.227902
0.0,14,6.22828
0.0,7,6.228489
0.0,7,6.228702
0.0,3,6.228828
0.0,1,6.228904
0.0,6,6.229106
0.0,7,6.229324
0.0,5,6.229496
0.0,12,6.229817
1.0,10,6.2301
0.0,14,6.230465
0.0,1,6.230546
0.0,4,6.230696
0.0,6,6.230884
0.0,17,6.231313
0.0,14,6.231673
0.0,11,6.23197
0.0,8,6.232206
0.0,15,6.23258
0.0,32,6.23332
0.0,23,6.233861
0.0,5,6.234035
0.0,18,6.234478
0.0,4,6.234621
0.0,8,6.234848
0.0,5,6.23502
0.0,8,6.235254
0.0,8,6.235481
0.0,3,6.235602
0.0,17,6.236033
0.0,9,6.236284
0.0,1,6.236365
0.0,20,6.236847
0.0,15,6.237245
0.0,6,6.237433
0.0,9,6.237702
0.0,16,6.238111
0.0,2,6.238213
0.0,16,6.238607
0.0,4,6.238756
0.0,1,6.238832
0.0,1,6.238908
0.0,7,6.239129
0.0,21,6.239635
0.0,3,6.239757
0.0,8,6.239992
0.0,1,6.240078
0.0,16,6.240483
0.0,15,6.240856
0.0,14,6.241227
1.0,8,6.241461
0.0,2,6.241561
0.0,6,6.241747
0.0,18,6.2422
0.0,26,6.242815
0.0,2,6.24292
0.0,1,6.242997
0.0,40,6.243913
0.0,20,6.244412
0.0,6,6.2446
0.0,1,6.244676
0.0,11,6.244984
0.0,5,6.245156
0.0,9,6.245404
0.0,5,6.245573
0.0,2,6.245673
0.0,10,6.24595
0.0,2,6.24606
0.0,1,6.246138
0.0,3,6.246261
0.0,3,6.246383
0.0,6,6.246579
0.0,3,6.246701
0.0,2,6.2468
0.0,8,6.247043
0.0,8,6.247278
0.0,1,6.247354
0.0,2,6.247454
0.0,3,6.247577
0.0,2,6.247677
1.0,15,6.248072
0.0,1,6.24815
0.0,7,6.248361
0.0,2,6.248461
0.0,22,6.248983
0.0,19,6.249449
0.0,1,6.24953
0.0,12,6.249854
0.0,3,6.24998
1.0,52,6.251162
0.0,1,6.251244
0.0,17,6.25167
0.0,9,6.25192
0.0,14,6.252288
0.0,18,6.252746
0.0,6,6.252938
0.0,3,6.253075
0.0,1,6.253154
0.0,5,6.25333
0.0,19,6.253802
0.0,12,6.254123
0.0,4,6.254268
0.0,1,6.254349
0.0,12,6.25468
0.0,12,6.255013
0.0,14,6.255391
0.0,1,6.255469
0.0,6,6.255658
0.0,12,6.25598
0.0,11,6.256281
0.0,3,6.256403
0.0,16,6.256811
0.0,19,6.25729
0.0,4,6.25744
0.0,6,6.257626
0.0,1,6.257705
0.0,12,6.258048
0.0,6,6.258237
0.0,7,6.258451
0.0,2,6.258555
0.0,1,6.258631
0.0,6,6.258823
0.0,3,6.258945
0.0,14,6.25932
0.0,1,6.259399
0.0,9,6.259656
0.0,1,6.259732
0.0,4,6.259875
1.0,8,6.260112
0.0,5,6.260282
0.0,5,6.260448
0.0,8,6.260682
0.0,23,6.261246
0.0,7,6.261456
0.0,3,6.261578
0.0,8,6.261811
0.0,11,6.262115
0.0,6,6.262305
0.0,7,6.26252
0.0,19,6.262989
0.0,11,6.263299
0.0,8,6.263534
0.0,4,6.263684
0.0,1,6.263764
0.0,12,6.26409
0.0,8,6.264326
0.0,2,6.264434
0.0,12,6.264756
0.0,5,6.26493
0.0,5,6.265106
1.0,33,6.265859
0.0,4,6.266009
1.0,11,6.266316
0.0,9,6.266572
0.0,9,6.266823
0.0,8,6.267065
0.0,12,6.267376
0.0,16,6.267769
0.0,8,6.268016
1.0,39,6.268907
0.0,1,6.268987
0.0,1,6.269077
0.0,7,6.26929
0.0,4,6.269502
1.0,7,6.269722
0.0,8,6.26995
0.0,8,6.270196
0.0,6,6.270391
0.0,7,6.270603
0.0,2,6.270704
0.0,4,6.270848
0.0,2,6.270949
0.0,3,6.27108
0.0,16,6.271487
0.0,3,6.27161
0.0,1,6.271686
0.0,3,6.271814
0.0,4,6.271964
0.0,4,6.272122
0.0,8,6.272361
1.0,11,6.272661
0.0,2,6.272761
0.0,3,6.272888
0.0,5,6.273072
0.0,10,6.273345
0.0,5,6.273517
0.0,30,6.27422
0.0,37,6.275091
0.0,8,6.27533
0.0,9,6.275579
0.0,2,6.275683
0.0,4,6.275828
0.0,8,6.276083
0.0,3,6.276208
0.0,5,6.276374
0.0,13,6.276713
0.0,2,6.276814
0.0,10,6.277105
0.0,3,6.277232
0.0,17,6.277667
0.0,5,6.277833
0.0,5,6.277996
0.0,23,6.278559
0.0,2,6.278664
0.0,13,6.279017
0.0,4,6.279164
1.0,8,6.279394
0.0,11,6.27969
0.0,39,6.280583
0.0,6,6.280777
0.0,3,6.280904
0.0,14,6.281269
0.0,16,6.281677
0.0,25,6.282286
0.0,21,6.282791
0.0,3,6.282912
0.0,1,6.282993
0.0,4,6.283149
0.0,2,6.283249
0.0,3,6.283376
0.0,14,6.283741
0.0,4,6.283893
0.0,4,6.284048
0.0,6,6.284244
0.0,1,6.284321
0.0,4,6.284469
0.0,4,6.28462
0.0,12,6.28494
0.0,5,6.285121
0.0,2,6.285228
0.0,20,6.285727
0.0,10,6.286015
0.0,5,6.286183
0.0,29,6.286851
0.0,8,6.287092
0.0,10,6.287369
0.0,27,6.288024
1.0,15,6.288409
0.0,8,6.288645
0.0,25,6.289248
0.0,1,6.289326
0.0,1,6.289403
0.0,42,6.290366
0.0,7,6.290576
0.0,4,6.290729
0.0,9,6.29098
0.0,17,6.291421
0.0,16,6.291824
0.0,6,6.292019
0.0,3,6.292143
0.0,8,6.292379
0.0,4,6.29253
0.0,1,6.292611
0.0,2,6.292717
0.0,7,6.292934
0.0,4,6.293092
0.0,11,6.293391
0.0,4,6.293539
0.0,27,6.294185
0.0,11,6.294477
0.0,3,6.294598
0.0,6,6.294789
0.0,7,6.294996
0.0,3,6.295133
0.0,2,6.295235
0.0,4,6.295382
0.0,6,6.295577
0.0,4,6.295729
1.0,18,6.296192
1.0,14,6.296557
0.0,2,6.296662
1.0,22,6.29721
0.0,8,6.297445
0.0,11,6.297749
0.0,12,6.298086
0.0,14,6.298453
0.0,15,6.298835
0.0,3,6.298957
0.0,4,6.299114
0.0,11,6.299414
0.0,8,6.299646
0.0,1,6.299723
1.0,19,6.3002
0.0,4,6.300344
0.0,9,6.300598
0.0,17,6.301039
0.0,9,6.301299
0.0,4,6.301449
0.0,23,6.30202
0.0,6,6.302211
0.0,5,6.302383
0.0,12,6.302698
0.0,8,6.302933
0.0,3,6.303067
0.0,11,6.30336
0.0,6,6.303555
0.0,18,6.30402
0.0,3,6.304145
0.0,5,6.304316
0.0,2,6.304416
0.0,2,6.304523
0.0,3,6.30465
0.0,16,6.305065
0.0,8,6.305295
0.0,9,6.305546
0.0,13,6.305879
1.0,10,6.306171
0.0,4,6.306321
0.0,16,6.306724
1.0,7,6.306938
0.0,4,6.307096
0.0,3,6.30722
0.0,10,6.307499
0.0,29,6.308193
0.0,15,6.30858
0.0,10,6.308864
0.0,2,6.308965
0.0,5,6.309139
0.0,1,6.309217
0.0,7,6.309425
0.0,5,6.309597
0.0,12,6.309929
0.0,32,6.310683
0.0,13,6.311035
0.0,8,6.311268
0.0,1,6.311345
0.0,3,6.311469
0.0,6,6.311656
0.0,5,6.31182
0.0,4,6.311968
0.0,12,6.312303
0.0,10,6.312581
0.0,3,6.312709
0.0,8,6.312945
0.0,10,6.313231
0.0,5,6.313406
0.0,12,6.31372
0.0,10,6.313995
0.0,11,6.314298
0.0,4,6.314442
0.0,6,6.314634
1.0,11,6.314927
0.0,1,6.315011
0.0,22,6.315552
0.0,5,6.315726
0.0,8,6.315953
0.0,2,6.316062
0.0,3,6.316191
0.0,19,6.316651
0.0,4,6.316794
0.0,14,6.317161
0.0,7,6.317376
0.0,15,6.317757
0.0,29,6.318439
0.0,8,6.318669
1.0,6,6.318861
0.0,1,6.318936
0.0,4,6.319089
0.0,3,6.319213
0.0,4,6.319357
0.0,1,6.319433
0.0,29,6.320125
0.0,5,6.320292
0.0,3,6.320415
0.0,3,6.320543
0.0,25,6.321151
0.0,7,6.32136
0.0,4,6.321502
0.0,1,6.321582
0.0,2,6.321684
0.0,1,6.32176
0.0,3,6.321882
0.0,1,6.321961
0.0,1,6.322049
0.0,9,6.322304
0.0,4,6.322454
0.0,9,6.322706
0.0,8,6.322933
0.0,2,6.323044
0.0,14,6.323406
0.0,3,6.323529
0.0,5,6.323694
0.0,4,6.323841
0.0,6,6.324039
0.0,9,6.324306
0.0,6,6.324494
0.0,8,6.324724
0.0,2,6.324824
0.0,19,6.325304
0.0,13,6.325639
0.0,3,6.325769
0.0,7,6.325979
0.0,2,6.326092
0.0,18,6.326533
0.0,14,6.3269
0.0,7,6.327125
0.0,7,6.327334
0.0,8,6.327568
0.0,5,6.327734
0.0,4,6.327883
0.0,1,6.32796
0.0,3,6.3281
0.0,7,6.328317
0.0,3,6.32844
0.0,10,6.328722
0.0,6,6.32891
0.0,16,6.329329
0.0,9,6.329579
0.0,2,6.329679
0.0,2,6.329778
0.0,4,6.329922
0.0,3,6.330063
0.0,1,6.330141
0.0,5,6.330308
0.0,3,6.330439
0.0,2,6.330541
0.0,1,6.330617
0.0,10,6.3309
0.0,5,6.331077
0.0,2,6.33118
0.0,8,6.331417
0.0,6,6.331603
0.0,10,6.331885
0.0,2,6.331991
0.0,4,6.332146
0.0,13,6.332479
0.0,14,6.332844
0.0,10,6.333133
0.0,7,6.333346
0.0,3,6.333469
0.0,5,6.333635
0.0,7,6.333842
0.0,20,6.334337
0.0,4,6.334491
0.0,26,6.33511
0.0,13,6.335449
0.0,12,6.335763
0.0,2,6.335863
0.0,2,6.335964
0.0,9,6.336221
0.0,18,6.336652
0.0,5,6.336815
0.0,3,6.336937
0.0,9,6.337201
0.0,4,6.337347
0.0,4,6.337496
0.0,1,6.337572
0.0,3,6.337694
0.0,3,6.337822
0.0,18,6.338279
0.0,6,6.338467
0.0,10,6.338748
0.0,3,6.33887
0.0,12,6.339191
1.0,27,6.339828
0.0,9,6.340086
1.0,7,6.340293
0.0,17,6.340706
0.0,14,6.341074
0.0,29,6.341754
0.0,4,6.341904
0.0,12,6.342245
0.0,5,6.342414
0.0,10,6.342693
0.0,3,6.342817
1.0,14,6.343181
0.0,13,6.343516
1.0,17,6.343929
0.0,14,6.344297
0.0,3,6.344427
0.0,25,6.345049
0.0,2,6.345156
0.0,5,6.345322
0.0,4,6.345471
0.0,20,6.345954
0.0,39,6.34684
0.0,13,6.347181
0.0,6,6.347372
0.0,1,6.347449
0.0,9,6.347703
0.0,26,6.348347
0.0,4,6.348492
0.0,5,6.348663
0.0,5,6.34883
0.0,6,6.349023
0.0,6,6.349215
0.0,4,6.34936
0.0,11,6.349661
0.0,3,6.349784
0.0,10,6.350075
0.0,1,6.350153
0.0,2,6.350259
0.0,1,6.35034
0.0,5,6.350517
0.0,6,6.350712
1.0,10,6.350986
0.0,6,6.351183
0.0,1,6.351259
1.0,14,6.351624
1.0,22,6.352153
0.0,1,6.352234
0.0,14,6.352596
0.0,17,6.353027
0.0,1,6.35311
0.0,3,6.353235
0.0,1,6.353314
0.0,16,6.353714
0.0,15,6.354106
0.0,13,6.354441
0.0,9,6.354696
0.0,5,6.354867
0.0,26,6.355496
0.0,6,6.355685
0.0,3,6.355807
0.0,2,6.355907
0.0,12,6.35623
0.0,26,6.35686
0.0,10,6.357155
0.0,6,6.35735
0.0,9,6.357598
0.0,14,6.357963
0.0,17,6.358395
0.0,10,6.358672
0.0,6,6.358857
0.0,8,6.359101
0.0,7,6.359311
0.0,20,6.359796
0.0,8,6.360035
0.0,14,6.360398
0.0,3,6.36052
0.0,1,6.360596
0.0,2,6.360702
0.0,9,6.360953
0.0,24,6.36153
0.0,7,6.361745
0.0,1,6.361822
0.0,14,6.36219
0.0,3,6.362314
0.0,13,6.36266
0.0,7,6.362865
0.0,20,6.363367
0.0,3,6.363498
0.0,10,6.36377
0.0,18,6.364223
0.0,1,6.3643
0.0,4,6.364445
0.0,15,6.36483
0.0,7,6.365054
0.0,1,6.365136
1.0,25,6.365737
0.0,3,6.365859
0.0,9,6.366118
0.0,5,6.366294
0.0,8,6.366524
0.0,3,6.366647
0.0,12,6.366975
1.0,26,6.367598
0.0,9,6.367854
0.0,7,6.368081
0.0,1,6.368164
0.0,5,6.368337
0.0,14,6.368699
0.0,4,6.368849
0.0,23,6.369403
0.0,11,6.369759
0.0,2,6.369868
0.0,8,6.370111
0.0,18,6.370559
0.0,7,6.37078
0.0,2,6.370882
0.0,13,6.371237
0.0,7,6.371452
0.0,5,6.371618
0.0,1,6.371694
0.0,1,6.371773
0.0,11,6.372085
0.0,10,6.372361
0.0,1,6.372441
0.0,15,6.372823
0.0,10,6.373105
0.0,6,6.373294
0.0,4,6.373446
0.0,6,6.37364
0.0,1,6.373717
0.0,18,6.374178
0.0,3,6.374304
1.0,8,6.374534
0.0,3,6.374655
0.0,3,6.374778
0.0,2,6.374878
0.0,13,6.375241
0.0,3,6.375366
0.0,5,6.37553
0.0,2,6.375631
0.0,1,6.375707
0.0,5,6.375873
0.0,9,6.376143
0.0,11,6.37644
0.0,52,6.377617
0.0,32,6.378383
0.0,5,6.378552
0.0,7,6.378764
0.0,11,6.379077
0.0,23,6.37963
0.0,1,6.379709
0.0,4,6.379855
0.0,6,6.380058
1.0,17,6.380491
0.0,7,6.380699
0.0,2,6.3808
0.0,7,6.381016
0.0,21,6.381534
0.0,23,6.382096
0.0,11,6.382402
0.0,5,6.382569
1.0,12,6.38289
0.0,3,6.383019
0.0,6,6.383217
0.0,5,6.383389
0.0,1,6.38347
0.0,17,6.383901
0.0,28,6.384563
0.0,5,6.384735
0.0,1,6.384811
0.0,18,6.385267
0.0,7,6.385475
0.0,3,6.385601
1.0,15,6.385987
0.0,5,6.38616
0.0,27,6.386797
0.0,6,6.386983
0.0,5,6.387157
0.0,8,6.387388
0.0,15,6.387779
0.0,7,6.387987
0.0,21,6.388526
0.0,6,6.388714
0.0,1,6.38879
0.0,15,6.389181
0.0,6,6.38938
0.0,7,6.38959
0.0,7,6.389798
0.0,1,6.389873
0.0,12,6.390201
0.0,7,6.390409
0.0,1,6.390485
0.0,5,6.39065
0.0,4,6.390797
0.0,1,6.390874
0.0,8,6.391114
0.0,9,6.391373
0.0,13,6.391722
0.0,4,6.391873
0.0,1,6.391949
0.0,5,6.392128
0.0,7,6.392341
0.0,1,6.392417
0.0,13,6.392753
0.0,11,6.393062
0.0,5,6.393229
0.0,9,6.393495
0.0,13,6.393837
0.0,7,6.394055
0.0,11,6.394353
0.0,11,6.394644
0.0,15,6.395031
0.0,1,6.395114
0.0,16,6.395519
0.0,8,6.395757
0.0,4,6.3959
0.0,18,6.39636
0.0,9,6.396612
0.0,5,6.396781
0.0,5,6.396958
0.0,1,6.397045
0.0,5,6.397215
0.0,15,6.397603
0.0,2,6.397704
0.0,1,6.39778
0.0,1,6.397856
0.0,3,6.397983
0.0,12,6.398319
0.0,11,6.398622
0.0,10,6.398891
0.0,15,6.399277
0.0,22,6.399807
0.0,9,6.400074
0.0,10,6.400345
0.0,4,6.400493
0.0,5,6.400663
0.0,6,6.400849
0.0,16,6.40126
0.0,5,6.401428
0.0,1,6.401503
0.0,10,6.401785
0.0,8,6.402024
0.0,6,6.402212
0.0,7,6.402419
0.0,6,6.40261
0.0,2,6.402712
0.0,2,6.402813
1.0,27,6.40346
0.0,8,6.403698
0.0,2,6.403798
0.0,4,6.403947
0.0,9,6.404208
0.0,3,6.404332
0.0,15,6.404716
0.0,1,6.404792
0.0,8,6.405034
0.0,14,6.405392
1.0,13,6.405745
0.0,2,6.405845
0.0,1,6.405921
0.0,18,6.406385
0.0,8,6.406623
1.0,15,6.407018
0.0,44,6.408038
1.0,36,6.408859
0.0,9,6.409127
0.0,16,6.409528
0.0,6,6.409722
0.0,8,6.409961
0.0,4,6.410119
0.0,7,6.410336
0.0,23,6.410882
0.0,10,6.411165
0.0,6,6.411357
0.0,7,6.411567
0.0,9,6.411823
0.0,1,6.4119
0.0,4,6.412061
0.0,3,6.412187
0.0,3,6.412311
0.0,8,6.412552
0.0,7,6.412773
0.0,2,6.412873
0.0,14,6.413241
0.0,11,6.413533
0.0,8,6.413768
0.0,32,6.414521
0.0,9,6.414779
0.0,16,6.415188
0.0,7,6.415396
0.0,2,6.415496
0.0,6,6.415689
0.0,1,6.415765
0.0,3,6.415888
0.0,3,6.416019
0.0,7,6.416239
0.0,14,6.416604
0.0,9,6.416856
0.0,19,6.417337
0.0,3,6.417462
0.0,25,6.418063
0.0,7,6.418274
0.0,8,6.418514
0.0,2,6.41862
0.0,4,6.418769
0.0,1,6.418846
0.0,6,6.419044
0.0,21,6.419555
0.0,19,6.420021
0.0,9,6.420276
0.0,9,6.420535
0.0,28,6.421203
0.0,22,6.421737
1.0,9,6.421988
0.0,13,6.422346
0.0,5,6.422514
0.0,6,6.422711
0.0,7,6.42292
0.0,1,6.423
0.0,5,6.42318
0.0,9,6.423439
0.0,19,6.423909
0.0,4,6.424073
0.0,15,6.424463
0.0,5,6.424633
0.0,3,6.424757
0.0,22,6.425301
0.0,5,6.425469
0.0,33,6.426232
0.0,7,6.426447
1.0,51,6.427605
0.0,3,6.427732
0.0,10,6.428018
0.0,4,6.42817
0.0,16,6.428574
0.0,15,6.428965
0.0,3,6.429098
0.0,14,6.429454
0.0,9,6.429703
0.0,11,6.430013
0.0,8,6.430255
0.0,6,6.430445
0.0,1,6.430521
0.0,11,6.430817
0.0,11,6.431125
0.0,8,6.431368
0.0,6,6.431554
0.0,8,6.431791
0.0,1,6.431867
0.0,4,6.432026
0.0,5,6.432195
0.0,5,6.43236
0.0,3,6.432488
0.0,1,6.432569
0.0,3,6.432693
0.0,14,6.433064
0.0,16,6.433466
0.0,6,6.433654
0.0,35,6.43446
0.0,7,6.434676
0.0,2,6.434777
0.0,6,6.434969
0.0,23,6.435538
0.0,3,6.435669
0.0,2,6.43577
0.0,1,6.435846
0.0,1,6.435926
0.0,2,6.436037
0.0,10,6.43632
0.0,7,6.436539
0.0,7,6.436749
0.0,9,6.437018
0.0,8,6.437258
0.0,3,6.437387
0.0,1,6.437467
0.0,19,6.437945
0.0,7,6.438163
0.0,5,6.43833
0.0,4,6.438474
0.0,3,6.438602
0.0,11,6.438902
0.0,2,6.439014
0.0,9,6.439267
0.0,5,6.439432
0.0,20,6.439912
0.0,12,6.440238
0.0,7,6.440449
0.0,39,6.441342
0.0,11,6.441639
0.0,13,6.441983
0.0,13,6.442329
0.0,10,6.4426
0.0,9,6.44285
0.0,8,6.443088
0.0,4,6.443238
0.0,7,6.443483
0.0,7,6.443701
0.0,1,6.443778
0.0,3,6.443906
0.0,4,6.444063
0.0,3,6.444187
0.0,20,6.444684
0.0,4,6.444838
0.0,31,6.445581
0.0,8,6.445814
0.0,1,6.445891
0.0,34,6.44671
0.0,24,6.44729
1.0,18,6.447735
0.0,9,6.447985
0.0,14,6.44836
0.0,10,6.448632
0.0,14,6.448989
0.0,43,6.449971
0.0,4,6.450124
0.0,22,6.450659
0.0,6,6.450856
0.0,11,6.451162
0.0,1,6.451241
0.0,7,6.451456
0.0,5,6.451622
0.0,4,6.451766
0.0,4,6.451909
0.0,17,6.452339
0.0,19,6.452812
0.0,12,6.453147
0.0,8,6.453375
0.0,7,6.453592
0.0,14,6.453943
0.0,11,6.454255
0.0,15,6.454641
0.0,4,6.454783
0.0,8,6.455025
0.0,6,6.455217
0.0,7,6.45543
0.0,12,6.455752
0.0,4,6.455903
0.0,2,6.456011
0.0,14,6.456378
0.0,21,6.456876
0.0,8,6.457118
0.0,6,6.457311
0.0,3,6.457439
0.0,3,6.457562
0.0,17,6.457989
0.0,11,6.458295
0.0,3,6.458417
0.0,9,6.458668
0.0,4,6.458812
0.0,1,6.458887
0.0,3,6.459018
0.0,2,6.459121
0.0,1,6.459202
0.0,6,6.459399
0.0,1,6.459475
0.0,12,6.459802
0.0,2,6.459906
0.0,3,6.46004
0.0,44,6.461058
0.0,25,6.461651
0.0,1,6.461729
0.0,3,6.461852
0.0,3,6.461974
0.0,12,6.462295
0.0,22,6.46283
0.0,4,6.462975
0.0,3,6.463105
0.0,25,6.463703
0.0,48,6.464782
0.0,4,6.464928
0.0,3,6.465061
0.0,14,6.465424
0.0,3,6.465549
0.0,4,6.465693
0.0,2,6.465797
0.0,16,6.466215
0.0,10,6.466502
0.0,8,6.466737
0.0,5,6.466904
1.0,11,6.467217
0.0,12,6.46753
0.0,20,6.468027
0.0,21,6.468549
0.0,5,6.468719
0.0,4,6.468864
0.0,3,6.468994
0.0,10,6.469287
0.0,2,6.469387
0.0,5,6.469552
0.0,2,6.469652
0.0,5,6.469819
0.0,9,6.470092
0.0,3,6.470222
0.0,4,6.470368
0.0,19,6.470828
0.0,19,6.4713
0.0,50,6.47244
0.0,5,6.472612
0.0,3,6.472735
0.0,6,6.472923
0.0,1,6.47301
0.0,15,6.4734
0.0,19,6.473881
0.0,7,6.474166
0.0,13,6.474511
0.0,1,6.474588
0.0,3,6.474712
0.0,6,6.474911
0.0,15,6.475311
0.0,12,6.475628
0.0,2,6.475731
0.0,23,6.476297
0.0,13,6.476635
0.0,18,6.477093
0.0,9,6.477356
0.0,21,6.477866
0.0,8,6.478117
0.0,1,6.478196
0.0,5,6.47837
0.0,8,6.478606
0.0,3,6.478737
0.0,18,6.479188
0.0,6,6.479377
0.0,4,6.47952
0.0,8,6.479748
0.0,1,6.479824
0.0,3,6.479947
0.0,6,6.480145
0.0,5,6.480313
0.0,4,6.480458
0.0,20,6.480949
0.0,6,6.481147
0.0,3,6.481271
0.0,2,6.481371
0.0,4,6.48152
0.0,2,6.481622
0.0,1,6.481699
0.0,12,6.482029
0.0,4,6.482174
0.0,19,6.48265
0.0,1,6.482728
0.0,1,6.482803
0.0,33,6.483582
0.0,10,6.48387
0.0,9,6.484138
1.0,8,6.484369
0.0,11,6.484671
1.0,16,6.485077
0.0,3,6.485205
0.0,3,6.485329
0.0,8,6.485568
0.0,9,6.485823
0.0,9,6.486092
0.0,6,6.486287
0.0,6,6.486474
0.0,7,6.486686
0.0,1,6.486762
0.0,5,6.486928
1.0,53,6.488141
0.0,6,6.488337
0.0,13,6.488684
0.0,6,6.48887
0.0,7,6.489096
0.0,1,6.489174
0.0,9,6.489433
0.0,3,6.489556
0.0,6,6.489748
0.0,9,6.489999
0.0,1,6.490085
0.0,1,6.490162
0.0,6,6.490357
0.0,18,6.4908
1.0,22,6.491333
0.0,17,6.491752
0.0,11,6.492062
0.0,11,6.492358
0.0,4,6.492507
0.0,7,6.492725
0.0,12,6.493058
0.0,31,6.493778
0.0,9,6.494038
0.0,4,6.494183
0.0,4,6.494331
0.0,5,6.4945
0.0,19,6.494974
0.0,10,6.495254
0.0,26,6.495869
0.0,3,6.495991
0.0,24,6.496575
0.0,1,6.496656
0.0,52,6.497868
0.0,20,6.49838
0.0,10,6.498663
0.0,1,6.498744
0.0,2,6.49885
0.0,2,6.498951
0.0,18,6.499413
0.0,3,6.499537
0.0,9,6.499788
0.0,22,6.50033
1.0,21,6.50084
0.0,4,6.500984
0.0,1,6.501074
0.0,4,6.501221
0.0,7,6.501428
0.0,1,6.501504
0.0,1,6.50158
0.0,15,6.501963
0.0,26,6.502586
0.0,13,6.502934
0.0,3,6.503065
0.0,3,6.503189
0.0,4,6.503336
0.0,2,6.503438
0.0,17,6.503865
0.0,7,6.504082
0.0,10,6.50436
0.0,8,6.504594
0.0,10,6.50487
0.0,5,6.50505
0.0,8,6.505288
0.0,16,6.505693
0.0,3,6.505824
0.0,3,6.50595
0.0,5,6.506126
0.0,3,6.506258
0.0,2,6.506363
0.0,25,6.506966
0.0,9,6.507251
0.0,3,6.507392
0.0,15,6.507775
0.0,18,6.508238
0.0,3,6.508363
0.0,5,6.508528
0.0,6,6.508723
0.0,7,6.508932
0.0,5,6.509115
0.0,4,6.509265
0.0,2,6.509371
0.0,23,6.509926
1.0,16,6.510337
0.0,6,6.510523
0.0,1,6.510599
0.0,19,6.511073
0.0,9,6.511328
0.0,16,6.511734
0.0,8,6.51197
0.0,2,6.512079
0.0,9,6.512333
0.0,4,6.512481
0.0,3,6.512609
0.0,11,6.512915
0.0,13,6.513272
0.0,5,6.513445
0.0,1,6.513521
0.0,24,6.514106
0.0,26,6.514717
0.0,6,6.514908
0.0,13,6.515263
0.0,5,6.515434
0.0,2,6.515534
0.0,7,6.515743
0.0,4,6.515887
0.0,6,6.516087
0.0,7,6.516304
0.0,3,6.516427
0.0,4,6.516574
0.0,8,6.516804
0.0,13,6.517149
0.0,7,6.517362
0.0,2,6.517463
0.0,2,6.517568
0.0,4,6.517712
0.0,28,6.518382
0.0,10,6.518655
0.0,19,6.519139
0.0,3,6.519266
0.0,21,6.519781
0.0,6,6.519968
0.0,12,6.520298
0.0,6,6.520487
0.0,2,6.520587
0.0,8,6.520827
0.0,19,6.521297
0.0,8,6.52153
0.0,8,6.52176
1.0,7,6.521969
0.0,1,6.522053
0.0,4,6.5222
0.0,1,6.52228
0.0,4,6.522427
0.0,37,6.523276
0.0,5,6.523445
0.0,10,6.523714
0.0,10,6.52399
0.0,6,6.524186
0.0,20,6.524671
0.0,4,6.524814
0.0,2,6.524918
0.0,10,6.52521
0.0,11,6.525508
1.0,17,6.525924
0.0,6,6.52612
0.0,14,6.526488
0.0,11,6.526785
0.0,8,6.527023
0.0,17,6.527456
0.0,8,6.527685
0.0,6,6.527879
0.0,6,6.528084
1.0,25,6.528686
0.0,7,6.528895
0.0,4,6.529049
0.0,14,6.529415
0.0,8,6.52965
0.0,6,6.52984
0.0,14,6.530214
0.0,4,6.530359
1.0,11,6.53065
0.0,7,6.530864
0.0,5,6.531046
0.0,8,6.531281
0.0,3,6.53141
0.0,26,6.532039
0.0,1,6.532117
0.0,7,6.532331
0.0,11,6.532627
0.0,19,6.533107
0.0,4,6.533258
0.0,12,6.533576
0.0,4,6.533726
0.0,2,6.533834
1.0,13,6.534184
0.0,8,6.534413
0.0,8,6.534651
0.0,10,6.534929
0.0,11,6.535236
0.0,6,6.535423
1.0,13,6.535771
0.0,6,6.535962
0.0,8,6.536213
0.0,7,6.536433
0.0,11,6.536726
0.0,8,6.536967
0.0,8,6.537213
0.0,6,6.537411
0.0,35,6.53822
0.0,5,6.538388
0.0,17,6.538816
0.0,4,6.538968
0.0,2,6.539077
0.0,1,6.539158
0.0,11,6.539456
0.0,8,6.53969
0.0,11,6.540009
0.0,15,6.540394
0.0,4,6.540537
0.0,5,6.540705
0.0,1,6.540781
0.0,2,6.540887
0.0,2,6.540992
0.0,5,6.541178
0.0,4,6.541325
0.0,3,6.541457
0.0,2,6.541558
0.0,3,6.54168
0.0,12,6.542
0.0,8,6.542248
0.0,1,6.542325
0.0,12,6.542651
0.0,6,6.542845
0.0,4,6.542994
0.0,4,6.543148
0.0,4,6.543295
0.0,10,6.543573
0.0,7,6.543779
0.0,5,6.543944
0.0,8,6.544187
0.0,9,6.544445
0.0,4,6.54459
0.0,7,6.544797
0.0,5,6.544968
0.0,3,6.545106
0.0,4,6.545259
0.0,3,6.545383
0.0,17,6.54581
0.0,7,6.546039
0.0,1,6.546122
0.0,11,6.546418
0.0,18,6.546869
0.0,12,6.547196
0.0,9,6.547453
0.0,4,6.547596
0.0,7,6.547804
0.0,10,6.548094
0.0,1,6.548171
0.0,14,6.548536
0.0,4,6.548679
0.0,1,6.548758
0.0,25,6.549372
0.0,6,6.549566
0.0,12,6.549889
0.0,4,6.550052
0.0,17,6.550476
0.0,3,6.550602
0.0,5,6.550776
0.0,2,6.550883
0.0,5,6.551059
0.0,3,6.551181
0.0,6,6.551374
0.0,5,6.551541
0.0,10,6.551819
0.0,9,6.552087
0.0,1,6.552166
0.0,4,6.552316
0.0,7,6.552532
0.0,5,6.552699
0.0,1,6.552778
0.0,19,6.553261
0.0,10,6.553534
0.0,7,6.553747
0.0,17,6.55418
0.0,2,6.554282
0.0,2,6.554383
1.0,22,6.554915
0.0,9,6.555186
0.0,6,6.555376
0.0,2,6.555475
0.0,4,6.555619
0.0,1,6.555694
0.0,1,6.555774
0.0,6,6.555962
0.0,4,6.556112
0.0,8,6.556346
0.0,2,6.556446
0.0,5,6.556613
0.0,7,6.556826
0.0,4,6.556978
0.0,2,6.557087
0.0,6,6.55728
0.0,15,6.557662
0.0,10,6.557943
0.0,5,6.55812
0.0,17,6.558547
0.0,8,6.558775
0.0,1,6.558865
0.0,6,6.559066
0.0,1,6.559148
0.0,4,6.559299
0.0,9,6.559556
0.0,41,6.560508
0.0,2,6.560611
0.0,6,6.5608
0.0,12,6.561129
1.0,15,6.561514
0.0,4,6.561664
0.0,11,6.561957
0.0,10,6.562241
0.0,8,6.56247
1.0,6,6.562665
1.0,24,6.563251
0.0,23,6.563818
0.0,16,6.56424
1.0,12,6.564563
1.0,8,6.564797
0.0,20,6.565296
0.0,19,6.565758
0.0,7,6.565971
0.0,13,6.566317
0.0,9,6.566567
0.0,2,6.566671
0.0,5,6.566842
0.0,4,6.566987
0.0,7,6.567209
0.0,9,6.567466
0.0,8,6.567692
0.0,14,6.568068
1.0,17,6.56849
0.0,7,6.568695
0.0,7,6.568909
0.0,3,6.56904
0.0,3,6.569168
0.0,17,6.569591
0.0,6,6.569784
0.0,4,6.569929
0.0,12,6.570257
0.0,7,6.570465
0.0,16,6.570869
0.0,3,6.570992
0.0,11,6.571296
0.0,18,6.571734
0.0,4,6.571883
0.0,12,6.572217
0.0,2,6.57232
0.0,3,6.572443
0.0,2,6.572549
0.0,2,6.57265
0.0,9,6.572909
0.0,5,6.57309
0.0,25,6.57369
0.0,10,6.573963
0.0,4,6.57418
0.0,8,6.574423
0.0,37,6.575293
0.0,5,6.57546
0.0,3,6.575582
0.0,2,6.575686
0.0,10,6.575964
0.0,8,6.576209
0.0,2,6.576311
0.0,18,6.576757
0.0,6,6.576942
0.0,5,6.577117
0.0,3,6.577241
0.0,12,6.57756
0.0,5,6.577724
0.0,4,6.577873
0.0,13,6.578222
0.0,24,6.578784
0.0,3,6.578906
1.0,29,6.579587
0.0,3,6.57971
0.0,13,6.580065
0.0,12,6.580386
0.0,5,6.580554
1.0,14,6.580909
0.0,13,6.581253
0.0,4,6.581405
0.0,10,6.581676
0.0,14,6.582043
0.0,14,6.582411
0.0,18,6.58285
0.0,9,6.583113
0.0,3,6.583237
0.0,30,6.583933
0.0,34,6.584706
0.0,21,6.585222
0.0,13,6.585558
0.0,5,6.585732
0.0,3,6.585856
0.0,1,6.585932
0.0,2,6.586045
0.0,1,6.586126
0.0,11,6.586436
0.0,21,6.586948
0.0,1,6.587032
0.0,5,6.5872
0.0,10,6.587475
0.0,8,6.587707
0.0,17,6.588144
0.0,6,6.588337
0.0,1,6.588414
0.0,10,6.588694
0.0,38,6.589563
0.0,5,6.589729
0.0,3,6.589851
0.0,12,6.590178
0.0,3,6.590307
0.0,4,6.590452
0.0,6,6.590645
0.0,1,6.590722
0.0,1,6.590798
0.0,5,6.590965
0.0,7,6.591191
0.0,8,6.591423
0.0,3,6.591551
0.0,12,6.591875
0.0,1,6.591956
0.0,5,6.592132
0.0,4,6.592278
0.0,1,6.592352
0.0,6,6.592545
0.0,35,6.59335
1.0,24,6.593917
0.0,10,6.594212
0.0,6,6.594408
0.0,1,6.594485
0.0,10,6.594756
0.0,3,6.594877
0.0,5,6.595051
0.0,1,6.595128
0.0,2,6.595228
0.0,4,6.595378
0.0,3,6.595506
0.0,3,6.595635
0.0,1,6.595712
0.0,7,6.595928
0.0,1,6.59601
0.0,8,6.596249
0.0,7,6.596458
0.0,7,6.596666
0.0,3,6.596787
0.0,1,6.596863
0.0,3,6.59699
0.0,5,6.597173
0.0,1,6.59725
1.0,14,6.597616
0.0,28,6.59829
1.0,12,6.598609
0.0,3,6.598731
0.0,9,6.598985
0.0,7,6.599204
0.0,14,6.599576
0.0,4,6.599721
0.0,24,6.600308
0.0,8,6.600548
0.0,3,6.600673
0.0,4,6.600816
0.0,2,6.60092
0.0,4,6.601078
0.0,4,6.601224
0.0,11,6.601516
0.0,29,6.602199
0.0,7,6.602408
0.0,7,6.602616
0.0,1,6.602695
0.0,6,6.602888
0.0,5,6.60307
0.0,7,6.603288
0.0,10,6.603577
0.0,5,6.603751
0.0,2,6.603853
0.0,32,6.604615
0.0,7,6.604831
0.0,2,6.604931
0.0,8,6.605167
0.0,3,6.605289
0.0,10,6.605559
0.0,13,6.605897
1.0,11,6.60621
0.0,6,6.606399
0.0,5,6.606563
0.0,6,6.606748
0.0,3,6.606875
0.0,10,6.607164
0.0,3,6.607293
0.0,9,6.607549
0.0,2,6.607654
0.0,14,6.608026
0.0,22,6.608561
0.0,7,6.608776
0.0,15,6.60917
0.0,7,6.609379
0.0,5,6.609548
0.0,24,6.610124
0.0,9,6.610381
0.0,16,6.610788
0.0,1,6.610864
0.0,8,6.611109
0.0,9,6.611362
0.0,5,6.611527
0.0,2,6.611626
0.0,2,6.611726
1.0,8,6.611955
0.0,3,6.612087
0.0,22,6.612612
0.0,46,6.613667
0.0,13,6.614016
0.0,6,6.614211
0.0,12,6.614539
0.0,4,6.614693
0.0,8,6.614926
0.0,3,6.61506
0.0,4,6.615212
0.0,18,6.615664
0.0,6,6.615861
0.0,3,6.615984
0.0,8,6.616223
0.0,7,6.61643
0.0,2,6.61653
0.0,5,6.616696
0.0,14,6.61707
0.0,1,6.617151
0.0,5,6.617319
0.0,11,6.617621
0.0,9,6.617876
0.0,9,6.618137
0.0,9,6.618394
0.0,16,6.618802
0.0,1,6.618882
0.0,5,6.619068
0.0,2,6.619171
0.0,7,6.619386
0.0,7,6.619596
0.0,6,6.619782
0.0,9,6.620039
0.0,13,6.620372
0.0,5,6.620543
0.0,4,6.620687
0.0,7,6.620901
0.0,1,6.620978
0.0,6,6.621176
0.0,5,6.621342
0.0,5,6.621506
0.0,8,6.621741
0.0,2,6.621846
0.0,7,6.622071
0.0,3,6.622196
0.0,8,6.622446
0.0,1,6.622524
0.0,9,6.622782
0.0,9,6.623043
0.0,2,6.623144
0.0,2,6.62325
0.0,3,6.623373
0.0,5,6.623543
0.0,1,6.623619
0.0,10,6.623899
0.0,13,6.624246
0.0,5,6.624424
0.0,3,6.624549
0.0,5,6.624717
0.0,9,6.624969
0.0,2,6.625078
1.0,9,6.625337
0.0,3,6.625458
0.0,4,6.625604
0.0,3,6.625724
0.0,10,6.626013
0.0,2,6.626115
0.0,22,6.626658
0.0,1,6.626736
0.0,15,6.627135
0.0,7,6.627344
0.0,7,6.627558
0.0,6,6.627754
0.0,2,6.627855
0.0,5,6.628038
0.0,3,6.628167
1.0,26,6.628782
0.0,13,6.629124
0.0,12,6.629438
0.0,5,6.629604
0.0,13,6.629947
0.0,1,6.630036
1.0,23,6.630589
0.0,3,6.630716
0.0,4,6.630866
0.0,26,6.631499
0.0,3,6.631622
0.0,2,6.631723
0.0,2,6.631824
0.0,6,6.632024
0.0,7,6.632233
0.0,9,6.632492
0.0,9,6.632755
0.0,3,6.632878
0.0,2,6.632983
0.0,3,6.633117
0.0,3,6.633241
0.0,12,6.633551
0.0,2,6.633651
0.0,10,6.633933
0.0,33,6.63469
0.0,4,6.634836
0.0,3,6.634966
0.0,1,6.635051
0.0,5,6.635226
0.0,13,6.635574
0.0,4,6.635725
0.0,10,6.636012
0.0,8,6.63625
0.0,6,6.636437
0.0,10,6.636718
0.0,5,6.636888
0.0,53,6.638083
0.0,7,6.6383
1.0,11,6.638598
0.0,14,6.63896
0.0,30,6.63968
0.0,7,6.639896
0.0,15,6.64029
0.0,1,6.640368
0.0,52,6.641555
0.0,24,6.642139
0.0,9,6.642392
0.0,7,6.642599
0.0,8,6.642825
0.0,8,6.643061
0.0,1,6.643138
0.0,16,6.643545
0.0,5,6.643709
0.0,7,6.643922
0.0,11,6.644227
0.0,16,6.644629
0.0,1,6.644708
0.0,6,6.644901
0.0,4,6.645063
0.0,21,6.645593
0.0,2,6.645694
0.0,9,6.645949
1.0,35,6.646767
0.0,12,6.647095
0.0,6,6.64729
0.0,12,6.647606
0.0,9,6.647856
0.0,2,6.64796
0.0,5,6.648139
0.0,26,6.648747
0.0,9,6.648996
0.0,5,6.649169
0.0,3,6.649293
0.0,2,6.649393
0.0,3,6.649515
0.0,5,6.649688
0.0,9,6.64994
0.0,3,6.65007
0.0,13,6.650404
0.0,21,6.650914
0.0,5,6.651096
0.0,9,6.651358
0.0,6,6.651551
0.0,6,6.651744
0.0,9,6.652
0.0,2,6.652112
0.0,14,6.652467
0.0,17,6.652894
0.0,19,6.653367
0.0,8,6.653601
0.0,3,6.653723
0.0,13,6.654076
0.0,5,6.65425
0.0,1,6.654327
0.0,1,6.654404
0.0,5,6.65457
0.0,8,6.654799
0.0,5,6.65497
0.0,2,6.65508
1.0,13,6.655415
0.0,5,6.655579
0.0,3,6.655702
0.0,23,6.656265
0.0,11,6.656557
0.0,3,6.656685
0.0,12,6.65701
0.0,15,6.6574
0.0,1,6.657478
0.0,2,6.657584
1.0,18,6.658044
0.0,3,6.658169
1.0,13,6.658504
0.0,20,6.65899
0.0,8,6.659233
0.0,5,6.659404
0.0,1,6.659484
0.0,10,6.659759
0.0,2,6.659863
0.0,8,6.660105
0.0,10,6.660387
0.0,4,6.660538
0.0,5,6.660709
0.0,1,6.660786
0.0,3,6.660913
0.0,26,6.661549
0.0,9,6.661801
0.0,8,6.662036
0.0,23,6.662596
1.0,16,6.663011
1.0,10,6.663283
0.0,6,6.663477
0.0,14,6.663837
0.0,5,6.664012
0.0,24,6.664587
0.0,13,6.664936
0.0,25,6.665531
0.0,7,6.665746
0.0,6,6.665937
0.0,3,6.666072
0.0,8,6.666305
0.0,1,6.666381
0.0,3,6.66651
0.0,7,6.666725
0.0,2,6.666826
0.0,6,6.667022
0.0,7,6.667243
0.0,6,6.667432
0.0,2,6.667537
0.0,6,6.667726
0.0,8,6.667961
0.0,5,6.668143
0.0,2,6.668246
0.0,14,6.668611
0.0,25,6.669219
0.0,1,6.669298
0.0,6,6.669487
0.0,11,6.669787
0.0,1,6.669864
0.0,2,6.669969
0.0,1,6.670054
0.0,1,6.670131
0.0,18,6.670577
0.0,5,6.670751
0.0,16,6.671165
0.0,6,6.671357
1.0,26,6.671973
0.0,10,6.672263
0.0,1,6.672342
0.0,8,6.672579
0.0,2,6.672679
0.0,5,6.672845
1.0,16,6.673254
0.0,6,6.673441
0.0,1,6.673523
0.0,4,6.67367
0.0,28,6.674347
0.0,34,6.675211
0.0,19,6.675676
0.0,10,6.675954
0.0,1,6.676044
0.0,13,6.67639
0.0,6,6.676586
0.0,9,6.676846
0.0,1,6.676922
0.0,9,6.67719
0.0,4,6.677337
0.0,32,6.678094
0.0,16,6.678505
0.0,5,6.678671
0.0,13,6.679018
0.0,22,6.679561
0.0,1,6.679642
0.0,5,6.679814
0.0,3,6.679937
0.0,3,6.680068
0.0,1,6.680149
0.0,3,6.680276
0.0,14,6.680641
0.0,1,6.68072
0.0,17,6.681159
0.0,8,6.681399
0.0,15,6.681778
0.0,3,6.681903
0.0,9,6.68217
0.0,5,6.682344
0.0,1,6.682422
0.0,4,6.682567
0.0,6,6.682758
0.0,4,6.682906
0.0,4,6.683062
0.0,2,6.683164
0.0,1,6.68324
0.0,6,6.683438
0.0,6,6.683631
0.0,3,6.683754
0.0,1,6.68383
0.0,2,6.683931
0.0,12,6.68426
0.0,4,6.68441
0.0,1,6.684487
0.0,4,6.684642
0.0,3,6.684765
0.0,3,6.684902
0.0,24,6.685489
0.0,8,6.685727
0.0,7,6.685935
0.0,8,6.686182
0.0,4,6.686328
0.0,9,6.686578
0.0,2,6.686679
0.0,15,6.687073
0.0,9,6.687332
0.0,4,6.687477
0.0,6,6.687669
0.0,2,6.68777
0.0,6,6.687968
0.0,8,6.688214
0.0,6,6.688401
0.0,8,6.688642
0.0,14,6.68901
0.0,7,6.689226
0.0,7,6.68944
0.0,2,6.68954
0.0,4,6.689684
0.0,7,6.689893
0.0,19,6.690378
0.0,6,6.690574
0.0,2,6.690676
0.0,5,6.690846
0.0,16,6.691263
0.0,3,6.691392
0.0,1,6.691469
0.0,20,6.691953
0.0,3,6.692084
0.0,16,6.692487
1.0,31,6.693209
0.0,31,6.693933
0.0,7,6.694154
0.0,13,6.694492
0.0,22,6.695041
0.0,2,6.695144
0.0,3,6.695268
0.0,4,6.695412
0.0,9,6.695668
0.0,9,6.695931
0.0,4,6.696085
0.0,8,6.696325
0.0,13,6.696673
0.0,8,6.696909
0.0,8,6.697148
0.0,9,6.697413
0.0,17,6.697841
0.0,10,6.698132
0.0,20,6.698625
0.0,3,6.698753
0.0,7,6.698971
0.0,4,6.699126
0.0,9,6.699389
0.0,8,6.699622
0.0,6,6.69981
0.0,13,6.700159
0.0,3,6.700282
0.0,15,6.700674
1.0,14,6.701043
0.0,19,6.701511
1.0,17,6.701938
0.0,34,6.702728
0.0,9,6.702993
0.0,17,6.703426
0.0,2,6.703532
0.0,10,6.703819
0.0,5,6.703992
0.0,3,6.704126
1.0,13,6.704475
0.0,3,6.704596
0.0,19,6.705077
0.0,11,6.705371
0.0,8,6.705606
0.0,4,6.705757
0.0,11,6.70607
0.0,28,6.706722
0.0,21,6.707255
0.0,2,6.707358
0.0,7,6.707575
0.0,8,6.707811
0.0,25,6.708416
1.0,19,6.708888
0.0,7,6.709111
0.0,6,6.709299
0.0,16,6.709703
0.0,10,6.709971
0.0,12,6.710297
0.0,5,6.710471
0.0,7,6.710687
0.0,37,6.711546
0.0,4,6.711692
0.0,10,6.711973
1.0,16,6.71238
0.0,4,6.712524
0.0,1,6.712605
0.0,3,6.71273
0.0,5,6.712901
0.0,4,6.713054
0.0,7,6.713268
0.0,5,6.713441
0.0,4,6.713586
0.0,14,6.713945
0.0,4,6.714103
0.0,5,6.714269
1.0,10,6.714541
0.0,5,6.714705
0.0,16,6.715124
0.0,6,6.715312
0.0,5,6.715486
0.0,1,6.715563
0.0,11,6.715867
0.0,18,6.716316
0.0,7,6.716536
0.0,8,6.716774
0.0,9,6.717043
0.0,1,6.717126
0.0,1,6.717203
0.0,9,6.71746
0.0,13,6.717799
0.0,1,6.717875
1.0,16,6.718298
0.0,1,6.718379
0.0,2,6.718484
0.0,3,6.718608
0.0,18,6.719063
0.0,19,6.719535
0.0,9,6.719784
0.0,20,6.720273
1.0,14,6.720631
0.0,4,6.720782
0.0,12,6.721119
0.0,5,6.721287
0.0,9,6.721539
0.0,1,6.721614
0.0,12,6.72194
0.0,33,6.722715
0.0,9,6.722966
0.0,24,6.723552
0.0,8,6.723784
0.0,5,6.723955
0.0,6,6.724153
0.0,11,6.724448
0.0,9,6.724707
0.0,5,6.724871
0.0,21,6.725375
0.0,32,6.726119
0.0,18,6.726564
0.0,13,6.726912
0.0,6,6.727114
0.0,10,6.727399
0.0,7,6.727612
0.0,13,6.727949
0.0,5,6.728125
0.0,9,6.728385
0.0,4,6.728535
0.0,1,6.728611
0.0,4,6.728763
0.0,5,6.728934
0.0,17,6.729368
0.0,1,6.729447
0.0,23,6.73001
0.0,3,6.730139
0.0,33,6.730899
0.0,10,6.731189
0.0,5,6.73136
0.0,16,6.731763
1.0,6,6.731957
0.0,10,6.732235
0.0,5,6.732401
0.0,8,6.732641
0.0,1,6.732718
0.0,11,6.733028
0.0,10,6.733305
0.0,5,6.733471
0.0,18,6.73391
0.0,13,6.734261
0.0,9,6.734511
0.0,10,6.734786
0.0,4,6.734935
0.0,10,6.735225
0.0,5,6.735396
0.0,15,6.735772
0.0,6,6.735959
0.0,30,6.73667
0.0,3,6.736793
0.0,3,6.736914
0.0,5,6.737089
0.0,6,6.737276
0.0,2,6.737376
0.0,5,6.737548
0.0,7,6.737762
0.0,4,6.737906
0.0,7,6.738131
0.0,2,6.738233
0.0,3,6.738355
0.0,10,6.738627
0.0,1,6.738704
0.0,2,6.738805
0.0,1,6.738881
0.0,14,6.739254
0.0,19,6.739732
0.0,3,6.739857
0.0,19,6.740329
0.0,9,6.74058
1.0,19,6.741059
0.0,7,6.741274
0.0,8,6.741502
0.0,4,6.74165
0.0,27,6.742292
0.0,11,6.742582
0.0,15,6.74296
0.0,5,6.743133
0.0,12,6.743451
0.0,25,6.744065
0.0,11,6.744364
0.0,25,6.74496
0.0,18,6.745414
1.0,6,6.745603
0.0,16,6.746011
1.0,8,6.746255
0.0,18,6.746701
0.0,7,6.746916
0.0,1,6.746999
0.0,29,6.747694
0.0,5,6.74786
0.0,5,6.748036
0.0,5,6.748207
0.0,14,6.748573
0.0,2,6.74868
0.0,6,6.748873
0.0,12,6.749204
0.0,1,6.749283
0.0,13,6.749625
0.0,8,6.749858
0.0,15,6.750245
0.0,7,6.750461
0.0,6,6.750648
0.0,16,6.751064
0.0,9,6.751323
1.0,28,6.751978
0.0,5,6.752155
0.0,18,6.752603
0.0,2,6.752704
0.0,2,6.752803
0.0,10,6.753092
1.0,21,6.753606
0.0,16,6.754017
0.0,5,6.754185
1.0,15,6.754578
0.0,6,6.754766
0.0,6,6.754954
0.0,5,6.755139
0.0,4,6.755291
0.0,4,6.755436
0.0,9,6.755694
0.0,2,6.7558
0.0,11,6.756119
0.0,4,6.756266
0.0,5,6.756432
0.0,2,6.756536
0.0,3,6.756665
0.0,4,6.756818
0.0,4,6.756971
0.0,28,6.757635
0.0,6,6.757833
0.0,17,6.758284
0.0,11,6.758588
0.0,4,6.758732
0.0,10,6.759016
0.0,11,6.75932
0.0,10,6.759591
0.0,9,6.759843
0.0,8,6.760095
0.0,31,6.760807
0.0,3,6.760936
0.0,7,6.761157
0.0,5,6.761333
0.0,8,6.761565
0.0,2,6.761666
0.0,1,6.761745
0.0,3,6.761875
0.0,13,6.762229
0.0,1,6.762311
0.0,18,6.762769
0.0,2,6.762871
0.0,1,6.762946
0.0,9,6.763215
0.0,5,6.763391
0.0,3,6.763514
0.0,14,6.763873
0.0,6,6.764073
0.0,15,6.764454
0.0,3,6.764578
0.0,27,6.765233
0.0,39,6.76614
0.0,5,6.76631
0.0,8,6.766551
0.0,5,6.766718
0.0,4,6.76686
0.0,10,6.767143
0.0,16,6.76755
0.0,10,6.767825
0.0,10,6.768107
0.0,3,6.768236
0.0,2,6.768342
0.0,1,6.768423
0.0,13,6.768774
0.0,3,6.768898
0.0,30,6.769623
0.0,9,6.769876
0.0,9,6.770149
0.0,2,6.770252
0.0,8,6.770488
0.0,1,6.770566
0.0,9,6.770823
0.0,19,6.771313
0.0,8,6.77155
0.0,1,6.77163
0.0,16,6.772049
0.0,10,6.772325
0.0,6,6.772512
0.0,3,6.772633
0.0,16,6.773041
0.0,3,6.773164
0.0,4,6.773309
0.0,9,6.773567
0.0,19,6.774034
0.0,4,6.774189
0.0,6,6.774379
0.0,4,6.774523
0.0,6,6.774711
0.0,5,6.774877
0.0,9,6.775142
0.0,4,6.775287
0.0,8,6.77552
0.0,9,6.77577
0.0,10,6.776052
0.0,8,6.776282
0.0,8,6.776517
0.0,2,6.776618
0.0,18,6.777077
1.0,10,6.777363
0.0,8,6.777604
0.0,5,6.777771
0.0,15,6.778169
0.0,3,6.778293
0.0,8,6.778596
0.0,7,6.778811
0.0,9,6.779076
0.0,6,6.779266
0.0,6,6.779456
0.0,18,6.779906
0.0,8,6.780153
0.0,3,6.780282
0.0,5,6.780455
0.0,1,6.780536
0.0,4,6.780688
0.0,3,6.780818
0.0,3,6.780941
0.0,38,6.781833
0.0,16,6.782249
0.0,3,6.782379
0.0,3,6.782506
0.0,7,6.782721
0.0,2,6.782821
1.0,33,6.7836
0.0,4,6.783748
1.0,39,6.784664
0.0,15,6.785069
0.0,9,6.785325
0.0,5,6.785492
0.0,9,6.785748
0.0,14,6.786115
0.0,7,6.786325
0.0,4,6.786469
0.0,7,6.786693
0.0,6,6.786887
0.0,4,6.787041
0.0,5,6.787209
0.0,8,6.787439
0.0,7,6.787654
0.0,6,6.787848
1.0,41,6.788794
0.0,6,6.788988
0.0,5,6.789164
0.0,10,6.789434
0.0,25,6.790039
0.0,16,6.790436
0.0,3,6.790563
0.0,11,6.790856
0.0,9,6.791123
0.0,4,6.791276
0.0,8,6.791506
0.0,2,6.791607
0.0,18,6.792071
0.0,7,6.792288
0.0,7,6.792503
0.0,7,6.792719
0.0,1,6.7928
0.0,4,6.792946
0.0,7,6.793167
0.0,13,6.793522
0.0,2,6.793624
0.0,3,6.793747
0.0,9,6.793998
0.0,22,6.794538
0.0,10,6.794813
0.0,1,6.794889
0.0,11,6.795203
0.0,6,6.795398
0.0,4,6.795543
0.0,15,6.79593
0.0,18,6.796391
0.0,6,6.796585
0.0,6,6.796775
0.0,3,6.796897
0.0,25,6.797511
0.0,8,6.797742
0.0,5,6.797908
0.0,4,6.79807
0.0,13,6.798407
0.0,5,6.798572
0.0,3,6.798695
0.0,2,6.7988
0.0,10,6.79909
0.0,17,6.799515
1.0,8,6.799743
1.0,11,6.800044
0.0,23,6.800594
0.0,33,6.801373
0.0,6,6.801562
0.0,4,6.801706
0.0,7,6.80192
0.0,15,6.802318
0.0,21,6.802828
0.0,4,6.802977
0.0,5,6.803151
0.0,18,6.803603
0.0,15,6.803984
0.0,2,6.804099
0.0,4,6.804245
0.0,19,6.804719
0.0,15,6.805116
0.0,11,6.805421
0.0,23,6.80597
0.0,5,6.806149
0.0,4,6.8063
0.0,4,6.806445
1.0,15,6.806838
1.0,9,6.807099
0.0,4,6.807243
0.0,2,6.807343
0.0,6,6.80754
0.0,4,6.807684
0.0,11,6.807983
1.0,21,6.808518
0.0,14,6.80888
0.0,10,6.809175
0.0,11,6.809479
0.0,8,6.80971
0.0,20,6.810213
0.0,3,6.810344
0.0,1,6.810421
1.0,26,6.811062
0.0,4,6.811212
0.0,1,6.811289
0.0,5,6.811459
0.0,4,6.811604
0.0,9,6.811855
1.0,12,6.81219
0.0,5,6.812364
0.0,6,6.812552
0.0,2,6.812653
0.0,13,6.812997
0.0,6,6.813194
0.0,14,6.813552
0.0,1,6.813632
0.0,3,6.813757
0.0,2,6.813861
0.0,7,6.814084
0.0,3,6.814209
0.0,11,6.814502
0.0,1,6.814582
0.0,6,6.81477
0.0,6,6.814957
0.0,10,6.815238
0.0,8,6.815473
0.0,8,6.815701
0.0,16,6.816115
0.0,8,6.816349
0.0,7,6.816565
0.0,1,6.816641
0.0,2,6.816747
0.0,10,6.817032
0.0,10,6.817315
0.0,9,6.817571
1.0,23,6.818134
0.0,29,6.818822
0.0,10,6.819111
0.0,1,6.819189
0.0,17,6.819618
0.0,12,6.819953
0.0,14,6.820323
0.0,3,6.820448
0.0,2,6.820549
0.0,9,6.8208
0.0,5,6.820965
0.0,5,6.82114
0.0,7,6.821349
0.0,7,6.821563
0.0,5,6.821735
0.0,21,6.822258
0.0,13,6.822602
0.0,3,6.822725
0.0,4,6.822869
0.0,1,6.822945
0.0,11,6.823246
0.0,17,6.823667
0.0,2,6.823769
0.0,16,6.824177
0.0,6,6.824364
0.0,6,6.82456
0.0,13,6.824914
0.0,6,6.825117
0.0,7,6.825334
0.0,2,6.825435
0.0,6,6.825623
0.0,3,6.825746
0.0,3,6.82587
0.0,10,6.826163
0.0,2,6.82627
0.0,17,6.826698
0.0,32,6.827446
0.0,22,6.827976
0.0,3,6.82811
0.0,2,6.828217
1.0,11,6.82852
0.0,7,6.828736
0.0,7,6.828951
0.0,14,6.829318
0.0,6,6.829506
0.0,9,6.829763
0.0,27,6.830411
0.0,4,6.830557
0.0,6,6.830748
0.0,1,6.830828
0.0,11,6.83114
0.0,11,6.831438
0.0,4,6.831589
0.0,7,6.831806
0.0,17,6.832242
0.0,2,6.832344
0.0,5,6.832514
0.0,13,6.832857
0.0,10,6.833147
0.0,8,6.833384
0.0,7,6.833593
0.0,42,6.834552
0.0,1,6.834635
0.0,6,6.834821
0.0,1,6.834896
0.0,10,6.835189
0.0,6,6.835379
0.0,11,6.835672
0.0,2,6.835773
0.0,7,6.835992
0.0,49,6.837094
1.0,23,6.837657
0.0,49,6.838773
0.0,2,6.838881
0.0,38,6.839755
0.0,4,6.839909
0.0,3,6.840046
0.0,33,6.840827
0.0,3,6.840956
0.0,5,6.841137
0.0,3,6.841267
0.0,1,6.841344
0.0,3,6.841474
0.0,5,6.841642
0.0,1,6.841722
0.0,18,6.84219
0.0,3,6.84232
0.0,2,6.842422
0.0,2,6.842522
0.0,4,6.84267
0.0,1,6.842746
0.0,10,6.843028
0.0,12,6.843348
0.0,6,6.843533
0.0,20,6.844039
0.0,6,6.844232
1.0,18,6.844674
0.0,7,6.844891
0.0,16,6.845307
0.0,7,6.845518
0.0,7,6.845731
0.0,11,6.846036
0.0,4,6.846186
0.0,19,6.846658
0.0,4,6.846807
0.0,2,6.846907
0.0,1,6.846987
0.0,5,6.84717
0.0,1,6.847251
0.0,28,6.847913
0.0,1,6.847994
0.0,16,6.848415
0.0,8,6.848656
0.0,6,6.848845
0.0,7,6.849066
0.0,16,6.849467
0.0,10,6.849745
0.0,8,6.849974
0.0,13,6.850321
0.0,10,6.8506
0.0,9,6.850852
0.0,12,6.851174
0.0,11,6.851469
1.0,14,6.851832
0.0,3,6.851959
1.0,13,6.852319
0.0,4,6.852469
0.0,2,6.852571
0.0,4,6.852715
0.0,3,6.852836
0.0,7,6.853054
0.0,2,6.853155
0.0,2,6.853255
0.0,27,6.853899
0.0,16,6.854319
0.0,2,6.854421
0.0,13,6.854754
0.0,4,6.854898
0.0,19,6.855374
0.0,8,6.855616
0.0,1,6.855693
0.0,4,6.855842
0.0,15,6.856239
0.0,13,6.856577
0.0,10,6.856858
0.0,1,6.856935
0.0,3,6.857066
0.0,4,6.857217
0.0,3,6.85734
0.0,17,6.85776
0.0,34,6.858566
0.0,14,6.858935
0.0,12,6.85927
0.0,8,6.8595
0.0,28,6.860169
0.0,17,6.860596
0.0,7,6.860809
0.0,1,6.860886
0.0,17,6.861316
1.0,18,6.861773
0.0,6,6.86197
0.0,6,6.862175
0.0,2,6.862278
0.0,8,6.862509
0.0,7,6.862721
0.0,16,6.863138
0.0,42,6.864125
0.0,3,6.864249
0.0,10,6.864529
0.0,16,6.864938
0.0,14,6.865314
0.0,9,6.865571
0.0,10,6.865842
0.0,7,6.866071
0.0,31,6.866807
0.0,25,6.867411
0.0,15,6.867792
0.0,2,6.867895
0.0,6,6.8681
0.0,25,6.868704
1.0,40,6.869635
0.0,7,6.869844
0.0,19,6.87032
0.0,15,6.870705
0.0,10,6.870983
0.0,3,6.871117
0.0,1,6.871197
0.0,6,6.871391
0.0,13,6.871727
0.0,24,6.872313
0.0,3,6.872442
0.0,4,6.872592
0.0,19,6.87308
0.0,16,6.873492
0.0,11,6.873787
0.0,3,6.873909
0.0,10,6.8742
0.0,5,6.874368
0.0,14,6.874737
0.0,4,6.874882
0.0,1,6.874958
0.0,10,6.875244
0.0,3,6.875371
0.0,9,6.875629
0.0,9,6.875885
0.0,3,6.876015
0.0,19,6.876486
0.0,18,6.876926
0.0,7,6.877145
0.0,7,6.877357
0.0,3,6.877488
0.0,12,6.877812
0.0,3,6.87794
0.0,5,6.878115
0.0,8,6.878359
1.0,13,6.878704
0.0,8,6.878934
0.0,2,6.87905
0.0,10,6.879333
0.0,5,6.879499
0.0,9,6.879762
0.0,8,6.879996
0.0,1,6.880083
0.0,1,6.880161
0.0,32,6.880908
0.0,1,6.880988
1.0,24,6.881567
0.0,3,6.881689
0.0,3,6.881813
0.0,2,6.881917
0.0,10,6.882208
0.0,7,6.882418
0.0,10,6.882689
0.0,3,6.882811
0.0,2,6.882912
0.0,6,6.883111
0.0,6,6.883303
0.0,1,6.883381
0.0,6,6.883569
0.0,17,6.884016
0.0,2,6.884123
0.0,36,6.885044
0.0,12,6.885376
0.0,10,6.88566
0.0,22,6.886195
0.0,13,6.886539
0.0,9,6.886799
0.0,9,6.887068
0.0,11,6.887369
0.0,5,6.887541
0.0,2,6.887642
0.0,3,6.887763
0.0,7,6.887972
0.0,19,6.888455
0.0,2,6.888559
0.0,3,6.888683
0.0,5,6.88886
0.0,13,6.889218
0.0,12,6.889542
0.0,7,6.889755
0.0,1,6.889833
0.0,4,6.889979
0.0,8,6.890219
0.0,5,6.890393
0.0,18,6.890852
0.0,21,6.891375
0.0,3,6.8915
0.0,3,6.891629
0.0,3,6.891754
0.0,37,6.892619
0.0,3,6.892745
0.0,25,6.893353
0.0,4,6.893504
0.0,4,6.893654
0.0,3,6.893778
0.0,3,6.8939
0.0,3,6.894042
0.0,12,6.89436
0.0,30,6.895065
0.0,6,6.895253
0.0,3,6.895376
0.0,8,6.895609
0.0,6,6.895797
0.0,1,6.895873
0.0,1,6.895949
0.0,2,6.896062
0.0,19,6.89654
0.0,6,6.896743
0.0,12,6.897088
0.0,2,6.897192
0.0,2,6.897298
0.0,24,6.897884
0.0,15,6.898274
0.0,22,6.898808
0.0,12,6.899142
0.0,9,6.899395
0.0,15,6.899779
1.0,20,6.900277
0.0,4,6.900423
0.0,6,6.900616
0.0,3,6.900744
0.0,3,6.900875
0.0,1,6.900952
0.0,7,6.901172
0.0,19,6.901656
0.0,10,6.901936
0.0,3,6.902072
0.0,4,6.902225
0.0,14,6.902584
0.0,13,6.902929
0.0,20,6.903438
0.0,4,6.903591
0.0,5,6.903759
0.0,9,6.904027
0.0,5,6.904204
0.0,1,6.904284
0.0,3,6.904412
0.0,5,6.904583
0.0,7,6.904792
0.0,10,6.905072
0.0,3,6.905197
0.0,6,6.905385
0.0,12,6.905699
0.0,23,6.906254
0.0,9,6.906511
0.0,15,6.9069
0.0,3,6.907033
0.0,1,6.907117
0.0,8,6.907353
0.0,4,6.907507
0.0,4,6.907656
0.0,4,6.907806
0.0,9,6.908067
0.0,23,6.908616
0.0,6,6.908803
0.0,14,6.909173
0.0,5,6.90934
0.0,16,6.909735
0.0,10,6.910024
0.0,5,6.910192
1.0,42,6.911167
0.0,3,6.911291
0.0,1,6.911368
0.0,21,6.911884
0.0,10,6.912173
0.0,22,6.912703
0.0,3,6.912833
0.0,15,6.913222
0.0,24,6.913792
0.0,7,6.914009
0.0,9,6.914263
0.0,4,6.914407
1.0,11,6.914713
1.0,10,6.914994
0.0,6,6.915199
0.0,8,6.915429
0.0,4,6.915574
0.0,5,6.915737
0.0,8,6.915967
0.0,5,6.916145
0.0,3,6.91627
0.0,1,6.916346
0.0,11,6.91664
0.0,6,6.916832
0.0,18,6.91728
0.0,8,6.917508
0.0,9,6.917764
0.0,7,6.917987
0.0,7,6.918208
0.0,9,6.918465
0.0,38,6.919345
0.0,13,6.919686
0.0,4,6.919835
0.0,5,6.92
0.0,4,6.920159
0.0,4,6.920304
0.0,5,6.920473
0.0,5,6.92064
0.0,1,6.920716
0.0,34,6.921499
0.0,8,6.921729
0.0,39,6.922611
0.0,1,6.922692
0.0,12,6.923021
0.0,4,6.923171
0.0,34,6.923954
0.0,3,6.924088
0.0,4,6.924233
0.0,9,6.924488
0.0,30,6.925197
0.0,3,6.925321
0.0,4,6.92547
0.0,30,6.926184
0.0,7,6.926393
0.0,1,6.926469
0.0,19,6.926927
0.0,5,6.927101
0.0,13,6.927434
0.0,9,6.927684
0.0,1,6.927764
0.0,14,6.928152
0.0,2,6.928255
0.0,10,6.928536
0.0,23,6.92909
0.0,5,6.92926
0.0,3,6.929389
0.0,15,6.929771
0.0,6,6.929957
0.0,44,6.930965
0.0,2,6.93108
0.0,2,6.931183
1.0,14,6.93154
0.0,19,6.932016
0.0,1,6.932099
0.0,3,6.932224
1.0,11,6.932517
0.0,14,6.932873
0.0,15,6.933266
1.0,17,6.933689
0.0,18,6.93415
0.0,14,6.934524
0.0,18,6.93496
0.0,9,6.935223
0.0,15,6.93561
0.0,3,6.935734
0.0,7,6.935951
0.0,5,6.936127
0.0,6,6.936317
1.0,11,6.936609
0.0,7,6.93682
1.0,43,6.937784
0.0,27,6.938429
0.0,9,6.938683
0.0,12,6.938995
0.0,8,6.939233
1.0,49,6.940351
0.0,5,6.940522
0.0,16,6.940966
0.0,8,6.941224
0.0,15,6.941633
0.0,13,6.941978
0.0,19,6.942503
0.0,11,6.9428
0.0,1,6.942876
0.0,7,6.943114
1.0,11,6.943444
0.0,5,6.943609
1.0,30,6.944365
0.0,2,6.944472
0.0,7,6.944687
0.0,10,6.944959
0.0,1,6.945064
0.0,8,6.945333
1.0,23,6.945868
0.0,9,6.946149
0.0,2,6.946264
0.0,9,6.946535
0.0,8,6.946767
0.0,2,6.946873
0.0,9,6.947158
0.0,18,6.947627
0.0,11,6.947925
0.0,5,6.948101
0.0,4,6.948247
0.0,48,6.949343
0.0,4,6.949495
0.0,12,6.949814
1.0,18,6.950263
0.0,8,6.950498
0.0,4,6.950648
1.0,19,6.951127
0.0,5,6.951298
0.0,9,6.951559
0.0,5,6.951726
0.0,14,6.952109
0.0,1,6.952188
0.0,9,6.952446
0.0,5,6.952612
0.0,3,6.952738
0.0,1,6.952815
0.0,4,6.952959
0.0,5,6.953132
0.0,15,6.95351
0.0,6,6.953702
0.0,10,6.953979
0.0,1,6.954065
0.0,3,6.95419
0.0,1,6.954267
0.0,24,6.954847
0.0,16,6.955262
0.0,2,6.955364
0.0,11,6.955657
1.0,29,6.956341
0.0,6,6.956533
0.0,28,6.957199
0.0,2,6.957305
0.0,6,6.957493
0.0,5,6.95766
0.0,7,6.95788
0.0,8,6.958123
0.0,3,6.958249
0.0,4,6.958393
0.0,3,6.958519
0.0,3,6.958643
0.0,4,6.958793
1.0,13,6.959149
0.0,3,6.959274
0.0,11,6.959577
0.0,9,6.959858
0.0,4,6.960017
0.0,10,6.960303
0.0,14,6.960668
0.0,16,6.961081
0.0,3,6.96121
0.0,10,6.961481
0.0,25,6.962067
0.0,2,6.962173
0.0,7,6.962386
0.0,2,6.962487
0.0,3,6.96261
0.0,5,6.962775
0.0,7,6.962989
0.0,2,6.963104
0.0,1,6.963185
0.0,4,6.963332
0.0,3,6.963455
0.0,1,6.963534
1.0,11,6.963834
0.0,2,6.963933
0.0,11,6.964235
0.0,1,6.964317
1.0,16,6.964721
0.0,12,6.965049
0.0,13,6.965388
0.0,4,6.965543
0.0,11,6.965847
0.0,15,6.966241
0.0,4,6.96639
0.0,14,6.966746
0.0,18,6.96721
0.0,1,6.967288
0.0,11,6.967586
1.0,15,6.967973
0.0,10,6.96826
0.0,4,6.968412
0.0,3,6.968535
0.0,4,6.968679
0.0,10,6.968953
0.0,4,6.969106
0.0,13,6.969447
0.0,3,6.969569
0.0,4,6.969712
0.0,6,6.969898
0.0,9,6.97016
0.0,4,6.970311
0.0,13,6.970657
0.0,9,6.970915
0.0,3,6.971049
0.0,4,6.971199
0.0,15,6.971583
0.0,22,6.972128
0.0,7,6.972342
0.0,1,6.972423
0.0,8,6.972655
0.0,26,6.973283
0.0,3,6.973412
0.0,7,6.973626
0.0,13,6.973964
0.0,8,6.974199
0.0,6,6.974386
0.0,11,6.974677
0.0,5,6.974841
0.0,1,6.97492
0.0,6,6.975123
0.0,9,6.975374
0.0,2,6.975475
0.0,18,6.975924
0.0,4,6.976079
0.0,10,6.976366
0.0,5,6.976534
0.0,16,6.976929
0.0,6,6.977133
0.0,3,6.977263
0.0,2,6.977369
0.0,6,6.977562
0.0,12,6.977885
0.0,39,6.978785
0.0,7,6.978996
0.0,13,6.979351
0.0,21,6.979864
0.0,6,6.980067
0.0,12,6.980389
1.0,16,6.980792
0.0,1,6.980871
0.0,18,6.981333
0.0,3,6.981457
0.0,7,6.98167
0.0,19,6.982143
1.0,17,6.982573
0.0,10,6.982846
0.0,8,6.983089
0.0,4,6.983235
0.0,4,6.983379
0.0,8,6.983608
0.0,7,6.983815
0.0,4,6.983959
0.0,6,6.984163
0.0,9,6.984422
0.0,1,6.984499
0.0,6,6.984686
0.0,8,6.984924
0.0,6,6.985123
0.0,5,6.98529
0.0,20,6.98578
0.0,7,6.985987
0.0,18,6.986439
0.0,18,6.986874
0.0,1,6.986949
0.0,13,6.987291
0.0,7,6.987505
0.0,11,6.987806
0.0,7,6.988021
0.0,5,6.988195
1.0,19,6.988663
0.0,17,6.989095
0.0,13,6.989506
0.0,15,6.989895
0.0,6,6.990094
0.0,6,6.990289
0.0,40,6.991226
0.0,8,6.991465
0.0,10,6.991749
1.0,14,6.992112
0.0,4,6.992264
0.0,10,6.992546
0.0,7,6.99276
0.0,30,6.993485
0.0,9,6.993743
0.0,7,6.993957
0.0,11,6.994275
0.0,1,6.994354
0.0,7,6.99457
1.0,17,6.994993
0.0,3,6.995126
0.0,20,6.995608
0.0,12,6.995917
0.0,6,6.996112
0.0,4,6.996267
1.0,18,6.996713
0.0,15,6.997098
0.0,3,6.997222
0.0,19,6.997698
0.0,7,6.997914
0.0,4,6.998077
0.0,8,6.998309
0.0,1,6.998384
0.0,3,6.998508
0.0,2,6.998613
0.0,1,6.998689
0.0,1,6.998765
0.0,24,6.999358
0.0,2,6.999466
0.0,3,6.999591
0.0,6,6.999785
0.0,3,6.999913
0.0,7,7.000138
0.0,6,7.000335
0.0,4,7.000479
0.0,2,7.000579
0.0,5,7.000749
0.0,7,7.000959
0.0,5,7.001135
0.0,7,7.001353
0.0,1,7.00143
0.0,2,7.001531
0.0,15,7.001923
0.0,13,7.002278
0.0,3,7.002409
0.0,8,7.00265
0.0,10,7.002932
0.0,1,7.003017
0.0,13,7.003364
0.0,9,7.003621
0.0,6,7.00381
0.0,3,7.003934
0.0,15,7.00432
0.0,15,7.004717
0.0,9,7.004971
0.0,1,7.005055
0.0,1,7.005137
0.0,27,7.00579
0.0,7,7.005998
0.0,1,7.00609
0.0,29,7.006776
0.0,1,7.006853
0.0,29,7.007537
1.0,13,7.007882
0.0,32,7.008669
0.0,12,7.008996
0.0,7,7.009222
0.0,3,7.00935
0.0,16,7.009756
0.0,5,7.009931
0.0,3,7.010063
0.0,12,7.010387
0.0,21,7.01091
0.0,3,7.011047
0.0,3,7.011178
0.0,18,7.011625
0.0,39,7.012532
0.0,18,7.012988
0.0,10,7.013272
0.0,8,7.013503
0.0,3,7.013628
0.0,5,7.013795
0.0,11,7.014103
0.0,4,7.014255
1.0,13,7.014595
0.0,13,7.014931
0.0,20,7.015424
0.0,51,7.016588
0.0,29,7.017276
0.0,6,7.017465
0.0,11,7.017766
0.0,12,7.018095
0.0,8,7.018326
1.0,14,7.018688
0.0,4,7.018831
0.0,18,7.01929
0.0,6,7.019481
0.0,9,7.019744
0.0,12,7.020083
0.0,6,7.020282
0.0,1,7.020359
0.0,8,7.020597
0.0,11,7.020895
0.0,5,7.021072
0.0,3,7.021197
1.0,9,7.021449
0.0,1,7.021528
0.0,3,7.021655
0.0,1,7.021734
0.0,5,7.021903
0.0,1,7.021984
0.0,9,7.022252
0.0,3,7.022379
0.0,3,7.022503
0.0,8,7.022737
0.0,6,7.022927
0.0,12,7.023255
0.0,15,7.023646
0.0,12,7.023958
0.0,10,7.024242
0.0,6,7.024439
0.0,7,7.024647
0.0,4,7.024795
0.0,32,7.025545
0.0,2,7.025647
0.0,3,7.025772
0.0,2,7.025872
0.0,6,7.026079
1.0,25,7.026675
0.0,1,7.026754
0.0,1,7.026831
0.0,11,7.027143
0.0,8,7.027379
0.0,2,7.02748
0.0,3,7.027603
0.0,1,7.027682
0.0,3,7.027807
0.0,4,7.027951
0.0,1,7.028041
0.0,6,7.028234
0.0,10,7.028512
0.0,1,7.028588
1.0,20,7.029089
0.0,15,7.029473
0.0,6,7.029672
0.0,2,7.029773
0.0,6,7.029965
0.0,14,7.030342
0.0,9,7.030603
0.0,1,7.030684
0.0,4,7.03083
0.0,20,7.031337
0.0,6,7.031535
0.0,18,7.031978
0.0,10,7.032264
0.0,14,7.032626
0.0,1,7.032706
0.0,7,7.032921
0.0,4,7.033082
0.0,5,7.033258
0.0,13,7.033603
0.0,9,7.033861
0.0,5,7.034041
0.0,3,7.034167
0.0,9,7.034423
0.0,4,7.034573
0.0,6,7.034761
0.0,2,7.034867
0.0,4,7.035028
0.0,4,7.035197
0.0,24,7.035807
0.0,1,7.035884
0.0,4,7.03606
0.0,2,7.036168
0.0,4,7.036334
0.0,4,7.036477
0.0,18,7.036929
0.0,3,7.03706
0.0,13,7.037393
0.0,11,7.037696
0.0,5,7.037868
0.0,10,7.038163
0.0,8,7.038395
0.0,1,7.038471
0.0,2,7.038573
0.0,4,7.038718
0.0,3,7.03884
0.0,8,7.039101
0.0,1,7.039187
0.0,8,7.039439
0.0,2,7.039543
0.0,7,7.039756
0.0,8,7.039986
0.0,12,7.040305
0.0,6,7.040489
0.0,24,7.041068
0.0,10,7.04134
0.0,12,7.041665
0.0,9,7.041914
0.0,6,7.04212
0.0,4,7.042266
0.0,23,7.042807
0.0,1,7.042883
1.0,39,7.043782
0.0,15,7.044181
0.0,13,7.044527
0.0,15,7.044904
0.0,9,7.045169
0.0,2,7.045272
0.0,5,7.045439
0.0,6,7.045632
0.0,6,7.045824
0.0,1,7.045904
0.0,6,7.046101
0.0,26,7.046714
0.0,33,7.04748
0.0,27,7.048126
1.0,10,7.048405
0.0,52,7.04958
0.0,1,7.049662
0.0,15,7.050051
0.0,7,7.050266
0.0,11,7.050569
0.0,5,7.050736
0.0,2,7.050836
0.0,1,7.050912
0.0,15,7.051308
0.0,13,7.051655
0.0,3,7.051782
0.0,11,7.052087
0.0,3,7.052214
0.0,4,7.052366
0.0,1,7.052444
0.0,14,7.052817
0.0,3,7.052941
0.0,8,7.053183
0.0,6,7.053372
0.0,5,7.053538
0.0,11,7.053835
0.0,5,7.054008
0.0,2,7.054112
0.0,3,7.054241
0.0,8,7.054472
0.0,8,7.054708
0.0,3,7.05483
0.0,7,7.055052
0.0,1,7.05513
0.0,2,7.055232
0.0,2,7.055332
0.0,18,7.055779
0.0,2,7.055884
1.0,12,7.056219
0.0,40,7.057151
0.0,4,7.057299
0.0,10,7.057576
0.0,36,7.058425
0.0,5,7.058594
0.0,22,7.059144
0.0,1,7.059227
0.0,2,7.05933
0.0,8,7.059562
0.0,9,7.059825
0.0,2,7.059927
0.0,8,7.060179
0.0,10,7.06046
0.0,1,7.060536
0.0,5,7.060708
0.0,8,7.060939
0.0,10,7.061231
0.0,7,7.061443
0.0,6,7.061641
0.0,52,7.062835
0.0,10,7.063118
0.0,3,7.063248
0.0,2,7.063349
0.0,4,7.063494
0.0,35,7.064325
1.0,12,7.064648
0.0,12,7.064974
0.0,8,7.065222
0.0,21,7.065737
0.0,6,7.065923
0.0,1,7.066
0.0,23,7.066567
0.0,4,7.066712
0.0,7,7.066919
0.0,4,7.067071
0.0,10,7.06735
0.0,10,7.067628
0.0,5,7.067795
0.0,4,7.067945
0.0,4,7.068099
0.0,2,7.068206
0.0,3,7.068337
0.0,11,7.068632
0.0,7,7.06884
1.0,9,7.069105
0.0,15,7.069489
0.0,8,7.069724
1.0,9,7.069973
0.0,5,7.07015
0.0,5,7.070326
0.0,9,7.070587
0.0,9,7.070844
0.0,1,7.07092
0.0,1,7.070997
0.0,6,7.0712
0.0,1,7.071278
0.0,3,7.071408
0.0,5,7.07158
0.0,2,7.071687
0.0,8,7.071915
0.0,8,7.072159
0.0,11,7.072457
1.0,12,7.072778
0.0,3,7.072899
0.0,6,7.073098
1.0,11,7.073395
0.0,7,7.073602
1.0,14,7.073957
0.0,12,7.074286
0.0,18,7.07474
1.0,23,7.075302
0.0,5,7.075476
0.0,7,7.075691
0.0,15,7.076086
0.0,10,7.076359
0.0,2,7.076464
0.0,3,7.076588
0.0,22,7.077135
0.0,9,7.077392
0.0,6,7.077584
0.0,4,7.077734
0.0,22,7.078293
0.0,9,7.078543
0.0,4,7.078692
0.0,22,7.079241
0.0,4,7.079399
0.0,12,7.07972
1.0,28,7.080437
0.0,2,7.080545
0.0,11,7.080849
0.0,3,7.080973
0.0,1,7.081074
0.0,1,7.081156
0.0,20,7.081675
0.0,4,7.081821
0.0,10,7.082109
0.0,8,7.082341
0.0,15,7.08272
0.0,7,7.082931
0.0,11,7.083265
0.0,3,7.083407
1.0,16,7.083816
1.0,16,7.08426
0.0,12,7.084601
0.0,4,7.084754
0.0,14,7.08513
0.0,3,7.085256
0.0,14,7.08562
0.0,1,7.085701
0.0,13,7.086071
1.0,45,7.087132
0.0,1,7.087217
0.0,23,7.087798
0.0,8,7.088037
0.0,54,7.089271
0.0,7,7.089497
0.0,4,7.089644
0.0,8,7.089873
0.0,8,7.090133
0.0,8,7.090456
0.0,3,7.090605
0.0,5,7.090773
0.0,3,7.090901
0.0,4,7.091077
0.0,10,7.091386
0.0,5,7.091563
0.0,9,7.091825
0.0,17,7.09231
1.0,16,7.092748
0.0,26,7.09342
1.0,17,7.093846
0.0,32,7.094596
0.0,19,7.095098
0.0,8,7.095363
0.0,6,7.095555
0.0,3,7.095684
0.0,4,7.095836
0.0,12,7.096195
0.0,1,7.096277
0.0,4,7.09644
0.0,2,7.096548
0.0,7,7.096765
0.0,7,7.096984
0.0,7,7.097205
0.0,3,7.097334
0.0,9,7.097594
0.0,2,7.097696
0.0,5,7.097869
0.0,1,7.097946
0.0,20,7.098495
0.0,2,7.098603
0.0,3,7.098726
0.0,8,7.098957
0.0,14,7.099376
0.0,22,7.099921
0.0,5,7.100104
0.0,9,7.100366
0.0,2,7.100469
0.0,10,7.10075
0.0,8,7.100984
0.0,5,7.101183
0.0,6,7.101392
0.0,5,7.101556
0.0,4,7.101705
0.0,18,7.102195
0.0,16,7.10263
0.0,6,7.102823
0.0,8,7.103063
0.0,7,7.103284
0.0,1,7.103365
0.0,1,7.103442
0.0,10,7.103724
0.0,6,7.103911
0.0,2,7.104023
0.0,5,7.104198
0.0,20,7.104686
0.0,7,7.1049
0.0,8,7.105141
0.0,1,7.105223
0.0,14,7.10559
0.0,15,7.105974
0.0,16,7.106383
0.0,6,7.106574
0.0,10,7.106847
1.0,10,7.107139
0.0,12,7.10746
0.0,7,7.107668
0.0,3,7.107795
0.0,40,7.10877
0.0,1,7.108852
0.0,5,7.109033
0.0,16,7.109446
1.0,21,7.109948
0.0,1,7.110033
0.0,9,7.110292
0.0,37,7.111164
0.0,2,7.111267
1.0,23,7.111818
0.0,6,7.112018
0.0,1,7.112097
0.0,8,7.112327
0.0,3,7.112448
0.0,37,7.113309
0.0,15,7.11369
0.0,4,7.113844
0.0,5,7.11402
0.0,9,7.11428
0.0,3,7.114402
0.0,2,7.114501
0.0,3,7.114628
0.0,11,7.114931
0.0,12,7.115258
0.0,9,7.115507
1.0,16,7.11592
0.0,11,7.116224
0.0,8,7.116453
0.0,7,7.116659
0.0,1,7.116735
0.0,1,7.116812
0.0,5,7.116978
0.0,19,7.11746
1.0,18,7.117911
0.0,10,7.118191
0.0,2,7.118301
0.0,3,7.118425
0.0,9,7.118678
0.0,2,7.118783
0.0,10,7.119081
0.0,3,7.119206
0.0,1,7.119282
0.0,6,7.11947
0.0,9,7.119736
0.0,2,7.119838
0.0,15,7.12023
0.0,4,7.120374
0.0,1,7.12045
0.0,20,7.12094
0.0,13,7.12129
0.0,13,7.121633
0.0,4,7.121778
0.0,3,7.1219
0.0,2,7.121999
0.0,4,7.122153
0.0,6,7.122344
0.0,13,7.122689
0.0,18,7.123147
0.0,3,7.123276
0.0,3,7.123406
0.0,4,7.123552
0.0,2,7.123657
0.0,1,7.123734
0.0,24,7.124318
0.0,5,7.124485
0.0,6,7.124671
0.0,13,7.125022
1.0,15,7.125404
0.0,3,7.125525
0.0,4,7.125669
0.0,15,7.126063
0.0,12,7.126387
0.0,8,7.126625
0.0,8,7.126864
1.0,7,7.127084
0.0,3,7.127212
0.0,6,7.1274
0.0,17,7.127826
0.0,5,7.127998
0.0,5,7.128176
0.0,11,7.128476
0.0,8,7.128709
1.0,27,7.129363
0.0,2,7.129465
1.0,17,7.129891
0.0,9,7.130153
0.0,2,7.13026
0.0,10,7.130544
0.0,6,7.130734
0.0,42,7.1317
0.0,11,7.132011
0.0,6,7.132205
0.0,23,7.132769
0.0,23,7.133337
0.0,5,7.133508
0.0,2,7.13361
0.0,10,7.133881
0.0,2,7.133987
0.0,7,7.134202
0.0,9,7.134458
0.0,9,7.134716
0.0,4,7.134866
0.0,3,7.134993
0.0,4,7.135148
0.0,25,7.135741
0.0,5,7.135913
0.0,4,7.136077
0.0,17,7.136504
0.0,3,7.136629
0.0,1,7.136706
0.0,4,7.136856
0.0,3,7.136981
0.0,7,7.137201
1.0,18,7.137649
0.0,7,7.137857
0.0,4,7.138017
0.0,1,7.138097
0.0,10,7.138369
0.0,13,7.138705
0.0,23,7.139268
1.0,15,7.139655
0.0,7,7.139875
0.0,3,7.140008
1.0,20,7.140495
0.0,3,7.140616
0.0,2,7.14072
0.0,25,7.141345
1.0,11,7.141652
0.0,3,7.141775
0.0,1,7.141851
0.0,5,7.142025
0.0,11,7.142322
0.0,2,7.142424
1.0,16,7.142832
0.0,1,7.142908
0.0,9,7.143172
0.0,5,7.143348
0.0,3,7.143472
0.0,13,7.143813
0.0,16,7.144243
0.0,1,7.144323
0.0,3,7.144451
0.0,24,7.145034
0.0,1,7.145116
0.0,1,7.145193
0.0,16,7.145602
0.0,3,7.145727
0.0,15,7.146121
0.0,5,7.146287
0.0,4,7.14643
0.0,2,7.14653
0.0,6,7.146719
0.0,5,7.146885
0.0,2,7.146992
0.0,13,7.147342
0.0,20,7.147829
0.0,9,7.148103
0.0,10,7.148388
0.0,2,7.14849
0.0,6,7.148683
0.0,9,7.14894
0.0,24,7.149531
0.0,1,7.149612
0.0,4,7.149759
0.0,26,7.150388
0.0,6,7.150576
0.0,5,7.150741
0.0,1,7.150816
0.0,3,7.150939
1.0,14,7.151316
0.0,1,7.151394
0.0,2,7.151495
0.0,17,7.151913
0.0,9,7.15218
0.0,2,7.152287
0.0,5,7.152453
0.0,1,7.152529
0.0,8,7.152764
0.0,8,7.152999
0.0,1,7.153089
0.0,8,7.153335
0.0,3,7.153458
0.0,1,7.153533
0.0,4,7.153678
0.0,5,7.153849
0.0,1,7.153927
0.0,2,7.154038
0.0,13,7.154384
0.0,3,7.154508
0.0,2,7.154608
0.0,3,7.154736
0.0,1,7.154812
0.0,6,7.155016
0.0,1,7.155096
0.0,1,7.155172
0.0,1,7.155248
0.0,4,7.155393
0.0,10,7.155673
0.0,7,7.155887
0.0,9,7.156161
0.0,3,7.15629
0.0,6,7.156479
0.0,15,7.156866
1.0,13,7.15721
0.0,8,7.157445
0.0,7,7.157666
0.0,1,7.157743
0.0,19,7.15822
0.0,3,7.158344
0.0,12,7.158665
1.0,9,7.158926
0.0,3,7.159063
0.0,5,7.159238
0.0,12,7.159559
1.0,21,7.160073
0.0,4,7.160222
0.0,7,7.160434
0.0,12,7.160753
0.0,5,7.160916
0.0,17,7.161349
0.0,5,7.161515
0.0,7,7.161728
0.0,4,7.161872
0.0,18,7.162338
0.0,3,7.162461
0.0,13,7.162807
0.0,1,7.162887
0.0,3,7.163019
0.0,9,7.163272
0.0,7,7.16348
0.0,7,7.163687
1.0,24,7.164261
0.0,4,7.164404
0.0,3,7.164532
0.0,14,7.164897
0.0,5,7.165077
0.0,24,7.165648
0.0,7,7.165857
0.0,5,7.16603
0.0,12,7.166353
0.0,2,7.166459
0.0,1,7.16654
0.0,2,7.166647
0.0,3,7.166771
0.0,7,7.166982
0.0,2,7.167109
0.0,13,7.167467
0.0,7,7.167681
0.0,3,7.167808
0.0,2,7.167914
0.0,3,7.168067
0.0,5,7.168244
0.0,10,7.168544
0.0,4,7.168694
0.0,4,7.168838
0.0,4,7.168982
0.0,14,7.169349
0.0,3,7.169479
0.0,2,7.169581
0.0,2,7.169681
0.0,7,7.169889
0.0,7,7.170135
0.0,2,7.170248
0.0,4,7.17041
0.0,19,7.170868
0.0,11,7.171197
0.0,8,7.171454
0.0,1,7.171531
0.0,4,7.171675
0.0,3,7.171798
0.0,2,7.171898
0.0,4,7.172052
0.0,15,7.17244
0.0,22,7.17298
0.0,3,7.173137
0.0,2,7.173246
0.0,4,7.173408
0.0,6,7.173595
1.0,36,7.174482
0.0,21,7.174997
0.0,5,7.17517
0.0,8,7.175407
0.0,8,7.175647
0.0,12,7.175962
0.0,3,7.176116
0.0,11,7.176441
0.0,2,7.176546
0.0,4,7.176692
0.0,3,7.176819
0.0,5,7.176991
0.0,15,7.177424
1.0,17,7.177845
0.0,11,7.17816
0.0,12,7.178483
0.0,8,7.178715
0.0,14,7.179098
0.0,11,7.179399
0.0,10,7.179675
0.0,7,7.179887
0.0,9,7.180153
0.0,14,7.180516
0.0,1,7.180597
0.0,8,7.180826
0.0,9,7.181091
0.0,2,7.181193
0.0,5,7.181358
0.0,10,7.181633
0.0,10,7.181913
0.0,10,7.182196
0.0,8,7.182425
0.0,4,7.182571
0.0,10,7.182848
0.0,8,7.183089
0.0,43,7.18408
0.0,3,7.184211
0.0,11,7.184513
0.0,4,7.184659
0.0,3,7.184788
0.0,7,7.185015
0.0,3,7.185142
0.0,4,7.185288
0.0,3,7.185417
0.0,5,7.185591
0.0,9,7.185844
0.0,9,7.186112
0.0,3,7.186244
0.0,1,7.186321
0.0,13,7.186664
0.0,5,7.186831
0.0,7,7.187055
0.0,5,7.187234
0.0,1,7.187311
0.0,4,7.187456
0.0,7,7.187666
0.0,14,7.188031
0.0,12,7.188354
0.0,3,7.188479
0.0,20,7.188963
0.0,19,7.189477
1.0,15,7.189874
0.0,16,7.190279
1.0,20,7.190875
0.0,6,7.191076
0.0,10,7.191349
0.0,8,7.191586
0.0,10,7.191867
0.0,18,7.192323
0.0,9,7.192582
0.0,4,7.19273
0.0,14,7.193103
0.0,19,7.19356
0.0,4,7.193707
0.0,7,7.193915
0.0,4,7.194067
0.0,7,7.19428
0.0,7,7.194494
1.0,10,7.194767
0.0,5,7.194933
0.0,1,7.195022
0.0,17,7.195456
0.0,7,7.195669
0.0,1,7.195749
1.0,60,7.197104
0.0,14,7.197471
0.0,7,7.197686
0.0,16,7.198107
0.0,8,7.198345
0.0,4,7.198489
0.0,1,7.198569
1.0,8,7.198806
0.0,6,7.198999
0.0,7,7.199218
0.0,1,7.199298
0.0,5,7.199471
0.0,3,7.199594
0.0,4,7.199739
0.0,16,7.200155
0.0,13,7.200505
0.0,7,7.200718
0.0,15,7.201114
0.0,6,7.201308
0.0,6,7.201501
0.0,8,7.201732
0.0,4,7.201879
0.0,8,7.202117
0.0,3,7.202246
0.0,10,7.202517
0.0,7,7.202726
0.0,17,7.203175
0.0,4,7.203327
0.0,8,7.203568
0.0,3,7.20369
0.0,16,7.204114
0.0,15,7.204529
0.0,8,7.20476
0.0,8,7.204993
0.0,4,7.20515
0.0,12,7.205473
0.0,1,7.205549
0.0,4,7.205694
0.0,17,7.206143
0.0,2,7.206249
0.0,2,7.206367
0.0,4,7.206514
0.0,4,7.206658
0.0,26,7.207332
0.0,13,7.2077
0.0,1,7.20778
0.0,3,7.207914
0.0,1,7.207989
0.0,31,7.208765
0.0,5,7.208931
0.0,5,7.209132
0.0,1,7.209214
0.0,6,7.209422
0.0,3,7.209543
0.0,4,7.209692
0.0,5,7.209863
1.0,18,7.210369
0.0,1,7.210447
0.0,7,7.21066
0.0,1,7.210737
0.0,18,7.2112
1.0,12,7.211519
0.0,2,7.211621
0.0,4,7.21177
0.0,3,7.211893
0.0,1,7.211973
0.0,3,7.212124
0.0,18,7.21259
0.0,2,7.212694
0.0,12,7.213032
0.0,18,7.213511
1.0,42,7.214473
1.0,20,7.214959
0.0,18,7.215456
1.0,17,7.215884
0.0,7,7.21612
0.0,10,7.216426
0.0,3,7.216548
0.0,14,7.216905
0.0,2,7.217011
0.0,7,7.217222
0.0,3,7.217349
0.0,12,7.21767
0.0,5,7.217845
0.0,11,7.218174
1.0,12,7.218519
0.0,4,7.218666
0.0,29,7.219409
0.0,13,7.219757
0.0,14,7.220159
0.0,3,7.220298
0.0,1,7.22039
0.0,6,7.220588
0.0,3,7.220711
0.0,21,7.221226
0.0,1,7.221303
0.0,18,7.221752
0.0,29,7.222489
0.0,10,7.222761
0.0,16,7.223199
0.0,10,7.223493
0.0,4,7.223639
0.0,3,7.223764
0.0,13,7.224118
0.0,1,7.224196
1.0,14,7.224559
0.0,6,7.224744
0.0,7,7.224961
1.0,13,7.225379
0.0,12,7.22572
0.0,24,7.226352
1.0,9,7.226605
0.0,21,7.227118
0.0,15,7.227494
0.0,12,7.227813
0.0,8,7.228072
0.0,12,7.228412
1.0,13,7.228749
0.0,6,7.228937
0.0,3,7.229088
0.0,3,7.229223
1.0,11,7.229541
1.0,20,7.230026
0.0,1,7.230107
0.0,7,7.230329
0.0,11,7.230625
0.0,6,7.230817
0.0,5,7.230991
0.0,11,7.231343
0.0,19,7.231817
0.0,3,7.231945
0.0,8,7.232214
0.0,19,7.232698
0.0,7,7.232907
0.0,10,7.233186
0.0,61,7.234585
0.0,3,7.234714
0.0,7,7.234933
0.0,4,7.235112
0.0,2,7.23522
0.0,2,7.235343
0.0,8,7.235583
0.0,21,7.236104
0.0,4,7.236253
0.0,8,7.236484
0.0,19,7.236951
0.0,8,7.23722
0.0,5,7.237406
0.0,9,7.237654
0.0,8,7.237883
0.0,3,7.238029
0.0,3,7.238161
0.0,12,7.238508
0.0,5,7.238675
0.0,2,7.238774
0.0,3,7.238897
0.0,4,7.239054
0.0,4,7.239199
0.0,2,7.2393
0.0,3,7.239429
0.0,11,7.239732
0.0,2,7.239833
0.0,6,7.240044
0.0,1,7.240125
0.0,10,7.240422
0.0,1,7.240498
0.0,8,7.240726
0.0,5,7.240895
0.0,4,7.241073
0.0,6,7.241275
0.0,2,7.241391
0.0,1,7.241467
0.0,15,7.241854
0.0,8,7.242096
0.0,3,7.242219
0.0,8,7.242454
0.0,7,7.242667
0.0,11,7.242969
0.0,2,7.243096
0.0,2,7.243203
0.0,4,7.243366
0.0,2,7.243464
0.0,18,7.243914
0.0,6,7.24413
0.0,1,7.244216
0.0,1,7.244297
1.0,13,7.244656
0.0,3,7.244783
0.0,3,7.244911
0.0,12,7.245234
0.0,12,7.245556
0.0,17,7.245989
0.0,7,7.246235
0.0,4,7.246403
0.0,6,7.24659
0.0,4,7.246742
0.0,6,7.246934
0.0,7,7.247176
0.0,12,7.24752
0.0,19,7.247991
0.0,3,7.248128
0.0,1,7.248206
0.0,5,7.248372
0.0,13,7.248717
0.0,3,7.248841
1.0,24,7.249463
0.0,5,7.24963
0.0,10,7.249912
0.0,29,7.250655
0.0,3,7.250781
0.0,12,7.251104
1.0,45,7.252147
0.0,15,7.25255
0.0,4,7.252699
0.0,36,7.253569
0.0,4,7.25372
0.0,5,7.253891
0.0,9,7.254154
0.0,7,7.25437
1.0,14,7.254728
0.0,7,7.254934
0.0,12,7.255253
0.0,10,7.25556
0.0,12,7.255881
0.0,1,7.255958
0.0,2,7.256087
0.0,13,7.256456
0.0,10,7.256741
0.0,3,7.256864
1.0,13,7.25722
0.0,5,7.257386
0.0,7,7.257605
0.0,5,7.257782
1.0,26,7.258465
0.0,9,7.258721
1.0,21,7.259279
0.0,10,7.259571
0.0,3,7.259695
0.0,1,7.259771
0.0,3,7.259894
0.0,2,7.259999
0.0,15,7.260385
0.0,6,7.26057
0.0,3,7.260699
0.0,4,7.260849
1.0,22,7.261436
0.0,9,7.261713
0.0,10,7.261985
1.0,10,7.262312
0.0,4,7.262455
0.0,2,7.262555
0.0,1,7.262635
0.0,1,7.262712
0.0,5,7.262879
1.0,15,7.263265
0.0,4,7.26341
0.0,21,7.263919
0.0,6,7.264136
0.0,21,7.264673
0.0,6,7.264867
0.0,2,7.264969
0.0,9,7.265255
0.0,2,7.265373
0.0,7,7.265587
0.0,6,7.265775
0.0,1,7.26585
0.0,3,7.265974
0.0,13,7.266325
0.0,1,7.266407
0.0,7,7.266629
0.0,3,7.266757
0.0,11,7.267086
0.0,3,7.267216
0.0,7,7.267448
0.0,13,7.267796
0.0,3,7.267919
0.0,9,7.268208
0.0,4,7.268373
0.0,6,7.268568
0.0,3,7.26869
0.0,38,7.269596
0.0,4,7.269747
0.0,8,7.269985
0.0,12,7.270359
0.0,5,7.27053
0.0,8,7.270758
0.0,3,7.27088
0.0,6,7.271098
0.0,36,7.27194
0.0,29,7.272633
0.0,5,7.272801
0.0,2,7.272901
0.0,10,7.273217
0.0,4,7.273386
0.0,20,7.273876
0.0,3,7.273998
0.0,2,7.274128
0.0,4,7.274289
0.0,4,7.27445
0.0,5,7.274621
0.0,7,7.274829
0.0,4,7.274972
0.0,3,7.275107
0.0,24,7.275675
0.0,7,7.275889
1.0,11,7.276215
0.0,3,7.276355
0.0,7,7.276563
0.0,11,7.276853
0.0,6,7.27707
0.0,3,7.277206
0.0,4,7.277375
0.0,4,7.27752
0.0,4,7.277666
0.0,14,7.278038
1.0,10,7.278313
1.0,13,7.278657
0.0,13,7.278989
1.0,8,7.279258
0.0,2,7.27938
0.0,2,7.279486
0.0,13,7.279833
0.0,4,7.279977
0.0,7,7.280228
0.0,20,7.280736
1.0,21,7.281242
0.0,6,7.281433
0.0,3,7.281555
0.0,8,7.281783
0.0,6,7.281968
0.0,3,7.282119
0.0,9,7.282394
0.0,5,7.282558
0.0,9,7.282809
0.0,6,7.282994
0.0,7,7.283244
0.0,11,7.283552
0.0,14,7.283904
0.0,5,7.284077
0.0,3,7.284199
0.0,1,7.284275
0.0,1,7.284351
0.0,1,7.284426
0.0,10,7.284699
0.0,30,7.285462
0.0,7,7.285677
0.0,61,7.287088
0.0,1,7.287167
0.0,9,7.287425
0.0,11,7.287719
0.0,8,7.287954
0.0,12,7.288312
0.0,4,7.288476
0.0,32,7.289253
0.0,8,7.289504
0.0,2,7.28961
0.0,6,7.289803
0.0,3,7.289927
0.0,16,7.290332
0.0,4,7.290476
0.0,2,7.290581
0.0,4,7.290726
0.0,2,7.290831
0.0,34,7.291691
0.0,6,7.291883
0.0,1,7.291964
0.0,3,7.292116
1.0,15,7.29263
0.0,41,7.293611
0.0,5,7.293787
0.0,14,7.29418
0.0,8,7.294438
0.0,5,7.294605
0.0,3,7.294733
0.0,8,7.294964
0.0,3,7.295115
0.0,6,7.295328
0.0,6,7.295514
0.0,4,7.295657
0.0,1,7.295733
1.0,9,7.295985
0.0,8,7.296232
0.0,5,7.2964
0.0,6,7.296592
0.0,16,7.297
0.0,4,7.297184
0.0,1,7.297263
0.0,2,7.29738
0.0,1,7.297456
0.0,15,7.297843
0.0,15,7.298255
0.0,25,7.298868
0.0,10,7.299147
0.0,35,7.299944
0.0,6,7.300164
0.0,5,7.300352
1.0,15,7.300725
0.0,8,7.300967
0.0,4,7.301141
0.0,16,7.301565
0.0,17,7.301984
0.0,3,7.302119
0.0,1,7.302202
0.0,11,7.302501
0.0,5,7.302674
0.0,3,7.302802
0.0,5,7.302973
0.0,5,7.30317
1.0,17,7.303622
0.0,6,7.303808
0.0,6,7.303999
0.0,5,7.3042
0.0,5,7.304385
0.0,34,7.305178
0.0,5,7.305346
0.0,4,7.30549
0.0,23,7.306065
0.0,4,7.306224
0.0,4,7.306393
0.0,12,7.306706
0.0,5,7.306871
0.0,8,7.307139
0.0,5,7.307336
0.0,3,7.30746
0.0,28,7.308151
0.0,12,7.308494
1.0,18,7.308948
0.0,19,7.309459
0.0,13,7.309806
0.0,6,7.309998
1.0,39,7.31095
0.0,2,7.311061
0.0,4,7.311206
1.0,6,7.311391
0.0,11,7.311682
1.0,23,7.312274
1.0,9,7.312541
0.0,2,7.312641
0.0,23,7.313234
1.0,9,7.31351
0.0,1,7.31359
0.0,8,7.313827
0.0,17,7.31426
0.0,22,7.3148
0.0,3,7.314925
0.0,5,7.31512
0.0,3,7.31525
0.0,4,7.315417
0.0,16,7.315819
0.0,4,7.315963
0.0,6,7.316193
0.0,7,7.31643
0.0,5,7.316598
0.0,2,7.316699
0.0,13,7.317061
0.0,9,7.317324
0.0,3,7.317447
0.0,3,7.317568
0.0,45,7.318633
0.0,14,7.318989
0.0,4,7.319169
0.0,4,7.319341
0.0,3,7.319465
0.0,9,7.319717
0.0,8,7.319953
0.0,4,7.320106
1.0,16,7.320512
0.0,5,7.320681
0.0,5,7.320853
0.0,8,7.321117
0.0,3,7.321247
0.0,9,7.321515
0.0,3,7.321637
0.0,5,7.321801
0.0,9,7.32208
0.0,13,7.322454
0.0,14,7.322811
0.0,4,7.322958
0.0,17,7.323397
0.0,3,7.323523
0.0,17,7.32395
0.0,15,7.324384
0.0,4,7.324537
0.0,5,7.324703
0.0,12,7.32504
0.0,7,7.325259
0.0,2,7.325379
1.0,28,7.32604
0.0,6,7.326233
1.0,13,7.326572
0.0,3,7.326694
0.0,1,7.32677
1.0,10,7.327069
0.0,16,7.327501
0.0,8,7.327731
0.0,16,7.328176
1.0,9,7.328461
0.0,15,7.328844
0.0,14,7.329221
0.0,7,7.329437
0.0,1,7.329515
0.0,17,7.329957
0.0,16,7.330412
0.0,14,7.330767
0.0,5,7.330931
0.0,14,7.331347
1.0,6,7.331537
0.0,11,7.33183
0.0,13,7.332171
0.0,2,7.332278
0.0,4,7.332423
0.0,8,7.332656
0.0,13,7.332996
0.0,1,7.333104
0.0,26,7.33374
0.0,11,7.334068
0.0,48,7.335194
0.0,2,7.335301
0.0,11,7.335595
0.0,11,7.335885
0.0,7,7.336122
0.0,8,7.336377
0.0,8,7.336616
0.0,10,7.336892
0.0,9,7.337183
0.0,11,7.337503
0.0,9,7.337753
0.0,14,7.338127
0.0,6,7.33832
0.0,8,7.338559
0.0,1,7.338636
0.0,6,7.338824
0.0,10,7.339133
0.0,16,7.339567
1.0,24,7.340179
0.0,9,7.340456
0.0,2,7.340557
0.0,3,7.340679
0.0,3,7.340805
0.0,10,7.341097
0.0,6,7.34129
0.0,17,7.341718
0.0,3,7.341844
0.0,3,7.341972
0.0,12,7.342343
0.0,3,7.342468
0.0,4,7.342613
0.0,6,7.342807
0.0,7,7.343048
0.0,20,7.343577
0.0,2,7.343682
0.0,10,7.343958
0.0,10,7.344245
0.0,4,7.344398
0.0,7,7.344605
0.0,17,7.345054
0.0,3,7.34519
0.0,7,7.345427
0.0,1,7.345503
0.0,1,7.345582
0.0,4,7.345734
0.0,17,7.346202
0.0,1,7.346284
0.0,7,7.346514
1.0,14,7.346878
0.0,1,7.346958
0.0,22,7.347511
0.0,2,7.347618
0.0,10,7.347891
0.0,5,7.348085
0.0,3,7.34822
0.0,5,7.348408
0.0,7,7.348625
0.0,33,7.349439
1.0,6,7.349629
0.0,11,7.34992
0.0,4,7.350075
0.0,2,7.350178
0.0,2,7.350282
0.0,6,7.350471
0.0,8,7.350708
0.0,5,7.350874
0.0,5,7.351076
0.0,15,7.35149
0.0,11,7.351787
0.0,4,7.351937
0.0,1,7.352038
0.0,7,7.352268
0.0,24,7.352871
0.0,8,7.353116
0.0,5,7.353283
1.0,38,7.354188
0.0,20,7.354699
0.0,2,7.354801
0.0,3,7.354929
0.0,3,7.355079
0.0,14,7.355469
0.0,3,7.355591
0.0,7,7.355809
1.0,25,7.356409
0.0,1,7.356486
0.0,3,7.356609
0.0,2,7.356714
0.0,15,7.357134
0.0,1,7.357215
0.0,2,7.357335
0.0,25,7.357934
0.0,9,7.358223
0.0,1,7.358323
0.0,12,7.358642
0.0,3,7.358765
0.0,3,7.358887
0.0,16,7.359293
0.0,28,7.359947
0.0,3,7.360105
0.0,7,7.360349
0.0,1,7.36043
0.0,5,7.360605
0.0,19,7.361116
0.0,24,7.361722
0.0,10,7.361994
0.0,4,7.362146
1.0,15,7.362532
0.0,14,7.3629
0.0,13,7.363289
0.0,8,7.363536
0.0,11,7.363829
0.0,7,7.36407
0.0,10,7.364369
1.0,10,7.36464
0.0,8,7.364871
0.0,29,7.365559
0.0,3,7.365689
0.0,9,7.365946
0.0,8,7.366209
0.0,6,7.366423
0.0,6,7.366609
0.0,4,7.366753
1.0,41,7.367741
0.0,3,7.367864
0.0,9,7.368125
1.0,14,7.368486
0.0,10,7.368764
1.0,17,7.369222
0.0,36,7.370114
0.0,6,7.370332
0.0,10,7.370609
1.0,39,7.371512
0.0,9,7.371773
0.0,3,7.371902
0.0,14,7.372302
0.0,19,7.372789
0.0,8,7.373052
0.0,14,7.373443
0.0,3,7.373571
0.0,4,7.37372
0.0,7,7.37393
0.0,9,7.374195
0.0,3,7.374325
0.0,3,7.37445
0.0,21,7.374965
0.0,14,7.375378
0.0,8,7.375621
0.0,4,7.375773
0.0,7,7.375989
0.0,5,7.376196
0.0,3,7.376339
0.0,4,7.376485
0.0,1,7.37656
0.0,12,7.376873
0.0,7,7.377091
0.0,4,7.377237
0.0,8,7.377466
0.0,4,7.37761
0.0,2,7.377714
0.0,14,7.378109
0.0,15,7.378523
0.0,8,7.378751
0.0,4,7.378899
0.0,14,7.379328
0.0,6,7.379519
0.0,20,7.379998
0.0,8,7.380247
0.0,3,7.380377
0.0,2,7.380482
0.0,5,7.38065
0.0,11,7.380952
0.0,3,7.381101
0.0,17,7.381556
0.0,16,7.381953
0.0,8,7.382226
0.0,27,7.382879
0.0,4,7.38303
0.0,11,7.383322
1.0,10,7.383592
0.0,9,7.383851
0.0,50,7.385062
0.0,3,7.385199
0.0,19,7.385691
0.0,7,7.385899
0.0,11,7.386199
0.0,6,7.386393
0.0,20,7.386883
0.0,6,7.3871
0.0,4,7.387256
0.0,14,7.387651
0.0,1,7.387731
0.0,12,7.388101
0.0,2,7.388212
0.0,11,7.388532
0.0,5,7.388703
0.0,7,7.38891
0.0,7,7.389136
0.0,5,7.389303
0.0,4,7.389447
0.0,1,7.389524
0.0,8,7.389764
0.0,6,7.389951
0.0,25,7.390601
0.0,6,7.390795
0.0,5,7.390968
0.0,14,7.391383
0.0,25,7.391974
0.0,19,7.392456
0.0,14,7.392821
0.0,1,7.392897
0.0,5,7.393093
0.0,6,7.3933
0.0,7,7.39353
0.0,6,7.393719
0.0,3,7.393847
0.0,9,7.394137
0.0,5,7.39433
0.0,1,7.394406
0.0,2,7.394506
0.0,9,7.394766
0.0,7,7.394976
0.0,18,7.395432
0.0,15,7.395824
0.0,20,7.396369
0.0,1,7.396447
0.0,2,7.396548
0.0,1,7.396624
0.0,1,7.396699
0.0,10,7.396982
0.0,2,7.397114
1.0,7,7.397358
0.0,4,7.397507
0.0,3,7.39763
0.0,14,7.397994
0.0,4,7.398148
1.0,6,7.398335
0.0,8,7.398563
0.0,3,7.398748
0.0,19,7.399282
0.0,7,7.3995
0.0,7,7.399714
0.0,5,7.399886
0.0,8,7.400137
0.0,3,7.400264
0.0,3,7.400387
0.0,1,7.400462
0.0,5,7.400634
1.0,16,7.40106
0.0,3,7.401184
0.0,11,7.401485
0.0,6,7.401676
0.0,30,7.402386
0.0,5,7.402559
0.0,7,7.402773
0.0,1,7.402849
0.0,7,7.403075
0.0,3,7.403199
0.0,5,7.403364
0.0,2,7.403462
0.0,4,7.403607
0.0,2,7.403706
0.0,1,7.403781
0.0,12,7.404112
0.0,10,7.404388
1.0,13,7.404741
0.0,8,7.404975
0.0,3,7.405107
0.0,48,7.406197
0.0,4,7.406349
0.0,11,7.406647
0.0,4,7.406796
0.0,5,7.406962
0.0,8,7.407198
0.0,1,7.407276
0.0,3,7.407404
0.0,5,7.40758
0.0,9,7.407835
0.0,7,7.408084
0.0,4,7.408246
0.0,16,7.408667
0.0,4,7.408812
0.0,9,7.409077
0.0,5,7.40925
0.0,13,7.409586
0.0,8,7.409813
0.0,9,7.410077
0.0,5,7.410246
0.0,1,7.410327
0.0,9,7.410587
0.0,23,7.411152
0.0,7,7.411362
0.0,3,7.411485
0.0,8,7.411721
0.0,2,7.411822
0.0,5,7.411991
0.0,7,7.412211
0.0,2,7.412312
0.0,7,7.412522
0.0,9,7.412778
0.0,1,7.412855
0.0,2,7.41296
0.0,1,7.413045
0.0,10,7.413326
0.0,3,7.413455
0.0,6,7.413641
0.0,9,7.413895
1.0,27,7.414543
0.0,16,7.414947
0.0,11,7.415255
0.0,19,7.415717
0.0,3,7.415843
0.0,1,7.41592
0.0,5,7.416097
0.0,1,7.416174
0.0,3,7.416297
0.0,1,7.416373
0.0,6,7.416572
0.0,5,7.416744
0.0,3,7.416867
0.0,2,7.416967
0.0,11,7.417273
1.0,15,7.417657
0.0,15,7.418042
0.0,3,7.418175
0.0,2,7.418286
0.0,27,7.41893
1.0,14,7.419306
0.0,2,7.419408
0.0,3,7.419531
0.0,1,7.419607
0.0,31,7.420344
0.0,3,7.420476
0.0,3,7.420601
0.0,15,7.420991
0.0,5,7.421166
0.0,5,7.421339
0.0,2,7.42144
0.0,5,7.42161
0.0,5,7.421776
0.0,10,7.422063
1.0,12,7.422387
0.0,4,7.422531
0.0,6,7.422718
0.0,37,7.423574
0.0,4,7.423725
0.0,3,7.423848
0.0,6,7.42405
0.0,6,7.42424
0.0,17,7.424668
0.0,16,7.425082
0.0,3,7.425211
0.0,23,7.425768
0.0,10,7.426047
0.0,4,7.426192
0.0,4,7.426345
0.0,15,7.426731
0.0,11,7.427042
0.0,5,7.427216
0.0,10,7.427497
0.0,10,7.427773
0.0,17,7.428218
0.0,6,7.428413
0.0,1,7.42849
1.0,14,7.428853
0.0,9,7.429126
0.0,3,7.429256
0.0,8,7.429487
0.0,11,7.429793
0.0,1,7.429871
0.0,9,7.430161
0.0,13,7.430519
0.0,9,7.430773
0.0,6,7.430959
0.0,11,7.431259
0.0,4,7.431414
0.0,4,7.431559
1.0,25,7.432195
0.0,11,7.432509
0.0,6,7.432695
0.0,15,7.433123
0.0,10,7.433427
0.0,5,7.433598
0.0,9,7.433853
0.0,1,7.433933
0.0,13,7.434291
0.0,10,7.434565
0.0,12,7.434882
0.0,7,7.435133
0.0,2,7.435243
0.0,7,7.435476
0.0,15,7.435859
1.0,9,7.436142
0.0,1,7.436223
0.0,4,7.436386
0.0,12,7.436709
0.0,4,7.436854
0.0,4,7.436998
0.0,10,7.437284
0.0,5,7.437459
0.0,4,7.437604
0.0,8,7.437833
0.0,6,7.438045
0.0,2,7.438156
0.0,10,7.438457
1.0,17,7.438876
0.0,12,7.439234
0.0,3,7.439377
0.0,3,7.439501
0.0,16,7.439901
0.0,13,7.440252
0.0,5,7.440418
0.0,1,7.440499
0.0,8,7.440737
0.0,6,7.440926
0.0,3,7.441076
1.0,43,7.442101
0.0,6,7.442298
1.0,11,7.442614
0.0,12,7.442925
1.0,13,7.443275
0.0,1,7.443353
0.0,2,7.443458
0.0,17,7.443881
0.0,3,7.444014
0.0,11,7.44431
1.0,9,7.444567
0.0,17,7.444989
0.0,26,7.445625
0.0,8,7.445866
0.0,4,7.446027
0.0,5,7.446204
0.0,7,7.446414
0.0,26,7.447041
0.0,12,7.447359
0.0,1,7.447439
0.0,12,7.447758
0.0,5,7.447926
0.0,2,7.44804
0.0,7,7.448258
0.0,6,7.448444
0.0,6,7.448639
0.0,3,7.448762
0.0,4,7.448911
0.0,24,7.449491
0.0,8,7.449722
0.0,6,7.449918
0.0,2,7.450027
0.0,1,7.450106
0.0,5,7.450284
0.0,21,7.450814
0.0,3,7.450941
0.0,4,7.451095
0.0,24,7.451673
0.0,10,7.451941
0.0,6,7.452135
0.0,1,7.452212
0.0,10,7.452486
0.0,5,7.452657
0.0,6,7.452844
0.0,15,7.453234
0.0,10,7.453521
0.0,2,7.453626
0.0,2,7.453727
0.0,5,7.453899
0.0,19,7.454373
0.0,3,7.454501
0.0,1,7.454577
0.0,3,7.4547
0.0,14,7.45507
0.0,9,7.455339
0.0,1,7.455415
0.0,3,7.455538
0.0,8,7.455776
0.0,1,7.455853
0.0,3,7.45598
0.0,4,7.456134
0.0,9,7.456386
0.0,6,7.456578
0.0,10,7.456857
0.0,7,7.457076
0.0,13,7.457429
0.0,24,7.458
0.0,15,7.458399
0.0,13,7.458734
0.0,10,7.459012
0.0,24,7.4596
0.0,7,7.459808
0.0,5,7.459972
0.0,4,7.460123
1.0,32,7.460861
0.0,7,7.461077
0.0,14,7.461432
0.0,4,7.461576
0.0,8,7.461803
0.0,3,7.461932
0.0,10,7.462225
0.0,12,7.462545
0.0,3,7.462668
0.0,6,7.462852
1.0,16,7.46326
1.0,6,7.463486
0.0,3,7.463621
0.0,1,7.463704
0.0,1,7.463787
0.0,4,7.463946
0.0,4,7.464114
0.0,2,7.464221
0.0,5,7.464397
0.0,4,7.464542
0.0,1,7.464617
0.0,4,7.464762
0.0,1,7.464837
0.0,3,7.46496
0.0,2,7.465067
0.0,8,7.465307
0.0,3,7.465429
0.0,6,7.465626
0.0,4,7.465775
1.0,14,7.466151
0.0,11,7.466446
0.0,3,7.466569
0.0,9,7.466826
0.0,4,7.466971
0.0,18,7.467431
0.0,9,7.467689
0.0,12,7.468
0.0,2,7.468115
0.0,2,7.468221
0.0,22,7.468758
0.0,6,7.468944
0.0,11,7.469249
1.0,11,7.469548
0.0,8,7.469776
0.0,9,7.47004
0.0,8,7.47028
0.0,21,7.470785
0.0,6,7.470976
0.0,10,7.471262
0.0,3,7.471393
0.0,3,7.471519
0.0,1,7.471596
1.0,14,7.471956
0.0,14,7.472332
0.0,2,7.472435
0.0,1,7.472516
0.0,2,7.472618
0.0,5,7.472785
0.0,2,7.47289
1.0,25,7.473514
0.0,10,7.473789
0.0,5,7.473962
0.0,4,7.474119
0.0,12,7.474442
0.0,7,7.474657
0.0,2,7.474758
1.0,15,7.475154
0.0,1,7.475231
0.0,1,7.475309
0.0,14,7.475675
0.0,8,7.475911
0.0,3,7.476043
0.0,1,7.476121
0.0,28,7.476788
0.0,14,7.477161
0.0,8,7.477391
0.0,13,7.477737
0.0,22,7.478277
0.0,16,7.478675
0.0,5,7.478844
1.0,20,7.479333
0.0,3,7.479456
0.0,3,7.479579
0.0,6,7.479767
0.0,9,7.480026
0.0,10,7.480311
0.0,2,7.480412
0.0,6,7.480606
0.0,4,7.48075
0.0,10,7.48103
0.0,1,7.481108
0.0,6,7.481306
0.0,6,7.481497
0.0,1,7.481575
0.0,14,7.481936
0.0,3,7.48207
0.0,7,7.482293
0.0,5,7.482465
0.0,7,7.482682
0.0,16,7.483098
0.0,16,7.483502
1.0,8,7.483732
0.0,7,7.48394
0.0,6,7.484136
0.0,12,7.484451
1.0,14,7.484807
0.0,14,7.485187
0.0,6,7.485377
0.0,6,7.485569
0.0,7,7.485785
0.0,3,7.485908
0.0,17,7.486351
0.0,3,7.486477
0.0,8,7.486704
0.0,2,7.486804
0.0,5,7.486971
0.0,3,7.487102
0.0,7,7.487323
1.0,16,7.487721
0.0,7,7.487926
0.0,12,7.488254
0.0,5,7.488422
0.0,8,7.488651
0.0,23,7.48921
0.0,8,7.489448
0.0,17,7.489878
0.0,6,7.490081
0.0,5,7.490249
0.0,5,7.490416
0.0,11,7.49072
0.0,10,7.491008
0.0,12,7.49133
0.0,3,7.491461
0.0,4,7.491607
0.0,15,7.491993
0.0,5,7.492179
0.0,6,7.492368
0.0,7,7.492594
0.0,21,7.493114
0.0,25,7.493711
0.0,6,7.493906
0.0,2,7.49402
0.0,3,7.494149
0.0,22,7.494686
0.0,12,7.495008
0.0,8,7.495247
0.0,34,7.49605
0.0,8,7.496283
0.0,16,7.496688
1.0,11,7.496987
0.0,14,7.49737
0.0,3,7.497496
0.0,17,7.497918
0.0,13,7.498275
0.0,4,7.498428
0.0,1,7.498506
0.0,2,7.498613
0.0,18,7.499194
0.0,4,7.499345
0.0,1,7.499421
0.0,3,7.499545
0.0,6,7.499741
1.0,16,7.50016
0.0,13,7.5005
0.0,6,7.500688
1.0,29,7.501375
0.0,10,7.501647
0.0,11,7.501936
0.0,8,7.502176
0.0,5,7.50235
0.0,13,7.502687
0.0,31,7.503423
0.0,6,7.503611
0.0,5,7.503777
0.0,2,7.503881
0.0,17,7.504311
0.0,3,7.504436
0.0,7,7.504652
0.0,9,7.504916
1.0,37,7.50578
0.0,7,7.505998
0.0,2,7.506114
0.0,9,7.506374
0.0,2,7.506475
0.0,17,7.506901
0.0,6,7.507102
0.0,17,7.50754
0.0,20,7.508053
0.0,6,7.508256
0.0,6,7.50849
0.0,5,7.508655
0.0,8,7.508891
0.0,7,7.509123
0.0,4,7.509275
0.0,3,7.509398
0.0,24,7.509963
0.0,14,7.510364
0.0,16,7.510768
0.0,16,7.511191
0.0,3,7.511318
0.0,4,7.511463
0.0,6,7.511651
1.0,22,7.512196
0.0,17,7.512628
0.0,8,7.512857
0.0,2,7.512962
0.0,10,7.513245
0.0,2,7.513348
0.0,10,7.513622
0.0,6,7.513817
0.0,4,7.513965
0.0,7,7.514184
0.0,7,7.514404
0.0,14,7.514777
1.0,11,7.515087
0.0,3,7.51521
0.0,6,7.515404
0.0,24,7.515976
0.0,9,7.516232
0.0,8,7.516467
0.0,4,7.516611
0.0,2,7.516712
0.0,12,7.517048
0.0,5,7.517218
0.0,8,7.517456
0.0,20,7.517944
0.0,16,7.518357
0.0,3,7.518483
0.0,11,7.518782
0.0,2,7.518888
0.0,7,7.51911
0.0,7,7.519326
0.0,17,7.519759
0.0,6,7.51995
0.0,7,7.52017
0.0,3,7.520294
0.0,8,7.520524
0.0,4,7.520672
0.0,13,7.521016
0.0,6,7.521209
0.0,6,7.521407
0.0,2,7.521513
0.0,5,7.521679
0.0,6,7.521865
0.0,3,7.521987
0.0,14,7.522357
0.0,6,7.522552
0.0,11,7.522844
0.0,2,7.522949
0.0,8,7.52319
0.0,1,7.523271
0.0,7,7.523489
0.0,6,7.523674
0.0,3,7.523801
0.0,16,7.524224
0.0,2,7.524331
1.0,31,7.525048
0.0,3,7.525171
0.0,8,7.525406
0.0,9,7.525664
0.0,33,7.526433
0.0,4,7.526578
0.0,1,7.526657
0.0,5,7.526826
0.0,10,7.527114
0.0,6,7.52731
0.0,2,7.527411
0.0,3,7.52754
0.0,16,7.527947
0.0,4,7.528102
0.0,4,7.528253
0.0,5,7.528418
0.0,14,7.528784
0.0,1,7.528861
0.0,1,7.528941
0.0,16,7.529359
0.0,2,7.529463
0.0,1,7.529539
0.0,23,7.530105
0.0,23,7.53065
0.0,9,7.530915
0.0,5,7.531093
0.0,17,7.531522
0.0,13,7.53186
0.0,9,7.532124
0.0,1,7.532206
0.0,9,7.532465
0.0,6,7.532658
1.0,15,7.533048
0.0,5,7.533219
0.0,11,7.533518
0.0,6,7.533708
1.0,38,7.534578
0.0,6,7.53477
0.0,5,7.534935
1.0,13,7.535289
0.0,13,7.535633
0.0,8,7.535862
1.0,41,7.536804
0.0,8,7.537049
0.0,4,7.537194
0.0,8,7.537432
0.0,9,7.537681
0.0,4,7.537824
1.0,22,7.538369
0.0,6,7.538562
0.0,3,7.538687
0.0,3,7.538818
0.0,4,7.538963
0.0,4,7.539116
0.0,6,7.539305
1.0,7,7.539513
0.0,5,7.539676
0.0,2,7.539776
0.0,5,7.539946
0.0,3,7.540078
0.0,2,7.540179
0.0,2,7.540279
0.0,3,7.540407
0.0,7,7.540625
0.0,5,7.540797
0.0,11,7.541109
0.0,5,7.541278
0.0,10,7.541555
0.0,3,7.541678
0.0,1,7.541754
0.0,8,7.541991
1.0,14,7.542365
0.0,5,7.542531
0.0,10,7.542809
0.0,9,7.543069
0.0,5,7.543241
0.0,3,7.543365
1.0,24,7.543953
0.0,27,7.544605
0.0,5,7.544779
1.0,14,7.545149
0.0,11,7.545449
1.0,18,7.545887
0.0,13,7.546227
0.0,26,7.546853
0.0,13,7.547204
0.0,9,7.547456
0.0,4,7.5476
0.0,12,7.547925
0.0,12,7.548264
0.0,15,7.548647
1.0,26,7.549277
0.0,9,7.549534
0.0,4,7.549683
0.0,1,7.54976
0.0,7,7.549971
0.0,10,7.550258
0.0,23,7.550815
0.0,1,7.550892
0.0,23,7.551457
0.0,13,7.5518
0.0,25,7.5524
0.0,2,7.552502
0.0,1,7.552581
0.0,23,7.553147
0.0,10,7.55343
0.0,7,7.553639
0.0,1,7.553715
0.0,2,7.553816
0.0,29,7.554515
0.0,6,7.554705
0.0,5,7.554872
0.0,3,7.554994
0.0,14,7.555367
0.0,26,7.555979
0.0,8,7.556222
0.0,2,7.556329
0.0,13,7.556666
0.0,15,7.557056
0.0,12,7.557378
0.0,5,7.557543
0.0,5,7.557714
0.0,6,7.557901
0.0,3,7.558038
0.0,20,7.558535
0.0,5,7.5587
0.0,1,7.558775
0.0,8,7.559022
0.0,9,7.559274
0.0,4,7.559422
0.0,2,7.559528
0.0,11,7.559834
0.0,20,7.560339
0.0,2,7.560441
0.0,8,7.56067
0.0,9,7.560928
0.0,15,7.561318
0.0,15,7.561699
0.0,11,7.562009
0.0,9,7.562271
0.0,12,7.562601
0.0,10,7.562885
0.0,1,7.562961
0.0,6,7.563163
0.0,2,7.563265
0.0,3,7.563394
0.0,1,7.563474
0.0,9,7.563726
0.0,8,7.563953
0.0,12,7.564275
0.0,17,7.564704
0.0,3,7.564828
0.0,6,7.565026
0.0,20,7.565516
0.0,8,7.565759
0.0,6,7.565947
0.0,7,7.566176
0.0,5,7.566344
0.0,6,7.566537
0.0,7,7.566744
0.0,8,7.566971
0.0,2,7.567083
1.0,21,7.567597
0.0,5,7.567774
0.0,7,7.567982
0.0,15,7.568383
0.0,2,7.568485
0.0,2,7.568586
0.0,7,7.568795
0.0,7,7.56901
0.0,4,7.569163
0.0,11,7.569456
0.0,7,7.569664
0.0,15,7.570066
0.0,7,7.570286
0.0,3,7.57041
0.0,7,7.57063
0.0,4,7.570775
0.0,9,7.571043
0.0,3,7.571172
0.0,1,7.571249
0.0,4,7.571393
0.0,10,7.571669
0.0,9,7.57192
0.0,50,7.573061
0.0,3,7.573185
0.0,11,7.573482
0.0,11,7.573787
0.0,16,7.5742
0.0,12,7.574525
1.0,15,7.574899
0.0,3,7.575033
0.0,8,7.575263
1.0,18,7.575714
0.0,1,7.575794
0.0,7,7.57601
0.0,1,7.576094
0.0,6,7.576292
0.0,5,7.57646
0.0,3,7.576582
0.0,5,7.576747
0.0,22,7.577291
0.0,11,7.577583
0.0,8,7.577815
0.0,3,7.577937
0.0,17,7.578376
1.0,9,7.578626
0.0,5,7.578793
0.0,3,7.578919
0.0,6,7.579118
0.0,4,7.579265
0.0,14,7.579634
0.0,4,7.579779
0.0,2,7.579878
0.0,4,7.580031
0.0,10,7.580308
0.0,3,7.580436
0.0,12,7.580756
0.0,12,7.581096
0.0,9,7.581352
0.0,3,7.581475
0.0,1,7.581551
0.0,7,7.581766
0.0,4,7.581915
0.0,6,7.582118
0.0,5,7.582291
0.0,12,7.582616
0.0,6,7.582803
0.0,7,7.583028
0.0,18,7.583469
0.0,3,7.583596
0.0,1,7.583674
0.0,9,7.583925
0.0,10,7.58421
0.0,11,7.584506
0.0,26,7.585135
0.0,2,7.585242
0.0,1,7.585319
1.0,29,7.586012
0.0,2,7.586119
0.0,8,7.586354
0.0,14,7.586713
0.0,12,7.587046
0.0,19,7.587515
0.0,19,7.587981
0.0,31,7.588768
0.0,10,7.589077
0.0,7,7.589297
0.0,4,7.589462
0.0,8,7.589704
0.0,22,7.590239
0.0,2,7.590344
0.0,3,7.590467
0.0,17,7.590892
0.0,6,7.591109
0.0,11,7.591432
0.0,6,7.591619
0.0,7,7.591825
0.0,2,7.591928
0.0,10,7.59224
0.0,6,7.592451
0.0,2,7.592553
0.0,1,7.592629
0.0,12,7.592949
0.0,17,7.593381
0.0,11,7.593685
0.0,3,7.593813
0.0,13,7.594166
0.0,10,7.594448
1.0,18,7.594895
0.0,3,7.595027
0.0,2,7.59513
0.0,10,7.595413
0.0,1,7.595494
0.0,13,7.59584
0.0,4,7.595986
0.0,13,7.596336
0.0,5,7.596507
0.0,1,7.596585
1.0,37,7.597442
0.0,13,7.597784
0.0,11,7.598096
0.0,5,7.598263
0.0,15,7.598651
0.0,14,7.599013
0.0,28,7.599686
0.0,12,7.600013
0.0,10,7.600289
0.0,4,7.600439
0.0,1,7.600577
0.0,6,7.600803
0.0,4,7.600966
0.0,7,7.601192
0.0,1,7.601272
0.0,12,7.601592
0.0,12,7.601914
0.0,7,7.602134
0.0,5,7.602304
0.0,5,7.60247
0.0,4,7.602619
0.0,18,7.603076
0.0,7,7.603296
0.0,6,7.603484
0.0,5,7.603649
0.0,3,7.603775
0.0,3,7.603898
0.0,17,7.604331
0.0,1,7.60441
0.0,1,7.60449
0.0,11,7.604785
0.0,3,7.604913
0.0,5,7.605087
0.0,23,7.605649
0.0,10,7.605927
0.0,7,7.606144
0.0,10,7.606427
1.0,26,7.607087
0.0,12,7.607435
0.0,8,7.607673
0.0,5,7.607841
0.0,22,7.608382
0.0,5,7.608554
0.0,9,7.608805
0.0,9,7.609086
0.0,18,7.609564
0.0,11,7.609862
0.0,4,7.610015
0.0,33,7.610779
0.0,11,7.611088
0.0,10,7.611368
0.0,8,7.611598
0.0,22,7.612143
0.0,3,7.612266
0.0,7,7.612475
0.0,5,7.612641
0.0,9,7.612902
0.0,14,7.61328
0.0,10,7.613556
0.0,7,7.613764
0.0,2,7.613865
0.0,2,7.613967
0.0,16,7.614392
0.0,2,7.6145
0.0,7,7.614711
0.0,7,7.614925
0.0,1,7.615012
0.0,26,7.615635
0.0,8,7.615873
0.0,2,7.615974
0.0,2,7.616083
0.0,4,7.616229
0.0,10,7.616502
0.0,14,7.616862
0.0,4,7.617012
0.0,12,7.617335
0.0,5,7.617507
0.0,14,7.617868
0.0,11,7.61817
0.0,3,7.618293
0.0,11,7.618592
0.0,10,7.618861
0.0,1,7.618937
0.0,12,7.619278
0.0,24,7.619856
0.0,5,7.620037
0.0,9,7.62029
0.0,3,7.620417
0.0,6,7.620617
0.0,15,7.620993
0.0,7,7.621218
0.0,23,7.621766
0.0,24,7.62234
1.0,22,7.622867
0.0,7,7.623085
1.0,18,7.623528
0.0,4,7.623675
0.0,4,7.623819
0.0,3,7.623947
0.0,9,7.624215
0.0,3,7.624344
0.0,18,7.624795
0.0,1,7.624874
1.0,10,7.625168
0.0,3,7.625292
0.0,7,7.625499
0.0,4,7.625646
0.0,9,7.625902
0.0,5,7.626081
0.0,2,7.626189
0.0,2,7.62629
0.0,8,7.626525
0.0,22,7.627057
0.0,13,7.627399
0.0,1,7.627476
0.0,1,7.627552
0.0,5,7.627723
0.0,4,7.627873
0.0,10,7.628167
0.0,7,7.628376
0.0,35,7.629194
1.0,17,7.62962
0.0,4,7.629764
0.0,6,7.629955
1.0,28,7.630633
1.0,33,7.631405
0.0,15,7.631791
0.0,4,7.631939
0.0,5,7.632113
0.0,5,7.63228
0.0,12,7.632595
0.0,6,7.632784
0.0,3,7.632912
0.0,7,7.63313
0.0,7,7.633338
0.0,16,7.633748
0.0,33,7.634521
0.0,16,7.634923
0.0,1,7.635
0.0,3,7.635132
0.0,1,7.635213
0.0,1,7.635295
1.0,7,7.635513
0.0,5,7.635678
0.0,4,7.635826
0.0,7,7.636046
0.0,8,7.636282
0.0,10,7.636558
0.0,6,7.636753
0.0,7,7.636962
0.0,18,7.63742
0.0,21,7.637944
0.0,4,7.638104
0.0,6,7.638293
0.0,7,7.638511
0.0,13,7.638844
0.0,15,7.639234
0.0,4,7.639385
0.0,12,7.639698
0.0,13,7.640039
0.0,14,7.640401
1.0,20,7.640881
0.0,14,7.641259
0.0,16,7.641663
0.0,11,7.641958
0.0,33,7.642731
0.0,11,7.64304
0.0,12,7.643363
0.0,13,7.643701
0.0,5,7.643865
0.0,11,7.644164
0.0,2,7.644266
0.0,6,7.644454
0.0,5,7.644623
0.0,11,7.64492
0.0,3,7.645052
0.0,1,7.64513
0.0,8,7.645365
0.0,21,7.645887
0.0,1,7.645964
0.0,1,7.646049
0.0,5,7.646217
0.0,3,7.646339
0.0,4,7.646489
0.0,5,7.646666
0.0,14,7.647036
0.0,6,7.647223
0.0,7,7.64743
0.0,1,7.647509
0.0,3,7.647633
0.0,4,7.647776
0.0,4,7.647924
1.0,17,7.648359
0.0,10,7.648644
0.0,33,7.64942
0.0,8,7.64965
1.0,9,7.649898
0.0,10,7.650176
0.0,42,7.651125
0.0,7,7.651339
0.0,10,7.651616
0.0,5,7.65178
0.0,15,7.652175
0.0,10,7.652458
0.0,12,7.652778
0.0,6,7.652962
0.0,4,7.653119
0.0,11,7.65341
0.0,13,7.653757
0.0,10,7.654036
0.0,3,7.654164
0.0,12,7.654475
0.0,6,7.654666
0.0,8,7.6549
0.0,2,7.655014
0.0,6,7.655212
0.0,3,7.655333
0.0,3,7.655457
0.0,1,7.655532
0.0,2,7.655632
0.0,10,7.655901
0.0,1,7.655977
0.0,9,7.65624
0.0,3,7.656369
0.0,3,7.656492
0.0,7,7.656709
0.0,4,7.656858
0.0,5,7.657038
0.0,11,7.657337
0.0,2,7.657438
0.0,13,7.65777
0.0,41,7.658699
0.0,2,7.6588
0.0,6,7.658992
0.0,14,7.659361
0.0,1,7.659441
0.0,8,7.659677
0.0,8,7.659907
0.0,35,7.660719
1.0,26,7.661339
0.0,6,7.661525
0.0,4,7.661669
0.0,2,7.661773
0.0,9,7.662042
0.0,19,7.662512
0.0,5,7.662678
0.0,6,7.662866
0.0,2,7.662966
0.0,19,7.663438
0.0,10,7.663713
0.0,11,7.66402
0.0,6,7.66421
0.0,4,7.664353
0.0,2,7.664457
0.0,4,7.664606
0.0,12,7.664921
1.0,6,7.665123
0.0,3,7.665252
0.0,20,7.665737
0.0,3,7.66586
0.0,3,7.665982
0.0,3,7.666118
0.0,14,7.666483
0.0,6,7.666667
0.0,1,7.666744
0.0,9,7.666994
0.0,2,7.667104
0.0,1,7.66718
0.0,2,7.667286
0.0,7,7.667504
0.0,3,7.667628
0.0,9,7.667876
0.0,7,7.668099
0.0,1,7.668177
0.0,9,7.668429
0.0,1,7.668508
0.0,3,7.668636
0.0,4,7.668785
0.0,6,7.668974
0.0,11,7.669281
0.0,23,7.669832
0.0,24,7.670419
0.0,12,7.670746
0.0,6,7.67094
0.0,1,7.671026
0.0,3,7.671155
0.0,11,7.671457
0.0,7,7.671666
0.0,4,7.671808
0.0,17,7.672249
1.0,11,7.672545
0.0,2,7.672651
0.0,4,7.672801
0.0,10,7.673083
0.0,1,7.673165
0.0,18,7.673615
0.0,2,7.673719
0.0,20,7.674214
0.0,6,7.674406
0.0,11,7.674703
0.0,2,7.674804
0.0,1,7.674883
0.0,4,7.675037
0.0,8,7.675276
0.0,6,7.675463
0.0,8,7.6757
0.0,15,7.676083
0.0,25,7.676668
0.0,5,7.676842
0.0,5,7.677017
0.0,4,7.677163
0.0,6,7.677347
0.0,18,7.6778
0.0,27,7.678446
0.0,9,7.678701
0.0,9,7.67896
0.0,7,7.679182
0.0,15,7.679574
0.0,7,7.679781
0.0,4,7.679923
0.0,17,7.680354
0.0,4,7.680505
0.0,24,7.681083
0.0,22,7.681611
0.0,2,7.681716
0.0,9,7.681979
0.0,33,7.682755
0.0,8,7.682994
0.0,19,7.683467
0.0,4,7.683611
0.0,5,7.683775
0.0,9,7.68405
0.0,8,7.684281
0.0,11,7.684578
0.0,30,7.685298
0.0,5,7.685473
0.0,5,7.685639
0.0,2,7.685739
0.0,9,7.686008
0.0,1,7.686088
0.0,5,7.686264
0.0,1,7.686344
0.0,6,7.686543
0.0,1,7.686623
0.0,16,7.687037
0.0,20,7.687524
0.0,9,7.687783
0.0,4,7.687926
0.0,9,7.688193
0.0,4,7.688346
0.0,13,7.688689
0.0,4,7.688838
0.0,1,7.688918
0.0,11,7.68923
1.0,14,7.689597
0.0,4,7.689741
0.0,3,7.689863
0.0,2,7.68997
1.0,11,7.690301
0.0,2,7.690416
0.0,39,7.691301
0.0,20,7.691788
0.0,9,7.692052
0.0,3,7.692177
0.0,3,7.692299
0.0,15,7.692686
0.0,5,7.692855
0.0,5,7.693035
0.0,6,7.693224
0.0,13,7.693566
0.0,12,7.693888
0.0,8,7.694135
0.0,7,7.694355
0.0,7,7.694567
0.0,9,7.69483
0.0,3,7.694957
0.0,3,7.695093
0.0,4,7.695244
0.0,3,7.695368
0.0,5,7.695534
0.0,4,7.695676
0.0,3,7.695797
0.0,8,7.696033
0.0,3,7.696157
0.0,2,7.696256
0.0,3,7.696379
0.0,7,7.696587
0.0,2,7.696687
0.0,6,7.696872
0.0,15,7.697265
0.0,21,7.697785
0.0,14,7.698159
0.0,8,7.69839
0.0,28,7.699055
0.0,2,7.699161
0.0,5,7.699332
0.0,3,7.699461
0.0,16,7.699867
0.0,2,7.699973
0.0,19,7.700452
0.0,13,7.700885
0.0,9,7.701201
0.0,15,7.701593
0.0,3,7.701717
0.0,2,7.701817
0.0,3,7.701938
0.0,4,7.702099
0.0,1,7.702181
0.0,8,7.702418
0.0,1,7.702495
0.0,10,7.702778
0.0,6,7.702968
0.0,3,7.7031
0.0,3,7.70323
0.0,4,7.703381
0.0,1,7.703457
0.0,8,7.703693
0.0,3,7.703815
0.0,3,7.703937
0.0,3,7.704067
0.0,2,7.704173
0.0,6,7.704365
0.0,7,7.704571
0.0,30,7.705281
0.0,19,7.705747
0.0,12,7.706075
0.0,3,7.7062
0.0,1,7.70628
0.0,1,7.706357
0.0,7,7.706566
0.0,12,7.706877
0.0,7,7.707095
0.0,10,7.707377
0.0,2,7.707479
0.0,10,7.70775
0.0,7,7.707963
0.0,2,7.708072
0.0,3,7.708197
0.0,2,7.708322
0.0,6,7.708529
0.0,2,7.708634
0.0,5,7.708798
0.0,13,7.709178
0.0,28,7.709856
0.0,8,7.710103
0.0,8,7.710348
0.0,2,7.710448
0.0,12,7.710767
0.0,24,7.711343
0.0,7,7.711549
0.0,4,7.711691
0.0,15,7.71209
0.0,9,7.712346
0.0,11,7.712646
0.0,11,7.712949
0.0,5,7.713124
0.0,6,7.71331
0.0,29,7.71399
1.0,19,7.714457
0.0,1,7.714536
0.0,4,7.714687
0.0,1,7.714767
0.0,6,7.714955
0.0,2,7.715071
0.0,8,7.715313
0.0,8,7.715551
0.0,1,7.715628
0.0,12,7.715957
0.0,19,7.716439
0.0,44,7.717437
0.0,8,7.717664
1.0,16,7.718076
0.0,5,7.718243
0.0,22,7.718773
0.0,5,7.718944
1.0,33,7.719714
0.0,3,7.719837
0.0,7,7.72006
0.0,23,7.720611
0.0,7,7.72082
0.0,2,7.72092
0.0,6,7.721117
0.0,17,7.721543
0.0,6,7.721736
0.0,16,7.722152
0.0,1,7.722231
0.0,12,7.722546
0.0,8,7.72278
0.0,3,7.722901
0.0,6,7.723104
0.0,6,7.723297
0.0,6,7.723484
0.0,3,7.723605
0.0,4,7.723754
0.0,3,7.723877
0.0,3,7.724
0.0,11,7.724301
0.0,11,7.724593
0.0,12,7.724911
0.0,5,7.725087
0.0,2,7.725193
0.0,12,7.725508
0.0,6,7.725701
0.0,13,7.726046
0.0,17,7.726479
0.0,3,7.726604
0.0,20,7.727104
0.0,2,7.727206
0.0,19,7.727665
0.0,6,7.727855
0.0,5,7.728036
0.0,15,7.72842
0.0,14,7.728791
1.0,21,7.729304
0.0,11,7.729605
0.0,5,7.729772
0.0,3,7.729893
0.0,8,7.730131
1.0,55,7.731369
0.0,35,7.732191
0.0,7,7.732407
0.0,4,7.732553
0.0,7,7.732761
0.0,19,7.73324
0.0,27,7.733882
0.0,5,7.73406
0.0,5,7.734228
1.0,13,7.734572
0.0,13,7.734914
0.0,1,7.73499
0.0,1,7.735076
0.0,10,7.735366
0.0,2,7.735467
0.0,11,7.73577
0.0,10,7.73606
0.0,12,7.736386
0.0,9,7.736649
0.0,10,7.737548
0.0,2,7.737666
0.0,1,7.737748
0.0,17,7.738209
0.0,9,7.738465
0.0,10,7.73874
0.0,7,7.738956
0.0,1,7.739047
0.0,31,7.739775
0.0,15,7.740159
0.0,6,7.740351
0.0,24,7.74092
0.0,4,7.741075
0.0,5,7.741243
0.0,3,7.741367
0.0,2,7.741467
0.0,4,7.741612
0.0,5,7.741778
0.0,10,7.742068
0.0,33,7.742838
0.0,4,7.74299
0.0,4,7.743145
0.0,4,7.743291
0.0,1,7.74337
0.0,11,7.743681
0.0,16,7.744093
0.0,6,7.744288
0.0,3,7.744412
0.0,3,7.74454
0.0,6,7.744735
0.0,1,7.744813
0.0,3,7.744937
0.0,12,7.745269
0.0,5,7.745443
0.0,5,7.74561
0.0,12,7.745923
0.0,24,7.746508
0.0,2,7.746612
0.0,3,7.746735
0.0,5,7.746902
0.0,7,7.747124
0.0,3,7.747255
0.0,9,7.747517
0.0,8,7.747748
0.0,18,7.74821
0.0,9,7.748463
0.0,6,7.74865
0.0,9,7.7489
0.0,13,7.749247
0.0,5,7.749415
0.0,6,7.749609
0.0,6,7.7498
0.0,9,7.750061
0.0,7,7.750276
0.0,11,7.750572
0.0,6,7.750759
0.0,28,7.751422
0.0,8,7.751659
0.0,1,7.75174
0.0,7,7.751952
0.0,4,7.752106
0.0,12,7.752422
0.0,5,7.752594
0.0,6,7.752784
0.0,14,7.753161
0.0,3,7.753287
0.0,1,7.753364
0.0,26,7.753994
0.0,3,7.754129
0.0,8,7.754359
0.0,3,7.754487
0.0,4,7.754632
0.0,3,7.75476
0.0,15,7.75516
0.0,4,7.755308
0.0,9,7.755567
0.0,2,7.755668
0.0,16,7.756082
0.0,11,7.756389
0.0,32,7.75714
0.0,6,7.757333
0.0,1,7.757415
0.0,9,7.757671
0.0,13,7.758014
0.0,4,7.758163
0.0,1,7.758243
0.0,5,7.75842
0.0,24,7.759007
0.0,8,7.75924
0.0,18,7.759687
0.0,3,7.759811
0.0,23,7.760374
0.0,10,7.760658
1.0,16,7.761073
0.0,11,7.761381
0.0,4,7.761532
0.0,4,7.761681
0.0,11,7.761986
0.0,26,7.762616
0.0,3,7.762741
0.0,8,7.762979
0.0,4,7.763135
0.0,4,7.763282
0.0,6,7.763468
0.0,8,7.763706
1.0,23,7.764267
0.0,3,7.764397
0.0,8,7.764635
0.0,19,7.765114
0.0,8,7.765349
0.0,12,7.765667
0.0,17,7.766098
0.0,14,7.766454
0.0,5,7.766628
0.0,2,7.766735
0.0,9,7.766992
0.0,2,7.767103
0.0,2,7.767208
0.0,8,7.767439
1.0,17,7.767861
0.0,6,7.768064
0.0,3,7.768193
0.0,20,7.768675
0.0,10,7.768953
0.0,5,7.769131
1.0,17,7.769553
0.0,17,7.769988
1.0,13,7.770337
0.0,24,7.770917
0.0,3,7.771055
1.0,11,7.771358
0.0,7,7.771566
0.0,4,7.771716
0.0,2,7.771822
0.0,1,7.771901
0.0,9,7.772169
1.0,25,7.772766
1.0,12,7.773091
0.0,10,7.773369
0.0,4,7.773514
1.0,10,7.773789
1.0,18,7.77424
0.0,1,7.774318
0.0,9,7.774572
0.0,7,7.774787
0.0,10,7.775073
0.0,22,7.77562
0.0,6,7.775808
0.0,4,7.775952
0.0,6,7.776154
0.0,6,7.776345
0.0,9,7.776607
0.0,3,7.776731
0.0,2,7.776832
0.0,4,7.776976
0.0,7,7.777198
0.0,5,7.777367
0.0,6,7.77756
0.0,2,7.777663
1.0,14,7.778037
0.0,4,7.778183
0.0,14,7.778552
0.0,7,7.778773
1.0,13,7.779129
0.0,13,7.779466
0.0,11,7.779763
0.0,3,7.779891
0.0,16,7.780307
0.0,1,7.78039
0.0,24,7.780977
0.0,12,7.781306
0.0,18,7.781747
0.0,12,7.782079
0.0,14,7.782446
0.0,6,7.782645
0.0,6,7.782843
0.0,7,7.78306
0.0,12,7.783386
0.0,11,7.78369
0.0,6,7.783884
0.0,1,7.783962
0.0,7,7.78418
0.0,4,7.784332
0.0,5,7.784506
0.0,2,7.784608
0.0,5,7.784774
0.0,2,7.784878
0.0,8,7.78512
0.0,12,7.785442
0.0,6,7.78563
0.0,4,7.785775
0.0,2,7.78588
0.0,6,7.786083
0.0,5,7.786252
0.0,2,7.786357
1.0,8,7.786587
0.0,7,7.786803
0.0,5,7.786976
0.0,12,7.787304
0.0,4,7.787457
0.0,3,7.787581
0.0,10,7.787858
0.0,6,7.788058
1.0,28,7.788724
1.0,13,7.78907
0.0,16,7.789473
0.0,1,7.789551
0.0,1,7.789628
0.0,7,7.78984
0.0,20,7.790345
0.0,8,7.790579
0.0,9,7.790837
0.0,7,7.791055
0.0,2,7.791159
0.0,5,7.791331
0.0,4,7.79148
0.0,16,7.791887
0.0,6,7.792111
0.0,9,7.792393
0.0,4,7.792536
0.0,1,7.792613
0.0,6,7.792798
0.0,3,7.792921
0.0,7,7.79316
0.0,6,7.793377
0.0,6,7.793565
0.0,6,7.793758
0.0,3,7.793882
0.0,13,7.794235
0.0,3,7.794365
0.0,33,7.795131
0.0,7,7.795343
0.0,7,7.795562
0.0,8,7.7958
0.0,13,7.796157
0.0,1,7.796237
0.0,16,7.796652
0.0,9,7.796914
0.0,19,7.797398
0.0,5,7.797574
0.0,6,7.797762
0.0,10,7.798045
0.0,11,7.798345
1.0,12,7.798673
0.0,7,7.798882
0.0,2,7.798982
0.0,6,7.799176
0.0,5,7.799344
0.0,10,7.799621
0.0,5,7.799799
0.0,1,7.799876
0.0,2,7.799978
0.0,3,7.800109
0.0,3,7.800237
0.0,3,7.800361
0.0,8,7.800597
0.0,10,7.800875
0.0,3,7.801012
0.0,8,7.801251
0.0,8,7.801489
0.0,7,7.801704
0.0,7,7.801914
0.0,1,7.80199
0.0,1,7.802078
0.0,12,7.802402
0.0,1,7.802479
0.0,18,7.802927
0.0,8,7.80318
0.0,1,7.803259
0.0,8,7.803498
0.0,18,7.80395
0.0,2,7.804064
0.0,5,7.80424
0.0,7,7.80446
0.0,3,7.804589
0.0,3,7.804714
0.0,6,7.804909
0.0,4,7.805071
0.0,8,7.805316
0.0,4,7.805464
0.0,7,7.805681
1.0,26,7.806306
0.0,8,7.80654
0.0,8,7.806776
0.0,9,7.807042
0.0,2,7.807151
0.0,6,7.807345
0.0,9,7.807606
0.0,5,7.807774
0.0,3,7.807897
0.0,4,7.808058
0.0,4,7.808209
0.0,5,7.808376
0.0,3,7.808501
0.0,12,7.808826
0.0,6,7.809032
0.0,4,7.809181
0.0,10,7.809456
0.0,11,7.809763
0.0,1,7.809841
0.0,6,7.81005
0.0,4,7.810208
0.0,39,7.81113
0.0,3,7.811263
0.0,12,7.811587
0.0,7,7.811804
0.0,4,7.811958
0.0,7,7.812177
0.0,3,7.812303
0.0,6,7.8125
0.0,5,7.812671
0.0,5,7.812838
0.0,40,7.813768
0.0,14,7.814146
0.0,4,7.814294
0.0,1,7.814375
0.0,21,7.814891
0.0,1,7.81497
0.0,6,7.815171
0.0,4,7.815324
0.0,4,7.81547
0.0,49,7.81659
0.0,16,7.816994
0.0,18,7.817451
0.0,18,7.817907
0.0,6,7.818113
0.0,1,7.818193
0.0,12,7.818516
0.0,4,7.81866
0.0,4,7.818806
0.0,51,7.819947
0.0,5,7.820126
0.0,5,7.820301
0.0,6,7.820494
0.0,2,7.820596
0.0,5,7.820764
0.0,13,7.821119
0.0,10,7.821399
0.0,4,7.821548
0.0,7,7.821764
1.0,27,7.822414
0.0,6,7.822606
0.0,1,7.822687
0.0,13,7.823044
0.0,17,7.823466
0.0,8,7.823703
0.0,8,7.823941
1.0,11,7.824255
0.0,55,7.825515
0.0,7,7.825726
0.0,12,7.826051
0.0,11,7.826345
0.0,11,7.826641
0.0,22,7.827179
0.0,18,7.82762
0.0,13,7.827963
0.0,5,7.828138
0.0,1,7.828221
0.0,5,7.82839
0.0,19,7.828857
0.0,3,7.828982
0.0,9,7.829252
0.0,8,7.829487
0.0,4,7.829631
0.0,4,7.829783
0.0,6,7.829978
0.0,5,7.830161
0.0,3,7.830286
0.0,3,7.830414
0.0,16,7.830826
1.0,22,7.831378
0.0,6,7.831574
1.0,28,7.832239
0.0,35,7.833063
0.0,10,7.833342
0.0,3,7.83347
0.0,16,7.833873
0.0,3,7.833997
0.0,23,7.834552
0.0,3,7.834677
1.0,6,7.83487
0.0,11,7.83518
0.0,6,7.835369
0.0,23,7.835914
0.0,17,7.836354
0.0,23,7.836918
0.0,7,7.837137
0.0,1,7.837216
0.0,34,7.838183
0.0,5,7.838377
0.0,6,7.838579
0.0,9,7.838834
0.0,4,7.838977
0.0,8,7.839213
0.0,12,7.839531
0.0,20,7.840018
0.0,36,7.840845
0.0,9,7.841119
0.0,8,7.841356
0.0,4,7.841509
0.0,1,7.841586
0.0,2,7.841687
0.0,1,7.841762
1.0,14,7.842134
0.0,17,7.842562
0.0,19,7.843036
0.0,5,7.843209
0.0,2,7.843315
0.0,8,7.843553
0.0,49,7.844681
0.0,11,7.844974
0.0,13,7.845311
0.0,8,7.845545
0.0,10,7.845817
0.0,4,7.845962
0.0,1,7.846045
0.0,10,7.846325
0.0,20,7.84682
0.0,3,7.846943
0.0,8,7.847192
0.0,15,7.847578
0.0,7,7.847791
0.0,12,7.848123
0.0,27,7.848748
0.0,9,7.848999
0.0,64,7.850414
0.0,6,7.850609
0.0,3,7.850733
0.0,10,7.85102
1.0,11,7.851329
0.0,1,7.851406
0.0,5,7.851573
0.0,5,7.851738
0.0,6,7.85193
0.0,13,7.852285
0.0,9,7.852548
0.0,3,7.852672
0.0,7,7.85288
0.0,5,7.853059
0.0,2,7.853162
0.0,5,7.853335
0.0,2,7.853441
0.0,4,7.853586
0.0,10,7.853867
0.0,1,7.853944
0.0,6,7.854143
0.0,4,7.854296
0.0,17,7.854728
0.0,18,7.855188
0.0,5,7.855361
0.0,17,7.855791
0.0,18,7.856282
0.0,1,7.856377
0.0,16,7.856788
0.0,6,7.856981
0.0,17,7.857417
0.0,1,7.857495
0.0,8,7.857727
0.0,4,7.857872
0.0,22,7.858467
0.0,1,7.85855
0.0,3,7.858673
0.0,2,7.858774
0.0,1,7.858855
0.0,3,7.858985
0.0,4,7.859165
0.0,1,7.859245
0.0,9,7.859527
0.0,3,7.859649
0.0,10,7.859926
0.0,9,7.860188
0.0,27,7.860821
0.0,5,7.860992
0.0,18,7.861488
0.0,27,7.862161
0.0,4,7.862333
0.0,1,7.86241
0.0,11,7.862712
0.0,4,7.862863
0.0,6,7.863066
0.0,11,7.863365
0.0,22,7.863889
0.0,2,7.863994
0.0,19,7.864475
0.0,12,7.864797
1.0,14,7.865162
0.0,6,7.865358
0.0,10,7.865633
0.0,8,7.865862
0.0,16,7.866266
0.0,5,7.866432
0.0,12,7.866753
0.0,5,7.866918
1.0,23,7.867474
1.0,24,7.868066
0.0,12,7.868394
0.0,4,7.868543
0.0,14,7.868907
0.0,13,7.869255
0.0,7,7.869471
0.0,2,7.869571
0.0,14,7.869936
0.0,9,7.8702
0.0,7,7.870408
0.0,4,7.870552
0.0,7,7.870765
0.0,17,7.8712
0.0,1,7.871283
0.0,34,7.872085
0.0,13,7.872419
0.0,5,7.87259
0.0,4,7.872735
0.0,6,7.872928
0.0,4,7.87309
0.0,9,7.873353
0.0,7,7.873566
1.0,9,7.873823
0.0,11,7.874131
0.0,2,7.874238
0.0,2,7.874345
0.0,4,7.874496
0.0,7,7.874705
0.0,1,7.874786
0.0,5,7.874955
0.0,4,7.875108
0.0,25,7.875706
0.0,11,7.876009
1.0,6,7.8762
0.0,8,7.876435
0.0,4,7.87659
0.0,3,7.876715
0.0,5,7.876897
1.0,12,7.877232
0.0,3,7.877359
0.0,3,7.877487
0.0,1,7.877565
0.0,5,7.877732
0.0,4,7.877879
0.0,5,7.878057
0.0,4,7.878209
0.0,4,7.878356
0.0,8,7.878596
0.0,4,7.878744
0.0,4,7.878889
0.0,11,7.879196
0.0,1,7.879275
0.0,11,7.879574
1.0,25,7.880184
0.0,6,7.880373
0.0,1,7.88045
0.0,1,7.880528
0.0,3,7.880653
0.0,3,7.880777
0.0,14,7.881154
1.0,18,7.881603
1.0,8,7.881842
0.0,5,7.882021
0.0,8,7.88226
0.0,37,7.883127
0.0,2,7.883232
0.0,1,7.883309
0.0,9,7.883561
0.0,4,7.883708
0.0,2,7.883809
0.0,4,7.883954
0.0,1,7.884039
0.0,8,7.884278
0.0,4,7.884423
0.0,16,7.88483
0.0,6,7.885027
0.0,21,7.885546
0.0,1,7.885623
0.0,9,7.885878
0.0,9,7.886137
0.0,14,7.886494
0.0,15,7.886883
0.0,4,7.887038
0.0,4,7.887184
0.0,2,7.887284
0.0,3,7.887406
0.0,2,7.887508
0.0,3,7.88763
0.0,1,7.887707
0.0,3,7.88783
0.0,15,7.888219
0.0,22,7.888757
0.0,20,7.889256
0.0,11,7.889564
0.0,16,7.889972
0.0,17,7.890405
0.0,12,7.890731
0.0,8,7.890967
0.0,4,7.891124
1.0,19,7.891606
0.0,13,7.891943
0.0,16,7.892357
0.0,4,7.892504
0.0,7,7.892718
0.0,2,7.892824
0.0,12,7.893155
0.0,32,7.893901
0.0,8,7.894139
0.0,6,7.894334
0.0,1,7.894413
0.0,2,7.894515
0.0,8,7.894746
0.0,2,7.894851
0.0,3,7.894976
0.0,21,7.895504
0.0,3,7.895629
0.0,1,7.895706
0.0,3,7.895832
0.0,12,7.896169
0.0,17,7.896599
0.0,8,7.896827
0.0,2,7.896929
0.0,3,7.897059
0.0,8,7.897297
0.0,2,7.897398
0.0,3,7.897521
0.0,6,7.897705
0.0,3,7.897827
0.0,3,7.897948
0.0,3,7.898081
0.0,1,7.898158
0.0,3,7.898282
0.0,6,7.898473
0.0,31,7.899201
0.0,6,7.899398
0.0,14,7.899758
0.0,8,7.899994
0.0,6,7.900189
0.0,2,7.90029
1.0,19,7.900755
0.0,2,7.90086
0.0,8,7.901115
0.0,10,7.901397
0.0,7,7.901611
0.0,12,7.901934
0.0,3,7.902067
0.0,7,7.902282
0.0,8,7.902512
0.0,14,7.902874
0.0,2,7.902976
0.0,7,7.903198
0.0,13,7.903544
0.0,17,7.903971
0.0,7,7.904196
0.0,24,7.904771
0.0,5,7.904938
0.0,6,7.905141
0.0,9,7.905396
0.0,6,7.905596
0.0,16,7.906013
0.0,8,7.90625
0.0,9,7.90651
0.0,1,7.906588
0.0,4,7.906735
0.0,6,7.906924
0.0,6,7.907126
0.0,5,7.907295
0.0,5,7.907467
0.0,18,7.907911
0.0,16,7.90833
0.0,11,7.908634
0.0,30,7.909387
0.0,6,7.909582
1.0,17,7.910014
1.0,16,7.91042
0.0,5,7.910586
0.0,4,7.910729
0.0,1,7.910805
0.0,5,7.910979
0.0,5,7.911155
0.0,40,7.912075
0.0,30,7.912767
0.0,4,7.912913
0.0,25,7.913515
0.0,26,7.914139
0.0,3,7.914265
0.0,36,7.915112
0.0,4,7.915258
0.0,12,7.915589
0.0,2,7.915691
0.0,15,7.916088
0.0,9,7.916342
0.0,3,7.916466
0.0,7,7.916682
0.0,15,7.917077
0.0,29,7.917773
1.0,15,7.918168
0.0,3,7.918294
0.0,5,7.918462
0.0,2,7.918564
0.0,5,7.918731
0.0,16,7.919149
0.0,3,7.919276
0.0,29,7.919976
0.0,12,7.920304
0.0,4,7.920451
0.0,2,7.920552
0.0,4,7.920697
0.0,6,7.920892
0.0,6,7.92109
0.0,10,7.921369
0.0,1,7.921447
0.0,2,7.921548
0.0,4,7.921693
0.0,5,7.921859
0.0,9,7.922122
0.0,14,7.922488
0.0,14,7.922842
1.0,11,7.923141
0.0,11,7.923434
0.0,7,7.923648
0.0,22,7.924196
0.0,8,7.924426
0.0,1,7.924503
0.0,11,7.924797
0.0,7,7.925011
0.0,7,7.925248
0.0,8,7.925497
0.0,6,7.92569
0.0,8,7.92592
0.0,4,7.926077
0.0,2,7.926181
0.0,8,7.92642
0.0,8,7.92666
0.0,9,7.926918
0.0,1,7.926999
0.0,9,7.927267
0.0,7,7.927482
0.0,12,7.927802
0.0,8,7.928043
0.0,6,7.928235
0.0,3,7.928362
0.0,13,7.928704
0.0,6,7.928898
0.0,8,7.929137
0.0,3,7.929262
0.0,7,7.929476
0.0,8,7.929704
1.0,42,7.930667
0.0,6,7.930854
0.0,6,7.931062
0.0,8,7.931293
0.0,10,7.931581
0.0,5,7.931755
0.0,15,7.932143
0.0,6,7.932331
1.0,6,7.932523
0.0,10,7.932794
0.0,38,7.93365
0.0,7,7.933866
0.0,23,7.934426
0.0,4,7.934572
0.0,1,7.934649
0.0,8,7.934877
0.0,6,7.935074
0.0,3,7.935199
0.0,1,7.935279
0.0,2,7.935386
0.0,4,7.935532
1.0,25,7.936135
0.0,1,7.936217
0.0,3,7.936342
0.0,1,7.93642
0.0,3,7.936552
0.0,7,7.936767
0.0,17,7.937201
0.0,8,7.937433
0.0,51,7.938693
0.0,5,7.938872
0.0,8,7.939113
0.0,2,7.93922
0.0,3,7.939344
0.0,18,7.939786
0.0,2,7.939888
0.0,12,7.940224
0.0,6,7.940418
0.0,9,7.94067
0.0,5,7.94084
0.0,7,7.941076
0.0,5,7.94125
0.0,11,7.94155
0.0,3,7.941674
0.0,11,7.941971
0.0,12,7.942345
0.0,3,7.942469
0.0,8,7.942707
0.0,1,7.942784
0.0,5,7.942956
0.0,4,7.943135
0.0,3,7.943267
0.0,3,7.943405
0.0,10,7.943682
0.0,7,7.94389
0.0,6,7.944086
0.0,10,7.944358
0.0,1,7.944438
0.0,2,7.944547
0.0,8,7.944786
0.0,3,7.944909
0.0,14,7.945307
0.0,32,7.946096
0.0,23,7.946676
0.0,12,7.946999
0.0,7,7.947217
0.0,5,7.947382
0.0,1,7.947458
0.0,9,7.947718
0.0,9,7.947967
0.0,5,7.948149
0.0,11,7.948453
0.0,2,7.948555
0.0,6,7.948741
0.0,5,7.948911
0.0,7,7.949133
0.0,12,7.949449
0.0,1,7.949526
0.0,11,7.949838
0.0,1,7.949915
0.0,8,7.95016
0.0,12,7.950474
0.0,7,7.950689
0.0,7,7.950897
0.0,29,7.951588
0.0,4,7.951735
0.0,4,7.95188
0.0,18,7.952341
0.0,4,7.952491
0.0,13,7.952835
0.0,12,7.953159
0.0,13,7.953497
0.0,12,7.953818
0.0,5,7.953991
0.0,6,7.954188
0.0,1,7.954269
0.0,13,7.9546
0.0,3,7.954727
0.0,6,7.954914
0.0,3,7.955052
0.0,5,7.95522
0.0,11,7.955513
0.0,5,7.955683
0.0,22,7.956222
0.0,1,7.956304
0.0,35,7.957118
1.0,21,7.957623
0.0,8,7.957854
0.0,1,7.957935
1.0,20,7.958439
0.0,12,7.958761
0.0,12,7.959087
1.0,21,7.9596
0.0,7,7.959811
0.0,3,7.959932
0.0,10,7.960215
0.0,1,7.960293
0.0,4,7.960437
0.0,16,7.960829
0.0,4,7.960983
0.0,2,7.961094
0.0,52,7.962262
1.0,8,7.9625
0.0,11,7.962794
0.0,8,7.963036
0.0,12,7.963356
0.0,9,7.96361
0.0,15,7.963977
0.0,10,7.964262
0.0,5,7.964428
0.0,11,7.964721
0.0,5,7.964887
0.0,8,7.96513
0.0,1,7.965212
0.0,32,7.965971
0.0,8,7.966212
0.0,5,7.966378
0.0,16,7.966789
0.0,4,7.966937
0.0,7,7.967164
0.0,4,7.967311
0.0,10,7.96758
1.0,17,7.967996
1.0,13,7.96835
0.0,3,7.968473
0.0,6,7.96866
0.0,4,7.968804
0.0,1,7.968879
0.0,20,7.969383
0.0,1,7.969465
0.0,22,7.969997
0.0,19,7.970481
0.0,11,7.970782
0.0,1,7.970859
0.0,7,7.971076
0.0,19,7.971554
0.0,3,7.971677
0.0,20,7.972163
0.0,1,7.97224
0.0,12,7.972559
0.0,11,7.972854
0.0,5,7.973031
0.0,2,7.973137
0.0,8,7.973365
0.0,2,7.973469
0.0,3,7.973591
0.0,6,7.973778
0.0,6,7.973962
0.0,7,7.974177
0.0,9,7.974432
1.0,11,7.974731
0.0,3,7.974854
0.0,2,7.974958
0.0,4,7.975117
0.0,17,7.975542
0.0,10,7.975813
0.0,21,7.976331
0.0,3,7.976455
0.0,4,7.976597
0.0,7,7.976801
0.0,7,7.977012
0.0,1,7.977094
0.0,4,7.977247
0.0,5,7.97742
0.0,11,7.97772
0.0,3,7.977841
0.0,4,7.977992
0.0,5,7.978168
1.0,8,7.978403
0.0,4,7.978551
0.0,7,7.978766
0.0,34,7.979551
0.0,11,7.979845
0.0,17,7.980274
0.0,6,7.980469
0.0,7,7.980681
0.0,10,7.980951
0.0,3,7.981085
0.0,20,7.981577
0.0,1,7.981657
0.0,10,7.981934
1.0,6,7.982129
0.0,6,7.982317
0.0,5,7.982481
0.0,9,7.982738
0.0,3,7.982861
0.0,4,7.983015
0.0,20,7.983504
0.0,25,7.984105
0.0,18,7.984544
1.0,26,7.985159
0.0,8,7.985388
0.0,1,7.985464
0.0,3,7.985591
0.0,8,7.985819
0.0,10,7.986107
0.0,28,7.98676
0.0,16,7.987169
0.0,5,7.987341
0.0,1,7.987418
0.0,13,7.987761
0.0,8,7.988014
0.0,14,7.988373
0.0,8,7.988606
0.0,8,7.988835
0.0,5,7.989
0.0,4,7.989153
0.0,4,7.989298
0.0,3,7.98942
0.0,2,7.989522
0.0,23,7.990093
0.0,6,7.990283
0.0,19,7.990752
0.0,2,7.990857
0.0,1,7.990935
0.0,3,7.991067
0.0,5,7.99124
0.0,6,7.991435
1.0,47,7.99252
0.0,6,7.99271
0.0,8,7.992937
0.0,16,7.993349
0.0,6,7.993537
0.0,9,7.99379
0.0,13,7.994142
0.0,7,7.994353
0.0,7,7.994562
0.0,7,7.994776
0.0,2,7.994878
0.0,1,7.994955
0.0,6,7.995153
0.0,2,7.99526
0.0,4,7.995411
0.0,4,7.995557
0.0,7,7.995765
0.0,24,7.996362
0.0,4,7.996509
0.0,6,7.996706
0.0,3,7.996834
0.0,5,7.997014
0.0,3,7.997148
0.0,2,7.997254
0.0,3,7.997383
0.0,4,7.997532
0.0,8,7.997771
1.0,10,7.998061
0.0,3,7.998187
0.0,3,7.998314
0.0,7,7.998525
0.0,12,7.998853
0.0,5,7.999029
0.0,1,7.999108
0.0,7,7.999324
0.0,15,7.999708
0.0,17,8.000138
0.0,1,8.000216
0.0,2,8.000318
0.0,9,8.000578
0.0,4,8.000723
0.0,9,8.000973
0.0,3,8.001103
0.0,6,8.001293
0.0,4,8.001442
0.0,15,8.001828
0.0,4,8.001978
0.0,9,8.002244
0.0,2,8.002352
0.0,32,8.00311
0.0,6,8.003305
0.0,1,8.003384
0.0,5,8.003552
0.0,12,8.00387
0.0,4,8.004023
0.0,8,8.004265
0.0,18,8.004711
0.0,13,8.005057
0.0,6,8.005251
0.0,11,8.005543
0.0,10,8.005816
0.0,7,8.006038
0.0,12,8.00636
0.0,7,8.006569
0.0,8,8.006812
0.0,3,8.006935
0.0,3,8.007071
0.0,10,8.007353
0.0,7,8.007568
0.0,2,8.007673
0.0,3,8.007797
0.0,6,8.007983
1.0,10,8.008267
0.0,4,8.008415
0.0,2,8.008521
0.0,3,8.00865
0.0,13,8.008984
0.0,8,8.009248
0.0,7,8.009471
0.0,5,8.00964
0.0,11,8.009932
0.0,23,8.010484
0.0,11,8.01078
0.0,28,8.011432
0.0,7,8.011641
0.0,12,8.011958
0.0,4,8.012116
0.0,6,8.012304
0.0,31,8.013011
0.0,5,8.013182
0.0,5,8.01335
0.0,6,8.013541
0.0,2,8.013642
0.0,9,8.013892
0.0,2,8.013996
0.0,4,8.014156
0.0,9,8.014414
0.0,7,8.014619
0.0,7,8.01483
0.0,6,8.015027
1.0,16,8.015431
0.0,1,8.015508
0.0,2,8.015609
0.0,8,8.015843
0.0,2,8.015944
0.0,2,8.016052
0.0,5,8.016225
0.0,1,8.016306
0.0,9,8.016559
1.0,29,8.01725
1.0,26,8.017862
0.0,7,8.018087
0.0,6,8.018287
0.0,19,8.018752
0.0,26,8.019374
1.0,23,8.019923
0.0,5,8.020104
0.0,15,8.020493
0.0,1,8.02057
0.0,11,8.020878
0.0,25,8.021489
1.0,15,8.021875
0.0,15,8.022255
0.0,14,8.022616
0.0,20,8.023121
0.0,14,8.023489
0.0,12,8.023801
0.0,13,8.024151
0.0,12,8.024477
0.0,3,8.024601
1.0,20,8.0251
0.0,4,8.025246
0.0,18,8.025704
0.0,21,8.026222
0.0,7,8.02643
0.0,7,8.026636
0.0,3,8.026765
0.0,8,8.027016
0.0,1,8.027098
0.0,7,8.027308
0.0,2,8.027408
0.0,3,8.027531
0.0,1,8.027608
0.0,4,8.02776
0.0,8,8.027995
0.0,9,8.028258
0.0,21,8.028765
0.0,12,8.029102
0.0,6,8.029299
0.0,5,8.02947
0.0,4,8.029619
0.0,5,8.029787
0.0,10,8.030077
0.0,4,8.030222
0.0,2,8.030322
0.0,7,8.030528
0.0,6,8.030719
0.0,3,8.030843
0.0,2,8.030944
0.0,8,8.031179
0.0,5,8.031345
0.0,13,8.031691
0.0,5,8.031862
0.0,4,8.032011
0.0,1,8.032089
1.0,28,8.032744
0.0,5,8.03291
0.0,2,8.033025
0.0,2,8.03313
0.0,13,8.033472
0.0,8,8.033708
0.0,1,8.033786
0.0,1,8.033862
0.0,10,8.034146
0.0,1,8.034223
0.0,11,8.034516
0.0,7,8.034722
0.0,1,8.034798
0.0,3,8.034926
0.0,1,8.03501
0.0,1,8.035089
0.0,1,8.035166
0.0,3,8.035289
1.0,24,8.035857
0.0,10,8.036139
0.0,1,8.036221
0.0,8,8.036456
1.0,11,8.036755
0.0,4,8.036904
0.0,2,8.037019
0.0,5,8.037194
0.0,3,8.037322
0.0,5,8.037488
0.0,9,8.037826
0.0,5,8.038041
0.0,5,8.038237
0.0,5,8.03842
1.0,9,8.038675
0.0,5,8.038838
0.0,3,8.038964
0.0,4,8.039121
0.0,3,8.039254
0.0,9,8.039512
0.0,9,8.039771
0.0,5,8.039937
0.0,6,8.040134
0.0,23,8.04067
0.0,2,8.040776
0.0,10,8.041058
0.0,11,8.041356
0.0,2,8.041462
0.0,4,8.041612
0.0,2,8.041714
0.0,2,8.041814
0.0,15,8.042215
0.0,3,8.042341
0.0,3,8.042463
0.0,13,8.042808
0.0,21,8.043324
0.0,9,8.043581
0.0,11,8.043881
0.0,27,8.044525
0.0,1,8.044607
0.0,7,8.044818
0.0,4,8.044967
0.0,11,8.045279
0.0,3,8.045405
0.0,25,8.045997
0.0,10,8.046282
0.0,10,8.046562
1.0,27,8.047245
0.0,3,8.04739
0.0,2,8.047491
0.0,2,8.047596
1.0,12,8.047918
0.0,2,8.048033
0.0,8,8.048275
0.0,23,8.048824
0.0,12,8.049151
0.0,9,8.049401
0.0,28,8.050065
0.0,7,8.050272
0.0,3,8.050393
0.0,1,8.050469
1.0,13,8.050813
0.0,1,8.050893
0.0,7,8.051122
1.0,18,8.051566
0.0,16,8.051972
1.0,8,8.052208
0.0,6,8.0524
0.0,6,8.052594
0.0,16,8.052991
0.0,14,8.053354
0.0,6,8.053544
0.0,3,8.053672
0.0,6,8.053864
0.0,17,8.054302
0.0,9,8.054557
1.0,11,8.054852
0.0,10,8.055139
0.0,1,8.05522
0.0,3,8.055349
0.0,8,8.055581
0.0,12,8.055895
0.0,25,8.056498
0.0,21,8.056995
0.0,4,8.057157
0.0,15,8.057536
0.0,2,8.05764
0.0,4,8.057785
0.0,4,8.057928
0.0,9,8.05819
0.0,9,8.058446
0.0,2,8.058547
0.0,4,8.05869
0.0,6,8.058874
0.0,2,8.058974
0.0,1,8.059057
0.0,6,8.059255
0.0,8,8.059486
0.0,7,8.059692
0.0,10,8.059961
0.0,1,8.060049
0.0,2,8.060152
0.0,1,8.060228
0.0,9,8.060482
1.0,6,8.060668
0.0,14,8.061026
0.0,14,8.061393
0.0,2,8.061498
0.0,7,8.061707
0.0,2,8.061807
0.0,9,8.062073
0.0,5,8.062245
0.0,7,8.06246
0.0,3,8.062581
0.0,6,8.062766
0.0,7,8.06298
0.0,14,8.063349
0.0,1,8.063428
0.0,8,8.06366
0.0,6,8.063848
0.0,1,8.063924
0.0,1,8.064
0.0,6,8.064196
0.0,5,8.064359
0.0,8,8.064591
0.0,4,8.06475
0.0,10,8.065047
0.0,6,8.06524
0.0,18,8.065691
1.0,16,8.066109
0.0,2,8.066219
0.0,20,8.066714
0.0,3,8.066839
0.0,15,8.067234
0.0,5,8.067406
0.0,19,8.067864
0.0,55,8.069089
0.0,5,8.069265
0.0,6,8.06945
0.0,4,8.069597
0.0,32,8.070339
0.0,8,8.070575
0.0,8,8.070805
0.0,5,8.070969
0.0,5,8.071151
0.0,3,8.071276
1.0,17,8.071701
0.0,3,8.071822
0.0,11,8.072132
0.0,16,8.072528
0.0,9,8.072774
0.0,17,8.073208
0.0,9,8.073457
0.0,11,8.073752
0.0,14,8.074114
0.0,14,8.074479
0.0,3,8.074603
1.0,11,8.0749
0.0,5,8.07508
0.0,25,8.075671
0.0,3,8.075794
0.0,2,8.075894
0.0,10,8.076184
0.0,7,8.076404
0.0,27,8.077048
0.0,7,8.077266
0.0,22,8.077786
0.0,4,8.077929
0.0,3,8.078066
0.0,15,8.078446
0.0,4,8.078594
0.0,3,8.078716
0.0,1,8.078796
0.0,14,8.079162
0.0,9,8.079424
0.0,21,8.079934
0.0,2,8.080047
1.0,9,8.080301
0.0,2,8.080404
0.0,19,8.08087
1.0,7,8.081089
0.0,9,8.081342
0.0,9,8.081602
0.0,4,8.08175
1.0,31,8.082617
0.0,3,8.082784
0.0,34,8.083582
0.0,13,8.08393
1.0,12,8.084265
0.0,3,8.084388
0.0,7,8.084603
0.0,16,8.085012
0.0,1,8.085091
0.0,4,8.085242
0.0,8,8.085478
0.0,19,8.085939
0.0,1,8.086022
0.0,16,8.086422
0.0,1,8.086502
0.0,4,8.086656
0.0,5,8.08683
0.0,4,8.086976
0.0,4,8.087129
0.0,4,8.087275
0.0,18,8.087721
0.0,8,8.087958
0.0,24,8.088554
0.0,17,8.088979
1.0,16,8.089383
0.0,1,8.089463
1.0,23,8.090017
0.0,2,8.090119
0.0,23,8.090666
0.0,15,8.09106
0.0,4,8.091205
0.0,9,8.091463
0.0,9,8.091713
0.0,2,8.091813
0.0,4,8.091957
0.0,17,8.092396
0.0,8,8.092633
0.0,13,8.092977
1.0,18,8.093438
0.0,23,8.093994
0.0,4,8.094146
0.0,9,8.094396
0.0,55,8.095621
0.0,13,8.095962
1.0,8,8.096196
0.0,15,8.096589
0.0,16,8.096983
0.0,3,8.097112
0.0,4,8.097262
0.0,5,8.097427
0.0,10,8.097695
0.0,1,8.09777
0.0,3,8.097893
0.0,7,8.098115
0.0,12,8.09843
0.0,7,8.098644
0.0,6,8.09883
0.0,2,8.09893
0.0,8,8.09917
0.0,7,8.09938
1.0,15,8.099767
0.0,3,8.099889
0.0,6,8.10009
0.0,1,8.100168
0.0,7,8.100378
0.0,5,8.100544
0.0,3,8.100665
0.0,12,8.100994
0.0,3,8.101126
0.0,3,8.101248
0.0,1,8.101324
0.0,3,8.101447
0.0,8,8.101684
0.0,13,8.10204
0.0,3,8.10217
0.0,3,8.102295
0.0,3,8.102417
0.0,1,8.102493
0.0,2,8.102598
0.0,4,8.102751
0.0,3,8.102881
0.0,7,8.10311
0.0,5,8.103282
0.0,6,8.103468
0.0,9,8.103724
0.0,11,8.104033
1.0,23,8.10459
0.0,5,8.104761
1.0,6,8.104949
0.0,3,8.10508
0.0,12,8.105407
0.0,1,8.105489
0.0,6,8.105685
0.0,15,8.10608
0.0,5,8.106247
0.0,5,8.106421
0.0,37,8.107286
1.0,21,8.107801
0.0,5,8.107973
0.0,6,8.108173
0.0,3,8.108297
0.0,8,8.108527
0.0,5,8.108692
0.0,11,8.108996
0.0,16,8.109404
0.0,1,8.109486
0.0,7,8.109706
0.0,7,8.109923
0.0,4,8.110076
0.0,3,8.110203
0.0,9,8.110459
0.0,26,8.111092
0.0,3,8.111219
0.0,3,8.111349
0.0,1,8.111431
0.0,7,8.11165
0.0,1,8.111731
0.0,3,8.111856
0.0,13,8.112208
1.0,16,8.112617
0.0,4,8.112767
0.0,10,8.11305
0.0,16,8.113459
0.0,2,8.113561
0.0,13,8.113904
0.0,25,8.114511
0.0,3,8.114637
0.0,13,8.114971
0.0,8,8.115213
0.0,5,8.115387
0.0,5,8.115556
0.0,1,8.115633
0.0,6,8.115826
0.0,6,8.116019
0.0,1,8.116097
0.0,4,8.116251
0.0,3,8.116381
0.0,7,8.11659
0.0,3,8.116717
0.0,7,8.116925
0.0,3,8.117058
0.0,9,8.117311
0.0,13,8.117656
0.0,2,8.117763
0.0,2,8.117869
0.0,6,8.118079
1.0,12,8.118403
0.0,5,8.118569
0.0,1,8.118646
0.0,5,8.118812
1.0,15,8.119211
0.0,2,8.119314
0.0,7,8.119521
0.0,7,8.11973
0.0,2,8.11983
0.0,4,8.119975
0.0,9,8.120241
0.0,12,8.120554
0.0,8,8.120783
0.0,3,8.120911
0.0,7,8.12113
0.0,1,8.121209
0.0,8,8.121451
0.0,1,8.121533
0.0,9,8.121791
0.0,17,8.12223
0.0,42,8.123204
0.0,4,8.123352
0.0,12,8.123672
0.0,9,8.123922
0.0,2,8.124035
0.0,5,8.124209
0.0,6,8.124402
0.0,6,8.124594
0.0,6,8.124781
0.0,3,8.124904
0.0,1,8.124979
0.0,7,8.125197
0.0,16,8.125589
0.0,6,8.125781
0.0,5,8.125946
0.0,6,8.126142
0.0,1,8.126221
0.0,2,8.126323
0.0,12,8.126646
0.0,1,8.126723
0.0,9,8.126981
0.0,2,8.127092
0.0,7,8.127306
0.0,2,8.127407
0.0,8,8.127636
0.0,14,8.127992
0.0,21,8.128527
0.0,22,8.129075
0.0,3,8.129215
0.0,18,8.129653
0.0,15,8.130046
0.0,25,8.130644
0.0,6,8.130831
0.0,6,8.131033
0.0,5,8.131206
0.0,3,8.131335
0.0,3,8.131458
0.0,3,8.131586
0.0,4,8.131737
0.0,1,8.131815
1.0,6,8.132011
0.0,15,8.132387
0.0,10,8.132662
0.0,2,8.132763
1.0,24,8.133348
0.0,9,8.133597
0.0,2,8.133701
0.0,10,8.133976
0.0,10,8.134251
0.0,23,8.134797
0.0,8,8.135033
0.0,2,8.135136
0.0,7,8.135345
0.0,4,8.135495
0.0,4,8.135644
0.0,13,8.135978
0.0,12,8.136298
0.0,5,8.136465
0.0,2,8.136566
0.0,5,8.136733
0.0,4,8.136878
0.0,10,8.137171
0.0,5,8.137346
0.0,10,8.137628
0.0,7,8.137926
0.0,3,8.1381
0.0,1,8.13819
0.0,8,8.138456
0.0,6,8.138643
0.0,3,8.138772
0.0,2,8.138873
0.0,5,8.13905
0.0,6,8.139244
0.0,6,8.139438
0.0,1,8.139514
0.0,2,8.139619
0.0,1,8.139695
0.0,1,8.13977
0.0,4,8.139915
0.0,1,8.139991
0.0,1,8.140075
0.0,9,8.140336
0.0,1,8.140412
0.0,5,8.140584
0.0,3,8.140706
0.0,8,8.140935
1.0,10,8.14123
0.0,6,8.141419
0.0,1,8.141495
0.0,1,8.141572
0.0,27,8.142232
0.0,8,8.142471
0.0,3,8.142599
1.0,6,8.142788
0.0,1,8.142863
0.0,1,8.142939
0.0,1,8.143023
0.0,1,8.1431
0.0,7,8.143312
0.0,27,8.143957
1.0,17,8.144398
0.0,4,8.144543
0.0,1,8.14462
1.0,7,8.144833
0.0,1,8.144908
0.0,25,8.14552
0.0,9,8.145772
0.0,12,8.146092
0.0,12,8.146405
0.0,12,8.146722
0.0,3,8.146849
0.0,3,8.146978
0.0,1,8.147067
0.0,6,8.14726
0.0,8,8.147488
0.0,8,8.147722
0.0,7,8.147928
0.0,6,8.148132
0.0,5,8.148308
0.0,7,8.148523
0.0,1,8.1486
0.0,6,8.148797
0.0,9,8.14906
0.0,8,8.149288
0.0,15,8.149662
0.0,4,8.149805
0.0,1,8.14988
0.0,3,8.15001
0.0,17,8.150438
0.0,4,8.150589
0.0,9,8.150838
0.0,23,8.151395
1.0,10,8.151667
0.0,8,8.151899
0.0,5,8.152081
0.0,1,8.152159
1.0,39,8.153065
0.0,7,8.153272
0.0,2,8.153371
0.0,1,8.153448
0.0,1,8.153524
0.0,11,8.153824
0.0,1,8.1539
0.0,4,8.154052
0.0,8,8.154281
0.0,1,8.154356
0.0,2,8.154457
0.0,1,8.154537
0.0,1,8.154614
0.0,1,8.15469
0.0,30,8.155404
0.0,6,8.155599
0.0,11,8.1559
0.0,5,8.156078
0.0,3,8.156201
1.0,20,8.156682
0.0,6,8.156867
0.0,6,8.157062
0.0,3,8.157191
0.0,13,8.158158
0.0,5,8.158571
0.0,6,8.158994
0.0,1,8.159188
0.0,3,8.159452
0.0,27,8.160835
0.0,14,8.161629
0.0,4,8.161935
0.0,9,8.162477
0.0,7,8.162915
0.0,20,8.163977
0.0,5,8.164353
0.0,1,8.164513
0.0,15,8.16535
0.0,7,8.165809
0.0,10,8.166405
0.0,10,8.166989
0.0,16,8.167877
0.0,1,8.168059
0.0,23,8.169239
0.0,5,8.169571
0.0,8,8.170047
0.0,1,8.170196
0.0,4,8.170478
0.0,3,8.170713
0.0,2,8.170985
0.0,3,8.171237
0.0,8,8.171709
0.0,3,8.171954
0.0,2,8.17216
0.0,3,8.172408
0.0,3,8.172657
0.0,3,8.172892
0.0,3,8.17314
0.0,1,8.173285
0.0,2,8.173477
0.0,3,8.173714
0.0,2,8.173905
0.0,11,8.174501
0.0,20,8.175492
0.0,3,8.175734
0.0,16,8.176554
0.0,2,8.176751
1.0,26,8.177989
0.0,16,8.178786
0.0,6,8.179146
1.0,14,8.179799
1.0,12,8.180379
0.0,14,8.181064
0.0,5,8.181369
0.0,18,8.182201
0.0,9,8.182676
0.0,4,8.182947
1.0,21,8.1839
0.0,6,8.184269
0.0,1,8.184407
0.0,8,8.184832
0.0,12,8.185438
0.0,14,8.186111
0.0,9,8.186576
1.0,11,8.187124
0.0,10,8.187621
1.0,18,8.188457
0.0,5,8.18874
0.0,5,8.189033
0.0,3,8.18925
0.0,5,8.189534
0.0,8,8.18994
1.0,11,8.190478
0.0,2,8.19065
0.0,6,8.190982
0.0,2,8.191165
0.0,6,8.191483
0.0,15,8.192154
0.0,5,8.192451
0.0,34,8.19388
0.0,4,8.19415
0.0,24,8.195172
1.0,24,8.196189
0.0,14,8.196825
0.0,29,8.198038
1.0,14,8.198662
0.0,14,8.199282
0.0,4,8.199525
0.0,8,8.199898
0.0,13,8.200463
0.0,3,8.200662
0.0,6,8.200974
0.0,7,8.201329
0.0,11,8.201808
0.0,8,8.202191
0.0,21,8.203029
0.0,2,8.203209
0.0,13,8.203763
0.0,8,8.204157
0.0,12,8.204687
0.0,1,8.204809
0.0,2,8.204971
0.0,20,8.205777
0.0,24,8.206752
0.0,6,8.207079
0.0,1,8.207203
1.0,14,8.207798
0.0,17,8.208516
0.0,17,8.209178
0.0,6,8.209479
0.0,11,8.209932
0.0,11,8.21042
0.0,5,8.210679
0.0,13,8.211234
0.0,8,8.211601
0.0,5,8.211856
0.0,2,8.212018
0.0,23,8.212886
0.0,7,8.213228
0.0,4,8.213462
0.0,13,8.213989
0.0,7,8.214339
0.0,3,8.214529
0.0,5,8.214784
0.0,13,8.215347
0.0,7,8.215677
0.0,7,8.216024
0.0,6,8.216324
0.0,4,8.216554
0.0,6,8.216839
0.0,3,8.217036
0.0,8,8.217389
1.0,13,8.217909
0.0,27,8.218888
0.0,10,8.219311
0.0,6,8.219587
0.0,3,8.219774
0.0,3,8.219966
0.0,2,8.220125
0.0,4,8.220344
0.0,3,8.220528
0.0,3,8.220712
0.0,7,8.221037
0.0,3,8.221226
0.0,1,8.221341
0.0,3,8.221522
0.0,10,8.221917
0.0,28,8.22289
1.0,8,8.223239
0.0,3,8.223417
0.0,3,8.223593
0.0,2,8.223744
0.0,13,8.224264
0.0,14,8.224803
0.0,5,8.225055
0.0,3,8.225233
0.0,20,8.225959
0.0,8,8.226303
0.0,16,8.226892
0.0,1,8.227
1.0,28,8.227985
0.0,4,8.228207
0.0,3,8.228384
0.0,4,8.228593
0.0,5,8.228832
0.0,4,8.229052
0.0,1,8.22917
0.0,10,8.22957
1.0,22,8.230366
0.0,6,8.230648
0.0,26,8.23157
0.0,11,8.232016
0.0,8,8.232363
1.0,22,8.233142
0.0,4,8.23336
0.0,3,8.233536
0.0,2,8.233681
0.0,3,8.233864
0.0,5,8.234116
0.0,3,8.234296
0.0,8,8.234637
0.0,2,8.234787
0.0,11,8.235246
0.0,5,8.235496
0.0,2,8.235643
0.0,5,8.235894
0.0,8,8.236251
0.0,6,8.236527
0.0,10,8.236928
0.0,5,8.237178
0.0,3,8.237365
0.0,3,8.237542
0.0,7,8.237851
0.0,6,8.238153
0.0,8,8.238475
0.0,4,8.238673
0.0,3,8.238841
0.0,4,8.239056
0.0,6,8.23932
0.0,12,8.239757
0.0,8,8.240086
0.0,4,8.240285
0.0,41,8.241632
0.0,5,8.241873
0.0,7,8.242176
0.0,10,8.242563
0.0,3,8.242736
0.0,3,8.242905
0.0,4,8.24312
0.0,6,8.24339
0.0,1,8.2435
0.0,14,8.244146
0.0,2,8.244294
0.0,5,8.244527
0.0,5,8.244765
0.0,23,8.245559
0.0,9,8.245929
0.0,25,8.24678
0.0,7,8.247096
0.0,1,8.247206
0.0,26,8.248111
0.0,6,8.248377
0.0,6,8.248639
0.0,2,8.248772
0.0,5,8.248992
0.0,23,8.249746
0.0,7,8.250049
1.0,9,8.250396
0.0,15,8.250914
0.0,9,8.251261
0.0,12,8.251693
0.0,5,8.251915
0.0,25,8.252739
0.0,3,8.252913
0.0,12,8.25336
0.0,3,8.253524
0.0,18,8.254133
0.0,9,8.254479
0.0,14,8.254969
0.0,2,8.255114
0.0,6,8.255373
0.0,1,8.255473
0.0,9,8.255807
0.0,3,8.255971
0.0,6,8.256233
0.0,3,8.256397
1.0,21,8.257089
0.0,4,8.257283
0.0,6,8.257535
0.0,5,8.257756
0.0,3,8.257917
0.0,6,8.258186
0.0,5,8.258412
0.0,9,8.258736
0.0,1,8.258834
0.0,3,8.258991
1.0,19,8.25959
0.0,2,8.259718
0.0,2,8.259844
0.0,7,8.260125
0.0,9,8.260447
0.0,4,8.260631
0.0,25,8.261409
0.0,11,8.261788
0.0,8,8.262112
0.0,3,8.262275
0.0,11,8.26265
0.0,12,8.26308
1.0,9,8.263412
0.0,2,8.263538
0.0,6,8.263774
0.0,1,8.26387
0.0,21,8.264543
0.0,5,8.264758
0.0,5,8.264975
0.0,2,8.265119
0.0,4,8.265305
0.0,20,8.265935
0.0,15,8.266435
0.0,6,8.266683
0.0,13,8.26713
0.0,1,8.26723
0.0,8,8.267534
0.0,11,8.267915
0.0,6,8.268192
0.0,7,8.268451
0.0,21,8.269093
0.0,8,8.269384
0.0,21,8.270025
0.0,1,8.270125
1.0,8,8.270412
0.0,2,8.27054
0.0,4,8.270717
0.0,1,8.270814
0.0,12,8.271226
0.0,6,8.271459
0.0,10,8.27179
0.0,4,8.271966
0.0,5,8.272191
0.0,7,8.272446
0.0,1,8.272543
0.0,8,8.272824
0.0,3,8.272979
0.0,3,8.273139
0.0,1,8.273232
0.0,5,8.273442
0.0,4,8.273617
0.0,5,8.273825
0.0,1,8.273918
1.0,10,8.274277
0.0,6,8.27452
0.0,6,8.27475
0.0,2,8.274873
0.0,2,8.275011
0.0,9,8.275333
0.0,2,8.275458
0.0,1,8.275555
0.0,4,8.275735
0.0,6,8.27597
0.0,4,8.276157
0.0,3,8.276309
0.0,13,8.276738
0.0,3,8.276894
0.0,7,8.277164
0.0,9,8.277469
0.0,1,8.277562
0.0,6,8.277798
0.0,6,8.278048
0.0,5,8.278261
0.0,1,8.278359
0.0,5,8.278566
0.0,11,8.27885
0.0,7,8.279061
0.0,9,8.279307
0.0,6,8.279497
0.0,4,8.279642
0.0,5,8.279806
0.0,5,8.279967
0.0,4,8.280134
0.0,9,8.280413
0.0,5,8.280593
0.0,6,8.280796
0.0,2,8.280904
0.0,2,8.281026
0.0,4,8.281176
0.0,8,8.281403
0.0,9,8.281648
0.0,5,8.281815
0.0,3,8.281941
0.0,5,8.282122
0.0,3,8.282249
0.0,21,8.282752
0.0,8,8.282991
0.0,9,8.28325
0.0,5,8.283419
0.0,16,8.283812
1.0,22,8.284352
0.0,15,8.28473
0.0,6,8.284912
0.0,10,8.285185
1.0,10,8.285457
0.0,5,8.285625
0.0,1,8.285704
1.0,20,8.286201
0.0,30,8.28689
0.0,1,8.286971
1.0,8,8.287208
0.0,9,8.287461
0.0,46,8.28855
0.0,1,8.288629
0.0,2,8.288735
0.0,1,8.288811
0.0,13,8.289161
0.0,3,8.289284
0.0,8,8.289512
0.0,2,8.289613
0.0,3,8.289737
0.0,3,8.289862
0.0,3,8.289988
0.0,6,8.290186
0.0,13,8.290538
0.0,3,8.290663
0.0,20,8.29114
0.0,7,8.291345
0.0,4,8.29149
0.0,1,8.291565
0.0,10,8.291838
0.0,5,8.292
0.0,3,8.292135
0.0,21,8.292633
0.0,4,8.292784
0.0,3,8.292905
0.0,3,8.293036
0.0,10,8.293302
0.0,5,8.293463
0.0,1,8.293539
0.0,6,8.293724
0.0,2,8.293823
0.0,6,8.294014
0.0,2,8.294122
0.0,2,8.294221
0.0,1,8.2943
0.0,6,8.29449
0.0,5,8.294659
0.0,6,8.294843
0.0,6,8.295037
0.0,14,8.295397
0.0,7,8.2956
0.0,4,8.295748
0.0,18,8.296194
0.0,7,8.296404
1.0,16,8.2968
0.0,16,8.297199
0.0,6,8.297389
0.0,18,8.297831
0.0,36,8.298646
0.0,5,8.298809
0.0,8,8.299047
0.0,3,8.299174
0.0,4,8.299326
0.0,25,8.299907
0.0,13,8.300241
0.0,4,8.300398
0.0,9,8.300654
0.0,4,8.300798
0.0,23,8.301368
0.0,22,8.30188
0.0,2,8.30198
0.0,3,8.302109
0.0,3,8.302239
0.0,5,8.302408
0.0,10,8.302683
0.0,6,8.302871
0.0,1,8.302951
0.0,3,8.303082
0.0,9,8.303334
0.0,6,8.303519
0.0,10,8.303782
0.0,1,8.303862
0.0,8,8.304103
0.0,4,8.30425
1.0,26,8.304852
0.0,6,8.305045
0.0,1,8.305122
0.0,4,8.305269
0.0,6,8.305455
0.0,3,8.305579
0.0,20,8.306064
0.0,8,8.306292
0.0,3,8.306413
0.0,8,8.306641
0.0,19,8.307112
1.0,10,8.307387
0.0,16,8.307777
0.0,8,8.308022
0.0,7,8.30823
0.0,6,8.308414
0.0,1,8.308493
0.0,7,8.308699
0.0,7,8.30891
0.0,11,8.309209
0.0,13,8.309548
1.0,25,8.31014
0.0,24,8.310698
0.0,3,8.31082
0.0,2,8.310924
1.0,13,8.311262
0.0,7,8.311472
0.0,18,8.311909
0.0,24,8.312483
0.0,17,8.312889
0.0,10,8.313166
0.0,12,8.31348
0.0,7,8.313691
0.0,6,8.313878
0.0,8,8.314114
0.0,6,8.314305
0.0,3,8.314425
0.0,8,8.314655
0.0,1,8.314735
0.0,10,8.315017
0.0,3,8.315148
0.0,8,8.315377
0.0,8,8.315611
0.0,5,8.315781
0.0,17,8.316201
0.0,3,8.316324
0.0,2,8.316422
1.0,28,8.317085
0.0,5,8.317248
1.0,9,8.317497
0.0,1,8.317572
0.0,1,8.317651
0.0,5,8.317816
0.0,1,8.317895
0.0,5,8.31808
0.0,6,8.31827
0.0,28,8.318916
0.0,11,8.319221
1.0,26,8.319829
0.0,2,8.319928
0.0,17,8.320349
0.0,3,8.320473
0.0,20,8.320961
0.0,8,8.321191
0.0,1,8.321268
0.0,2,8.321372
0.0,8,8.321603
0.0,20,8.322092
0.0,4,8.322238
0.0,5,8.322402
0.0,6,8.322586
0.0,8,8.322812
0.0,12,8.323136
0.0,11,8.323436
0.0,14,8.323793
0.0,1,8.323869
0.0,14,8.324242
0.0,8,8.324471
0.0,20,8.324954
0.0,8,8.325202
0.0,4,8.325352
0.0,22,8.32588
0.0,3,8.326009
0.0,31,8.326722
0.0,5,8.326894
0.0,14,8.327258
0.0,10,8.327525
0.0,3,8.327646
0.0,4,8.327788
0.0,10,8.328074
0.0,6,8.32827
0.0,1,8.328351
0.0,4,8.328497
0.0,6,8.328692
0.0,5,8.328864
0.0,1,8.328941
0.0,2,8.329053
0.0,7,8.329262
0.0,1,8.329338
0.0,3,8.32946
0.0,6,8.329645
0.0,18,8.3301
0.0,15,8.330482
0.0,4,8.330625
0.0,5,8.330789
0.0,3,8.33091
0.0,20,8.331393
0.0,44,8.332387
0.0,4,8.332533
0.0,3,8.332663
0.0,6,8.332854
0.0,4,8.333011
0.0,9,8.333273
0.0,5,8.333438
0.0,42,8.334378
0.0,8,8.334606
0.0,4,8.334774
0.0,12,8.335135
0.0,7,8.335364
0.0,4,8.335509
0.0,14,8.335866
0.0,3,8.335988
0.0,1,8.336073
0.0,4,8.336217
0.0,6,8.336401
0.0,9,8.336656
0.0,6,8.33684
0.0,34,8.33762
0.0,4,8.33777
0.0,29,8.338441
0.0,30,8.339144
0.0,4,8.339295
0.0,18,8.339733
0.0,4,8.339876
0.0,43,8.340862
0.0,4,8.341017
0.0,3,8.341141
0.0,2,8.341242
0.0,1,8.341322
0.0,3,8.341446
0.0,6,8.34163
1.0,9,8.341876
0.0,2,8.341975
0.0,4,8.342125
0.0,12,8.342438
0.0,11,8.34273
0.0,16,8.343125
0.0,1,8.343207
0.0,15,8.343579
1.0,11,8.343941
0.0,12,8.344279
0.0,4,8.344424
0.0,2,8.34453
0.0,3,8.344653
0.0,3,8.344774
0.0,5,8.344936
0.0,17,8.345361
0.0,4,8.34551
0.0,1,8.345585
0.0,5,8.345752
0.0,11,8.346061
0.0,3,8.346184
0.0,8,8.346416
0.0,11,8.346705
0.0,15,8.347095
0.0,7,8.347312
0.0,11,8.347602
0.0,9,8.347851
0.0,34,8.348661
0.0,2,8.348766
0.0,3,8.348896
0.0,6,8.349096
0.0,19,8.349562
0.0,6,8.349744
0.0,8,8.349967
0.0,5,8.350138
0.0,2,8.350245
0.0,6,8.350436
0.0,3,8.350563
0.0,33,8.35133
0.0,10,8.351602
0.0,20,8.3521
0.0,16,8.352504
0.0,13,8.352846
0.0,11,8.353143
0.0,3,8.353267
0.0,3,8.353389
0.0,4,8.35353
0.0,19,8.353983
0.0,2,8.354093
0.0,8,8.354326
0.0,14,8.354679
0.0,13,8.355023
0.0,1,8.355114
0.0,1,8.355191
0.0,6,8.355381
0.0,5,8.35555
0.0,4,8.355701
0.0,7,8.355917
0.0,8,8.356153
0.0,1,8.356229
0.0,8,8.35646
0.0,15,8.356827
0.0,13,8.357163
0.0,6,8.357349
0.0,3,8.357475
0.0,4,8.357618
0.0,5,8.357784
0.0,11,8.358087
0.0,11,8.358382
0.0,14,8.358728
0.0,4,8.358875
1.0,10,8.359152
0.0,7,8.359364
1.0,20,8.359836
0.0,41,8.360755
0.0,1,8.360834
0.0,4,8.360983
1.0,7,8.361204
0.0,11,8.361497
0.0,9,8.361748
0.0,3,8.36187
0.0,3,8.361992
0.0,5,8.362169
0.0,18,8.362602
0.0,3,8.362727
0.0,12,8.363044
0.0,8,8.363268
0.0,1,8.363343
0.0,6,8.363526
0.0,3,8.363645
0.0,19,8.364121
0.0,3,8.364244
0.0,3,8.364364
0.0,7,8.36457
0.0,1,8.36465
0.0,10,8.364917
1.0,24,8.365493
0.0,9,8.365741
0.0,1,8.365821
0.0,16,8.366233
0.0,5,8.366406
0.0,20,8.366877
0.0,4,8.367028
0.0,15,8.3674
0.0,17,8.367821
0.0,2,8.367924
1.0,10,8.368209
0.0,15,8.368582
0.0,10,8.368846
0.0,1,8.368921
1.0,21,8.369433
0.0,17,8.369851
0.0,17,8.370293
0.0,14,8.370641
1.0,13,8.370968
0.0,40,8.371863
0.0,9,8.372125
0.0,7,8.372337
0.0,8,8.372563
0.0,6,8.372752
0.0,1,8.372832
1.0,7,8.373067
0.0,4,8.373218
0.0,5,8.373398
0.0,9,8.373657
0.0,1,8.373733
0.0,9,8.373987
0.0,26,8.374644
0.0,23,8.375191
0.0,2,8.375293
0.0,6,8.375475
0.0,8,8.375708
0.0,1,8.375787
0.0,3,8.375915
0.0,1,8.375994
0.0,11,8.376309
0.0,5,8.376474
0.0,6,8.376661
1.0,10,8.376937
0.0,4,8.377095
0.0,4,8.377246
0.0,3,8.377373
0.0,1,8.377453
0.0,11,8.377747
0.0,4,8.377888
0.0,6,8.378086
0.0,15,8.378456
0.0,6,8.378637
0.0,12,8.378949
0.0,4,8.379101
1.0,24,8.37968
0.0,2,8.37978
0.0,15,8.380172
0.0,5,8.380345
0.0,7,8.380557
0.0,4,8.380703
0.0,1,8.380785
1.0,8,8.381036
0.0,12,8.381379
0.0,16,8.381775
0.0,7,8.381979
1.0,15,8.382362
0.0,20,8.382851
0.0,4,8.382999
0.0,11,8.383297
0.0,9,8.383549
0.0,12,8.383856
0.0,11,8.384158
0.0,12,8.384474
0.0,3,8.384599
0.0,9,8.38485
0.0,3,8.384977
0.0,1,8.385067
0.0,65,8.386483
0.0,18,8.386924
1.0,34,8.387697
0.0,10,8.387964
0.0,11,8.388269
0.0,2,8.388372
0.0,24,8.388946
0.0,1,8.389031
0.0,7,8.389247
0.0,12,8.389565
0.0,4,8.389712
0.0,4,8.389855
0.0,9,8.390118
0.0,6,8.390306
0.0,4,8.390449
0.0,1,8.390529
1.0,8,8.39076
0.0,2,8.390858
1.0,25,8.391456
0.0,8,8.391685
0.0,4,8.391831
0.0,5,8.391995
0.0,5,8.392175
0.0,2,8.39228
0.0,9,8.392533
0.0,1,8.392609
0.0,17,8.393041
0.0,4,8.393185
0.0,3,8.39331
0.0,6,8.3935
0.0,11,8.393798
1.0,22,8.394329
0.0,3,8.394452
0.0,6,8.39464
0.0,1,8.39472
0.0,3,8.394844
0.0,11,8.395149
0.0,10,8.395425
1.0,10,8.395691
0.0,12,8.396
0.0,25,8.396591
0.0,18,8.397035
0.0,7,8.397241
0.0,8,8.397466
0.0,2,8.397565
0.0,4,8.397707
0.0,22,8.398233
0.0,9,8.39848
0.0,1,8.398556
0.0,5,8.398719
0.0,12,8.399044
0.0,6,8.399229
0.0,3,8.399351
0.0,4,8.399498
0.0,7,8.399708
0.0,3,8.399828
0.0,1,8.399907
0.0,4,8.400062
0.0,10,8.400339
0.0,1,8.400415
0.0,4,8.400557
0.0,4,8.400698
0.0,14,8.401072
0.0,5,8.401255
0.0,2,8.401372
0.0,2,8.401471
0.0,1,8.40155
0.0,6,8.401736
0.0,6,8.401924
0.0,5,8.402102
0.0,2,8.402203
0.0,9,8.402447
0.0,11,8.40274
0.0,3,8.402861
0.0,1,8.402936
0.0,6,8.403129
0.0,18,8.403564
0.0,21,8.404069
0.0,17,8.404493
0.0,5,8.404658
0.0,37,8.405493
0.0,3,8.405616
0.0,5,8.405778
0.0,11,8.406082
0.0,2,8.406188
0.0,14,8.406535
0.0,4,8.40668
0.0,6,8.406864
0.0,5,8.407045
0.0,4,8.407191
0.0,20,8.407656
1.0,11,8.407942
0.0,4,8.408096
0.0,4,8.408246
1.0,11,8.408537
0.0,1,8.408613
0.0,15,8.408987
0.0,29,8.409652
0.0,3,8.409779
0.0,10,8.410061
0.0,6,8.410252
0.0,7,8.410462
0.0,9,8.410715
1.0,8,8.410938
0.0,25,8.411565
0.0,7,8.411772
0.0,1,8.411847
1.0,35,8.412692
0.0,20,8.413186
0.0,5,8.413348
0.0,6,8.413536
0.0,20,8.414012
0.0,31,8.414712
1.0,8,8.414941
0.0,4,8.415099
0.0,3,8.415227
0.0,14,8.415578
0.0,20,8.416054
0.0,50,8.417151
0.0,3,8.417273
0.0,5,8.417435
0.0,3,8.417563
0.0,1,8.417643
0.0,31,8.418362
0.0,6,8.418557
0.0,32,8.419293
0.0,2,8.419395
0.0,5,8.419558
0.0,10,8.419821
0.0,17,8.42025
0.0,13,8.420578
0.0,12,8.420901
0.0,21,8.421411
0.0,13,8.421738
0.0,2,8.421837
0.0,1,8.421913
0.0,17,8.422333
0.0,3,8.422456
0.0,21,8.422965
0.0,1,8.423047
0.0,2,8.423153
0.0,3,8.423275
0.0,13,8.423607
0.0,7,8.423816
0.0,7,8.424035
0.0,18,8.424469
1.0,31,8.425179
0.0,12,8.425489
0.0,6,8.425679
0.0,3,8.425806
0.0,6,8.425992
0.0,9,8.426247
0.0,5,8.426416
0.0,7,8.426621
0.0,5,8.426789
0.0,5,8.426958
0.0,7,8.427172
0.0,7,8.427381
0.0,35,8.428186
0.0,14,8.428543
0.0,21,8.429062
0.0,2,8.429165
0.0,17,8.429584
0.0,9,8.42983
0.0,4,8.429972
0.0,12,8.430286
0.0,10,8.43056
0.0,3,8.430688
0.0,6,8.430878
0.0,10,8.431158
0.0,7,8.431375
0.0,5,8.431545
0.0,13,8.431873
0.0,9,8.432127
0.0,10,8.432395
0.0,15,8.432768
0.0,11,8.433069
0.0,2,8.433171
0.0,1,8.433248
0.0,5,8.433413
0.0,9,8.433662
0.0,1,8.433743
0.0,11,8.434041
0.0,8,8.434266
0.0,6,8.434448
0.0,17,8.434853
0.0,11,8.435147
0.0,6,8.435338
0.0,7,8.435554
0.0,3,8.435677
0.0,20,8.436166
0.0,3,8.43629
0.0,5,8.436453
0.0,2,8.436557
0.0,9,8.436811
0.0,17,8.437239
1.0,15,8.437604
0.0,4,8.437745
0.0,8,8.437984
0.0,7,8.438202
0.0,4,8.438349
0.0,9,8.438612
0.0,3,8.438743
1.0,11,8.439055
0.0,28,8.439706
0.0,7,8.439911
0.0,4,8.440085
0.0,4,8.440243
0.0,2,8.440366
0.0,15,8.44075
0.0,5,8.440921
0.0,3,8.441052
0.0,4,8.441198
0.0,3,8.44133
0.0,1,8.441408
0.0,16,8.441805
0.0,13,8.442154
0.0,3,8.442279
0.0,2,8.44238
0.0,3,8.442503
0.0,3,8.44263
0.0,7,8.442844
0.0,1,8.442922
0.0,9,8.443199
0.0,14,8.443554
0.0,1,8.443635
0.0,4,8.443846
0.0,3,8.443972
0.0,1,8.444058
0.0,6,8.444262
0.0,9,8.44452
0.0,10,8.444792
0.0,24,8.445368
0.0,15,8.445752
0.0,7,8.445965
0.0,3,8.446103
0.0,5,8.446272
0.0,6,8.446457
0.0,9,8.446703
0.0,16,8.447117
0.0,15,8.447492
0.0,5,8.447655
0.0,3,8.447775
0.0,7,8.447993
0.0,11,8.448296
0.0,16,8.448693
1.0,16,8.449096
0.0,3,8.449218
0.0,1,8.449294
0.0,24,8.449869
0.0,20,8.450346
0.0,16,8.450732
0.0,5,8.450895
0.0,10,8.451184
0.0,25,8.451766
0.0,10,8.452044
0.0,10,8.452316
0.0,25,8.452937
0.0,5,8.453136
0.0,15,8.453529
0.0,1,8.453609
0.0,6,8.453796
0.0,14,8.454156
0.0,1,8.454238
0.0,7,8.454452
0.0,6,8.454643
0.0,9,8.45489
0.0,5,8.455065
0.0,5,8.455231
0.0,38,8.456218
0.0,23,8.45681
0.0,3,8.456937
0.0,2,8.457052
0.0,10,8.457324
0.0,6,8.457511
0.0,2,8.457615
0.0,6,8.457803
0.0,8,8.458041
0.0,5,8.458207
0.0,20,8.458677
0.0,21,8.45918
0.0,8,8.459414
0.0,4,8.459556
0.0,6,8.459745
0.0,14,8.460111
0.0,9,8.460364
0.0,5,8.460527
0.0,8,8.46075
0.0,10,8.461038
0.0,8,8.461272
0.0,19,8.461722
0.0,16,8.462126
0.0,6,8.462317
0.0,2,8.46242
0.0,5,8.462593
0.0,13,8.462924
0.0,6,8.463125
0.0,2,8.46323
0.0,7,8.46344
0.0,13,8.463777
0.0,10,8.464058
0.0,9,8.464312
0.0,18,8.464745
0.0,3,8.464867
0.0,2,8.464971
0.0,12,8.465296
0.0,27,8.46593
0.0,1,8.466016
0.0,6,8.466206
0.0,3,8.466328
0.0,4,8.466477
0.0,11,8.46677
0.0,8,8.466996
0.0,4,8.467154
0.0,16,8.467552
0.0,6,8.467742
0.0,3,8.467865
0.0,3,8.467987
0.0,3,8.46812
0.0,4,8.468272
1.0,15,8.468646
0.0,10,8.468922
0.0,11,8.469234
0.0,10,8.469509
0.0,6,8.469701
0.0,7,8.469913
0.0,15,8.470297
0.0,3,8.470427
0.0,1,8.470508
0.0,1,8.470586
0.0,6,8.470776
0.0,10,8.471053
0.0,8,8.471278
0.0,7,8.47149
0.0,6,8.471684
0.0,1,8.47176
0.0,5,8.47193
1.0,18,8.472388
0.0,11,8.472674
1.0,6,8.472857
1.0,27,8.473494
0.0,17,8.473916
0.0,6,8.474133
0.0,9,8.474405
0.0,3,8.474526
0.0,5,8.474695
0.0,2,8.474795
0.0,2,8.474894
0.0,12,8.475219
0.0,7,8.475427
0.0,20,8.475907
1.0,10,8.476191
0.0,6,8.47638
0.0,20,8.47685
0.0,10,8.477126
1.0,17,8.477542
0.0,26,8.478162
0.0,6,8.478355
0.0,2,8.478459
0.0,2,8.478564
0.0,14,8.478919
0.0,3,8.479054
0.0,11,8.479358
0.0,8,8.479584
0.0,14,8.479945
0.0,9,8.480201
0.0,16,8.480596
0.0,10,8.480867
0.0,5,8.481045
0.0,3,8.48117
0.0,8,8.481401
0.0,7,8.481607
0.0,7,8.48181
0.0,17,8.482236
0.0,7,8.482449
1.0,11,8.482748
0.0,3,8.48287
1.0,13,8.483214
0.0,16,8.483616
0.0,9,8.483865
0.0,6,8.484065
0.0,9,8.484315
0.0,8,8.484559
0.0,5,8.484729
0.0,22,8.48526
0.0,3,8.485388
0.0,1,8.485467
0.0,7,8.485674
0.0,4,8.485822
0.0,1,8.485898
0.0,6,8.486097
0.0,2,8.486203
0.0,4,8.486349
0.0,9,8.486597
0.0,5,8.486764
0.0,9,8.487031
0.0,3,8.487154
0.0,9,8.487402
0.0,3,8.487522
0.0,8,8.487751
0.0,4,8.487893
1.0,6,8.488093
0.0,18,8.488532
0.0,9,8.488782
0.0,4,8.488929
0.0,7,8.489142
0.0,27,8.489767
0.0,7,8.489968
0.0,7,8.490181
0.0,13,8.490513
0.0,3,8.490638
0.0,6,8.490821
0.0,15,8.49121
0.0,3,8.491332
0.0,12,8.491647
1.0,10,8.491914
0.0,21,8.492431
0.0,26,8.493046
0.0,4,8.493193
0.0,11,8.49349
0.0,2,8.493591
0.0,11,8.493891
0.0,5,8.494071
0.0,7,8.494277
0.0,15,8.494645
0.0,5,8.494807
0.0,4,8.494948
0.0,7,8.495162
0.0,7,8.495368
0.0,3,8.495489
0.0,4,8.495631
0.0,1,8.495706
0.0,3,8.495827
0.0,5,8.49599
0.0,2,8.496104
0.0,3,8.496226
0.0,14,8.496583
0.0,8,8.496822
0.0,12,8.497149
0.0,3,8.497273
0.0,5,8.497435
0.0,20,8.497907
0.0,6,8.498102
0.0,4,8.498244
0.0,6,8.498432
0.0,9,8.498677
0.0,6,8.498865
0.0,14,8.49923
0.0,12,8.499545
0.0,22,8.500097
0.0,18,8.500563
0.0,2,8.500663
0.0,11,8.500946
0.0,8,8.501179
0.0,5,8.501345
0.0,9,8.501596
0.0,7,8.501802
0.0,3,8.501925
0.0,19,8.502392
0.0,10,8.502663
0.0,7,8.502868
0.0,18,8.503321
0.0,6,8.503513
0.0,5,8.50368
0.0,2,8.503779
0.0,5,8.503941
0.0,11,8.504247
0.0,21,8.504749
0.0,6,8.504937
0.0,68,8.506438
0.0,4,8.506592
0.0,1,8.506668
0.0,12,8.506981
0.0,13,8.507329
0.0,3,8.507453
1.0,13,8.507782
0.0,21,8.508282
0.0,14,8.508639
0.0,13,8.508972
0.0,6,8.509165
0.0,30,8.509858
0.0,7,8.510073
0.0,18,8.510519
0.0,3,8.510646
0.0,17,8.51108
0.0,12,8.511391
0.0,10,8.511661
0.0,7,8.511866
0.0,5,8.512039
0.0,4,8.512184
0.0,7,8.512397
0.0,10,8.512672
0.0,33,8.513428
0.0,8,8.513665
0.0,6,8.513848
0.0,2,8.513951
0.0,5,8.514134
0.0,7,8.514345
0.0,16,8.514736
0.0,4,8.514877
0.0,2,8.514981
0.0,8,8.515221
0.0,3,8.515347
0.0,20,8.515826
0.0,10,8.516106
0.0,10,8.516385
0.0,17,8.5168
0.0,7,8.517011
0.0,2,8.517119
1.0,14,8.517471
0.0,2,8.517576
0.0,4,8.517719
0.0,4,8.517861
0.0,7,8.518077
0.0,4,8.51822
1.0,10,8.518486
0.0,6,8.518676
0.0,15,8.519056
0.0,2,8.519162
0.0,17,8.51957
1.0,22,8.520095
1.0,10,8.520363
0.0,30,8.521071
0.0,17,8.521485
0.0,2,8.521589
0.0,3,8.521711
0.0,5,8.521879
0.0,10,8.522163
0.0,4,8.522307
0.0,1,8.522383
0.0,3,8.522505
0.0,5,8.522676
0.0,4,8.522824
0.0,2,8.522923
0.0,7,8.523141
0.0,4,8.523286
0.0,9,8.523544
0.0,5,8.523715
0.0,3,8.523837
0.0,7,8.524052
0.0,1,8.524129
0.0,3,8.52425
0.0,10,8.524517
0.0,9,8.52476
0.0,4,8.524901
0.0,3,8.525053
0.0,12,8.525392
0.0,6,8.525574
0.0,1,8.525649
0.0,15,8.52603
0.0,10,8.526311
0.0,21,8.526812
0.0,4,8.526958
0.0,9,8.527231
0.0,1,8.527309
0.0,9,8.527564
0.0,6,8.527745
0.0,3,8.52787
0.0,4,8.528024
0.0,6,8.528216
0.0,10,8.52849
0.0,18,8.528925
0.0,6,8.529141
0.0,2,8.52927
0.0,3,8.529428
0.0,2,8.529528
0.0,7,8.529737
0.0,6,8.529925
0.0,1,8.530029
0.0,6,8.530242
0.0,14,8.530627
0.0,6,8.530811
0.0,3,8.530934
0.0,11,8.531229
0.0,5,8.5314
0.0,11,8.53169
0.0,8,8.531919
0.0,12,8.532245
0.0,7,8.532462
0.0,22,8.532989
0.0,1,8.533076
0.0,3,8.5332
0.0,17,8.533625
0.0,3,8.533747
0.0,16,8.534143
0.0,15,8.534514
0.0,3,8.534638
0.0,6,8.534828
0.0,4,8.534975
0.0,3,8.535108
0.0,1,8.535187
0.0,3,8.53531
0.0,9,8.535556
0.0,8,8.535787
0.0,5,8.535951
0.0,3,8.536083
0.0,6,8.536267
0.0,2,8.536372
0.0,1,8.53645
0.0,13,8.536793
0.0,5,8.53696
0.0,3,8.53709
0.0,23,8.537625
0.0,21,8.538139
0.0,6,8.538331
0.0,4,8.538475
0.0,12,8.538791
0.0,2,8.538891
0.0,1,8.538968
0.0,3,8.53911
0.0,9,8.539366
0.0,5,8.539537
1.0,6,8.539729
0.0,6,8.539913
0.0,5,8.540087
0.0,2,8.540196
0.0,9,8.540442
0.0,1,8.540519
1.0,19,8.540977
0.0,1,8.541067
0.0,18,8.541517
0.0,1,8.541598
0.0,8,8.541827
0.0,3,8.541954
0.0,3,8.542088
0.0,7,8.5423
0.0,16,8.542698
0.0,21,8.543211
0.0,9,8.543458
0.0,34,8.544244
0.0,3,8.544436
0.0,7,8.544649
0.0,5,8.544815
0.0,16,8.545232
0.0,2,8.545335
0.0,32,8.546092
0.0,15,8.546474
0.0,27,8.547111
0.0,8,8.547339
0.0,11,8.547636
1.0,15,8.548023
0.0,4,8.548166
0.0,6,8.548349
0.0,1,8.548429
0.0,3,8.548559
0.0,8,8.54879
1.0,17,8.549212
0.0,8,8.549435
0.0,5,8.549604
0.0,9,8.549855
0.0,3,8.549984
0.0,2,8.5501
0.0,4,8.550251
1.0,10,8.550519
0.0,1,8.550594
0.0,13,8.550931
0.0,26,8.551553
0.0,2,8.551654
0.0,12,8.551965
0.0,2,8.552076
0.0,7,8.552291
0.0,10,8.552559
0.0,1,8.552634
0.0,14,8.552995
0.0,7,8.553218
0.0,2,8.553319
0.0,4,8.553467
0.0,6,8.553653
1.0,17,8.554081
0.0,54,8.555261
0.0,3,8.555391
0.0,9,8.55565
0.0,6,8.555834
0.0,1,8.555909
0.0,11,8.556213
0.0,2,8.556319
0.0,6,8.556508
0.0,1,8.556587
0.0,24,8.557152
0.0,4,8.557301
0.0,10,8.557567
0.0,9,8.557817
0.0,1,8.557896
0.0,6,8.5581
0.0,7,8.558312
0.0,2,8.558412
0.0,3,8.558533
0.0,3,8.558654
0.0,6,8.558838
0.0,8,8.559073
0.0,2,8.559174
0.0,14,8.559533
0.0,9,8.559784
0.0,10,8.560061
0.0,4,8.560205
0.0,10,8.560472
0.0,3,8.560592
0.0,6,8.560783
0.0,2,8.560884
0.0,9,8.561146
0.0,4,8.561326
0.0,3,8.561447
0.0,7,8.561656
0.0,6,8.561849
0.0,1,8.561929
0.0,7,8.562176
0.0,35,8.563
0.0,3,8.563136
0.0,2,8.563236
0.0,1,8.563312
0.0,1,8.563392
0.0,3,8.563519
0.0,5,8.563684
0.0,15,8.564067
0.0,11,8.564353
0.0,6,8.56454
0.0,13,8.564867
0.0,10,8.56516
0.0,17,8.565577
0.0,5,8.56574
0.0,3,8.56586
0.0,3,8.565982
0.0,8,8.566223
0.0,8,8.566459
0.0,4,8.566603
0.0,5,8.566771
0.0,9,8.567036
0.0,2,8.567137
0.0,4,8.567285
0.0,13,8.567616
0.0,15,8.567999
0.0,40,8.568919
0.0,6,8.569121
0.0,7,8.569334
0.0,1,8.56941
0.0,5,8.569573
0.0,4,8.569715
0.0,1,8.56979
0.0,3,8.569911
1.0,16,8.570319
0.0,1,8.570395
0.0,2,8.570496
0.0,5,8.570663
0.0,6,8.570858
0.0,4,8.57101
0.0,8,8.571247
0.0,24,8.571808
0.0,17,8.572237
0.0,7,8.572439
0.0,7,8.572642
0.0,8,8.572866
0.0,15,8.573248
0.0,11,8.573544
0.0,13,8.573872
0.0,2,8.573971
0.0,8,8.574213
0.0,5,8.574414
0.0,6,8.574599
0.0,18,8.575049
0.0,5,8.575219
0.0,6,8.575413
0.0,3,8.575539
0.0,11,8.575828
0.0,1,8.575903
0.0,15,8.576291
1.0,31,8.576992
0.0,15,8.577376
0.0,10,8.577651
0.0,4,8.577796
0.0,5,8.577958
0.0,9,8.57822
0.0,3,8.578343
0.0,3,8.578469
1.0,14,8.578818
0.0,7,8.579035
0.0,6,8.579218
0.0,9,8.579461
0.0,4,8.579607
0.0,3,8.579728
0.0,18,8.580171
0.0,4,8.580314
1.0,14,8.580661
0.0,6,8.580852
0.0,6,8.581052
1.0,17,8.58147
0.0,8,8.581703
0.0,26,8.58231
0.0,7,8.582515
0.0,13,8.582843
1.0,16,8.583242
0.0,6,8.583426
0.0,4,8.583574
0.0,6,8.583762
0.0,3,8.583883
0.0,2,8.583981
0.0,8,8.584221
0.0,7,8.584431
0.0,7,8.584635
0.0,7,8.584844
0.0,1,8.584924
0.0,13,8.585268
0.0,7,8.585481
1.0,7,8.58569
0.0,2,8.585788
0.0,16,8.586203
0.0,2,8.586306
0.0,10,8.586576
0.0,6,8.586761
0.0,13,8.587101
0.0,10,8.587374
0.0,25,8.587951
0.0,3,8.588087
0.0,1,8.588165
1.0,11,8.58846
0.0,3,8.58858
0.0,21,8.589099
1.0,21,8.589612
0.0,3,8.589733
0.0,9,8.589978
0.0,2,8.590091
0.0,4,8.59024
0.0,9,8.590492
0.0,3,8.590611
0.0,3,8.590731
0.0,9,8.590985
0.0,3,8.591115
0.0,10,8.591389
0.0,3,8.591514
0.0,14,8.591863
0.0,17,8.592291
0.0,8,8.592516
0.0,28,8.593168
0.0,30,8.593832
0.0,20,8.594318
0.0,10,8.594581
0.0,24,8.595146
0.0,8,8.595376
0.0,8,8.595608
0.0,9,8.595858
0.0,1,8.595934
1.0,35,8.596731
0.0,14,8.597097
0.0,1,8.597175
0.0,10,8.597451
0.0,3,8.597573
0.0,3,8.597695
0.0,3,8.597824
0.0,10,8.598102
0.0,3,8.598225
0.0,4,8.598371
0.0,13,8.598712
0.0,3,8.598835
0.0,7,8.599057
0.0,11,8.599357
0.0,2,8.599462
0.0,21,8.59996
0.0,16,8.600365
0.0,3,8.600487
0.0,2,8.600586
0.0,25,8.601171
0.0,6,8.601362
0.0,6,8.601544
0.0,1,8.601619
0.0,8,8.601848
0.0,13,8.602185
0.0,1,8.602262
0.0,4,8.602404
0.0,5,8.602566
0.0,7,8.602775
0.0,15,8.603155
0.0,3,8.603282
0.0,11,8.603585
0.0,2,8.603685
0.0,4,8.603827
1.0,18,8.604263
0.0,1,8.604342
0.0,1,8.604419
0.0,3,8.60454
0.0,14,8.604883
0.0,6,8.605078
0.0,13,8.605414
0.0,9,8.605665
0.0,10,8.605933
0.0,37,8.606761
0.0,6,8.606945
0.0,13,8.607282
0.0,2,8.607383
0.0,9,8.607632
0.0,2,8.607748
0.0,2,8.60785
0.0,8,8.608088
0.0,7,8.608296
0.0,14,8.608646
0.0,6,8.608828
0.0,15,8.609208
0.0,1,8.609289
0.0,5,8.609459
0.0,20,8.609938
0.0,1,8.610023
0.0,2,8.61013
0.0,8,8.610361
0.0,3,8.61049
0.0,12,8.610803
0.0,7,8.611027
0.0,1,8.611104
0.0,1,8.611185
0.0,3,8.611308
0.0,5,8.611472
0.0,5,8.611634
0.0,6,8.611822
0.0,13,8.612165
0.0,1,8.612247
1.0,8,8.612484
0.0,5,8.612651
0.0,4,8.612792
0.0,6,8.612982
0.0,29,8.613653
0.0,2,8.613754
0.0,7,8.613958
0.0,1,8.614046
0.0,8,8.614282
0.0,9,8.614533
1.0,13,8.614866
0.0,5,8.615038
0.0,9,8.61529
0.0,30,8.615967
0.0,5,8.616144
0.0,9,8.616399
0.0,7,8.616604
0.0,3,8.616725
0.0,15,8.617112
0.0,5,8.617284
0.0,11,8.617569
0.0,3,8.617689
0.0,2,8.617793
0.0,13,8.618142
0.0,10,8.618413
0.0,5,8.61858
0.0,2,8.618685
0.0,2,8.618784
0.0,4,8.618931
0.0,3,8.61906
0.0,14,8.619412
0.0,17,8.619826
0.0,2,8.619925
0.0,51,8.621051
0.0,8,8.621282
0.0,11,8.62157
0.0,7,8.621773
0.0,3,8.621893
0.0,2,8.621992
0.0,40,8.622897
0.0,13,8.623238
0.0,20,8.623717
0.0,6,8.6239
0.0,14,8.624268
0.0,4,8.624413
0.0,3,8.624556
0.0,24,8.625171
0.0,8,8.625428
0.0,5,8.62559
0.0,5,8.62576
0.0,1,8.625836
0.0,7,8.626052
0.0,11,8.626348
0.0,18,8.626788
0.0,6,8.626977
0.0,5,8.627156
0.0,12,8.627465
0.0,11,8.627751
0.0,12,8.628068
0.0,11,8.628391
0.0,4,8.628532
1.0,21,8.629039
0.0,7,8.629246
0.0,14,8.6296
0.0,3,8.62973
0.0,35,8.630518
0.0,1,8.630596
0.0,2,8.630696
0.0,6,8.630878
0.0,5,8.631049
0.0,2,8.63115
0.0,13,8.63149
0.0,4,8.631636
0.0,33,8.632384
0.0,3,8.632508
0.0,25,8.633089
0.0,9,8.633339
0.0,10,8.633604
0.0,13,8.633935
1.0,12,8.634263
0.0,4,8.634412
0.0,10,8.634686
0.0,1,8.634763
0.0,11,8.635072
0.0,10,8.635346
0.0,3,8.635475
0.0,3,8.635598
0.0,6,8.635784
0.0,2,8.63589
0.0,14,8.636259
0.0,12,8.636571
0.0,20,8.637067
0.0,6,8.637257
0.0,3,8.637384
0.0,5,8.637554
0.0,13,8.637891
0.0,7,8.638129
0.0,2,8.638237
0.0,7,8.638464
0.0,3,8.638587
0.0,3,8.638709
0.0,2,8.63881
0.0,15,8.639201
0.0,12,8.639525
0.0,35,8.640312
0.0,2,8.640419
0.0,18,8.640844
0.0,3,8.640969
0.0,5,8.641148
0.0,16,8.641543
0.0,5,8.641712
0.0,8,8.641941
0.0,3,8.642075
0.0,6,8.642262
0.0,4,8.642408
0.0,37,8.643242
0.0,5,8.643404
0.0,32,8.644137
0.0,15,8.644522
0.0,3,8.644716
0.0,5,8.644884
0.0,10,8.645164
0.0,10,8.645451
0.0,6,8.645652
0.0,1,8.645746
0.0,14,8.646141
0.0,10,8.646434
0.0,12,8.646744
0.0,3,8.646866
0.0,15,8.647258
0.0,1,8.64734
0.0,2,8.64744
0.0,2,8.647544
0.0,12,8.64786
0.0,7,8.648083
0.0,6,8.648268
0.0,7,8.648472
0.0,15,8.648846
0.0,4,8.648988
0.0,1,8.649077
0.0,1,8.649159
0.0,18,8.649589
0.0,8,8.649812
0.0,8,8.650047
0.0,10,8.650321
0.0,4,8.650463
0.0,6,8.650646
0.0,1,8.650725
0.0,9,8.650984
0.0,1,8.651069
1.0,22,8.6516
0.0,1,8.651675
0.0,1,8.651755
0.0,3,8.651882
0.0,4,8.652039
0.0,7,8.652246
0.0,16,8.652644
0.0,9,8.652888
0.0,6,8.653089
0.0,10,8.653355
0.0,18,8.65379
0.0,9,8.654043
0.0,12,8.654361
0.0,3,8.654482
0.0,3,8.654602
0.0,4,8.654743
0.0,13,8.655092
0.0,4,8.655236
0.0,21,8.655777
0.0,3,8.655903
0.0,29,8.656621
0.0,4,8.656765
0.0,3,8.656886
0.0,3,8.657015
0.0,1,8.657098
0.0,3,8.657227
1.0,11,8.657516
0.0,22,8.658046
0.0,4,8.658195
0.0,4,8.658339
0.0,5,8.658501
0.0,8,8.658731
0.0,11,8.659036
0.0,3,8.659158
1.0,20,8.659631
0.0,9,8.659883
0.0,3,8.660012
0.0,17,8.660434
0.0,4,8.660579
0.0,11,8.660868
0.0,4,8.661018
0.0,4,8.661171
0.0,11,8.661475
0.0,6,8.661664
0.0,6,8.661853
0.0,4,8.662012
0.0,4,8.662164
0.0,15,8.662538
0.0,6,8.66273
0.0,3,8.662857
0.0,3,8.662979
0.0,9,8.663244
0.0,11,8.663542
0.0,11,8.66383
0.0,12,8.664162
0.0,24,8.664721
0.0,4,8.664868
0.0,2,8.664973
0.0,4,8.665124
0.0,8,8.665358
0.0,10,8.665631
0.0,6,8.665817
0.0,4,8.665958
0.0,21,8.666471
0.0,8,8.666695
0.0,2,8.666799
0.0,17,8.667231
0.0,13,8.667568
0.0,10,8.667844
0.0,3,8.667971
0.0,4,8.668135
0.0,10,8.668412
0.0,5,8.668579
0.0,5,8.668749
0.0,13,8.669084
0.0,6,8.669272
0.0,3,8.669394
1.0,17,8.669802
1.0,27,8.670441
0.0,9,8.6707
0.0,4,8.670847
1.0,20,8.671329
0.0,15,8.671707
0.0,21,8.672205
0.0,3,8.672333
0.0,19,8.672787
0.0,3,8.672908
0.0,12,8.673224
0.0,7,8.673436
0.0,5,8.673603
0.0,3,8.67373
0.0,10,8.67403
0.0,4,8.67419
0.0,4,8.674353
0.0,8,8.674583
0.0,1,8.674663
0.0,14,8.675023
0.0,5,8.675194
0.0,16,8.675586
0.0,1,8.675663
0.0,8,8.675889
0.0,5,8.676064
0.0,8,8.676289
0.0,5,8.67645
0.0,9,8.676695
0.0,1,8.676774
0.0,4,8.676918
1.0,8,8.677168
0.0,12,8.677487
1.0,10,8.677758
0.0,1,8.677833
0.0,2,8.677933
0.0,8,8.678177
0.0,22,8.678699
1.0,35,8.679497
0.0,15,8.679872
0.0,1,8.679951
0.0,5,8.680126
0.0,25,8.680706
0.0,11,8.681001
0.0,9,8.681266
1.0,10,8.681541
0.0,1,8.681616
0.0,8,8.681838
0.0,4,8.681977
0.0,10,8.682254
0.0,6,8.682443
0.0,4,8.682583
0.0,2,8.682682
0.0,6,8.682864
1.0,18,8.683319
0.0,5,8.683482
0.0,1,8.683558
0.0,20,8.684046
0.0,5,8.684214
0.0,5,8.684376
0.0,3,8.6845
0.0,13,8.68484
0.0,16,8.685275
0.0,1,8.685371
0.0,5,8.685538
0.0,2,8.685641
0.0,5,8.685816
0.0,1,8.685892
0.0,3,8.686023
0.0,2,8.686128
0.0,11,8.686424
0.0,27,8.687056
0.0,10,8.687325
0.0,6,8.687515
0.0,8,8.687746
0.0,4,8.687894
0.0,4,8.688047
0.0,1,8.688123
0.0,5,8.688286
0.0,4,8.688425
0.0,7,8.688629
0.0,6,8.688816
0.0,16,8.689223
0.0,3,8.68935
0.0,11,8.689651
0.0,25,8.69023
0.0,11,8.690517
0.0,4,8.690659
0.0,9,8.690902
0.0,4,8.691053
0.0,12,8.691369
0.0,17,8.691789
0.0,6,8.691974
0.0,35,8.692764
0.0,9,8.693022
0.0,1,8.693101
0.0,11,8.693395
0.0,1,8.69347
0.0,4,8.693612
0.0,6,8.6938
0.0,7,8.694045
0.0,11,8.694357
0.0,7,8.694587
0.0,4,8.694754
0.0,4,8.694901
0.0,24,8.695522
0.0,1,8.6956
0.0,5,8.695771
0.0,1,8.695847
0.0,4,8.695997
0.0,4,8.696157
0.0,2,8.696261
0.0,4,8.69641
0.0,5,8.696579
0.0,13,8.696914
0.0,20,8.697406
0.0,5,8.697577
0.0,23,8.698134
0.0,5,8.698306
0.0,2,8.698411
0.0,9,8.698657
0.0,16,8.69906
0.0,14,8.699423
0.0,16,8.699828
0.0,1,8.699905
0.0,2,8.700011
0.0,2,8.700114
0.0,8,8.700341
0.0,5,8.700515
0.0,5,8.700677
0.0,3,8.700807
0.0,4,8.700951
0.0,14,8.701306
0.0,8,8.701532
0.0,5,8.7017
0.0,25,8.70228
0.0,11,8.702576
0.0,8,8.702806
0.0,1,8.702883
0.0,2,8.702983
0.0,7,8.703194
0.0,13,8.703523
0.0,15,8.703902
0.0,3,8.70404
0.0,4,8.704185
0.0,3,8.704306
0.0,8,8.704537
0.0,7,8.704753
0.0,24,8.705335
0.0,11,8.705629
0.0,5,8.7058
0.0,6,8.705983
0.0,5,8.706154
0.0,9,8.706401
0.0,5,8.706571
0.0,12,8.70689
1.0,7,8.707116
0.0,2,8.707221
0.0,9,8.707468
0.0,5,8.70763
0.0,5,8.707797
0.0,6,8.707991
0.0,12,8.708317
0.0,1,8.708393
0.0,5,8.708557
0.0,4,8.708698
1.0,6,8.708882
0.0,10,8.709166
0.0,6,8.709359
0.0,6,8.709548
0.0,5,8.709719
0.0,13,8.710092
0.0,1,8.710174
0.0,6,8.710416
0.0,14,8.710762
0.0,18,8.711236
0.0,25,8.711843
0.0,17,8.712267
0.0,5,8.712433
0.0,7,8.712638
0.0,13,8.712968
0.0,19,8.713425
0.0,24,8.713998
0.0,8,8.714241
0.0,30,8.714911
0.0,13,8.715257
0.0,5,8.715421
0.0,8,8.715642
0.0,7,8.715844
0.0,8,8.71608
1.0,9,8.716326
0.0,3,8.716447
0.0,5,8.716609
0.0,6,8.716791
0.0,9,8.717045
0.0,6,8.717229
0.0,13,8.717565
0.0,2,8.717674
0.0,1,8.717751
0.0,1,8.717826
0.0,13,8.718187
0.0,1,8.718265
0.0,5,8.718435
0.0,3,8.718561
0.0,2,8.718666
0.0,10,8.718941
0.0,6,8.719136
0.0,1,8.719216
0.0,12,8.719533
0.0,3,8.719659
0.0,7,8.719865
0.0,6,8.720059
0.0,3,8.720185
0.0,1,8.720261
0.0,5,8.720429
0.0,6,8.720614
0.0,3,8.720734
0.0,5,8.720896
0.0,5,8.721071
0.0,9,8.721317
0.0,2,8.721416
0.0,5,8.721577
0.0,3,8.721698
0.0,5,8.72186
0.0,3,8.72198
0.0,1,8.722065
0.0,8,8.722299
0.0,7,8.722508
0.0,6,8.722693
0.0,3,8.722814
0.0,7,8.723034
0.0,11,8.723325
0.0,5,8.723489
0.0,3,8.723611
0.0,5,8.723775
0.0,3,8.723896
0.0,1,8.72397
0.0,1,8.724053
0.0,12,8.724362
0.0,20,8.72484
0.0,1,8.724921
0.0,7,8.725146
0.0,7,8.725351
0.0,4,8.725491
0.0,7,8.725698
1.0,14,8.72606
0.0,5,8.726223
0.0,1,8.726298
0.0,20,8.726765
0.0,10,8.727037
0.0,4,8.727184
0.0,3,8.727305
0.0,4,8.727452
0.0,1,8.727526
0.0,4,8.727668
0.0,8,8.727901
0.0,4,8.728058
0.0,15,8.728437
0.0,5,8.728602
0.0,6,8.728788
0.0,9,8.72905
0.0,13,8.729392
0.0,8,8.729622
1.0,30,8.730314
0.0,5,8.730477
0.0,2,8.730577
1.0,15,8.730953
0.0,8,8.731189
0.0,17,8.731622
0.0,2,8.731722
0.0,15,8.732113
0.0,7,8.732327
0.0,6,8.732517
0.0,5,8.732685
0.0,21,8.733187
0.0,7,8.733394
0.0,6,8.733579
0.0,5,8.733749
0.0,20,8.734249
0.0,1,8.734331
0.0,6,8.734518
0.0,8,8.734741
0.0,5,8.73491
0.0,6,8.735109
0.0,2,8.735215
0.0,2,8.735316
0.0,4,8.735459
0.0,12,8.735771
0.0,4,8.735917
1.0,18,8.736358
0.0,8,8.73659
0.0,7,8.736799
0.0,7,8.737019
0.0,19,8.737483
0.0,6,8.73767
0.0,12,8.737984
0.0,18,8.738431
0.0,12,8.738756
0.0,5,8.738926
0.0,14,8.739327
0.0,4,8.73949
0.0,5,8.739653
0.0,4,8.739801
1.0,11,8.740124
0.0,2,8.740237
0.0,9,8.740509
0.0,9,8.740753
0.0,8,8.740977
1.0,24,8.741537
0.0,6,8.741723
0.0,24,8.742284
0.0,14,8.742646
0.0,5,8.742809
0.0,1,8.742885
0.0,17,8.743321
0.0,7,8.743531
0.0,4,8.743681
0.0,32,8.744416
0.0,14,8.744768
0.0,24,8.745417
0.0,4,8.745566
0.0,10,8.745838
0.0,3,8.745966
0.0,14,8.746334
0.0,5,8.7465
0.0,42,8.747428
0.0,20,8.747905
0.0,4,8.748063
0.0,22,8.748579
0.0,9,8.748822
0.0,9,8.749078
0.0,4,8.749221
0.0,6,8.749402
0.0,4,8.749547
0.0,28,8.750207
0.0,18,8.750635
0.0,7,8.750849
0.0,8,8.751085
0.0,6,8.751276
0.0,24,8.751842
0.0,31,8.75256
0.0,6,8.752746
0.0,12,8.753072
0.0,16,8.753473
0.0,23,8.754036
0.0,2,8.754148
0.0,28,8.754807
0.0,8,8.755048
0.0,1,8.755126
0.0,4,8.755269
0.0,8,8.7555
0.0,5,8.755662
0.0,11,8.755952
0.0,13,8.756295
0.0,5,8.756459
0.0,9,8.756706
0.0,6,8.75689
0.0,5,8.757061
0.0,2,8.757162
0.0,1,8.757237
0.0,27,8.757847
0.0,3,8.757967
1.0,14,8.758336
0.0,16,8.758729
0.0,1,8.758806
0.0,5,8.758969
0.0,2,8.759077
0.0,7,8.759293
0.0,1,8.759369
0.0,3,8.759491
0.0,6,8.759673
0.0,5,8.759836
0.0,2,8.759934
0.0,10,8.760216
1.0,11,8.760513
0.0,3,8.760639
0.0,1,8.760715
0.0,6,8.7609
0.0,8,8.761142
0.0,2,8.76125
0.0,1,8.761326
0.0,2,8.761425
0.0,3,8.761546
0.0,1,8.76162
0.0,6,8.761808
0.0,2,8.761909
1.0,7,8.762123
0.0,27,8.762739
0.0,3,8.762861
0.0,27,8.763496
0.0,3,8.763619
0.0,13,8.763947
0.0,6,8.764175
0.0,9,8.764439
0.0,3,8.76456
0.0,10,8.764824
0.0,10,8.7651
1.0,23,8.765645
0.0,4,8.765787
0.0,18,8.766232
0.0,24,8.766794
0.0,3,8.766915
0.0,7,8.767138
0.0,7,8.767352
0.0,5,8.767516
0.0,1,8.767596
0.0,7,8.767807
0.0,3,8.767933
0.0,2,8.76805
0.0,25,8.768631
0.0,1,8.768708
0.0,2,8.768808
0.0,8,8.769041
0.0,15,8.769418
0.0,6,8.769602
0.0,5,8.769764
0.0,3,8.769889
0.0,8,8.770133
0.0,1,8.770211
1.0,11,8.770498
0.0,5,8.770665
0.0,11,8.770952
0.0,5,8.771129
0.0,11,8.771424
0.0,2,8.771524
0.0,4,8.771667
0.0,1,8.771742
0.0,8,8.771974
0.0,1,8.772059
0.0,3,8.772188
1.0,11,8.772487
0.0,13,8.772817
0.0,1,8.772893
0.0,13,8.773294
0.0,11,8.773626
0.0,7,8.773838
0.0,6,8.774056
1.0,21,8.774623
0.0,2,8.774726
1.0,25,8.775395
0.0,13,8.775729
0.0,8,8.775956
0.0,10,8.776232
0.0,8,8.776464
0.0,2,8.776568
1.0,36,8.777392
0.0,5,8.777561
0.0,5,8.777725
0.0,12,8.778046
0.0,6,8.778237
0.0,4,8.778385
0.0,18,8.77882
0.0,12,8.779144
0.0,5,8.779313
0.0,7,8.779518
0.0,12,8.779831
0.0,5,8.78
0.0,16,8.780399
0.0,14,8.780743
0.0,21,8.781252
0.0,20,8.781739
0.0,4,8.781882
0.0,10,8.782162
0.0,10,8.782432
1.0,11,8.782721
0.0,20,8.783207
0.0,8,8.783433
0.0,7,8.783635
0.0,6,8.783821
0.0,20,8.784297
0.0,7,8.784501
0.0,7,8.784703
0.0,12,8.785017
0.0,4,8.785162
0.0,6,8.785351
0.0,3,8.785481
0.0,2,8.785583
0.0,1,8.785663
0.0,6,8.785857
0.0,9,8.786116
0.0,1,8.786198
0.0,7,8.786405
0.0,4,8.786554
0.0,1,8.78663
0.0,20,8.787113
0.0,2,8.787214
0.0,7,8.787426
0.0,29,8.788111
0.0,3,8.788239
0.0,4,8.788383
0.0,9,8.788673
0.0,12,8.78898
0.0,16,8.789433
0.0,8,8.789667
0.0,10,8.789935
0.0,27,8.790563
0.0,10,8.79084
0.0,7,8.791065
0.0,8,8.791293
0.0,6,8.791476
0.0,2,8.791576
0.0,3,8.791699
0.0,12,8.792027
0.0,6,8.792218
0.0,14,8.792578
0.0,7,8.792792
0.0,14,8.793148
0.0,4,8.793303
0.0,7,8.793506
0.0,5,8.793675
0.0,3,8.793801
0.0,12,8.794128
0.0,11,8.794419
0.0,11,8.794716
0.0,7,8.794925
0.0,18,8.795373
0.0,14,8.795736
0.0,22,8.796255
0.0,3,8.796377
1.0,32,8.797112
0.0,5,8.797283
0.0,2,8.797383
0.0,6,8.797575
0.0,1,8.797651
0.0,4,8.797794
0.0,5,8.797962
0.0,15,8.798348
0.0,8,8.798577
0.0,10,8.798848
0.0,17,8.799288
0.0,3,8.799416
0.0,10,8.799687
0.0,3,8.799814
1.0,12,8.800149
0.0,7,8.800363
0.0,16,8.800761
0.0,8,8.800985
0.0,8,8.801219
0.0,4,8.80136
0.0,26,8.801974
0.0,3,8.802104
0.0,3,8.802227
0.0,21,8.802737
0.0,5,8.802901
0.0,2,8.803
1.0,15,8.803386
0.0,47,8.804424
0.0,5,8.804589
0.0,11,8.804875
0.0,5,8.805046
0.0,28,8.805834
0.0,14,8.80624
0.0,7,8.80647
0.0,12,8.806782
0.0,4,8.806931
1.0,50,8.808048
0.0,7,8.808264
0.0,7,8.808477
0.0,1,8.808552
0.0,1,8.808633
0.0,6,8.808827
0.0,2,8.808934
0.0,1,8.809019
1.0,20,8.80951
0.0,3,8.809632
0.0,14,8.809986
0.0,4,8.81014
0.0,1,8.810216
0.0,1,8.810296
0.0,3,8.810424
0.0,18,8.810864
0.0,5,8.811038
0.0,4,8.811188
0.0,4,8.811331
0.0,6,8.811524
0.0,5,8.811689
0.0,7,8.811893
0.0,3,8.812025
0.0,2,8.812127
0.0,9,8.812372
0.0,9,8.812622
0.0,7,8.812827
0.0,2,8.812927
0.0,12,8.813253
0.0,2,8.813354
0.0,5,8.813522
0.0,7,8.813728
0.0,4,8.813868
0.0,3,8.813996
0.0,6,8.814195
0.0,6,8.814381
0.0,1,8.814456
0.0,1,8.814532
0.0,10,8.814807
0.0,6,8.814991
0.0,10,8.815266
0.0,9,8.815521
0.0,5,8.815684
0.0,5,8.815852
0.0,6,8.816047
0.0,9,8.816294
0.0,5,8.816465
0.0,6,8.816658
0.0,5,8.81682
0.0,3,8.816946
0.0,3,8.81708
0.0,3,8.817204
0.0,5,8.817368
0.0,1,8.817443
0.0,3,8.817566
0.0,5,8.81773
0.0,1,8.817806
0.0,7,8.818031
0.0,1,8.818113
0.0,6,8.818305
0.0,5,8.818468
0.0,7,8.818675
0.0,2,8.818774
0.0,8,8.819015
0.0,6,8.819206
0.0,6,8.81939
0.0,7,8.819594
0.0,1,8.819669
0.0,6,8.819854
0.0,6,8.820043
0.0,9,8.820292
0.0,4,8.820436
0.0,5,8.820598
0.0,4,8.820744
0.0,7,8.820946
0.0,14,8.821305
0.0,1,8.821383
0.0,5,8.821547
0.0,5,8.821715
0.0,3,8.821841
0.0,7,8.82206
0.0,3,8.822185
0.0,4,8.822332
0.0,3,8.822454
0.0,4,8.822596
0.0,6,8.82278
0.0,4,8.822922
1.0,30,8.823628
1.0,15,8.824001
0.0,3,8.824139
0.0,25,8.824722
1.0,9,8.824974
0.0,19,8.825443
0.0,9,8.825698
0.0,1,8.825778
0.0,13,8.826125
0.0,6,8.826317
0.0,13,8.826652
0.0,6,8.826834
0.0,9,8.827096
0.0,4,8.827248
0.0,15,8.827616
0.0,9,8.827859
0.0,15,8.828245
0.0,6,8.82843
0.0,2,8.828529
0.0,6,8.82872
0.0,24,8.829291
0.0,4,8.829434
0.0,4,8.829575
0.0,3,8.8297
0.0,9,8.829947
0.0,5,8.830118
0.0,1,8.830198
0.0,13,8.830529
0.0,6,8.830718
0.0,13,8.831065
1.0,11,8.83136
0.0,3,8.831491
0.0,12,8.831809
0.0,20,8.832346
0.0,9,8.832593
0.0,6,8.832781
0.0,21,8.833302
0.0,4,8.833447
0.0,24,8.834009
0.0,17,8.834436
1.0,10,8.834705
0.0,14,8.835075
0.0,21,8.835622
0.0,12,8.835939
0.0,26,8.836609
0.0,28,8.837245
0.0,17,8.83766
0.0,8,8.837888
0.0,6,8.838081
0.0,9,8.838325
0.0,11,8.838606
0.0,3,8.838732
0.0,4,8.838879
0.0,11,8.839181
0.0,7,8.839395
1.0,6,8.839578
0.0,10,8.839848
1.0,7,8.840068
0.0,6,8.840251
0.0,18,8.840688
0.0,9,8.84094
0.0,3,8.841071
0.0,10,8.841335
1.0,19,8.841787
0.0,3,8.84191
0.0,4,8.842069
0.0,16,8.842479
0.0,4,8.842622
0.0,3,8.842744
0.0,4,8.842898
0.0,1,8.842978
0.0,1,8.843068
1.0,19,8.843538
0.0,12,8.843854
0.0,3,8.843982
0.0,3,8.844117
0.0,5,8.844284
1.0,19,8.844732
0.0,17,8.845165
1.0,17,8.845654
0.0,4,8.845805
0.0,4,8.845949
0.0,6,8.846158
1.0,15,8.846538
0.0,1,8.846617
0.0,6,8.846805
0.0,13,8.847156
0.0,15,8.847531
0.0,4,8.847673
0.0,7,8.847883
0.0,7,8.848104
0.0,3,8.848227
0.0,1,8.848303
0.0,16,8.848699
1.0,9,8.848944
0.0,8,8.849187
0.0,14,8.84954
0.0,8,8.849764
0.0,15,8.85016
0.0,1,8.850241
0.0,6,8.850427
0.0,4,8.850569
0.0,7,8.850773
0.0,2,8.850876
0.0,4,8.851031
0.0,2,8.851133
1.0,13,8.851465
0.0,1,8.851545
0.0,16,8.851946
0.0,13,8.852289
0.0,17,8.852709
0.0,1,8.852785
0.0,33,8.853554
0.0,46,8.854582
0.0,12,8.854892
0.0,21,8.855408
0.0,2,8.85551
0.0,3,8.85563
0.0,18,8.856087
0.0,4,8.856238
0.0,3,8.85636
0.0,22,8.856869
0.0,7,8.857083
0.0,1,8.85716
0.0,4,8.857304
0.0,10,8.85758
0.0,4,8.857722
0.0,4,8.857868
0.0,3,8.85799
0.0,23,8.858533
0.0,3,8.85866
0.0,3,8.858782
0.0,2,8.858881
0.0,5,8.859061
0.0,3,8.859189
0.0,4,8.859332
0.0,1,8.859407
0.0,11,8.859703
0.0,5,8.859876
0.0,18,8.860327
0.0,10,8.860603
0.0,3,8.860725
0.0,8,8.860949
0.0,15,8.861333
0.0,12,8.861653
0.0,13,8.861983
0.0,12,8.862312
0.0,18,8.862748
0.0,7,8.86296
0.0,5,8.863131
0.0,9,8.863419
0.0,4,8.863566
0.0,3,8.863694
0.0,3,8.863816
0.0,7,8.864032
0.0,1,8.864109
0.0,1,8.864189
0.0,1,8.864269
0.0,5,8.864434
0.0,7,8.864645
0.0,6,8.864834
0.0,13,8.865178
0.0,19,8.865637
0.0,2,8.865737
1.0,43,8.866709
1.0,14,8.867081
0.0,1,8.867162
0.0,4,8.86731
0.0,9,8.867566
0.0,6,8.86775
0.0,6,8.86794
0.0,2,8.868052
0.0,10,8.868321
0.0,7,8.868532
0.0,5,8.868695
0.0,8,8.868927
0.0,17,8.869348
0.0,6,8.869532
0.0,2,8.869631
0.0,3,8.869751
0.0,1,8.869826
0.0,4,8.869969
0.0,23,8.870525
0.0,7,8.870735
0.0,4,8.870877
0.0,14,8.871244
0.0,13,8.871595
0.0,4,8.871739
0.0,14,8.872115
0.0,1,8.872193
1.0,23,8.872738
0.0,4,8.872885
1.0,12,8.873214
0.0,2,8.873354
0.0,2,8.873459
0.0,4,8.873603
0.0,8,8.873833
0.0,7,8.874065
0.0,1,8.874149
1.0,9,8.874426
0.0,5,8.874589
0.0,3,8.874709
0.0,14,8.875076
0.0,46,8.876085
0.0,5,8.876249
0.0,7,8.876451
0.0,8,8.876674
0.0,6,8.876861
0.0,2,8.87696
0.0,3,8.87709
0.0,16,8.87749
0.0,7,8.877694
0.0,19,8.878166
0.0,4,8.878312
0.0,2,8.878412
0.0,6,8.878601
0.0,9,8.878859
0.0,4,8.879016
0.0,5,8.879185
0.0,4,8.879333
0.0,5,8.879503
0.0,10,8.879775
0.0,4,8.879922
0.0,7,8.880144
0.0,2,8.880251
0.0,6,8.880437
0.0,20,8.880924
0.0,3,8.881054
0.0,13,8.881394
0.0,16,8.881788
0.0,33,8.882538
0.0,6,8.882725
0.0,13,8.883065
0.0,6,8.88326
0.0,2,8.883365
0.0,11,8.88366
0.0,7,8.883873
0.0,7,8.884088
0.0,4,8.884237
0.0,4,8.884384
0.0,5,8.884547
1.0,10,8.884814
0.0,2,8.884916
0.0,1,8.884992
0.0,7,8.88521
0.0,21,8.885707
0.0,39,8.886592
0.0,22,8.887123
0.0,5,8.887288
0.0,16,8.887685
1.0,13,8.888029
0.0,5,8.888199
0.0,6,8.88838
1.0,64,8.889778
0.0,5,8.889944
0.0,8,8.890182
0.0,1,8.890259
0.0,17,8.890671
0.0,7,8.890875
0.0,33,8.891621
0.0,11,8.891922
0.0,4,8.89208
0.0,4,8.892228
0.0,1,8.892308
0.0,1,8.892384
0.0,5,8.892547
0.0,30,8.893234
0.0,15,8.893614
0.0,2,8.893714
0.0,2,8.893812
0.0,6,8.893996
0.0,7,8.894217
0.0,12,8.894526
0.0,3,8.894647
0.0,1,8.894722
0.0,6,8.894906
0.0,10,8.895184
0.0,6,8.895367
0.0,6,8.89555
0.0,6,8.895736
0.0,2,8.895835
0.0,4,8.895987
0.0,7,8.896207
0.0,1,8.896284
0.0,3,8.896405
0.0,11,8.896705
0.0,2,8.896805
0.0,19,8.897272
0.0,8,8.897506
0.0,13,8.897843
1.0,16,8.898252
0.0,1,8.898328
0.0,1,8.898404
0.0,3,8.898526
0.0,31,8.899244
0.0,1,8.899322
0.0,4,8.899464
0.0,1,8.899538
0.0,7,8.899749
0.0,2,8.899849
0.0,3,8.899969
0.0,2,8.900078
0.0,7,8.900282
0.0,1,8.900357
0.0,6,8.900545
0.0,13,8.900883
0.0,9,8.901143
0.0,1,8.901224
0.0,2,8.901329
0.0,9,8.90158
0.0,7,8.901789
0.0,10,8.902062
0.0,6,8.902244
0.0,4,8.902394
0.0,1,8.902473
0.0,6,8.90266
0.0,6,8.902843
0.0,1,8.902918
0.0,16,8.903336
0.0,6,8.903521
0.0,9,8.903771
0.0,15,8.904154
0.0,5,8.904361
0.0,2,8.904466
0.0,40,8.905409
0.0,22,8.90593
0.0,5,8.906104
1.0,15,8.906478
0.0,5,8.906639
0.0,10,8.906912
0.0,6,8.907111
0.0,16,8.907512
0.0,3,8.907634
0.0,8,8.907867
0.0,20,8.90835
0.0,3,8.908471
0.0,10,8.90874
0.0,4,8.908884
0.0,2,8.908983
0.0,5,8.909163
0.0,14,8.909514
0.0,3,8.909633
0.0,9,8.909883
0.0,8,8.910132
0.0,2,8.910234
0.0,10,8.9105
0.0,22,8.911021
0.0,7,8.911232
0.0,2,8.911337
0.0,31,8.912053
0.0,24,8.912617
0.0,10,8.912879
0.0,9,8.913137
0.0,9,8.91339
1.0,34,8.914159
0.0,29,8.914812
0.0,8,8.915053
0.0,9,8.915308
0.0,2,8.915408
0.0,7,8.915609
0.0,11,8.915903
0.0,3,8.916033
0.0,4,8.916176
0.0,5,8.916338
0.0,10,8.916603
1.0,10,8.91687
0.0,5,8.917042
0.0,2,8.917142
0.0,2,8.917241
0.0,7,8.917444
0.0,4,8.917585
0.0,5,8.917765
0.0,2,8.917865
0.0,9,8.918151
0.0,19,8.918634
0.0,1,8.918715
1.0,28,8.919377
0.0,2,8.919479
0.0,11,8.919776
0.0,6,8.919966
0.0,14,8.920329
0.0,21,8.920828
0.0,15,8.921218
0.0,1,8.921295
0.0,4,8.921439
0.0,5,8.921609
0.0,12,8.921919
0.0,13,8.922263
1.0,12,8.922582
0.0,15,8.922963
0.0,6,8.92316
0.0,2,8.923262
0.0,3,8.923383
0.0,1,8.923458
0.0,5,8.92363
0.0,9,8.923881
0.0,24,8.924464
0.0,9,8.924719
0.0,5,8.924887
0.0,15,8.92528
0.0,7,8.925492
0.0,5,8.925655
0.0,8,8.925879
0.0,6,8.92608
0.0,14,8.926436
0.0,15,8.926819
0.0,15,8.927216
0.0,8,8.927444
0.0,1,8.927524
0.0,6,8.927709
0.0,30,8.928402
1.0,6,8.928589
0.0,8,8.928816
0.0,6,8.929
0.0,12,8.929321
0.0,16,8.929709
0.0,10,8.929984
0.0,1,8.930074
1.0,11,8.930372
0.0,20,8.930855
0.0,1,8.930931
0.0,4,8.931084
0.0,6,8.931274
0.0,3,8.931395
0.0,8,8.931627
0.0,7,8.931837
0.0,1,8.931913
0.0,5,8.932085
0.0,3,8.932208
0.0,6,8.932397
0.0,3,8.932517
0.0,5,8.932688
0.0,2,8.932789
0.0,3,8.932909
0.0,17,8.933335
0.0,6,8.933519
0.0,6,8.933701
0.0,9,8.93396
0.0,4,8.934115
0.0,1,8.934192
0.0,1,8.934272
0.0,11,8.934566
0.0,11,8.934855
0.0,4,8.934996
0.0,2,8.935103
0.0,3,8.93523
0.0,4,8.935372
0.0,2,8.935476
0.0,1,8.935551
0.0,8,8.935783
0.0,2,8.935888
0.0,5,8.936064
0.0,4,8.936209
0.0,1,8.936285
0.0,4,8.936432
0.0,14,8.936799
0.0,2,8.936899
0.0,7,8.937122
0.0,1,8.937203
0.0,1,8.937281
0.0,5,8.937449
0.0,23,8.937986
0.0,3,8.938117
0.0,6,8.938308
0.0,7,8.938515
0.0,33,8.939279
0.0,2,8.939382
0.0,1,8.939461
0.0,15,8.93983
0.0,4,8.939978
0.0,10,8.940257
0.0,13,8.940592
0.0,10,8.940863
0.0,10,8.941181
0.0,5,8.941383
0.0,7,8.941612
0.0,15,8.941988
1.0,14,8.942402
0.0,26,8.943007
0.0,11,8.943306
0.0,36,8.944123
0.0,12,8.944438
0.0,10,8.944718
0.0,3,8.944845
0.0,11,8.94515
0.0,3,8.945279
0.0,16,8.945735
0.0,17,8.946165
0.0,19,8.946631
0.0,2,8.946732
0.0,7,8.946948
0.0,7,8.947171
0.0,1,8.947253
0.0,7,8.94747
0.0,15,8.94785
0.0,4,8.948
0.0,3,8.948135
1.0,9,8.948388
0.0,2,8.948488
0.0,2,8.948592
0.0,3,8.948719
0.0,1,8.948798
0.0,31,8.949523
0.0,11,8.94981
0.0,5,8.949975
0.0,8,8.95021
0.0,20,8.950694
0.0,9,8.95094
1.0,17,8.951363
0.0,9,8.951616
0.0,20,8.952117
0.0,12,8.952422
0.0,5,8.952589
0.0,9,8.95284
0.0,3,8.952961
0.0,22,8.953499
0.0,24,8.954077
0.0,5,8.954241
0.0,11,8.954531
0.0,19,8.954993
0.0,20,8.955478
0.0,13,8.955811
0.0,14,8.956201
0.0,3,8.956342
0.0,25,8.956918
0.0,16,8.957334
0.0,1,8.957412
0.0,10,8.95769
0.0,9,8.957941
0.0,1,8.958026
0.0,3,8.95815
0.0,5,8.958314
1.0,7,8.958535
0.0,5,8.958708
0.0,4,8.958851
0.0,1,8.958926
0.0,5,8.959105
0.0,18,8.959549
1.0,9,8.959806
1.0,13,8.960151
1.0,12,8.960471
0.0,2,8.960572
0.0,24,8.961143
0.0,5,8.961313
0.0,7,8.96152
0.0,19,8.96198
0.0,3,8.962109
0.0,4,8.962252
0.0,3,8.962373
0.0,2,8.962472
0.0,29,8.963141
0.0,28,8.963779
0.0,2,8.963883
0.0,7,8.964098
0.0,5,8.964267
0.0,9,8.964519
0.0,8,8.96475
0.0,8,8.964973
0.0,7,8.96519
0.0,1,8.965268
0.0,6,8.96546
1.0,21,8.965965
0.0,6,8.966165
0.0,9,8.966411
0.0,18,8.966852
0.0,4,8.966999
0.0,43,8.967959
0.0,14,8.968336
1.0,8,8.968575
0.0,10,8.968845
0.0,6,8.969043
0.0,15,8.969422
0.0,9,8.969673
0.0,12,8.969989
0.0,5,8.970167
0.0,19,8.970623
0.0,8,8.970849
0.0,16,8.971253
0.0,1,8.971335
0.0,3,8.971458
1.0,16,8.971843
0.0,5,8.972012
0.0,10,8.97229
0.0,2,8.97239
0.0,4,8.97253
0.0,4,8.972676
0.0,3,8.972797
0.0,2,8.972896
0.0,10,8.973171
0.0,7,8.973383
0.0,2,8.973482
0.0,3,8.973603
0.0,5,8.973766
0.0,17,8.974185
0.0,5,8.974349
0.0,3,8.974475
0.0,12,8.974796
1.0,24,8.975391
0.0,2,8.975498
0.0,1,8.975574
0.0,7,8.975781
1.0,23,8.97633
0.0,6,8.976518
0.0,17,8.976932
0.0,30,8.977624
0.0,8,8.97785
0.0,5,8.978025
1.0,16,8.978414
0.0,3,8.978534
0.0,16,8.978942
0.0,4,8.979094
0.0,6,8.97928
0.0,42,8.980235
0.0,1,8.980314
0.0,3,8.98044
0.0,2,8.98054
0.0,34,8.981323
0.0,7,8.981535
0.0,1,8.981612
0.0,14,8.981966
0.0,4,8.982122
0.0,6,8.982309
0.0,7,8.982514
0.0,24,8.983082
0.0,20,8.983575
0.0,16,8.983976
0.0,7,8.984197
0.0,6,8.984394
0.0,4,8.984537
0.0,12,8.984845
0.0,5,8.985014
0.0,5,8.985187
0.0,4,8.985337
0.0,11,8.985622
1.0,19,8.986087
0.0,11,8.986378
0.0,13,8.986704
0.0,3,8.986824
0.0,8,8.987065
0.0,23,8.987597
0.0,10,8.987867
0.0,20,8.988364
1.0,11,8.988659
0.0,8,8.988892
0.0,1,8.988969
0.0,9,8.989227
0.0,26,8.989823
0.0,19,8.990283
0.0,9,8.990536
0.0,14,8.990902
0.0,10,8.991183
0.0,2,8.991286
0.0,1,8.991362
0.0,4,8.991504
0.0,3,8.99163
0.0,5,8.991801
0.0,4,8.991944
0.0,6,8.992136
0.0,2,8.992236
0.0,2,8.992335
0.0,1,8.99241
0.0,5,8.992573
0.0,4,8.992721
0.0,5,8.992883
0.0,4,8.993035
1.0,23,8.99357
0.0,8,8.993798
0.0,1,8.993874
0.0,28,8.994527
0.0,11,8.994819
0.0,3,8.994945
0.0,2,8.995053
0.0,19,8.995512
0.0,10,8.995787
0.0,28,8.996455
0.0,4,8.996598
0.0,11,8.996894
0.0,24,8.99747
0.0,8,8.997703
0.0,1,8.997779
0.0,15,8.998166
0.0,8,8.998396
0.0,6,8.998594
0.0,1,8.99867
0.0,4,8.998817
0.0,5,8.998982
0.0,3,8.999113
1.0,6,8.99931
0.0,10,8.99958
0.0,6,8.999768
0.0,19,9.000232
0.0,16,9.000634
0.0,13,9.000964
0.0,22,9.001493
0.0,4,9.001636
0.0,2,9.00174
0.0,8,9.001966
0.0,1,9.002051
0.0,13,9.002395
0.0,6,9.002584
0.0,17,9.003001
0.0,5,9.003176
1.0,12,9.003489
0.0,1,9.003565
0.0,12,9.003887
0.0,2,9.003988
0.0,4,9.004139
0.0,3,9.004265
0.0,3,9.004388
0.0,4,9.004531
0.0,14,9.004886
0.0,3,9.005023
0.0,27,9.005657
0.0,13,9.005995
0.0,11,9.006301
0.0,9,9.006549
0.0,9,9.006801
0.0,6,9.006989
0.0,13,9.007331
0.0,26,9.007931
0.0,11,9.008235
0.0,8,9.008464
0.0,7,9.008677
0.0,11,9.008969
0.0,8,9.009203
0.0,1,9.009285
0.0,21,9.009786
0.0,21,9.010298
0.0,5,9.010462
1.0,10,9.010726
0.0,6,9.010916
0.0,16,9.011318
0.0,8,9.011544
0.0,13,9.011867
0.0,4,9.012017
0.0,4,9.012161
0.0,3,9.012283
0.0,2,9.012386
0.0,3,9.012515
0.0,1,9.012592
0.0,7,9.01281
1.0,8,9.013056
0.0,11,9.013343
0.0,1,9.013423
0.0,3,9.013546
0.0,22,9.014079
0.0,14,9.014441
0.0,3,9.014562
0.0,3,9.014683
0.0,3,9.014812
0.0,1,9.014888
0.0,8,9.015125
0.0,6,9.015316
0.0,4,9.015458
1.0,12,9.015778
0.0,6,9.015964
0.0,1,9.016047
0.0,1,9.016154
0.0,4,9.016316
0.0,2,9.016451
0.0,1,9.016527
0.0,12,9.016834
0.0,18,9.017334
0.0,14,9.017692
0.0,3,9.017813
0.0,6,9.018012
0.0,4,9.018157
0.0,2,9.018257
0.0,5,9.018425
0.0,9,9.018677
0.0,34,9.019453
0.0,1,9.019534
1.0,19,9.019995
0.0,11,9.020293
0.0,9,9.02054
0.0,7,9.020744
0.0,10,9.021024
0.0,58,9.022292
0.0,4,9.022442
0.0,2,9.022543
0.0,2,9.022648
0.0,1,9.022725
0.0,18,9.023184
0.0,14,9.023543
0.0,8,9.023776
0.0,2,9.023877
0.0,34,9.024657
0.0,14,9.025024
0.0,3,9.025153
0.0,1,9.025229
0.0,10,9.025538
0.0,5,9.025701
0.0,4,9.025843
0.0,7,9.026079
0.0,6,9.026279
0.0,18,9.026742
0.0,4,9.026885
0.0,2,9.026984
0.0,9,9.02725
0.0,4,9.027393
0.0,1,9.027468
0.0,5,9.02764
0.0,1,9.027716
0.0,11,9.028021
0.0,13,9.028363
0.0,2,9.028468
0.0,20,9.02895
0.0,19,9.029419
0.0,6,9.029606
0.0,7,9.029861
0.0,9,9.030171
0.0,2,9.030301
0.0,2,9.03042
0.0,12,9.030735
0.0,23,9.031283
0.0,2,9.031384
0.0,3,9.031511
0.0,1,9.031587
1.0,25,9.032188
0.0,23,9.03273
0.0,11,9.033022
0.0,8,9.033247
0.0,3,9.033372
0.0,15,9.033753
0.0,13,9.034092
0.0,8,9.034326
0.0,5,9.034487
0.0,6,9.034676
0.0,10,9.034949
0.0,8,9.035191
0.0,5,9.035357
0.0,5,9.035526
0.0,3,9.035646
0.0,16,9.036048
0.0,6,9.036233
0.0,7,9.036442
0.0,3,9.036572
0.0,2,9.036672
0.0,6,9.03687
0.0,8,9.037117
0.0,27,9.037739
0.0,5,9.037907
0.0,1,9.037983
0.0,6,9.038185
0.0,8,9.038411
0.0,3,9.038531
0.0,4,9.038673
0.0,6,9.038859
0.0,9,9.039138
0.0,11,9.039458
0.0,5,9.039621
0.0,12,9.039924
0.0,3,9.040054
0.0,6,9.040263
0.0,1,9.040354
0.0,6,9.040538
0.0,6,9.04072
0.0,4,9.040861
0.0,1,9.040937
0.0,8,9.04118
0.0,7,9.041389
0.0,4,9.041538
0.0,2,9.041638
0.0,6,9.041825
0.0,3,9.041946
0.0,4,9.042098
0.0,2,9.042199
0.0,1,9.042279
0.0,5,9.042449
0.0,39,9.04332
0.0,12,9.043628
0.0,2,9.043732
0.0,9,9.043987
0.0,11,9.044294
0.0,3,9.044415
0.0,5,9.044589
0.0,5,9.044752
0.0,8,9.044981
0.0,18,9.045418
0.0,5,9.045582
0.0,2,9.045686
0.0,9,9.045933
0.0,6,9.046132
0.0,14,9.046567
0.0,14,9.046925
0.0,9,9.047187
0.0,2,9.047295
0.0,14,9.047668
0.0,1,9.047746
0.0,24,9.048329
0.0,5,9.048501
1.0,12,9.048818
0.0,2,9.048918
0.0,5,9.049091
0.0,2,9.049193
0.0,6,9.049382
0.0,5,9.049546
0.0,6,9.049734
0.0,7,9.049948
0.0,9,9.050208
0.0,12,9.050522
0.0,8,9.050745
0.0,1,9.05082
0.0,14,9.051193
0.0,17,9.051613
0.0,6,9.051796
0.0,6,9.051979
0.0,4,9.052129
1.0,22,9.052647
0.0,15,9.053039
0.0,1,9.053118
0.0,2,9.053223
0.0,8,9.053452
0.0,6,9.053647
0.0,11,9.053946
0.0,13,9.054292
0.0,19,9.054763
0.0,2,9.054864
0.0,11,9.055162
0.0,4,9.055305
0.0,4,9.055455
0.0,21,9.055955
0.0,4,9.05611
1.0,6,9.056294
0.0,4,9.05644
0.0,8,9.056665
1.0,28,9.057319
1.0,14,9.057673
0.0,6,9.057854
0.0,22,9.058386
0.0,9,9.058634
0.0,7,9.058839
0.0,2,9.058938
0.0,6,9.059133
1.0,24,9.059696
0.0,14,9.060063
0.0,4,9.060217
0.0,4,9.060359
0.0,7,9.060567
0.0,4,9.060714
1.0,19,9.06118
0.0,1,9.061257
1.0,10,9.061524
0.0,3,9.061644
0.0,3,9.06179
0.0,8,9.062052
0.0,10,9.06235
0.0,2,9.062454
0.0,19,9.062909
0.0,19,9.063377
0.0,2,9.063482
0.0,14,9.063832
0.0,12,9.064152
0.0,3,9.06428
0.0,11,9.064571
0.0,17,9.064981
0.0,18,9.065421
1.0,13,9.065759
0.0,9,9.066009
0.0,43,9.066953
0.0,5,9.067128
0.0,20,9.067606
0.0,5,9.067772
0.0,7,9.067979
0.0,8,9.068215
0.0,15,9.068592
0.0,5,9.068763
0.0,7,9.068977
0.0,11,9.069277
0.0,8,9.069504
0.0,3,9.069625
0.0,10,9.069898
0.0,4,9.070055
0.0,9,9.070311
0.0,6,9.070495
1.0,27,9.071126
0.0,9,9.071378
0.0,2,9.071479
0.0,6,9.071663
1.0,37,9.07252
0.0,5,9.072684
0.0,3,9.072809
1.0,16,9.073235
0.0,6,9.073437
0.0,50,9.074526
0.0,3,9.074654
0.0,1,9.074729
0.0,20,9.075216
0.0,7,9.07542
0.0,3,9.075541
0.0,21,9.076055
0.0,2,9.076157
0.0,1,9.076232
0.0,9,9.076483
0.0,8,9.076717
0.0,3,9.076838
0.0,3,9.076959
0.0,1,9.077047
0.0,4,9.077192
0.0,4,9.077343
0.0,1,9.077419
0.0,8,9.077649
0.0,6,9.077833
0.0,2,9.077938
0.0,4,9.078092
0.0,3,9.07822
0.0,7,9.078426
0.0,2,9.078524
0.0,16,9.078917
0.0,3,9.079046
0.0,1,9.079123
0.0,9,9.079379
0.0,4,9.079523
0.0,3,9.079643
0.0,13,9.079981
0.0,3,9.080113
1.0,8,9.080345
0.0,11,9.080638
0.0,3,9.080761
0.0,44,9.081722
0.0,5,9.081893
0.0,10,9.082166
0.0,1,9.082243
0.0,4,9.082385
0.0,43,9.083342
0.0,3,9.08347
0.0,14,9.083824
0.0,3,9.083948
1.0,29,9.084628
0.0,14,9.084986
0.0,11,9.08533
0.0,2,9.085431
0.0,13,9.085765
0.0,12,9.086082
0.0,3,9.08621
0.0,5,9.086373
0.0,14,9.086722
0.0,3,9.086849
0.0,8,9.087083
0.0,6,9.087266
0.0,6,9.087452
0.0,3,9.087578
0.0,7,9.087786
0.0,6,9.087969
0.0,18,9.088401
0.0,11,9.088698
0.0,7,9.088906
0.0,2,9.089018
0.0,3,9.089143
0.0,5,9.089318
0.0,6,9.089509
0.0,7,9.089718
0.0,9,9.089969
0.0,3,9.090098
0.0,1,9.090179
0.0,12,9.090495
0.0,17,9.090906
0.0,12,9.09122
0.0,7,9.091428
0.0,4,9.091574
0.0,6,9.091755
0.0,14,9.092121
0.0,7,9.09233
0.0,9,9.092576
0.0,1,9.092655
0.0,3,9.092782
0.0,10,9.093058
0.0,24,9.093608
0.0,14,9.093956
0.0,24,9.094524
0.0,10,9.094789
1.0,38,9.095644
0.0,7,9.095849
0.0,17,9.096277
0.0,6,9.096462
0.0,60,9.09778
0.0,4,9.097924
0.0,2,9.098036
0.0,18,9.098483
0.0,40,9.0994
0.0,1,9.099482
0.0,12,9.099803
0.0,5,9.099968
0.0,13,9.100317
0.0,5,9.100487
0.0,7,9.100706
0.0,6,9.10089
0.0,1,9.100966
0.0,6,9.101159
0.0,14,9.101514
0.0,5,9.101677
0.0,3,9.101797
0.0,8,9.102037
0.0,2,9.102139
0.0,1,9.102214
1.0,25,9.102798
0.0,10,9.103083
0.0,32,9.103823
0.0,3,9.103945
0.0,2,9.104053
0.0,9,9.104306
1.0,9,9.104553
0.0,20,9.105037
0.0,21,9.105541
0.0,8,9.105767
0.0,18,9.106216
1.0,13,9.106554
0.0,2,9.106653
0.0,11,9.10695
0.0,3,9.107083
0.0,6,9.107275
0.0,3,9.107402
0.0,31,9.108136
0.0,4,9.108289
0.0,8,9.108522
1.0,12,9.108852
0.0,6,9.109049
0.0,5,9.109215
0.0,6,9.1094
0.0,28,9.110049
0.0,3,9.110173
0.0,2,9.110273
1.0,9,9.110527
0.0,5,9.110701
0.0,6,9.110896
0.0,7,9.111113
0.0,13,9.111446
0.0,2,9.111556
0.0,7,9.111761
0.0,6,9.111949
0.0,3,9.11208
0.0,3,9.112204
0.0,4,9.11235
0.0,5,9.112522
0.0,6,9.112713
1.0,12,9.113031
0.0,7,9.113243
0.0,5,9.113405
0.0,6,9.113593
0.0,4,9.113741
0.0,7,9.113948
0.0,3,9.114079
0.0,9,9.11434
0.0,9,9.114592
0.0,15,9.11496
0.0,2,9.115074
0.0,6,9.115267
0.0,2,9.115367
0.0,2,9.115468
0.0,11,9.115759
0.0,2,9.115863
1.0,9,9.116135
0.0,11,9.116424
0.0,4,9.116565
1.0,27,9.117203
0.0,10,9.117477
0.0,6,9.117665
1.0,13,9.117996
0.0,3,9.118126
0.0,4,9.118274
0.0,28,9.118928
0.0,3,9.119064
0.0,4,9.119214
0.0,19,9.119674
1.0,8,9.119909
0.0,5,9.120084
0.0,5,9.120254
0.0,3,9.120383
0.0,1,9.120459
0.0,4,9.120602
0.0,5,9.120771
0.0,13,9.121114
0.0,7,9.121331
0.0,8,9.121559
0.0,1,9.121639
0.0,7,9.121855
0.0,10,9.12215
0.0,5,9.122317
0.0,7,9.122522
0.0,22,9.123055
0.0,4,9.123199
0.0,3,9.123321
0.0,5,9.123491
0.0,4,9.123641
0.0,11,9.123935
0.0,2,9.124045
0.0,5,9.124212
0.0,8,9.124445
0.0,8,9.124679
0.0,3,9.124802
0.0,2,9.124902
0.0,4,9.125063
0.0,1,9.12514
0.0,1,9.125217
0.0,5,9.125388
0.0,3,9.125514
0.0,8,9.125748
0.0,3,9.125875
0.0,7,9.126093
0.0,7,9.126299
0.0,9,9.126552
0.0,6,9.126746
0.0,1,9.126822
0.0,8,9.127066
0.0,19,9.127524
0.0,3,9.12765
0.0,6,9.127841
0.0,7,9.128081
0.0,21,9.128598
0.0,10,9.128861
0.0,1,9.128941
0.0,3,9.129087
0.0,1,9.129169
0.0,19,9.129649
0.0,11,9.129947
0.0,6,9.130153
0.0,27,9.130787
0.0,10,9.131072
0.0,6,9.131256
0.0,11,9.131542
0.0,5,9.13171
0.0,12,9.132036
0.0,5,9.132201
0.0,6,9.132389
0.0,7,9.132601
0.0,5,9.132766
0.0,13,9.133106
0.0,1,9.133187
0.0,22,9.133706
0.0,16,9.134116
1.0,15,9.134489
0.0,5,9.134655
0.0,16,9.135059
0.0,10,9.135324
0.0,12,9.135632
0.0,4,9.135775
0.0,15,9.136156
0.0,12,9.136475
0.0,18,9.136905
0.0,14,9.137273
0.0,9,9.137527
0.0,4,9.13767
0.0,1,9.137745
0.0,22,9.138309
0.0,1,9.138387
0.0,13,9.13872
0.0,11,9.139022
0.0,1,9.139103
0.0,5,9.139268
0.0,4,9.139411
0.0,5,9.139579
0.0,5,9.139743
0.0,5,9.139904
0.0,3,9.140036
0.0,22,9.140552
0.0,53,9.141725
0.0,3,9.141847
1.0,22,9.142369
0.0,11,9.142654
0.0,8,9.142883
0.0,6,9.143078
0.0,4,9.143221
0.0,7,9.143429
0.0,4,9.14358
0.0,7,9.143785
0.0,1,9.143864
0.0,3,9.143987
0.0,4,9.144144
0.0,3,9.144266
0.0,7,9.144481
0.0,12,9.1448
0.0,6,9.14499
0.0,7,9.145204
0.0,9,9.145457
0.0,4,9.145606
0.0,3,9.145728
0.0,2,9.145831
0.0,3,9.145971
0.0,9,9.146246
0.0,1,9.146397
0.0,13,9.146745
0.0,1,9.146824
0.0,22,9.14737
0.0,5,9.147541
0.0,15,9.147916
0.0,24,9.148479
0.0,6,9.14867
0.0,21,9.149176
0.0,9,9.149434
0.0,6,9.149621
0.0,11,9.14991
0.0,1,9.14999
1.0,10,9.15027
1.0,12,9.150577
0.0,2,9.15068
0.0,5,9.150849
0.0,5,9.151027
1.0,6,9.151221
0.0,17,9.151627
1.0,16,9.15204
1.0,7,9.152252
0.0,1,9.152327
0.0,5,9.15249
1.0,12,9.152798
0.0,5,9.152959
0.0,25,9.153535
0.0,25,9.15413
0.0,13,9.15446
0.0,1,9.15454
0.0,4,9.154689
0.0,4,9.154831
0.0,5,9.155
0.0,12,9.155331
0.0,15,9.155708
0.0,5,9.155871
0.0,5,9.156075
0.0,6,9.156271
0.0,4,9.156426
0.0,3,9.156546
0.0,7,9.156761
0.0,4,9.156903
0.0,5,9.157076
0.0,1,9.157153
1.0,8,9.157379
0.0,1,9.157453
0.0,5,9.157624
0.0,1,9.1577
0.0,4,9.157843
0.0,4,9.157984
0.0,16,9.158395
0.0,27,9.159028
0.0,19,9.15949
0.0,6,9.159684
0.0,4,9.159827
0.0,25,9.160432
0.0,3,9.160556
1.0,8,9.160791
1.0,8,9.161026
0.0,4,9.161169
1.0,22,9.161691
0.0,3,9.161817
0.0,5,9.16198
0.0,16,9.162386
0.0,10,9.162658
0.0,1,9.162734
0.0,8,9.162959
0.0,5,9.163136
0.0,6,9.163331
0.0,5,9.163499
0.0,1,9.163576
0.0,8,9.1638
0.0,5,9.163965
0.0,10,9.164241
0.0,2,9.164341
0.0,4,9.164489
0.0,2,9.164588
0.0,5,9.164761
0.0,4,9.164902
0.0,3,9.165032
0.0,4,9.165177
0.0,1,9.165251
1.0,9,9.165499
0.0,4,9.165639
0.0,4,9.165782
0.0,6,9.165972
0.0,8,9.166213
0.0,16,9.166609
0.0,18,9.167059
0.0,8,9.167294
0.0,1,9.16737
0.0,10,9.167651
0.0,11,9.167947
0.0,6,9.168139
0.0,4,9.168282
0.0,9,9.16853
0.0,9,9.168775
0.0,6,9.168962
0.0,10,9.169249
1.0,14,9.169605
0.0,8,9.169829
0.0,7,9.170048
0.0,18,9.170503
0.0,7,9.170708
0.0,12,9.171023
0.0,4,9.171165
0.0,5,9.171333
0.0,6,9.171515
0.0,16,9.171912
0.0,18,9.172363
0.0,6,9.172559
0.0,1,9.17264
0.0,2,9.172741
1.0,14,9.173135
0.0,22,9.173687
0.0,1,9.173764
0.0,4,9.173912
0.0,5,9.174086
1.0,17,9.174548
0.0,4,9.174689
0.0,14,9.175056
0.0,1,9.175133
0.0,11,9.175421
1.0,16,9.175813
0.0,10,9.176091
0.0,9,9.176351
0.0,3,9.176473
1.0,10,9.176739
0.0,11,9.177036
0.0,5,9.1772
0.0,2,9.1773
0.0,7,9.177505
0.0,3,9.177626
0.0,3,9.177752
0.0,14,9.178123
0.0,17,9.178549
0.0,4,9.178693
0.0,13,9.17904
0.0,8,9.179274
0.0,3,9.179394
0.0,18,9.179825
0.0,3,9.17995
0.0,19,9.180421
0.0,3,9.180547
0.0,2,9.180647
0.0,4,9.180789
0.0,2,9.180888
0.0,3,9.18102
0.0,16,9.181425
0.0,1,9.181502
0.0,14,9.181851
0.0,18,9.182306
0.0,1,9.182384
0.0,14,9.182739
0.0,9,9.182994
0.0,2,9.183105
0.0,11,9.183405
0.0,27,9.184042
1.0,14,9.184402
0.0,4,9.184553
0.0,2,9.184655
0.0,5,9.184825
0.0,1,9.184905
0.0,10,9.185204
0.0,5,9.18538
0.0,22,9.185902
0.0,8,9.186164
0.0,8,9.186409
0.0,1,9.186484
0.0,7,9.186687
0.0,4,9.186829
0.0,15,9.187212
0.0,1,9.18729
0.0,5,9.187455
0.0,2,9.187559
0.0,4,9.187702
0.0,14,9.188072
0.0,12,9.18838
0.0,6,9.188569
0.0,10,9.188837
0.0,1,9.188918
0.0,9,9.189185
0.0,7,9.189392
0.0,4,9.189538
0.0,10,9.190027
0.0,4,9.190172
0.0,31,9.190866
0.0,3,9.190993
0.0,3,9.191133
0.0,23,9.191671
0.0,10,9.19195
0.0,5,9.192123
0.0,5,9.192292
0.0,4,9.192436
0.0,4,9.192581
0.0,18,9.193024
0.0,3,9.193152
0.0,6,9.193342
0.0,2,9.193442
0.0,9,9.193686
0.0,2,9.193789
1.0,20,9.194271
0.0,15,9.194683
0.0,29,9.195478
0.0,14,9.195837
0.0,9,9.196093
0.0,12,9.196412
1.0,22,9.196925
0.0,8,9.197164
0.0,33,9.197927
0.0,2,9.198043
0.0,9,9.198299
1.0,34,9.199064
0.0,5,9.199227
0.0,2,9.19933
0.0,35,9.200114
0.0,9,9.200374
0.0,11,9.200669
0.0,13,9.20101
0.0,1,9.201089
0.0,5,9.201254
0.0,12,9.20156
0.0,7,9.201774
0.0,10,9.202057
0.0,15,9.202437
0.0,2,9.202537
0.0,5,9.202708
0.0,4,9.202858
0.0,17,9.203294
0.0,12,9.203609
0.0,4,9.203752
0.0,13,9.204123
0.0,22,9.20467
0.0,7,9.204881
0.0,5,9.205062
0.0,5,9.20523
0.0,2,9.205334
0.0,17,9.205751
0.0,3,9.205872
0.0,18,9.206321
1.0,18,9.20676
0.0,9,9.207017
0.0,8,9.207248
0.0,1,9.207324
0.0,12,9.207639
0.0,17,9.208071
0.0,9,9.208326
0.0,3,9.208451
0.0,2,9.208555
0.0,18,9.20901
0.0,5,9.209176
0.0,9,9.209433
0.0,10,9.209706
0.0,12,9.210027
0.0,22,9.210557
0.0,11,9.210844
0.0,4,9.210987
0.0,17,9.211414
0.0,18,9.211844
0.0,1,9.211924
0.0,11,9.212244
0.0,13,9.212574
0.0,2,9.212677
0.0,6,9.212861
0.0,15,9.213252
0.0,13,9.213592
0.0,1,9.213672
0.0,23,9.214224
0.0,2,9.214334
0.0,8,9.214561
0.0,12,9.214874
0.0,3,9.214994
0.0,4,9.215153
0.0,7,9.215361
0.0,4,9.215502
0.0,4,9.215648
0.0,8,9.215872
0.0,9,9.216132
0.0,3,9.216254
0.0,1,9.216329
0.0,3,9.21645
0.0,9,9.216701
0.0,2,9.2168
0.0,3,9.21693
0.0,14,9.217303
0.0,4,9.217447
0.0,27,9.218066
0.0,16,9.218467
0.0,8,9.218698
0.0,5,9.21886
0.0,2,9.218963
0.0,7,9.219176
0.0,7,9.219382
0.0,12,9.219697
0.0,12,9.22001
0.0,11,9.220311
0.0,24,9.22088
0.0,1,9.220956
0.0,3,9.221087
0.0,2,9.221192
0.0,4,9.221336
0.0,5,9.221498
0.0,21,9.221996
0.0,11,9.222294
0.0,3,9.222416
0.0,5,9.222583
0.0,1,9.222659
0.0,5,9.222822
0.0,11,9.22312
0.0,5,9.22329
0.0,16,9.223683
0.0,3,9.223805
0.0,4,9.223952
0.0,26,9.224562
0.0,2,9.224663
0.0,13,9.224995
1.0,9,9.225248
0.0,9,9.225498
0.0,3,9.225619
0.0,7,9.22583
0.0,4,9.225971
0.0,3,9.226099
0.0,5,9.226263
0.0,30,9.226957
0.0,8,9.227193
0.0,4,9.227336
0.0,11,9.227628
0.0,4,9.227771
0.0,10,9.228051
0.0,6,9.228238
0.0,3,9.228364
0.0,5,9.228532
0.0,22,9.229059
0.0,4,9.229202
0.0,3,9.229322
0.0,2,9.229426
1.0,12,9.229736
0.0,5,9.229904
0.0,4,9.230064
0.0,4,9.230214
0.0,2,9.230314
0.0,26,9.230915
0.0,3,9.231047
0.0,1,9.231128
0.0,18,9.231576
0.0,5,9.231743
0.0,1,9.231819
0.0,36,9.23263
0.0,4,9.232773
0.0,29,9.233435
0.0,24,9.233996
0.0,4,9.234148
0.0,3,9.234269
0.0,4,9.23441
0.0,5,9.234587
1.0,20,9.235077
0.0,1,9.235154
0.0,7,9.23537
0.0,3,9.235493
0.0,12,9.23581
0.0,17,9.236243
0.0,9,9.236491
0.0,3,9.236613
0.0,3,9.236733
0.0,1,9.236812
0.0,5,9.236978
0.0,5,9.23715
0.0,11,9.237441
0.0,3,9.237562
0.0,5,9.237724
0.0,3,9.237849
0.0,3,9.237975
0.0,1,9.23806
1.0,19,9.238526
0.0,4,9.238668
0.0,1,9.238743
0.0,3,9.238864
0.0,12,9.239178
0.0,7,9.23938
0.0,8,9.239606
0.0,13,9.239944
0.0,1,9.240045
0.0,9,9.240326
0.0,5,9.240489
0.0,14,9.240847
0.0,4,9.240996
0.0,6,9.241194
0.0,3,9.24132
0.0,1,9.241396
0.0,2,9.241495
0.0,2,9.241594
0.0,1,9.241667
0.0,15,9.242053
0.0,8,9.242278
0.0,11,9.24257
0.0,7,9.242773
0.0,8,9.242996
0.0,4,9.243152
0.0,12,9.243464
0.0,15,9.243839
0.0,26,9.244436
0.0,6,9.24462
0.0,12,9.244925
0.0,13,9.245265
0.0,16,9.245658
0.0,6,9.245846
0.0,6,9.246046
0.0,6,9.246233
0.0,9,9.246477
0.0,6,9.246726
0.0,6,9.246915
1.0,10,9.247199
0.0,4,9.247344
0.0,9,9.247598
0.0,4,9.247751
0.0,10,9.248032
0.0,10,9.24831
0.0,7,9.248525
0.0,10,9.2488
0.0,1,9.248879
0.0,6,9.249081
0.0,10,9.249358
0.0,15,9.249723
0.0,9,9.24997
0.0,23,9.250515
0.0,15,9.250883
0.0,2,9.250983
0.0,3,9.251116
0.0,6,9.2513
0.0,12,9.25161
0.0,11,9.251897
0.0,4,9.252049
0.0,6,9.25224
0.0,6,9.252429
0.0,2,9.252532
0.0,5,9.252694
0.0,13,9.253029
0.0,7,9.253234
0.0,4,9.253384
0.0,7,9.25359
0.0,2,9.253693
0.0,6,9.253878
0.0,3,9.253999
0.0,10,9.254328
0.0,7,9.254543
0.0,23,9.255104
0.0,2,9.25521
0.0,27,9.255847
0.0,7,9.256062
0.0,3,9.256185
0.0,9,9.256436
0.0,4,9.256584
0.0,3,9.256706
0.0,6,9.256892
0.0,4,9.257046
0.0,4,9.257188
0.0,15,9.257561
0.0,6,9.257745
0.0,2,9.257845
0.0,13,9.258201
0.0,7,9.258406
0.0,7,9.258616
0.0,10,9.258895
0.0,24,9.259471
0.0,2,9.259579
0.0,8,9.259805
0.0,6,9.259993
0.0,17,9.260427
0.0,1,9.260504
0.0,2,9.260605
0.0,6,9.26079
0.0,1,9.260869
0.0,6,9.261067
0.0,5,9.261233
0.0,3,9.261354
0.0,13,9.261688
0.0,7,9.261896
0.0,25,9.262489
0.0,12,9.262804
1.0,16,9.263208
0.0,7,9.263415
0.0,20,9.263885
0.0,5,9.264064
0.0,13,9.264395
0.0,18,9.264826
0.0,5,9.264998
0.0,8,9.265239
0.0,4,9.265382
0.0,14,9.265728
0.0,7,9.265937
0.0,17,9.266363
0.0,10,9.266634
0.0,4,9.266776
0.0,10,9.267056
0.0,1,9.267138
0.0,4,9.267282
0.0,18,9.267724
0.0,8,9.26796
0.0,3,9.26809
0.0,12,9.268409
0.0,4,9.268553
0.0,2,9.268657
0.0,9,9.268912
0.0,1,9.268992
0.0,12,9.269316
0.0,18,9.269762
0.0,3,9.269885
0.0,5,9.270059
0.0,3,9.270189
0.0,5,9.270355
0.0,8,9.270579
0.0,3,9.2707
0.0,1,9.270779
0.0,6,9.270973
0.0,9,9.271228
0.0,1,9.271304
0.0,3,9.271427
0.0,1,9.271502
0.0,11,9.271798
0.0,14,9.272176
0.0,8,9.272407
0.0,15,9.272785
0.0,5,9.272955
0.0,6,9.273154
0.0,9,9.273407
0.0,4,9.273561
0.0,3,9.273682
0.0,5,9.273851
0.0,10,9.274133
1.0,34,9.274892
0.0,10,9.275179
0.0,10,9.275453
0.0,26,9.276077
0.0,1,9.276162
0.0,3,9.276307
0.0,6,9.276492
0.0,13,9.276829
0.0,3,9.276958
0.0,2,9.277066
0.0,30,9.277753
0.0,27,9.278399
0.0,19,9.278863
0.0,8,9.279098
0.0,2,9.279199
0.0,6,9.279382
0.0,7,9.27959
0.0,21,9.280102
0.0,3,9.280226
0.0,11,9.280517
0.0,4,9.280662
0.0,6,9.28085
0.0,10,9.281133
1.0,6,9.28132
0.0,13,9.281651
0.0,14,9.282019
0.0,6,9.282205
0.0,2,9.282304
0.0,4,9.28245
0.0,6,9.282634
0.0,4,9.282775
1.0,10,9.283054
0.0,10,9.283329
0.0,27,9.283949
0.0,14,9.284379
0.0,10,9.284645
1.0,8,9.284877
0.0,7,9.285091
0.0,2,9.285192
0.0,4,9.285334
0.0,8,9.285565
0.0,18,9.286008
0.0,1,9.286091
0.0,12,9.286401
0.0,23,9.286952
0.0,7,9.287176
0.0,1,9.287254
0.0,13,9.287589
0.0,10,9.28786
0.0,8,9.288103
0.0,12,9.288422
0.0,10,9.288684
0.0,8,9.288911
0.0,7,9.289155
0.0,20,9.289646
0.0,1,9.289722
0.0,1,9.289798
0.0,6,9.289989
0.0,1,9.290074
0.0,26,9.290683
0.0,10,9.29096
0.0,3,9.291094
0.0,8,9.29132
0.0,14,9.291676
0.0,1,9.291752
1.0,10,9.292033
0.0,3,9.292155
0.0,3,9.292275
0.0,6,9.292457
0.0,17,9.292873
0.0,6,9.293071
0.0,22,9.293596
0.0,7,9.293799
0.0,4,9.293939
0.0,5,9.294109
0.0,10,9.294374
0.0,4,9.294513
0.0,3,9.294633
0.0,4,9.294792
0.0,2,9.294893
0.0,1,9.294969
0.0,4,9.29512
0.0,9,9.295365
0.0,4,9.295512
0.0,12,9.295822
0.0,3,9.295941
0.0,2,9.29605
0.0,6,9.296239
0.0,15,9.296614
0.0,10,9.296886
0.0,11,9.297179
0.0,45,9.298177
0.0,11,9.298467
0.0,1,9.298546
0.0,8,9.298775
0.0,4,9.298917
0.0,4,9.299071
0.0,6,9.299261
0.0,10,9.299533
0.0,7,9.299737
1.0,16,9.300143
1.0,8,9.30037
0.0,13,9.300707
0.0,11,9.300992
0.0,3,9.30113
0.0,3,9.301253
0.0,8,9.301478
0.0,8,9.301708
0.0,1,9.301788
0.0,3,9.30191
0.0,12,9.30223
0.0,9,9.302476
0.0,5,9.302644
0.0,16,9.303055
0.0,6,9.303245
0.0,7,9.30345
0.0,8,9.303679
0.0,8,9.303902
0.0,2,9.304
0.0,4,9.304157
0.0,5,9.304321
0.0,2,9.304423
0.0,33,9.305178
0.0,4,9.305321
0.0,8,9.305548
0.0,1,9.305627
0.0,26,9.306238
0.0,24,9.306797
0.0,7,9.307008
1.0,8,9.307243
0.0,20,9.307716
0.0,6,9.307904
0.0,7,9.30813
0.0,9,9.308386
0.0,6,9.308569
1.0,28,9.309214
0.0,14,9.30957
0.0,8,9.309797
0.0,8,9.310037
0.0,22,9.310554
0.0,12,9.310867
0.0,5,9.311038
0.0,8,9.311263
0.0,2,9.311361
0.0,3,9.311481
0.0,12,9.311793
0.0,11,9.312095
0.0,3,9.312216
0.0,4,9.312364
1.0,11,9.312648
0.0,5,9.312814
0.0,2,9.312913
0.0,2,9.313018
0.0,4,9.313162
0.0,2,9.313262
0.0,10,9.313537
0.0,17,9.313941
0.0,8,9.31418
0.0,9,9.314428
0.0,10,9.314698
0.0,8,9.31492
0.0,50,9.316013
0.0,2,9.316116
0.0,24,9.316675
0.0,3,9.316796
0.0,19,9.317259
0.0,3,9.317381
0.0,5,9.317546
0.0,9,9.317799
0.0,7,9.318016
0.0,4,9.318167
0.0,5,9.318329
0.0,4,9.318469
0.0,4,9.318619
0.0,4,9.318768
0.0,9,9.319025
0.0,14,9.319377
0.0,7,9.319579
0.0,3,9.319698
0.0,8,9.319922
0.0,22,9.32046
0.0,11,9.320752
0.0,3,9.320874
0.0,7,9.321088
0.0,20,9.321562
0.0,24,9.322135
0.0,18,9.322586
0.0,10,9.322855
0.0,1,9.32293
0.0,12,9.323247
0.0,11,9.323537
0.0,5,9.323706
0.0,4,9.323851
0.0,6,9.32405
0.0,1,9.324132
0.0,23,9.324671
0.0,4,9.324817
0.0,5,9.324991
0.0,22,9.325519
0.0,19,9.325984
0.0,3,9.326116
0.0,3,9.326247
0.0,7,9.326456
0.0,5,9.326619
0.0,6,9.326806
0.0,2,9.326906
1.0,9,9.327162
1.0,17,9.327574
0.0,7,9.327775
0.0,8,9.328012
0.0,4,9.328157
0.0,7,9.328366
0.0,11,9.32865
0.0,19,9.329117
0.0,18,9.32955
0.0,20,9.330034
0.0,25,9.330616
0.0,2,9.330716
0.0,6,9.330899
0.0,6,9.331089
0.0,8,9.331316
0.0,6,9.331498
0.0,7,9.331707
0.0,3,9.331827
0.0,4,9.331972
0.0,1,9.332057
0.0,3,9.332181
0.0,2,9.332281
0.0,8,9.332515
0.0,2,9.332619
0.0,1,9.332695
0.0,3,9.332816
0.0,7,9.333031
0.0,2,9.333133
0.0,4,9.333278
0.0,4,9.333421
0.0,2,9.333524
0.0,23,9.334073
0.0,7,9.334277
0.0,21,9.334775
0.0,12,9.335097
0.0,2,9.335198
0.0,4,9.335344
0.0,31,9.33609
0.0,4,9.336243
0.0,9,9.33651
1.0,16,9.33691
0.0,17,9.337336
0.0,11,9.337629
0.0,4,9.337773
1.0,13,9.338122
0.0,9,9.338374
0.0,3,9.338501
0.0,9,9.338746
0.0,16,9.339158
0.0,8,9.339396
0.0,6,9.339589
0.0,3,9.339715
0.0,3,9.339837
0.0,16,9.340235
0.0,4,9.340378
0.0,3,9.340503
0.0,4,9.340646
0.0,6,9.340842
0.0,13,9.341188
0.0,4,9.341332
0.0,9,9.341579
0.0,6,9.341772
0.0,20,9.342271
0.0,17,9.342689
0.0,12,9.342997
0.0,10,9.343269
0.0,11,9.34356
0.0,20,9.344045
0.0,7,9.344256
0.0,4,9.344399
0.0,12,9.344716
0.0,14,9.345078
0.0,2,9.345186
0.0,7,9.34539
0.0,1,9.345467
0.0,2,9.345573
0.0,20,9.346072
0.0,5,9.346238
0.0,3,9.346361
0.0,6,9.346552
0.0,12,9.346943
0.0,5,9.347136
0.0,1,9.347219
0.0,18,9.34766
0.0,9,9.347913
0.0,3,9.348046
0.0,23,9.348596
0.0,4,9.348739
0.0,14,9.349111
0.0,6,9.34933
0.0,1,9.349407
0.0,4,9.349555
0.0,3,9.349682
0.0,37,9.350553
1.0,12,9.350873
0.0,1,9.350948
0.0,6,9.351147
1.0,12,9.351466
0.0,4,9.351612
0.0,3,9.351733
0.0,6,9.351924
0.0,13,9.352266
0.0,13,9.352602
0.0,7,9.352803
0.0,7,9.353018
0.0,10,9.353297
0.0,1,9.353376
0.0,7,9.353581
0.0,5,9.353742
0.0,20,9.354236
0.0,5,9.3544
0.0,14,9.354756
0.0,3,9.354877
0.0,13,9.35522
0.0,4,9.355371
0.0,11,9.355664
0.0,4,9.355807
0.0,2,9.35591
0.0,13,9.356253
0.0,4,9.356396
0.0,4,9.356537
0.0,5,9.356708
0.0,8,9.356937
0.0,10,9.357214
0.0,9,9.357484
0.0,2,9.357584
0.0,2,9.357683
0.0,22,9.358214
0.0,4,9.358357
0.0,2,9.358457
0.0,18,9.358892
0.0,23,9.359445
0.0,10,9.359719
1.0,8,9.359954
0.0,1,9.360044
0.0,9,9.360291
0.0,3,9.360411
0.0,1,9.360487
0.0,6,9.360682
0.0,1,9.360757
0.0,1,9.360831
0.0,2,9.360929
0.0,23,9.361493
0.0,6,9.361679
0.0,2,9.361778
0.0,4,9.36192
0.0,7,9.362137
0.0,1,9.362219
0.0,12,9.362527
0.0,16,9.362921
0.0,2,9.363029
0.0,4,9.363172
0.0,3,9.363292
0.0,16,9.363702
0.0,10,9.36397
0.0,5,9.364146
0.0,38,9.365024
0.0,4,9.365175
0.0,1,9.365251
0.0,13,9.365589
0.0,3,9.36571
0.0,4,9.365852
0.0,9,9.366105
0.0,4,9.366248
1.0,8,9.366482
0.0,12,9.366791
0.0,9,9.367043
0.0,14,9.367396
0.0,2,9.367496
0.0,12,9.36782
0.0,24,9.368395
0.0,4,9.368544
0.0,20,9.369027
0.0,28,9.369682
0.0,5,9.369851
0.0,4,9.369993
1.0,13,9.37033
0.0,3,9.370454
0.0,14,9.370817
0.0,3,9.370939
0.0,7,9.371159
0.0,4,9.371303
0.0,1,9.371378
0.0,4,9.37152
0.0,5,9.371682
0.0,7,9.371885
0.0,6,9.372078
0.0,2,9.372183
0.0,4,9.372326
0.0,22,9.372842
0.0,10,9.373118
0.0,9,9.373372
1.0,16,9.373766
0.0,10,9.374064
0.0,2,9.374171
0.0,3,9.374317
0.0,2,9.374421
0.0,19,9.374877
0.0,5,9.375051
0.0,4,9.375194
0.0,12,9.375499
0.0,22,9.376025
0.0,7,9.376242
0.0,14,9.37659
0.0,11,9.376884
0.0,26,9.377495
0.0,1,9.377572
0.0,10,9.377839
0.0,29,9.378518
0.0,5,9.378683
0.0,8,9.378912
0.0,19,9.379386
0.0,2,9.379488
0.0,4,9.37963
0.0,13,9.379958
0.0,26,9.380575
0.0,12,9.380891
0.0,13,9.381234
0.0,2,9.38134
0.0,11,9.381632
1.0,18,9.382074
0.0,6,9.382271
0.0,2,9.382371
0.0,2,9.382475
0.0,12,9.382795
0.0,15,9.383184
0.0,25,9.383754
0.0,14,9.384108
0.0,3,9.384236
0.0,1,9.384314
0.0,8,9.384545
0.0,10,9.384813
1.0,22,9.385342
0.0,17,9.38576
0.0,4,9.385908
0.0,2,9.386016
0.0,1,9.386098
0.0,7,9.386307
0.0,6,9.386489
0.0,30,9.387192
0.0,18,9.387629
0.0,31,9.388335
0.0,12,9.388649
0.0,2,9.388749
0.0,6,9.388939
0.0,6,9.389134
0.0,8,9.389359
0.0,11,9.389649
0.0,6,9.389832
0.0,7,9.390043
0.0,33,9.390787
0.0,8,9.391021
0.0,8,9.391254
0.0,4,9.391394
0.0,4,9.391541
0.0,1,9.391621
0.0,1,9.391701
0.0,3,9.391824
0.0,9,9.392082
0.0,4,9.39223
1.0,24,9.392784
0.0,1,9.392858
0.0,6,9.393051
0.0,7,9.393266
0.0,21,9.393762
0.0,5,9.393923
0.0,16,9.394315
0.0,24,9.39488
0.0,14,9.395255
0.0,6,9.395441
0.0,8,9.395668
0.0,9,9.395909
0.0,2,9.396016
0.0,24,9.396581
0.0,4,9.396729
0.0,5,9.39689
0.0,6,9.397088
0.0,23,9.397638
0.0,3,9.397763
0.0,5,9.397927
0.0,11,9.398225
0.0,8,9.398453
0.0,34,9.399229
0.0,8,9.39946
0.0,1,9.399535
0.0,10,9.399809
0.0,4,9.399955
0.0,2,9.400064
0.0,8,9.400292
0.0,4,9.400439
1.0,19,9.40089
0.0,16,9.401296
0.0,10,9.401563
0.0,11,9.401851
0.0,3,9.401977
0.0,9,9.402232
0.0,10,9.402507
0.0,14,9.402858
0.0,7,9.403072
0.0,32,9.403792
0.0,3,9.403914
0.0,1,9.403992
0.0,16,9.404405
0.0,2,9.40451
0.0,10,9.404787
0.0,8,9.405019
0.0,3,9.405142
0.0,12,9.405451
0.0,3,9.405572
0.0,9,9.405816
0.0,1,9.405895
0.0,4,9.406048
0.0,19,9.406497
0.0,5,9.40666
0.0,4,9.406802
0.0,12,9.407126
0.0,6,9.407322
0.0,3,9.407447
1.0,20,9.407918
0.0,26,9.40854
0.0,5,9.408714
0.0,7,9.408923
0.0,10,9.4092
0.0,13,9.409543
0.0,10,9.409818
0.0,2,9.409917
1.0,8,9.410154
0.0,11,9.410455
0.0,5,9.410624
0.0,6,9.410808
0.0,7,9.411021
0.0,2,9.411123
0.0,4,9.411265
0.0,4,9.411407
0.0,32,9.412171
0.0,12,9.412499
0.0,43,9.413459
0.0,4,9.413606
0.0,3,9.413732
0.0,10,9.41401
0.0,21,9.414513
0.0,18,9.414945
0.0,10,9.415222
0.0,4,9.415371
0.0,21,9.415877
0.0,2,9.415977
0.0,7,9.416189
0.0,9,9.416435
0.0,8,9.416664
0.0,13,9.417001
0.0,7,9.417217
0.0,4,9.417359
0.0,8,9.417586
0.0,2,9.417686
0.0,43,9.418658
0.0,16,9.419074
0.0,6,9.419264
0.0,17,9.419679
0.0,13,9.42002
0.0,14,9.420375
0.0,4,9.420518
0.0,3,9.420639
0.0,13,9.420977
0.0,6,9.421167
0.0,13,9.4215
0.0,4,9.421642
0.0,3,9.421768
0.0,11,9.422073
0.0,20,9.42255
0.0,6,9.422734
0.0,5,9.422902
0.0,5,9.423074
0.0,10,9.423347
0.0,13,9.423678
0.0,9,9.423927
0.0,9,9.424179
0.0,1,9.424265
0.0,7,9.424475
0.0,7,9.42468
0.0,10,9.424956
0.0,7,9.425177
0.0,8,9.425405
0.0,6,9.425589
0.0,1,9.425664
0.0,19,9.426134
1.0,31,9.426851
0.0,14,9.427216
0.0,9,9.427467
0.0,16,9.427861
0.0,5,9.428044
0.0,2,9.428145
0.0,12,9.428464
0.0,15,9.428829
0.0,16,9.429233
0.0,6,9.429419
0.0,1,9.429495
0.0,4,9.429644
0.0,4,9.429786
0.0,8,9.430022
0.0,2,9.430123
0.0,4,9.430271
0.0,14,9.430625
0.0,2,9.430729
0.0,9,9.430977
1.0,21,9.431488
0.0,11,9.431788
0.0,3,9.431916
0.0,1,9.431998
0.0,12,9.432324
0.0,1,9.432401
0.0,12,9.432717
0.0,1,9.432793
0.0,8,9.433032
0.0,24,9.433598
0.0,8,9.433825
0.0,29,9.434509
0.0,8,9.434736
0.0,8,9.43496
0.0,6,9.435153
0.0,10,9.435428
0.0,16,9.435815
0.0,4,9.43596
0.0,13,9.4363
0.0,19,9.436759
0.0,8,9.436992
0.0,1,9.437079
0.0,7,9.43729
0.0,16,9.437687
0.0,3,9.437811
0.0,12,9.438139
0.0,6,9.43833
0.0,27,9.438958
0.0,7,9.439193
0.0,4,9.439362
0.0,2,9.439461
0.0,13,9.439792
0.0,6,9.439981
0.0,3,9.440109
0.0,2,9.440208
0.0,7,9.440421
0.0,8,9.440649
0.0,2,9.440749
0.0,3,9.44087
0.0,4,9.44102
0.0,27,9.441648
0.0,1,9.441725
0.0,17,9.442157
0.0,22,9.44267
0.0,16,9.443074
0.0,6,9.443263
0.0,4,9.443409
0.0,16,9.44381
1.0,14,9.444181
0.0,11,9.444475
0.0,5,9.444638
0.0,3,9.44476
0.0,3,9.444882
0.0,23,9.44543
0.0,10,9.445696
0.0,10,9.445966
0.0,12,9.446286
0.0,5,9.446452
0.0,8,9.446681
0.0,3,9.446807
0.0,10,9.447089
0.0,1,9.44717
0.0,19,9.447634
0.0,3,9.447758
0.0,16,9.448168
0.0,9,9.448413
0.0,3,9.448534
0.0,4,9.448682
0.0,3,9.448803
0.0,1,9.448878
0.0,1,9.448957
0.0,1,9.449042
0.0,13,9.449373
0.0,10,9.449644
0.0,13,9.449975
0.0,6,9.450174
0.0,9,9.450419
0.0,21,9.450917
0.0,5,9.451156
0.0,22,9.451676
0.0,1,9.451758
0.0,1,9.451835
0.0,10,9.452126
0.0,3,9.45225
0.0,9,9.452496
0.0,5,9.452664
0.0,8,9.452888
0.0,4,9.453039
0.0,26,9.453645
0.0,14,9.453997
0.0,14,9.45436
0.0,12,9.454673
0.0,9,9.454917
0.0,10,9.455194
0.0,3,9.455328
0.0,4,9.455471
0.0,7,9.455675
0.0,11,9.455966
0.0,11,9.456275
0.0,10,9.456599
0.0,5,9.456763
0.0,31,9.457535
0.0,4,9.457679
0.0,6,9.457865
0.0,20,9.458364
0.0,6,9.458549
0.0,1,9.458628
0.0,3,9.458751
0.0,5,9.458913
0.0,3,9.459048
0.0,15,9.459435
1.0,10,9.459702
0.0,2,9.459801
0.0,28,9.460456
0.0,6,9.460641
0.0,5,9.460806
0.0,2,9.46091
0.0,9,9.461176
0.0,5,9.461345
0.0,13,9.461674
0.0,5,9.46184
0.0,23,9.462387
0.0,5,9.462557
0.0,2,9.462661
0.0,5,9.46283
0.0,2,9.462934
0.0,4,9.463087
0.0,4,9.463235
0.0,23,9.46378
0.0,13,9.464122
0.0,1,9.4642
1.0,16,9.464599
0.0,7,9.464813
0.0,4,9.464957
1.0,13,9.465293
0.0,6,9.465483
0.0,7,9.46569
1.0,36,9.4665
0.0,5,9.46667
0.0,9,9.466922
0.0,5,9.467107
0.0,5,9.467274
0.0,8,9.467502
0.0,1,9.467581
0.0,2,9.467685
1.0,21,9.468189
0.0,6,9.468379
0.0,7,9.468582
0.0,4,9.468728
0.0,3,9.468855
0.0,20,9.469344
0.0,8,9.469575
0.0,2,9.469675
1.0,46,9.470685
0.0,22,9.471209
0.0,13,9.471547
1.0,18,9.471986
0.0,10,9.47226
0.0,2,9.472365
0.0,4,9.472514
1.0,19,9.472978
0.0,4,9.47313
0.0,10,9.473403
0.0,26,9.473995
0.0,5,9.474174
1.0,24,9.47475
0.0,15,9.475131
0.0,3,9.475254
0.0,1,9.47533
0.0,4,9.475473
0.0,3,9.475594
0.0,3,9.475715
0.0,3,9.475835
0.0,7,9.476057
0.0,5,9.476226
0.0,2,9.476327
0.0,6,9.476511
1.0,22,9.477036
0.0,13,9.477376
0.0,1,9.477452
0.0,3,9.477578
1.0,14,9.477932
1.0,16,9.478343
0.0,8,9.478572
1.0,34,9.479353
0.0,6,9.479541
0.0,8,9.479771
0.0,13,9.480111
0.0,26,9.480722
0.0,9,9.480968
0.0,18,9.481406
1.0,6,9.481591
0.0,9,9.481839
0.0,2,9.481947
0.0,3,9.482083
0.0,5,9.48225
0.0,7,9.482464
0.0,6,9.482655
0.0,2,9.482759
0.0,6,9.482947
0.0,8,9.483192
0.0,2,9.483294
0.0,2,9.483392
0.0,6,9.483575
0.0,4,9.483721
0.0,9,9.483969
0.0,20,9.484454
0.0,11,9.484748
0.0,3,9.484869
0.0,6,9.48507
0.0,4,9.485214
0.0,22,9.485733
0.0,2,9.485832
0.0,9,9.486098
1.0,8,9.486338
0.0,5,9.4865
0.0,3,9.486624
0.0,3,9.486746
0.0,8,9.486976
0.0,11,9.487277
0.0,3,9.487399
1.0,8,9.487625
0.0,1,9.487699
0.0,3,9.487826
0.0,3,9.487963
0.0,5,9.488144
0.0,6,9.488337
0.0,3,9.488463
0.0,4,9.488612
0.0,1,9.488688
0.0,7,9.488892
0.0,4,9.489044
0.0,5,9.489208
0.0,6,9.489391
0.0,19,9.489857
1.0,12,9.490189
0.0,6,9.490378
0.0,5,9.490542
0.0,10,9.490814
0.0,5,9.490979
0.0,13,9.491321
0.0,7,9.491529
0.0,11,9.491824
0.0,23,9.49238
0.0,8,9.492606
0.0,9,9.492856
0.0,10,9.493129
0.0,2,9.493235
0.0,1,9.493311
0.0,7,9.493522
1.0,23,9.494079
0.0,3,9.494206
0.0,7,9.494416
0.0,9,9.49467
0.0,1,9.49475
0.0,4,9.494894
0.0,3,9.495024
0.0,9,9.495273
0.0,4,9.495415
1.0,16,9.495813
0.0,5,9.495975
0.0,5,9.496143
0.0,7,9.496347
0.0,12,9.496649
0.0,6,9.496834
0.0,14,9.497189
0.0,7,9.497428
0.0,2,9.49755
0.0,3,9.497672
0.0,5,9.49784
0.0,5,9.498027
0.0,22,9.498574
0.0,12,9.498891
0.0,7,9.499113
0.0,21,9.499606
1.0,15,9.499986
0.0,19,9.50045
0.0,1,9.500528
0.0,5,9.500692
1.0,17,9.501132
0.0,8,9.501379
0.0,8,9.501603
0.0,16,9.501993
0.0,5,9.502164
0.0,2,9.502263
0.0,9,9.502508
0.0,4,9.502649
0.0,22,9.503168
0.0,17,9.503584
0.0,7,9.503789
0.0,15,9.504168
0.0,3,9.504291
0.0,4,9.504432
0.0,1,9.504508
0.0,1,9.504584
0.0,16,9.504992
0.0,5,9.505164
1.0,19,9.505621
0.0,17,9.506046
0.0,4,9.506195
0.0,14,9.506548
0.0,21,9.507057
0.0,13,9.50739
1.0,7,9.5076
1.0,12,9.507907
0.0,18,9.508352
0.0,8,9.508578
0.0,5,9.508747
0.0,9,9.508993
0.0,16,9.509409
0.0,1,9.509485
0.0,8,9.509718
0.0,4,9.509867
0.0,1,9.509942
0.0,10,9.510219
0.0,4,9.510362
0.0,16,9.510757
0.0,5,9.510921
0.0,29,9.511604
0.0,45,9.512605
0.0,4,9.512754
0.0,15,9.513145
0.0,21,9.513639
0.0,12,9.51395
0.0,9,9.51421
0.0,13,9.514549
0.0,12,9.514866
0.0,3,9.514992
0.0,11,9.515303
0.0,9,9.51556
0.0,14,9.51592
1.0,10,9.516195
0.0,21,9.516694
0.0,23,9.517247
1.0,22,9.517774
0.0,7,9.517981
0.0,12,9.518301
0.0,2,9.518407
0.0,4,9.518554
1.0,19,9.51902
0.0,13,9.519356
0.0,6,9.51955
0.0,4,9.519692
0.0,21,9.520199
0.0,1,9.520277
0.0,1,9.520354
0.0,10,9.520621
0.0,2,9.520721
1.0,19,9.521181
0.0,3,9.521302
0.0,20,9.521767
0.0,9,9.522025
0.0,14,9.52237
0.0,3,9.522491
0.0,2,9.522589
0.0,2,9.522687
0.0,6,9.522868
0.0,13,9.523205
0.0,4,9.523353
0.0,10,9.523626
0.0,1,9.523701
0.0,4,9.523849
0.0,1,9.523925
0.0,3,9.524056
0.0,14,9.524418
1.0,20,9.524895
0.0,4,9.525051
0.0,25,9.525648
0.0,4,9.52579
0.0,17,9.526223
0.0,3,9.526353
0.0,1,9.52643
1.0,13,9.526762
1.0,15,9.527147
0.0,2,9.527251
0.0,12,9.527567
0.0,31,9.528298
0.0,11,9.528589
0.0,20,9.529075
0.0,7,9.529285
0.0,5,9.529447
1.0,9,9.529692
0.0,11,9.529981
0.0,7,9.530218
0.0,15,9.530655
1.0,29,9.531403
0.0,8,9.531626
0.0,9,9.531872
0.0,20,9.532359
0.0,20,9.53284
0.0,1,9.532917
0.0,3,9.533048
0.0,10,9.533316
0.0,11,9.533605
0.0,4,9.533746
0.0,8,9.533976
0.0,12,9.534296
0.0,3,9.534418
0.0,5,9.534581
1.0,25,9.535172
0.0,1,9.535248
0.0,6,9.535431
0.0,4,9.535572
0.0,21,9.536088
0.0,14,9.536448
0.0,9,9.536694
0.0,10,9.536964
0.0,4,9.537118
0.0,6,9.537308
0.0,1,9.537384
0.0,1,9.537466
0.0,6,9.537649
0.0,10,9.537916
0.0,10,9.5382
0.0,4,9.538343
0.0,11,9.538632
1.0,13,9.538959
0.0,3,9.539088
0.0,31,9.53979
0.0,9,9.540051
0.0,3,9.540174
0.0,1,9.54025
0.0,5,9.54042
0.0,1,9.540495
0.0,3,9.540616
0.0,7,9.540823
0.0,8,9.54106
0.0,5,9.541229
0.0,4,9.541376
0.0,3,9.541497
0.0,6,9.541686
0.0,5,9.541853
0.0,4,9.541996
0.0,6,9.542189
0.0,3,9.54231
0.0,13,9.542638
0.0,6,9.54282
0.0,12,9.543144
0.0,9,9.543401
0.0,6,9.543588
0.0,2,9.543688
0.0,11,9.543974
0.0,16,9.544367
0.0,3,9.544488
0.0,1,9.544568
0.0,7,9.544773
0.0,3,9.544893
0.0,3,9.545022
0.0,13,9.545365
0.0,2,9.545465
0.0,8,9.545692
0.0,4,9.545832
0.0,5,9.545994
0.0,9,9.546256
0.0,15,9.546629
0.0,4,9.546775
0.0,3,9.546896
0.0,12,9.547209
0.0,3,9.54733
0.0,4,9.547471
0.0,17,9.547894
0.0,11,9.548198
0.0,2,9.548299
0.0,8,9.548531
0.0,6,9.548715
0.0,10,9.548975
0.0,8,9.549206
0.0,12,9.549525
0.0,3,9.549646
0.0,18,9.550096
0.0,8,9.550324
0.0,1,9.550404
0.0,44,9.551377
0.0,7,9.551585
0.0,26,9.552198
0.0,13,9.5526
0.0,11,9.552909
0.0,9,9.553167
0.0,3,9.553296
0.0,1,9.553372
0.0,12,9.553681
0.0,20,9.55417
0.0,9,9.554425
0.0,5,9.554593
0.0,8,9.554824
0.0,34,9.555588
0.0,8,9.555816
0.0,12,9.556135
1.0,23,9.55668
0.0,7,9.556893
0.0,2,9.556994
0.0,4,9.557148
0.0,13,9.557476
0.0,14,9.557822
1.0,20,9.558311
0.0,4,9.558453
0.0,9,9.5587
0.0,8,9.558931
0.0,4,9.559089
0.0,8,9.559321
0.0,38,9.560187
0.0,4,9.560329
0.0,5,9.560496
0.0,24,9.561066
0.0,2,9.561172
0.0,18,9.561602
0.0,50,9.562738
0.0,4,9.562888
0.0,4,9.563065
0.0,6,9.56326
0.0,15,9.563646
0.0,7,9.563859
0.0,10,9.564142
0.0,14,9.564503
0.0,5,9.564673
0.0,2,9.564777
0.0,7,9.564988
0.0,3,9.565117
0.0,4,9.565264
0.0,2,9.565364
0.0,20,9.565839
0.0,13,9.56619
0.0,6,9.566386
0.0,13,9.566719
0.0,10,9.566991
0.0,2,9.5671
0.0,4,9.567243
0.0,5,9.56741
0.0,8,9.567641
0.0,1,9.567717
0.0,6,9.567903
1.0,20,9.568391
0.0,16,9.568783
0.0,4,9.568924
0.0,11,9.569226
0.0,8,9.569455
0.0,3,9.569577
0.0,4,9.569724
0.0,3,9.569852
0.0,2,9.569956
0.0,23,9.5705
0.0,10,9.570771
0.0,9,9.571032
0.0,5,9.571203
0.0,10,9.571468
0.0,11,9.571759
0.0,1,9.571834
0.0,5,9.572011
0.0,3,9.572134
0.0,2,9.572239
0.0,2,9.572342
0.0,12,9.572663
0.0,6,9.572853
0.0,18,9.573307
0.0,5,9.573473
0.0,5,9.573636
0.0,5,9.573809
0.0,1,9.573886
0.0,5,9.574063
1.0,11,9.574348
0.0,11,9.574647
0.0,9,9.574898
0.0,4,9.575053
0.0,30,9.575731
1.0,13,9.576073
1.0,7,9.576283
1.0,14,9.576634
0.0,13,9.576969
0.0,4,9.577124
0.0,3,9.577251
0.0,9,9.577494
0.0,19,9.577953
0.0,10,9.578231
0.0,7,9.578445
0.0,8,9.578669
0.0,13,9.57901
0.0,28,9.57965
0.0,3,9.579776
0.0,12,9.580096
0.0,8,9.580331
0.0,3,9.580451
0.0,2,9.580549
0.0,2,9.580652
0.0,39,9.581528
0.0,19,9.58198
0.0,16,9.582384
0.0,1,9.58246
0.0,11,9.582748
0.0,11,9.583046
0.0,9,9.583288
0.0,11,9.58358
0.0,3,9.583704
0.0,1,9.58378
0.0,5,9.583947
0.0,6,9.58414
0.0,8,9.584374
0.0,13,9.584707
1.0,11,9.585009
0.0,6,9.585206
0.0,3,9.585328
0.0,4,9.585474
0.0,4,9.585622
0.0,1,9.585698
0.0,22,9.586239
0.0,3,9.586363
0.0,1,9.586438
0.0,9,9.586688
0.0,6,9.586872
0.0,4,9.587027
0.0,2,9.58713
0.0,13,9.587463
0.0,8,9.587692
0.0,9,9.587936
0.0,2,9.588046
0.0,13,9.588373
0.0,4,9.588518
1.0,23,9.589067
0.0,3,9.589188
0.0,4,9.589334
0.0,7,9.589538
0.0,4,9.589679
0.0,4,9.589824
0.0,13,9.590166
0.0,1,9.590247
1.0,11,9.590539
0.0,11,9.590823
0.0,2,9.590923
0.0,5,9.5911
0.0,24,9.591648
0.0,21,9.592155
0.0,24,9.592722
0.0,7,9.592926
0.0,2,9.593035
1.0,10,9.593307
0.0,5,9.593475
0.0,3,9.5936
0.0,15,9.593974
0.0,10,9.594253
0.0,2,9.594357
0.0,24,9.59493
0.0,4,9.595086
0.0,14,9.595438
0.0,14,9.595789
0.0,2,9.595889
0.0,8,9.596123
0.0,3,9.596245
0.0,14,9.596587
0.0,21,9.597096
0.0,2,9.597197
0.0,44,9.598169
1.0,39,9.599036
0.0,11,9.599321
0.0,10,9.599591
0.0,12,9.599895
0.0,10,9.60017
0.0,4,9.600312
0.0,5,9.600474
0.0,12,9.600779
0.0,10,9.601059
0.0,13,9.601393
0.0,20,9.601874
0.0,2,9.601975
0.0,4,9.602128
0.0,3,9.60225
0.0,14,9.602601
0.0,9,9.602847
0.0,13,9.603193
0.0,9,9.603445
0.0,9,9.603697
0.0,16,9.60409
0.0,12,9.604406
0.0,5,9.60457
0.0,4,9.604716
0.0,3,9.604843
0.0,8,9.605098
0.0,3,9.605227
0.0,10,9.605505
0.0,7,9.605708
0.0,28,9.60637
0.0,9,9.606622
1.0,18,9.607056
0.0,8,9.607287
0.0,18,9.607729
0.0,3,9.607857
0.0,5,9.608038
0.0,9,9.608282
0.0,17,9.608702
0.0,8,9.608928
0.0,1,9.609012
0.0,33,9.60975
0.0,10,9.610031
0.0,2,9.610138
0.0,14,9.610489
1.0,27,9.611115
0.0,20,9.611582
0.0,20,9.61206
0.0,23,9.612604
0.0,3,9.61273
0.0,7,9.612941
0.0,3,9.613071
0.0,2,9.613176
0.0,7,9.613386
0.0,9,9.613632
0.0,29,9.614309
0.0,6,9.614501
0.0,14,9.614852
0.0,6,9.615054
1.0,16,9.615451
1.0,22,9.61596
0.0,19,9.616416
0.0,12,9.616721
0.0,5,9.616888
1.0,13,9.617232
0.0,7,9.617442
0.0,10,9.61772
0.0,8,9.617953
0.0,19,9.618426
0.0,12,9.618735
0.0,13,9.619082
0.0,1,9.619163
0.0,12,9.619479
0.0,10,9.61975
0.0,8,9.619983
0.0,26,9.6206
0.0,4,9.620742
0.0,3,9.620862
0.0,18,9.621302
0.0,8,9.621526
0.0,6,9.621716
0.0,5,9.621881
0.0,3,9.622015
0.0,5,9.622179
0.0,17,9.622597
0.0,2,9.622696
0.0,5,9.622864
0.0,4,9.623013
0.0,2,9.623132
0.0,2,9.623238
0.0,8,9.623482
0.0,13,9.623809
0.0,2,9.623912
1.0,14,9.624325
0.0,16,9.624724
0.0,8,9.624951
0.0,16,9.625347
0.0,15,9.625716
0.0,7,9.625926
0.0,14,9.626293
0.0,22,9.626819
1.0,12,9.62714
0.0,7,9.627347
1.0,22,9.627855
0.0,1,9.627933
0.0,22,9.628459
0.0,4,9.628602
0.0,11,9.628898
0.0,2,9.628997
0.0,10,9.629272
0.0,4,9.629414
0.0,13,9.629745
0.0,2,9.629848
0.0,3,9.629974
0.0,2,9.630082
0.0,11,9.630369
0.0,3,9.630488
0.0,10,9.630763
0.0,9,9.631021
0.0,7,9.631233
0.0,1,9.631309
1.0,23,9.63185
0.0,1,9.631924
0.0,5,9.632098
0.0,3,9.632226
0.0,15,9.632596
0.0,4,9.632746
0.0,3,9.632871
0.0,15,9.633253
0.0,8,9.633477
0.0,1,9.633556
0.0,7,9.633762
0.0,5,9.633922
0.0,2,9.634028
0.0,1,9.634104
0.0,3,9.634233
0.0,6,9.634417
0.0,5,9.634579
0.0,9,9.634829
0.0,8,9.635078
0.0,6,9.635273
0.0,4,9.635431
0.0,10,9.635699
0.0,4,9.635839
0.0,3,9.635958
0.0,26,9.63657
0.0,5,9.636734
0.0,1,9.636814
0.0,11,9.637109
1.0,6,9.637292
0.0,7,9.637502
0.0,3,9.637628
0.0,13,9.637959
0.0,7,9.638181
0.0,1,9.638262
0.0,2,9.638367
0.0,12,9.638678
0.0,7,9.63889
0.0,5,9.639106
0.0,2,9.639216
0.0,4,9.639394
0.0,6,9.639577
0.0,7,9.639789
0.0,1,9.639865
0.0,2,9.639967
0.0,1,9.640052
0.0,7,9.640264
0.0,9,9.640516
0.0,22,9.641039
0.0,2,9.64114
0.0,6,9.641328
0.0,3,9.641449
0.0,21,9.641943
0.0,1,9.642026
0.0,3,9.64215
0.0,9,9.642404
0.0,1,9.64248
0.0,5,9.642643
0.0,1,9.642722
0.0,18,9.643167
1.0,13,9.643504
0.0,2,9.643605
0.0,2,9.643705
0.0,1,9.643783
0.0,3,9.643906
0.0,5,9.644084
0.0,7,9.644289
0.0,4,9.644435
0.0,8,9.644658
0.0,1,9.644737
0.0,3,9.644859
0.0,3,9.64498
0.0,7,9.645198
0.0,8,9.645428
1.0,21,9.645931
0.0,5,9.646101
0.0,3,9.646224
0.0,8,9.646461
0.0,3,9.646604
0.0,2,9.646708
0.0,2,9.646829
0.0,1,9.646909
0.0,4,9.647086
0.0,8,9.647347
0.0,7,9.647551
1.0,10,9.647816
0.0,5,9.647977
0.0,3,9.648112
0.0,3,9.648236
0.0,11,9.648521
0.0,11,9.648804
0.0,1,9.648878
0.0,9,9.649134
0.0,2,9.649239
0.0,4,9.649381
0.0,5,9.649542
0.0,1,9.649621
0.0,1,9.649698
1.0,19,9.650167
0.0,2,9.650267
0.0,7,9.650469
0.0,4,9.650608
0.0,10,9.65087
0.0,4,9.651019
0.0,5,9.651191
0.0,9,9.651446
0.0,5,9.651609
0.0,3,9.651734
0.0,6,9.651922
0.0,10,9.652206
0.0,10,9.652555
0.0,12,9.652872
0.0,23,9.653424
0.0,6,9.653614
0.0,5,9.653777
1.0,7,9.653977
0.0,11,9.654269
0.0,12,9.654585
0.0,12,9.654898
0.0,12,9.655257
0.0,10,9.655543
0.0,2,9.655648
0.0,5,9.655812
0.0,9,9.656104
0.0,12,9.656441
0.0,7,9.656674
0.0,12,9.656996
0.0,10,9.657299
0.0,4,9.657454
0.0,7,9.657662
0.0,1,9.657737
0.0,40,9.65863
0.0,8,9.658859
0.0,8,9.659097
0.0,5,9.659265
0.0,13,9.659601
0.0,8,9.659833
0.0,6,9.66003
0.0,10,9.660303
0.0,1,9.660382
0.0,1,9.660459
0.0,5,9.660629
0.0,3,9.660756
0.0,9,9.661017
0.0,1,9.661099
0.0,1,9.661176
0.0,2,9.661279
0.0,24,9.661847
0.0,7,9.662063
0.0,4,9.662208
0.0,4,9.66235
0.0,5,9.66251
0.0,14,9.66287
0.0,18,9.663313
0.0,10,9.663589
0.0,12,9.663901
0.0,8,9.664135
0.0,15,9.664516
0.0,21,9.665014
0.0,22,9.665525
0.0,6,9.665707
0.0,3,9.665826
0.0,7,9.666044
0.0,9,9.666297
0.0,8,9.666522
0.0,3,9.666642
0.0,3,9.666766
0.0,1,9.666842
0.0,5,9.667013
0.0,19,9.667468
0.0,26,9.668078
0.0,2,9.66818
0.0,5,9.668346
0.0,4,9.668491
0.0,18,9.668928
0.0,8,9.669163
0.0,18,9.669603
0.0,6,9.669795
0.0,29,9.67046
0.0,11,9.670751
0.0,7,9.670961
0.0,3,9.671091
0.0,5,9.67126
0.0,30,9.671932
0.0,12,9.672255
0.0,14,9.672609
0.0,5,9.672776
0.0,8,9.673001
0.0,46,9.674018
0.0,11,9.674312
0.0,20,9.67479
0.0,2,9.674894
0.0,5,9.675076
0.0,1,9.675154
0.0,5,9.675317
0.0,6,9.675501
0.0,17,9.67592
0.0,6,9.676112
0.0,36,9.676929
0.0,8,9.677165
0.0,1,9.677243
0.0,13,9.677571
0.0,9,9.677824
0.0,3,9.677948
0.0,20,9.678442
0.0,6,9.678627
0.0,3,9.678747
0.0,14,9.679099
0.0,1,9.67918
0.0,4,9.679334
0.0,14,9.679684
0.0,11,9.679975
0.0,5,9.680158
0.0,11,9.680456
0.0,16,9.680842
0.0,3,9.680968
0.0,13,9.681309
0.0,43,9.682276
0.0,2,9.682378
1.0,24,9.682942
0.0,3,9.683074
0.0,2,9.683179
0.0,3,9.683302
0.0,6,9.683492
0.0,10,9.683767
0.0,12,9.684091
0.0,18,9.68453
0.0,20,9.684999
0.0,1,9.685084
0.0,14,9.685437
0.0,2,9.685535
0.0,3,9.685656
0.0,3,9.685784
0.0,14,9.686174
0.0,4,9.686344
0.0,5,9.686508
0.0,6,9.686697
0.0,12,9.687024
0.0,5,9.687196
0.0,7,9.687407
0.0,6,9.687596
0.0,4,9.687737
1.0,15,9.688125
0.0,4,9.688272
0.0,3,9.688395
0.0,21,9.688898
0.0,1,9.688975
0.0,3,9.689106
0.0,14,9.689453
0.0,3,9.689572
1.0,25,9.690161
0.0,6,9.690344
0.0,3,9.690464
0.0,16,9.690863
0.0,6,9.691059
0.0,7,9.691265
0.0,12,9.691571
0.0,3,9.691698
0.0,3,9.69182
0.0,6,9.692019
0.0,3,9.692142
0.0,4,9.692285
0.0,3,9.69241
0.0,3,9.692531
0.0,26,9.693137
0.0,6,9.693327
0.0,8,9.693553
1.0,9,9.693804
0.0,17,9.694231
0.0,7,9.694442
0.0,3,9.694563
0.0,20,9.695112
0.0,1,9.695202
0.0,13,9.695571
0.0,6,9.695753
0.0,30,9.696497
0.0,1,9.696578
0.0,4,9.696726
0.0,8,9.696955
0.0,5,9.697126
0.0,1,9.697203
0.0,5,9.697372
0.0,7,9.697574
0.0,14,9.697917
0.0,8,9.698159
0.0,3,9.698281
0.0,6,9.698474
0.0,3,9.698594
0.0,12,9.698905
0.0,6,9.699099
0.0,4,9.699244
0.0,5,9.699407
0.0,8,9.699631
1.0,34,9.700424
0.0,1,9.7005
0.0,3,9.700622
0.0,2,9.700721
0.0,7,9.700923
0.0,11,9.701227
0.0,7,9.701444
0.0,8,9.701668
0.0,4,9.701816
0.0,4,9.701963
0.0,9,9.702222
0.0,2,9.702323
0.0,15,9.702698
0.0,1,9.702775
0.0,8,9.703019
1.0,35,9.7038
0.0,17,9.704221
0.0,2,9.704326
0.0,9,9.704579
0.0,16,9.704978
0.0,1,9.705079
1.0,29,9.705763
1.0,13,9.706126
0.0,3,9.706255
0.0,5,9.70644
0.0,4,9.706582
0.0,13,9.706905
0.0,13,9.707241
1.0,15,9.707607
0.0,16,9.70801
0.0,5,9.708179
0.0,5,9.708342
0.0,25,9.70892
0.0,6,9.709118
0.0,11,9.709408
0.0,10,9.709679
0.0,4,9.70982
0.0,12,9.710142
0.0,4,9.710284
0.0,3,9.710404
0.0,10,9.710702
0.0,10,9.710981
0.0,2,9.711111
0.0,15,9.711534
0.0,1,9.711609
1.0,17,9.712032
0.0,3,9.712154
0.0,6,9.712343
0.0,4,9.712485
0.0,19,9.712941
0.0,23,9.713483
0.0,13,9.713811
0.0,6,9.713993
0.0,18,9.714433
0.0,25,9.71504
0.0,14,9.715425
0.0,4,9.715572
0.0,10,9.715839
0.0,14,9.716231
0.0,4,9.71639
0.0,13,9.716715
0.0,9,9.716958
0.0,17,9.717386
0.0,7,9.717588
0.0,41,9.718511
0.0,5,9.718674
1.0,15,9.719053
0.0,3,9.719175
0.0,16,9.719572
0.0,9,9.719816
0.0,7,9.720028
0.0,23,9.720579
0.0,3,9.7207
0.0,2,9.720804
0.0,4,9.720948
0.0,1,9.721032
0.0,4,9.721176
0.0,18,9.721612
0.0,7,9.721821
0.0,32,9.722566
0.0,5,9.722731
0.0,9,9.722982
0.0,5,9.723153
0.0,2,9.723254
0.0,5,9.72342
0.0,3,9.723547
0.0,4,9.723689
0.0,8,9.72392
0.0,10,9.724205
0.0,5,9.724374
0.0,22,9.724896
0.0,16,9.725302
0.0,19,9.725755
0.0,18,9.726198
0.0,4,9.726343
0.0,7,9.726552
0.0,3,9.726677
0.0,2,9.726781
0.0,14,9.727156
0.0,8,9.72739
0.0,10,9.727654
0.0,20,9.728133
0.0,4,9.72828
0.0,3,9.728405
0.0,11,9.728696
0.0,20,9.729185
0.0,33,9.729925
1.0,36,9.730733
0.0,7,9.730944
0.0,12,9.731267
0.0,5,9.731437
0.0,4,9.731582
0.0,7,9.731791
1.0,7,9.732
0.0,4,9.732151
0.0,14,9.732504
0.0,3,9.732623
0.0,11,9.732913
0.0,4,9.733061
0.0,14,9.733418
0.0,12,9.73373
0.0,11,9.734025
0.0,9,9.734277
0.0,13,9.734611
0.0,5,9.734774
0.0,3,9.734899
0.0,8,9.735141
0.0,3,9.735265
0.0,33,9.736016
0.0,2,9.736119
0.0,3,9.73624
0.0,1,9.736315
0.0,21,9.736824
0.0,17,9.737258
0.0,1,9.73734
0.0,7,9.737546
0.0,10,9.737817
1.0,12,9.738137
0.0,4,9.738279
0.0,2,9.738377
0.0,14,9.738734
0.0,4,9.738877
0.0,1,9.738952
0.0,1,9.739035
0.0,9,9.739289
0.0,6,9.73948
0.0,10,9.739752
0.0,2,9.739855
0.0,6,9.740056
0.0,2,9.740157
0.0,8,9.740428
1.0,10,9.740701
0.0,12,9.741026
0.0,4,9.741173
0.0,15,9.741534
0.0,8,9.74176
0.0,16,9.742164
1.0,15,9.742546
0.0,2,9.74265
0.0,11,9.742943
0.0,7,9.743163
0.0,2,9.743264
1.0,18,9.743702
0.0,9,9.74396
0.0,3,9.744099
0.0,5,9.744265
1.0,10,9.744536
0.0,7,9.744737
0.0,5,9.744905
0.0,7,9.745125
0.0,9,9.745381
0.0,1,9.745471
0.0,2,9.745578
0.0,5,9.745741
0.0,15,9.74613
0.0,5,9.746295
0.0,2,9.746394
0.0,4,9.746535
0.0,10,9.746807
0.0,8,9.747048
0.0,30,9.747745
0.0,17,9.748185
0.0,6,9.74838
0.0,1,9.748456
0.0,5,9.748619
0.0,1,9.748693
0.0,1,9.748768
0.0,1,9.748846
0.0,18,9.749295
0.0,19,9.749743
0.0,28,9.750393
0.0,12,9.750716
0.0,2,9.750815
0.0,5,9.750976
0.0,14,9.751338
0.0,31,9.752052
0.0,8,9.752282
0.0,4,9.752423
0.0,1,9.752502
0.0,6,9.752693
0.0,9,9.752943
0.0,7,9.753161
0.0,6,9.753358
0.0,8,9.753591
0.0,14,9.753936
0.0,10,9.75421
0.0,4,9.754353
0.0,6,9.75454
0.0,1,9.754616
0.0,14,9.754961
0.0,1,9.755062
0.0,5,9.755262
0.0,18,9.755724
0.0,3,9.755853
0.0,7,9.75609
0.0,6,9.756366
0.0,10,9.756634
0.0,12,9.756947
0.0,14,9.757309
0.0,6,9.757495
0.0,12,9.757799
0.0,2,9.757897
0.0,3,9.758029
0.0,3,9.75815
0.0,4,9.758296
0.0,3,9.758424
0.0,9,9.758678
0.0,8,9.758908
0.0,4,9.75906
0.0,18,9.759489
0.0,8,9.759718
0.0,12,9.760043
0.0,4,9.760189
0.0,1,9.760265
0.0,7,9.760471
0.0,4,9.760612
0.0,9,9.760861
0.0,7,9.761075
0.0,5,9.761245
0.0,4,9.761393
0.0,9,9.761648
0.0,3,9.761769
0.0,1,9.761848
0.0,17,9.76227
0.0,3,9.762393
0.0,6,9.762577
0.0,3,9.762697
0.0,6,9.762883
0.0,4,9.763037
0.0,13,9.76338
0.0,14,9.763731
0.0,10,9.764017
0.0,1,9.764095
0.0,4,9.764237
0.0,3,9.764362
0.0,9,9.764611
0.0,13,9.764944
0.0,1,9.765062
0.0,13,9.765447
0.0,5,9.765615
0.0,17,9.766057
0.0,5,9.766239
0.0,21,9.766752
0.0,4,9.766893
0.0,5,9.767066
0.0,11,9.767365
0.0,17,9.767776
0.0,14,9.76813
0.0,6,9.768317
0.0,12,9.768625
0.0,4,9.768764
0.0,2,9.768867
0.0,5,9.769042
0.0,4,9.769188
0.0,1,9.769264
0.0,8,9.76949
0.0,10,9.769763
1.0,12,9.770091
0.0,11,9.770386
0.0,1,9.770462
0.0,15,9.770839
0.0,16,9.771247
0.0,1,9.771324
1.0,16,9.77171
0.0,5,9.771876
0.0,7,9.772099
0.0,8,9.772327
0.0,25,9.772918
0.0,3,9.773053
0.0,8,9.77331
0.0,2,9.773445
0.0,3,9.773588
0.0,7,9.773792
1.0,23,9.774411
1.0,6,9.774596
0.0,11,9.774888
0.0,10,9.775175
0.0,3,9.775299
0.0,21,9.775791
0.0,18,9.776271
0.0,3,9.776424
0.0,5,9.776587
0.0,3,9.776711
0.0,2,9.77681
0.0,2,9.776913
0.0,3,9.777066
0.0,12,9.777404
0.0,16,9.777793
0.0,11,9.7781
0.0,8,9.778332
0.0,9,9.778584
0.0,3,9.778706
0.0,8,9.77893
0.0,5,9.779101
0.0,6,9.779294
0.0,4,9.779445
0.0,6,9.779628
0.0,1,9.779703
0.0,4,9.779844
0.0,1,9.779919
0.0,10,9.780205
0.0,8,9.78043
0.0,6,9.780612
0.0,6,9.780801
0.0,2,9.780901
0.0,6,9.781102
0.0,14,9.781457
0.0,3,9.781578
0.0,6,9.78177
0.0,19,9.782253
0.0,9,9.782501
0.0,3,9.782623
0.0,3,9.782742
0.0,3,9.782862
0.0,3,9.782982
0.0,6,9.783173
0.0,7,9.783376
1.0,9,9.783628
0.0,5,9.783793
0.0,5,9.783955
0.0,4,9.784107
0.0,25,9.784685
0.0,11,9.784976
0.0,7,9.785215
0.0,5,9.785398
0.0,6,9.785578
0.0,5,9.785738
0.0,6,9.78592
0.0,3,9.786048
0.0,5,9.786212
0.0,11,9.786504
0.0,6,9.786687
0.0,6,9.786871
0.0,10,9.787156
0.0,9,9.787407
0.0,10,9.787682
0.0,15,9.788065
0.0,4,9.788208
0.0,13,9.788534
0.0,18,9.788967
1.0,31,9.789714
0.0,11,9.790031
1.0,26,9.79067
0.0,4,9.790817
0.0,8,9.791049
0.0,9,9.791302
0.0,2,9.791405
0.0,5,9.791568
0.0,3,9.791696
0.0,10,9.79197
0.0,3,9.7921
0.0,6,9.79229
0.0,6,9.792479
1.0,9,9.792734
0.0,14,9.793102
0.0,22,9.793621
0.0,5,9.793788
0.0,4,9.793929
0.0,28,9.794582
0.0,5,9.794747
0.0,3,9.794867
0.0,10,9.795169
0.0,13,9.795509
1.0,19,9.79597
0.0,4,9.796129
0.0,9,9.796382
0.0,7,9.796592
0.0,1,9.796673
0.0,14,9.797047
0.0,4,9.797194
0.0,13,9.797536
0.0,1,9.797616
0.0,4,9.797767
0.0,17,9.798203
0.0,5,9.79837
0.0,10,9.798651
0.0,1,9.798728
0.0,6,9.798923
0.0,1,9.798999
0.0,1,9.799086
0.0,13,9.799432
0.0,2,9.799533
0.0,10,9.799817
0.0,14,9.800185
0.0,13,9.800526
0.0,1,9.800602
0.0,18,9.801058
0.0,15,9.801445
0.0,5,9.80161
0.0,3,9.801732
0.0,25,9.802344
0.0,6,9.802531
0.0,8,9.802767
0.0,5,9.802931
0.0,29,9.803639
0.0,3,9.803763
0.0,10,9.804046
0.0,11,9.804345
0.0,7,9.804553
0.0,2,9.804653
0.0,8,9.804881
0.0,22,9.805468
0.0,13,9.805804
0.0,5,9.805972
0.0,1,9.806085
0.0,8,9.806348
0.0,1,9.806425
0.0,3,9.806552
0.0,24,9.807133
0.0,1,9.807211
1.0,13,9.807547
0.0,17,9.80797
0.0,14,9.80834
0.0,3,9.808472
0.0,12,9.808792
1.0,25,9.80939
0.0,15,9.80977
0.0,7,9.809977
0.0,12,9.810298
0.0,4,9.810442
0.0,4,9.81059
0.0,10,9.810862
0.0,8,9.8111
0.0,10,9.811381
0.0,6,9.811574
0.0,4,9.811718
0.0,6,9.811904
0.0,13,9.812255
0.0,7,9.812475
0.0,4,9.812619
0.0,12,9.812932
0.0,25,9.813527
0.0,8,9.813764
0.0,4,9.813908
0.0,2,9.814017
0.0,9,9.814312
0.0,5,9.814482
0.0,3,9.814605
0.0,2,9.814705
0.0,6,9.814891
0.0,3,9.815042
0.0,15,9.815457
0.0,4,9.815601
0.0,2,9.815704
0.0,9,9.815965
0.0,7,9.816179
0.0,2,9.81628
0.0,1,9.816356
0.0,6,9.816548
0.0,2,9.816652
0.0,55,9.8179
0.0,12,9.818241
1.0,22,9.818777
0.0,24,9.819367
0.0,23,9.819913
0.0,6,9.820118
0.0,7,9.820336
0.0,30,9.82104
0.0,8,9.821274
0.0,9,9.821532
0.0,15,9.821922
0.0,1,9.82201
0.0,3,9.822137
0.0,6,9.822326
0.0,5,9.822497
0.0,10,9.822774
0.0,2,9.822875
0.0,5,9.823053
0.0,3,9.823183
0.0,3,9.823305
0.0,4,9.823454
0.0,8,9.823691
0.0,26,9.824312
0.0,5,9.824484
0.0,13,9.824823
0.0,17,9.825252
0.0,5,9.825424
0.0,13,9.825763
0.0,5,9.825929
0.0,1,9.826016
0.0,14,9.826382
0.0,5,9.826555
0.0,1,9.826631
0.0,6,9.826818
0.0,6,9.827011
0.0,9,9.827262
0.0,10,9.827551
0.0,3,9.827675
0.0,26,9.828292
0.0,16,9.828696
0.0,16,9.829105
0.0,19,9.829561
1.0,16,9.829961
0.0,2,9.830069
0.0,2,9.830171
0.0,2,9.830275
0.0,9,9.830536
0.0,4,9.830688
1.0,9,9.830939
0.0,4,9.831089
0.0,2,9.831198
0.0,1,9.831274
0.0,1,9.831353
0.0,3,9.831481
0.0,12,9.831803
0.0,19,9.832288
0.0,9,9.832543
0.0,1,9.832619
0.0,15,9.833011
0.0,1,9.833094
0.0,8,9.833329
0.0,14,9.833695
0.0,2,9.833799
0.0,16,9.834224
0.0,5,9.834391
0.0,2,9.834495
0.0,7,9.834703
0.0,8,9.834937
0.0,6,9.835142
1.0,7,9.835357
0.0,5,9.835529
0.0,5,9.835698
0.0,9,9.835949
0.0,4,9.836102
0.0,12,9.836473
0.0,3,9.83662
0.0,4,9.836779
0.0,5,9.836948
0.0,1,9.837056
0.0,20,9.837605
0.0,23,9.838169
0.0,13,9.838513
0.0,2,9.838614
0.0,3,9.83874
0.0,5,9.838912
0.0,1,9.838988
0.0,10,9.839273
0.0,8,9.839503
1.0,16,9.839907
0.0,12,9.840234
0.0,6,9.840424
1.0,17,9.840846
0.0,2,9.84095
0.0,4,9.841112
0.0,12,9.841432
0.0,2,9.841533
0.0,6,9.84172
0.0,3,9.841845
0.0,36,9.842695
0.0,3,9.842823
0.0,11,9.843136
0.0,2,9.843238
0.0,25,9.843825
0.0,5,9.843994
0.0,5,9.84417
0.0,3,9.844296
0.0,4,9.844439
0.0,4,9.844584
0.0,5,9.844748
0.0,7,9.844965
0.0,8,9.845206
0.0,11,9.845502
0.0,6,9.84569
0.0,4,9.845834
0.0,4,9.845985
0.0,2,9.846095
0.0,1,9.846172
0.0,11,9.84647
0.0,8,9.846704
0.0,4,9.846848
0.0,3,9.84697
0.0,17,9.847403
0.0,29,9.848088
1.0,37,9.848931
0.0,17,9.84936
0.0,12,9.849685
0.0,7,9.849896
0.0,5,9.850072
0.0,6,9.850269
0.0,7,9.850487
0.0,7,9.850695
0.0,8,9.850924
0.0,31,9.851654
0.0,6,9.85184
0.0,4,9.851989
0.0,3,9.852124
0.0,1,9.852201
0.0,10,9.852475
0.0,29,9.853187
0.0,3,9.853313
0.0,1,9.85339
0.0,4,9.85354
0.0,10,9.853811
0.0,7,9.854034
0.0,18,9.854476
0.0,6,9.854663
0.0,10,9.854948
1.0,33,9.855716
0.0,4,9.855862
1.0,11,9.856171
0.0,7,9.856455
0.0,24,9.857042
0.0,13,9.857389
0.0,4,9.857536
0.0,15,9.85791
0.0,14,9.85828
0.0,3,9.858404
0.0,23,9.858948
0.0,32,9.859705
0.0,8,9.859936
0.0,3,9.860072
0.0,3,9.860201
0.0,8,9.860434
0.0,24,9.860992
0.0,5,9.861165
0.0,5,9.86133
0.0,3,9.861457
0.0,5,9.861624
0.0,12,9.861946
0.0,13,9.862294
0.0,1,9.862371
0.0,20,9.862868
0.0,3,9.862992
0.0,8,9.863238
0.0,7,9.863447
0.0,3,9.863569
0.0,4,9.863713
0.0,5,9.863883
1.0,29,9.864568
0.0,5,9.864732
0.0,4,9.864882
0.0,1,9.864962
0.0,2,9.865073
0.0,2,9.865175
0.0,8,9.865407
0.0,6,9.865601
1.0,11,9.865898
0.0,5,9.866073
0.0,4,9.866219
0.0,2,9.866319
0.0,5,9.866483
0.0,22,9.867022
0.0,6,9.867216
0.0,13,9.867552
0.0,11,9.867847
0.0,6,9.868046
0.0,3,9.86817
0.0,4,9.868312
0.0,3,9.868433
0.0,3,9.868554
0.0,6,9.86874
0.0,21,9.869259
0.0,4,9.869405
0.0,12,9.869719
0.0,1,9.869794
0.0,22,9.870342
0.0,11,9.870646
0.0,2,9.870752
0.0,3,9.87088
0.0,7,9.87111
0.0,7,9.871327
0.0,43,9.872313
1.0,21,9.872821
0.0,2,9.872926
0.0,13,9.873276
0.0,5,9.873442
0.0,3,9.873565
0.0,5,9.873732
0.0,12,9.874062
0.0,10,9.874335
0.0,17,9.874759
0.0,19,9.875246
0.0,8,9.875477
0.0,12,9.875796
0.0,3,9.875923
0.0,3,9.876054
0.0,21,9.876568
0.0,4,9.876714
0.0,5,9.876884
0.0,1,9.876961
0.0,7,9.877179
0.0,1,9.877257
0.0,8,9.877487
0.0,24,9.878073
1.0,7,9.878289
0.0,8,9.878517
0.0,1,9.878596
0.0,4,9.878742
0.0,18,9.879195
1.0,24,9.879768
0.0,28,9.88044
0.0,4,9.880586
0.0,1,9.880665
0.0,10,9.880945
0.0,12,9.881269
0.0,28,9.881938
0.0,5,9.882111
0.0,3,9.882234
0.0,7,9.882442
0.0,2,9.882541
0.0,3,9.882662
0.0,2,9.882762
0.0,30,9.883477
0.0,8,9.883705
0.0,14,9.884079
0.0,2,9.884184
0.0,12,9.884503
0.0,6,9.884696
0.0,14,9.88507
0.0,17,9.8855
0.0,2,9.885601
0.0,18,9.88606
0.0,5,9.886236
0.0,10,9.886514
0.0,19,9.886991
0.0,9,9.887259
0.0,9,9.88751
0.0,11,9.887804
0.0,14,9.888175
0.0,5,9.88835
0.0,3,9.888473
0.0,5,9.888638
0.0,3,9.888765
0.0,12,9.889108
0.0,4,9.889255
0.0,26,9.889868
0.0,2,9.889974
0.0,4,9.890131
0.0,4,9.890287
0.0,9,9.890541
0.0,21,9.891066
0.0,15,9.891448
1.0,8,9.891683
0.0,9,9.891935
0.0,11,9.892241
0.0,3,9.892366
0.0,3,9.892488
0.0,6,9.89268
0.0,6,9.892868
0.0,23,9.893425
0.0,12,9.893741
0.0,14,9.89411
0.0,24,9.894692
0.0,9,9.89495
0.0,5,9.895131
0.0,42,9.896088
0.0,18,9.896523
0.0,7,9.896729
0.0,3,9.89685
0.0,21,9.89737
0.0,8,9.897601
0.0,6,9.897792
0.0,7,9.898014
0.0,5,9.898184
0.0,8,9.898418
0.0,17,9.898838
0.0,8,9.899077
0.0,7,9.899292
0.0,11,9.899582
0.0,10,9.899849
0.0,9,9.900113
0.0,7,9.900326
0.0,43,9.901305
0.0,2,9.901407
0.0,21,9.901919
0.0,3,9.902052
0.0,8,9.902281
0.0,12,9.902601
0.0,1,9.902677
0.0,15,9.903056
0.0,4,9.9032
0.0,1,9.90328
0.0,9,9.903538
0.0,9,9.903799
0.0,2,9.9039
0.0,4,9.904056
0.0,3,9.904181
0.0,5,9.904345
0.0,2,9.904444
0.0,28,9.905118
0.0,13,9.905461
0.0,2,9.90556
0.0,13,9.905907
0.0,1,9.905984
0.0,5,9.906177
0.0,7,9.906404
0.0,7,9.906611
0.0,8,9.906846
0.0,3,9.906974
0.0,4,9.907127
0.0,2,9.907228
0.0,6,9.907414
0.0,13,9.907764
0.0,3,9.907887
0.0,5,9.908066
0.0,5,9.908239
0.0,8,9.908479
0.0,22,9.909013
0.0,4,9.909159
0.0,3,9.909281
1.0,30,9.909976
0.0,5,9.910149
0.0,17,9.910582
0.0,7,9.910793
0.0,49,9.911911
0.0,8,9.912155
0.0,4,9.912305
0.0,6,9.91249
0.0,7,9.912696
0.0,9,9.912951
0.0,18,9.913405
0.0,14,9.913756
0.0,6,9.913945
0.0,4,9.914102
0.0,6,9.914289
0.0,1,9.914365
0.0,8,9.914593
0.0,4,9.914735
0.0,55,9.915954
0.0,6,9.916157
0.0,2,9.916263
0.0,31,9.916983
1.0,9,9.917251
0.0,4,9.9174
0.0,3,9.917523
0.0,8,9.917767
0.0,6,9.917955
0.0,13,9.918304
0.0,8,9.918541
0.0,1,9.918618
0.0,7,9.918838
1.0,14,9.919209
0.0,6,9.919401
1.0,8,9.919637
0.0,16,9.920046
0.0,9,9.920303
0.0,9,9.920564
0.0,16,9.920962
0.0,7,9.921185
0.0,41,9.922132
0.0,10,9.922409
0.0,9,9.922665
0.0,2,9.92277
0.0,11,9.92308
0.0,11,9.923377
0.0,14,9.923739
0.0,2,9.92384
0.0,5,9.924011
1.0,19,9.924479
0.0,8,9.924709
0.0,14,9.925081
0.0,18,9.925531
0.0,1,9.925611
0.0,12,9.925925
0.0,20,9.926417
0.0,3,9.92654
0.0,6,9.926727
0.0,23,9.927289
0.0,3,9.927417
0.0,28,9.928082
0.0,2,9.928183
1.0,26,9.928803
0.0,10,9.929092
0.0,18,9.929537
0.0,6,9.929723
0.0,38,9.930585
0.0,6,9.930773
0.0,5,9.930939
0.0,3,9.931071
0.0,2,9.931173
0.0,3,9.931295
0.0,7,9.931507
0.0,10,9.931793
1.0,9,9.932064
0.0,5,9.932236
0.0,1,9.932317
0.0,2,9.932422
0.0,9,9.932675
0.0,24,9.933255
0.0,68,9.934761
0.0,7,9.934981
0.0,7,9.935205
0.0,34,9.935986
0.0,9,9.936247
0.0,5,9.936417
0.0,24,9.936993
0.0,24,9.937586
0.0,24,9.938165
0.0,1,9.938243
0.0,2,9.938348
0.0,2,9.938449
0.0,1,9.938529
0.0,17,9.938965
0.0,7,9.939192
0.0,3,9.93932
0.0,2,9.939427
0.0,5,9.939593
0.0,5,9.939757
1.0,34,9.940547
1.0,7,9.940755
0.0,9,9.941001
0.0,26,9.941608
0.0,4,9.94181
0.0,17,9.942309
0.0,5,9.94249
0.0,15,9.942867
0.0,11,9.943168
0.0,11,9.943464
0.0,3,9.943596
0.0,11,9.943887
0.0,5,9.944062
0.0,10,9.944339
0.0,13,9.944687
0.0,10,9.944968
0.0,8,9.945215
0.0,7,9.945427
0.0,3,9.945554
0.0,4,9.945698
0.0,2,9.945802
0.0,1,9.945878
0.0,4,9.946036
0.0,15,9.946411
1.0,7,9.946625
0.0,1,9.946703
0.0,1,9.946783
0.0,18,9.947246
0.0,2,9.947348
1.0,10,9.947624
0.0,18,9.948088
0.0,2,9.94819
0.0,2,9.948294
0.0,7,9.948504
0.0,5,9.948673
0.0,1,9.948749
0.0,14,9.949114
0.0,15,9.949488
0.0,10,9.949759
0.0,10,9.95005
0.0,7,9.95026
0.0,4,9.95041
0.0,1,9.950486
0.0,13,9.950823
0.0,2,9.950923
0.0,2,9.951033
0.0,6,9.951222
0.0,6,9.951415
1.0,19,9.951886
0.0,9,9.952143
1.0,22,9.952678
1.0,10,9.952956
0.0,6,9.953149
0.0,8,9.953378
0.0,8,9.953612
0.0,29,9.954307
0.0,1,9.954386
0.0,14,9.954745
0.0,4,9.954894
0.0,13,9.955247
1.0,12,9.955569
0.0,1,9.955645
0.0,4,9.95579
0.0,21,9.956309
0.0,7,9.956527
0.0,15,9.95691
0.0,13,9.957316
0.0,9,9.957567
0.0,1,9.957643
0.0,3,9.957765
0.0,2,9.957871
0.0,11,9.958179
0.0,1,9.958261
0.0,39,9.959155
0.0,3,9.959279
0.0,6,9.959466
0.0,12,9.959781
0.0,3,9.959908
0.0,11,9.960221
1.0,14,9.960581
0.0,9,9.960832
1.0,22,9.961378
0.0,3,9.961505
0.0,8,9.961738
0.0,7,9.961945
1.0,20,9.962438
0.0,23,9.962982
0.0,2,9.963093
0.0,7,9.963302
0.0,1,9.963377
0.0,5,9.963547
0.0,10,9.963816
0.0,23,9.964385
0.0,5,9.964557
0.0,6,9.964743
0.0,3,9.964864
0.0,3,9.964991
0.0,3,9.965148
0.0,4,9.965315
0.0,5,9.965544
0.0,4,9.965692
0.0,18,9.966151
0.0,8,9.966382
0.0,33,9.967149
0.0,13,9.967489
0.0,14,9.967856
0.0,9,9.968121
0.0,17,9.968545
0.0,4,9.968693
0.0,3,9.968815
0.0,4,9.968959
0.0,3,9.96909
0.0,4,9.969236
0.0,4,9.96938
0.0,3,9.969508
0.0,1,9.969583
0.0,9,9.969836
0.0,3,9.969964
0.0,3,9.970096
0.0,3,9.97022
0.0,3,9.970342
0.0,6,9.970539
0.0,4,9.97069
0.0,9,9.970951
0.0,8,9.971192
0.0,7,9.971402
0.0,1,9.971478
0.0,11,9.971766
0.0,11,9.972068
0.0,3,9.972197
0.0,1,9.972273
0.0,6,9.97246
0.0,1,9.97254
0.0,7,9.972751
0.0,7,9.972965
0.0,9,9.973233
0.0,6,9.97342
0.0,8,9.973646
0.0,10,9.97392
0.0,7,9.974135
0.0,17,9.974556
0.0,1,9.974635
0.0,7,9.974851
0.0,10,9.975153
0.0,8,9.975385
0.0,2,9.975489
0.0,39,9.976399
0.0,1,9.976478
0.0,4,9.976629
0.0,3,9.976752
0.0,13,9.977094
0.0,5,9.977265
0.0,1,9.977341
0.0,9,9.977601
0.0,2,9.977708
0.0,33,9.978534
0.0,13,9.978866
0.0,11,9.979174
0.0,4,9.97932
0.0,3,9.979442
0.0,4,9.979596
0.0,5,9.979762
0.0,10,9.98005
0.0,1,9.980133
0.0,2,9.980234
0.0,7,9.980442
0.0,2,9.980546
0.0,10,9.980819
0.0,12,9.981152
0.0,2,9.981255
0.0,9,9.981514
0.0,4,9.981659
0.0,2,9.981765
0.0,6,9.981952
0.0,3,9.982089
0.0,1,9.982167
0.0,1,9.982243
0.0,2,9.982343
0.0,4,9.982493
1.0,13,9.982836
0.0,9,9.983094
0.0,7,9.983302
0.0,3,9.983424
0.0,9,9.983672
0.0,5,9.983835
0.0,14,9.984208
0.0,4,9.984354
0.0,8,9.98459
0.0,1,9.984666
0.0,9,9.984932
0.0,15,9.985328
0.0,2,9.985431
0.0,6,9.985617
0.0,1,9.985693
0.0,5,9.985859
0.0,10,9.986144
0.0,15,9.98653
0.0,15,9.986916
0.0,7,9.98714
0.0,25,9.987748
1.0,7,9.987958
0.0,2,9.988072
0.0,2,9.988179
0.0,16,9.988582
0.0,9,9.988839
0.0,4,9.988992
0.0,1,9.989077
0.0,8,9.989306
0.0,7,9.989523
0.0,1,9.989599
1.0,6,9.989785
0.0,12,9.990109
0.0,1,9.990187
0.0,2,9.990288
0.0,9,9.99055
0.0,21,9.991073
0.0,14,9.991434
0.0,10,9.991709
0.0,6,9.991897
0.0,17,9.992339
0.0,3,9.992463
0.0,8,9.992691
0.0,1,9.992771
0.0,3,9.992895
0.0,14,9.993273
0.0,17,9.993697
0.0,3,9.993822
0.0,3,9.993952
0.0,2,9.994063
0.0,2,9.994165
0.0,11,9.994463
0.0,45,9.995496
0.0,12,9.995816
0.0,21,9.996333
0.0,9,9.99659
0.0,35,9.997404
0.0,25,9.998013
0.0,15,9.998385
0.0,5,9.998557
0.0,2,9.998657
0.0,9,9.998913
0.0,12,9.999243
0.0,11,9.999543
0.0,9,9.999797
0.0,4,9.999942
0.0,4,10.000101
0.0,34,10.000901
0.0,1,10.000978
0.0,2,10.001091
0.0,6,10.001286
0.0,4,10.001436
0.0,7,10.001643
0.0,8,10.001871
0.0,9,10.002159
0.0,4,10.002328
0.0,10,10.002608
0.0,1,10.002689
0.0,14,10.003061
0.0,5,10.00323
0.0,3,10.003356
0.0,10,10.003631
0.0,8,10.00387
0.0,7,10.004099
0.0,2,10.004202
1.0,27,10.004852
0.0,4,10.004996
0.0,2,10.005108
0.0,8,10.005343
0.0,12,10.005669
0.0,1,10.005765
0.0,6,10.005974
0.0,5,10.006165
0.0,50,10.007324
0.0,2,10.007427
0.0,6,10.007618
0.0,4,10.007761
0.0,4,10.007905
0.0,10,10.008197
0.0,4,10.008343
0.0,10,10.008619
0.0,3,10.008745
0.0,6,10.008936
0.0,3,10.009072
0.0,19,10.009534
0.0,9,10.009789
0.0,13,10.010139
0.0,5,10.010306
0.0,9,10.010559
0.0,23,10.011122
0.0,3,10.011248
0.0,14,10.011614
0.0,1,10.011694
0.0,5,10.011869
0.0,2,10.011975
0.0,1,10.01206
0.0,2,10.012168
1.0,15,10.012544
0.0,2,10.012643
0.0,10,10.012915
0.0,7,10.013137
0.0,7,10.013356
0.0,4,10.013504
0.0,2,10.013604
0.0,32,10.014396
0.0,4,10.014575
0.0,3,10.014705
0.0,1,10.014781
0.0,3,10.014904
0.0,1,10.014983
0.0,1,10.015071
0.0,3,10.015204
0.0,7,10.015421
0.0,1,10.015501
0.0,2,10.015602
1.0,17,10.016038
1.0,22,10.016559
1.0,19,10.017033
0.0,2,10.017134
0.0,4,10.017284
0.0,8,10.017513
0.0,8,10.017741
0.0,6,10.017931
0.0,12,10.018263
0.0,4,10.018409
0.0,12,10.018734
0.0,6,10.01892
0.0,7,10.019142
0.0,11,10.019433
0.0,4,10.019577
0.0,5,10.01974
0.0,7,10.019952
0.0,1,10.020038
0.0,34,10.020833
0.0,5,10.021013
0.0,25,10.021617
0.0,6,10.021802
1.0,13,10.022154
0.0,11,10.022445
0.0,4,10.022587
0.0,10,10.022861
0.0,4,10.023014
0.0,12,10.023348
0.0,1,10.023425
0.0,23,10.023978
0.0,18,10.024433
0.0,8,10.024663
0.0,17,10.025097
0.0,1,10.025175
1.0,12,10.025499
0.0,3,10.025621
0.0,8,10.025849
0.0,1,10.025926
0.0,13,10.026282
0.0,5,10.026449
1.0,28,10.027118
0.0,7,10.027326
0.0,5,10.0275
0.0,3,10.027628
1.0,36,10.028476
1.0,10,10.028755
0.0,3,10.028877
0.0,36,10.029721
0.0,3,10.029855
0.0,13,10.030211
0.0,1,10.030289
0.0,13,10.03063
0.0,3,10.030771
0.0,3,10.030901
0.0,2,10.031054
0.0,9,10.031347
0.0,10,10.031627
0.0,5,10.031802
0.0,3,10.031925
1.0,11,10.032235
0.0,13,10.032577
0.0,20,10.033069
1.0,13,10.033404
0.0,10,10.033679
0.0,5,10.033844
0.0,8,10.034087
0.0,8,10.034325
0.0,10,10.034598
0.0,5,10.034764
0.0,5,10.034935
0.0,5,10.035115
0.0,10,10.035397
0.0,49,10.03649
1.0,23,10.037053
0.0,9,10.037304
0.0,2,10.037405
0.0,23,10.037958
0.0,8,10.038205
0.0,7,10.038427
0.0,1,10.038504
0.0,3,10.038627
0.0,6,10.038812
0.0,14,10.039183
0.0,8,10.039447
0.0,2,10.039552
0.0,21,10.040088
0.0,1,10.040171
0.0,12,10.040505
0.0,1,10.04058
0.0,9,10.040829
0.0,4,10.040972
0.0,5,10.041145
0.0,20,10.041631
0.0,10,10.041907
0.0,8,10.042154
0.0,4,10.042301
0.0,6,10.042493
0.0,2,10.042598
0.0,1,10.042676
0.0,2,10.042782
0.0,2,10.042883
0.0,11,10.043185
0.0,4,10.043334
0.0,25,10.043924
0.0,9,10.044187
0.0,12,10.044513
0.0,10,10.044786
1.0,20,10.045294
0.0,18,10.045741
0.0,5,10.045912
0.0,1,10.045989
0.0,11,10.0463
0.0,2,10.046402
0.0,2,10.046503
0.0,20,10.047013
0.0,7,10.047228
0.0,6,10.047417
1.0,28,10.048087
0.0,9,10.048343
0.0,6,10.048538
0.0,1,10.048618
0.0,4,10.048763
0.0,20,10.049255
0.0,5,10.049421
0.0,1,10.0495
0.0,6,10.049693
0.0,8,10.049928
0.0,4,10.050082
0.0,3,10.050209
0.0,4,10.050353
0.0,11,10.05066
0.0,1,10.050737
0.0,9,10.050989
0.0,1,10.051078
0.0,14,10.051451
0.0,3,10.051579
0.0,20,10.052078
0.0,5,10.052242
1.0,27,10.052864
0.0,22,10.053398
1.0,18,10.053845
0.0,12,10.054174
0.0,6,10.054368
0.0,4,10.054519
0.0,7,10.054725
0.0,8,10.054951
0.0,5,10.055123
0.0,11,10.055426
0.0,18,10.055864
0.0,3,10.055985
0.0,8,10.056225
0.0,6,10.056414
0.0,3,10.056537
0.0,7,10.056754
0.0,18,10.057219
0.0,1,10.057297
0.0,8,10.057535
0.0,4,10.057678
0.0,2,10.057781
0.0,3,10.057909
0.0,6,10.058111
0.0,5,10.058283
0.0,2,10.058384
0.0,24,10.058959
1.0,26,10.059583
0.0,25,10.060198
1.0,18,10.060645
0.0,17,10.061079
0.0,11,10.061377
0.0,2,10.061477
1.0,18,10.061926
0.0,9,10.062191
0.0,14,10.062572
0.0,1,10.062649
0.0,2,10.062751
0.0,9,10.063058
1.0,42,10.064044
0.0,1,10.064127
0.0,15,10.064515
0.0,3,10.064642
0.0,5,10.064815
0.0,19,10.065299
0.0,2,10.065401
0.0,12,10.065783
0.0,12,10.066127
0.0,17,10.066568
0.0,29,10.06725
0.0,6,10.067448
0.0,21,10.067964
0.0,2,10.068082
0.0,6,10.068275
0.0,7,10.068491
0.0,8,10.068727
0.0,5,10.068893
0.0,4,10.069048
0.0,24,10.069632
0.0,2,10.06974
0.0,12,10.070083
1.0,28,10.070737
0.0,13,10.071091
1.0,16,10.071491
0.0,11,10.071791
0.0,1,10.071872
0.0,6,10.072077
0.0,4,10.072226
0.0,8,10.072458
0.0,13,10.072799
0.0,1,10.072876
0.0,29,10.073614
0.0,3,10.073739
0.0,14,10.074104
0.0,22,10.074656
0.0,23,10.075228
0.0,7,10.075446
0.0,18,10.075901
0.0,3,10.076032
0.0,13,10.076375
1.0,8,10.076603
0.0,1,10.076678
1.0,18,10.07715
0.0,3,10.077273
1.0,11,10.077576
0.0,1,10.077652
0.0,5,10.077826
0.0,15,10.078246
0.0,8,10.078502
1.0,16,10.078897
0.0,22,10.079436
0.0,5,10.079607
0.0,6,10.079795
0.0,9,10.080057
0.0,3,10.080181
0.0,4,10.080324
0.0,1,10.080405
1.0,14,10.080761
0.0,2,10.080866
0.0,57,10.082129
0.0,7,10.082346
0.0,2,10.082452
0.0,32,10.083213
1.0,10,10.083491
0.0,9,10.08375
0.0,27,10.084399
0.0,3,10.084528
0.0,6,10.084716
0.0,26,10.085345
0.0,27,10.085984
0.0,9,10.086255
0.0,8,10.086495
0.0,23,10.087063
0.0,11,10.087366
0.0,3,10.087489
0.0,3,10.087616
0.0,4,10.087761
0.0,23,10.088324
0.0,12,10.088651
1.0,18,10.089107
0.0,4,10.089252
0.0,26,10.089862
0.0,42,10.090816
0.0,12,10.091147
0.0,23,10.091699
0.0,3,10.091825
0.0,11,10.092134
1.0,12,10.092451
0.0,6,10.092638
0.0,12,10.092957
0.0,8,10.093195
0.0,1,10.093278
0.0,8,10.093518
0.0,7,10.093727
0.0,5,10.093893
0.0,1,10.093971
0.0,8,10.09421
1.0,23,10.09476
0.0,5,10.094927
0.0,1,10.095016
0.0,7,10.095235
0.0,3,10.095363
0.0,9,10.09562
0.0,12,10.095936
0.0,8,10.096179
0.0,1,10.096257
0.0,7,10.096479
0.0,2,10.09658
0.0,11,10.09689
0.0,8,10.097131
0.0,6,10.097328
0.0,1,10.097408
0.0,9,10.097661
0.0,8,10.097897
0.0,23,10.098476
0.0,24,10.099056
1.0,10,10.099327
0.0,14,10.099683
0.0,2,10.099788
0.0,7,10.100012
0.0,8,10.100251
0.0,5,10.100419
1.0,11,10.100727
0.0,5,10.100897
0.0,3,10.101034
0.0,12,10.101363
0.0,9,10.101621
0.0,5,10.10179
0.0,14,10.102163
0.0,12,10.102484
1.0,15,10.102863
0.0,16,10.103274
0.0,3,10.103404
0.0,1,10.103484
0.0,10,10.103762
0.0,17,10.104192
0.0,8,10.104428
0.0,2,10.104529
0.0,6,10.10472
0.0,2,10.104821
0.0,10,10.105103
0.0,10,10.105386
0.0,24,10.105961
0.0,5,10.10614
0.0,12,10.106467
0.0,4,10.106612
0.0,4,10.106758
0.0,4,10.106901
0.0,3,10.107038
0.0,8,10.107272
0.0,15,10.107657
0.0,23,10.108217
0.0,2,10.10832
0.0,18,10.108761
0.0,1,10.108841
0.0,6,10.109039
0.0,22,10.109573
0.0,6,10.109761
0.0,12,10.110095
0.0,5,10.110266
0.0,8,10.110494
0.0,21,10.111018
0.0,10,10.111299
0.0,11,10.111599
0.0,2,10.1117
1.0,11,10.111997
0.0,11,10.112304
0.0,3,10.11243
0.0,11,10.112725
0.0,8,10.112957
0.0,5,10.113144
0.0,2,10.113247
0.0,5,10.113418
0.0,5,10.113586
0.0,10,10.113865
0.0,12,10.114188
0.0,14,10.114547
0.0,4,10.114691
0.0,9,10.114943
0.0,6,10.115136
0.0,5,10.115306
0.0,2,10.115407
0.0,4,10.115551
0.0,2,10.115652
1.0,7,10.115878
0.0,5,10.116055
0.0,4,10.116208
0.0,10,10.116492
0.0,14,10.116849
0.0,5,10.117026
0.0,2,10.117133
1.0,15,10.11751
0.0,17,10.117942
0.0,11,10.118248
1.0,18,10.118703
0.0,16,10.119113
0.0,12,10.119431
0.0,6,10.119626
0.0,15,10.120018
0.0,9,10.120269
0.0,3,10.120391
0.0,17,10.12082
0.0,19,10.121298
0.0,1,10.12138
0.0,5,10.121548
0.0,7,10.121762
0.0,2,10.121862
0.0,11,10.122174
0.0,7,10.12239
0.0,3,10.122514
0.0,7,10.12273
0.0,1,10.122806
0.0,5,10.122972
0.0,3,10.123103
0.0,2,10.123204
0.0,4,10.123355
0.0,25,10.12395
0.0,6,10.124177
0.0,4,10.124344
0.0,6,10.12453
0.0,9,10.12479
1.0,24,10.125373
0.0,5,10.12554
0.0,15,10.125925
0.0,6,10.126121
0.0,9,10.126373
0.0,3,10.126495
0.0,7,10.126709
0.0,11,10.127027
0.0,7,10.127243
0.0,1,10.12732
0.0,4,10.127464
0.0,7,10.12768
0.0,12,10.127998
0.0,8,10.128249
0.0,7,10.128456
0.0,5,10.128621
0.0,3,10.128743
0.0,5,10.128908
0.0,6,10.129128
0.0,1,10.12921
0.0,5,10.1294
0.0,12,10.129717
0.0,8,10.129952
0.0,8,10.130219
0.0,12,10.130565
0.0,3,10.130697
1.0,15,10.131089
0.0,9,10.131339
0.0,4,10.131483
0.0,7,10.131696
0.0,2,10.131797
0.0,1,10.131873
0.0,11,10.132183
1.0,24,10.132752
0.0,2,10.132856
0.0,9,10.133127
0.0,8,10.133369
0.0,4,10.13352
0.0,6,10.133715
0.0,8,10.133949
0.0,12,10.13428
0.0,1,10.134358
0.0,7,10.134567
0.0,6,10.134754
0.0,3,10.134876
0.0,3,10.134998
0.0,3,10.135129
0.0,2,10.135228
0.0,2,10.135328
0.0,7,10.135544
0.0,3,10.135668
0.0,4,10.135816
1.0,11,10.136119
0.0,6,10.136315
0.0,2,10.136415
1.0,10,10.136693
0.0,17,10.137143
0.0,9,10.137402
0.0,4,10.137545
0.0,6,10.137737
0.0,7,10.137945
0.0,9,10.138204
0.0,5,10.13837
0.0,20,10.138859
0.0,3,10.138981
1.0,8,10.139218
0.0,4,10.139367
0.0,11,10.139665
0.0,21,10.140186
0.0,9,10.140436
1.0,20,10.140919
0.0,22,10.141451
1.0,9,10.141706
0.0,4,10.141849
0.0,22,10.142383
0.0,6,10.14257
0.0,14,10.142927
0.0,3,10.143065
0.0,6,10.143253
0.0,21,10.143767
0.0,23,10.14432
0.0,12,10.144639
0.0,8,10.144866
0.0,3,10.144987
0.0,29,10.14568
0.0,12,10.145995
0.0,6,10.146198
0.0,6,10.146388
0.0,6,10.146576
0.0,1,10.146651
0.0,12,10.14697
0.0,3,10.147125
0.0,7,10.147367
0.0,1,10.147445
0.0,2,10.147546
0.0,5,10.147726
0.0,13,10.148098
0.0,13,10.148465
0.0,14,10.148827
0.0,17,10.149265
1.0,13,10.149607
0.0,9,10.149856
0.0,10,10.150148
0.0,1,10.150226
0.0,9,10.15049
0.0,2,10.150591
0.0,2,10.150691
0.0,10,10.150968
0.0,1,10.151055
0.0,5,10.151234
0.0,32,10.151972
0.0,18,10.152425
0.0,2,10.152527
0.0,5,10.152693
0.0,2,10.152793
0.0,1,10.152874
0.0,9,10.153136
0.0,2,10.153237
0.0,12,10.153563
0.0,2,10.153668
0.0,25,10.154272
0.0,13,10.154613
0.0,1,10.15469
0.0,2,10.15479
0.0,3,10.154914
0.0,23,10.155475
0.0,3,10.155598
0.0,4,10.155741
0.0,7,10.155954
0.0,11,10.156254
0.0,7,10.156466
0.0,5,10.156636
0.0,2,10.156737
0.0,5,10.1569
0.0,2,10.157026
0.0,19,10.157549
0.0,12,10.157856
0.0,1,10.157936
0.0,9,10.158226
0.0,3,10.158369
0.0,49,10.159479
0.0,4,10.159626
0.0,6,10.159815
0.0,1,10.159891
0.0,8,10.160133
0.0,7,10.160343
0.0,7,10.160559
0.0,5,10.160729
0.0,7,10.16094
0.0,9,10.161201
0.0,7,10.161419
0.0,17,10.161845
1.0,23,10.162405
0.0,1,10.162482
0.0,2,10.162583
0.0,13,10.162925
0.0,3,10.163061
0.0,10,10.163337
0.0,36,10.16417
0.0,19,10.164632
0.0,4,10.164776
0.0,8,10.165016
1.0,52,10.166188
0.0,11,10.16648
0.0,2,10.166582
1.0,20,10.167084
0.0,4,10.167229
0.0,1,10.167305
0.0,5,10.167472
0.0,3,10.167593
0.0,8,10.167829
0.0,8,10.168085
0.0,2,10.168188
0.0,9,10.168447
0.0,4,10.168591
1.0,12,10.168905
0.0,9,10.169286
0.0,8,10.169926
0.0,12,10.170709
0.0,3,10.170986
0.0,9,10.171557
0.0,2,10.171778
0.0,16,10.172668
0.0,13,10.173429
0.0,6,10.173829
0.0,8,10.174336
0.0,18,10.175297
0.0,5,10.175645
0.0,6,10.176072
0.0,1,10.176232
0.0,4,10.176547
0.0,4,10.176858
0.0,26,10.1782
0.0,24,10.179443
0.0,7,10.179888
0.0,7,10.180362
0.0,9,10.180864
0.0,4,10.181155
0.0,5,10.181488
0.0,8,10.18194
0.0,21,10.18298
0.0,5,10.183317
0.0,1,10.183472
0.0,3,10.183722
0.0,14,10.184437
0.0,18,10.185339
0.0,1,10.185496
0.0,4,10.185791
0.0,17,10.186661
0.0,8,10.187132
0.0,16,10.187931
0.0,10,10.188497
0.0,8,10.188953
0.0,5,10.189284
0.0,2,10.189492
0.0,17,10.190357
0.0,1,10.190499
0.0,8,10.190926
0.0,3,10.191162
0.0,2,10.191344
0.0,9,10.191812
0.0,3,10.192054
0.0,5,10.192361
0.0,31,10.193706
1.0,31,10.195052
0.0,14,10.195716
0.0,7,10.196125
0.0,8,10.196544
0.0,15,10.197271
0.0,5,10.197576
0.0,12,10.198174
1.0,17,10.19897
0.0,2,10.199171
0.0,2,10.199361
0.0,14,10.200044
0.0,3,10.200289
0.0,5,10.200581
0.0,14,10.201211
0.0,11,10.201719
0.0,5,10.20202
0.0,12,10.202579
0.0,1,10.202714
0.0,9,10.203174
0.0,16,10.203879
0.0,3,10.204098
0.0,1,10.204226
0.0,3,10.204445
0.0,8,10.204839
0.0,5,10.205147
0.0,4,10.205409
0.0,1,10.205543
0.0,4,10.20579
0.0,3,10.205997
0.0,5,10.206295
0.0,5,10.206585
0.0,8,10.206981
0.0,12,10.207538
0.0,3,10.207747
0.0,3,10.207955
0.0,21,10.208867
0.0,15,10.209536
0.0,6,10.209869
0.0,7,10.210261
0.0,6,10.21059
0.0,12,10.211116
0.0,5,10.211383
0.0,4,10.211614
0.0,8,10.211981
0.0,4,10.212224
0.0,2,10.212385
0.0,18,10.213127
0.0,25,10.214103
0.0,9,10.214506
0.0,23,10.215397
0.0,13,10.215955
0.0,2,10.216133
0.0,1,10.216263
0.0,4,10.216504
0.0,22,10.217389
0.0,2,10.217566
0.0,20,10.218406
0.0,3,10.218609
0.0,12,10.219151
0.0,6,10.219466
0.0,4,10.2197
0.0,21,10.220569
0.0,5,10.22083
0.0,5,10.221104
0.0,2,10.221267
0.0,2,10.221427
0.0,7,10.221755
1.0,16,10.222394
0.0,15,10.222999
0.0,17,10.223669
0.0,3,10.223857
0.0,16,10.224498
0.0,7,10.224819
0.0,1,10.224935
0.0,2,10.225105
0.0,14,10.225657
0.0,9,10.226065
1.0,13,10.226581
0.0,3,10.226774
0.0,13,10.227306
0.0,2,10.227467
0.0,12,10.227963
0.0,2,10.228126
1.0,26,10.229095
0.0,5,10.229363
0.0,6,10.229652
0.0,17,10.230342
0.0,16,10.230952
0.0,48,10.232569
0.0,16,10.233164
0.0,6,10.233438
0.0,3,10.233623
0.0,20,10.234352
0.0,23,10.235179
0.0,5,10.235431
0.0,5,10.235682
0.0,21,10.236431
0.0,8,10.236765
0.0,6,10.237047
0.0,1,10.237165
0.0,16,10.237759
0.0,4,10.237968
0.0,7,10.238295
0.0,6,10.238579
0.0,6,10.238858
0.0,3,10.239047
0.0,1,10.239158
0.0,2,10.239303
0.0,6,10.239574
0.0,4,10.239789
0.0,3,10.239968
0.0,16,10.240572
0.0,3,10.240759
0.0,4,10.240969
0.0,6,10.241256
0.0,3,10.241445
0.0,7,10.241759
0.0,2,10.241912
1.0,11,10.242371
0.0,4,10.242582
0.0,4,10.24279
0.0,7,10.243119
0.0,9,10.243502
0.0,7,10.243815
0.0,2,10.24396
0.0,6,10.244243
0.0,7,10.244549
0.0,5,10.244796
0.0,1,10.244912
0.0,5,10.245169
0.0,1,10.24528
0.0,2,10.245433
0.0,23,10.24627
0.0,22,10.24706
0.0,4,10.247278
0.0,4,10.24749
0.0,4,10.247708
0.0,2,10.247854
0.0,12,10.248326
0.0,12,10.248798
0.0,5,10.249051
0.0,8,10.249395
0.0,2,10.249548
0.0,4,10.249764
0.0,31,10.250843
0.0,8,10.251182
0.0,5,10.251421
0.0,1,10.25153
0.0,22,10.252284
0.0,8,10.252606
0.0,10,10.253013
0.0,31,10.254042
1.0,12,10.254479
0.0,14,10.254977
0.0,14,10.255497
0.0,8,10.255832
0.0,15,10.25638
1.0,9,10.256746
1.0,37,10.25795
0.0,3,10.258139
0.0,9,10.258496
0.0,5,10.258727
0.0,12,10.259173
0.0,12,10.259625
0.0,4,10.259825
0.0,11,10.260256
0.0,64,10.26218
0.0,5,10.262405
0.0,1,10.262506
0.0,2,10.262645
0.0,31,10.263628
0.0,10,10.26401
0.0,11,10.264417
0.0,14,10.264891
0.0,16,10.26544
0.0,2,10.265575
0.0,6,10.265824
0.0,16,10.266382
0.0,6,10.266641
0.0,5,10.266869
0.0,3,10.267044
0.0,7,10.267325
0.0,5,10.267545
0.0,4,10.267735
0.0,13,10.26819
0.0,3,10.26836
0.0,12,10.268795
0.0,2,10.268927
0.0,7,10.269228
0.0,3,10.269404
0.0,14,10.269889
0.0,7,10.270192
0.0,1,10.270296
0.0,9,10.270632
0.0,9,10.270952
0.0,6,10.271198
0.0,8,10.271504
0.0,5,10.271715
0.0,3,10.271875
0.0,18,10.272449
0.0,3,10.272617
0.0,8,10.272916
0.0,2,10.273058
0.0,5,10.273274
0.0,4,10.273466
0.0,2,10.2736
0.0,4,10.273785
0.0,1,10.27388
0.0,10,10.27424
0.0,13,10.274666
0.0,2,10.274794
0.0,12,10.275213
0.0,3,10.275371
0.0,4,10.275568
0.0,21,10.276253
0.0,2,10.27639
0.0,18,10.276962
0.0,5,10.277181
0.0,5,10.277392
0.0,3,10.277546
0.0,9,10.277879
0.0,11,10.278269
0.0,8,10.278564
0.0,3,10.278718
1.0,8,10.279017
0.0,5,10.279228
0.0,39,10.280376
0.0,3,10.280535
0.0,6,10.280765
0.0,5,10.280974
1.0,7,10.28124
0.0,16,10.281731
0.0,9,10.282061
0.0,12,10.282457
0.0,9,10.282776
0.0,3,10.282927
0.0,1,10.283027
1.0,18,10.283575
0.0,2,10.283697
0.0,6,10.283935
0.0,6,10.284175
0.0,3,10.284326
0.0,2,10.284449
0.0,7,10.284704
0.0,2,10.284828
0.0,9,10.285146
0.0,12,10.285545
1.0,14,10.28599
0.0,1,10.286098
0.0,12,10.286485
0.0,3,10.286635
0.0,7,10.28689
0.0,29,10.287727
0.0,6,10.28797
0.0,1,10.288072
0.0,7,10.288328
0.0,3,10.288487
0.0,19,10.289065
0.0,4,10.289248
0.0,4,10.289426
0.0,1,10.289518
0.0,1,10.289611
0.0,16,10.290112
1.0,47,10.291233
0.0,3,10.291356
0.0,5,10.291525
0.0,3,10.291647
0.0,3,10.291768
0.0,15,10.29215
0.0,3,10.292272
0.0,5,10.29244
0.0,7,10.292651
0.0,2,10.292753
0.0,8,10.292983
0.0,3,10.293118
0.0,12,10.293436
0.0,16,10.293849
0.0,4,10.293998
1.0,9,10.294259
0.0,6,10.29445
0.0,3,10.294571
0.0,2,10.294675
0.0,4,10.294818
0.0,7,10.295041
0.0,1,10.295118
0.0,10,10.29539
0.0,15,10.295777
0.0,7,10.29599
0.0,3,10.296125
0.0,14,10.296481
0.0,5,10.296645
0.0,13,10.296982
0.0,10,10.297257
0.0,4,10.2974
0.0,3,10.297527
0.0,3,10.297653
0.0,6,10.297838
0.0,19,10.298306
0.0,2,10.298409
0.0,4,10.298558
0.0,2,10.298657
0.0,4,10.298799
0.0,1,10.298873
0.0,3,10.299
0.0,3,10.299131
0.0,1,10.299211
1.0,17,10.299634
0.0,5,10.299801
0.0,5,10.299964
0.0,13,10.300308
0.0,5,10.300472
0.0,3,10.300592
0.0,3,10.300717
0.0,5,10.300886
0.0,5,10.301059
0.0,10,10.301336
0.0,2,10.301436
0.0,2,10.301534
0.0,9,10.301791
0.0,9,10.302059
0.0,1,10.30214
0.0,3,10.302264
1.0,9,10.302514
0.0,1,10.302589
0.0,3,10.30271
0.0,2,10.302808
0.0,10,10.303086
0.0,3,10.303208
0.0,1,10.303286
0.0,3,10.303409
0.0,4,10.303551
0.0,2,10.303654
0.0,13,10.303998
0.0,4,10.304156
0.0,3,10.304282
0.0,2,10.304387
0.0,4,10.304535
0.0,3,10.304655
0.0,1,10.304734
0.0,1,10.304886
0.0,6,10.305138
0.0,8,10.30539
0.0,16,10.30578
0.0,13,10.306119
0.0,9,10.306378
0.0,4,10.306521
0.0,14,10.306872
0.0,19,10.307343
0.0,3,10.307472
0.0,3,10.307599
0.0,14,10.307956
0.0,4,10.30811
0.0,1,10.308188
0.0,9,10.308436
0.0,17,10.308846
0.0,6,10.30904
0.0,2,10.30914
0.0,12,10.30945
0.0,11,10.309744
0.0,1,10.309821
0.0,12,10.310149
0.0,5,10.310323
0.0,1,10.310403
0.0,6,10.310589
0.0,5,10.310753
0.0,13,10.311098
0.0,4,10.311242
0.0,3,10.31137
0.0,6,10.311559
0.0,9,10.311808
0.0,1,10.311883
0.0,17,10.312354
0.0,14,10.312705
0.0,14,10.31307
0.0,7,10.313274
0.0,1,10.31335
1.0,6,10.313542
0.0,20,10.314024
1.0,20,10.314497
0.0,3,10.314626
0.0,22,10.315166
1.0,10,10.315433
0.0,28,10.31609
0.0,16,10.316492
0.0,3,10.31662
0.0,5,10.316784
1.0,20,10.317275
0.0,9,10.317528
1.0,11,10.317815
1.0,11,10.31812
0.0,9,10.318369
0.0,12,10.318689
0.0,5,10.318851
1.0,15,10.319236
0.0,6,10.319431
0.0,9,10.319677
0.0,8,10.319909
0.0,6,10.32011
0.0,31,10.320803
0.0,12,10.321124
0.0,32,10.321846
1.0,10,10.322129
0.0,3,10.322256
0.0,3,10.322384
0.0,12,10.322701
0.0,2,10.322804
0.0,21,10.323304
1.0,17,10.323723
0.0,10,10.323988
0.0,12,10.324306
0.0,16,10.324713
0.0,3,10.324834
0.0,3,10.324956
0.0,10,10.325238
0.0,9,10.325493
0.0,5,10.325655
0.0,3,10.325779
0.0,5,10.325942
0.0,26,10.326561
0.0,3,10.326682
0.0,3,10.326803
0.0,1,10.326879
0.0,3,10.327
0.0,13,10.327337
0.0,3,10.327461
0.0,4,10.327612
0.0,8,10.327846
0.0,4,10.327987
0.0,9,10.328243
0.0,10,10.32852
0.0,45,10.329517
0.0,1,10.329595
0.0,19,10.33007
0.0,15,10.330454
0.0,6,10.330647
0.0,7,10.330859
0.0,4,10.331
0.0,8,10.331246
0.0,1,10.331322
0.0,5,10.331487
0.0,4,10.331635
0.0,3,10.331762
0.0,34,10.332524
0.0,24,10.333086
0.0,1,10.333163
0.0,5,10.333327
0.0,1,10.333403
0.0,3,10.333533
0.0,2,10.333634
0.0,23,10.334191
0.0,1,10.334273
0.0,14,10.334637
0.0,12,10.334944
0.0,5,10.335119
0.0,6,10.335304
0.0,7,10.335514
0.0,7,10.335726
0.0,3,10.335847
0.0,3,10.335968
0.0,8,10.336215
0.0,1,10.336293
0.0,4,10.336442
0.0,16,10.336841
0.0,20,10.337327
0.0,4,10.33821
0.0,1,10.338315
0.0,2,10.338439
0.0,11,10.338742
0.0,6,10.338931
0.0,6,10.339157
0.0,22,10.339703
0.0,7,10.339915
0.0,13,10.340265
0.0,29,10.340914
0.0,7,10.341129
0.0,3,10.341254
0.0,15,10.341627
0.0,3,10.341749
0.0,38,10.342606
0.0,8,10.342835
0.0,4,10.342986
0.0,13,10.343323
0.0,3,10.343445
1.0,7,10.343654
0.0,3,10.343776
0.0,14,10.344132
0.0,7,10.344337
0.0,17,10.344743
0.0,2,10.344847
0.0,18,10.345297
0.0,3,10.345426
0.0,15,10.345804
0.0,10,10.346087
0.0,19,10.346545
0.0,18,10.346987
0.0,7,10.3472
0.0,2,10.347306
0.0,10,10.347579
0.0,11,10.347864
0.0,15,10.348261
0.0,4,10.348415
0.0,5,10.348591
0.0,5,10.348758
0.0,2,10.348858
0.0,1,10.348934
0.0,10,10.349218
0.0,7,10.349432
0.0,1,10.349509
0.0,4,10.349657
0.0,6,10.349848
0.0,6,10.350047
0.0,21,10.350545
0.0,5,10.35071
0.0,1,10.350791
0.0,4,10.350935
0.0,1,10.351028
0.0,10,10.351304
0.0,3,10.351428
0.0,8,10.351658
0.0,19,10.352129
0.0,2,10.352231
0.0,11,10.352521
0.0,17,10.352927
0.0,1,10.353014
0.0,17,10.353439
0.0,16,10.353838
0.0,12,10.354165
0.0,2,10.354269
0.0,11,10.354562
0.0,1,10.354638
0.0,10,10.354903
0.0,4,10.355061
0.0,4,10.355214
0.0,8,10.355448
1.0,14,10.355798
0.0,2,10.355897
0.0,3,10.356027
0.0,18,10.356464
0.0,5,10.356628
0.0,13,10.356955
0.0,10,10.357238
0.0,10,10.357504
0.0,9,10.357754
0.0,1,10.357835
0.0,2,10.35794
0.0,14,10.358294
0.0,10,10.358577
0.0,13,10.358902
1.0,10,10.359177
0.0,4,10.359324
1.0,11,10.359617
0.0,21,10.360129
0.0,13,10.360463
0.0,5,10.360634
0.0,3,10.360764
0.0,2,10.360866
0.0,13,10.361215
0.0,6,10.361407
0.0,10,10.361674
0.0,11,10.361968
0.0,6,10.36217
0.0,5,10.362342
0.0,13,10.362675
0.0,2,10.362776
0.0,4,10.362919
0.0,3,10.363051
0.0,2,10.363157
0.0,4,10.3633
0.0,1,10.363376
0.0,2,10.363477
1.0,16,10.363875
0.0,6,10.364076
0.0,10,10.364346
0.0,3,10.364467
1.0,13,10.364802
0.0,2,10.364904
0.0,11,10.365209
0.0,6,10.3654
0.0,8,10.365625
0.0,9,10.365869
0.0,17,10.366288
0.0,10,10.366556
0.0,1,10.366638
0.0,25,10.367216
0.0,5,10.367386
0.0,24,10.367951
0.0,10,10.368225
0.0,1,10.368303
0.0,10,10.36857
0.0,18,10.369011
0.0,13,10.369351
0.0,7,10.369566
0.0,3,10.369688
0.0,1,10.369764
0.0,14,10.370142
0.0,6,10.370453
0.0,2,10.370556
0.0,1,10.370631
0.0,1,10.370712
0.0,5,10.370885
0.0,1,10.370962
0.0,8,10.371204
0.0,2,10.371309
0.0,10,10.371582
0.0,4,10.371731
0.0,5,10.371898
0.0,8,10.372135
0.0,24,10.372697
1.0,12,10.373021
0.0,6,10.373207
0.0,6,10.373401
0.0,5,10.373566
0.0,15,10.373934
0.0,8,10.374169
0.0,5,10.374335
0.0,5,10.374505
0.0,3,10.374632
0.0,11,10.374933
0.0,7,10.375155
0.0,5,10.375326
0.0,7,10.37553
0.0,31,10.376249
0.0,6,10.376437
0.0,7,10.376642
0.0,1,10.376722
0.0,3,10.376847
0.0,4,10.376995
0.0,4,10.377148
0.0,4,10.377297
0.0,5,10.377462
0.0,14,10.377811
0.0,2,10.377911
0.0,7,10.378132
0.0,6,10.378339
0.0,1,10.378416
0.0,7,10.378623
0.0,4,10.378766
0.0,15,10.379144
0.0,10,10.37941
0.0,9,10.379654
0.0,10,10.379935
0.0,8,10.380172
0.0,10,10.380446
0.0,7,10.380651
1.0,39,10.381548
0.0,5,10.381717
0.0,2,10.381823
0.0,5,10.381994
0.0,18,10.382449
0.0,6,10.382634
0.0,5,10.382802
0.0,3,10.382926
0.0,16,10.383327
0.0,1,10.38341
0.0,13,10.383749
0.0,13,10.384095
0.0,3,10.38422
0.0,13,10.384551
0.0,23,10.385097
0.0,10,10.38537
0.0,6,10.385561
0.0,6,10.385749
0.0,6,10.385933
0.0,18,10.386371
0.0,6,10.386556
0.0,5,10.386718
0.0,3,10.38684
0.0,8,10.387086
0.0,1,10.387164
0.0,8,10.387396
0.0,4,10.387539
0.0,9,10.38779
0.0,2,10.38789
0.0,3,10.388021
1.0,13,10.388365
0.0,3,10.388489
0.0,4,10.388637
0.0,6,10.38882
0.0,1,10.388896
0.0,4,10.389048
0.0,11,10.389335
0.0,2,10.389435
0.0,6,10.389619
0.0,6,10.389812
0.0,10,10.390088
0.0,5,10.39026
0.0,9,10.390516
0.0,3,10.390637
0.0,5,10.390805
0.0,1,10.390882
0.0,7,10.391097
0.0,6,10.391287
0.0,12,10.391604
0.0,23,10.392154
0.0,7,10.39236
0.0,19,10.392814
0.0,4,10.392962
0.0,2,10.39309
0.0,7,10.393308
0.0,37,10.394162
0.0,2,10.394272
0.0,1,10.394352
0.0,10,10.394621
0.0,3,10.394748
0.0,10,10.395032
0.0,25,10.395617
0.0,4,10.39576
0.0,3,10.395883
0.0,20,10.39638
0.0,11,10.396664
0.0,17,10.397075
0.0,8,10.397306
0.0,5,10.397475
0.0,6,10.397658
0.0,7,10.397859
0.0,5,10.398031
0.0,2,10.398132
0.0,2,10.39823
0.0,1,10.398306
0.0,9,10.39856
0.0,23,10.399109
1.0,17,10.399523
0.0,8,10.399751
0.0,5,10.399925
1.0,20,10.400398
0.0,3,10.400525
0.0,2,10.400632
0.0,2,10.400737
0.0,9,10.400988
0.0,8,10.401221
0.0,12,10.401531
1.0,29,10.402187
0.0,4,10.40233
0.0,10,10.402599
0.0,17,10.403021
0.0,19,10.403494
0.0,4,10.403641
0.0,11,10.40393
0.0,1,10.404014
0.0,8,10.404252
0.0,27,10.404865
0.0,9,10.405123
0.0,1,10.405201
0.0,9,10.405451
0.0,13,10.405783
0.0,13,10.406129
0.0,6,10.406313
0.0,3,10.406436
0.0,10,10.406702
1.0,12,10.407012
0.0,2,10.407114
0.0,4,10.407266
0.0,25,10.407858
0.0,5,10.408041
0.0,7,10.408253
0.0,13,10.408581
0.0,7,10.408784
0.0,19,10.409242
0.0,13,10.409581
0.0,2,10.409681
0.0,15,10.410075
1.0,18,10.410522
0.0,11,10.410814
0.0,5,10.410978
0.0,1,10.411063
0.0,4,10.411215
0.0,7,10.411421
0.0,17,10.411833
0.0,9,10.412089
1.0,16,10.412483
0.0,23,10.413049
1.0,9,10.413328
0.0,10,10.413595
0.0,1,10.413676
0.0,7,10.413883
0.0,15,10.414267
0.0,25,10.414852
0.0,7,10.415066
0.0,7,10.415277
0.0,3,10.4154
0.0,5,10.415564
0.0,6,10.415753
0.0,13,10.416102
0.0,3,10.416226
0.0,5,10.416389
0.0,1,10.416464
0.0,7,10.416669
0.0,1,10.416749
0.0,9,10.416998
0.0,4,10.417156
0.0,19,10.417623
0.0,5,10.417787
0.0,4,10.417929
0.0,19,10.418398
0.0,26,10.419
0.0,16,10.419402
0.0,3,10.419528
0.0,9,10.419781
0.0,8,10.420015
0.0,2,10.420123
0.0,5,10.420294
0.0,5,10.420459
0.0,2,10.420558
0.0,6,10.420746
0.0,7,10.420956
0.0,28,10.421602
0.0,19,10.422072
0.0,3,10.422196
0.0,4,10.422342
0.0,16,10.422738
0.0,5,10.422902
1.0,13,10.423244
0.0,1,10.423322
0.0,7,10.423532
0.0,3,10.423659
0.0,13,10.423996
0.0,6,10.424195
0.0,1,10.424272
1.0,7,10.424489
0.0,3,10.424612
0.0,7,10.424824
0.0,13,10.425166
0.0,4,10.42531
0.0,5,10.425472
0.0,14,10.42583
0.0,1,10.425907
0.0,6,10.426111
0.0,6,10.426297
0.0,11,10.42659
0.0,14,10.426943
0.0,7,10.427155
0.0,15,10.42753
0.0,2,10.427636
0.0,14,10.427982
0.0,22,10.42854
0.0,3,10.42867
0.0,1,10.42875
0.0,2,10.428852
0.0,1,10.428928
0.0,5,10.429108
0.0,5,10.429274
0.0,4,10.429416
0.0,5,10.429584
0.0,28,10.430229
0.0,5,10.430397
0.0,17,10.430802
0.0,33,10.431544
0.0,4,10.431691
0.0,20,10.43218
0.0,27,10.4328
0.0,14,10.433163
0.0,1,10.433246
0.0,12,10.433563
0.0,33,10.434313
0.0,14,10.434661
0.0,7,10.434865
0.0,12,10.435194
0.0,1,10.435273
0.0,4,10.435422
0.0,4,10.435571
0.0,3,10.435699
0.0,1,10.435775
0.0,4,10.435918
0.0,7,10.436139
0.0,4,10.436291
0.0,1,10.436368
0.0,5,10.436532
1.0,14,10.436884
0.0,3,10.437012
1.0,20,10.437494
0.0,1,10.43757
0.0,1,10.437647
0.0,4,10.437792
0.0,18,10.438239
1.0,20,10.438814
0.0,7,10.43904
0.0,3,10.439174
0.0,7,10.43938
0.0,4,10.439524
0.0,24,10.440102
0.0,7,10.440313
0.0,31,10.441025
0.0,4,10.441175
0.0,11,10.441471
0.0,2,10.441571
0.0,7,10.441779
0.0,10,10.442056
0.0,5,10.442222
0.0,4,10.442369
0.0,12,10.442671
0.0,1,10.44275
0.0,12,10.443075
0.0,13,10.443412
0.0,4,10.443554
0.0,3,10.443681
0.0,1,10.443757
0.0,2,10.443857
0.0,1,10.443935
0.0,10,10.444221
0.0,4,10.444365
0.0,9,10.444617
0.0,6,10.444805
0.0,8,10.445041
0.0,6,10.445231
0.0,4,10.445373
0.0,6,10.445562
0.0,4,10.445706
0.0,5,10.445866
0.0,7,10.446079
1.0,37,10.446885
1.0,33,10.447632
0.0,7,10.447845
0.0,1,10.447926
1.0,31,10.448636
0.0,15,10.449009
0.0,4,10.449157
0.0,5,10.449327
0.0,1,10.449406
0.0,10,10.449674
0.0,25,10.450264
0.0,3,10.450387
0.0,2,10.450486
0.0,5,10.450646
0.0,9,10.450901
0.0,6,10.451099
0.0,32,10.451819
0.0,7,10.452029
0.0,4,10.452172
0.0,7,10.452381
0.0,2,10.45248
0.0,7,10.452692
0.0,29,10.453361
0.0,12,10.453679
0.0,10,10.453949
1.0,33,10.454706
0.0,6,10.454891
0.0,10,10.45517
0.0,9,10.455422
0.0,2,10.455526
0.0,2,10.45563
0.0,8,10.455856
0.0,3,10.455976
0.0,13,10.45632
0.0,1,10.456398
0.0,21,10.456894
0.0,14,10.457255
0.0,12,10.457568
0.0,8,10.457796
0.0,2,10.4579
0.0,1,10.457977
0.0,9,10.45823
0.0,3,10.458355
0.0,2,10.458458
0.0,17,10.458889
0.0,18,10.459324
0.0,8,10.459555
0.0,20,10.460047
0.0,3,10.460173
0.0,19,10.460626
0.0,14,10.460978
0.0,15,10.461367
0.0,5,10.461537
0.0,2,10.461637
0.0,1,10.461716
0.0,7,10.461927
0.0,8,10.462173
0.0,22,10.462704
0.0,22,10.463234
0.0,8,10.463466
0.0,6,10.463653
0.0,5,10.46382
0.0,11,10.464116
0.0,10,10.464382
0.0,4,10.464528
0.0,5,10.464691
0.0,9,10.46494
0.0,4,10.465091
0.0,7,10.465294
0.0,17,10.465715
0.0,7,10.465923
0.0,6,10.466123
0.0,1,10.466205
1.0,24,10.466776
0.0,5,10.466942
0.0,6,10.467142
0.0,1,10.46722
0.0,2,10.467324
1.0,16,10.46772
0.0,33,10.46847
0.0,9,10.468718
0.0,25,10.469318
0.0,2,10.469429
0.0,1,10.469507
0.0,12,10.469835
0.0,16,10.470246
0.0,4,10.470389
0.0,7,10.470592
0.0,8,10.470818
0.0,5,10.470987
0.0,11,10.471293
0.0,10,10.471566
0.0,4,10.471714
1.0,8,10.471944
0.0,11,10.472248
0.0,4,10.472397
0.0,10,10.472664
0.0,10,10.472933
0.0,3,10.473062
0.0,15,10.473436
0.0,8,10.47366
0.0,4,10.473803
0.0,2,10.473902
0.0,16,10.474306
0.0,6,10.474491
0.0,2,10.474596
0.0,7,10.474808
0.0,2,10.474909
0.0,13,10.475253
0.0,23,10.475806
0.0,7,10.476018
0.0,9,10.476274
0.0,7,10.476487
0.0,6,10.476677
0.0,4,10.47682
0.0,41,10.47774
0.0,2,10.477841
0.0,11,10.478136
0.0,4,10.478279
1.0,22,10.478787
0.0,5,10.478949
0.0,7,10.47917
0.0,5,10.479338
1.0,13,10.479672
0.0,16,10.480079
0.0,5,10.480245
0.0,3,10.480366
0.0,13,10.480691
0.0,5,10.480852
0.0,2,10.480956
0.0,12,10.481277
0.0,18,10.481714
0.0,8,10.481946
0.0,3,10.482075
0.0,1,10.482153
0.0,4,10.482301
0.0,8,10.482538
0.0,19,10.482995
0.0,4,10.483147
0.0,15,10.483516
0.0,11,10.483805
0.0,39,10.484681
0.0,5,10.48485
0.0,4,10.484998
0.0,8,10.485234
0.0,5,10.485396
0.0,10,10.48566
0.0,45,10.486646
0.0,12,10.486953
0.0,16,10.487352
0.0,7,10.487562
0.0,6,10.487747
0.0,2,10.487846
0.0,6,10.488043
0.0,4,10.488193
0.0,15,10.488575
0.0,7,10.488787
0.0,5,10.488952
0.0,4,10.489103
0.0,3,10.489232
0.0,6,10.489418
0.0,12,10.489725
0.0,4,10.489866
0.0,2,10.489966
0.0,4,10.490123
0.0,12,10.490433
0.0,8,10.490662
0.0,6,10.490855
0.0,5,10.491033
0.0,4,10.491179
0.0,13,10.491516
0.0,4,10.491665
0.0,1,10.491742
1.0,14,10.492112
0.0,3,10.492241
1.0,26,10.492846
0.0,1,10.492925
0.0,18,10.493367
0.0,9,10.493615
0.0,5,10.493786
0.0,5,10.493954
0.0,10,10.494227
0.0,2,10.494328
0.0,6,10.494511
0.0,2,10.49461
0.0,2,10.494709
0.0,1,10.494785
0.0,8,10.495032
0.0,1,10.495112
0.0,1,10.495188
0.0,9,10.495434
1.0,22,10.495948
0.0,2,10.496062
0.0,1,10.49614
1.0,11,10.496425
0.0,1,10.4965
0.0,6,10.496686
0.0,1,10.496762
0.0,5,10.496925
0.0,1,10.497001
0.0,5,10.49718
0.0,8,10.497415
0.0,15,10.49779
1.0,12,10.498124
0.0,3,10.498246
0.0,1,10.498322
0.0,5,10.498484
0.0,8,10.498714
0.0,11,10.49901
0.0,15,10.499385
0.0,53,10.500522
0.0,6,10.500706
0.0,4,10.500854
0.0,9,10.501117
0.0,7,10.501324
0.0,9,10.501576
0.0,10,10.501848
0.0,8,10.502089
0.0,13,10.502423
0.0,7,10.502631
0.0,16,10.503033
0.0,1,10.503111
0.0,3,10.503233
0.0,8,10.503463
0.0,4,10.503605
0.0,14,10.503954
0.0,7,10.504167
1.0,8,10.504399
0.0,11,10.504694
0.0,3,10.504815
0.0,15,10.505198
0.0,10,10.505473
0.0,20,10.505942
0.0,13,10.506288
0.0,3,10.506413
0.0,3,10.506535
0.0,2,10.506635
0.0,3,10.50676
0.0,1,10.506838
0.0,13,10.507182
0.0,5,10.507353
0.0,4,10.507503
0.0,2,10.507603
0.0,4,10.50775
0.0,2,10.507855
0.0,9,10.508122
0.0,29,10.508787
0.0,3,10.508913
0.0,10,10.509187
0.0,28,10.509824
0.0,6,10.510016
0.0,3,10.510146
0.0,2,10.510247
0.0,9,10.510492
0.0,11,10.510779
0.0,1,10.510856
0.0,3,10.510978
0.0,7,10.511191
0.0,10,10.511467
0.0,22,10.511993
0.0,5,10.512162
0.0,9,10.512411
0.0,1,10.512487
0.0,1,10.512563
0.0,4,10.512711
0.0,9,10.512963
0.0,4,10.513136
0.0,10,10.513432
0.0,13,10.513777
0.0,2,10.513878
0.0,4,10.514038
0.0,1,10.514116
0.0,2,10.514222
0.0,2,10.514327
0.0,2,10.514428
0.0,7,10.51464
0.0,11,10.514937
0.0,3,10.515073
0.0,2,10.515175
0.0,13,10.515513
1.0,21,10.516013
0.0,26,10.51662
0.0,4,10.516764
0.0,15,10.517142
1.0,55,10.518334
0.0,22,10.518854
0.0,3,10.518975
0.0,29,10.519642
0.0,10,10.51992
0.0,15,10.520305
0.0,5,10.520471
0.0,3,10.520591
0.0,11,10.520882
0.0,7,10.521101
0.0,4,10.521247
0.0,1,10.521327
0.0,16,10.521715
0.0,19,10.522176
0.0,3,10.52232
0.0,4,10.522474
0.0,2,10.52258
0.0,15,10.522956
0.0,33,10.523693
0.0,9,10.523948
0.0,3,10.524081
0.0,2,10.524186
0.0,5,10.524357
0.0,21,10.524846
0.0,5,10.525016
0.0,6,10.525203
0.0,2,10.525335
0.0,9,10.525594
0.0,14,10.525955
0.0,15,10.526337
0.0,5,10.526501
0.0,2,10.526606
0.0,12,10.526923
0.0,49,10.527994
0.0,4,10.528166
0.0,2,10.528273
0.0,17,10.528691
0.0,1,10.528768
0.0,11,10.529067
0.0,27,10.52969
0.0,2,10.529796
1.0,34,10.530573
0.0,9,10.530819
0.0,25,10.53141
0.0,17,10.531826
0.0,11,10.532121
1.0,7,10.532327
0.0,1,10.532403
0.0,9,10.532649
1.0,22,10.533182
0.0,11,10.533477
0.0,10,10.533753
0.0,10,10.534028
0.0,10,10.534304
0.0,10,10.534575
0.0,5,10.534746
0.0,6,10.534928
0.0,5,10.535098
0.0,9,10.535354
0.0,10,10.535624
0.0,17,10.536051
0.0,19,10.536494
0.0,4,10.53664
0.0,3,10.536767
0.0,5,10.536931
0.0,9,10.537193
0.0,14,10.537549
0.0,14,10.537901
0.0,12,10.538219
0.0,5,10.538384
0.0,4,10.538589
0.0,11,10.538911
0.0,39,10.539839
0.0,1,10.539922
0.0,17,10.540362
0.0,1,10.540441
0.0,4,10.54059
0.0,13,10.540933
0.0,12,10.541251
0.0,9,10.541505
0.0,10,10.54177
0.0,3,10.541889
0.0,22,10.542419
0.0,5,10.542583
0.0,20,10.543064
0.0,8,10.543288
0.0,1,10.543364
0.0,5,10.543526
1.0,12,10.543836
0.0,25,10.544436
0.0,13,10.544764
1.0,23,10.545309
0.0,11,10.545593
0.0,13,10.545932
0.0,9,10.546196
0.0,5,10.54636
0.0,1,10.546436
0.0,2,10.54654
1.0,14,10.546899
0.0,2,10.546998
0.0,15,10.547382
0.0,9,10.547636
0.0,11,10.547935
0.0,5,10.548107
0.0,7,10.548321
0.0,4,10.548468
0.0,4,10.548609
0.0,5,10.548774
0.0,9,10.549032
0.0,18,10.549478
0.0,9,10.549726
0.0,18,10.550243
0.0,2,10.550354
0.0,47,10.55144
0.0,42,10.552379
0.0,3,10.552501
0.0,6,10.552688
0.0,3,10.552809
0.0,7,10.553018
0.0,26,10.553613
0.0,27,10.554244
0.0,8,10.554474
0.0,17,10.554877
0.0,14,10.555228
0.0,3,10.55535
0.0,4,10.555495
0.0,13,10.555825
0.0,1,10.555904
0.0,13,10.556242
0.0,39,10.557117
0.0,6,10.557307
0.0,3,10.557429
0.0,6,10.557617
0.0,22,10.558145
0.0,8,10.55837
0.0,4,10.558516
0.0,7,10.558723
0.0,4,10.558864
0.0,1,10.558939
0.0,6,10.559134
0.0,5,10.559295
0.0,23,10.559829
0.0,5,10.559999
0.0,7,10.560214
0.0,8,10.560436
0.0,4,10.560577
0.0,41,10.561492
0.0,11,10.561933
1.0,39,10.563259
0.0,17,10.563909
0.0,4,10.564164
0.0,5,10.564426
0.0,3,10.564596
0.0,15,10.565197
0.0,2,10.565393
0.0,13,10.565894
0.0,11,10.566337
0.0,8,10.566574
0.0,3,10.566703
0.0,2,10.566803
0.0,4,10.566952
0.0,5,10.567125
0.0,11,10.56743
0.0,5,10.567599
0.0,1,10.567675
0.0,10,10.567941
0.0,13,10.568329
0.0,9,10.568581
0.0,31,10.569307
0.0,8,10.569535
0.0,8,10.56976
0.0,3,10.56988
0.0,5,10.570052
0.0,3,10.570174
0.0,10,10.570438
0.0,16,10.570834
0.0,3,10.570959
0.0,11,10.571253
0.0,5,10.571424
0.0,4,10.571571
0.0,5,10.571741
0.0,16,10.572182
0.0,6,10.572366
0.0,6,10.572555
0.0,1,10.572634
0.0,13,10.572976
0.0,3,10.573106
0.0,5,10.573274
0.0,3,10.573401
0.0,7,10.573609
0.0,24,10.574172
0.0,27,10.5748
0.0,3,10.574923
0.0,9,10.575185
0.0,22,10.575709
0.0,12,10.576027
0.0,3,10.576149
0.0,24,10.576707
0.0,18,10.577142
0.0,5,10.577304
0.0,13,10.577639
0.0,10,10.577913
0.0,8,10.578145
0.0,3,10.578269
0.0,4,10.578422
0.0,3,10.578544
0.0,14,10.578897
0.0,7,10.579122
0.0,6,10.57931
0.0,10,10.579585
0.0,22,10.580112
0.0,1,10.58019
0.0,7,10.580398
0.0,16,10.580793
0.0,10,10.581071
0.0,8,10.5813
1.0,14,10.581648
0.0,9,10.581901
0.0,11,10.582193
0.0,6,10.582385
0.0,8,10.582613
0.0,7,10.582819
0.0,16,10.583225
0.0,3,10.583352
0.0,3,10.583478
0.0,3,10.5836
0.0,7,10.583802
0.0,3,10.583926
1.0,19,10.584392
0.0,22,10.584923
0.0,3,10.585053
0.0,8,10.585287
0.0,13,10.585613
0.0,17,10.586024
0.0,16,10.586416
0.0,10,10.586685
1.0,18,10.587128
0.0,32,10.587856
1.0,20,10.588336
0.0,3,10.58846
0.0,12,10.588771
1.0,13,10.589107
0.0,3,10.589232
0.0,7,10.589438
0.0,18,10.589891
0.0,6,10.590094
0.0,1,10.590172
0.0,4,10.590322
0.0,2,10.590427
0.0,4,10.590569
0.0,7,10.590774
0.0,6,10.590958
0.0,11,10.591266
0.0,8,10.591498
0.0,5,10.591661
0.0,16,10.592062
0.0,1,10.592141
0.0,27,10.592768
0.0,13,10.593119
0.0,1,10.593198
0.0,4,10.593346
0.0,2,10.593446
0.0,4,10.593589
0.0,2,10.593693
0.0,22,10.594221
0.0,8,10.594448
0.0,4,10.59459
0.0,5,10.594763
0.0,20,10.595268
0.0,5,10.595434
0.0,6,10.595616
0.0,6,10.595812
1.0,12,10.596131
0.0,7,10.596336
0.0,4,10.596478
0.0,28,10.597122
0.0,22,10.597644
0.0,9,10.597891
0.0,1,10.597972
0.0,20,10.598464
0.0,11,10.598757
0.0,4,10.5989
0.0,3,10.599033
0.0,1,10.599112
0.0,10,10.599381
0.0,12,10.599699
0.0,31,10.600425
0.0,20,10.600898
0.0,9,10.601161
0.0,6,10.601348
0.0,8,10.601581
0.0,4,10.601729
0.0,17,10.602158
0.0,8,10.602391
0.0,3,10.602513
0.0,12,10.602829
0.0,6,10.603022
0.0,3,10.603146
0.0,1,10.603226
0.0,1,10.603308
0.0,7,10.603527
0.0,8,10.603751
0.0,2,10.603856
0.0,9,10.604115
1.0,18,10.604543
0.0,7,10.604749
0.0,12,10.605077
0.0,34,10.605836
1.0,17,10.606269
0.0,5,10.606445
0.0,3,10.606568
0.0,15,10.60694
0.0,3,10.60707
0.0,16,10.607466
0.0,5,10.60763
0.0,6,10.607819
0.0,8,10.608061
0.0,8,10.608291
0.0,13,10.608626
0.0,5,10.608797
0.0,9,10.609054
0.0,4,10.609202
0.0,1,10.609279
0.0,1,10.609355
0.0,4,10.609507
0.0,13,10.609846
0.0,15,10.610225
0.0,1,10.610307
0.0,5,10.610479
0.0,5,10.610643
0.0,6,10.610825
0.0,2,10.610924
0.0,6,10.611129
0.0,18,10.611569
0.0,8,10.611798
0.0,5,10.611961
0.0,3,10.612099
0.0,16,10.612494
0.0,4,10.612636
0.0,2,10.612735
0.0,16,10.613195
0.0,19,10.613686
0.0,11,10.613977
0.0,4,10.61413
0.0,5,10.614296
0.0,6,10.614483
0.0,6,10.61467
0.0,2,10.614772
0.0,7,10.614982
0.0,7,10.615203
0.0,45,10.616232
0.0,8,10.616471
0.0,10,10.616749
0.0,5,10.616915
0.0,2,10.617024
0.0,3,10.61715
0.0,5,10.617317
0.0,5,10.617488
0.0,2,10.617594
0.0,1,10.617671
0.0,3,10.617795
0.0,14,10.618169
0.0,3,10.618297
0.0,6,10.618489
0.0,5,10.618657
0.0,5,10.618822
0.0,7,10.619052
0.0,2,10.619155
0.0,26,10.619766
0.0,6,10.619963
0.0,2,10.620076
0.0,21,10.620578
0.0,3,10.6207
0.0,14,10.621067
0.0,17,10.621485
1.0,17,10.621903
0.0,5,10.622085
0.0,11,10.622391
0.0,18,10.62283
0.0,11,10.623137
0.0,26,10.623755
0.0,7,10.623962
0.0,1,10.624047
0.0,9,10.624304
1.0,7,10.624516
0.0,3,10.624642
0.0,1,10.624718
0.0,54,10.625923
0.0,19,10.626401
0.0,12,10.62672
0.0,6,10.626907
0.0,15,10.627296
0.0,4,10.627449
0.0,12,10.62776
0.0,23,10.628325
0.0,9,10.628585
0.0,8,10.628816
0.0,3,10.628939
0.0,6,10.629146
0.0,7,10.629362
0.0,7,10.629569
0.0,6,10.629763
0.0,15,10.630147
0.0,12,10.630456
0.0,5,10.63062
0.0,15,10.630987
0.0,6,10.631188
0.0,1,10.631265
0.0,4,10.63141
0.0,14,10.63176
0.0,6,10.631952
0.0,6,10.632149
0.0,15,10.632528
0.0,5,10.632699
0.0,8,10.632926
0.0,4,10.633084
0.0,1,10.633163
0.0,12,10.633482
0.0,3,10.63361
0.0,1,10.633687
1.0,28,10.634354
0.0,12,10.63467
0.0,3,10.634792
0.0,1,10.634868
0.0,1,10.634945
0.0,21,10.635468
0.0,34,10.636277
0.0,3,10.636412
0.0,20,10.636903
0.0,3,10.637039
1.0,19,10.637512
0.0,2,10.637613
0.0,1,10.637693
0.0,19,10.638173
0.0,6,10.638368
0.0,7,10.638576
0.0,52,10.639844
0.0,12,10.640188
1.0,10,10.640466
0.0,10,10.640754
0.0,1,10.640835
0.0,18,10.641298
0.0,3,10.641423
1.0,9,10.641679
1.0,28,10.642354
0.0,1,10.642431
0.0,3,10.642559
0.0,24,10.643142
0.0,5,10.64331
0.0,6,10.643495
0.0,11,10.64379
0.0,7,10.644012
0.0,4,10.64416
0.0,25,10.644754
0.0,33,10.645511
0.0,5,10.645677
0.0,8,10.645904
0.0,6,10.646104
0.0,1,10.646182
0.0,10,10.646457
0.0,1,10.646538
0.0,4,10.646686
0.0,7,10.646898
0.0,5,10.647074
0.0,14,10.647434
0.0,18,10.647883
0.0,4,10.648038
0.0,6,10.648226
0.0,6,10.648411
0.0,7,10.648616
0.0,1,10.648691
0.0,4,10.648835
0.0,15,10.64922
0.0,15,10.649606
0.0,7,10.649811
0.0,6,10.649994
0.0,2,10.650111
0.0,9,10.650367
0.0,2,10.650467
0.0,13,10.650815
0.0,14,10.651181
1.0,17,10.651603
0.0,8,10.651835
0.0,4,10.651978
0.0,3,10.652107
0.0,6,10.6523
0.0,10,10.652574
0.0,10,10.65285
0.0,8,10.653087
0.0,19,10.653549
1.0,7,10.653757
0.0,9,10.654024
0.0,17,10.654446
0.0,11,10.654744
0.0,26,10.655359
0.0,8,10.655586
0.0,12,10.655907
0.0,7,10.656127
0.0,22,10.656654
0.0,6,10.656838
0.0,7,10.657054
0.0,1,10.657135
0.0,18,10.657572
0.0,25,10.658173
0.0,2,10.658275
0.0,7,10.658481
0.0,2,10.65858
0.0,5,10.658749
0.0,10,10.659037
0.0,4,10.659182
0.0,17,10.659589
0.0,11,10.659884
0.0,2,10.659989
0.0,23,10.66055
0.0,10,10.660822
0.0,10,10.661098
0.0,20,10.66158
0.0,5,10.661748
0.0,9,10.661995
0.0,8,10.662234
0.0,4,10.662383
0.0,3,10.662504
0.0,3,10.662624
0.0,20,10.663106
0.0,11,10.663404
0.0,54,10.66459
0.0,16,10.665
0.0,13,10.665349
0.0,9,10.665597
0.0,5,10.665758
0.0,46,10.666796
0.0,12,10.667114
0.0,21,10.667618
0.0,10,10.667902
0.0,8,10.668143
0.0,1,10.668221
1.0,13,10.668568
0.0,5,10.668738
0.0,5,10.668906
0.0,17,10.669341
0.0,2,10.669442
0.0,10,10.66971
0.0,7,10.669923
0.0,11,10.670224
0.0,7,10.67044
0.0,12,10.670753
0.0,26,10.671368
0.0,2,10.671474
0.0,8,10.6717
0.0,11,10.671996
0.0,14,10.672366
0.0,4,10.672514
1.0,15,10.672891
0.0,4,10.673043
0.0,36,10.673851
0.0,10,10.67413
0.0,7,10.674341
0.0,6,10.674526
0.0,16,10.674927
0.0,8,10.675169
0.0,7,10.675375
0.0,1,10.675455
0.0,3,10.675584
0.0,3,10.675706
0.0,2,10.675805
0.0,3,10.675926
0.0,1,10.676009
0.0,3,10.676133
0.0,5,10.676303
0.0,3,10.676425
0.0,6,10.676609
0.0,7,10.676813
0.0,1,10.676891
0.0,10,10.677177
0.0,5,10.677342
0.0,15,10.67772
0.0,8,10.677953
0.0,18,10.678401
0.0,3,10.678523
0.0,25,10.679136
0.0,4,10.679282
0.0,6,10.679468
0.0,10,10.679737
0.0,1,10.679813
0.0,9,10.680079
0.0,9,10.680333
0.0,21,10.68083
0.0,6,10.681023
0.0,8,10.681255
0.0,3,10.681377
1.0,22,10.681895
0.0,1,10.681974
0.0,21,10.68249
0.0,7,10.682701
0.0,12,10.68302
0.0,6,10.683207
0.0,3,10.683333
0.0,20,10.68382
0.0,5,10.68399
0.0,14,10.684361
0.0,13,10.684692
0.0,7,10.684897
0.0,20,10.685381
0.0,4,10.685528
0.0,4,10.685676
0.0,23,10.686228
0.0,15,10.686612
0.0,22,10.68714
0.0,5,10.687305
0.0,4,10.687448
0.0,6,10.687634
0.0,21,10.68814
0.0,11,10.688429
0.0,8,10.688661
0.0,5,10.688828
0.0,11,10.689128
0.0,6,10.689319
0.0,5,10.689484
0.0,5,10.689653
0.0,1,10.689729
0.0,26,10.69035
0.0,2,10.690457
0.0,4,10.690604
0.0,4,10.690747
0.0,2,10.690847
0.0,8,10.691089
0.0,7,10.691295
0.0,8,10.691526
0.0,12,10.691839
0.0,38,10.692702
0.0,13,10.693053
0.0,7,10.693263
0.0,15,10.693637
0.0,10,10.693909
0.0,1,10.693985
0.0,12,10.694315
0.0,23,10.694868
0.0,17,10.695289
0.0,1,10.695366
0.0,1,10.695442
0.0,14,10.695811
0.0,5,10.695982
0.0,3,10.696114
0.0,5,10.696277
0.0,21,10.696784
0.0,5,10.696948
0.0,29,10.697627
0.0,100,10.699796
0.0,8,10.700051
0.0,4,10.700203
0.0,5,10.700369
0.0,3,10.700495
0.0,7,10.700714
0.0,4,10.700863
0.0,2,10.700963
0.0,1,10.701048
0.0,6,10.701236
0.0,3,10.701363
0.0,8,10.701599
0.0,7,10.701812
0.0,1,10.701888
0.0,3,10.702018
0.0,7,10.702227
0.0,9,10.702476
0.0,5,10.702646
0.0,2,10.702747
0.0,9,10.703001
0.0,3,10.703136
0.0,3,10.70326
0.0,2,10.703368
0.0,15,10.703753
0.0,7,10.703962
0.0,8,10.704197
0.0,4,10.70434
0.0,22,10.704872
0.0,18,10.705314
0.0,8,10.705548
0.0,5,10.705713
0.0,3,10.705835
0.0,5,10.70601
0.0,2,10.706112
0.0,9,10.706359
0.0,25,10.706939
0.0,4,10.70709
0.0,5,10.707261
0.0,7,10.707475
0.0,5,10.707641
0.0,8,10.707871
0.0,1,10.707949
0.0,4,10.708108
0.0,14,10.70847
0.0,8,10.708703
0.0,7,10.708916
0.0,1,10.708997
0.0,10,10.709284
0.0,9,10.709532
0.0,1,10.709612
0.0,7,10.709826
0.0,9,10.710089
0.0,2,10.710195
0.0,4,10.710346
0.0,5,10.710515
0.0,3,10.710647
0.0,2,10.710749
0.0,4,10.7109
0.0,7,10.711119
0.0,23,10.711665
0.0,3,10.711793
0.0,1,10.711873
1.0,16,10.71228
0.0,23,10.712827
0.0,10,10.713132
0.0,3,10.713268
0.0,14,10.71364
1.0,17,10.714063
0.0,4,10.714209
0.0,4,10.714353
0.0,12,10.714671
0.0,11,10.714973
0.0,1,10.715057
0.0,9,10.71532
0.0,1,10.715401
0.0,3,10.715525
0.0,11,10.715816
0.0,1,10.715897
0.0,11,10.716203
0.0,10,10.716481
0.0,3,10.716603
0.0,4,10.716745
0.0,1,10.716826
0.0,11,10.717134
0.0,7,10.717348
0.0,16,10.717738
0.0,2,10.717838
0.0,13,10.718186
0.0,6,10.718376
0.0,5,10.718547
0.0,16,10.718949
0.0,3,10.719084
0.0,7,10.719296
0.0,3,10.719418
0.0,14,10.719775
0.0,6,10.719961
0.0,1,10.720049
0.0,3,10.720174
0.0,8,10.720398
0.0,13,10.720743
0.0,6,10.720938
0.0,2,10.721049
0.0,8,10.721278
0.0,17,10.721703
0.0,5,10.721873
0.0,3,10.721996
0.0,3,10.72213
0.0,10,10.722405
0.0,8,10.72263
0.0,18,10.723089
0.0,20,10.723573
0.0,3,10.723697
0.0,9,10.723947
0.0,12,10.724277
0.0,19,10.72474
0.0,11,10.725056
0.0,11,10.725346
0.0,1,10.725425
0.0,5,10.725592
0.0,5,10.725757
0.0,5,10.72592
0.0,14,10.726288
0.0,15,10.726667
0.0,9,10.726914
0.0,6,10.727108
0.0,19,10.727567
0.0,3,10.727689
0.0,7,10.727895
0.0,14,10.728256
0.0,3,10.72838
0.0,2,10.72848
0.0,15,10.728862
0.0,9,10.729129
0.0,3,10.729252
0.0,16,10.729666
0.0,3,10.729789
0.0,5,10.729959
0.0,4,10.730114
0.0,16,10.730517
0.0,11,10.730814
0.0,22,10.731357
0.0,23,10.731907
0.0,2,10.73202
0.0,16,10.732422
0.0,5,10.732587
0.0,4,10.73273
0.0,4,10.732882
0.0,7,10.733105
0.0,22,10.733625
0.0,9,10.73388
0.0,2,10.733982
0.0,5,10.734155
0.0,6,10.73434
0.0,7,10.734552
0.0,8,10.734781
0.0,9,10.735038
0.0,7,10.735251
0.0,3,10.735378
0.0,25,10.735965
0.0,21,10.736475
0.0,12,10.736792
0.0,17,10.737219
0.0,9,10.737475
0.0,12,10.737794
0.0,24,10.738371
0.0,9,10.738628
0.0,16,10.739153
0.0,24,10.739742
0.0,30,10.740448
0.0,24,10.741014
0.0,18,10.741462
0.0,6,10.741653
0.0,3,10.741779
1.0,12,10.74211
0.0,13,10.742448
0.0,9,10.742708
0.0,7,10.742919
0.0,6,10.743115
0.0,18,10.743561
0.0,20,10.744065
1.0,37,10.744914
0.0,18,10.745372
0.0,2,10.745474
0.0,7,10.745679
0.0,3,10.745805
0.0,4,10.745953
0.0,12,10.746279
0.0,7,10.74649
0.0,4,10.746642
0.0,12,10.746957
0.0,14,10.747324
1.0,14,10.747678
0.0,18,10.748134
0.0,9,10.748383
0.0,10,10.748649
0.0,8,10.748872
0.0,22,10.749401
1.0,20,10.749883
0.0,2,10.749984
0.0,6,10.75019
0.0,6,10.750375
0.0,21,10.750885
0.0,5,10.751066
1.0,9,10.751316
0.0,1,10.751395
0.0,6,10.751587
0.0,13,10.751918
0.0,9,10.752179
0.0,3,10.752311
0.0,17,10.752738
0.0,18,10.753184
0.0,5,10.753349
0.0,19,10.753805
0.0,5,10.753967
0.0,4,10.754126
1.0,9,10.754375
0.0,2,10.754476
0.0,1,10.754552
0.0,13,10.754907
0.0,5,10.755088
1.0,32,10.755831
0.0,9,10.756097
0.0,14,10.756462
0.0,8,10.756696
1.0,31,10.757431
0.0,10,10.757713
0.0,15,10.758105
0.0,6,10.758301
0.0,28,10.758951
0.0,5,10.759132
0.0,12,10.759458
0.0,3,10.759585
0.0,12,10.759906
0.0,12,10.760228
0.0,4,10.760374
0.0,11,10.760673
0.0,21,10.761186
0.0,17,10.761609
0.0,4,10.761753
0.0,6,10.761937
0.0,10,10.762224
1.0,7,10.762434
0.0,15,10.762805
0.0,10,10.763087
0.0,30,10.763793
0.0,8,10.764028
0.0,18,10.764465
0.0,3,10.764586
0.0,6,10.764775
0.0,4,10.764918
0.0,4,10.765068
0.0,1,10.765146
0.0,12,10.765471
0.0,6,10.765665
0.0,1,10.765741
0.0,16,10.766156
0.0,13,10.766487
0.0,6,10.766676
0.0,5,10.76684
0.0,2,10.766939
0.0,3,10.76707
0.0,12,10.767391
1.0,20,10.767884
1.0,13,10.768237
0.0,19,10.768697
0.0,1,10.768778
1.0,13,10.769126
0.0,9,10.769388
0.0,14,10.769751
0.0,22,10.770293
0.0,27,10.770933
0.0,11,10.771238
0.0,8,10.77147
0.0,3,10.771592
0.0,3,10.771713
0.0,5,10.771878
0.0,7,10.772092
0.0,1,10.772168
0.0,21,10.772677
0.0,10,10.772947
0.0,2,10.773056
1.0,11,10.773347
1.0,69,10.77485
1.0,14,10.775216
0.0,19,10.775672
1.0,11,10.775963
0.0,2,10.77607
0.0,13,10.776412
0.0,13,10.776754
0.0,3,10.776875
0.0,2,10.776974
1.0,9,10.777241
0.0,2,10.777342
0.0,19,10.777806
0.0,8,10.778041
1.0,18,10.778477
0.0,29,10.779155
0.0,22,10.779674
0.0,18,10.780132
0.0,38,10.780972
0.0,8,10.78121
0.0,4,10.781359
0.0,9,10.781616
0.0,37,10.782468
0.0,6,10.782657
0.0,1,10.782733
0.0,9,10.782986
0.0,12,10.783307
0.0,3,10.783435
0.0,3,10.783558
0.0,8,10.78379
0.0,1,10.78387
0.0,5,10.784045
0.0,4,10.784194
0.0,9,10.784444
0.0,8,10.78468
0.0,8,10.784907
0.0,2,10.785013
0.0,2,10.785114
0.0,5,10.785285
0.0,2,10.785385
0.0,4,10.785532
0.0,8,10.785758
0.0,9,10.786019
0.0,5,10.786191
0.0,1,10.786268
0.0,2,10.786367
1.0,6,10.786559
0.0,2,10.786663
0.0,5,10.786834
0.0,2,10.78694
0.0,15,10.787324
0.0,22,10.787851
0.0,12,10.788177
0.0,8,10.788407
0.0,5,10.788587
0.0,4,10.788739
0.0,13,10.789099
0.0,28,10.789757
0.0,9,10.790023
0.0,4,10.790175
0.0,6,10.790361
0.0,9,10.790616
0.0,12,10.790928
1.0,33,10.791695
0.0,7,10.791909
0.0,3,10.792046
0.0,4,10.792192
0.0,7,10.792399
0.0,8,10.792628
0.0,5,10.792799
0.0,2,10.792898
0.0,2,10.792998
0.0,7,10.793221
0.0,5,10.793393
0.0,16,10.793787
0.0,4,10.793933
0.0,6,10.794131
0.0,25,10.794738
0.0,3,10.794861
0.0,4,10.79501
0.0,7,10.795226
1.0,21,10.795732
0.0,12,10.796057
0.0,28,10.796714
0.0,19,10.797189
0.0,7,10.797396
0.0,13,10.797727
0.0,29,10.798407
0.0,1,10.798484
0.0,2,10.798585
0.0,5,10.798756
0.0,5,10.798926
0.0,1,10.799011
0.0,12,10.799335
0.0,5,10.799502
0.0,10,10.799778
0.0,29,10.800449
0.0,5,10.800623
1.0,16,10.801041
0.0,11,10.801339
1.0,17,10.801755
0.0,17,10.802186
0.0,13,10.80252
0.0,2,10.802624
0.0,3,10.802747
0.0,12,10.803075
0.0,1,10.803156
0.0,6,10.803343
1.0,10,10.803616
0.0,4,10.803762
0.0,10,10.80405
0.0,11,10.804348
0.0,28,10.804996
0.0,7,10.805214
0.0,3,10.80534
0.0,12,10.805662
0.0,3,10.805784
0.0,1,10.805863
0.0,6,10.80606
1.0,20,10.806542
0.0,26,10.807152
0.0,6,10.807344
0.0,3,10.807471
0.0,4,10.807619
0.0,4,10.807764
0.0,7,10.807976
0.0,2,10.808089
0.0,5,10.808258
0.0,15,10.808666
0.0,7,10.808883
0.0,29,10.809573
0.0,8,10.809809
0.0,4,10.809955
0.0,8,10.810195
1.0,11,10.810488
0.0,14,10.81084
1.0,17,10.811268
0.0,4,10.811418
0.0,4,10.811569
0.0,17,10.811999
0.0,7,10.812222
0.0,5,10.812397
0.0,16,10.812801
0.0,4,10.81295
1.0,28,10.813612
0.0,13,10.81395
0.0,11,10.814255
0.0,4,10.814404
0.0,13,10.814734
0.0,4,10.814875
0.0,2,10.814974
0.0,4,10.815134
0.0,13,10.815466
0.0,8,10.815691
0.0,8,10.815923
0.0,5,10.816103
0.0,12,10.816417
0.0,6,10.816612
0.0,6,10.816807
0.0,1,10.816883
1.0,14,10.817258
0.0,12,10.817573
0.0,4,10.817716
0.0,1,10.817791
0.0,2,10.817896
1.0,19,10.818379
0.0,3,10.818501
0.0,9,10.818756
0.0,6,10.818951
0.0,4,10.819102
0.0,11,10.819395
0.0,2,10.819495
0.0,6,10.819684
0.0,6,10.819875
0.0,11,10.820187
1.0,12,10.820508
0.0,13,10.820847
0.0,15,10.821228
1.0,19,10.821688
0.0,1,10.821764
0.0,4,10.821912
0.0,11,10.822216
0.0,3,10.82234
0.0,5,10.822507
0.0,41,10.823448
0.0,3,10.823571
0.0,7,10.823784
0.0,2,10.82389
0.0,3,10.824023
0.0,1,10.824102
0.0,1,10.824178
0.0,11,10.824475
0.0,20,10.824949
0.0,27,10.825578
0.0,11,10.825874
0.0,3,10.825996
0.0,19,10.826464
0.0,1,10.826544
0.0,7,10.826759
0.0,9,10.827018
1.0,14,10.827376
0.0,9,10.827623
0.0,11,10.827912
0.0,2,10.828019
0.0,13,10.828356
0.0,7,10.828561
0.0,2,10.828665
0.0,22,10.829194
0.0,7,10.829406
0.0,20,10.829875
0.0,27,10.830526
0.0,1,10.830608
0.0,6,10.830798
0.0,9,10.831062
0.0,4,10.831217
0.0,9,10.831464
0.0,3,10.83159
1.0,8,10.831821
0.0,3,10.831948
0.0,12,10.832269
0.0,29,10.832934
0.0,13,10.833282
0.0,11,10.833576
0.0,5,10.833746
0.0,6,10.83393
0.0,5,10.834103
0.0,8,10.83434
0.0,4,10.834488
0.0,4,10.834637
0.0,4,10.834782
0.0,4,10.834926
0.0,6,10.835121
0.0,8,10.835355
0.0,4,10.835503
0.0,5,10.835668
0.0,26,10.836281
1.0,10,10.836555
0.0,4,10.836698
0.0,6,10.836884
0.0,13,10.837231
0.0,1,10.837309
0.0,11,10.837601
0.0,6,10.837786
0.0,4,10.83793
0.0,22,10.838458
0.0,7,10.83867
0.0,5,10.838907
0.0,10,10.839246
0.0,17,10.839683
0.0,6,10.839875
0.0,5,10.840055
0.0,1,10.840137
0.0,10,10.840418
0.0,22,10.840935
0.0,3,10.841066
0.0,11,10.841356
0.0,4,10.841499
0.0,25,10.842095
0.0,4,10.842239
0.0,7,10.84245
0.0,14,10.842807
0.0,9,10.843071
0.0,2,10.843177
0.0,5,10.843351
0.0,4,10.843495
0.0,3,10.843616
0.0,14,10.84398
0.0,22,10.844505
0.0,10,10.844777
0.0,2,10.844877
0.0,14,10.84525
0.0,8,10.845483
0.0,10,10.845758
0.0,31,10.84647
0.0,18,10.846915
0.0,4,10.847076
0.0,3,10.8472
1.0,7,10.847411
0.0,21,10.847921
0.0,10,10.848201
0.0,27,10.848827
1.0,19,10.849292
0.0,29,10.849945
0.0,17,10.85038
0.0,6,10.85057
0.0,1,10.850649
0.0,22,10.851193
0.0,7,10.851409
0.0,1,10.851489
0.0,22,10.852035
0.0,20,10.852509
0.0,32,10.853261
0.0,2,10.853368
0.0,3,10.85349
1.0,7,10.853704
0.0,17,10.854138
0.0,40,10.855043
0.0,7,10.855257
0.0,40,10.856164
0.0,15,10.85655
0.0,10,10.856829
0.0,1,10.856908
1.0,18,10.857355
0.0,3,10.857482
0.0,3,10.857605
0.0,10,10.857884
0.0,1,10.857964
0.0,13,10.858312
0.0,1,10.85839
0.0,3,10.85852
0.0,17,10.858941
0.0,20,10.859432
0.0,3,10.859561
0.0,3,10.859684
0.0,28,10.860353
0.0,6,10.86054
0.0,2,10.860643
0.0,1,10.860719
0.0,9,10.860973
0.0,10,10.861248
0.0,24,10.861818
0.0,24,10.8624
0.0,4,10.862549
0.0,6,10.862735
0.0,25,10.863348
0.0,3,10.863476
0.0,8,10.863704
0.0,10,10.863973
0.0,6,10.864172
0.0,4,10.864321
0.0,20,10.864794
0.0,11,10.865089
0.0,10,10.865358
0.0,7,10.865563
0.0,5,10.86573
0.0,4,10.865873
0.0,11,10.866179
0.0,4,10.866327
0.0,8,10.86656
0.0,6,10.866751
0.0,3,10.866873
0.0,3,10.866995
0.0,1,10.86708
0.0,7,10.867297
0.0,31,10.868027
0.0,9,10.868281
0.0,5,10.868446
0.0,1,10.868525
0.0,5,10.86869
0.0,27,10.869331
0.0,10,10.869608
0.0,16,10.870021
0.0,7,10.87023
0.0,7,10.870435
0.0,32,10.871184
1.0,21,10.871694
0.0,1,10.871774
0.0,7,10.871981
0.0,3,10.872111
0.0,4,10.872257
0.0,4,10.872399
0.0,1,10.872478
0.0,5,10.872644
0.0,1,10.872722
0.0,5,10.872893
0.0,4,10.873045
0.0,22,10.873557
0.0,6,10.873745
0.0,4,10.873889
1.0,10,10.874167
0.0,17,10.874587
0.0,24,10.875161
0.0,4,10.875306
0.0,3,10.875432
1.0,14,10.875791
0.0,4,10.875936
0.0,22,10.876463
1.0,10,10.876733
0.0,5,10.876896
1.0,48,10.877979
0.0,4,10.878138
0.0,6,10.878331
0.0,11,10.87862
0.0,4,10.878768
0.0,3,10.87889
0.0,6,10.879089
0.0,7,10.879303
0.0,4,10.87945
0.0,7,10.879656
0.0,1,10.879731
0.0,7,10.879938
0.0,3,10.880068
0.0,1,10.880145
0.0,2,10.880245
1.0,9,10.880499
0.0,1,10.880574
0.0,6,10.880757
0.0,3,10.880878
0.0,14,10.881252
1.0,12,10.881567
0.0,13,10.881903
1.0,15,10.882292
0.0,18,10.882737
0.0,14,10.883111
0.0,5,10.883282
0.0,4,10.883425
0.0,6,10.88361
1.0,8,10.883835
0.0,4,10.883976
0.0,3,10.884104
0.0,3,10.884231
0.0,4,10.884373
0.0,6,10.884558
1.0,20,10.885048
0.0,3,10.885177
0.0,6,10.885367
0.0,10,10.885637
0.0,6,10.885826
0.0,5,10.885998
0.0,5,10.886172
0.0,27,10.886802
1.0,7,10.887026
0.0,6,10.887221
0.0,1,10.887301
0.0,3,10.887429
0.0,27,10.888066
0.0,16,10.888461
0.0,12,10.888781
0.0,18,10.889235
0.0,1,10.889312
0.0,7,10.889517
0.0,3,10.889642
0.0,19,10.890116
0.0,8,10.890354
0.0,6,10.890548
0.0,2,10.890648
0.0,4,10.890795
0.0,9,10.891059
0.0,14,10.891413
0.0,1,10.891489
0.0,3,10.89161
1.0,7,10.891823
0.0,19,10.892301
0.0,5,10.892466
0.0,1,10.892545
0.0,7,10.89276
0.0,3,10.892882
0.0,3,10.89302
0.0,17,10.893446
0.0,11,10.893745
1.0,13,10.894092
0.0,1,10.894169
0.0,5,10.894338
0.0,6,10.894522
0.0,9,10.89477
0.0,1,10.894845
0.0,10,10.895128
0.0,15,10.895508
0.0,4,10.895651
0.0,10,10.895926
0.0,6,10.896132
0.0,8,10.896361
0.0,12,10.896671
0.0,5,10.89684
0.0,8,10.897078
0.0,1,10.897158
0.0,5,10.897322
0.0,19,10.897779
0.0,11,10.898082
0.0,6,10.898272
0.0,5,10.898435
0.0,6,10.89862
0.0,7,10.898824
0.0,3,10.898949
0.0,1,10.899036
0.0,9,10.89929
0.0,8,10.899524
0.0,5,10.899689
0.0,7,10.899894
0.0,1,10.899972
0.0,9,10.900239
0.0,37,10.90109
0.0,14,10.901457
0.0,4,10.901608
0.0,16,10.902025
0.0,2,10.902128
0.0,12,10.902442
0.0,1,10.902522
0.0,5,10.902687
1.0,26,10.903297
1.0,8,10.903523
0.0,16,10.903917
0.0,1,10.903993
0.0,3,10.904123
0.0,15,10.904508
0.0,1,10.904584
0.0,1,10.90466
0.0,1,10.904735
0.0,3,10.904857
0.0,9,10.905118
0.0,6,10.905305
0.0,4,10.905449
0.0,2,10.905553
0.0,17,10.90598
0.0,5,10.906158
0.0,8,10.906393
1.0,17,10.906822
0.0,5,10.906985
0.0,1,10.907068
0.0,16,10.907474
0.0,7,10.90768
0.0,3,10.907807
0.0,11,10.908126
0.0,13,10.908468
1.0,23,10.909025
0.0,6,10.909209
0.0,22,10.909719
0.0,15,10.910111
0.0,7,10.910323
0.0,4,10.910467
0.0,28,10.911125
0.0,20,10.911609
0.0,1,10.911686
0.0,29,10.912363
0.0,9,10.912609
0.0,5,10.912771
0.0,8,10.912997
0.0,27,10.913641
0.0,6,10.913826
1.0,38,10.914748
0.0,21,10.915259
0.0,11,10.915557
0.0,7,10.915761
0.0,30,10.916459
0.0,5,10.916626
0.0,7,10.916844
0.0,4,10.916988
0.0,6,10.917183
0.0,9,10.917431
0.0,3,10.917557
0.0,18,10.917998
0.0,7,10.918218
0.0,6,10.918408
0.0,6,10.918597
0.0,5,10.918761
0.0,9,10.919019
0.0,7,10.919225
0.0,1,10.919304
0.0,14,10.919671
0.0,7,10.91988
0.0,4,10.920033
0.0,5,10.920199
0.0,7,10.92041
1.0,10,10.920682
0.0,7,10.920892
0.0,11,10.921201
0.0,14,10.921571
0.0,5,10.921738
0.0,2,10.921838
1.0,12,10.922169
0.0,2,10.922271
0.0,8,10.922505
1.0,26,10.923127
0.0,2,10.923234
0.0,21,10.923745
0.0,8,10.923971
0.0,11,10.924272
0.0,10,10.92455
0.0,2,10.924652
0.0,2,10.92476
0.0,7,10.924969
0.0,22,10.925509
0.0,10,10.925783
0.0,8,10.926029
0.0,16,10.92643
0.0,14,10.926784
0.0,7,10.926989
0.0,3,10.92712
0.0,14,10.927466
0.0,8,10.9277
0.0,9,10.927954
0.0,13,10.928302
0.0,4,10.928453
0.0,51,10.929677
0.0,9,10.929937
0.0,6,10.930137
0.0,4,10.930283
1.0,14,10.930637
0.0,18,10.93109
0.0,1,10.931172
0.0,6,10.931361
0.0,9,10.93162
0.0,11,10.931913
0.0,1,10.93199
0.0,10,10.932273
0.0,3,10.932401
0.0,10,10.932674
1.0,13,10.933013
0.0,5,10.933188
0.0,4,10.933338
0.0,6,10.933525
0.0,44,10.934524
0.0,17,10.93495
1.0,17,10.935382
0.0,1,10.935461
0.0,7,10.935671
0.0,3,10.935793
0.0,11,10.936109
0.0,8,10.936349
0.0,6,10.936536
0.0,4,10.936683
0.0,12,10.937001
0.0,18,10.937462
0.0,1,10.937543
0.0,5,10.93771
0.0,13,10.938065
0.0,9,10.938323
0.0,21,10.938833
0.0,4,10.939067
0.0,14,10.939477
0.0,4,10.939633
0.0,3,10.939756
0.0,4,10.939899
0.0,4,10.940062
0.0,2,10.940164
0.0,2,10.940269
0.0,7,10.940481
0.0,14,10.94084
0.0,2,10.940944
0.0,1,10.941033
0.0,11,10.941332
0.0,4,10.941476
0.0,17,10.941888
0.0,19,10.942358
0.0,16,10.942769
0.0,2,10.942876
0.0,6,10.943074
0.0,11,10.943395
0.0,8,10.943634
0.0,1,10.943715
0.0,5,10.943882
0.0,17,10.944359
0.0,3,10.944483
0.0,2,10.944587
0.0,11,10.944882
1.0,16,10.945342
0.0,8,10.945571
0.0,4,10.945714
0.0,5,10.945876
0.0,9,10.946138
0.0,2,10.94624
1.0,9,10.946497
0.0,1,10.946573
0.0,2,10.946673
0.0,1,10.946748
0.0,4,10.946897
0.0,5,10.947096
0.0,9,10.947382
0.0,5,10.947551
0.0,9,10.947807
0.0,11,10.948141
0.0,11,10.948455
0.0,6,10.948641
0.0,5,10.948804
0.0,4,10.94895
0.0,5,10.94913
0.0,10,10.949405
0.0,33,10.950175
0.0,1,10.950253
0.0,9,10.950509
1.0,13,10.950853
1.0,18,10.95132
0.0,3,10.951443
0.0,13,10.951773
0.0,11,10.952083
0.0,6,10.952271
0.0,4,10.952421
0.0,7,10.952634
0.0,14,10.952991
0.0,12,10.953313
0.0,3,10.953434
0.0,5,10.953598
0.0,3,10.953724
0.0,1,10.953799
0.0,8,10.954036
0.0,12,10.954353
0.0,8,10.954579
0.0,12,10.954897
0.0,12,10.955216
0.0,2,10.955322
0.0,16,10.955724
0.0,3,10.955844
0.0,1,10.95592
0.0,2,10.956029
0.0,6,10.956222
0.0,5,10.956387
0.0,9,10.956642
0.0,3,10.956768
0.0,1,10.956844
0.0,3,10.956973
0.0,4,10.957126
0.0,4,10.957269
0.0,6,10.957451
0.0,4,10.957599
0.0,11,10.957899
0.0,9,10.958171
0.0,7,10.958379
0.0,6,10.958563
0.0,11,10.958857
0.0,11,10.959159
0.0,4,10.959308
0.0,4,10.959452
0.0,21,10.959969
0.0,7,10.960192
0.0,4,10.960342
0.0,11,10.960641
0.0,2,10.960741
0.0,7,10.960953
0.0,9,10.961216
0.0,21,10.961721
0.0,12,10.962047
0.0,1,10.96213
0.0,26,10.962738
0.0,2,10.962842
0.0,18,10.963299
0.0,5,10.963465
0.0,4,10.963612
0.0,4,10.963757
0.0,5,10.963926
1.0,40,10.964841
0.0,3,10.964963
0.0,8,10.965204
0.0,6,10.9654
0.0,6,10.965594
0.0,5,10.965766
0.0,5,10.965937
0.0,9,10.966203
0.0,2,10.966305
0.0,4,10.966448
0.0,6,10.966643
0.0,8,10.966871
0.0,9,10.967129
0.0,1,10.96721
0.0,14,10.967577
0.0,4,10.967721
0.0,12,10.968049
0.0,10,10.968327
0.0,6,10.968513
0.0,4,10.968658
0.0,5,10.968827
0.0,1,10.968906
0.0,30,10.969635
0.0,4,10.969786
0.0,3,10.969909
0.0,5,10.970091
0.0,7,10.970301
0.0,5,10.970472
0.0,5,10.970635
0.0,9,10.970893
0.0,36,10.971734
0.0,3,10.971859
0.0,3,10.971981
0.0,4,10.972132
0.0,11,10.972426
0.0,6,10.972615
0.0,6,10.972808
0.0,11,10.973107
0.0,4,10.973268
0.0,4,10.973413
0.0,16,10.973812
0.0,7,10.974029
0.0,4,10.974174
0.0,1,10.97425
0.0,11,10.974556
0.0,9,10.974809
1.0,12,10.975138
0.0,10,10.97542
0.0,7,10.975632
0.0,7,10.97584
1.0,11,10.97614
0.0,5,10.976309
0.0,13,10.976647
0.0,4,10.976798
0.0,1,10.976877
0.0,2,10.976978
0.0,7,10.977249
0.0,10,10.977532
0.0,3,10.977654
0.0,12,10.977974
0.0,9,10.978234
1.0,8,10.978461
0.0,2,10.978564
0.0,11,10.978862
0.0,5,10.979043
1.0,13,10.979376
0.0,7,10.979589
0.0,7,10.979805
0.0,11,10.980108
0.0,7,10.980323
0.0,10,10.980592
0.0,3,10.980715
0.0,4,10.980862
0.0,2,10.980967
0.0,5,10.981144
0.0,5,10.981313
0.0,2,10.981414
0.0,12,10.981727
0.0,3,10.981853
0.0,20,10.98235
0.0,7,10.982558
0.0,3,10.982684
0.0,2,10.982783
0.0,1,10.982858
0.0,1,10.982934
0.0,3,10.983065
0.0,4,10.983215
0.0,18,10.983661
0.0,7,10.983875
0.0,9,10.984146
0.0,3,10.984271
0.0,7,10.984478
0.0,6,10.984663
0.0,11,10.984967
0.0,2,10.985075
0.0,4,10.985221
0.0,1,10.9853
0.0,10,10.985579
0.0,11,10.985876
0.0,8,10.986111
0.0,9,10.986365
0.0,15,10.986737
0.0,5,10.986901
0.0,5,10.987081
0.0,11,10.987372
0.0,42,10.988333
0.0,12,10.988654
0.0,3,10.98878
0.0,13,10.989127
1.0,47,10.990175
0.0,8,10.990408
0.0,12,10.990727
0.0,4,10.990875
0.0,1,10.990952
0.0,3,10.991082
0.0,3,10.99121
1.0,29,10.991894
0.0,1,10.991974
0.0,9,10.992236
0.0,2,10.992337
0.0,1,10.992413
0.0,1,10.992488
0.0,9,10.992737
0.0,2,10.992835
0.0,13,10.993179
0.0,9,10.993437
0.0,2,10.993545
0.0,21,10.99406
0.0,14,10.994422
0.0,17,10.994839
1.0,16,10.995246
0.0,9,10.995498
1.0,16,10.995899
0.0,5,10.996081
0.0,11,10.996385
0.0,13,10.996722
0.0,5,10.996886
0.0,6,10.99708
0.0,19,10.997542
0.0,5,10.997707
0.0,13,10.998054
0.0,6,10.998247
0.0,7,10.998461
1.0,10,10.998741
0.0,9,10.998997
0.0,3,10.999132
0.0,9,10.999385
0.0,5,10.999549
0.0,8,10.999782
0.0,2,10.999882
0.0,1,10.999962
0.0,4,11.000121
0.0,7,11.000332
0.0,5,11.000502
0.0,12,11.000823
0.0,4,11.000967
0.0,4,11.001124
0.0,16,11.001529
0.0,2,11.001635
0.0,14,11.00201
0.0,3,11.002137
0.0,4,11.002285
0.0,1,11.002362
0.0,11,11.00266
0.0,16,11.003082
0.0,10,11.00336
0.0,2,11.00346
1.0,9,11.003707
0.0,3,11.003833
0.0,1,11.003909
0.0,22,11.004444
0.0,10,11.004727
0.0,6,11.004915
1.0,39,11.005805
0.0,2,11.005908
0.0,6,11.006116
0.0,4,11.006263
0.0,6,11.006458
0.0,17,11.006879
0.0,5,11.007062
0.0,14,11.007423
0.0,4,11.007565
0.0,4,11.007708
0.0,1,11.007783
0.0,6,11.007974
0.0,1,11.00806
0.0,6,11.008254
0.0,1,11.00833
0.0,9,11.008589
0.0,2,11.00869
0.0,23,11.009241
0.0,16,11.009636
0.0,8,11.009862
0.0,17,11.010292
0.0,7,11.010499
0.0,3,11.01062
0.0,18,11.011066
0.0,2,11.011168
0.0,4,11.011312
0.0,2,11.011411
0.0,16,11.011806
0.0,4,11.01195
0.0,2,11.012063
0.0,4,11.012211
0.0,9,11.012466
0.0,9,11.012713
0.0,4,11.012855
0.0,1,11.012934
0.0,8,11.013197
0.0,1,11.013279
0.0,3,11.013426
0.0,1,11.013503
0.0,3,11.013625
0.0,2,11.013726
0.0,33,11.014548
0.0,3,11.01468
0.0,5,11.014851
0.0,2,11.014952
0.0,3,11.015088
0.0,7,11.0153
0.0,7,11.015515
0.0,16,11.015917
0.0,41,11.01685
1.0,20,11.017354
0.0,22,11.01789
0.0,1,11.017971
0.0,2,11.018086
0.0,8,11.018323
0.0,17,11.018756
0.0,5,11.018923
0.0,5,11.019103
0.0,5,11.019271
0.0,9,11.019521
0.0,6,11.019707
0.0,1,11.019784
0.0,20,11.020275
1.0,17,11.020688
0.0,33,11.021459
0.0,10,11.021735
0.0,8,11.021963
0.0,10,11.022239
0.0,12,11.022563
0.0,9,11.022818
0.0,20,11.023323
0.0,5,11.023492
0.0,19,11.023957
0.0,7,11.024182
0.0,7,11.02439
0.0,3,11.024517
1.0,27,11.025162
0.0,5,11.025329
0.0,6,11.025528
0.0,6,11.025724
0.0,7,11.025932
0.0,13,11.026277
0.0,2,11.026381
0.0,16,11.026786
0.0,24,11.02737
0.0,1,11.027449
0.0,11,11.027741
0.0,1,11.027818
0.0,14,11.028183
0.0,6,11.028372
0.0,1,11.028448
0.0,6,11.028636
0.0,3,11.028757
0.0,11,11.02907
0.0,7,11.029285
0.0,4,11.029431
0.0,1,11.029508
0.0,5,11.029679
0.0,1,11.029756
0.0,19,11.030252
0.0,6,11.030449
0.0,1,11.03053
0.0,4,11.030681
0.0,7,11.0309
0.0,5,11.031082
0.0,13,11.031423
0.0,30,11.032145
0.0,6,11.03234
0.0,4,11.032486
0.0,1,11.032562
0.0,3,11.032691
0.0,2,11.032792
0.0,6,11.032989
1.0,11,11.033298
0.0,4,11.033447
0.0,5,11.033619
0.0,24,11.034209
0.0,4,11.034364
0.0,11,11.034656
0.0,4,11.0348
0.0,18,11.035257
0.0,2,11.03536
0.0,3,11.035483
0.0,3,11.035606
0.0,11,11.035911
0.0,3,11.036046
0.0,7,11.036254
0.0,4,11.036397
0.0,1,11.036476
0.0,4,11.036626
0.0,9,11.036874
0.0,5,11.037058
0.0,3,11.037182
0.0,52,11.03832
0.0,17,11.038745
0.0,16,11.039159
1.0,20,11.039741
0.0,2,11.039852
0.0,2,11.03996
0.0,12,11.040331
0.0,6,11.040519
0.0,12,11.040839
0.0,12,11.041166
0.0,1,11.041249
0.0,16,11.041651
0.0,11,11.04194
0.0,8,11.042183
0.0,10,11.042463
0.0,1,11.04254
0.0,27,11.04319
0.0,16,11.043602
0.0,17,11.044024
0.0,2,11.044125
1.0,6,11.04431
0.0,1,11.044384
0.0,11,11.044688
0.0,9,11.044935
0.0,5,11.045107
0.0,13,11.045444
0.0,5,11.045609
0.0,1,11.045685
0.0,1,11.045761
1.0,12,11.046083
0.0,11,11.046376
0.0,5,11.046539
0.0,25,11.047136
0.0,10,11.047407
0.0,9,11.047663
0.0,3,11.047792
0.0,12,11.048119
0.0,11,11.048422
0.0,4,11.04857
0.0,10,11.048846
0.0,16,11.04926
0.0,3,11.049384
0.0,1,11.049463
0.0,11,11.049756
0.0,16,11.050167
0.0,7,11.05038
0.0,6,11.050571
0.0,3,11.050697
0.0,4,11.050841
0.0,7,11.051071
0.0,1,11.051149
0.0,40,11.052063
0.0,5,11.05223
0.0,2,11.052331
0.0,2,11.052432
0.0,5,11.052597
0.0,3,11.052719
0.0,14,11.053088
0.0,3,11.053213
0.0,5,11.053376
0.0,1,11.053456
0.0,2,11.053561
0.0,7,11.053776
1.0,9,11.054035
0.0,19,11.054492
0.0,8,11.054724
0.0,3,11.054846
0.0,4,11.054995
0.0,3,11.055134
0.0,4,11.055279
0.0,5,11.05545
0.0,5,11.055614
0.0,2,11.055717
0.0,15,11.056108
0.0,5,11.05628
0.0,4,11.056428
0.0,4,11.056571
0.0,4,11.056719
0.0,4,11.056863
0.0,1,11.056942
0.0,2,11.057052
0.0,14,11.057409
0.0,11,11.057699
0.0,8,11.057935
0.0,16,11.05835
0.0,5,11.058517
0.0,7,11.058725
1.0,28,11.059372
0.0,12,11.059685
0.0,25,11.060281
0.0,5,11.060446
0.0,2,11.060549
0.0,4,11.060697
0.0,8,11.060928
0.0,7,11.061144
0.0,3,11.06127
0.0,6,11.061456
0.0,7,11.061662
0.0,9,11.061916
0.0,7,11.062132
0.0,4,11.062281
0.0,12,11.062598
0.0,6,11.062788
0.0,13,11.063137
0.0,4,11.063281
0.0,9,11.06353
0.0,14,11.063888
0.0,9,11.064158
0.0,10,11.064437
0.0,6,11.064622
0.0,11,11.064912
0.0,5,11.065085
0.0,5,11.065251
0.0,7,11.065458
0.0,6,11.065647
0.0,11,11.065942
0.0,6,11.066143
0.0,6,11.06633
0.0,4,11.066478
0.0,6,11.066666
0.0,15,11.067051
0.0,9,11.067303
0.0,7,11.067506
0.0,1,11.067585
0.0,4,11.067728
0.0,7,11.067938
0.0,7,11.068154
0.0,4,11.068298
0.0,4,11.068441
0.0,13,11.068775
0.0,1,11.068855
0.0,16,11.069268
0.0,12,11.069583
0.0,3,11.069706
0.0,4,11.069849
0.0,4,11.069991
0.0,4,11.070153
0.0,5,11.070323
0.0,3,11.070445
0.0,9,11.0707
0.0,2,11.0708
0.0,14,11.071163
0.0,3,11.071292
0.0,18,11.071725
0.0,9,11.071971
0.0,9,11.072237
0.0,10,11.072517
0.0,17,11.072941
0.0,10,11.073229
0.0,18,11.073674
1.0,15,11.074063
0.0,8,11.074293
0.0,4,11.074436
0.0,9,11.074686
0.0,8,11.074908
0.0,6,11.075107
0.0,2,11.075208
0.0,4,11.075353
0.0,2,11.075452
0.0,4,11.075601
0.0,1,11.075677
0.0,3,11.075803
0.0,1,11.075879
0.0,1,11.075954
0.0,1,11.076037
0.0,5,11.076203
0.0,7,11.07641
0.0,1,11.076485
0.0,2,11.076586
0.0,1,11.076662
0.0,1,11.076737
0.0,5,11.076907
0.0,2,11.077014
0.0,3,11.077144
0.0,15,11.077522
0.0,11,11.077817
0.0,19,11.078282
0.0,3,11.078409
0.0,5,11.07858
0.0,16,11.078972
1.0,9,11.079231
0.0,5,11.079406
0.0,5,11.079576
0.0,8,11.079802
0.0,11,11.080111
0.0,9,11.080368
0.0,17,11.080786
0.0,1,11.080863
0.0,2,11.080963
0.0,9,11.081225
0.0,12,11.081545
1.0,30,11.082245
0.0,4,11.082388
0.0,1,11.082464
0.0,6,11.08265
0.0,6,11.082843
0.0,3,11.082969
0.0,25,11.083574
0.0,12,11.083889
0.0,10,11.084169
0.0,21,11.084683
0.0,17,11.08511
0.0,4,11.085255
0.0,12,11.085569
0.0,6,11.085755
0.0,12,11.08608
0.0,3,11.086202
0.0,2,11.086306
0.0,11,11.086615
0.0,30,11.087321
0.0,4,11.087466
0.0,44,11.088455
0.0,13,11.088785
0.0,8,11.089016
0.0,9,11.089265
0.0,2,11.089365
0.0,6,11.089561
0.0,2,11.089663
0.0,6,11.089854
0.0,13,11.090206
0.0,19,11.090669
0.0,2,11.090773
0.0,9,11.091038
0.0,36,11.091879
0.0,2,11.091983
0.0,13,11.092334
0.0,8,11.092564
0.0,5,11.092734
0.0,4,11.092875
0.0,4,11.093031
0.0,4,11.093177
0.0,6,11.093366
0.0,16,11.093758
1.0,13,11.094096
0.0,6,11.094288
0.0,6,11.094481
0.0,3,11.094602
0.0,10,11.09487
0.0,4,11.09502
0.0,6,11.095213
0.0,1,11.095289
0.0,3,11.095416
0.0,15,11.095802
0.0,3,11.09593
0.0,3,11.09606
0.0,1,11.096141
0.0,10,11.096421
0.0,4,11.096565
0.0,26,11.097187
0.0,2,11.097289
0.0,9,11.097543
0.0,2,11.097643
0.0,3,11.097764
0.0,6,11.097947
0.0,7,11.098166
0.0,1,11.098244
0.0,4,11.098388
0.0,6,11.098581
0.0,4,11.098726
0.0,7,11.098931
0.0,13,11.099273
0.0,2,11.099374
0.0,3,11.099496
0.0,6,11.099681
0.0,5,11.099844
0.0,3,11.099966
0.0,5,11.100138
0.0,15,11.100529
0.0,4,11.100676
0.0,18,11.101129
0.0,7,11.101338
0.0,7,11.10155
0.0,6,11.101733
0.0,6,11.101919
0.0,4,11.102072
0.0,2,11.102174
0.0,1,11.102249
0.0,4,11.102399
0.0,1,11.102475
0.0,3,11.102597
0.0,1,11.102673
0.0,1,11.102748
0.0,22,11.103286
0.0,2,11.103388
0.0,7,11.103598
0.0,8,11.103831
0.0,4,11.103979
0.0,3,11.104113
0.0,14,11.104471
0.0,29,11.105157
0.0,14,11.105522
0.0,2,11.105622
0.0,12,11.105932
0.0,2,11.10604
0.0,5,11.106212
0.0,1,11.106292
0.0,8,11.106531
0.0,4,11.106675
0.0,2,11.106774
0.0,3,11.1069
0.0,16,11.107304
0.0,7,11.107518
0.0,2,11.107618
0.0,7,11.107834
0.0,2,11.107935
0.0,5,11.108108
0.0,14,11.108468
0.0,5,11.108638
0.0,28,11.109297
0.0,10,11.109576
0.0,6,11.109763
0.0,6,11.109952
0.0,9,11.110222
0.0,7,11.110429
0.0,15,11.110806
0.0,11,11.111113
0.0,10,11.111387
0.0,8,11.111613
0.0,2,11.111712
0.0,8,11.111938
0.0,5,11.112108
0.0,1,11.112184
0.0,21,11.112687
0.0,23,11.113234
0.0,13,11.113604
0.0,8,11.113829
0.0,6,11.114019
0.0,2,11.11412
0.0,6,11.114315
0.0,9,11.114567
0.0,7,11.114772
0.0,2,11.114876
0.0,21,11.115399
0.0,6,11.115587
0.0,6,11.115772
0.0,3,11.115894
0.0,8,11.116133
0.0,5,11.116305
0.0,9,11.116565
0.0,14,11.116925
0.0,11,11.117229
0.0,1,11.117306
0.0,6,11.117491
0.0,25,11.118088
0.0,14,11.118443
0.0,39,11.119332
0.0,8,11.11956
0.0,4,11.119708
0.0,4,11.119856
0.0,4,11.119999
0.0,19,11.120462
0.0,6,11.120652
0.0,17,11.121092
0.0,7,11.121299
0.0,15,11.121678
0.0,4,11.121821
0.0,22,11.122349
1.0,32,11.1231
0.0,6,11.123285
0.0,11,11.123577
0.0,8,11.123807
0.0,2,11.123907
0.0,12,11.12424
1.0,13,11.12458
1.0,7,11.124796
1.0,27,11.125443
0.0,4,11.12559
0.0,4,11.125733
0.0,29,11.126422
0.0,5,11.126595
0.0,13,11.126931
0.0,12,11.127259
0.0,3,11.127383
0.0,18,11.127822
0.0,1,11.1279
0.0,5,11.128076
0.0,1,11.128159
0.0,1,11.12824
0.0,1,11.128317
0.0,10,11.128594
0.0,3,11.128718
0.0,4,11.128867
0.0,15,11.12927
0.0,17,11.129699
0.0,6,11.129894
0.0,3,11.130034
0.0,2,11.130141
1.0,9,11.130403
0.0,27,11.131047
0.0,5,11.131215
0.0,2,11.13132
0.0,3,11.131451
0.0,6,11.131644
0.0,12,11.131955
0.0,17,11.132387
0.0,7,11.132601
0.0,7,11.132808
1.0,18,11.133257
0.0,5,11.133424
0.0,3,11.133552
0.0,59,11.134861
0.0,22,11.135397
0.0,1,11.135481
0.0,6,11.135673
0.0,4,11.135819
0.0,3,11.135942
0.0,5,11.136114
0.0,4,11.136265
0.0,9,11.136519
0.0,1,11.1366
0.0,4,11.136747
0.0,6,11.136931
0.0,14,11.137305
0.0,2,11.137407
1.0,8,11.137645
0.0,6,11.137831
0.0,1,11.137908
0.0,5,11.138083
0.0,27,11.138721
0.0,8,11.138951
0.0,4,11.139108
0.0,3,11.139235
0.0,11,11.139645
0.0,9,11.139909
0.0,1,11.13999
0.0,5,11.140191
0.0,6,11.140407
0.0,9,11.140668
0.0,5,11.140833
0.0,1,11.140913
0.0,5,11.141089
0.0,16,11.141483
0.0,7,11.141698
0.0,9,11.141944
0.0,7,11.14216
0.0,5,11.142327
0.0,6,11.142519
0.0,2,11.142619
0.0,13,11.142956
0.0,11,11.143261
0.0,1,11.143338
0.0,4,11.143493
0.0,16,11.14389
0.0,6,11.144085
0.0,1,11.144162
0.0,7,11.144368
0.0,7,11.144578
0.0,4,11.144732
1.0,15,11.145119
0.0,3,11.145243
0.0,5,11.145417
0.0,4,11.145561
0.0,2,11.145664
0.0,12,11.145983
0.0,2,11.146094
1.0,29,11.146778
0.0,1,11.146854
0.0,3,11.146975
0.0,6,11.147172
0.0,3,11.147295
0.0,8,11.147521
0.0,9,11.147771
0.0,7,11.147977
0.0,7,11.148195
1.0,13,11.148527
0.0,8,11.148762
0.0,7,11.148965
0.0,11,11.149262
0.0,5,11.149426
0.0,2,11.149525
0.0,1,11.1496
0.0,22,11.150136
0.0,6,11.15033
0.0,4,11.150475
0.0,3,11.150597
0.0,1,11.150671
0.0,9,11.150919
0.0,1,11.150995
0.0,4,11.151146
0.0,4,11.1513
0.0,3,11.151423
0.0,8,11.151655
0.0,3,11.151777
0.0,4,11.151922
0.0,5,11.152098
0.0,1,11.152175
0.0,2,11.15228
0.0,19,11.152745
0.0,10,11.153026
0.0,3,11.153151
0.0,2,11.153251
0.0,2,11.153351
0.0,6,11.153538
0.0,17,11.15396
0.0,13,11.154311
0.0,2,11.154417
0.0,12,11.154727
0.0,7,11.154936
0.0,15,11.155337
0.0,11,11.155629
0.0,4,11.15577
0.0,30,11.156478
0.0,36,11.157303
1.0,16,11.15771
0.0,5,11.157873
0.0,24,11.158442
0.0,3,11.158574
1.0,17,11.158993
0.0,16,11.159406
0.0,5,11.159577
0.0,22,11.160114
0.0,4,11.160259
0.0,14,11.160619
0.0,11,11.160921
0.0,4,11.161074
0.0,15,11.161454
0.0,2,11.161559
0.0,21,11.16207
1.0,14,11.162433
1.0,9,11.162682
0.0,7,11.162887
1.0,23,11.163444
0.0,4,11.163586
0.0,14,11.16395
0.0,12,11.164282
0.0,8,11.164524
0.0,3,11.164654
1.0,12,11.164975
0.0,4,11.165125
0.0,2,11.165226
0.0,4,11.165368
0.0,7,11.165573
0.0,1,11.165649
1.0,9,11.165897
0.0,12,11.166224
0.0,12,11.166541
0.0,6,11.166737
0.0,6,11.166921
0.0,19,11.167395
0.0,10,11.167669
0.0,8,11.167895
0.0,5,11.168067
0.0,8,11.168302
0.0,14,11.168669
0.0,4,11.168819
0.0,3,11.168942
0.0,15,11.16933
0.0,39,11.170228
0.0,12,11.170537
0.0,8,11.170762
0.0,9,11.171023
0.0,5,11.171194
0.0,9,11.171447
0.0,7,11.17166
0.0,6,11.171845
0.0,1,11.171924
1.0,6,11.172125
0.0,2,11.17223
0.0,7,11.172437
0.0,23,11.172974
0.0,3,11.173111
0.0,17,11.173532
0.0,1,11.173613
0.0,17,11.174046
0.0,34,11.174825
1.0,24,11.175404
0.0,21,11.175919
0.0,44,11.176916
0.0,5,11.177093
0.0,9,11.177344
1.0,31,11.178057
1.0,6,11.178252
0.0,7,11.178461
0.0,1,11.178537
1.0,8,11.178763
0.0,1,11.178838
0.0,12,11.179165
0.0,7,11.179379
0.0,30,11.180081
0.0,4,11.180226
0.0,14,11.180592
0.0,10,11.180865
0.0,1,11.180941
0.0,16,11.181344
0.0,7,11.181557
0.0,9,11.181814
0.0,12,11.182136
0.0,2,11.182237
0.0,6,11.182423
0.0,22,11.182947
0.0,3,11.183077
0.0,14,11.183435
0.0,3,11.183556
0.0,17,11.183972
0.0,13,11.184308
0.0,4,11.184455
0.0,7,11.184677
0.0,3,11.184805
0.0,3,11.184927
0.0,17,11.185351
0.0,15,11.185732
0.0,7,11.185941
0.0,2,11.186051
0.0,17,11.186478
0.0,23,11.187037
0.0,2,11.187139
0.0,3,11.187261
0.0,5,11.187426
0.0,17,11.187849
0.0,9,11.188119
0.0,3,11.188243
0.0,4,11.188386
0.0,17,11.188805
0.0,3,11.188931
0.0,3,11.189062
0.0,1,11.189143
0.0,3,11.189266
0.0,5,11.189437
0.0,13,11.189768
0.0,25,11.190356
0.0,3,11.190479
0.0,35,11.191283
0.0,4,11.191431
0.0,3,11.191558
0.0,2,11.191659
0.0,5,11.191831
0.0,6,11.192024
0.0,3,11.192146
0.0,2,11.19225
1.0,16,11.192652
0.0,36,11.19351
0.0,5,11.19368
0.0,8,11.193905
0.0,13,11.194275
0.0,24,11.194858
0.0,43,11.195818
0.0,20,11.196317
0.0,14,11.196668
0.0,10,11.196944
0.0,7,11.197166
0.0,19,11.197632
0.0,1,11.197712
0.0,41,11.198665
0.0,17,11.199098
1.0,7,11.199313
0.0,8,11.199546
0.0,5,11.199711
0.0,3,11.199832
0.0,4,11.199986
0.0,7,11.200213
0.0,4,11.200357
0.0,3,11.200479
0.0,12,11.200792
0.0,1,11.200867
0.0,14,11.201238
0.0,23,11.201795
0.0,21,11.202312
0.0,12,11.202627
1.0,8,11.202855
0.0,18,11.203309
0.0,8,11.203549
0.0,20,11.204042
0.0,8,11.204274
0.0,13,11.204608
0.0,2,11.204712
0.0,7,11.204928
0.0,3,11.20506
0.0,2,11.205162
0.0,6,11.205353
0.0,2,11.205452
0.0,4,11.205595
0.0,2,11.205695
0.0,9,11.205955
0.0,4,11.206111
0.0,12,11.206435
0.0,1,11.206515
0.0,1,11.206594
0.0,12,11.206917
0.0,6,11.20711
1.0,12,11.207428
0.0,19,11.207896
0.0,16,11.208305
0.0,7,11.208517
0.0,8,11.208744
0.0,1,11.208836
0.0,2,11.208939
0.0,13,11.209283
0.0,19,11.209739
0.0,23,11.210294
0.0,4,11.210444
0.0,2,11.210544
0.0,6,11.210727
0.0,11,11.211029
0.0,5,11.211195
0.0,13,11.211534
0.0,1,11.21161
0.0,7,11.211824
0.0,18,11.212274
0.0,15,11.212662
0.0,1,11.21274
0.0,5,11.212906
0.0,17,11.21334
0.0,5,11.213506
0.0,3,11.213632
0.0,2,11.213737
0.0,7,11.21395
0.0,13,11.214344
0.0,7,11.214551
0.0,6,11.214735
0.0,1,11.21481
0.0,8,11.215046
0.0,6,11.21524
0.0,2,11.21534
0.0,10,11.215618
0.0,11,11.215918
0.0,3,11.21605
0.0,9,11.216302
0.0,3,11.216428
0.0,12,11.216743
0.0,9,11.217008
0.0,4,11.21716
0.0,8,11.217388
0.0,8,11.217615
0.0,7,11.217826
0.0,7,11.218049
0.0,14,11.218406
0.0,7,11.218618
0.0,5,11.218792
0.0,5,11.218958
0.0,13,11.219311
0.0,10,11.219594
0.0,10,11.219877
0.0,5,11.220052
0.0,2,11.220154
0.0,1,11.220233
0.0,20,11.220726
0.0,13,11.221068
1.0,8,11.221302
0.0,6,11.221486
0.0,1,11.221562
0.0,6,11.221745
0.0,30,11.222445
0.0,9,11.222704
0.0,10,11.222984
1.0,15,11.223361
0.0,4,11.223509
0.0,7,11.223716
0.0,6,11.223907
0.0,24,11.224474
0.0,18,11.224926
0.0,8,11.225162
0.0,6,11.225348
0.0,5,11.225513
0.0,8,11.22574
0.0,4,11.225882
0.0,16,11.226287
0.0,9,11.226541
0.0,14,11.226901
0.0,7,11.22712
0.0,1,11.227201
0.0,14,11.227562
0.0,8,11.227795
0.0,14,11.228163
0.0,7,11.228372
0.0,3,11.228493
0.0,3,11.228614
0.0,8,11.228847
0.0,8,11.229084
0.0,8,11.229318
0.0,15,11.229696
0.0,17,11.230132
0.0,9,11.230385
0.0,27,11.231023
0.0,7,11.231232
0.0,4,11.231375
0.0,12,11.231696
0.0,2,11.231796
0.0,15,11.23219
0.0,9,11.232439
0.0,6,11.23263
0.0,3,11.232752
0.0,3,11.232873
0.0,3,11.232994
0.0,6,11.233189
1.0,25,11.233769
0.0,24,11.234344
0.0,7,11.23455
0.0,2,11.234648
0.0,1,11.234723
0.0,2,11.234826
0.0,6,11.235019
0.0,8,11.235257
0.0,33,11.236016
0.0,8,11.236244
0.0,2,11.236345
0.0,6,11.236529
0.0,7,11.236739
0.0,10,11.237014
0.0,4,11.237159
0.0,5,11.237322
1.0,12,11.237632
0.0,1,11.237706
0.0,7,11.237921
0.0,1,11.237998
0.0,20,11.238492
0.0,5,11.238658
0.0,5,11.238822
0.0,17,11.239261
0.0,17,11.239768
0.0,27,11.24043
0.0,4,11.240577
0.0,5,11.240749
1.0,13,11.241093
0.0,13,11.241429
0.0,10,11.241702
0.0,5,11.241869
0.0,3,11.241998
1.0,11,11.242305
0.0,1,11.242381
0.0,2,11.242481
0.0,1,11.24256
0.0,7,11.24278
0.0,3,11.242903
0.0,16,11.243311
0.0,19,11.243774
0.0,10,11.244056
0.0,15,11.244443
0.0,3,11.244565
0.0,7,11.244772
0.0,4,11.244914
0.0,6,11.245115
0.0,3,11.245239
0.0,1,11.245319
1.0,11,11.245618
0.0,43,11.246608
0.0,6,11.246799
0.0,6,11.24699
0.0,7,11.247207
0.0,6,11.247401
0.0,18,11.247844
0.0,11,11.248155
0.0,30,11.248839
0.0,5,11.249011
0.0,7,11.24922
0.0,12,11.249534
0.0,4,11.249686
0.0,4,11.24983
0.0,3,11.249951
0.0,10,11.250228
0.0,21,11.250734
0.0,25,11.251331
0.0,8,11.251564
0.0,4,11.251712
0.0,12,11.252037
0.0,3,11.25216
0.0,5,11.252329
0.0,2,11.252429
0.0,2,11.252532
0.0,3,11.252656
0.0,4,11.252799
0.0,5,11.25297
0.0,1,11.253057
0.0,9,11.253311
0.0,9,11.253567
0.0,4,11.253709
0.0,3,11.253831
0.0,2,11.253931
1.0,13,11.254274
0.0,3,11.254397
0.0,1,11.254472
0.0,1,11.254547
0.0,5,11.254717
0.0,42,11.255681
0.0,3,11.255805
0.0,7,11.25602
0.0,3,11.256143
0.0,13,11.256482
0.0,6,11.25667
0.0,7,11.256876
0.0,8,11.257115
0.0,7,11.257323
0.0,4,11.25747
0.0,2,11.25757
0.0,4,11.257713
0.0,7,11.257925
0.0,3,11.258056
0.0,2,11.258158
0.0,5,11.258323
0.0,2,11.258427
0.0,8,11.258664
0.0,1,11.25874
0.0,4,11.258889
0.0,5,11.259065
0.0,9,11.259315
0.0,10,11.25959
0.0,6,11.259777
0.0,4,11.259918
0.0,6,11.260117
0.0,5,11.260284
0.0,2,11.260384
0.0,2,11.260488
0.0,6,11.260677
0.0,7,11.260891
0.0,33,11.261653
0.0,10,11.261928
1.0,14,11.262298
0.0,9,11.262557
0.0,6,11.262743
0.0,16,11.26315
0.0,7,11.263367
0.0,1,11.263446
0.0,5,11.263612
0.0,1,11.263688
0.0,10,11.263963
0.0,9,11.264229
0.0,12,11.264551
0.0,9,11.264804
0.0,5,11.264976
0.0,6,11.265169
0.0,8,11.265399
1.0,14,11.26575
0.0,11,11.266049
1.0,15,11.266431
0.0,2,11.266531
0.0,1,11.266606
0.0,6,11.266793
0.0,17,11.267225
0.0,10,11.267499
0.0,25,11.268096
0.0,4,11.268249
0.0,8,11.268475
0.0,18,11.268906
0.0,11,11.269205
0.0,13,11.269543
0.0,3,11.269669
0.0,41,11.270603
0.0,8,11.270832
0.0,16,11.271241
0.0,6,11.271434
0.0,8,11.271663
1.0,25,11.272262
0.0,6,11.272452
0.0,4,11.272596
0.0,8,11.272826
0.0,10,11.27311
0.0,3,11.273232
0.0,5,11.273404
0.0,1,11.273483
0.0,22,11.274024
0.0,31,11.274739
0.0,9,11.27499
1.0,42,11.275937
0.0,6,11.27613
1.0,13,11.276475
0.0,5,11.276647
0.0,4,11.276796
0.0,6,11.276988
0.0,9,11.277252
0.0,2,11.277351
0.0,34,11.278126
0.0,5,11.278291
0.0,8,11.278522
0.0,3,11.278646
0.0,1,11.278723
0.0,2,11.278822
0.0,17,11.279253
0.0,5,11.279417
0.0,26,11.28005
0.0,6,11.280238
0.0,8,11.28047
0.0,11,11.280765
0.0,3,11.280892
0.0,3,11.281031
0.0,6,11.281224
0.0,2,11.281327
0.0,8,11.281553
0.0,10,11.281825
0.0,9,11.282086
0.0,5,11.28225
0.0,16,11.282645
0.0,2,11.282749
0.0,6,11.282935
0.0,19,11.283408
0.0,10,11.283677
0.0,7,11.28389
0.0,1,11.283966
0.0,11,11.284268
0.0,3,11.284391
0.0,7,11.284598
0.0,5,11.284762
0.0,8,11.284998
0.0,12,11.285324
0.0,13,11.285661
0.0,7,11.285866
0.0,4,11.286013
0.0,4,11.286168
0.0,10,11.286449
0.0,9,11.286704
0.0,9,11.286951
0.0,7,11.28717
0.0,7,11.28738
0.0,1,11.287455
0.0,15,11.287834
0.0,3,11.287956
0.0,19,11.288425
0.0,11,11.288714
0.0,5,11.288877
1.0,32,11.289604
0.0,17,11.29003
0.0,2,11.290136
0.0,20,11.290617
0.0,5,11.290781
0.0,1,11.290857
0.0,7,11.291086
0.0,9,11.291342
0.0,3,11.291465
0.0,4,11.291609
0.0,17,11.292049
0.0,4,11.292195
0.0,5,11.292359
0.0,2,11.292459
0.0,8,11.292694
0.0,1,11.29277
0.0,1,11.292845
0.0,12,11.293173
0.0,12,11.293494
0.0,8,11.293729
0.0,3,11.293851
0.0,8,11.294086
0.0,22,11.294605
0.0,7,11.29481
0.0,10,11.295091
0.0,5,11.295265
0.0,13,11.295604
0.0,4,11.295756
0.0,4,11.2959
0.0,2,11.296
0.0,16,11.296416
0.0,6,11.296603
0.0,5,11.296772
0.0,1,11.296848
0.0,9,11.297118
0.0,2,11.297221
0.0,3,11.297348
0.0,2,11.297449
0.0,3,11.297571
0.0,5,11.29774
0.0,13,11.298086
0.0,8,11.29832
0.0,8,11.298557
0.0,1,11.298634
0.0,3,11.298761
0.0,11,11.299071
0.0,2,11.299173
0.0,1,11.299248
0.0,7,11.299454
1.0,11,11.29975
0.0,18,11.300207
0.0,4,11.300361
0.0,7,11.300573
0.0,3,11.300695
0.0,7,11.300906
0.0,4,11.301058
0.0,7,11.301272
0.0,6,11.30146
0.0,3,11.301581
0.0,20,11.302075
0.0,10,11.302351
0.0,11,11.30265
0.0,2,11.302755
0.0,3,11.302877
0.0,7,11.303099
0.0,2,11.303201
0.0,4,11.303349
0.0,9,11.3036
0.0,1,11.303675
0.0,9,11.303928
0.0,9,11.304183
0.0,36,11.305
0.0,7,11.305217
0.0,2,11.305318
0.0,5,11.305489
0.0,14,11.305842
0.0,23,11.306402
0.0,4,11.306546
0.0,12,11.30686
0.0,9,11.307122
1.0,9,11.307376
0.0,4,11.307519
0.0,5,11.307683
0.0,10,11.307956
1.0,8,11.308193
0.0,1,11.30827
0.0,4,11.308414
1.0,8,11.308646
0.0,4,11.308788
0.0,25,11.309391
0.0,6,11.309584
0.0,12,11.309908
0.0,1,11.309983
0.0,8,11.31022
0.0,5,11.310384
0.0,4,11.310527
0.0,2,11.31063
0.0,20,11.311129
0.0,11,11.31142
0.0,5,11.311585
0.0,7,11.311791
1.0,39,11.312686
0.0,4,11.312831
0.0,6,11.313027
0.0,14,11.313387
0.0,15,11.313771
0.0,6,11.313962
0.0,3,11.314113
0.0,3,11.314248
1.0,14,11.314618
0.0,4,11.314766
0.0,1,11.314843
0.0,4,11.314987
1.0,12,11.315309
0.0,3,11.315435
0.0,12,11.315746
0.0,11,11.316052
0.0,8,11.316282
0.0,6,11.316466
0.0,7,11.316669
0.0,3,11.316794
0.0,5,11.31696
0.0,16,11.317366
0.0,2,11.317467
0.0,4,11.317611
0.0,2,11.317715
0.0,16,11.318136
0.0,7,11.318344
0.0,18,11.318777
0.0,1,11.318857
0.0,17,11.319298
1.0,20,11.319783
0.0,4,11.319925
0.0,1,11.32
0.0,2,11.320113
0.0,9,11.32037
0.0,6,11.320562
0.0,2,11.320666
0.0,6,11.320851
0.0,8,11.321088
0.0,23,11.321635
0.0,13,11.321975
0.0,6,11.322167
0.0,19,11.322628
0.0,3,11.32275
0.0,3,11.322871
0.0,2,11.32297
0.0,12,11.323298
0.0,6,11.323492
0.0,4,11.323636
0.0,3,11.323757
0.0,6,11.323954
0.0,8,11.324199
0.0,30,11.324883
0.0,3,11.325023
0.0,13,11.325356
0.0,28,11.325998
0.0,12,11.326317
0.0,4,11.32646
0.0,10,11.326727
0.0,6,11.326912
0.0,21,11.327424
0.0,8,11.327652
0.0,13,11.328012
0.0,2,11.328116
0.0,1,11.328193
0.0,6,11.328382
0.0,45,11.329389
0.0,5,11.329555
0.0,4,11.329708
0.0,2,11.329813
0.0,12,11.330145
0.0,11,11.330437
0.0,4,11.33058
0.0,6,11.330768
0.0,7,11.330979
0.0,5,11.33116
0.0,11,11.331465
0.0,1,11.331542
0.0,11,11.331837
0.0,16,11.332252
0.0,3,11.332376
0.0,1,11.332457
0.0,7,11.332669
0.0,1,11.332749
1.0,8,11.332985
1.0,13,11.333323
0.0,3,11.333445
0.0,5,11.333611
0.0,11,11.333907
0.0,3,11.334044
0.0,4,11.334191
0.0,9,11.334446
0.0,6,11.334637
0.0,6,11.334823
0.0,7,11.335038
0.0,10,11.33532
1.0,10,11.33559
0.0,12,11.33591
0.0,2,11.336019
0.0,2,11.336122
0.0,4,11.336271
0.0,5,11.336437
0.0,7,11.336643
0.0,2,11.336743
0.0,5,11.336912
0.0,9,11.337178
0.0,4,11.337323
0.0,3,11.337446
0.0,6,11.337631
0.0,13,11.337961
0.0,8,11.33821
0.0,3,11.338336
0.0,21,11.338845
0.0,2,11.338946
0.0,2,11.339055
0.0,7,11.339269
0.0,20,11.339849
0.0,11,11.340185
0.0,12,11.340529
0.0,8,11.34076
0.0,6,11.340947
0.0,26,11.34158
0.0,9,11.341837
0.0,11,11.342149
0.0,3,11.342281
0.0,4,11.342426
0.0,11,11.342715
0.0,12,11.343029
0.0,20,11.343516
0.0,7,11.343729
0.0,4,11.343879
0.0,3,11.344009
0.0,7,11.344226
0.0,12,11.344545
0.0,5,11.344709
0.0,33,11.345474
0.0,10,11.34575
0.0,2,11.345855
0.0,6,11.346058
0.0,5,11.346224
0.0,7,11.34644
0.0,6,11.346633
0.0,3,11.34676
0.0,4,11.346909
0.0,2,11.347017
0.0,13,11.347358
0.0,27,11.347997
0.0,7,11.348222
0.0,3,11.348345
0.0,12,11.348655
0.0,5,11.348825
0.0,2,11.348926
0.0,5,11.349105
0.0,7,11.349319
0.0,3,11.349442
0.0,13,11.349778
0.0,8,11.350027
0.0,1,11.350107
0.0,5,11.350277
0.0,1,11.350354
0.0,10,11.35063
0.0,8,11.350868
0.0,4,11.351021
0.0,1,11.351099
0.0,13,11.35144
0.0,27,11.352077
0.0,3,11.352201
0.0,10,11.352479
0.0,2,11.352579
0.0,20,11.353067
1.0,14,11.353427
0.0,9,11.353675
0.0,4,11.353817
0.0,6,11.354015
0.0,4,11.354166
0.0,6,11.354354
0.0,4,11.354501
0.0,6,11.354696
1.0,12,11.355014
1.0,19,11.355484
0.0,27,11.356112
0.0,18,11.356552
0.0,15,11.356931
0.0,7,11.357151
0.0,26,11.357772
0.0,4,11.357916
0.0,22,11.358452
0.0,7,11.35866
0.0,22,11.359199
0.0,10,11.359474
0.0,5,11.359644
1.0,16,11.360062
0.0,6,11.36026
0.0,3,11.360383
0.0,11,11.360678
0.0,6,11.360866
0.0,1,11.360944
0.0,8,11.361181
0.0,7,11.361394
0.0,10,11.361668
0.0,7,11.361871
0.0,8,11.362107
0.0,14,11.362461
0.0,6,11.362646
0.0,6,11.362831
0.0,7,11.363047
0.0,7,11.363264
0.0,8,11.363496
0.0,3,11.363617
0.0,1,11.363696
0.0,8,11.36393
0.0,1,11.364012
0.0,6,11.364201
0.0,1,11.364276
0.0,11,11.364572
0.0,1,11.364647
0.0,9,11.364895
0.0,9,11.365156
0.0,9,11.365412
0.0,9,11.365659
0.0,15,11.366054
0.0,2,11.366162
0.0,3,11.366288
0.0,1,11.366364
0.0,7,11.36657
0.0,2,11.366676
0.0,26,11.367292
0.0,4,11.367436
0.0,2,11.367541
0.0,15,11.367923
0.0,15,11.36832
0.0,36,11.369137
0.0,22,11.369672
1.0,13,11.370016
0.0,23,11.370569
0.0,3,11.370698
0.0,1,11.370774
0.0,39,11.371672
0.0,11,11.371969
0.0,8,11.37221
0.0,1,11.372292
0.0,5,11.372459
0.0,1,11.372535
0.0,7,11.372749
0.0,8,11.372986
0.0,4,11.373147
0.0,1,11.373224
0.0,1,11.373303
0.0,12,11.373625
0.0,8,11.373853
0.0,6,11.374048
0.0,5,11.374212
0.0,6,11.374397
0.0,4,11.374544
0.0,5,11.374711
0.0,5,11.374882
0.0,1,11.374962
0.0,4,11.375116
0.0,6,11.375303
0.0,3,11.375422
0.0,2,11.375526
0.0,5,11.375695
0.0,14,11.376066
0.0,2,11.376168
0.0,5,11.376333
0.0,1,11.376412
0.0,5,11.376578
0.0,2,11.376677
0.0,3,11.376803
0.0,5,11.376968
0.0,8,11.377205
0.0,6,11.377401
0.0,21,11.377898
0.0,32,11.37864
0.0,12,11.378966
0.0,4,11.379122
0.0,11,11.379422
0.0,8,11.379653
0.0,18,11.380108
0.0,11,11.380428
0.0,1,11.380507
0.0,17,11.380934
0.0,9,11.381207
0.0,2,11.381309
0.0,13,11.381646
0.0,13,11.38199
0.0,4,11.382151
0.0,26,11.382771
0.0,2,11.382874
0.0,5,11.383053
0.0,15,11.383428
0.0,5,11.383603
0.0,4,11.383752
0.0,8,11.383988
0.0,6,11.384188
0.0,16,11.384593
0.0,3,11.384715
0.0,1,11.384795
0.0,3,11.384918
0.0,4,11.385075
0.0,30,11.385774
0.0,3,11.385896
0.0,9,11.386161
0.0,5,11.386328
0.0,12,11.386646
1.0,20,11.387145
0.0,5,11.387312
1.0,14,11.38767
0.0,4,11.387819
0.0,2,11.387923
1.0,29,11.388612
0.0,9,11.388867
0.0,11,11.389173
1.0,6,11.38936
0.0,3,11.389479
0.0,9,11.389732
0.0,7,11.389938
0.0,14,11.390313
0.0,20,11.390801
1.0,28,11.391451
0.0,17,11.391874
0.0,15,11.392267
1.0,27,11.392905
0.0,5,11.393078
0.0,2,11.393184
0.0,2,11.393284
0.0,4,11.393426
0.0,9,11.39367
0.0,18,11.394125
0.0,7,11.394336
0.0,4,11.394485
0.0,9,11.394734
0.0,11,11.39509
0.0,35,11.395937
0.0,5,11.396131
0.0,7,11.396366
0.0,5,11.396529
0.0,6,11.396712
0.0,6,11.396896
0.0,7,11.397108
0.0,12,11.397423
0.0,10,11.397688
0.0,13,11.398033
0.0,3,11.398155
0.0,16,11.398547
0.0,6,11.398736
0.0,6,11.398921
0.0,9,11.399175
0.0,13,11.399508
0.0,27,11.400153
0.0,20,11.400643
0.0,6,11.400836
0.0,2,11.400942
0.0,25,11.40155
0.0,3,11.401678
0.0,6,11.401865
0.0,11,11.402173
0.0,19,11.402635
0.0,7,11.402841
0.0,11,11.40315
0.0,8,11.403379
0.0,3,11.403501
0.0,23,11.40406
0.0,5,11.404227
0.0,8,11.404459
0.0,13,11.404796
0.0,5,11.40496
0.0,33,11.40573
0.0,10,11.406021
0.0,3,11.406146
0.0,1,11.406226
0.0,9,11.406476
0.0,2,11.406576
0.0,1,11.406652
0.0,17,11.407084
0.0,2,11.407185
0.0,16,11.407588
0.0,6,11.407774
0.0,17,11.408211
0.0,2,11.408312
0.0,15,11.408693
0.0,8,11.408921
0.0,10,11.409203
0.0,20,11.409688
0.0,14,11.41005
0.0,5,11.410223
0.0,14,11.410586
0.0,8,11.410819
0.0,3,11.410944
0.0,2,11.411056
0.0,25,11.411644
0.0,21,11.412164
0.0,1,11.412241
0.0,20,11.412731
0.0,1,11.412811
0.0,3,11.412934
0.0,1,11.413017
0.0,16,11.413429
0.0,6,11.413614
0.0,10,11.413891
0.0,18,11.414336
0.0,11,11.414631
1.0,9,11.414881
0.0,8,11.415127
0.0,10,11.415409
0.0,12,11.415719
0.0,10,11.41599
0.0,14,11.416358
0.0,19,11.416828
0.0,5,11.416993
0.0,20,11.417487
1.0,10,11.417766
0.0,3,11.417893
1.0,53,11.41908
0.0,9,11.41933
1.0,16,11.419729
0.0,8,11.419962
0.0,1,11.420047
0.0,6,11.42024
0.0,9,11.420494
0.0,16,11.420891
0.0,3,11.421025
0.0,4,11.421171
0.0,2,11.421271
0.0,5,11.421439
0.0,1,11.42152
1.0,16,11.421934
0.0,9,11.422201
0.0,9,11.422462
0.0,17,11.422877
0.0,19,11.423349
0.0,3,11.423477
0.0,4,11.423621
0.0,8,11.42385
0.0,8,11.424097
0.0,11,11.424392
0.0,8,11.424625
0.0,1,11.4247
0.0,8,11.424931
0.0,16,11.425347
0.0,1,11.425426
0.0,13,11.42577
0.0,7,11.425976
0.0,7,11.426187
0.0,5,11.426351
0.0,3,11.426471
0.0,4,11.426614
0.0,1,11.426692
0.0,23,11.427253
0.0,4,11.427405
0.0,4,11.427554
0.0,6,11.427745
0.0,9,11.42801
0.0,11,11.428303
0.0,5,11.428474
0.0,3,11.428596
0.0,15,11.428975
0.0,9,11.429229
0.0,5,11.429404
0.0,3,11.429526
0.0,2,11.429633
0.0,4,11.429777
0.0,21,11.430295
0.0,7,11.430509
0.0,5,11.430674
0.0,12,11.430984
0.0,5,11.431164
0.0,1,11.43124
0.0,2,11.43134
0.0,11,11.431629
0.0,23,11.432174
0.0,5,11.432346
0.0,6,11.432533
0.0,11,11.432826
0.0,6,11.433019
0.0,2,11.433125
0.0,9,11.433383
0.0,7,11.433589
0.0,3,11.43371
0.0,8,11.433936
0.0,12,11.434261
0.0,4,11.434412
0.0,15,11.434786
0.0,1,11.434862
0.0,14,11.435237
0.0,9,11.435485
0.0,5,11.435649
0.0,13,11.435975
0.0,23,11.436523
0.0,8,11.436752
0.0,1,11.436827
0.0,16,11.437248
0.0,12,11.437564
0.0,4,11.437713
0.0,19,11.43818
0.0,3,11.438303
0.0,3,11.438424
0.0,3,11.438549
0.0,35,11.439378
0.0,15,11.439751
0.0,15,11.440143
0.0,5,11.440309
0.0,1,11.440385
0.0,17,11.440796
0.0,10,11.441077
0.0,7,11.441298
0.0,1,11.44143
0.0,3,11.441564
1.0,31,11.442356
0.0,3,11.442481
0.0,1,11.442558
0.0,17,11.442987
0.0,11,11.443298
0.0,7,11.443505
0.0,2,11.443605
0.0,9,11.443852
0.0,3,11.443974
1.0,24,11.444555
0.0,2,11.444656
0.0,11,11.444953
1.0,13,11.445306
0.0,18,11.445761
0.0,6,11.445946
0.0,8,11.446184
0.0,6,11.446377
0.0,14,11.446745
0.0,3,11.446867
0.0,10,11.447154
0.0,5,11.447337
0.0,1,11.447415
0.0,3,11.44754
0.0,21,11.448058
0.0,8,11.448295
0.0,1,11.448375
0.0,13,11.448714
0.0,5,11.448879
0.0,13,11.449231
0.0,4,11.449378
0.0,9,11.44963
0.0,3,11.44976
0.0,10,11.450052
1.0,12,11.450377
0.0,11,11.450665
0.0,1,11.450741
0.0,16,11.451156
0.0,14,11.45151
0.0,14,11.45188
0.0,6,11.452083
0.0,2,11.452185
0.0,3,11.452312
0.0,10,11.452584
1.0,13,11.45292
0.0,7,11.453134
0.0,6,11.45332
0.0,11,11.453618
0.0,10,11.453892
0.0,4,11.454048
0.0,26,11.45466
0.0,6,11.454844
0.0,10,11.455132
0.0,4,11.455276
0.0,3,11.455402
0.0,2,11.455502
0.0,5,11.455667
0.0,3,11.455789
0.0,4,11.455941
0.0,3,11.456072
0.0,3,11.456195
0.0,16,11.456602
0.0,2,11.456708
0.0,3,11.456831
0.0,3,11.456958
0.0,3,11.457088
0.0,8,11.45732
0.0,17,11.457748
0.0,19,11.458224
0.0,10,11.458498
0.0,7,11.458712
0.0,5,11.458877
0.0,4,11.459029
0.0,9,11.459288
0.0,10,11.459564
0.0,7,11.459774
0.0,20,11.460263
1.0,22,11.460786
0.0,8,11.461024
0.0,7,11.461237
0.0,10,11.461514
0.0,2,11.461618
0.0,4,11.46176
0.0,3,11.461885
0.0,3,11.462023
0.0,5,11.462191
0.0,15,11.462562
0.0,16,11.462962
0.0,15,11.463358
0.0,4,11.463503
0.0,8,11.463729
0.0,5,11.463896
0.0,7,11.464111
0.0,32,11.464835
0.0,8,11.465074
0.0,5,11.46524
0.0,40,11.466148
0.0,11,11.466438
0.0,9,11.466694
0.0,12,11.467021
0.0,8,11.467257
0.0,4,11.467404
0.0,7,11.467609
0.0,28,11.468277
0.0,10,11.468547
0.0,6,11.468738
0.0,4,11.468885
0.0,6,11.469085
0.0,15,11.46946
0.0,5,11.469632
0.0,3,11.469759
0.0,12,11.470095
0.0,13,11.470436
0.0,28,11.471095
1.0,13,11.47143
0.0,10,11.471695
0.0,45,11.47271
0.0,11,11.473009
0.0,6,11.473197
0.0,6,11.473387
0.0,1,11.473466
0.0,2,11.473567
0.0,1,11.473642
0.0,26,11.47426
0.0,21,11.474762
0.0,7,11.474972
0.0,25,11.475568
0.0,11,11.475857
0.0,17,11.476288
0.0,8,11.476527
0.0,5,11.476696
0.0,1,11.476771
0.0,25,11.477374
0.0,4,11.477523
0.0,6,11.47771
0.0,22,11.478251
0.0,22,11.47877
0.0,6,11.47896
0.0,3,11.479095
0.0,14,11.479454
0.0,9,11.479707
0.0,1,11.479782
0.0,4,11.479925
0.0,29,11.480608
0.0,6,11.480801
0.0,2,11.480901
0.0,9,11.481159
1.0,8,11.481387
0.0,8,11.481612
0.0,1,11.481687
0.0,4,11.481835
0.0,17,11.482261
0.0,13,11.482594
0.0,9,11.482847
0.0,9,11.483109
0.0,12,11.483427
0.0,3,11.483548
0.0,9,11.483804
1.0,27,11.48444
0.0,1,11.48452
0.0,6,11.484712
0.0,10,11.484985
0.0,3,11.485121
0.0,5,11.485286
0.0,2,11.485386
0.0,4,11.485538
0.0,6,11.485724
1.0,14,11.486093
0.0,11,11.486399
0.0,1,11.486476
1.0,6,11.48666
0.0,5,11.486828
0.0,8,11.487062
0.0,2,11.487167
0.0,7,11.487373
0.0,19,11.487838
0.0,6,11.488034
0.0,3,11.488158
0.0,3,11.488286
0.0,6,11.488477
0.0,1,11.488557
0.0,1,11.488633
0.0,4,11.488776
0.0,5,11.48894
0.0,7,11.489154
0.0,39,11.490034
0.0,2,11.49014
0.0,9,11.490395
0.0,7,11.490602
0.0,9,11.490856
0.0,5,11.491029
0.0,13,11.491374
0.0,3,11.491496
0.0,3,11.491617
0.0,20,11.492101
0.0,11,11.49239
0.0,3,11.492517
1.0,46,11.493553
0.0,7,11.493765
0.0,5,11.493933
0.0,28,11.494591
0.0,14,11.494941
0.0,8,11.49518
0.0,36,11.496008
1.0,12,11.496319
0.0,23,11.496871
0.0,6,11.497071
0.0,24,11.49765
0.0,4,11.497801
0.0,9,11.498064
0.0,13,11.498397
1.0,11,11.498695
0.0,10,11.498969
0.0,7,11.499191
1.0,6,11.499378
0.0,13,11.499705
0.0,25,11.500298
0.0,2,11.5004
0.0,6,11.500593
0.0,8,11.500825
0.0,11,11.501133
0.0,10,11.501415
1.0,12,11.501734
0.0,1,11.501811
0.0,8,11.502052
0.0,8,11.502285
0.0,9,11.502536
0.0,10,11.502809
0.0,3,11.502934
0.0,1,11.503019
0.0,3,11.503145
0.0,3,11.503267
0.0,10,11.503546
0.0,5,11.503712
0.0,6,11.503896
1.0,30,11.504594
0.0,2,11.504694
0.0,4,11.504842
0.0,4,11.504994
1.0,19,11.505461
0.0,10,11.505727
0.0,18,11.506174
0.0,10,11.506452
0.0,17,11.506871
0.0,5,11.507048
0.0,47,11.508102
0.0,28,11.508758
0.0,2,11.508863
0.0,8,11.509103
0.0,6,11.50929
0.0,5,11.509452
0.0,4,11.509595
0.0,2,11.509693
0.0,11,11.50999
0.0,16,11.510403
0.0,20,11.510884
0.0,9,11.511156
0.0,1,11.511234
0.0,1,11.511321
0.0,4,11.511467
0.0,20,11.511955
0.0,12,11.512282
0.0,3,11.512407
0.0,7,11.512614
0.0,3,11.512736
0.0,18,11.513198
0.0,2,11.513304
0.0,30,11.514009
0.0,15,11.514426
0.0,2,11.514531
0.0,6,11.514722
0.0,7,11.514932
0.0,28,11.515593
0.0,1,11.515675
0.0,5,11.515848
0.0,8,11.516098
0.0,4,11.516243
0.0,14,11.516608
0.0,3,11.516731
0.0,11,11.517036
0.0,7,11.51725
1.0,11,11.51754
0.0,2,11.517645
0.0,7,11.517858
0.0,1,11.517935
0.0,5,11.51812
1.0,9,11.518389
0.0,4,11.518539
0.0,3,11.51866
0.0,3,11.51878
1.0,14,11.51914
0.0,9,11.519393
0.0,5,11.519557
0.0,5,11.519726
0.0,10,11.519995
0.0,9,11.52025
1.0,13,11.5206
0.0,4,11.520743
0.0,1,11.520818
1.0,40,11.521737
0.0,4,11.521883
0.0,7,11.522104
0.0,3,11.522228
0.0,17,11.522645
0.0,24,11.523225
1.0,15,11.523601
1.0,11,11.5239
0.0,6,11.524097
0.0,3,11.524225
0.0,6,11.524443
0.0,7,11.524652
0.0,4,11.524799
0.0,9,11.525065
0.0,4,11.525211
0.0,7,11.525423
0.0,5,11.525597
1.0,7,11.525804
0.0,4,11.525946
0.0,3,11.526076
0.0,2,11.526181
0.0,6,11.52637
0.0,7,11.526582
0.0,3,11.526704
0.0,3,11.52683
0.0,22,11.527369
0.0,8,11.527597
0.0,6,11.527787
0.0,1,11.527863
0.0,2,11.527968
0.0,2,11.528079
0.0,4,11.528224
0.0,3,11.528346
0.0,14,11.528706
0.0,5,11.528875
1.0,17,11.529313
0.0,3,11.529435
0.0,3,11.529557
0.0,3,11.529679
0.0,19,11.530152
0.0,1,11.530231
0.0,19,11.530696
0.0,1,11.530772
0.0,1,11.530849
0.0,3,11.530971
0.0,6,11.531166
0.0,8,11.531404
1.0,15,11.531795
0.0,2,11.531894
0.0,5,11.532074
0.0,3,11.532202
0.0,3,11.532326
0.0,11,11.532625
0.0,3,11.532747
0.0,1,11.532822
0.0,9,11.533086
0.0,10,11.533362
0.0,26,11.533973
0.0,8,11.534225
0.0,8,11.534459
0.0,3,11.534582
0.0,6,11.534774
0.0,1,11.53485
0.0,3,11.534973
0.0,1,11.535055
0.0,12,11.535392
0.0,2,11.535493
0.0,5,11.535658
0.0,9,11.535914
0.0,2,11.536027
0.0,1,11.536106
1.0,25,11.536706
0.0,5,11.536871
0.0,2,11.536979
0.0,15,11.537369
0.0,9,11.537625
0.0,8,11.537854
0.0,19,11.538321
0.0,7,11.538529
0.0,21,11.539032
0.0,3,11.53916
0.0,26,11.539772
0.0,20,11.540269
0.0,6,11.54046
0.0,13,11.540792
0.0,11,11.541099
0.0,7,11.541306
0.0,6,11.541492
0.0,52,11.54278
0.0,14,11.543151
0.0,22,11.54368
0.0,1,11.543758
0.0,8,11.543987
0.0,8,11.544228
0.0,2,11.544329
0.0,7,11.544544
0.0,10,11.544818
1.0,8,11.545061
0.0,1,11.545138
0.0,12,11.545449
0.0,7,11.545659
0.0,23,11.546223
0.0,12,11.546537
0.0,6,11.546722
1.0,38,11.547588
0.0,26,11.548218
1.0,20,11.548701
0.0,7,11.548905
0.0,15,11.549299
0.0,3,11.549423
1.0,56,11.550682
0.0,6,11.550869
0.0,8,11.551114
0.0,4,11.551259
0.0,11,11.551554
0.0,23,11.552116
0.0,8,11.552353
0.0,6,11.552545
0.0,2,11.552644
0.0,9,11.552899
0.0,11,11.553215
0.0,14,11.553572
0.0,6,11.553758
0.0,5,11.553921
0.0,1,11.554008
0.0,2,11.554117
0.0,2,11.554222
1.0,24,11.554792
0.0,3,11.554914
0.0,19,11.555375
1.0,48,11.556441
0.0,10,11.556714
0.0,17,11.557141
0.0,6,11.557335
0.0,16,11.557739
0.0,13,11.558075
0.0,4,11.558224
0.0,16,11.558634
0.0,3,11.558756
0.0,4,11.558898
0.0,5,11.559076
0.0,3,11.559205
0.0,11,11.559496
0.0,7,11.559701
0.0,8,11.559933
0.0,18,11.560384
0.0,30,11.561084
0.0,6,11.561274
0.0,1,11.561351
0.0,8,11.56158
0.0,16,11.56198
0.0,3,11.56211
0.0,9,11.562366
0.0,4,11.562514
0.0,2,11.562614
0.0,22,11.563157
0.0,1,11.563235
0.0,3,11.563357
0.0,12,11.563674
0.0,3,11.563804
0.0,4,11.563949
0.0,34,11.564737
0.0,2,11.564843
0.0,5,11.565017
1.0,14,11.56537
0.0,29,11.566051
0.0,3,11.566177
0.0,8,11.566404
0.0,21,11.566908
0.0,10,11.567199
0.0,5,11.567367
0.0,22,11.567885
1.0,15,11.568265
0.0,4,11.568408
0.0,2,11.568511
0.0,3,11.568639
0.0,24,11.569221
0.0,11,11.569512
0.0,8,11.569742
0.0,6,11.569927
0.0,10,11.570211
0.0,10,11.570491
0.0,6,11.570679
0.0,2,11.570779
0.0,2,11.570879
0.0,22,11.571424
0.0,6,11.571616
0.0,11,11.571906
0.0,11,11.572214
0.0,3,11.57234
0.0,3,11.572462
0.0,6,11.572646
0.0,1,11.572722
0.0,13,11.573064
0.0,7,11.573272
0.0,2,11.573372
0.0,2,11.573472
0.0,27,11.574118
0.0,1,11.574201
0.0,10,11.574478
0.0,5,11.574641
0.0,2,11.57474
0.0,23,11.575302
0.0,8,11.575538
0.0,3,11.575667
0.0,8,11.575896
0.0,8,11.576142
0.0,7,11.576356
0.0,3,11.576478
0.0,4,11.576627
0.0,7,11.576836
0.0,3,11.576957
0.0,1,11.57704
0.0,7,11.577253
0.0,1,11.57733
0.0,7,11.577547
0.0,3,11.577669
0.0,4,11.577823
0.0,15,11.578218
0.0,6,11.57841
0.0,8,11.578642
0.0,1,11.578719
0.0,10,11.578996
0.0,6,11.579201
0.0,2,11.579302
0.0,1,11.579381
0.0,18,11.579829
0.0,2,11.579929
0.0,13,11.580284
0.0,9,11.580542
0.0,10,11.58081
0.0,2,11.58091
0.0,8,11.581155
0.0,8,11.581384
0.0,11,11.581677
0.0,7,11.581888
0.0,9,11.582145
0.0,3,11.582276
0.0,31,11.58299
0.0,13,11.583326
0.0,1,11.583401
0.0,1,11.583477
0.0,4,11.583624
0.0,15,11.584008
0.0,9,11.584265
0.0,5,11.584429
0.0,6,11.584622
0.0,15,11.585021
0.0,4,11.585169
0.0,7,11.585381
0.0,1,11.585458
0.0,4,11.585602
0.0,4,11.585744
0.0,5,11.585908
0.0,5,11.58608
0.0,3,11.586203
0.0,3,11.586325
0.0,1,11.586401
0.0,24,11.586967
0.0,20,11.587462
0.0,5,11.587628
0.0,21,11.588142
0.0,33,11.588912
0.0,3,11.589045
0.0,4,11.589188
0.0,1,11.589264
0.0,2,11.589364
0.0,3,11.589491
0.0,1,11.589571
0.0,12,11.589892
0.0,6,11.590096
0.0,11,11.590392
0.0,4,11.590536
0.0,5,11.59071
0.0,2,11.590812
0.0,6,11.590999
0.0,2,11.59111
0.0,1,11.591187
0.0,2,11.591293
0.0,2,11.591398
1.0,38,11.592278
0.0,3,11.592406
0.0,2,11.59251
0.0,1,11.592588
0.0,3,11.592711
0.0,2,11.592815
0.0,3,11.592939
0.0,5,11.593113
0.0,2,11.593219
0.0,22,11.59375
0.0,22,11.594287
0.0,8,11.594523
0.0,3,11.594646
0.0,19,11.595121
0.0,5,11.595287
0.0,9,11.595536
0.0,15,11.595917
0.0,3,11.59605
0.0,14,11.596413
0.0,6,11.596604
0.0,6,11.596795
0.0,5,11.596965
0.0,2,11.597073
0.0,9,11.597332
0.0,13,11.597678
0.0,8,11.597906
0.0,19,11.598369
0.0,2,11.59847
0.0,11,11.598775
0.0,7,11.598989
0.0,7,11.599211
0.0,10,11.599482
0.0,20,11.599968
0.0,6,11.600173
0.0,3,11.600298
0.0,6,11.600492
0.0,4,11.600635
0.0,1,11.600714
0.0,5,11.600885
1.0,8,11.601122
0.0,8,11.601361
0.0,5,11.601528
0.0,3,11.60165
0.0,30,11.60236
0.0,10,11.602634
0.0,8,11.602862
0.0,1,11.602938
0.0,6,11.603141
0.0,3,11.603265
0.0,3,11.603387
0.0,9,11.603648
0.0,3,11.603771
0.0,5,11.603935
0.0,4,11.60409
0.0,4,11.604241
0.0,1,11.604317
0.0,9,11.604572
0.0,5,11.604736
0.0,3,11.604856
0.0,7,11.605084
0.0,8,11.605315
0.0,5,11.605486
0.0,3,11.605608
0.0,8,11.605836
0.0,3,11.605963
0.0,27,11.606599
0.0,6,11.606791
0.0,8,11.607023
0.0,7,11.607235
0.0,1,11.607315
0.0,2,11.607416
0.0,11,11.607709
0.0,8,11.607947
0.0,5,11.608128
0.0,5,11.608296
0.0,5,11.608469
0.0,17,11.608883
0.0,14,11.609255
0.0,7,11.60947
0.0,27,11.610121
0.0,22,11.610654
0.0,3,11.610775
0.0,8,11.611012
0.0,5,11.611179
0.0,1,11.611254
0.0,10,11.611533
0.0,2,11.611633
0.0,8,11.611862
0.0,5,11.612038
0.0,12,11.612353
0.0,2,11.612453
0.0,14,11.612809
0.0,35,11.613607
0.0,11,11.613899
0.0,8,11.614164
0.0,12,11.614506
1.0,24,11.615124
0.0,11,11.615423
1.0,16,11.615822
0.0,7,11.616038
0.0,5,11.616205
0.0,2,11.616309
0.0,6,11.616509
0.0,6,11.616702
0.0,13,11.617045
0.0,1,11.617123
0.0,3,11.617254
0.0,7,11.617465
0.0,2,11.617566
0.0,10,11.617845
0.0,19,11.618316
0.0,5,11.618488
0.0,7,11.618698
0.0,1,11.618778
1.0,12,11.619101
0.0,5,11.619266
0.0,7,11.619471
0.0,2,11.619571
0.0,5,11.619737
0.0,8,11.619971
0.0,4,11.620127
0.0,3,11.620251
0.0,3,11.620379
0.0,10,11.620653
0.0,12,11.620963
0.0,13,11.621296
0.0,8,11.621526
1.0,22,11.622055
0.0,5,11.622221
0.0,1,11.622301
0.0,16,11.622706
1.0,28,11.623372
0.0,14,11.623734
0.0,37,11.624583
1.0,12,11.624896
0.0,16,11.625304
0.0,17,11.625729
0.0,4,11.625874
0.0,5,11.626056
0.0,18,11.626493
0.0,12,11.626816
0.0,9,11.627079
0.0,2,11.627186
0.0,5,11.627352
0.0,5,11.627517
0.0,12,11.627826
0.0,32,11.628577
0.0,2,11.62868
0.0,9,11.628941
0.0,4,11.629093
0.0,12,11.629407
0.0,7,11.629618
0.0,12,11.629943
0.0,11,11.630243
0.0,16,11.630652
0.0,1,11.630742
0.0,1,11.630823
1.0,19,11.631308
0.0,2,11.631414
0.0,27,11.63206
0.0,21,11.632563
0.0,3,11.632685
0.0,2,11.632789
0.0,5,11.632955
0.0,16,11.633368
0.0,7,11.633584
0.0,4,11.633734
0.0,17,11.634168
0.0,10,11.634444
0.0,11,11.634736
0.0,18,11.635186
0.0,8,11.635419
0.0,10,11.635688
0.0,5,11.635857
0.0,3,11.635979
0.0,7,11.636191
0.0,3,11.636312
0.0,17,11.636737
0.0,6,11.636933
0.0,9,11.637195
0.0,5,11.63736
0.0,7,11.637574
0.0,22,11.638111
0.0,10,11.638393
0.0,16,11.638789
0.0,3,11.638915
0.0,5,11.639089
0.0,4,11.639238
0.0,17,11.639663
0.0,17,11.640087
0.0,11,11.640376
0.0,1,11.640455
0.0,3,11.640579
0.0,2,11.640684
0.0,1,11.640759
0.0,12,11.641087
0.0,21,11.641592
0.0,6,11.641859
0.0,12,11.642204
0.0,16,11.642615
0.0,28,11.643281
0.0,3,11.643414
0.0,12,11.643728
0.0,8,11.643966
0.0,5,11.64414
0.0,8,11.644374
0.0,14,11.644741
0.0,5,11.644912
0.0,3,11.645043
0.0,4,11.645189
0.0,8,11.645422
0.0,9,11.645678
0.0,11,11.645976
0.0,8,11.646227
0.0,5,11.646399
0.0,5,11.646564
0.0,16,11.646962
0.0,3,11.647094
0.0,5,11.647265
1.0,10,11.647537
0.0,3,11.647664
0.0,9,11.647913
0.0,19,11.648386
0.0,1,11.648468
0.0,12,11.64878
0.0,25,11.649384
0.0,8,11.649615
0.0,19,11.650097
0.0,5,11.65027
0.0,3,11.650392
0.0,5,11.650555
0.0,7,11.650766
0.0,22,11.651307
0.0,6,11.651498
0.0,7,11.651709
0.0,1,11.651785
0.0,1,11.65186
0.0,7,11.652076
0.0,4,11.652226
0.0,13,11.652568
0.0,2,11.652668
0.0,13,11.653023
0.0,1,11.653105
0.0,13,11.653454
0.0,3,11.653579
0.0,11,11.653879
0.0,3,11.654
0.0,6,11.654205
0.0,5,11.654371
0.0,3,11.654493
0.0,1,11.654569
0.0,4,11.654713
0.0,5,11.654892
0.0,4,11.65505
0.0,3,11.655181
0.0,5,11.655353
0.0,4,11.655502
0.0,2,11.655607
0.0,1,11.655683
0.0,20,11.656194
0.0,4,11.656345
0.0,3,11.656472
0.0,28,11.657139
0.0,6,11.657326
0.0,4,11.657478
0.0,8,11.657711
0.0,7,11.657919
0.0,32,11.658667
0.0,17,11.659202
0.0,19,11.659663
0.0,24,11.660244
0.0,2,11.660351
0.0,2,11.660456
0.0,8,11.66069
0.0,6,11.660876
0.0,8,11.661116
0.0,23,11.661662
0.0,8,11.661896
0.0,8,11.662134
0.0,5,11.662307
0.0,5,11.662478
0.0,16,11.662888
0.0,5,11.663068
0.0,6,11.663257
0.0,9,11.663517
0.0,11,11.663813
0.0,3,11.663939
0.0,2,11.664047
0.0,9,11.664296
0.0,20,11.664784
0.0,12,11.665103
0.0,4,11.665252
0.0,3,11.66538
1.0,25,11.665967
0.0,3,11.6661
0.0,1,11.666179
0.0,15,11.666559
0.0,8,11.666787
0.0,4,11.66693
0.0,6,11.667124
0.0,7,11.667332
0.0,3,11.66746
0.0,5,11.667627
0.0,8,11.667858
0.0,11,11.668161
0.0,10,11.668436
0.0,2,11.668536
0.0,1,11.668616
0.0,3,11.66874
0.0,6,11.668926
0.0,14,11.669301
0.0,2,11.66941
0.0,6,11.669597
0.0,9,11.66985
0.0,15,11.67024
0.0,6,11.670433
0.0,13,11.670778
0.0,6,11.670972
0.0,12,11.671293
0.0,3,11.671421
0.0,12,11.671745
0.0,5,11.671909
0.0,9,11.672175
0.0,3,11.672303
1.0,28,11.672945
0.0,3,11.673073
0.0,15,11.673456
0.0,3,11.673583
0.0,8,11.673819
1.0,71,11.675394
0.0,5,11.675562
1.0,28,11.676235
1.0,13,11.676575
0.0,5,11.676745
0.0,11,11.677051
0.0,5,11.677217
0.0,17,11.677636
0.0,6,11.677824
1.0,10,11.678103
0.0,7,11.678318
0.0,3,11.678441
0.0,4,11.678584
0.0,3,11.67871
0.0,5,11.678875
0.0,1,11.678955
0.0,2,11.679064
0.0,4,11.679208
0.0,11,11.679505
0.0,6,11.679695
0.0,6,11.679879
0.0,2,11.679979
0.0,3,11.680115
0.0,5,11.68028
0.0,15,11.680654
1.0,9,11.680909
0.0,3,11.681048
0.0,6,11.681235
0.0,9,11.681491
0.0,19,11.681946
1.0,14,11.682316
0.0,3,11.682439
1.0,33,11.683204
0.0,2,11.68331
0.0,21,11.683821
0.0,7,11.684037
0.0,3,11.684165
0.0,3,11.684288
0.0,4,11.68444
0.0,1,11.684517
0.0,6,11.684705
0.0,1,11.68478
0.0,3,11.684901
0.0,13,11.68525
1.0,9,11.685506
0.0,1,11.685581
0.0,5,11.685746
0.0,2,11.685846
0.0,7,11.68607
0.0,1,11.686148
0.0,3,11.686275
0.0,7,11.686481
0.0,7,11.686686
0.0,3,11.68681
1.0,15,11.687203
1.0,12,11.687526
0.0,14,11.687879
1.0,18,11.68833
0.0,2,11.688431
0.0,7,11.688642
0.0,6,11.688826
0.0,5,11.688994
0.0,1,11.689085
0.0,3,11.689208
0.0,18,11.689667
0.0,3,11.68979
0.0,1,11.689865
0.0,4,11.690024
1.0,21,11.690532
0.0,13,11.690869
0.0,44,11.691867
0.0,13,11.692218
1.0,23,11.692762
0.0,7,11.692974
0.0,1,11.693058
0.0,6,11.693244
0.0,12,11.693558
0.0,3,11.693683
0.0,15,11.694095
0.0,18,11.694562
0.0,21,11.695077
0.0,10,11.695351
0.0,8,11.695583
0.0,9,11.695831
0.0,10,11.696114
0.0,7,11.69633
0.0,1,11.69641
0.0,4,11.696556
0.0,12,11.696879
0.0,11,11.697183
0.0,2,11.697285
0.0,1,11.697361
0.0,2,11.69746
0.0,4,11.697603
0.0,7,11.697816
0.0,3,11.697939
0.0,10,11.698223
0.0,2,11.698324
0.0,2,11.698423
0.0,6,11.698613
0.0,2,11.698714
0.0,13,11.699055
0.0,1,11.699131
0.0,4,11.699275
0.0,5,11.699438
0.0,2,11.699538
0.0,7,11.699744
0.0,6,11.699939
0.0,5,11.700115
0.0,6,11.700304
0.0,12,11.700622
1.0,6,11.700812
0.0,20,11.701313
0.0,8,11.701545
0.0,20,11.70204
0.0,4,11.702185
0.0,4,11.702331
0.0,6,11.702516
0.0,5,11.702678
0.0,13,11.703029
1.0,13,11.703375
0.0,17,11.703801
0.0,4,11.703945
0.0,5,11.704123
0.0,14,11.704491
0.0,1,11.704572
0.0,18,11.705025
0.0,8,11.705258
0.0,7,11.705468
0.0,12,11.705788
0.0,4,11.705937
0.0,4,11.706093
0.0,6,11.706285
0.0,11,11.706583
0.0,7,11.706788
0.0,8,11.707026
0.0,4,11.707176
0.0,15,11.707553
0.0,6,11.707739
0.0,1,11.707819
1.0,7,11.708037
0.0,3,11.708159
0.0,49,11.709264
1.0,12,11.709579
0.0,1,11.709655
0.0,3,11.709776
0.0,12,11.710106
0.0,21,11.71062
0.0,10,11.710895
0.0,12,11.711214
0.0,8,11.711442
0.0,6,11.711626
0.0,3,11.711747
0.0,16,11.712149
0.0,7,11.71236
0.0,2,11.712461
0.0,1,11.712536
0.0,4,11.712684
0.0,1,11.712763
0.0,3,11.71289
0.0,26,11.713501
0.0,8,11.713728
0.0,2,11.713827
0.0,6,11.714029
0.0,10,11.714305
0.0,11,11.714599
0.0,8,11.714827
0.0,10,11.715124
0.0,10,11.715422
0.0,2,11.715522
0.0,4,11.715669
0.0,5,11.715842
0.0,10,11.716127
0.0,2,11.716229
0.0,10,11.716504
1.0,18,11.716936
0.0,12,11.717252
0.0,2,11.717354
0.0,3,11.717474
0.0,17,11.717886
0.0,9,11.718143
0.0,37,11.718973
0.0,4,11.71913
0.0,3,11.719254
0.0,14,11.719611
0.0,3,11.719733
0.0,3,11.719854
0.0,5,11.720034
0.0,7,11.720241
0.0,3,11.720361
0.0,3,11.720482
0.0,10,11.720751
1.0,19,11.721228
0.0,1,11.721305
0.0,2,11.721405
0.0,3,11.721527
0.0,6,11.721712
0.0,22,11.722253
0.0,1,11.722332
1.0,40,11.723237
0.0,30,11.723923
0.0,9,11.724178
0.0,7,11.724387
0.0,34,11.72516
0.0,3,11.725284
0.0,11,11.72558
0.0,2,11.72568
0.0,22,11.726214
0.0,4,11.726358
0.0,1,11.726433
0.0,5,11.726596
0.0,10,11.726869
0.0,18,11.727304
0.0,6,11.727489
1.0,18,11.72793
0.0,6,11.728133
0.0,24,11.728695
0.0,23,11.729267
1.0,10,11.729534
0.0,14,11.729892
0.0,11,11.730192
0.0,4,11.730336
0.0,2,11.730436
0.0,3,11.730562
0.0,3,11.730685
0.0,5,11.730849
0.0,3,11.730969
0.0,18,11.73142
0.0,28,11.732082
0.0,14,11.732436
0.0,1,11.732511
0.0,7,11.732723
0.0,6,11.732914
0.0,19,11.733383
0.0,9,11.733637
0.0,30,11.734327
0.0,18,11.734758
0.0,6,11.734948
0.0,5,11.73512
0.0,26,11.735715
0.0,4,11.735857
0.0,4,11.735999
0.0,8,11.736233
0.0,3,11.736354
0.0,8,11.736588
0.0,5,11.736757
0.0,5,11.73693
0.0,23,11.737488
0.0,9,11.737747
0.0,3,11.737875
0.0,3,11.737998
0.0,9,11.738258
0.0,6,11.73845
0.0,29,11.739139
0.0,12,11.739461
0.0,9,11.739707
0.0,3,11.739835
0.0,4,11.739979
1.0,6,11.740174
0.0,3,11.740297
0.0,6,11.740489
0.0,3,11.740612
0.0,21,11.741122
0.0,6,11.741312
0.0,6,11.741499
0.0,13,11.741845
0.0,2,11.742031
0.0,2,11.742163
0.0,7,11.742404
0.0,15,11.742792
0.0,7,11.74301
0.0,5,11.743216
0.0,1,11.743297
0.0,5,11.743485
0.0,23,11.744054
0.0,9,11.744321
0.0,15,11.7447
0.0,1,11.744782
0.0,16,11.745199
0.0,5,11.745367
0.0,8,11.7456
0.0,6,11.745795
0.0,8,11.746037
1.0,10,11.746312
0.0,16,11.746699
0.0,16,11.747112
0.0,17,11.747544
0.0,8,11.747773
0.0,1,11.747854
0.0,3,11.747977
0.0,41,11.748911
0.0,2,11.749021
1.0,23,11.749565
0.0,7,11.749769
0.0,8,11.749999
0.0,3,11.750132
0.0,6,11.750322
0.0,5,11.750488
0.0,21,11.751009
0.0,4,11.751163
0.0,11,11.751463
0.0,17,11.751901
0.0,30,11.752609
0.0,23,11.753189
0.0,6,11.753378
0.0,1,11.753458
0.0,11,11.75375
0.0,13,11.754109
0.0,7,11.754317
0.0,10,11.754594
0.0,4,11.754737
0.0,4,11.754881
0.0,6,11.755085
0.0,9,11.755347
0.0,11,11.755647
0.0,6,11.75584
0.0,20,11.756343
0.0,6,11.75653
0.0,6,11.756725
0.0,10,11.757
0.0,14,11.757376
0.0,8,11.757618
0.0,3,11.757742
0.0,3,11.757864
0.0,7,11.758081
0.0,7,11.758299
0.0,6,11.758489
0.0,13,11.758819
0.0,3,11.758939
0.0,6,11.759131
0.0,16,11.759535
0.0,8,11.75977
0.0,6,11.759964
0.0,4,11.760122
0.0,4,11.760275
0.0,11,11.760573
0.0,12,11.760892
0.0,12,11.76122
0.0,14,11.761573
0.0,3,11.761699
0.0,3,11.761822
0.0,5,11.76199
0.0,15,11.76237
0.0,3,11.762496
0.0,6,11.762687
0.0,6,11.762872
0.0,4,11.763022
0.0,4,11.763166
0.0,2,11.763266
0.0,7,11.763472
0.0,7,11.763678
0.0,2,11.763777
0.0,5,11.763946
0.0,5,11.76412
0.0,1,11.764197
0.0,5,11.764361
0.0,17,11.76478
0.0,7,11.764995
0.0,6,11.76519
0.0,8,11.765417
0.0,10,11.765685
0.0,29,11.766374
0.0,8,11.766609
1.0,16,11.767014
0.0,1,11.767092
0.0,1,11.767168
0.0,3,11.767295
0.0,3,11.767422
0.0,4,11.767568
0.0,15,11.767956
0.0,9,11.768212
0.0,7,11.768426
0.0,23,11.768975
0.0,2,11.769083
0.0,1,11.769163
0.0,25,11.769764
0.0,1,11.76984
0.0,19,11.770309
0.0,9,11.770567
0.0,19,11.771044
0.0,11,11.771341
0.0,8,11.771575
0.0,6,11.771765
0.0,8,11.771993
0.0,8,11.772229
0.0,15,11.772602
0.0,4,11.772749
0.0,11,11.773046
0.0,1,11.773127
0.0,15,11.773508
0.0,44,11.774505
1.0,21,11.775
1.0,16,11.775406
0.0,11,11.775702
0.0,26,11.776305
0.0,9,11.776552
0.0,8,11.776791
0.0,1,11.776867
0.0,1,11.776943
0.0,17,11.777376
0.0,12,11.777698
0.0,3,11.777828
0.0,4,11.777972
0.0,8,11.778214
0.0,13,11.778561
0.0,5,11.778728
1.0,28,11.779391
0.0,14,11.779759
0.0,1,11.779836
0.0,9,11.780103
0.0,17,11.780518
0.0,4,11.78066
0.0,4,11.780802
0.0,13,11.781149
0.0,37,11.781992
0.0,3,11.78213
0.0,4,11.782275
0.0,6,11.782464
0.0,4,11.782614
0.0,3,11.782742
0.0,12,11.783071
0.0,3,11.783194
0.0,1,11.78327
0.0,11,11.783561
0.0,7,11.783767
0.0,5,11.783931
0.0,1,11.784013
0.0,5,11.784181
0.0,7,11.784393
0.0,3,11.784516
0.0,8,11.784747
0.0,6,11.784933
0.0,14,11.785301
1.0,21,11.785804
0.0,18,11.786252
0.0,10,11.786523
0.0,9,11.78677
0.0,14,11.787136
1.0,31,11.78785
0.0,1,11.787925
0.0,13,11.78827
0.0,8,11.788498
0.0,11,11.788798
0.0,9,11.789059
1.0,31,11.789782
1.0,10,11.790075
0.0,6,11.790266
0.0,4,11.790414
1.0,9,11.790667
0.0,12,11.790987
0.0,21,11.791508
0.0,14,11.791858
1.0,13,11.792196
0.0,12,11.792517
0.0,3,11.792643
0.0,7,11.792855
0.0,7,11.793077
0.0,2,11.793178
0.0,9,11.793433
0.0,4,11.793574
0.0,6,11.793758
0.0,8,11.793994
0.0,9,11.79426
0.0,11,11.794557
0.0,1,11.794633
0.0,13,11.794971
0.0,7,11.795191
0.0,9,11.795455
0.0,10,11.795727
0.0,2,11.795832
0.0,6,11.796037
1.0,11,11.796333
0.0,12,11.796655
0.0,10,11.796927
0.0,5,11.797108
0.0,14,11.797466
1.0,23,11.798021
0.0,14,11.798384
0.0,8,11.798617
0.0,1,11.798697
0.0,7,11.79891
0.0,20,11.799406
0.0,23,11.799958
0.0,7,11.800174
0.0,5,11.800344
0.0,6,11.800528
0.0,2,11.800631
0.0,6,11.800817
0.0,4,11.80096
0.0,6,11.801161
0.0,12,11.801482
0.0,5,11.801653
0.0,2,11.801752
0.0,1,11.801827
0.0,14,11.802201
0.0,5,11.802368
0.0,9,11.802613
0.0,1,11.802691
0.0,1,11.802771
0.0,6,11.802963
0.0,30,11.803664
0.0,20,11.804149
0.0,12,11.804461
0.0,4,11.804603
0.0,7,11.804807
0.0,3,11.804929
0.0,20,11.805421
0.0,3,11.805545
0.0,5,11.805716
0.0,1,11.805792
0.0,3,11.805918
0.0,21,11.806444
0.0,1,11.806523
0.0,4,11.806667
0.0,8,11.806903
1.0,27,11.807544
0.0,1,11.807621
0.0,14,11.807976
0.0,1,11.808063
0.0,2,11.808169
0.0,41,11.809122
0.0,4,11.809268
0.0,16,11.809671
0.0,8,11.809908
0.0,9,11.810168
0.0,16,11.810572
0.0,3,11.810694
0.0,2,11.810793
1.0,10,11.81107
0.0,13,11.811407
1.0,20,11.811899
0.0,5,11.812078
0.0,7,11.812286
0.0,4,11.812428
0.0,1,11.812504
0.0,15,11.812887
0.0,5,11.813061
0.0,10,11.81333
1.0,39,11.814221
0.0,7,11.814467
0.0,4,11.81461
0.0,5,11.814774
0.0,6,11.814962
0.0,16,11.815407
1.0,7,11.815613
0.0,7,11.815825
0.0,1,11.815902
1.0,16,11.816311
0.0,6,11.816501
0.0,6,11.816687
0.0,11,11.816975
0.0,15,11.817359
0.0,9,11.817613
0.0,5,11.817778
0.0,11,11.818089
0.0,3,11.818213
0.0,4,11.818362
0.0,1,11.818439
1.0,32,11.819186
0.0,7,11.819397
0.0,12,11.81971
1.0,28,11.820375
1.0,48,11.82145
1.0,12,11.821769
0.0,5,11.821931
0.0,10,11.822207
0.0,3,11.822334
0.0,11,11.822631
0.0,17,11.823053
0.0,4,11.823196
0.0,22,11.823716
0.0,4,11.823859
0.0,1,11.823938
0.0,10,11.824227
0.0,7,11.824442
0.0,2,11.824546
0.0,10,11.824824
0.0,5,11.82499
0.0,4,11.825147
0.0,6,11.825338
0.0,10,11.825613
0.0,2,11.825712
0.0,3,11.825855
0.0,10,11.826142
0.0,3,11.826271
0.0,3,11.826393
0.0,3,11.826514
0.0,8,11.82674
0.0,9,11.826987
0.0,8,11.827228
0.0,9,11.827484
0.0,7,11.827688
0.0,6,11.827875
0.0,6,11.828076
0.0,1,11.828157
0.0,15,11.828526
0.0,2,11.828625
0.0,3,11.828744
0.0,17,11.829164
0.0,11,11.829459
0.0,25,11.830053
0.0,8,11.830284
0.0,17,11.830701
0.0,27,11.831334
0.0,4,11.831479
0.0,20,11.83196
0.0,13,11.832299
0.0,4,11.832442
0.0,6,11.832625
0.0,14,11.832979
0.0,6,11.83318
0.0,6,11.833372
0.0,1,11.833451
0.0,6,11.833638
0.0,5,11.833807
0.0,1,11.833883
0.0,6,11.834077
0.0,7,11.834282
0.0,2,11.834387
0.0,5,11.834552
0.0,7,11.834759
0.0,3,11.834884
0.0,7,11.835098
0.0,7,11.835303
0.0,12,11.835613
0.0,3,11.835737
0.0,4,11.835886
0.0,21,11.836391
0.0,2,11.836493
0.0,13,11.836831
0.0,7,11.837048
0.0,16,11.837448
0.0,6,11.837632
0.0,23,11.838186
0.0,7,11.838391
0.0,7,11.838601
0.0,1,11.838676
0.0,5,11.838846
0.0,2,11.83895
0.0,15,11.839343
0.0,2,11.839445
0.0,12,11.839756
0.0,4,11.839897
0.0,13,11.840248
0.0,5,11.840414
0.0,2,11.840513
0.0,5,11.840678
0.0,2,11.840781
0.0,4,11.840932
0.0,28,11.841605
0.0,13,11.841948
0.0,4,11.842106
0.0,1,11.842184
0.0,10,11.842457
0.0,1,11.842537
0.0,12,11.842854
0.0,22,11.843394
0.0,20,11.843972
0.0,22,11.844563
0.0,8,11.844801
0.0,6,11.844989
0.0,8,11.845225
0.0,3,11.845352
0.0,18,11.845798
0.0,7,11.84601
0.0,3,11.846136
0.0,11,11.846436
0.0,17,11.846858
0.0,16,11.847272
0.0,4,11.84742
0.0,9,11.847675
0.0,6,11.847867
0.0,8,11.848114
0.0,8,11.848344
0.0,6,11.848536
0.0,31,11.849245
0.0,6,11.849429
0.0,6,11.849614
0.0,3,11.849734
1.0,9,11.849979
0.0,2,11.850086
0.0,14,11.850448
0.0,2,11.850549
0.0,3,11.85067
0.0,8,11.850903
0.0,3,11.851041
1.0,33,11.851798
1.0,17,11.85223
1.0,33,11.852988
0.0,7,11.8532
0.0,1,11.853277
0.0,3,11.8534
0.0,1,11.853475
1.0,17,11.853903
0.0,8,11.854144
0.0,13,11.85449
0.0,5,11.854653
0.0,8,11.854883
0.0,3,11.855016
0.0,9,11.855273
0.0,6,11.855469
0.0,10,11.855745
0.0,13,11.856095
0.0,5,11.856261
0.0,13,11.856607
0.0,7,11.856817
0.0,3,11.856938
0.0,1,11.857021
0.0,17,11.857448
0.0,5,11.857613
0.0,2,11.857713
0.0,1,11.857787
0.0,4,11.85793
0.0,8,11.858171
0.0,1,11.858249
0.0,8,11.858484
0.0,1,11.85856
0.0,14,11.858926
0.0,7,11.859147
0.0,35,11.859941
0.0,6,11.860138
0.0,5,11.860311
0.0,22,11.860837
0.0,33,11.861596
0.0,15,11.861973
0.0,8,11.862211
0.0,3,11.862337
0.0,4,11.862485
0.0,9,11.862735
0.0,1,11.86281
0.0,6,11.862996
0.0,4,11.863155
0.0,9,11.863409
0.0,1,11.863485
1.0,21,11.864
1.0,20,11.864495
0.0,12,11.864809
0.0,17,11.865236
0.0,12,11.865552
0.0,13,11.86588
0.0,18,11.866332
0.0,12,11.866644
0.0,4,11.866791
0.0,5,11.866956
0.0,6,11.86715
0.0,4,11.867294
0.0,3,11.867416
0.0,14,11.867776
0.0,7,11.867982
0.0,8,11.86822
0.0,4,11.868363
0.0,15,11.868731
0.0,3,11.868856
0.0,6,11.869057
0.0,1,11.869138
0.0,19,11.869605
0.0,14,11.869969
0.0,11,11.870279
0.0,4,11.870427
0.0,15,11.870799
0.0,11,11.871103
0.0,1,11.87118
0.0,5,11.871344
0.0,5,11.871507
0.0,7,11.871718
0.0,5,11.871882
0.0,2,11.871986
0.0,4,11.872139
0.0,7,11.872345
0.0,9,11.872601
0.0,1,11.872676
0.0,22,11.873218
0.0,8,11.873446
0.0,6,11.873631
0.0,8,11.873869
0.0,2,11.873974
0.0,11,11.874271
0.0,24,11.874855
0.0,31,11.875579
0.0,6,11.875766
0.0,32,11.87651
1.0,18,11.876947
0.0,15,11.877331
0.0,5,11.877495
0.0,9,11.877745
0.0,17,11.878179
0.0,3,11.878302
0.0,8,11.878537
0.0,6,11.878722
0.0,1,11.878797
1.0,24,11.879371
1.0,17,11.879794
0.0,2,11.879893
0.0,11,11.880198
0.0,3,11.880322
0.0,7,11.88054
0.0,2,11.880641
0.0,2,11.880744
0.0,2,11.880844
0.0,1,11.880923
0.0,4,11.881081
0.0,4,11.881226
0.0,1,11.8813
0.0,11,11.881596
0.0,8,11.881821
0.0,3,11.881941
0.0,8,11.882181
0.0,10,11.882456
0.0,8,11.882682
0.0,2,11.882781
0.0,9,11.883037
0.0,8,11.883271
0.0,8,11.883511
0.0,8,11.883738
0.0,6,11.883929
0.0,11,11.884231
0.0,1,11.884309
0.0,4,11.884452
0.0,16,11.884844
1.0,12,11.885174
0.0,2,11.885278
0.0,21,11.885784
0.0,11,11.88608
0.0,15,11.886457
0.0,17,11.886869
0.0,4,11.88702
0.0,12,11.88734
0.0,5,11.887505
0.0,1,11.88758
0.0,10,11.887856
0.0,10,11.888142
0.0,22,11.888657
0.0,6,11.888846
0.0,8,11.88909
0.0,2,11.889199
0.0,3,11.889328
0.0,5,11.889499
0.0,12,11.88982
0.0,2,11.889925
0.0,5,11.890102
1.0,35,11.890905
0.0,14,11.891264
1.0,17,11.891692
0.0,18,11.892152
0.0,29,11.892816
0.0,6,11.893011
0.0,1,11.89309
0.0,3,11.893213
0.0,19,11.893672
0.0,8,11.893901
0.0,9,11.894161
0.0,21,11.894656
0.0,9,11.8949
1.0,19,11.895372
0.0,11,11.89566
0.0,4,11.895805
0.0,4,11.895956
0.0,7,11.896174
0.0,1,11.896255
0.0,9,11.896506
0.0,15,11.896888
0.0,17,11.897324
0.0,3,11.89745
0.0,7,11.897655
0.0,6,11.89784
0.0,4,11.897981
0.0,4,11.89813
0.0,3,11.898251
0.0,3,11.898377
0.0,1,11.898453
0.0,5,11.898617
0.0,6,11.8988
0.0,24,11.899361
0.0,4,11.899505
0.0,8,11.899727
0.0,5,11.899894
0.0,2,11.899995
0.0,17,11.900427
0.0,7,11.900633
1.0,14,11.900989
0.0,2,11.901095
0.0,3,11.901216
0.0,1,11.901291
0.0,13,11.901629
0.0,8,11.901865
0.0,3,11.901992
0.0,8,11.902243
0.0,12,11.902552
0.0,13,11.902886
0.0,11,11.903193
0.0,7,11.903406
0.0,4,11.903549
0.0,19,11.904013
0.0,3,11.904142
0.0,18,11.904584
0.0,6,11.904775
0.0,34,11.905571
0.0,3,11.905701
1.0,23,11.906258
0.0,3,11.906384
0.0,1,11.906461
0.0,4,11.906609
0.0,20,11.907095
0.0,32,11.907817
0.0,7,11.908031
0.0,14,11.908389
0.0,1,11.90847
0.0,34,11.909255
0.0,12,11.909576
0.0,12,11.909889
0.0,1,11.909969
0.0,10,11.910249
0.0,17,11.910666
0.0,11,11.91096
0.0,9,11.911217
0.0,8,11.911451
0.0,7,11.911664
0.0,6,11.911853
0.0,5,11.912026
0.0,30,11.912717
0.0,6,11.912902
0.0,8,11.91314
0.0,3,11.913269
0.0,13,11.913606
0.0,24,11.914186
0.0,8,11.914413
0.0,35,11.915231
0.0,17,11.915666
0.0,7,11.915873
0.0,6,11.916079
0.0,20,11.916561
0.0,9,11.916814
0.0,2,11.916918
0.0,5,11.917098
0.0,5,11.917266
0.0,14,11.91762
0.0,24,11.918189
0.0,4,11.918334
1.0,31,11.919056
0.0,8,11.919282
0.0,15,11.91965
0.0,3,11.919771
0.0,25,11.920382
0.0,5,11.920557
0.0,12,11.920876
0.0,6,11.921074
0.0,8,11.921309
0.0,33,11.922075
0.0,7,11.922292
0.0,15,11.922687
0.0,11,11.922982
0.0,2,11.923095
0.0,5,11.923265
0.0,4,11.923409
0.0,5,11.923579
0.0,2,11.923679
0.0,3,11.923801
0.0,5,11.92397
0.0,5,11.92415
0.0,12,11.924465
0.0,21,11.924976
0.0,13,11.925323
0.0,11,11.925619
0.0,3,11.92574
0.0,5,11.925905
0.0,18,11.926363
0.0,6,11.926548
0.0,15,11.926925
0.0,26,11.92754
0.0,7,11.927745
0.0,7,11.927957
0.0,3,11.928088
0.0,8,11.928315
0.0,8,11.928546
0.0,2,11.928646
0.0,2,11.928746
0.0,2,11.928849
0.0,6,11.929049
0.0,4,11.929194
0.0,19,11.929662
0.0,4,11.929804
0.0,19,11.930274
0.0,7,11.930488
0.0,8,11.930722
0.0,5,11.930887
0.0,3,11.93102
0.0,7,11.931229
0.0,30,11.931911
0.0,35,11.932708
0.0,4,11.932853
0.0,1,11.932928
0.0,3,11.933062
0.0,4,11.93321
0.0,24,11.933778
0.0,7,11.933984
0.0,5,11.934157
0.0,5,11.934319
0.0,21,11.934819
0.0,13,11.935177
0.0,3,11.935306
0.0,11,11.935606
0.0,4,11.93575
0.0,7,11.935962
0.0,10,11.936242
0.0,9,11.93649
0.0,13,11.936828
0.0,8,11.937067
0.0,2,11.937168
0.0,10,11.937439
0.0,27,11.938084
0.0,20,11.938555
0.0,3,11.938676
0.0,5,11.938842
0.0,5,11.939017
0.0,6,11.939223
1.0,37,11.940071
0.0,7,11.940287
0.0,13,11.940624
0.0,8,11.940857
0.0,20,11.941355
0.0,8,11.941586
0.0,6,11.94177
0.0,16,11.942174
0.0,7,11.942388
0.0,5,11.942559
0.0,7,11.942771
0.0,17,11.943202
0.0,8,11.943432
0.0,13,11.943815
0.0,3,11.943952
0.0,15,11.944399
0.0,2,11.944504
0.0,3,11.94463
0.0,25,11.945239
0.0,3,11.945363
0.0,14,11.945729
0.0,20,11.946253
0.0,25,11.946857
0.0,20,11.947397
1.0,16,11.947798
1.0,14,11.948182
1.0,13,11.948522
0.0,5,11.948684
0.0,7,11.948889
0.0,5,11.94908
1.0,13,11.949444
0.0,4,11.949649
0.0,14,11.950095
0.0,12,11.950467
0.0,12,11.950781
0.0,5,11.950952
0.0,3,11.951084
0.0,12,11.951404
0.0,5,11.951569
0.0,1,11.951645
0.0,7,11.951862
0.0,3,11.951987
0.0,5,11.952171
0.0,5,11.952338
0.0,4,11.952487
0.0,17,11.952915
0.0,5,11.95309
0.0,19,11.953548
0.0,4,11.953691
0.0,10,11.953966
0.0,9,11.954223
0.0,1,11.954301
0.0,30,11.954991
0.0,9,11.955254
0.0,1,11.955331
0.0,2,11.955437
0.0,2,11.955542
0.0,16,11.955948
0.0,3,11.956084
0.0,7,11.956303
0.0,18,11.956757
0.0,7,11.956968
0.0,2,11.957078
0.0,3,11.957202
0.0,18,11.957655
0.0,19,11.958134
0.0,6,11.958325
0.0,14,11.958683
0.0,4,11.95883
0.0,7,11.95906
0.0,3,11.959185
0.0,5,11.959354
0.0,4,11.959503
0.0,3,11.959626
0.0,4,11.959778
0.0,3,11.9599
0.0,20,11.960407
0.0,5,11.960579
0.0,3,11.960705
0.0,3,11.960829
0.0,6,11.961024
0.0,7,11.961241
0.0,8,11.961469
0.0,1,11.961545
0.0,12,11.961872
0.0,11,11.962179
0.0,3,11.962304
0.0,7,11.962511
0.0,8,11.962747
0.0,8,11.962979
0.0,23,11.963549
0.0,9,11.963806
0.0,3,11.963928
0.0,2,11.964044
0.0,3,11.964174
0.0,3,11.964298
0.0,17,11.964722
0.0,1,11.964799
0.0,5,11.96497
0.0,10,11.965249
0.0,9,11.9655
0.0,2,11.9656
0.0,6,11.965785
0.0,7,11.965992
0.0,9,11.966248
0.0,12,11.966565
0.0,17,11.966989
0.0,5,11.967169
0.0,7,11.967382
0.0,2,11.967484
0.0,3,11.967607
0.0,10,11.967887
0.0,4,11.968043
0.0,4,11.968189
0.0,3,11.968312
0.0,5,11.968484
1.0,22,11.969021
0.0,7,11.969232
0.0,4,11.969375
0.0,7,11.969588
0.0,1,11.969664
0.0,10,11.969936
0.0,20,11.970436
0.0,1,11.970514
1.0,8,11.970745
0.0,3,11.970866
0.0,19,11.971332
0.0,10,11.97162
0.0,4,11.971765
0.0,11,11.972077
0.0,13,11.972416
0.0,16,11.972817
0.0,1,11.972897
0.0,17,11.973338
0.0,7,11.973552
0.0,2,11.973656
0.0,12,11.973981
0.0,4,11.974133
0.0,1,11.97421
1.0,24,11.974783
0.0,3,11.974904
0.0,7,11.975128
0.0,3,11.975252
1.0,10,11.975528
0.0,8,11.975764
1.0,8,11.975991
0.0,3,11.97612
1.0,9,11.97638
0.0,9,11.976627
0.0,1,11.976706
0.0,1,11.976783
0.0,1,11.976858
0.0,10,11.97714
0.0,11,11.97744
0.0,17,11.977861
0.0,3,11.977984
1.0,23,11.978553
0.0,2,11.978652
0.0,22,11.97923
0.0,11,11.979534
0.0,13,11.979866
0.0,20,11.980353
1.0,11,11.980646
0.0,38,11.981513
1.0,21,11.982027
0.0,2,11.982128
0.0,26,11.982734
0.0,16,11.983149
0.0,4,11.983298
0.0,11,11.983588
0.0,2,11.983687
0.0,6,11.983871
0.0,1,11.98395
0.0,14,11.98432
0.0,6,11.984505
0.0,5,11.984669
0.0,3,11.984791
0.0,11,11.985096
0.0,7,11.985304
0.0,7,11.985516
0.0,4,11.985659
0.0,6,11.985845
0.0,7,11.98606
0.0,16,11.986466
0.0,9,11.986713
0.0,10,11.986986
0.0,19,11.987463
1.0,28,11.988123
0.0,20,11.9886
0.0,30,11.989308
0.0,5,11.989474
0.0,17,11.9899
0.0,5,11.990077
0.0,4,11.990221
0.0,10,11.990495
0.0,2,11.990595
0.0,1,11.990671
1.0,15,11.991059
0.0,2,11.99116
0.0,1,11.991239
1.0,9,11.991495
0.0,3,11.991616
0.0,13,11.991949
0.0,8,11.992186
0.0,1,11.992265
0.0,19,11.992722
0.0,21,11.993229
1.0,11,11.993526
0.0,12,11.993851
0.0,18,11.994311
0.0,12,11.994621
0.0,1,11.994701
0.0,2,11.994803
0.0,4,11.994954
0.0,10,11.995233
0.0,2,11.995334
0.0,10,11.995615
0.0,6,11.995806
0.0,6,11.995993
0.0,15,11.996382
0.0,43,11.997358
0.0,4,11.997504
0.0,10,11.997773
0.0,8,11.998012
0.0,24,11.998569
0.0,9,11.998819
0.0,11,11.999129
0.0,4,11.99928
0.0,3,11.999403
0.0,9,11.999655
0.0,2,11.999757
0.0,5,11.999927
0.0,4,12.000086
0.0,1,12.000167
0.0,2,12.000268
0.0,2,12.000372
0.0,9,12.000622
0.0,12,12.00095
0.0,9,12.001217
0.0,3,12.001341
0.0,7,12.001549
0.0,14,12.001901
0.0,3,12.002031
0.0,9,12.002293
0.0,22,12.002825
0.0,5,12.00299
1.0,13,12.003344
0.0,7,12.003548
0.0,2,12.003648
0.0,5,12.003816
0.0,8,12.004058
0.0,1,12.00414
0.0,6,12.00433
0.0,38,12.005182
0.0,7,12.005398
0.0,9,12.005653
0.0,12,12.005969
0.0,5,12.006141
1.0,25,12.006719
0.0,31,12.007437
0.0,2,12.007539
0.0,19,12.007999
0.0,10,12.008283
1.0,23,12.008828
0.0,7,12.009048
0.0,14,12.009402
0.0,1,12.009481
0.0,13,12.009815
0.0,17,12.010249
0.0,5,12.010424
0.0,2,12.010529
0.0,1,12.010607
0.0,21,12.011131
0.0,2,12.011232
0.0,6,12.011425
0.0,5,12.011594
0.0,3,12.011716
0.0,3,12.011843
0.0,21,12.012361
0.0,4,12.01251
0.0,4,12.012662
0.0,13,12.013008
0.0,17,12.013425
0.0,7,12.013629
0.0,2,12.013732
0.0,4,12.013876
0.0,7,12.014097
0.0,2,12.014204
0.0,7,12.014413
0.0,1,12.01449
0.0,4,12.01464
0.0,5,12.014804
0.0,6,12.014994
0.0,13,12.015385
0.0,4,12.015539
0.0,5,12.015712
0.0,19,12.016178
0.0,5,12.016348
0.0,4,12.016497
0.0,11,12.016792
0.0,6,12.016977
0.0,8,12.017216
0.0,19,12.017676
1.0,10,12.017941
1.0,13,12.01829
0.0,4,12.018435
0.0,4,12.018583
0.0,25,12.019194
0.0,1,12.019276
0.0,9,12.019532
0.0,19,12.01999
0.0,10,12.020272
0.0,8,12.020506
0.0,11,12.020796
0.0,5,12.020964
0.0,5,12.021142
0.0,1,12.021224
0.0,21,12.021739
0.0,2,12.02184
0.0,15,12.022227
1.0,19,12.022702
0.0,1,12.022781
0.0,21,12.023304
0.0,6,12.023492
0.0,6,12.023682
0.0,9,12.023934
0.0,14,12.024294
0.0,9,12.024553
0.0,7,12.024767
0.0,1,12.024847
0.0,26,12.025473
0.0,4,12.025617
0.0,26,12.02624
0.0,38,12.027111
0.0,27,12.027741
0.0,5,12.027905
0.0,7,12.02812
0.0,9,12.028386
0.0,7,12.028602
0.0,2,12.028707
0.0,5,12.028883
0.0,12,12.029206
0.0,13,12.029549
0.0,25,12.030149
0.0,3,12.030278
0.0,22,12.030807
0.0,8,12.031045
0.0,3,12.03117
0.0,3,12.031293
0.0,1,12.031373
0.0,21,12.031877
0.0,7,12.032095
0.0,3,12.032224
0.0,4,12.032368
0.0,15,12.032742
0.0,20,12.033246
0.0,1,12.033324
0.0,11,12.033625
0.0,4,12.033773
0.0,11,12.034078
0.0,4,12.034223
0.0,12,12.034541
0.0,12,12.034851
0.0,5,12.03503
0.0,3,12.035159
0.0,1,12.035236
0.0,1,12.035312
0.0,6,12.035508
0.0,9,12.035766
0.0,8,12.035996
0.0,3,12.036128
0.0,5,12.036294
0.0,4,12.036438
0.0,4,12.036585
0.0,16,12.036994
0.0,20,12.037492
0.0,21,12.037988
0.0,3,12.03812
0.0,28,12.038784
0.0,6,12.038979
0.0,9,12.039245
0.0,18,12.039689
0.0,7,12.039896
0.0,6,12.040097
0.0,17,12.040521
0.0,11,12.040811
0.0,17,12.041245
0.0,11,12.041534
0.0,8,12.04176
0.0,25,12.042362
0.0,1,12.042444
0.0,5,12.042616
0.0,1,12.042693
0.0,2,12.042798
0.0,12,12.043123
0.0,32,12.043858
0.0,9,12.044118
0.0,5,12.044293
0.0,6,12.044482
0.0,20,12.044965
0.0,3,12.045096
0.0,14,12.045458
0.0,5,12.045623
0.0,22,12.046153
0.0,2,12.046259
0.0,36,12.047084
0.0,3,12.047213
0.0,11,12.047519
0.0,5,12.047684
0.0,5,12.047848
0.0,14,12.048214
0.0,3,12.048342
0.0,26,12.048952
0.0,5,12.049127
0.0,8,12.049358
0.0,1,12.049439
0.0,3,12.049564
0.0,7,12.049848
0.0,22,12.050404
0.0,25,12.050993
0.0,15,12.051383
0.0,19,12.051841
0.0,7,12.052071
0.0,3,12.052203
0.0,1,12.052279
0.0,2,12.052386
0.0,16,12.052794
0.0,10,12.053087
0.0,6,12.053274
0.0,12,12.05359
1.0,6,12.053783
0.0,21,12.054301
0.0,10,12.054584
1.0,13,12.054925
0.0,19,12.055398
0.0,16,12.055791
0.0,3,12.055917
0.0,8,12.056163
0.0,25,12.056759
0.0,3,12.056887
0.0,4,12.057041
0.0,3,12.057171
0.0,7,12.057379
0.0,4,12.057527
0.0,10,12.057804
0.0,4,12.057954
0.0,3,12.058086
0.0,2,12.058187
0.0,2,12.058288
0.0,3,12.05841
0.0,7,12.058624
0.0,19,12.05909
0.0,12,12.059402
0.0,11,12.059693
0.0,46,12.060745
0.0,15,12.061135
0.0,3,12.06126
0.0,8,12.061494
0.0,11,12.061791
0.0,1,12.061871
0.0,2,12.061973
0.0,8,12.062219
0.0,14,12.062572
0.0,9,12.06283
0.0,5,12.062995
0.0,15,12.063384
0.0,17,12.063809
0.0,7,12.064026
0.0,1,12.064104
0.0,46,12.06515
0.0,2,12.065252
0.0,3,12.065374
0.0,4,12.065517
0.0,13,12.06586
0.0,10,12.066154
0.0,3,12.066284
0.0,8,12.066515
0.0,3,12.066636
0.0,3,12.066758
0.0,7,12.066971
0.0,6,12.067171
0.0,1,12.067254
0.0,11,12.067554
0.0,4,12.067703
0.0,5,12.06787
0.0,1,12.067945
0.0,5,12.068125
0.0,21,12.068636
0.0,19,12.069113
0.0,4,12.069258
0.0,13,12.06959
0.0,13,12.069934
0.0,8,12.070186
0.0,3,12.070309
0.0,13,12.070642
0.0,19,12.071133
0.0,11,12.071425
0.0,3,12.071547
0.0,1,12.071626
0.0,1,12.071703
0.0,17,12.072139
0.0,11,12.072442
0.0,3,12.072563
0.0,9,12.072818
0.0,4,12.072965
0.0,11,12.073266
0.0,5,12.073433
0.0,6,12.073618
1.0,8,12.073847
0.0,5,12.074019
0.0,8,12.074248
0.0,2,12.074348
0.0,14,12.074703
0.0,11,12.075012
0.0,23,12.075566
0.0,5,12.075738
0.0,5,12.075909
0.0,3,12.076046
0.0,2,12.076153
0.0,1,12.076233
0.0,8,12.076465
0.0,5,12.076636
0.0,4,12.07678
0.0,4,12.076927
0.0,16,12.077346
0.0,3,12.077474
0.0,9,12.077724
0.0,6,12.077916
0.0,12,12.078236
0.0,7,12.078448
1.0,25,12.079059
0.0,25,12.07965
0.0,17,12.08009
0.0,1,12.080172
0.0,16,12.080583
0.0,9,12.080832
0.0,45,12.081845
0.0,2,12.08195
0.0,31,12.082669
0.0,22,12.083199
0.0,7,12.083412
0.0,8,12.083652
0.0,9,12.083901
0.0,2,12.084012
0.0,1,12.084091
0.0,4,12.084236
0.0,5,12.084406
0.0,21,12.08491
0.0,1,12.084986
0.0,9,12.08525
0.0,23,12.085803
1.0,26,12.086428
1.0,8,12.086659
0.0,20,12.087164
0.0,2,12.087272
1.0,25,12.087869
0.0,6,12.088071
0.0,5,12.088239
0.0,16,12.088633
0.0,6,12.088818
0.0,4,12.088959
0.0,9,12.089221
0.0,4,12.089365
0.0,3,12.089487
0.0,7,12.089714
0.0,7,12.089931
0.0,2,12.090043
0.0,8,12.090273
0.0,7,12.09049
0.0,1,12.09057
0.0,15,12.090954
0.0,10,12.091234
0.0,4,12.09138
0.0,3,12.091503
0.0,28,12.092177
0.0,13,12.09252
0.0,3,12.09265
0.0,10,12.092928
0.0,6,12.093123
0.0,3,12.093247
0.0,2,12.093347
0.0,2,12.093451
0.0,5,12.093616
0.0,16,12.094037
0.0,2,12.094141
0.0,1,12.094217
0.0,10,12.094493
0.0,6,12.094687
1.0,15,12.095074
0.0,22,12.095618
0.0,14,12.095983
0.0,12,12.096309
0.0,24,12.096873
0.0,7,12.097092
0.0,19,12.097566
0.0,9,12.09782
0.0,8,12.098057
1.0,32,12.098774
0.0,5,12.098939
0.0,21,12.09945
0.0,17,12.099865
0.0,12,12.100199
0.0,1,12.100277
0.0,3,12.1004
0.0,5,12.100569
1.0,32,12.101337
0.0,12,12.10166
0.0,3,12.101787
0.0,52,12.102951
0.0,7,12.103175
0.0,8,12.10341
0.0,5,12.103575
0.0,10,12.10385
0.0,13,12.104198
0.0,6,12.104384
0.0,17,12.104813
0.0,9,12.105083
0.0,12,12.105402
0.0,27,12.106047
0.0,4,12.106194
0.0,2,12.106298
0.0,9,12.106552
0.0,12,12.106872
0.0,12,12.107193
0.0,12,12.107518
0.0,24,12.108109
0.0,9,12.108369
0.0,6,12.108557
0.0,6,12.108751
0.0,6,12.108936
0.0,21,12.109453
0.0,9,12.109707
0.0,2,12.109812
0.0,23,12.110373
0.0,2,12.110476
0.0,22,12.11101
0.0,3,12.111141
0.0,8,12.111372
0.0,7,12.111586
0.0,12,12.111906
0.0,2,12.112014
0.0,9,12.112264
0.0,2,12.112365
0.0,10,12.11264
0.0,2,12.112745
0.0,10,12.113028
1.0,11,12.113326
0.0,9,12.113584
0.0,13,12.113914
0.0,2,12.114023
0.0,4,12.114173
0.0,3,12.114295
0.0,4,12.114437
0.0,7,12.114648
0.0,5,12.114813
0.0,7,12.115047
0.0,8,12.115306
0.0,8,12.115535
0.0,8,12.115769
0.0,5,12.115932
0.0,3,12.116068
1.0,15,12.11646
0.0,13,12.11679
0.0,3,12.116914
0.0,1,12.116991
0.0,7,12.117215
0.0,6,12.117409
0.0,8,12.117644
0.0,5,12.117808
0.0,2,12.117906
0.0,6,12.118103
0.0,2,12.11821
0.0,16,12.118617
0.0,21,12.119125
0.0,17,12.119534
0.0,1,12.119611
0.0,2,12.119711
0.0,1,12.119786
0.0,29,12.120481
0.0,4,12.120633
0.0,6,12.120824
0.0,3,12.120951
0.0,7,12.121169
0.0,6,12.121355
0.0,6,12.121537
0.0,33,12.122292
0.0,1,12.12237
0.0,14,12.122731
0.0,25,12.123331
0.0,14,12.123692
0.0,11,12.123991
0.0,3,12.124125
0.0,26,12.124739
0.0,11,12.125046
0.0,13,12.125378
0.0,1,12.125453
0.0,6,12.125639
0.0,4,12.125781
0.0,4,12.125924
0.0,7,12.126146
0.0,9,12.126404
0.0,4,12.126553
0.0,7,12.126764
0.0,15,12.127153
0.0,11,12.127445
0.0,8,12.127671
0.0,3,12.127796
0.0,23,12.128345
0.0,3,12.128474
0.0,42,12.129437
0.0,14,12.1298
0.0,17,12.130241
0.0,23,12.130783
0.0,4,12.130925
0.0,9,12.131181
0.0,17,12.1316
0.0,7,12.131805
0.0,7,12.13203
0.0,5,12.132195
0.0,14,12.132559
0.0,2,12.132659
0.0,4,12.132802
0.0,10,12.133087
0.0,2,12.13319
0.0,7,12.133394
1.0,7,12.133599
0.0,5,12.133763
0.0,3,12.133884
0.0,3,12.134012
0.0,9,12.134269
0.0,6,12.134453
0.0,1,12.134529
0.0,3,12.13465
0.0,10,12.134931
0.0,1,12.135014
0.0,1,12.135092
0.0,11,12.135386
1.0,11,12.135678
0.0,23,12.136232
0.0,18,12.136683
0.0,7,12.136896
0.0,2,12.137008
0.0,1,12.137087
0.0,4,12.137237
0.0,8,12.137473
0.0,17,12.137896
0.0,5,12.138076
0.0,6,12.13827
0.0,7,12.138476
0.0,2,12.138577
0.0,4,12.138723
0.0,8,12.138954
0.0,4,12.139107
0.0,10,12.139385
0.0,15,12.139766
0.0,7,12.139977
0.0,11,12.140282
0.0,2,12.140386
0.0,9,12.140637
0.0,3,12.140759
0.0,12,12.141085
0.0,6,12.141272
0.0,5,12.141435
0.0,11,12.141733
0.0,9,12.141993
0.0,3,12.142127
0.0,2,12.142227
0.0,9,12.142474
0.0,4,12.142616
0.0,1,12.142696
0.0,5,12.142861
0.0,3,12.142991
0.0,6,12.143188
0.0,2,12.14329
0.0,7,12.143505
0.0,2,12.143607
0.0,7,12.143822
0.0,2,12.143923
0.0,10,12.144201
0.0,10,12.144479
0.0,21,12.14499
0.0,2,12.1451
0.0,33,12.145859
0.0,20,12.14636
0.0,15,12.146742
0.0,4,12.146888
0.0,5,12.147067
0.0,6,12.147254
0.0,3,12.147375
0.0,2,12.147475
0.0,7,12.147681
0.0,14,12.148044
0.0,32,12.148783
0.0,9,12.14905
0.0,10,12.149332
0.0,4,12.149477
0.0,27,12.150126
0.0,2,12.150231
0.0,2,12.150336
0.0,3,12.15046
1.0,17,12.15088
0.0,12,12.151341
0.0,6,12.151544
0.0,8,12.151778
0.0,5,12.151944
0.0,32,12.152708
0.0,5,12.152876
0.0,8,12.153121
0.0,4,12.153266
0.0,6,12.15345
0.0,8,12.153687
0.0,22,12.154241
0.0,13,12.154577
0.0,9,12.154835
0.0,8,12.155073
0.0,5,12.155246
0.0,18,12.155696
0.0,6,12.155885
0.0,2,12.15599
0.0,11,12.156291
0.0,12,12.156599
0.0,5,12.156762
0.0,3,12.156884
0.0,7,12.157108
0.0,7,12.157322
0.0,1,12.157398
0.0,12,12.157719
0.0,7,12.157926
0.0,5,12.15811
0.0,1,12.158188
0.0,7,12.158396
0.0,6,12.158589
0.0,1,12.158665
0.0,4,12.158814
0.0,2,12.158919
0.0,5,12.159094
0.0,1,12.159174
0.0,5,12.159349
0.0,5,12.159522
0.0,1,12.159598
0.0,19,12.160077
0.0,5,12.160244
0.0,3,12.160366
0.0,7,12.160572
0.0,2,12.160676
0.0,7,12.160888
0.0,18,12.161351
0.0,6,12.161547
0.0,17,12.16197
0.0,9,12.162226
0.0,12,12.162545
0.0,8,12.162781
0.0,9,12.163041
0.0,5,12.163211
0.0,15,12.163589
0.0,10,12.16386
0.0,11,12.164165
0.0,2,12.164267
0.0,8,12.16449
0.0,1,12.164566
0.0,8,12.164798
0.0,6,12.164984
0.0,5,12.165161
0.0,1,12.165241
0.0,15,12.165629
0.0,10,12.1659
0.0,7,12.166123
0.0,1,12.166201
0.0,3,12.166332
0.0,7,12.166547
0.0,8,12.166775
0.0,10,12.167059
0.0,4,12.16721
0.0,4,12.167359
0.0,8,12.167594
0.0,4,12.167742
0.0,3,12.167865
0.0,4,12.168021
0.0,3,12.168146
0.0,15,12.168527
0.0,1,12.168607
0.0,7,12.168822
0.0,3,12.168945
0.0,17,12.16939
0.0,1,12.169468
0.0,2,12.16957
0.0,1,12.16965
0.0,5,12.169823
0.0,13,12.170181
0.0,1,12.17026
0.0,10,12.170528
0.0,2,12.170627
0.0,4,12.170769
0.0,4,12.170915
0.0,6,12.171114
0.0,8,12.171341
0.0,5,12.171504
0.0,2,12.171603
0.0,2,12.171707
0.0,4,12.171855
1.0,8,12.172095
0.0,4,12.172246
0.0,6,12.172437
0.0,13,12.172772
0.0,9,12.173043
0.0,27,12.173666
0.0,11,12.173959
0.0,3,12.174091
1.0,33,12.174834
0.0,17,12.175269
0.0,6,12.175457
0.0,20,12.175945
0.0,20,12.176431
0.0,5,12.176597
0.0,16,12.176997
0.0,16,12.177412
0.0,9,12.17767
1.0,8,12.177898
0.0,13,12.178254
0.0,4,12.1784
0.0,10,12.178668
0.0,4,12.17881
0.0,9,12.179073
0.0,14,12.179425
1.0,57,12.180691
0.0,3,12.180812
0.0,5,12.180982
0.0,1,12.181071
0.0,7,12.181283
0.0,6,12.181474
0.0,6,12.181663
0.0,7,12.181875
0.0,12,12.182196
1.0,15,12.182574
0.0,5,12.182738
0.0,6,12.182921
0.0,24,12.18349
0.0,14,12.18384
0.0,23,12.18441
0.0,18,12.184852
1.0,20,12.185356
0.0,5,12.185521
0.0,6,12.185706
0.0,4,12.185853
0.0,14,12.186224
0.0,2,12.186326
0.0,17,12.186734
0.0,10,12.187
0.0,9,12.187254
0.0,21,12.187755
0.0,2,12.187871
0.0,6,12.188071
0.0,11,12.188368
0.0,11,12.188656
1.0,22,12.189189
0.0,3,12.189311
0.0,14,12.189671
0.0,1,12.189752
0.0,20,12.190253
0.0,5,12.190424
0.0,1,12.190504
1.0,16,12.190903
0.0,21,12.191415
0.0,2,12.191521
0.0,23,12.192081
0.0,18,12.19253
0.0,2,12.192631
0.0,4,12.192779
0.0,11,12.19309
0.0,3,12.193215
0.0,17,12.19363
0.0,7,12.193835
0.0,15,12.194217
0.0,23,12.194767
0.0,25,12.195416
0.0,7,12.195624
0.0,5,12.195793
0.0,2,12.195893
0.0,13,12.196239
0.0,1,12.196317
0.0,25,12.196924
0.0,10,12.197205
0.0,3,12.197333
0.0,10,12.197612
0.0,2,12.197716
0.0,4,12.197861
0.0,6,12.198063
0.0,6,12.198256
0.0,6,12.198446
0.0,3,12.198569
0.0,7,12.198783
0.0,5,12.198953
0.0,3,12.199085
0.0,9,12.199346
0.0,5,12.199516
0.0,2,12.199616
0.0,6,12.199814
0.0,20,12.200311
0.0,17,12.200737
0.0,3,12.200866
0.0,16,12.201278
1.0,11,12.20158
0.0,2,12.201684
0.0,3,12.201808
1.0,16,12.202226
0.0,5,12.202399
0.0,3,12.20252
0.0,6,12.202706
0.0,3,12.202828
0.0,5,12.202993
0.0,22,12.203528
0.0,17,12.203952
0.0,3,12.204082
1.0,27,12.204706
1.0,12,12.205023
0.0,4,12.205167
0.0,2,12.205267
0.0,4,12.205414
0.0,1,12.205493
0.0,1,12.20557
0.0,2,12.20567
0.0,1,12.205748
0.0,5,12.205914
0.0,18,12.206367
0.0,17,12.206789
0.0,5,12.206953
1.0,28,12.207611
0.0,3,12.207734
1.0,8,12.207967
0.0,7,12.208181
1.0,18,12.20862
0.0,16,12.209017
0.0,5,12.209188
0.0,3,12.209315
0.0,11,12.209613
0.0,4,12.209755
0.0,14,12.210128
0.0,19,12.210602
0.0,19,12.211083
0.0,6,12.21127
0.0,1,12.211346
0.0,4,12.211494
0.0,4,12.211637
1.0,9,12.211886
0.0,20,12.212369
0.0,3,12.212493
0.0,8,12.212719
0.0,2,12.212826
0.0,11,12.213125
0.0,6,12.213311
0.0,2,12.213411
1.0,10,12.213691
0.0,2,12.213789
0.0,6,12.213984
0.0,6,12.214185
0.0,11,12.214489
0.0,1,12.214565
0.0,6,12.21475
0.0,4,12.214898
0.0,4,12.215051
0.0,1,12.215127
0.0,1,12.215203
0.0,7,12.215422
0.0,1,12.215498
0.0,6,12.215689
0.0,6,12.215877
0.0,1,12.215953
0.0,5,12.216134
0.0,1,12.216212
0.0,2,12.216312
0.0,1,12.216388
0.0,1,12.216467
0.0,2,12.216573
0.0,4,12.216717
0.0,1,12.216791
0.0,11,12.217105
0.0,1,12.217183
0.0,4,12.217327
0.0,3,12.217455
0.0,5,12.21762
0.0,1,12.217695
0.0,1,12.217771
0.0,2,12.217869
0.0,9,12.218137
1.0,12,12.218455
0.0,7,12.218667
0.0,8,12.218894
0.0,2,12.218994
1.0,25,12.219605
0.0,5,12.219768
0.0,2,12.219874
0.0,8,12.220121
0.0,12,12.220431
0.0,2,12.220536
0.0,7,12.220748
0.0,73,12.222342
0.0,14,12.222695
0.0,7,12.222898
0.0,3,12.223029
0.0,16,12.223427
0.0,16,12.22382
0.0,5,12.223983
0.0,9,12.224247
0.0,16,12.224641
0.0,5,12.224805
0.0,20,12.225308
0.0,2,12.225414
0.0,4,12.225558
0.0,20,12.226059
0.0,22,12.226588
0.0,12,12.226899
0.0,1,12.226979
0.0,6,12.22718
0.0,26,12.227788
0.0,5,12.227961
0.0,2,12.228074
0.0,9,12.228336
0.0,7,12.22855
0.0,9,12.228811
0.0,15,12.229206
0.0,2,12.229309
0.0,7,12.229522
0.0,2,12.229622
0.0,9,12.229869
0.0,20,12.230356
0.0,12,12.230667
0.0,9,12.230919
0.0,1,12.230995
0.0,6,12.231188
0.0,18,12.231625
0.0,3,12.231745
0.0,11,12.232047
0.0,6,12.232233
1.0,19,12.232689
0.0,18,12.233143
0.0,1,12.233221
1.0,19,12.233684
0.0,8,12.233917
0.0,12,12.234242
0.0,8,12.234479
0.0,10,12.234751
0.0,5,12.234922
0.0,29,12.235617
0.0,4,12.235763
0.0,2,12.235863
0.0,5,12.236047
0.0,4,12.236193
0.0,5,12.236357
0.0,14,12.236716
0.0,2,12.236817
0.0,1,12.236893
0.0,5,12.237069
0.0,5,12.237234
0.0,2,12.23734
1.0,51,12.238498
0.0,1,12.238576
0.0,2,12.238676
0.0,14,12.239035
0.0,21,12.239529
0.0,17,12.239945
0.0,6,12.240147
0.0,2,12.240249
0.0,12,12.240578
0.0,16,12.240977
0.0,2,12.24109
0.0,2,12.241192
0.0,2,12.241292
0.0,3,12.241419
0.0,18,12.241872
0.0,51,12.243029
0.0,24,12.243608
0.0,8,12.243843
0.0,9,12.244109
0.0,11,12.244406
0.0,3,12.244528
0.0,2,12.244627
0.0,22,12.245157
0.0,16,12.245559
0.0,2,12.245659
0.0,18,12.246111
0.0,4,12.24626
0.0,29,12.246937
0.0,9,12.247194
0.0,23,12.247747
0.0,31,12.24846
0.0,5,12.248625
0.0,9,12.248871
0.0,5,12.249056
0.0,10,12.249339
0.0,11,12.249638
1.0,17,12.250071
0.0,10,12.250345
0.0,4,12.25049
0.0,12,12.250801
0.0,14,12.25117
0.0,6,12.251431
0.0,4,12.2516
0.0,4,12.251751
0.0,1,12.251828
0.0,18,12.25241
0.0,1,12.252505
0.0,2,12.252606
0.0,1,12.252682
0.0,25,12.253345
0.0,1,12.253424
0.0,1,12.2535
0.0,2,12.253605
0.0,6,12.253799
0.0,13,12.254149
0.0,3,12.254276
0.0,5,12.254441
0.0,16,12.254843
0.0,11,12.25517
0.0,8,12.255427
0.0,2,12.255535
0.0,1,12.255612
0.0,6,12.255805
0.0,1,12.255882
0.0,21,12.256449
0.0,1,12.256528
0.0,12,12.25685
0.0,16,12.257262
0.0,5,12.257437
0.0,1,12.257514
0.0,5,12.257679
0.0,12,12.257995
0.0,7,12.25824
0.0,11,12.258548
0.0,16,12.258949
0.0,3,12.259108
0.0,11,12.259434
0.0,3,12.259557
0.0,1,12.259633
0.0,6,12.259825
0.0,4,12.259973
0.0,4,12.260126
0.0,1,12.260203
0.0,7,12.260414
0.0,4,12.260556
0.0,32,12.261297
0.0,11,12.261595
0.0,4,12.261744
0.0,2,12.261844
0.0,12,12.262172
0.0,4,12.262316
0.0,32,12.263051
0.0,1,12.263132
0.0,22,12.263659
0.0,3,12.263786
0.0,9,12.264046
0.0,5,12.264218
0.0,17,12.264637
0.0,22,12.26517
0.0,5,12.265346
0.0,8,12.265576
0.0,1,12.265651
0.0,12,12.265985
0.0,4,12.26614
0.0,5,12.266311
0.0,7,12.266523
0.0,17,12.26694
0.0,3,12.267075
0.0,23,12.267623
0.0,3,12.267744
0.0,5,12.267909
0.0,2,12.268022
0.0,4,12.268169
0.0,11,12.268465
0.0,9,12.268718
0.0,6,12.268911
0.0,4,12.269068
0.0,12,12.269384
0.0,11,12.269685
0.0,37,12.27054
0.0,3,12.270662
0.0,20,12.271153
0.0,14,12.271507
0.0,16,12.271916
0.0,7,12.272139
0.0,4,12.272284
0.0,4,12.272427
0.0,2,12.272526
0.0,3,12.272648
0.0,1,12.272722
0.0,2,12.272825
0.0,12,12.27316
0.0,10,12.273442
0.0,19,12.273911
0.0,4,12.274064
0.0,4,12.274209
0.0,9,12.274462
0.0,2,12.274562
0.0,2,12.274665
0.0,12,12.274981
0.0,6,12.275175
0.0,8,12.275403
0.0,1,12.275478
0.0,10,12.275744
0.0,5,12.27591
0.0,4,12.276063
0.0,3,12.276186
0.0,5,12.276358
0.0,10,12.276627
0.0,3,12.276747
0.0,4,12.276889
0.0,5,12.27707
0.0,8,12.277299
0.0,7,12.277503
0.0,8,12.277733
0.0,4,12.277877
0.0,5,12.278051
0.0,6,12.278239
0.0,14,12.278597
0.0,3,12.278723
0.0,3,12.278844
0.0,5,12.279015
0.0,13,12.279346
0.0,21,12.279839
0.0,6,12.280036
0.0,9,12.28029
0.0,12,12.28061
0.0,3,12.280733
0.0,11,12.281038
0.0,12,12.281353
0.0,9,12.2816
0.0,3,12.281721
0.0,1,12.281796
0.0,2,12.281896
1.0,6,12.282089
0.0,10,12.28237
0.0,12,12.282685
0.0,7,12.282894
0.0,7,12.283116
0.0,15,12.283492
0.0,4,12.283635
0.0,9,12.283892
0.0,14,12.284267
0.0,13,12.284602
0.0,12,12.284914
0.0,4,12.285066
0.0,4,12.28521
0.0,4,12.285354
1.0,8,12.285586
0.0,9,12.285833
0.0,18,12.286291
0.0,9,12.28655
0.0,2,12.28665
0.0,18,12.287101
0.0,4,12.287251
0.0,7,12.287459
1.0,13,12.287802
0.0,4,12.287949
0.0,8,12.288193
0.0,4,12.288342
1.0,13,12.288681
0.0,14,12.289056
0.0,4,12.289207
0.0,4,12.289351
0.0,8,12.289583
0.0,24,12.290156
0.0,14,12.290511
0.0,2,12.290612
0.0,42,12.291566
0.0,1,12.291644
0.0,9,12.2919
0.0,4,12.292056
0.0,1,12.292137
0.0,2,12.292243
0.0,3,12.292366
0.0,9,12.292611
0.0,18,12.29306
0.0,5,12.293226
0.0,5,12.293395
0.0,4,12.293537
1.0,13,12.293865
0.0,1,12.293944
0.0,1,12.294034
0.0,15,12.294414
0.0,6,12.294603
0.0,10,12.294879
0.0,8,12.295125
0.0,22,12.295656
0.0,1,12.295737
0.0,2,12.295844
0.0,4,12.295988
0.0,7,12.29621
0.0,4,12.296358
0.0,2,12.296458
0.0,10,12.296735
0.0,11,12.297043
0.0,9,12.297294
0.0,19,12.297747
0.0,6,12.297932
0.0,4,12.298088
0.0,16,12.298489
0.0,3,12.298613
1.0,23,12.299181
0.0,9,12.299436
0.0,13,12.299775
0.0,1,12.299855
0.0,11,12.300159
0.0,5,12.300333
0.0,10,12.30061
0.0,7,12.300821
0.0,8,12.301062
0.0,21,12.301568
0.0,3,12.30169
0.0,9,12.301943
0.0,28,12.302627
0.0,3,12.302751
0.0,2,12.30285
0.0,17,12.303285
0.0,10,12.303557
0.0,12,12.303867
0.0,2,12.303967
0.0,1,12.304054
0.0,6,12.30425
0.0,27,12.304878
0.0,5,12.305053
0.0,6,12.305239
0.0,15,12.305614
0.0,8,12.305848
0.0,6,12.30604
0.0,3,12.306163
1.0,7,12.306366
0.0,4,12.306524
0.0,8,12.306751
0.0,10,12.30704
0.0,6,12.307225
0.0,1,12.307304
0.0,7,12.307513
0.0,5,12.307685
0.0,7,12.3079
0.0,3,12.308033
0.0,1,12.308114
0.0,7,12.308325
0.0,9,12.308574
0.0,12,12.308891
0.0,6,12.309083
0.0,4,12.309236
0.0,5,12.309401
0.0,5,12.309571
1.0,20,12.310079
0.0,3,12.310204
0.0,2,12.310304
0.0,20,12.310798
0.0,4,12.310941
0.0,24,12.311516
0.0,10,12.31179
0.0,1,12.311866
0.0,9,12.312131
0.0,25,12.312718
0.0,6,12.312906
0.0,21,12.313416
0.0,1,12.313497
0.0,1,12.313577
0.0,5,12.313748
1.0,13,12.314088
0.0,12,12.314403
1.0,6,12.31459
0.0,3,12.31471
0.0,37,12.3156
0.0,6,12.315792
0.0,3,12.315913
1.0,16,12.316358
0.0,2,12.316463
0.0,4,12.316609
0.0,11,12.316901
0.0,4,12.317055
1.0,16,12.317453
0.0,1,12.317528
0.0,1,12.317603
0.0,18,12.31805
0.0,1,12.318128
0.0,3,12.318251
0.0,4,12.318401
0.0,5,12.318567
0.0,5,12.318735
0.0,10,12.319014
0.0,5,12.319182
0.0,7,12.319395
0.0,6,12.319579
0.0,4,12.319722
0.0,1,12.319798
1.0,16,12.320207
0.0,2,12.320308
0.0,3,12.320431
0.0,9,12.320685
0.0,27,12.32132
0.0,7,12.321527
0.0,3,12.321656
0.0,5,12.321821
0.0,2,12.321925
0.0,18,12.322377
0.0,5,12.322544
0.0,25,12.323144
0.0,6,12.323329
0.0,5,12.323493
0.0,14,12.323852
0.0,15,12.324233
0.0,7,12.324441
0.0,7,12.324647
0.0,4,12.324794
0.0,3,12.324916
0.0,1,12.324991
0.0,6,12.325186
0.0,9,12.325432
0.0,27,12.326075
0.0,2,12.32618
0.0,6,12.326363
0.0,9,12.326621
0.0,14,12.326983
0.0,11,12.327285
0.0,7,12.327498
0.0,21,12.328014
0.0,5,12.32818
1.0,24,12.328747
0.0,26,12.329368
0.0,4,12.329514
1.0,12,12.329837
0.0,13,12.330177
0.0,5,12.330348
0.0,6,12.330533
0.0,12,12.330844
0.0,13,12.331193
0.0,1,12.331271
1.0,20,12.331751
0.0,20,12.332247
0.0,1,12.332329
0.0,4,12.332474
1.0,8,12.332701
0.0,29,12.333386
0.0,12,12.3337
0.0,7,12.333906
0.0,6,12.334107
0.0,9,12.334362
0.0,5,12.334532
0.0,2,12.334635
0.0,5,12.3348
0.0,1,12.334875
0.0,9,12.335138
0.0,2,12.33524
0.0,2,12.335341
0.0,4,12.335489
0.0,3,12.335616
1.0,8,12.335847
0.0,2,12.33595
0.0,6,12.336154
0.0,5,12.336321
0.0,11,12.336628
0.0,3,12.336757
0.0,8,12.336993
0.0,11,12.337293
0.0,6,12.337483
0.0,4,12.337631
0.0,1,12.33771
0.0,6,12.337902
1.0,19,12.338367
1.0,17,12.338779
0.0,9,12.339035
0.0,23,12.339581
0.0,10,12.339854
0.0,11,12.340162
0.0,6,12.340352
0.0,1,12.340428
0.0,3,12.34055
0.0,16,12.340949
0.0,2,12.341061
1.0,26,12.341671
0.0,1,12.341746
0.0,3,12.341869
0.0,19,12.342336
0.0,14,12.3427
0.0,4,12.342843
0.0,35,12.34365
0.0,11,12.343944
0.0,9,12.344202
0.0,2,12.344303
0.0,7,12.344514
0.0,5,12.344677
0.0,3,12.344797
0.0,3,12.344918
0.0,6,12.345119
0.0,3,12.345243
1.0,9,12.345497
0.0,4,12.345641
0.0,6,12.345826
0.0,12,12.346148
0.0,5,12.346323
0.0,10,12.346592
0.0,17,12.347017
0.0,3,12.347146
0.0,20,12.347622
0.0,13,12.347959
0.0,11,12.34826
0.0,5,12.348432
0.0,17,12.34885
0.0,3,12.348973
0.0,1,12.349057
0.0,5,12.349226
0.0,5,12.349397
0.0,7,12.349604
0.0,5,12.349768
0.0,1,12.349849
0.0,5,12.350029
1.0,7,12.350242
0.0,5,12.35041
0.0,22,12.350935
0.0,4,12.351091
0.0,20,12.351567
0.0,8,12.351882
0.0,24,12.352517
0.0,15,12.352903
0.0,2,12.353003
0.0,12,12.353326
0.0,8,12.353555
0.0,29,12.354233
0.0,16,12.354635
0.0,18,12.355084
0.0,13,12.355425
0.0,14,12.355787
0.0,19,12.356249
0.0,3,12.356373
0.0,3,12.356498
1.0,19,12.356963
0.0,2,12.357069
0.0,8,12.357298
0.0,4,12.357445
0.0,12,12.357762
0.0,28,12.358419
1.0,17,12.358842
0.0,6,12.359033
0.0,3,12.359161
0.0,6,12.359347
0.0,7,12.359552
0.0,5,12.359714
0.0,9,12.359962
0.0,3,12.360092
0.0,25,12.360677
0.0,3,12.360804
0.0,1,12.36088
0.0,2,12.36098
0.0,15,12.361374
0.0,7,12.361588
0.0,13,12.361917
0.0,7,12.362135
0.0,27,12.362776
0.0,5,12.362945
0.0,7,12.363158
0.0,7,12.363363
1.0,11,12.363651
0.0,5,12.363819
0.0,8,12.364064
0.0,5,12.364235
0.0,4,12.364377
0.0,3,12.364501
0.0,8,12.364736
0.0,2,12.364841
0.0,3,12.364963
0.0,11,12.365259
0.0,15,12.36564
0.0,1,12.36572
0.0,6,12.365921
0.0,1,12.366016
1.0,10,12.366289
0.0,12,12.36661
0.0,6,12.366796
0.0,21,12.3673
0.0,9,12.367549
0.0,11,12.367846
0.0,1,12.367925
0.0,3,12.368058
0.0,18,12.368499
0.0,3,12.368621
0.0,41,12.369561
0.0,10,12.36984
0.0,14,12.370211
0.0,1,12.370288
0.0,18,12.370727
0.0,1,12.370807
0.0,6,12.370998
0.0,4,12.371151
0.0,4,12.371299
0.0,1,12.371379
0.0,7,12.371588
1.0,39,12.37248
1.0,9,12.372739
0.0,5,12.372906
0.0,5,12.373083
0.0,2,12.373184
0.0,20,12.373668
0.0,4,12.373817
0.0,19,12.374288
0.0,3,12.374414
0.0,5,12.374588
0.0,1,12.374667
0.0,8,12.3749
0.0,26,12.375516
0.0,7,12.375732
0.0,36,12.376576
0.0,10,12.376854
0.0,4,12.376996
0.0,11,12.377293
0.0,4,12.37744
0.0,8,12.377671
0.0,14,12.378038
0.0,7,12.378249
0.0,6,12.378438
0.0,15,12.378823
0.0,54,12.380054
0.0,9,12.380311
0.0,2,12.380415
0.0,17,12.380842
0.0,3,12.380969
0.0,2,12.381081
0.0,2,12.381189
0.0,29,12.38187
0.0,12,12.382204
0.0,6,12.38239
0.0,5,12.382553
0.0,14,12.382916
0.0,3,12.383052
0.0,13,12.383389
0.0,9,12.383636
0.0,10,12.383907
0.0,8,12.384148
0.0,3,12.384275
0.0,11,12.384572
0.0,7,12.384776
0.0,5,12.384938
1.0,10,12.385218
0.0,2,12.385319
1.0,24,12.385877
0.0,15,12.386267
0.0,25,12.386855
0.0,21,12.38736
0.0,13,12.387702
1.0,18,12.388152
0.0,13,12.388491
0.0,11,12.388791
0.0,2,12.388891
0.0,5,12.389066
0.0,7,12.389272
0.0,15,12.389641
0.0,13,12.389979
0.0,25,12.39058
0.0,14,12.390941
0.0,19,12.391406
0.0,24,12.391971
0.0,12,12.392298
0.0,4,12.392447
0.0,3,12.392573
0.0,8,12.392802
0.0,43,12.393786
1.0,23,12.394343
0.0,11,12.394639
0.0,7,12.394845
0.0,8,12.395081
0.0,2,12.39519
0.0,4,12.39534
0.0,5,12.395506
0.0,1,12.395585
0.0,6,12.395773
0.0,8,12.396008
0.0,8,12.396244
0.0,1,12.39632
0.0,2,12.39642
0.0,2,12.396519
0.0,3,12.396641
0.0,21,12.397184
0.0,3,12.397314
0.0,3,12.39745
0.0,3,12.397571
0.0,9,12.397838
0.0,18,12.398285
0.0,4,12.398438
0.0,3,12.398565
0.0,18,12.399015
0.0,9,12.39927
0.0,6,12.399467
0.0,7,12.399673
0.0,4,12.399816
0.0,8,12.400055
0.0,22,12.400565
0.0,3,12.400694
0.0,9,12.400945
0.0,8,12.401189
0.0,13,12.401526
0.0,26,12.402141
0.0,1,12.402223
0.0,5,12.402396
0.0,10,12.402677
0.0,5,12.402842
0.0,3,12.402963
0.0,1,12.403047
0.0,11,12.403342
0.0,12,12.403659
0.0,2,12.403763
1.0,10,12.404048
1.0,11,12.404343
0.0,11,12.404631
0.0,8,12.404858
0.0,10,12.405146
0.0,6,12.405344
0.0,4,12.405488
0.0,15,12.405868
0.0,23,12.406421
0.0,3,12.40655
0.0,11,12.406839
0.0,5,12.407017
0.0,8,12.407247
0.0,13,12.407584
0.0,10,12.40786
0.0,6,12.408062
0.0,3,12.408186
0.0,27,12.408826
0.0,3,12.408949
0.0,5,12.409132
0.0,10,12.409402
0.0,4,12.409545
0.0,7,12.40976
0.0,2,12.40986
0.0,5,12.410036
0.0,3,12.410159
0.0,25,12.410752
1.0,75,12.41239
0.0,8,12.412623
0.0,4,12.412771
0.0,2,12.412875
0.0,11,12.413179
0.0,30,12.413865
0.0,4,12.414014
0.0,3,12.414146
0.0,5,12.414319
0.0,31,12.415045
0.0,4,12.415191
0.0,14,12.415574
0.0,1,12.415653
0.0,33,12.416414
0.0,19,12.416887
0.0,8,12.41713
0.0,13,12.417461
0.0,7,12.417664
0.0,17,12.418101
0.0,14,12.418461
0.0,10,12.418735
0.0,4,12.418877
0.0,38,12.419744
0.0,5,12.419919
0.0,9,12.420182
0.0,20,12.420679
0.0,2,12.42078
0.0,12,12.421102
0.0,5,12.421268
0.0,3,12.421394
0.0,15,12.421774
0.0,4,12.421922
0.0,40,12.422836
0.0,1,12.422915
1.0,36,12.423747
0.0,7,12.423959
0.0,4,12.42411
0.0,14,12.424466
0.0,4,12.424611
0.0,12,12.424927
0.0,8,12.425162
1.0,29,12.42582
0.0,1,12.425899
0.0,5,12.426081
0.0,13,12.426418
0.0,5,12.426584
0.0,12,12.426906
0.0,1,12.426983
1.0,12,12.427303
0.0,10,12.42758
0.0,10,12.427858
0.0,20,12.428356
0.0,2,12.428458
0.0,14,12.428816
0.0,4,12.428965
0.0,4,12.429117
0.0,18,12.429559
0.0,6,12.42975
0.0,5,12.429923
0.0,5,12.430125
0.0,1,12.430207
0.0,3,12.430348
0.0,2,12.430448
0.0,9,12.430701
0.0,1,12.430777
0.0,12,12.431103
0.0,2,12.431206
0.0,5,12.43137
0.0,21,12.431886
0.0,1,12.431962
0.0,19,12.432434
1.0,11,12.432728
0.0,2,12.432827
0.0,12,12.43315
0.0,23,12.433685
1.0,17,12.434137
0.0,7,12.434355
0.0,13,12.434694
0.0,9,12.434955
0.0,3,12.435085
0.0,3,12.435213
0.0,52,12.436376
0.0,5,12.436541
0.0,5,12.436702
0.0,6,12.436893
0.0,2,12.436993
0.0,6,12.437196
1.0,28,12.437831
0.0,2,12.437934
0.0,3,12.438066
0.0,4,12.438211
0.0,5,12.438381
1.0,12,12.438691
0.0,6,12.438875
0.0,5,12.439051
0.0,7,12.439264
0.0,4,12.439407
0.0,5,12.439569
0.0,7,12.439779
0.0,2,12.439879
0.0,6,12.440078
1.0,11,12.440377
0.0,24,12.440934
0.0,6,12.441133
0.0,11,12.441423
0.0,10,12.4417
0.0,1,12.441776
0.0,14,12.442154
0.0,4,12.442305
0.0,8,12.442537
0.0,11,12.442826
0.0,3,12.442951
0.0,5,12.443128
0.0,9,12.443387
0.0,11,12.443675
0.0,5,12.443837
0.0,21,12.444345
0.0,14,12.4447
0.0,4,12.444849
0.0,3,12.444971
0.0,4,12.445126
0.0,15,12.44552
0.0,2,12.44562
0.0,8,12.445854
0.0,1,12.44593
0.0,5,12.446105
0.0,15,12.44649
0.0,8,12.446716
0.0,14,12.44709
0.0,3,12.447214
0.0,3,12.447336
0.0,5,12.447501
0.0,8,12.447726
0.0,18,12.448176
0.0,1,12.448257
0.0,13,12.448596
0.0,27,12.449234
0.0,16,12.449639
0.0,7,12.449851
0.0,25,12.450444
0.0,6,12.450631
0.0,9,12.450882
0.0,2,12.450982
0.0,37,12.451832
0.0,9,12.452091
0.0,2,12.452199
0.0,1,12.452276
0.0,7,12.452486
0.0,20,12.452964
0.0,10,12.45324
0.0,17,12.453656
0.0,9,12.45391
0.0,4,12.454062
0.0,5,12.454227
0.0,4,12.454374
1.0,19,12.454834
0.0,5,12.455008
0.0,2,12.455112
0.0,4,12.455255
0.0,3,12.455376
0.0,3,12.455496
0.0,9,12.455746
0.0,9,12.456001
0.0,7,12.456217
0.0,7,12.456429
0.0,5,12.456592
0.0,11,12.456888
0.0,2,12.456992
0.0,12,12.457314
0.0,7,12.457518
0.0,25,12.458117
0.0,6,12.458304
0.0,6,12.458492
0.0,12,12.458799
0.0,3,12.458925
0.0,4,12.459084
0.0,1,12.459165
0.0,6,12.459358
0.0,1,12.459435
0.0,8,12.459757
0.0,6,12.459955
0.0,9,12.460253
0.0,7,12.460482
0.0,8,12.460725
0.0,1,12.460805
0.0,5,12.460981
0.0,5,12.461155
0.0,5,12.46132
0.0,18,12.461756
1.0,38,12.462625
0.0,5,12.462795
0.0,1,12.462872
0.0,15,12.463254
0.0,33,12.464019
0.0,8,12.464248
0.0,27,12.464873
0.0,11,12.46517
1.0,18,12.46561
0.0,10,12.465881
0.0,24,12.466459
0.0,9,12.46672
0.0,21,12.467239
1.0,11,12.467528
0.0,8,12.467759
0.0,15,12.468148
0.0,2,12.468254
0.0,3,12.468379
0.0,1,12.468455
0.0,8,12.468687
0.0,2,12.468786
0.0,7,12.468988
0.0,6,12.469187
0.0,1,12.469263
0.0,6,12.469456
0.0,1,12.469531
0.0,19,12.47
0.0,5,12.470181
0.0,9,12.47043
0.0,4,12.470579
0.0,20,12.471061
0.0,21,12.471569
0.0,4,12.471711
0.0,10,12.47199
0.0,8,12.472225
0.0,7,12.47243
0.0,28,12.473097
0.0,1,12.473175
0.0,7,12.473382
0.0,9,12.473628
0.0,15,12.473997
0.0,19,12.474468
0.0,10,12.474743
0.0,5,12.474906
0.0,7,12.475123
0.0,6,12.475313
0.0,2,12.475418
0.0,9,12.475673
0.0,7,12.475883
0.0,16,12.476287
0.0,5,12.476454
1.0,26,12.47708
0.0,7,12.477292
0.0,10,12.477562
0.0,5,12.477731
0.0,13,12.478075
0.0,8,12.478307
0.0,2,12.478411
0.0,5,12.478575
0.0,4,12.478723
0.0,8,12.478962
0.0,4,12.479112
0.0,9,12.479365
0.0,5,12.479542
0.0,6,12.479733
0.0,4,12.479877
0.0,14,12.480238
0.0,7,12.480444
0.0,3,12.48057
0.0,1,12.480646
0.0,16,12.481049
1.0,13,12.481385
0.0,5,12.481548
0.0,3,12.48167
0.0,20,12.482172
0.0,2,12.482274
0.0,3,12.482395
0.0,14,12.482741
0.0,8,12.482971
0.0,1,12.483058
0.0,7,12.483273
0.0,37,12.484115
0.0,16,12.484519
0.0,21,12.48503
0.0,4,12.485179
0.0,9,12.485437
0.0,1,12.485514
0.0,7,12.485719
0.0,3,12.485845
0.0,7,12.486059
0.0,9,12.486324
0.0,4,12.486466
0.0,11,12.486755
0.0,25,12.48736
0.0,21,12.487855
0.0,3,12.487981
0.0,1,12.488068
0.0,8,12.488305
0.0,10,12.488579
0.0,12,12.488894
0.0,5,12.489068
0.0,4,12.489212
0.0,9,12.489464
0.0,2,12.489568
0.0,7,12.48978
0.0,4,12.489923
0.0,6,12.490117
0.0,12,12.490431
0.0,1,12.490511
0.0,11,12.490809
0.0,5,12.490983
0.0,4,12.491137
0.0,5,12.491301
0.0,34,12.492084
0.0,3,12.492209
0.0,4,12.492352
0.0,7,12.492556
0.0,1,12.492635
0.0,11,12.492928
0.0,12,12.493254
0.0,11,12.493552
0.0,8,12.493784
0.0,9,12.494056
0.0,2,12.494163
0.0,7,12.494388
0.0,25,12.494976
0.0,24,12.49555
0.0,17,12.495967
0.0,9,12.496234
0.0,10,12.496515
0.0,3,12.496636
0.0,2,12.49674
0.0,15,12.497133
0.0,7,12.497346
0.0,23,12.4979
0.0,4,12.498054
0.0,8,12.498294
0.0,2,12.498394
0.0,12,12.498704
0.0,6,12.498889
0.0,1,12.498966
0.0,3,12.499097
0.0,1,12.499178
0.0,3,12.499303
0.0,10,12.499576
0.0,5,12.499745
0.0,5,12.499913
0.0,5,12.500095
0.0,1,12.500173
0.0,9,12.50042
0.0,4,12.500563
0.0,8,12.500798
1.0,13,12.501152
0.0,2,12.501253
0.0,7,12.501461
0.0,4,12.501603
0.0,18,12.502054
0.0,7,12.502267
0.0,3,12.502389
0.0,3,12.502516
1.0,34,12.503308
0.0,26,12.503919
0.0,3,12.504052
0.0,8,12.504287
0.0,6,12.504481
1.0,8,12.504713
0.0,13,12.505067
0.0,6,12.505262
0.0,5,12.505433
0.0,9,12.505689
0.0,8,12.50592
0.0,4,12.506079
0.0,4,12.506224
0.0,5,12.506392
0.0,5,12.506555
0.0,37,12.507409
0.0,1,12.507492
0.0,15,12.50787
0.0,13,12.508217
0.0,21,12.508709
0.0,3,12.50883
0.0,8,12.509077
0.0,10,12.509348
0.0,1,12.509423
0.0,10,12.509698
1.0,15,12.510079
0.0,9,12.510334
0.0,17,12.510757
0.0,9,12.511015
0.0,8,12.51125
0.0,12,12.511564
0.0,24,12.512129
0.0,27,12.51275
0.0,17,12.513177
0.0,4,12.513321
0.0,1,12.5134
0.0,9,12.513659
0.0,6,12.513842
0.0,2,12.513941
0.0,9,12.514202
1.0,39,12.5151
0.0,1,12.515177
0.0,5,12.515342
0.0,23,12.515886
0.0,4,12.516053
0.0,13,12.516411
0.0,3,12.516541
0.0,8,12.516774
0.0,12,12.517105
0.0,4,12.51725
0.0,19,12.517706
0.0,4,12.517857
1.0,8,12.518105
0.0,17,12.518527
0.0,5,12.518691
0.0,3,12.518813
0.0,4,12.518961
0.0,1,12.519048
0.0,5,12.519216
0.0,7,12.519423
0.0,11,12.519718
0.0,15,12.520103
0.0,13,12.52044
1.0,11,12.520738
0.0,9,12.520986
0.0,3,12.521116
1.0,11,12.521406
0.0,2,12.521505
0.0,5,12.521675
1.0,15,12.522065
0.0,6,12.522253
0.0,15,12.52263
0.0,7,12.522836
0.0,13,12.523173
0.0,4,12.523322
0.0,2,12.523422
0.0,12,12.523741
0.0,15,12.524127
0.0,3,12.52425
0.0,4,12.524391
0.0,11,12.524685
0.0,17,12.525109
1.0,36,12.525927
0.0,6,12.526127
0.0,7,12.526344
0.0,11,12.526637
0.0,2,12.526737
0.0,4,12.526885
0.0,3,12.527022
0.0,5,12.52719
0.0,1,12.527265
0.0,10,12.527539
0.0,5,12.527708
0.0,4,12.527871
0.0,8,12.528115
0.0,13,12.528445
0.0,1,12.528521
0.0,3,12.528647
1.0,6,12.528849
0.0,5,12.52903
0.0,2,12.529134
0.0,6,12.529324
0.0,3,12.52945
0.0,2,12.529551
0.0,39,12.530435
0.0,34,12.531227
1.0,6,12.53142
0.0,7,12.531623
0.0,52,12.532786
0.0,6,12.532973
0.0,7,12.533195
0.0,10,12.533467
0.0,8,12.533698
0.0,4,12.533841
0.0,1,12.533921
0.0,14,12.534294
0.0,19,12.534754
0.0,3,12.534876
0.0,4,12.535029
0.0,21,12.535536
0.0,1,12.535613
0.0,16,12.536011
0.0,5,12.536182
0.0,6,12.536368
0.0,10,12.53664
0.0,2,12.53674
0.0,4,12.536887
0.0,10,12.537169
0.0,1,12.537246
0.0,26,12.537855
0.0,1,12.537935
0.0,12,12.538267
0.0,20,12.538756
0.0,13,12.539107
0.0,6,12.539293
0.0,12,12.539605
0.0,22,12.540134
0.0,11,12.540427
0.0,6,12.54061
0.0,2,12.540715
0.0,4,12.540858
0.0,5,12.541035
0.0,3,12.54116
0.0,7,12.541369
0.0,1,12.541448
0.0,8,12.541682
0.0,2,12.541781
0.0,2,12.54188
0.0,21,12.542392
0.0,1,12.54247
0.0,1,12.542546
0.0,6,12.542736
0.0,17,12.543173
0.0,15,12.543554
0.0,7,12.543758
0.0,20,12.544248
1.0,35,12.545045
0.0,3,12.545173
0.0,15,12.545553
0.0,6,12.545736
0.0,6,12.545923
0.0,10,12.546204
0.0,20,12.54669
0.0,11,12.546983
0.0,8,12.547219
0.0,3,12.547341
0.0,10,12.547616
0.0,12,12.547923
0.0,3,12.548057
0.0,10,12.548337
0.0,17,12.548756
0.0,5,12.54892
0.0,13,12.549265
0.0,3,12.549389
0.0,12,12.549703
0.0,5,12.549874
0.0,4,12.550025
0.0,3,12.550153
0.0,5,12.55032
0.0,5,12.550483
0.0,2,12.550587
0.0,19,12.55106
0.0,3,12.551183
0.0,3,12.551304
0.0,22,12.551823
0.0,8,12.552059
0.0,8,12.552288
0.0,4,12.552429
0.0,11,12.552725
0.0,3,12.552846
0.0,23,12.553406
0.0,10,12.553681
1.0,12,12.553992
0.0,1,12.554076
0.0,6,12.554268
0.0,12,12.55459
1.0,9,12.554845
0.0,18,12.555295
0.0,2,12.555402
0.0,5,12.555572
0.0,4,12.555715
0.0,17,12.556146
0.0,12,12.556476
0.0,10,12.556746
0.0,6,12.556941
0.0,4,12.557092
0.0,5,12.557257
0.0,2,12.557357
0.0,8,12.5576
0.0,6,12.557786
0.0,2,12.557885
0.0,13,12.558233
0.0,4,12.558378
0.0,7,12.558592
0.0,2,12.558699
0.0,2,12.5588
1.0,19,12.559281
0.0,5,12.559452
0.0,4,12.559661
0.0,10,12.559969
0.0,9,12.560233
0.0,13,12.560574
0.0,16,12.560978
0.0,6,12.561182
1.0,40,12.562115
0.0,3,12.562239
0.0,21,12.562738
0.0,5,12.562905
0.0,20,12.563411
0.0,22,12.563942
0.0,5,12.564116
0.0,2,12.564217
0.0,2,12.564321
0.0,4,12.564469
0.0,5,12.56464
0.0,6,12.564835
0.0,2,12.56494
1.0,14,12.565308
0.0,7,12.565522
0.0,10,12.565799
0.0,13,12.566138
0.0,7,12.566345
1.0,10,12.566619
0.0,10,12.566894
0.0,32,12.567634
1.0,20,12.568133
0.0,10,12.568407
0.0,11,12.568701
0.0,27,12.569341
0.0,19,12.569799
0.0,14,12.570162
0.0,1,12.57024
0.0,19,12.570708
0.0,14,12.571069
0.0,16,12.571476
0.0,3,12.571598
0.0,16,12.571997
0.0,5,12.572171
0.0,2,12.572276
0.0,2,12.572381
0.0,1,12.572457
0.0,15,12.572838
0.0,9,12.573098
0.0,4,12.573242
0.0,12,12.573563
0.0,3,12.573687
0.0,8,12.573919
0.0,7,12.574134
0.0,23,12.574677
0.0,7,12.574882
0.0,1,12.574957
0.0,12,12.575274
0.0,6,12.575467
0.0,7,12.575679
0.0,6,12.575869
0.0,2,12.575969
0.0,2,12.576076
0.0,8,12.576307
0.0,13,12.576646
0.0,3,12.576768
0.0,1,12.576843
0.0,11,12.577144
0.0,24,12.57771
0.0,3,12.577832
0.0,3,12.577955
0.0,4,12.578106
0.0,13,12.578452
0.0,1,12.578532
1.0,18,12.578972
0.0,11,12.579275
0.0,1,12.579352
0.0,15,12.579737
0.0,10,12.580023
0.0,9,12.580282
0.0,24,12.580847
0.0,16,12.581264
0.0,17,12.581676
0.0,5,12.58184
0.0,3,12.581961
0.0,1,12.582045
0.0,1,12.582126
0.0,6,12.582313
0.0,8,12.582546
0.0,55,12.583772
0.0,16,12.584188
0.0,9,12.584436
0.0,3,12.584557
0.0,2,12.584658
0.0,4,12.584807
0.0,8,12.585044
0.0,3,12.585168
0.0,14,12.585517
0.0,1,12.585597
0.0,4,12.585744
0.0,4,12.585893
0.0,9,12.586163
0.0,9,12.586418
0.0,4,12.586561
0.0,10,12.586831
0.0,4,12.586974
0.0,5,12.587151
0.0,5,12.587324
1.0,15,12.587698
1.0,8,12.587932
0.0,3,12.588063
0.0,1,12.58814
0.0,1,12.588216
0.0,1,12.588291
0.0,12,12.588611
0.0,2,12.588712
0.0,21,12.589227
0.0,18,12.589674
0.0,26,12.590294
0.0,1,12.590375
0.0,9,12.59063
0.0,2,12.590735
0.0,3,12.590858
0.0,3,12.590981
0.0,7,12.591201
0.0,1,12.591277
0.0,15,12.591657
0.0,2,12.591757
1.0,14,12.592126
0.0,3,12.592249
0.0,21,12.592756
0.0,9,12.59301
0.0,7,12.593217
0.0,2,12.593317
1.0,28,12.59397
0.0,7,12.594193
0.0,8,12.594426
0.0,3,12.594548
0.0,4,12.594697
0.0,3,12.594819
0.0,43,12.59579
0.0,16,12.596194
1.0,10,12.596463
0.0,6,12.596646
0.0,8,12.59687
0.0,3,12.59699
0.0,6,12.597193
0.0,10,12.597463
0.0,10,12.597732
0.0,4,12.597877
0.0,10,12.598161
0.0,19,12.598626
0.0,64,12.600044
0.0,1,12.600127
0.0,9,12.600376
0.0,20,12.600846
0.0,26,12.601477
0.0,6,12.601665
0.0,12,12.601984
0.0,20,12.602478
0.0,5,12.602644
0.0,4,12.60279
0.0,4,12.602942
0.0,13,12.603286
0.0,11,12.603574
0.0,19,12.604045
0.0,12,12.604355
0.0,1,12.60443
0.0,5,12.604599
1.0,21,12.605113
0.0,3,12.605236
1.0,9,12.605494
0.0,2,12.605594
0.0,12,12.605908
1.0,9,12.606173
0.0,4,12.606316
0.0,13,12.606652
0.0,16,12.607058
0.0,24,12.607641
0.0,28,12.608309
0.0,6,12.608497
0.0,1,12.608573
0.0,4,12.608721
0.0,16,12.609126
0.0,32,12.609861
0.0,28,12.610527
0.0,8,12.610761
0.0,8,12.610991
0.0,6,12.611192
0.0,3,12.611319
0.0,3,12.611442
0.0,8,12.611669
0.0,6,12.611855
1.0,10,12.612139
0.0,4,12.612284
0.0,1,12.61236
0.0,8,12.612595
0.0,16,12.612995
0.0,13,12.613346
0.0,1,12.613428
0.0,36,12.614264
0.0,17,12.614689
0.0,15,12.615085
0.0,17,12.615509
0.0,10,12.615787
0.0,9,12.616063
0.0,10,12.616359
0.0,6,12.616543
0.0,1,12.616621
0.0,1,12.616702
0.0,7,12.616912
0.0,6,12.617144
1.0,12,12.617463
0.0,2,12.617563
0.0,11,12.617858
0.0,3,12.617988
0.0,7,12.618203
0.0,4,12.618345
0.0,16,12.618738
0.0,13,12.619087
0.0,1,12.619169
0.0,29,12.619843
0.0,5,12.62002
0.0,25,12.62062
0.0,3,12.620749
0.0,8,12.620995
0.0,1,12.621085
0.0,21,12.621592
0.0,9,12.621839
0.0,5,12.62201
0.0,12,12.622334
0.0,21,12.622844
0.0,5,12.623019
0.0,6,12.623213
0.0,1,12.623291
0.0,4,12.623439
0.0,16,12.623839
0.0,3,12.623961
0.0,4,12.624122
0.0,7,12.624335
0.0,2,12.62444
0.0,5,12.62461
0.0,2,12.62471
0.0,5,12.624875
0.0,6,12.62507
0.0,5,12.625235
0.0,1,12.625311
0.0,1,12.625387
0.0,16,12.625786
0.0,22,12.626317
0.0,15,12.626698
0.0,4,12.626842
0.0,16,12.627261
0.0,1,12.627344
0.0,8,12.627578
0.0,6,12.627763
1.0,13,12.628119
0.0,9,12.628369
0.0,4,12.628511
0.0,18,12.628952
0.0,5,12.629126
0.0,6,12.629317
0.0,4,12.629465
0.0,18,12.629915
0.0,5,12.630096
0.0,3,12.630228
0.0,6,12.630418
1.0,10,12.630693
0.0,3,12.630819
0.0,4,12.630962
0.0,5,12.631138
0.0,4,12.631282
0.0,3,12.631403
0.0,1,12.631479
0.0,1,12.631554
0.0,22,12.632275
0.0,3,12.632446
0.0,33,12.63322
0.0,7,12.633435
0.0,17,12.633861
0.0,2,12.633963
0.0,14,12.634327
0.0,8,12.634563
0.0,15,12.634942
0.0,14,12.635314
0.0,19,12.63579
0.0,6,12.635981
0.0,19,12.63645
0.0,10,12.636728
0.0,8,12.636961
0.0,47,12.638037
0.0,1,12.638117
0.0,7,12.638326
0.0,6,12.638513
0.0,2,12.638612
0.0,9,12.638862
0.0,2,12.638966
0.0,16,12.639371
0.0,10,12.639654
0.0,4,12.639802
0.0,19,12.640284
0.0,3,12.640413
0.0,8,12.64065
0.0,3,12.640778
0.0,8,12.641024
0.0,7,12.64124
0.0,39,12.642142
0.0,7,12.642351
0.0,1,12.642431
0.0,17,12.642857
0.0,6,12.643057
0.0,21,12.643563
0.0,4,12.643706
0.0,10,12.64398
0.0,9,12.644244
0.0,16,12.644639
0.0,9,12.644901
0.0,7,12.645123
0.0,11,12.645416
1.0,26,12.646041
0.0,12,12.646365
0.0,5,12.646528
0.0,2,12.646628
0.0,6,12.646814
0.0,24,12.647393
0.0,12,12.647699
0.0,5,12.647865
0.0,8,12.648109
0.0,9,12.648364
0.0,13,12.648692
0.0,3,12.64882
0.0,3,12.648944
0.0,1,12.649029
0.0,31,12.64976
0.0,3,12.64989
0.0,4,12.650049
0.0,3,12.650173
0.0,11,12.650476
0.0,5,12.650642
0.0,9,12.650891
0.0,22,12.651428
0.0,2,12.65153
0.0,4,12.651678
1.0,21,12.652198
0.0,1,12.652277
0.0,12,12.652589
0.0,4,12.652731
0.0,5,12.6529
1.0,32,12.653666
0.0,1,12.653744
0.0,2,12.653849
1.0,24,12.654439
0.0,7,12.654649
0.0,5,12.654815
1.0,13,12.655162
0.0,4,12.655307
0.0,14,12.655663
0.0,19,12.656138
0.0,37,12.656992
0.0,34,12.657777
0.0,8,12.658022
0.0,9,12.658273
0.0,7,12.65848
0.0,3,12.6586
0.0,6,12.658792
0.0,9,12.659048
0.0,6,12.659234
0.0,3,12.659355
0.0,3,12.659476
0.0,2,12.659579
0.0,1,12.65966
0.0,11,12.659959
0.0,11,12.660271
0.0,15,12.660648
0.0,2,12.660753
0.0,2,12.660857
0.0,6,12.661054
0.0,8,12.661297
0.0,7,12.661509
0.0,18,12.661947
0.0,8,12.662189
0.0,26,12.662796
0.0,3,12.662918
0.0,13,12.663259
0.0,5,12.663429
0.0,5,12.663594
0.0,3,12.663717
0.0,1,12.663796
0.0,4,12.663942
0.0,3,12.664073
0.0,15,12.664577
0.0,12,12.664896
0.0,4,12.665051
0.0,2,12.665154
0.0,4,12.665298
0.0,17,12.665716
0.0,7,12.66593
0.0,17,12.666357
0.0,4,12.666501
0.0,28,12.66715
0.0,7,12.667362
0.0,21,12.66786
1.0,28,12.668523
0.0,1,12.6686
0.0,14,12.668964
0.0,3,12.669095
0.0,3,12.669217
0.0,10,12.669495
0.0,10,12.669775
0.0,1,12.669851
0.0,8,12.670094
0.0,5,12.670262
0.0,10,12.670527
0.0,2,12.670627
0.0,12,12.670947
0.0,12,12.671265
0.0,10,12.671541
0.0,1,12.671621
0.0,4,12.671767
0.0,3,12.671888
0.0,17,12.672315
0.0,8,12.672554
1.0,12,12.672869
0.0,12,12.673196
1.0,26,12.673806
0.0,6,12.673996
0.0,6,12.674192
0.0,1,12.674268
0.0,9,12.674518
0.0,30,12.675207
0.0,5,12.675377
0.0,5,12.675545
0.0,7,12.675761
0.0,4,12.675906
1.0,9,12.676172
0.0,4,12.676316
0.0,1,12.676391
0.0,11,12.676692
0.0,5,12.676861
0.0,12,12.677183
0.0,3,12.677306
0.0,9,12.677552
0.0,5,12.677721
0.0,5,12.677884
0.0,6,12.678089
0.0,5,12.678254
0.0,2,12.678354
0.0,2,12.678453
0.0,3,12.678576
0.0,13,12.678923
0.0,2,12.679037
0.0,2,12.67914
0.0,1,12.679216
0.0,12,12.679524
0.0,3,12.679645
0.0,3,12.679765
0.0,4,12.679908
0.0,4,12.680068
0.0,12,12.680388
0.0,9,12.68064
0.0,5,12.680809
0.0,6,12.680997
0.0,7,12.681216
0.0,1,12.681302
1.0,20,12.681783
0.0,21,12.682305
0.0,17,12.682724
0.0,4,12.682876
0.0,19,12.683347
0.0,21,12.683848
0.0,29,12.684532
0.0,4,12.684677
0.0,26,12.6853
0.0,5,12.685467
0.0,7,12.685671
0.0,10,12.685944
0.0,11,12.68625
0.0,8,12.686485
0.0,6,12.686671
0.0,11,12.686973
0.0,1,12.687056
0.0,3,12.687186
0.0,4,12.68733
0.0,17,12.687759
0.0,14,12.688128
0.0,2,12.688235
0.0,11,12.688527
0.0,5,12.688697
0.0,7,12.688902
0.0,6,12.689103
1.0,14,12.689454
0.0,4,12.689597
0.0,1,12.689674
0.0,4,12.689818
0.0,8,12.690064
0.0,6,12.69025
0.0,10,12.690524
0.0,1,12.690604
0.0,17,12.691038
0.0,29,12.691708
0.0,20,12.6922
0.0,2,12.692307
0.0,6,12.692493
0.0,12,12.692816
0.0,3,12.692939
0.0,5,12.693112
0.0,1,12.693188
0.0,8,12.693428
0.0,8,12.693655
0.0,10,12.693935
0.0,3,12.694072
0.0,4,12.694219
0.0,1,12.694294
0.0,6,12.694483
0.0,10,12.694754
0.0,3,12.694875
0.0,16,12.695287
0.0,10,12.695564
0.0,4,12.695707
0.0,4,12.695852
0.0,21,12.696369
0.0,13,12.696709
0.0,1,12.696789
0.0,19,12.697264
0.0,6,12.697457
0.0,3,12.697584
0.0,12,12.697898
0.0,7,12.698113
0.0,1,12.698194
0.0,29,12.698865
0.0,9,12.699136
0.0,3,12.699259
0.0,6,12.699444
0.0,2,12.699543
0.0,4,12.699686
0.0,1,12.699761
0.0,1,12.699837
0.0,8,12.700087
0.0,4,12.700232
0.0,7,12.700442
0.0,12,12.700767
0.0,3,12.700895
0.0,8,12.701136
0.0,9,12.701385
0.0,4,12.701527
0.0,7,12.701734
0.0,1,12.701809
0.0,6,12.701997
0.0,17,12.702418
0.0,12,12.702744
0.0,4,12.702888
0.0,3,12.703026
0.0,3,12.703152
0.0,11,12.703444
0.0,24,12.704031
0.0,43,12.704989
0.0,4,12.70515
0.0,15,12.705534
0.0,2,12.70564
0.0,18,12.706098
0.0,15,12.706485
0.0,2,12.706589
0.0,1,12.706669
1.0,8,12.706902
0.0,16,12.707322
1.0,18,12.707771
0.0,10,12.708059
0.0,15,12.708435
0.0,10,12.708708
0.0,3,12.708835
0.0,6,12.709044
0.0,9,12.709303
0.0,11,12.709599
0.0,20,12.710104
0.0,5,12.710274
0.0,10,12.71055
0.0,61,12.711913
0.0,6,12.712112
1.0,21,12.712619
0.0,1,12.712699
0.0,25,12.713304
0.0,7,12.713522
0.0,11,12.713817
0.0,7,12.714034
0.0,12,12.714353
0.0,10,12.71463
0.0,5,12.7148
0.0,9,12.715061
0.0,4,12.715206
0.0,4,12.715355
0.0,10,12.715636
0.0,6,12.715834
0.0,24,12.716413
0.0,4,12.716557
0.0,9,12.716809
0.0,7,12.717023
0.0,14,12.717385
0.0,5,12.717554
0.0,31,12.718292
0.0,11,12.71859
0.0,4,12.718735
0.0,17,12.719177
0.0,24,12.719743
0.0,8,12.719982
0.0,10,12.720268
0.0,12,12.720592
0.0,7,12.720807
0.0,17,12.721243
0.0,19,12.72171
0.0,3,12.721832
0.0,24,12.722409
0.0,5,12.72258
0.0,8,12.722815
0.0,12,12.723155
0.0,2,12.723257
0.0,1,12.723333
0.0,6,12.723526
0.0,4,12.723669
0.0,6,12.723855
0.0,18,12.724316
0.0,3,12.72444
0.0,6,12.724626
1.0,11,12.724921
0.0,2,12.725029
0.0,5,12.725196
0.0,3,12.725326
0.0,17,12.725747
0.0,16,12.726157
0.0,4,12.726302
0.0,14,12.726655
0.0,1,12.726735
0.0,21,12.727249
0.0,9,12.727502
0.0,6,12.727688
0.0,2,12.727792
0.0,37,12.728649
0.0,3,12.728773
0.0,23,12.72932
0.0,7,12.729532
0.0,6,12.729718
0.0,1,12.729794
0.0,26,12.730415
0.0,4,12.730561
0.0,4,12.730704
0.0,6,12.730895
0.0,2,12.730995
0.0,1,12.73108
0.0,4,12.731231
0.0,3,12.731358
0.0,15,12.731745
0.0,1,12.731825
0.0,9,12.732099
0.0,6,12.732288
0.0,4,12.732431
0.0,11,12.732744
0.0,5,12.732911
0.0,1,12.732987
0.0,1,12.733073
0.0,13,12.733416
0.0,2,12.733521
0.0,9,12.733772
0.0,15,12.734162
0.0,22,12.734694
0.0,6,12.734881
0.0,1,12.73496
0.0,21,12.735523
0.0,8,12.73575
0.0,5,12.735923
0.0,1,12.736009
0.0,6,12.736231
1.0,41,12.737182
0.0,17,12.737609
0.0,3,12.737731
0.0,1,12.737807
0.0,2,12.737907
0.0,6,12.738106
0.0,5,12.73828
0.0,14,12.73864
0.0,7,12.738853
0.0,3,12.738976
0.0,4,12.739127
0.0,14,12.739496
0.0,4,12.739644
0.0,1,12.739721
0.0,2,12.73982
0.0,8,12.740073
0.0,3,12.740197
0.0,4,12.740341
0.0,17,12.740777
0.0,4,12.740927
0.0,12,12.741249
0.0,4,12.741398
0.0,34,12.742184
0.0,1,12.742266
0.0,7,12.742475
0.0,22,12.74301
1.0,27,12.743649
0.0,6,12.743835
0.0,2,12.743936
0.0,2,12.744044
0.0,3,12.744176
0.0,9,12.744448
0.0,7,12.744662
0.0,4,12.744805
0.0,6,12.744995
0.0,2,12.745106
0.0,2,12.745207
0.0,10,12.745476
0.0,8,12.745709
0.0,9,12.745956
0.0,16,12.746356
0.0,19,12.746819
0.0,5,12.746981
0.0,14,12.747349
0.0,10,12.747618
0.0,9,12.747869
0.0,8,12.748113
0.0,3,12.748242
0.0,11,12.748539
0.0,12,12.74885
0.0,3,12.748977
0.0,31,12.749704
0.0,5,12.749872
0.0,8,12.750117
0.0,9,12.750374
0.0,8,12.750607
1.0,25,12.751215
0.0,8,12.751449
0.0,15,12.751826
0.0,29,12.752527
0.0,5,12.752695
0.0,9,12.752942
0.0,8,12.753181
0.0,27,12.753816
0.0,31,12.754534
0.0,5,12.7547
0.0,5,12.754863
0.0,6,12.755065
0.0,5,12.755237
0.0,2,12.755338
0.0,3,12.755461
0.0,4,12.755604
0.0,4,12.755747
0.0,7,12.755953
0.0,8,12.756197
0.0,1,12.756274
0.0,3,12.756396
0.0,2,12.7565
0.0,8,12.756728
0.0,23,12.757284
1.0,21,12.757802
1.0,9,12.758059
0.0,5,12.758225
0.0,2,12.758324
0.0,20,12.75881
0.0,9,12.759067
0.0,4,12.759211
0.0,18,12.759642
0.0,6,12.759834
0.0,20,12.760322
0.0,11,12.76061
0.0,9,12.760859
0.0,14,12.761222
0.0,5,12.761393
0.0,7,12.761608
1.0,20,12.76211
0.0,3,12.762238
0.0,14,12.76259
1.0,14,12.762959
0.0,3,12.763091
0.0,2,12.763193
0.0,2,12.763293
0.0,4,12.763437
0.0,3,12.763559
0.0,18,12.764018
0.0,26,12.764635
0.0,4,12.764844
0.0,5,12.765069
0.0,6,12.765293
0.0,1,12.765375
0.0,9,12.765637
0.0,5,12.765803
0.0,7,12.766025
0.0,10,12.766307
0.0,11,12.766603
0.0,3,12.766732
0.0,1,12.766809
0.0,9,12.76707
0.0,4,12.767222
1.0,16,12.767627
0.0,19,12.768111
0.0,2,12.768217
0.0,18,12.768666
0.0,3,12.768794
0.0,14,12.769168
1.0,36,12.770009
0.0,2,12.770113
0.0,14,12.770467
0.0,23,12.771024
0.0,3,12.77115
0.0,27,12.771788
0.0,17,12.772225
0.0,6,12.772421
0.0,14,12.772779
0.0,15,12.773169
0.0,1,12.773247
0.0,11,12.773541
0.0,14,12.773902
0.0,5,12.774083
0.0,9,12.77434
0.0,2,12.774446
0.0,1,12.774522
0.0,11,12.774816
0.0,11,12.775131
0.0,6,12.775326
0.0,2,12.775433
0.0,10,12.775711
0.0,1,12.775788
0.0,18,12.776249
0.0,4,12.776402
0.0,2,12.776506
0.0,3,12.776629
0.0,5,12.776794
0.0,13,12.777141
0.0,4,12.777292
0.0,4,12.777444
0.0,2,12.777549
0.0,4,12.777699
0.0,22,12.778238
0.0,17,12.778656
0.0,13,12.778988
0.0,6,12.77919
0.0,29,12.779876
0.0,16,12.780283
0.0,9,12.780548
0.0,11,12.780841
0.0,2,12.780942
0.0,3,12.781075
0.0,4,12.78122
0.0,6,12.78141
0.0,14,12.781777
1.0,11,12.782079
0.0,5,12.782248
0.0,4,12.782396
0.0,14,12.782759
0.0,6,12.782948
0.0,11,12.783246
0.0,10,12.783518
0.0,7,12.783725
0.0,4,12.783868
0.0,11,12.784182
0.0,19,12.784656
0.0,1,12.784733
0.0,4,12.784877
0.0,7,12.785097
0.0,9,12.78535
0.0,5,12.785522
0.0,1,12.785601
0.0,15,12.785981
0.0,7,12.786202
0.0,8,12.786445
0.0,6,12.786638
0.0,15,12.787023
0.0,6,12.787211
0.0,23,12.787763
0.0,10,12.788047
0.0,3,12.78817
0.0,10,12.788439
0.0,16,12.788839
0.0,17,12.789275
0.0,7,12.789483
0.0,24,12.79007
0.0,11,12.790364
0.0,25,12.790956
0.0,26,12.791572
0.0,6,12.791759
0.0,4,12.791903
0.0,6,12.792098
0.0,4,12.792243
0.0,6,12.792434
0.0,3,12.792562
0.0,4,12.792706
0.0,9,12.792956
0.0,7,12.793173
0.0,8,12.793415
0.0,2,12.79352
0.0,3,12.793643
0.0,30,12.794343
0.0,6,12.794537
0.0,7,12.79474
0.0,10,12.795017
0.0,10,12.795294
0.0,4,12.795441
0.0,19,12.795901
0.0,15,12.796289
0.0,8,12.796525
0.0,4,12.796669
0.0,5,12.796832
0.0,2,12.796934
0.0,7,12.797149
0.0,6,12.797336
0.0,4,12.797479
0.0,3,12.7976
0.0,6,12.797796
0.0,4,12.79794
0.0,3,12.798071
0.0,8,12.798307
0.0,7,12.798519
0.0,3,12.798645
0.0,1,12.798722
0.0,5,12.798891
0.0,6,12.799088
0.0,4,12.799233
0.0,6,12.799425
1.0,7,12.799633
0.0,7,12.799847
0.0,7,12.800066
0.0,1,12.800143
0.0,9,12.800393
0.0,22,12.800922
1.0,23,12.801481
0.0,6,12.801669
0.0,7,12.801886
0.0,12,12.802206
0.0,2,12.802307
0.0,4,12.802457
0.0,19,12.802926
0.0,2,12.803035
0.0,12,12.803359
0.0,1,12.803436
1.0,25,12.804044
0.0,1,12.804125
0.0,3,12.804254
0.0,5,12.80442
0.0,5,12.804592
0.0,12,12.804909
0.0,6,12.805106
0.0,6,12.805295
0.0,8,12.805534
0.0,3,12.805657
0.0,3,12.80578
0.0,3,12.805902
0.0,7,12.806125
0.0,3,12.806249
0.0,2,12.806349
0.0,7,12.806553
0.0,3,12.806673
0.0,4,12.806815
0.0,11,12.807123
0.0,1,12.8072
0.0,25,12.807781
0.0,30,12.808494
0.0,2,12.808597
0.0,5,12.808768
0.0,12,12.809095
0.0,13,12.809435
0.0,19,12.809906
0.0,13,12.810248
0.0,12,12.810577
0.0,13,12.81091
0.0,7,12.811128
0.0,3,12.811256
0.0,3,12.81138
0.0,5,12.811546
0.0,3,12.811669
0.0,27,12.812331
0.0,10,12.812609
0.0,7,12.812822
0.0,18,12.813287
0.0,1,12.813365
0.0,6,12.813552
0.0,16,12.813945
0.0,14,12.814306
0.0,13,12.814645
0.0,5,12.814808
0.0,22,12.815347
0.0,22,12.81587
0.0,1,12.81595
0.0,14,12.816365
0.0,8,12.816594
0.0,10,12.816875
0.0,27,12.817514
0.0,14,12.817878
0.0,7,12.818101
0.0,30,12.818807
0.0,9,12.81907
0.0,24,12.819646
0.0,9,12.819902
0.0,6,12.820107
0.0,5,12.820273
0.0,23,12.820817
0.0,6,12.821009
0.0,9,12.821274
0.0,11,12.821567
0.0,6,12.821757
0.0,23,12.822325
0.0,5,12.822495
0.0,2,12.822596
0.0,7,12.822812
0.0,8,12.823056
0.0,1,12.823134
0.0,8,12.823362
0.0,20,12.823852
0.0,4,12.824
1.0,34,12.824783
0.0,4,12.824926
0.0,20,12.825423
0.0,6,12.825612
0.0,3,12.825733
0.0,6,12.825917
0.0,2,12.82603
0.0,19,12.826505
0.0,6,12.826693
0.0,18,12.827142
0.0,3,12.827265
0.0,3,12.827392
0.0,7,12.8276
0.0,2,12.827704
0.0,7,12.827913
0.0,19,12.828385
0.0,11,12.828688
0.0,11,12.82898
0.0,3,12.829111
0.0,9,12.829361
0.0,6,12.829546
0.0,12,12.82986
0.0,17,12.8303
0.0,6,12.830488
0.0,6,12.830673
0.0,7,12.830888
1.0,17,12.831325
0.0,4,12.831472
0.0,1,12.831549
0.0,9,12.831804
0.0,17,12.83224
0.0,6,12.83243
0.0,5,12.832595
0.0,5,12.83276
0.0,3,12.832883
0.0,8,12.833124
0.0,4,12.83327
0.0,25,12.833844
0.0,30,12.834558
0.0,22,12.835097
0.0,5,12.835267
0.0,4,12.835412
0.0,8,12.835639
0.0,9,12.83589
0.0,3,12.836019
0.0,7,12.836232
0.0,6,12.836418
0.0,1,12.836493
0.0,11,12.836791
0.0,1,12.836871
0.0,6,12.837072
0.0,14,12.837432
0.0,4,12.837576
0.0,7,12.83778
0.0,12,12.838101
0.0,15,12.838487
0.0,2,12.838589
0.0,1,12.838668
0.0,5,12.838835
0.0,6,12.839028
0.0,6,12.839218
0.0,1,12.839297
0.0,7,12.839515
0.0,8,12.839744
0.0,30,12.840454
0.0,42,12.841419
0.0,6,12.841607
0.0,2,12.841708
0.0,27,12.842347
0.0,10,12.842623
0.0,1,12.842704
0.0,26,12.84334
0.0,3,12.843469
0.0,7,12.843677
0.0,13,12.844019
0.0,25,12.844606
0.0,6,12.8448
0.0,25,12.845405
0.0,1,12.845482
0.0,8,12.84571
0.0,8,12.845937
0.0,1,12.846025
0.0,3,12.846155
0.0,2,12.846256
0.0,5,12.84642
0.0,12,12.846738
0.0,4,12.846882
0.0,3,12.847011
0.0,13,12.847354
0.0,5,12.847519
0.0,3,12.847647
1.0,22,12.848183
0.0,3,12.848312
0.0,6,12.848501
0.0,4,12.848645
0.0,44,12.849639
1.0,20,12.850127
0.0,51,12.851267
0.0,2,12.851374
0.0,6,12.851568
0.0,7,12.851781
0.0,3,12.851903
0.0,5,12.852084
0.0,5,12.852252
0.0,13,12.852593
0.0,2,12.852698
0.0,18,12.853153
0.0,3,12.853283
0.0,6,12.85347
0.0,13,12.853801
1.0,30,12.854504
0.0,5,12.854677
0.0,10,12.854946
0.0,18,12.855401
0.0,8,12.855635
0.0,10,12.855914
0.0,3,12.856046
0.0,21,12.856565
0.0,4,12.856709
0.0,15,12.857105
0.0,2,12.857214
0.0,6,12.857406
0.0,1,12.857482
0.0,2,12.857583
0.0,6,12.857769
0.0,1,12.857849
0.0,2,12.85795
0.0,12,12.858282
0.0,4,12.858429
0.0,15,12.858817
0.0,5,12.858982
0.0,16,12.859398
0.0,6,12.859584
1.0,10,12.859851
0.0,20,12.860343
0.0,14,12.860705
0.0,5,12.860874
0.0,4,12.861028
0.0,4,12.861178
0.0,14,12.861537
0.0,16,12.861927
0.0,14,12.862288
0.0,24,12.86285
0.0,5,12.863024
0.0,4,12.863168
0.0,8,12.863401
0.0,7,12.863607
0.0,14,12.863962
0.0,4,12.864114
0.0,9,12.864373
0.0,3,12.864496
0.0,13,12.864844
0.0,5,12.865018
0.0,5,12.86519
0.0,1,12.865359
0.0,5,12.865553
0.0,2,12.865657
0.0,5,12.865829
0.0,4,12.865981
0.0,3,12.866112
0.0,25,12.866709
0.0,6,12.866902
0.0,2,12.86701
0.0,5,12.867182
0.0,3,12.867305
0.0,19,12.867757
0.0,4,12.867904
0.0,7,12.868129
0.0,14,12.868492
0.0,4,12.868646
1.0,24,12.869231
0.0,3,12.869355
0.0,2,12.869465
0.0,3,12.869587
0.0,2,12.869689
0.0,3,12.869815
0.0,26,12.870453
0.0,7,12.87067
0.0,4,12.870814
0.0,9,12.871073
0.0,8,12.871305
0.0,5,12.871476
0.0,16,12.871882
0.0,4,12.872035
0.0,6,12.87223
0.0,9,12.872479
0.0,5,12.87265
0.0,2,12.87275
0.0,2,12.872854
0.0,3,12.872977
0.0,1,12.873061
0.0,4,12.873207
0.0,14,12.873573
0.0,3,12.873697
0.0,18,12.874154
0.0,9,12.874411
0.0,1,12.874488
0.0,16,12.874885
0.0,5,12.875061
0.0,25,12.875652
0.0,8,12.875888
0.0,12,12.876214
0.0,6,12.876404
0.0,16,12.876804
0.0,3,12.876925
1.0,12,12.877259
0.0,4,12.877414
0.0,3,12.877542
0.0,5,12.877713
0.0,21,12.878243
0.0,8,12.878473
0.0,3,12.8786
0.0,3,12.878724
0.0,4,12.878874
0.0,20,12.879385
0.0,1,12.879464
0.0,10,12.879737
0.0,3,12.879859
0.0,3,12.87998
0.0,2,12.88009
0.0,3,12.880214
0.0,1,12.88029
0.0,16,12.880698
0.0,4,12.880847
0.0,2,12.880952
1.0,6,12.881151
0.0,5,12.881323
0.0,3,12.881445
0.0,3,12.881572
1.0,12,12.881886
0.0,2,12.881984
0.0,7,12.882202
0.0,7,12.882419
0.0,3,12.882541
0.0,1,12.882616
0.0,3,12.882743
0.0,10,12.883027
0.0,10,12.883306
0.0,18,12.883748
0.0,10,12.88404
0.0,11,12.884339
0.0,2,12.88444
0.0,5,12.884611
0.0,4,12.884755
0.0,8,12.884993
0.0,4,12.885146
0.0,8,12.885379
0.0,5,12.885547
0.0,18,12.885987
0.0,35,12.886792
0.0,5,12.886966
0.0,7,12.887183
0.0,25,12.887779
0.0,6,12.887972
0.0,13,12.888315
0.0,16,12.888708
0.0,7,12.888919
0.0,14,12.889296
1.0,14,12.88965
0.0,9,12.889898
0.0,5,12.890074
0.0,5,12.890249
0.0,14,12.89061
0.0,1,12.890686
0.0,5,12.890855
0.0,7,12.891079
0.0,24,12.891653
0.0,8,12.891879
0.0,4,12.892031
0.0,27,12.892669
0.0,1,12.892745
0.0,1,12.892825
1.0,25,12.893434
0.0,5,12.89361
0.0,6,12.893803
0.0,9,12.894072
0.0,5,12.894239
0.0,1,12.894315
0.0,8,12.894552
0.0,11,12.894845
0.0,31,12.895576
1.0,12,12.895888
0.0,16,12.896296
0.0,2,12.896401
0.0,26,12.897032
0.0,14,12.897395
0.0,3,12.897518
1.0,6,12.897703
0.0,9,12.89795
0.0,8,12.898196
0.0,4,12.898343
0.0,6,12.898534
0.0,7,12.898739
0.0,1,12.898814
0.0,3,12.89894
0.0,3,12.899075
0.0,18,12.899526
0.0,1,12.899603
0.0,4,12.899752
0.0,5,12.899922
0.0,18,12.900377
0.0,10,12.900663
0.0,2,12.900771
0.0,8,12.901014
0.0,5,12.901183
0.0,8,12.901417
0.0,4,12.901561
0.0,5,12.901724
0.0,4,12.901866
0.0,1,12.901942
0.0,4,12.902093
0.0,7,12.9023
0.0,41,12.903236
0.0,9,12.903483
0.0,7,12.903687
0.0,35,12.904477
0.0,11,12.904775
0.0,16,12.905186
0.0,1,12.905267
0.0,18,12.905709
0.0,5,12.905879
0.0,5,12.906054
1.0,19,12.906521
0.0,21,12.907043
0.0,4,12.907193
1.0,13,12.907523
0.0,14,12.907881
0.0,24,12.908484
0.0,10,12.908766
0.0,2,12.908865
0.0,13,12.909206
0.0,6,12.909392
0.0,6,12.909588
0.0,9,12.909845
0.0,16,12.910254
0.0,19,12.91072
0.0,5,12.910884
0.0,10,12.911174
0.0,5,12.91134
0.0,21,12.911845
0.0,5,12.912022
0.0,5,12.912189
1.0,21,12.912686
0.0,6,12.912875
0.0,6,12.913078
1.0,7,12.913287
0.0,18,12.913736
0.0,2,12.913836
0.0,5,12.914019
1.0,12,12.914333
0.0,3,12.914459
0.0,14,12.914824
0.0,8,12.915065
0.0,17,12.91549
0.0,18,12.915939
0.0,15,12.916364
0.0,8,12.9166
0.0,12,12.916909
0.0,3,12.917044
0.0,3,12.917173
0.0,3,12.9173
0.0,33,12.918068
0.0,5,12.918234
0.0,19,12.918702
0.0,2,12.918806
0.0,2,12.918907
0.0,12,12.919229
0.0,2,12.919335
0.0,3,12.919463
0.0,9,12.919723
0.0,4,12.919866
0.0,6,12.920062
0.0,2,12.920163
0.0,7,12.920369
0.0,11,12.920665
0.0,5,12.92083
0.0,5,12.920995
0.0,2,12.921104
0.0,19,12.922244
0.0,1,12.922354
0.0,1,12.922437
0.0,22,12.922974
0.0,22,12.923512
0.0,9,12.923767
0.0,15,12.924156
0.0,21,12.924685
0.0,10,12.92496
0.0,13,12.925305
0.0,8,12.925546
0.0,4,12.9257
0.0,3,12.925832
0.0,8,12.926082
0.0,14,12.926447
0.0,15,12.926838
0.0,6,12.927034
1.0,10,12.927313
0.0,18,12.92776
0.0,1,12.927838
0.0,5,12.928012
0.0,8,12.928252
0.0,1,12.928329
0.0,4,12.928485
0.0,7,12.928695
0.0,19,12.929184
0.0,12,12.929513
1.0,10,12.929799
0.0,18,12.93026
0.0,22,12.930791
0.0,9,12.931079
0.0,16,12.931525
0.0,2,12.931629
0.0,9,12.931885
0.0,2,12.931988
0.0,3,12.932126
0.0,27,12.932766
0.0,13,12.933117
0.0,26,12.933739
0.0,8,12.933968
0.0,1,12.934055
0.0,3,12.934182
0.0,10,12.934458
0.0,29,12.935134
0.0,19,12.935609
0.0,15,12.93599
0.0,8,12.936231
0.0,5,12.936403
0.0,7,12.936612
0.0,14,12.93697
0.0,2,12.93708
0.0,13,12.93742
0.0,2,12.937527
0.0,5,12.937693
0.0,3,12.93782
0.0,10,12.938102
0.0,7,12.938312
0.0,19,12.938781
0.0,10,12.939075
0.0,20,12.93957
0.0,10,12.939846
0.0,13,12.940189
0.0,9,12.940446
0.0,21,12.940953
0.0,22,12.941495
0.0,16,12.941903
0.0,8,12.942151
0.0,10,12.942426
0.0,9,12.942674
0.0,4,12.942826
0.0,32,12.943581
0.0,19,12.944057
0.0,11,12.944359
0.0,13,12.944733
0.0,20,12.94527
0.0,29,12.945979
0.0,13,12.946375
0.0,14,12.946735
0.0,4,12.946886
0.0,3,12.947016
0.0,9,12.947269
0.0,5,12.947441
0.0,1,12.947522
0.0,9,12.947781
0.0,8,12.948044
0.0,14,12.948431
0.0,3,12.948555
0.0,20,12.949097
0.0,26,12.94974
1.0,13,12.950102
0.0,18,12.950551
0.0,11,12.950844
0.0,4,12.950988
0.0,1,12.951074
0.0,3,12.951203
0.0,13,12.951539
0.0,4,12.951688
0.0,5,12.951856
0.0,17,12.952287
0.0,37,12.953138
0.0,4,12.953287
0.0,13,12.953626
1.0,12,12.953949
0.0,5,12.954128
0.0,46,12.955177
0.0,4,12.955326
0.0,3,12.955455
0.0,5,12.955627
0.0,21,12.956149
0.0,10,12.956429
0.0,14,12.956795
0.0,9,12.957061
0.0,4,12.957208
0.0,3,12.957333
0.0,6,12.957528
0.0,1,12.957608
0.0,8,12.957846
0.0,20,12.958339
0.0,20,12.958821
0.0,2,12.958922
0.0,20,12.959415
0.0,8,12.959646
0.0,6,12.959834
0.0,34,12.960627
0.0,1,12.96071
0.0,7,12.960928
0.0,1,12.961014
0.0,8,12.961247
0.0,9,12.961504
0.0,11,12.961799
0.0,11,12.962107
0.0,6,12.962301
0.0,9,12.962561
0.0,17,12.962995
0.0,7,12.963217
0.0,22,12.963735
0.0,13,12.964086
0.0,12,12.964404
0.0,1,12.964486
0.0,3,12.964612
0.0,13,12.964957
0.0,5,12.965135
0.0,34,12.965923
0.0,20,12.966417
0.0,3,12.966542
0.0,20,12.967052
0.0,10,12.967327
0.0,4,12.967473
0.0,1,12.967553
0.0,10,12.967831
1.0,6,12.968027
0.0,31,12.968752
0.0,10,12.969039
0.0,12,12.969363
0.0,13,12.969707
0.0,5,12.969876
0.0,11,12.970182
0.0,5,12.970355
0.0,13,12.970696
0.0,1,12.970773
0.0,1,12.970855
0.0,2,12.970958
0.0,13,12.971306
0.0,4,12.971461
0.0,3,12.97159
0.0,10,12.971872
0.0,3,12.972
0.0,20,12.972498
0.0,1,12.97258
0.0,27,12.973235
0.0,10,12.973519
0.0,4,12.973664
0.0,3,12.973787
0.0,14,12.974164
0.0,5,12.974343
0.0,10,12.974616
0.0,17,12.975052
0.0,28,12.975707
0.0,8,12.975949
0.0,6,12.976151
0.0,1,12.976232
0.0,1,12.97631
0.0,1,12.976387
0.0,12,12.976709
0.0,31,12.977428
0.0,11,12.977726
0.0,19,12.978201
0.0,2,12.978309
0.0,5,12.978477
0.0,5,12.978644
0.0,5,12.978823
0.0,5,12.978994
0.0,4,12.979155
0.0,12,12.97948
0.0,19,12.979946
0.0,9,12.980214
0.0,3,12.98034
0.0,13,12.980686
0.0,9,12.980935
0.0,2,12.981093
0.0,5,12.98126
0.0,17,12.981682
0.0,3,12.981811
0.0,9,12.982077
0.0,4,12.982229
0.0,11,12.982527
0.0,2,12.982633
0.0,10,12.982903
0.0,7,12.983131
0.0,5,12.983308
0.0,3,12.983433
0.0,4,12.983578
0.0,33,12.98436
0.0,11,12.984658
0.0,2,12.98476
0.0,4,12.984904
0.0,19,12.985382
0.0,10,12.985654
1.0,10,12.985923
0.0,3,12.986052
0.0,1,12.986131
0.0,2,12.986237
0.0,16,12.986647
0.0,3,12.986776
0.0,7,12.986985
0.0,4,12.987138
0.0,2,12.987244
0.0,1,12.987321
0.0,22,12.987852
0.0,3,12.987977
0.0,2,12.988093
0.0,13,12.988429
0.0,11,12.988722
0.0,4,12.988871
0.0,17,12.989306
0.0,16,12.989717
0.0,7,12.989929
0.0,3,12.990063
0.0,9,12.990314
1.0,10,12.990585
0.0,4,12.990733
0.0,5,12.9909
0.0,2,12.991014
0.0,8,12.991254
0.0,10,12.991535
1.0,18,12.991977
0.0,5,12.992155
1.0,9,12.992421
0.0,3,12.992549
0.0,6,12.992738
0.0,10,12.993024
0.0,12,12.993351
0.0,6,12.99354
0.0,7,12.993757
1.0,7,12.993969
0.0,3,12.994106
0.0,12,12.994422
0.0,4,12.994566
0.0,14,12.994925
0.0,7,12.995148
0.0,10,12.995429
0.0,1,12.995511
0.0,4,12.995657
0.0,1,12.995734
0.0,6,12.995922
1.0,18,12.996378
0.0,1,12.996456
0.0,11,12.996756
0.0,6,12.996967
0.0,3,12.997106
0.0,4,12.997256
0.0,1,12.997334
0.0,4,12.99748
0.0,12,12.997795
0.0,3,12.997918
0.0,1,12.997999
0.0,18,12.998461
0.0,5,12.998634
0.0,11,12.998941
0.0,3,12.999074
0.0,6,12.999262
0.0,2,12.999363
0.0,12,12.999683
0.0,5,12.999855
0.0,1,12.999936
0.0,11,13.000245
0.0,6,13.00045
0.0,12,13.000777
0.0,1,13.000856
0.0,6,13.00106
0.0,23,13.001613
0.0,21,13.002126
0.0,4,13.002279
0.0,1,13.002356
0.0,16,13.002763
1.0,13,13.003128
0.0,13,13.003475
0.0,11,13.00377
0.0,6,13.003962
0.0,16,13.004375
0.0,10,13.004657
0.0,11,13.004963
0.0,3,13.0051
0.0,4,13.005255
0.0,2,13.005358
1.0,23,13.005908
0.0,3,13.006044
0.0,8,13.006283
0.0,3,13.006407
0.0,13,13.006745
0.0,2,13.006851
0.0,13,13.007196
0.0,3,13.007319
0.0,1,13.007396
0.0,4,13.007545
0.0,13,13.007878
1.0,44,13.008875
0.0,19,13.009358
0.0,7,13.009573
0.0,16,13.009979
0.0,6,13.010178
0.0,3,13.010302
0.0,5,13.010469
0.0,19,13.010943
0.0,3,13.011075
0.0,3,13.0112
0.0,4,13.011353
0.0,4,13.011497
0.0,11,13.011801
0.0,4,13.011946
0.0,5,13.012128
0.0,1,13.012212
0.0,4,13.012359
0.0,15,13.012746
0.0,19,13.013223
0.0,15,13.013605
0.0,5,13.01377
0.0,5,13.013941
0.0,7,13.014158
0.0,6,13.014348
0.0,3,13.014471
0.0,3,13.014594
0.0,1,13.01467
0.0,7,13.014887
0.0,17,13.015322
1.0,10,13.015608
0.0,6,13.015806
0.0,2,13.015913
0.0,29,13.016604
0.0,6,13.0168
0.0,1,13.016881
0.0,8,13.017144
0.0,9,13.01742
0.0,2,13.017521
0.0,2,13.017627
0.0,4,13.01778
0.0,20,13.018294
0.0,7,13.018517
0.0,7,13.01873
0.0,4,13.018876
0.0,7,13.019093
0.0,12,13.019421
0.0,11,13.019716
0.0,9,13.019974
0.0,7,13.020197
0.0,11,13.020494
0.0,13,13.02084
0.0,3,13.020969
0.0,17,13.021412
0.0,1,13.021495
0.0,4,13.021646
0.0,1,13.021727
0.0,15,13.022226
1.0,8,13.022468
0.0,8,13.022697
0.0,8,13.022927
0.0,3,13.02306
0.0,7,13.023273
0.0,7,13.023482
1.0,7,13.023696
0.0,5,13.023862
1.0,12,13.024192
0.0,6,13.024386
0.0,8,13.024621
0.0,3,13.024748
0.0,14,13.025115
0.0,16,13.025522
0.0,3,13.025645
0.0,9,13.025901
0.0,5,13.026083
0.0,3,13.026207
0.0,12,13.026525
0.0,1,13.026602
0.0,2,13.026703
0.0,5,13.026875
0.0,8,13.027121
0.0,2,13.027228
0.0,14,13.027592
1.0,8,13.027822
0.0,7,13.028037
0.0,10,13.028311
0.0,4,13.02846
0.0,4,13.028603
0.0,4,13.028744
0.0,7,13.02896
0.0,2,13.029068
0.0,2,13.029172
0.0,7,13.029379
0.0,11,13.029679
0.0,3,13.029804
0.0,4,13.029958
0.0,1,13.030046
1.0,7,13.030268
0.0,4,13.030413
0.0,3,13.030535
0.0,3,13.030658
0.0,7,13.030872
0.0,6,13.03107
0.0,2,13.031173
0.0,18,13.031614
0.0,8,13.031846
0.0,1,13.031922
0.0,1,13.031998
0.0,1,13.032087
0.0,10,13.032372
0.0,10,13.032646
0.0,11,13.032942
0.0,22,13.033485
0.0,10,13.033758
0.0,6,13.033942
0.0,7,13.03417
0.0,7,13.034381
0.0,2,13.034482
0.0,6,13.034673
0.0,13,13.035024
0.0,12,13.035345
0.0,13,13.03568
0.0,4,13.035831
0.0,5,13.036
0.0,2,13.036117
0.0,19,13.036596
0.0,15,13.03698
0.0,3,13.037115
0.0,11,13.037417
0.0,11,13.037716
0.0,2,13.037815
0.0,21,13.038327
0.0,2,13.038434
0.0,30,13.039135
0.0,7,13.039345
0.0,14,13.039696
0.0,5,13.03986
0.0,11,13.040169
0.0,12,13.040496
0.0,2,13.040597
0.0,1,13.040673
0.0,1,13.040753
0.0,6,13.040947
0.0,28,13.041612
0.0,4,13.041757
0.0,2,13.041861
0.0,1,13.041939
0.0,5,13.042117
0.0,15,13.042504
0.0,3,13.042632
0.0,5,13.042805
0.0,28,13.043464
0.0,5,13.043641
0.0,3,13.043764
0.0,2,13.043868
0.0,14,13.04424
0.0,6,13.044441
0.0,4,13.044592
0.0,6,13.044789
0.0,23,13.045355
0.0,1,13.045434
0.0,4,13.045578
0.0,1,13.045653
0.0,5,13.045819
0.0,3,13.04594
0.0,1,13.046023
0.0,1,13.0461
0.0,1,13.046176
0.0,11,13.046467
0.0,23,13.047014
0.0,7,13.04723
0.0,3,13.047354
0.0,7,13.047568
0.0,17,13.04799
0.0,3,13.048122
0.0,2,13.048231
0.0,2,13.048337
0.0,5,13.048505
0.0,6,13.048697
0.0,1,13.048779
1.0,11,13.049084
0.0,5,13.049253
0.0,4,13.049399
0.0,6,13.049587
0.0,11,13.049882
0.0,4,13.050035
0.0,8,13.050271
0.0,1,13.050348
0.0,13,13.050693
0.0,3,13.050817
0.0,14,13.051193
0.0,13,13.051539
0.0,11,13.051834
0.0,16,13.052256
1.0,16,13.052655
0.0,5,13.052819
0.0,1,13.052899
0.0,2,13.05301
0.0,12,13.053333
0.0,8,13.053567
0.0,5,13.053743
0.0,3,13.053866
0.0,9,13.054135
0.0,7,13.054353
0.0,9,13.054614
0.0,13,13.054949
0.0,2,13.055063
1.0,9,13.055326
0.0,1,13.055403
0.0,6,13.055591
0.0,6,13.055778
1.0,10,13.056065
0.0,6,13.05626
0.0,7,13.056468
0.0,10,13.056744
0.0,3,13.056871
0.0,4,13.057027
0.0,3,13.057157
0.0,3,13.05728
0.0,7,13.057493
0.0,2,13.057598
1.0,10,13.057878
1.0,7,13.058095
1.0,22,13.058633
0.0,12,13.05895
0.0,9,13.059214
0.0,9,13.059465
0.0,18,13.059908
0.0,10,13.060198
1.0,71,13.061766
0.0,4,13.061914
0.0,1,13.061994
0.0,5,13.062169
0.0,7,13.062382
0.0,14,13.062735
0.0,2,13.062837
0.0,17,13.063272
0.0,4,13.063419
0.0,25,13.064026
0.0,16,13.064425
0.0,17,13.064845
0.0,4,13.064988
0.0,15,13.06537
0.0,11,13.065674
0.0,3,13.065797
0.0,6,13.06599
0.0,7,13.066217
0.0,10,13.066496
0.0,1,13.066574
0.0,13,13.066914
0.0,18,13.067373
0.0,14,13.067742
0.0,26,13.068363
0.0,2,13.068471
0.0,18,13.068916
0.0,6,13.069119
0.0,13,13.069459
0.0,8,13.069687
0.0,15,13.070074
0.0,15,13.070458
0.0,17,13.070884
0.0,4,13.071038
0.0,28,13.071698
0.0,13,13.072052
0.0,4,13.072199
0.0,6,13.072393
1.0,30,13.073114
0.0,3,13.073244
0.0,7,13.073459
0.0,5,13.073623
0.0,10,13.073895
0.0,23,13.074452
0.0,42,13.075407
0.0,6,13.075594
0.0,5,13.07576
0.0,7,13.07597
1.0,13,13.076322
0.0,16,13.076729
0.0,7,13.076942
0.0,11,13.077241
0.0,5,13.077417
1.0,7,13.077626
0.0,6,13.077815
0.0,12,13.078152
0.0,15,13.078535
0.0,18,13.078982
1.0,14,13.079337
0.0,4,13.079483
0.0,11,13.079779
0.0,12,13.080104
0.0,15,13.080485
0.0,5,13.080649
0.0,15,13.081039
0.0,1,13.081118
0.0,5,13.081288
0.0,3,13.081411
0.0,3,13.081537
0.0,3,13.081661
0.0,6,13.081847
0.0,2,13.081948
0.0,11,13.082256
0.0,9,13.082506
0.0,1,13.082583
0.0,19,13.083067
0.0,7,13.083284
1.0,15,13.083674
0.0,1,13.083751
0.0,3,13.083883
0.0,2,13.083985
0.0,17,13.084435
0.0,19,13.084887
0.0,12,13.085216
0.0,10,13.085495
0.0,3,13.085618
0.0,6,13.085804
1.0,7,13.086019
0.0,3,13.086147
0.0,12,13.086467
0.0,5,13.086639
0.0,8,13.086869
1.0,18,13.087326
0.0,6,13.087513
0.0,18,13.087959
0.0,12,13.088289
0.0,5,13.088457
0.0,5,13.088629
0.0,3,13.088753
0.0,5,13.08892
0.0,24,13.089504
0.0,20,13.090015
0.0,2,13.09012
0.0,1,13.090197
0.0,1,13.090274
0.0,13,13.090612
0.0,3,13.090735
0.0,5,13.090901
0.0,3,13.091033
0.0,1,13.091111
0.0,23,13.091668
0.0,5,13.091833
0.0,9,13.092098
0.0,14,13.092464
0.0,18,13.092905
0.0,3,13.093037
0.0,14,13.093399
0.0,6,13.093585
0.0,4,13.093734
0.0,5,13.093904
0.0,4,13.094058
0.0,60,13.095397
0.0,2,13.095502
1.0,7,13.095716
0.0,6,13.09591
0.0,3,13.096049
0.0,2,13.096153
0.0,4,13.096298
0.0,4,13.096448
0.0,2,13.096549
0.0,2,13.096649
0.0,3,13.096771
0.0,5,13.096936
0.0,14,13.097305
0.0,13,13.097648
0.0,3,13.097772
0.0,6,13.097962
0.0,3,13.098094
0.0,11,13.098394
0.0,9,13.098652
0.0,12,13.098967
0.0,4,13.09912
0.0,3,13.099252
0.0,13,13.09959
0.0,8,13.099829
0.0,6,13.100022
0.0,3,13.100152
0.0,6,13.100338
0.0,2,13.100442
0.0,4,13.100587
0.0,16,13.100985
0.0,16,13.101391
0.0,23,13.101939
0.0,12,13.102258
0.0,2,13.10236
0.0,3,13.102487
0.0,5,13.102654
0.0,16,13.103058
0.0,17,13.10349
0.0,6,13.103674
0.0,6,13.103863
0.0,8,13.104106
0.0,17,13.104527
0.0,11,13.10482
0.0,5,13.104991
0.0,14,13.105358
1.0,11,13.105646
0.0,3,13.105772
0.0,2,13.105878
0.0,3,13.106009
0.0,4,13.106161
0.0,1,13.106238
0.0,10,13.106508
0.0,4,13.106652
0.0,3,13.106778
0.0,7,13.106985
0.0,3,13.107115
0.0,12,13.10743
0.0,9,13.107678
0.0,1,13.107759
0.0,2,13.107866
0.0,33,13.10862
0.0,29,13.109315
0.0,15,13.109701
0.0,7,13.109923
0.0,11,13.110231
0.0,3,13.110355
0.0,3,13.110477
0.0,2,13.110582
0.0,21,13.111104
0.0,1,13.111184
0.0,2,13.111286
0.0,12,13.111598
1.0,26,13.112232
0.0,8,13.112469
0.0,4,13.112621
0.0,4,13.112772
0.0,3,13.112896
1.0,10,13.113181
0.0,6,13.113369
0.0,5,13.113543
0.0,8,13.113778
0.0,4,13.113932
0.0,5,13.114108
0.0,7,13.114324
0.0,1,13.114402
0.0,3,13.114525
0.0,1,13.114601
0.0,4,13.114746
0.0,13,13.11509
0.0,5,13.115257
0.0,7,13.115462
1.0,19,13.115929
1.0,12,13.11625
0.0,7,13.116494
0.0,20,13.116969
0.0,8,13.117239
0.0,5,13.117426
0.0,1,13.117508
0.0,14,13.117879
0.0,10,13.118167
0.0,9,13.118419
0.0,9,13.118671
0.0,9,13.118932
0.0,1,13.119016
0.0,15,13.119405
0.0,3,13.119529
0.0,14,13.119896
0.0,10,13.120188
0.0,11,13.120481
0.0,2,13.120582
0.0,30,13.121291
0.0,4,13.121445
0.0,12,13.121772
0.0,1,13.121907
0.0,9,13.122229
0.0,4,13.122399
0.0,10,13.122672
0.0,1,13.122753
1.0,16,13.12317
0.0,12,13.123497
0.0,19,13.123962
0.0,6,13.124165
0.0,22,13.124691
0.0,13,13.125043
0.0,10,13.125328
0.0,1,13.125405
0.0,8,13.125639
0.0,2,13.125744
0.0,4,13.125894
0.0,1,13.12597
0.0,4,13.126124
0.0,26,13.126749
0.0,21,13.12727
0.0,14,13.127634
0.0,11,13.127927
0.0,4,13.128084
0.0,8,13.128319
0.0,1,13.128399
0.0,13,13.128744
0.0,7,13.128958
0.0,11,13.129261
0.0,6,13.129707
0.0,12,13.130054
0.0,8,13.130284
0.0,8,13.13051
0.0,40,13.131431
0.0,1,13.13151
0.0,16,13.131923
0.0,2,13.132038
0.0,11,13.132339
0.0,11,13.132634
0.0,8,13.13286
0.0,13,13.1332
0.0,3,13.133323
0.0,13,13.13365
0.0,19,13.134118
0.0,10,13.134385
0.0,1,13.134461
0.0,3,13.134589
1.0,10,13.134861
0.0,9,13.135131
0.0,2,13.135233
0.0,5,13.135404
0.0,5,13.135573
0.0,3,13.135696
0.0,14,13.136061
0.0,1,13.136142
0.0,3,13.13627
0.0,8,13.136505
0.0,10,13.136785
0.0,12,13.137113
0.0,9,13.13738
0.0,1,13.13746
0.0,11,13.137754
0.0,13,13.138104
0.0,4,13.138259
0.0,6,13.138452
0.0,8,13.138681
0.0,1,13.138761
1.0,9,13.13903
0.0,9,13.139279
0.0,20,13.139757
0.0,8,13.139993
0.0,3,13.140126
0.0,8,13.140359
0.0,2,13.140459
0.0,4,13.140602
0.0,10,13.140875
1.0,13,13.141222
0.0,7,13.141436
0.0,3,13.141559
0.0,9,13.141815
0.0,25,13.142411
0.0,4,13.142555
0.0,6,13.142739
0.0,4,13.14288
0.0,3,13.143008
0.0,2,13.143111
0.0,4,13.143255
0.0,2,13.143355
0.0,8,13.143584
0.0,1,13.143659
0.0,5,13.14383
0.0,6,13.144034
0.0,1,13.144113
0.0,13,13.144458
0.0,8,13.144686
1.0,11,13.144984
0.0,4,13.145136
1.0,22,13.145654
0.0,3,13.145781
0.0,26,13.146401
0.0,7,13.146618
0.0,4,13.146761
0.0,1,13.146837
0.0,1,13.146913
0.0,12,13.147236
0.0,6,13.147434
0.0,4,13.147579
0.0,4,13.147722
0.0,3,13.147844
0.0,9,13.148099
0.0,33,13.148843
0.0,7,13.14906
0.0,2,13.149166
0.0,12,13.149474
0.0,17,13.149888
0.0,3,13.15002
0.0,2,13.150122
0.0,10,13.150393
0.0,13,13.150733
0.0,1,13.150809
1.0,31,13.151544
0.0,18,13.15199
0.0,36,13.152806
1.0,36,13.153653
0.0,22,13.154189
0.0,14,13.154548
0.0,9,13.154802
0.0,5,13.154966
0.0,7,13.15518
0.0,3,13.155307
0.0,8,13.155542
0.0,5,13.155712
0.0,5,13.155881
0.0,6,13.156082
0.0,4,13.156235
0.0,9,13.156496
0.0,3,13.156624
0.0,1,13.156703
0.0,3,13.156831
0.0,6,13.157026
0.0,32,13.157771
0.0,5,13.157944
0.0,4,13.158095
0.0,5,13.15826
0.0,12,13.158576
0.0,5,13.158741
0.0,10,13.159015
0.0,5,13.159186
0.0,4,13.15933
1.0,14,13.159693
0.0,1,13.15977
0.0,6,13.159968
0.0,3,13.160105
0.0,7,13.160315
0.0,7,13.160527
1.0,18,13.160977
0.0,4,13.161138
0.0,12,13.161459
0.0,5,13.161623
0.0,12,13.16193
0.0,7,13.162148
0.0,8,13.162377
0.0,6,13.162568
0.0,7,13.162777
1.0,15,13.163166
0.0,3,13.163294
0.0,5,13.163459
0.0,3,13.16358
0.0,5,13.163745
0.0,7,13.163951
0.0,8,13.164183
0.0,1,13.16426
0.0,20,13.164736
0.0,4,13.164878
0.0,7,13.165095
0.0,2,13.165197
0.0,8,13.16543
0.0,6,13.165621
0.0,9,13.165874
0.0,10,13.166153
0.0,9,13.166402
0.0,6,13.166591
0.0,6,13.166775
0.0,10,13.167053
0.0,2,13.167153
0.0,3,13.167275
0.0,3,13.167397
0.0,6,13.16758
0.0,7,13.167794
1.0,13,13.168134
0.0,8,13.168362
0.0,7,13.16857
0.0,3,13.168691
0.0,6,13.168883
0.0,2,13.168983
1.0,12,13.169338
0.0,6,13.169533
0.0,8,13.169769
0.0,12,13.1701
0.0,29,13.170771
0.0,22,13.17131
0.0,9,13.171563
0.0,21,13.17209
0.0,14,13.172453
0.0,9,13.172715
0.0,1,13.172803
0.0,10,13.173086
0.0,10,13.173364
0.0,6,13.173551
1.0,14,13.173908
0.0,1,13.173989
0.0,5,13.17417
0.0,15,13.174546
0.0,9,13.174804
0.0,2,13.17491
0.0,5,13.17509
0.0,4,13.175245
0.0,7,13.175453
0.0,18,13.1759
0.0,9,13.176159
0.0,44,13.177152
0.0,4,13.1773
0.0,3,13.177429
0.0,25,13.178031
0.0,5,13.1782
0.0,12,13.178514
0.0,3,13.178637
0.0,6,13.178825
0.0,2,13.17893
0.0,5,13.179108
0.0,3,13.179232
0.0,11,13.179522
0.0,3,13.179652
0.0,13,13.179983
0.0,4,13.180136
0.0,1,13.180217
0.0,3,13.18034
0.0,16,13.180745
1.0,13,13.181092
0.0,11,13.181386
0.0,3,13.181512
0.0,2,13.181613
0.0,15,13.181997
0.0,14,13.182371
0.0,12,13.182688
0.0,10,13.182971
0.0,11,13.18327
1.0,27,13.183908
0.0,8,13.18415
0.0,11,13.184451
1.0,10,13.184722
0.0,18,13.185183
0.0,10,13.185463
0.0,17,13.185896
0.0,6,13.1861
0.0,3,13.186227
0.0,10,13.186506
0.0,18,13.186954
0.0,9,13.187222
0.0,10,13.187496
0.0,43,13.188467
0.0,6,13.188657
0.0,19,13.189133
0.0,2,13.189242
0.0,7,13.189461
0.0,8,13.189696
0.0,13,13.190051
0.0,4,13.190202
1.0,13,13.190537
0.0,20,13.19104
0.0,11,13.19135
0.0,17,13.191778
0.0,5,13.191944
0.0,12,13.192262
1.0,10,13.192542
0.0,5,13.192708
0.0,12,13.193029
0.0,13,13.193369
0.0,26,13.193977
1.0,12,13.194299
0.0,1,13.194376
0.0,2,13.194483
1.0,9,13.194747
0.0,26,13.195367
0.0,3,13.19549
0.0,11,13.195779
0.0,10,13.196066
0.0,7,13.196276
1.0,11,13.19657
1.0,8,13.196805
0.0,4,13.196955
0.0,1,13.19704
0.0,2,13.197145
0.0,4,13.197294
0.0,34,13.19808
0.0,9,13.198334
0.0,2,13.198434
0.0,10,13.198703
0.0,1,13.19878
0.0,2,13.198887
0.0,17,13.199322
0.0,9,13.199573
0.0,2,13.199678
0.0,7,13.199886
1.0,11,13.200199
0.0,21,13.200692
0.0,10,13.200972
0.0,6,13.201166
1.0,20,13.20164
0.0,10,13.201916
0.0,4,13.202076
0.0,8,13.202315
0.0,4,13.202459
1.0,22,13.202988
0.0,17,13.203418
1.0,14,13.20377
0.0,8,13.204012
0.0,5,13.204182
0.0,1,13.20426
1.0,6,13.204446
0.0,12,13.204762
1.0,18,13.205222
1.0,12,13.205544
0.0,6,13.205739
0.0,8,13.205976
0.0,6,13.206176
0.0,9,13.206436
0.0,20,13.206925
0.0,7,13.207147
0.0,4,13.207292
0.0,14,13.207654
0.0,14,13.208016
1.0,11,13.208314
0.0,3,13.208442
0.0,6,13.208637
0.0,8,13.208868
0.0,1,13.208949
0.0,10,13.209238
0.0,6,13.20944
0.0,4,13.209591
0.0,1,13.209668
0.0,11,13.209969
0.0,1,13.210055
0.0,1,13.210134
0.0,7,13.210343
0.0,10,13.210626
0.0,7,13.210834
0.0,9,13.211105
1.0,29,13.211794
0.0,4,13.211944
0.0,2,13.21206
0.0,14,13.212419
0.0,3,13.21254
0.0,1,13.212621
0.0,16,13.213042
0.0,7,13.213252
0.0,4,13.213403
0.0,4,13.213549
0.0,1,13.213624
0.0,13,13.213971
0.0,2,13.214087
0.0,7,13.214302
0.0,6,13.214494
0.0,10,13.214767
0.0,11,13.215084
0.0,4,13.21523
0.0,14,13.215587
0.0,5,13.215752
0.0,6,13.215942
0.0,12,13.216275
0.0,4,13.216425
0.0,8,13.216659
0.0,7,13.216874
0.0,5,13.217052
0.0,8,13.21729
0.0,7,13.217502
0.0,5,13.217667
0.0,11,13.21796
0.0,10,13.218245
0.0,8,13.218487
0.0,3,13.218615
0.0,9,13.218872
0.0,4,13.219024
0.0,7,13.219233
0.0,2,13.219335
0.0,5,13.219499
0.0,4,13.219642
0.0,4,13.219791
0.0,9,13.220067
0.0,6,13.220269
0.0,8,13.2205
0.0,1,13.220578
0.0,13,13.220919
0.0,1,13.221
0.0,2,13.221116
0.0,1,13.221195
0.0,6,13.22139
0.0,13,13.221733
0.0,11,13.222046
0.0,2,13.222211
0.0,14,13.222604
0.0,4,13.222751
0.0,20,13.223266
0.0,8,13.223503
0.0,7,13.223714
0.0,5,13.223877
0.0,5,13.224055
0.0,4,13.224201
0.0,5,13.224364
0.0,3,13.224487
0.0,1,13.224561
0.0,9,13.22481
0.0,3,13.22494
0.0,4,13.225092
0.0,15,13.225471
0.0,5,13.225636
0.0,38,13.226499
0.0,18,13.226936
0.0,7,13.227149
0.0,27,13.227766
0.0,15,13.228147
0.0,5,13.228312
0.0,6,13.228496
0.0,9,13.228752
0.0,5,13.228928
0.0,12,13.229254
1.0,17,13.229668
0.0,4,13.229819
0.0,8,13.230069
0.0,5,13.230236
0.0,14,13.230598
0.0,11,13.230891
0.0,3,13.231021
0.0,11,13.23132
0.0,6,13.231513
0.0,3,13.231634
1.0,13,13.23197
0.0,2,13.232079
0.0,16,13.232485
0.0,8,13.23272
0.0,5,13.23289
0.0,6,13.233096
0.0,2,13.233198
0.0,2,13.233309
0.0,26,13.233923
0.0,19,13.234398
0.0,15,13.234787
0.0,6,13.234977
0.0,6,13.235178
1.0,28,13.23583
0.0,6,13.23603
0.0,1,13.236108
0.0,1,13.236188
0.0,2,13.236293
0.0,2,13.236394
0.0,9,13.236645
0.0,5,13.236814
0.0,5,13.236989
0.0,19,13.237461
0.0,30,13.23816
0.0,16,13.238557
0.0,20,13.239052
0.0,29,13.239735
0.0,18,13.240184
0.0,17,13.240603
0.0,1,13.240683
0.0,20,13.241181
0.0,10,13.241457
0.0,4,13.241598
0.0,8,13.241836
0.0,28,13.2425
0.0,2,13.242602
1.0,35,13.2434
0.0,12,13.243721
0.0,8,13.243955
0.0,11,13.244267
0.0,4,13.244413
0.0,10,13.244692
0.0,5,13.244861
0.0,3,13.244991
0.0,6,13.245197
0.0,3,13.245321
0.0,8,13.245558
0.0,3,13.24568
0.0,11,13.245985
0.0,10,13.246269
0.0,16,13.246668
0.0,3,13.246789
1.0,20,13.24729
0.0,2,13.247392
0.0,8,13.247619
0.0,1,13.247699
0.0,6,13.247892
0.0,5,13.248073
0.0,4,13.248225
0.0,26,13.248834
0.0,1,13.248914
1.0,11,13.249215
0.0,1,13.249291
0.0,4,13.249441
0.0,4,13.249588
0.0,4,13.249737
0.0,19,13.250214
1.0,22,13.250738
0.0,18,13.251189
0.0,1,13.251267
0.0,10,13.251547
0.0,3,13.251668
0.0,8,13.251895
1.0,13,13.252233
0.0,10,13.252502
0.0,18,13.252945
0.0,19,13.25342
0.0,10,13.253698
0.0,11,13.253993
0.0,8,13.254231
0.0,5,13.254401
0.0,9,13.254653
0.0,10,13.25493
0.0,4,13.25509
0.0,13,13.255431
0.0,53,13.256626
0.0,6,13.256817
0.0,6,13.257017
0.0,13,13.257357
0.0,7,13.257568
0.0,7,13.257772
0.0,3,13.257893
0.0,3,13.258028
0.0,3,13.258156
0.0,6,13.258343
0.0,2,13.258441
0.0,4,13.258584
0.0,5,13.258753
0.0,6,13.258945
0.0,8,13.259188
0.0,3,13.259312
0.0,3,13.259438
0.0,3,13.25956
0.0,1,13.259635
0.0,2,13.259735
0.0,2,13.259842
0.0,19,13.260315
1.0,14,13.260679
0.0,16,13.261082
0.0,20,13.261568
0.0,9,13.26183
0.0,7,13.262048
0.0,8,13.262283
0.0,1,13.262364
0.0,9,13.262625
0.0,18,13.263077
0.0,5,13.263244
0.0,7,13.263455
0.0,1,13.26353
0.0,1,13.263606
0.0,14,13.263962
0.0,4,13.264119
0.0,3,13.264242
0.0,8,13.264467
0.0,4,13.264617
0.0,1,13.264693
0.0,8,13.264919
0.0,3,13.265051
0.0,13,13.265396
0.0,8,13.265623
0.0,11,13.265922
1.0,10,13.266211
0.0,8,13.266447
0.0,8,13.26668
0.0,8,13.266918
0.0,7,13.267132
0.0,4,13.267282
0.0,22,13.267813
0.0,8,13.268054
0.0,4,13.26821
0.0,4,13.268352
1.0,29,13.269027
0.0,11,13.26932
1.0,16,13.269723
0.0,12,13.270046
0.0,14,13.270411
0.0,3,13.270537
1.0,13,13.270868
0.0,6,13.27107
0.0,1,13.271152
0.0,12,13.271466
0.0,5,13.27163
0.0,6,13.271819
0.0,14,13.272195
0.0,6,13.272387
0.0,3,13.272514
0.0,3,13.272637
0.0,5,13.272812
0.0,4,13.272957
0.0,2,13.273069
0.0,5,13.273237
1.0,6,13.273422
0.0,1,13.273496
0.0,7,13.273706
0.0,1,13.273781
0.0,1,13.27386
0.0,3,13.273985
0.0,10,13.274267
0.0,2,13.274368
0.0,10,13.274647
0.0,3,13.274767
0.0,16,13.275169
0.0,10,13.275436
0.0,1,13.275511
0.0,1,13.275587
0.0,4,13.275737
0.0,4,13.275881
0.0,15,13.276273
0.0,1,13.276351
0.0,7,13.276573
0.0,4,13.276716
0.0,7,13.27693
1.0,11,13.277242
0.0,4,13.277387
0.0,13,13.277721
0.0,22,13.278259
0.0,19,13.278727
0.0,11,13.279024
0.0,6,13.27921
0.0,8,13.279438
0.0,14,13.2798
0.0,13,13.280156
0.0,4,13.280303
0.0,11,13.280607
0.0,5,13.280773
0.0,1,13.280853
0.0,7,13.281076
0.0,10,13.281354
0.0,9,13.281603
0.0,3,13.281725
0.0,7,13.281932
0.0,8,13.282171
0.0,3,13.282294
0.0,3,13.282417
0.0,4,13.282566
0.0,3,13.282693
0.0,4,13.282838
0.0,2,13.282938
0.0,14,13.283301
0.0,12,13.283617
0.0,5,13.283781
0.0,5,13.28395
0.0,15,13.284345
0.0,15,13.284724
0.0,7,13.284932
0.0,23,13.285486
0.0,5,13.285658
0.0,1,13.285734
0.0,17,13.286165
0.0,7,13.286374
0.0,5,13.286539
0.0,4,13.286684
0.0,6,13.28688
0.0,1,13.286962
0.0,14,13.287338
1.0,19,13.287815
0.0,20,13.288297
0.0,4,13.288443
0.0,1,13.288523
0.0,13,13.288863
0.0,13,13.289206
1.0,11,13.289508
0.0,11,13.289816
0.0,26,13.290447
0.0,8,13.290689
0.0,4,13.290841
0.0,5,13.291024
0.0,6,13.291219
0.0,1,13.2913
0.0,1,13.291379
0.0,4,13.291524
0.0,5,13.291689
0.0,7,13.291898
0.0,3,13.292029
0.0,9,13.292283
0.0,5,13.292459
0.0,3,13.292583
0.0,1,13.292659
0.0,1,13.292736
0.0,29,13.293421
0.0,2,13.293529
0.0,10,13.293809
0.0,5,13.293981
0.0,4,13.294139
0.0,7,13.294348
0.0,8,13.294585
0.0,7,13.294795
0.0,5,13.294963
0.0,3,13.295101
0.0,11,13.295402
0.0,1,13.29548
0.0,21,13.295979
0.0,4,13.296136
0.0,11,13.296441
0.0,12,13.29676
0.0,6,13.296952
0.0,1,13.29704
0.0,13,13.297376
0.0,6,13.297561
0.0,11,13.297864
0.0,3,13.297987
0.0,9,13.298247
0.0,9,13.298498
0.0,3,13.298625
1.0,8,13.298859
0.0,15,13.299246
0.0,7,13.299454
0.0,4,13.299603
0.0,2,13.299704
0.0,4,13.299847
0.0,5,13.300024
0.0,15,13.300401
0.0,12,13.300716
0.0,5,13.300881
0.0,54,13.302099
0.0,28,13.302743
0.0,6,13.302934
0.0,13,13.303276
0.0,11,13.303567
0.0,10,13.303851
0.0,9,13.30412
0.0,2,13.304227
0.0,11,13.304518
0.0,12,13.304834
0.0,1,13.304911
0.0,4,13.305065
0.0,5,13.305231
0.0,3,13.305352
0.0,10,13.305622
0.0,8,13.305848
0.0,2,13.305947
0.0,5,13.30612
0.0,2,13.306227
0.0,1,13.306304
0.0,13,13.306639
0.0,22,13.307183
0.0,2,13.307286
0.0,29,13.307956
0.0,4,13.308118
1.0,12,13.308444
1.0,38,13.309313
0.0,11,13.309609
0.0,5,13.30978
0.0,10,13.310072
0.0,2,13.31018
0.0,17,13.310595
0.0,18,13.311041
0.0,5,13.311209
0.0,6,13.311396
0.0,3,13.311518
0.0,7,13.311731
0.0,21,13.312248
0.0,20,13.312736
0.0,13,13.313087
0.0,3,13.313212
0.0,3,13.313338
0.0,1,13.313414
0.0,2,13.313515
0.0,21,13.314026
0.0,4,13.31417
0.0,1,13.314246
0.0,5,13.314418
1.0,25,13.315032
0.0,28,13.315673
0.0,14,13.316051
0.0,6,13.316245
0.0,12,13.316558
0.0,6,13.316748
0.0,12,13.317085
0.0,2,13.317193
0.0,6,13.317381
0.0,18,13.317821
0.0,16,13.31824
0.0,6,13.318457
0.0,2,13.318563
0.0,2,13.318668
1.0,23,13.31924
0.0,15,13.319622
1.0,20,13.320131
0.0,6,13.320319
0.0,5,13.320487
1.0,7,13.320702
0.0,2,13.320807
0.0,7,13.321035
0.0,8,13.321279
0.0,7,13.321497
0.0,5,13.321663
0.0,4,13.321811
0.0,7,13.322033
0.0,1,13.322112
0.0,4,13.322324
0.0,13,13.322702
0.0,2,13.322806
0.0,2,13.322906
1.0,17,13.323351
0.0,11,13.323645
0.0,6,13.323841
0.0,10,13.324134
0.0,4,13.32428
1.0,11,13.324572
0.0,5,13.324743
0.0,7,13.324955
0.0,1,13.325042
0.0,8,13.325281
0.0,6,13.325469
0.0,10,13.325745
1.0,13,13.326087
0.0,1,13.326164
0.0,16,13.326569
0.0,3,13.326692
0.0,11,13.326988
0.0,32,13.327742
0.0,15,13.328138
0.0,2,13.328245
0.0,2,13.328351
0.0,6,13.328539
0.0,21,13.329065
0.0,1,13.329144
0.0,1,13.329225
0.0,5,13.329402
0.0,29,13.330088
0.0,13,13.330424
0.0,2,13.330546
0.0,11,13.330839
0.0,5,13.331016
0.0,10,13.331293
1.0,14,13.331652
0.0,3,13.33178
0.0,2,13.33188
0.0,5,13.332061
0.0,1,13.332139
0.0,19,13.332607
1.0,24,13.333175
0.0,15,13.333555
0.0,7,13.33376
0.0,6,13.333951
0.0,5,13.334126
0.0,1,13.334208
0.0,4,13.334353
0.0,2,13.334453
0.0,11,13.334749
0.0,9,13.335016
0.0,6,13.335208
0.0,9,13.335457
0.0,7,13.335667
1.0,18,13.336117
0.0,30,13.336806
0.0,33,13.337569
0.0,18,13.33803
0.0,4,13.338181
0.0,7,13.338394
0.0,8,13.338618
0.0,12,13.33894
0.0,10,13.339224
0.0,4,13.339368
1.0,11,13.339666
0.0,26,13.340285
0.0,11,13.340582
0.0,19,13.341055
0.0,5,13.341226
0.0,19,13.341688
0.0,4,13.341835
1.0,7,13.342057
0.0,6,13.342249
0.0,2,13.342349
0.0,9,13.342604
0.0,11,13.342897
0.0,13,13.343251
0.0,3,13.343374
1.0,26,13.343967
0.0,8,13.344206
0.0,4,13.344357
0.0,6,13.344543
0.0,19,13.345011
0.0,3,13.34514
0.0,17,13.345574
0.0,11,13.345867
0.0,1,13.345944
0.0,3,13.34608
0.0,4,13.34623
0.0,14,13.346585
0.0,10,13.346851
0.0,15,13.347241
0.0,7,13.347449
0.0,8,13.347685
0.0,10,13.347954
0.0,13,13.348291
0.0,12,13.348605
0.0,9,13.348855
1.0,19,13.349324
1.0,10,13.3496
0.0,14,13.349949
1.0,23,13.350513
0.0,18,13.350965
0.0,9,13.351224
0.0,8,13.351452
0.0,19,13.351919
0.0,13,13.352268
0.0,10,13.352552
0.0,6,13.35274
0.0,21,13.353257
0.0,9,13.353512
0.0,4,13.35366
0.0,9,13.353915
0.0,5,13.354088
0.0,10,13.354364
0.0,6,13.354548
0.0,11,13.354845
0.0,14,13.355201
0.0,4,13.355345
0.0,1,13.35542
0.0,4,13.355573
1.0,20,13.35606
0.0,6,13.356246
0.0,9,13.356493
0.0,3,13.356613
0.0,14,13.35697
0.0,4,13.357124
0.0,3,13.357248
0.0,7,13.357453
0.0,8,13.357678
0.0,18,13.35814
0.0,32,13.358882
0.0,19,13.359349
0.0,6,13.359536
0.0,11,13.359827
0.0,11,13.360137
0.0,4,13.360286
0.0,12,13.360602
0.0,21,13.361114
0.0,9,13.361365
0.0,10,13.361644
0.0,16,13.362047
0.0,9,13.362294
1.0,23,13.362834
0.0,4,13.362976
0.0,11,13.36328
0.0,3,13.363407
0.0,10,13.363688
0.0,18,13.364144
0.0,4,13.364289
0.0,18,13.364731
0.0,3,13.364854
0.0,1,13.364929
0.0,12,13.365256
0.0,31,13.365967
0.0,21,13.36648
0.0,14,13.366838
0.0,1,13.366914
0.0,17,13.367351
0.0,7,13.36756
0.0,11,13.367852
0.0,6,13.368047
0.0,4,13.368191
0.0,4,13.368334
0.0,20,13.368804
0.0,28,13.369459
0.0,7,13.369675
0.0,4,13.36982
0.0,4,13.369963
0.0,18,13.370417
0.0,15,13.370792
0.0,3,13.370914
0.0,6,13.371108
0.0,2,13.371214
0.0,19,13.371691
0.0,13,13.372037
0.0,23,13.372577
0.0,9,13.372828
0.0,19,13.37331
0.0,6,13.373504
0.0,21,13.37401
0.0,21,13.374506
0.0,12,13.374813
0.0,4,13.37496
0.0,7,13.375174
0.0,2,13.375279
0.0,1,13.375356
0.0,12,13.375677
0.0,8,13.375907
0.0,3,13.376042
0.0,3,13.376166
0.0,16,13.376566
0.0,1,13.376646
0.0,16,13.377051
1.0,11,13.377341
0.0,28,13.377988
0.0,7,13.3782
0.0,13,13.378529
0.0,21,13.379049
0.0,10,13.379324
1.0,61,13.380675
0.0,8,13.380902
0.0,11,13.381209
0.0,13,13.381549
0.0,9,13.381795
0.0,3,13.38192
0.0,5,13.382097
0.0,19,13.382556
0.0,6,13.382739
0.0,19,13.38322
0.0,8,13.383446
0.0,19,13.383907
0.0,8,13.384147
0.0,3,13.384276
0.0,8,13.384509
0.0,1,13.384584
0.0,7,13.38479
0.0,6,13.384973
0.0,8,13.385212
0.0,2,13.385314
0.0,7,13.385528
0.0,5,13.385692
0.0,10,13.385961
0.0,14,13.386323
0.0,15,13.386696
0.0,8,13.386926
0.0,8,13.387171
0.0,8,13.387406
0.0,4,13.387553
0.0,4,13.387704
0.0,5,13.387879
0.0,1,13.387955
0.0,1,13.38804
0.0,1,13.388118
0.0,1,13.388193
0.0,3,13.388321
0.0,1,13.388397
0.0,2,13.388496
0.0,4,13.388639
0.0,3,13.388764
0.0,3,13.388886
0.0,1,13.388961
0.0,18,13.389412
0.0,1,13.389489
0.0,3,13.389611
0.0,5,13.389773
0.0,10,13.390059
0.0,2,13.39016
0.0,11,13.390455
0.0,4,13.390598
0.0,1,13.390673
0.0,2,13.390774
0.0,4,13.390922
0.0,2,13.391038
0.0,6,13.391231
0.0,26,13.391845
0.0,5,13.392017
0.0,4,13.392162
0.0,3,13.392283
0.0,6,13.392469
0.0,1,13.392549
0.0,2,13.392652
0.0,2,13.392751
0.0,9,13.393017
0.0,3,13.393147
0.0,4,13.393295
0.0,5,13.393461
0.0,1,13.393536
0.0,2,13.393643
0.0,3,13.393766
0.0,1,13.393842
0.0,3,13.393969
0.0,3,13.394106
0.0,4,13.394252
0.0,12,13.394571
0.0,3,13.394699
0.0,12,13.39503
0.0,15,13.395411
0.0,4,13.395563
0.0,4,13.395707
0.0,4,13.395858
0.0,2,13.395963
0.0,2,13.396076
0.0,11,13.396372
0.0,8,13.396604
0.0,2,13.396704
0.0,11,13.397018
0.0,20,13.397508
0.0,5,13.397674
0.0,2,13.397773
0.0,27,13.398396
0.0,3,13.398518
1.0,27,13.399162
0.0,4,13.399308
0.0,1,13.399384
0.0,3,13.399506
0.0,1,13.399586
0.0,7,13.399806
0.0,5,13.399971
0.0,10,13.400249
0.0,3,13.400379
0.0,7,13.400588
1.0,38,13.401462
0.0,6,13.401653
0.0,7,13.401868
0.0,13,13.402218
0.0,6,13.40242
0.0,3,13.402547
0.0,14,13.402931
0.0,7,13.403157
0.0,8,13.403396
0.0,7,13.403613
0.0,21,13.404129
0.0,5,13.404302
0.0,6,13.404491
0.0,9,13.404747
0.0,3,13.404871
0.0,3,13.404993
0.0,2,13.405102
0.0,1,13.405179
0.0,6,13.405366
0.0,2,13.405472
0.0,7,13.40568
1.0,55,13.406915
0.0,12,13.407245
0.0,12,13.407569
0.0,4,13.407718
0.0,9,13.407968
0.0,10,13.408241
0.0,13,13.408576
0.0,4,13.408725
0.0,4,13.408868
0.0,3,13.408995
0.0,5,13.409178
0.0,10,13.409471
0.0,6,13.409658
0.0,2,13.409759
0.0,11,13.410071
0.0,15,13.410449
0.0,18,13.410901
1.0,9,13.41116
0.0,5,13.411333
0.0,10,13.41161
0.0,30,13.412323
0.0,4,13.41247
0.0,6,13.412656
0.0,13,13.412985
0.0,17,13.413419
1.0,10,13.413695
0.0,3,13.413821
0.0,1,13.413898
0.0,4,13.414053
0.0,9,13.41431
0.0,3,13.414433
0.0,1,13.41451
0.0,5,13.414676
0.0,9,13.414931
0.0,1,13.415017
0.0,1,13.415106
1.0,10,13.415385
0.0,1,13.415462
0.0,3,13.415584
0.0,4,13.415731
0.0,1,13.415808
0.0,1,13.415884
0.0,2,13.41599
0.0,8,13.416241
0.0,2,13.416347
0.0,3,13.41647
0.0,2,13.416571
0.0,2,13.416671
0.0,11,13.416973
1.0,14,13.417337
0.0,4,13.41748
0.0,1,13.417558
0.0,5,13.417724
0.0,3,13.417848
0.0,14,13.41821
0.0,7,13.418419
0.0,7,13.418626
0.0,2,13.418726
0.0,8,13.418959
0.0,8,13.419193
0.0,5,13.419364
0.0,2,13.419465
1.0,9,13.41972
0.0,4,13.41987
0.0,3,13.42
0.0,3,13.420137
0.0,2,13.420238
0.0,5,13.420402
0.0,4,13.420546
0.0,12,13.420871
0.0,5,13.421054
0.0,30,13.421746
1.0,11,13.422059
0.0,25,13.422649
0.0,5,13.422883
0.0,7,13.423126
0.0,6,13.42333
0.0,5,13.423499
1.0,20,13.423991
0.0,3,13.424125
0.0,13,13.424466
0.0,6,13.424661
0.0,8,13.424897
0.0,5,13.425078
0.0,6,13.425273
0.0,5,13.425447
0.0,7,13.425662
0.0,4,13.425805
0.0,33,13.426573
0.0,49,13.427705
0.0,2,13.427808
0.0,4,13.427955
0.0,9,13.428216
0.0,5,13.428382
0.0,17,13.428808
0.0,6,13.429
0.0,13,13.429365
0.0,3,13.429489
0.0,2,13.429595
0.0,5,13.42976
0.0,3,13.429882
0.0,1,13.429958
0.0,5,13.430142
0.0,6,13.430335
0.0,2,13.430436
0.0,4,13.430585
0.0,3,13.430709
0.0,10,13.430986
0.0,5,13.431162
0.0,7,13.431374
0.0,1,13.431454
0.0,8,13.431691
0.0,3,13.431815
0.0,4,13.431963
0.0,2,13.432071
0.0,21,13.432596
0.0,12,13.432917
0.0,12,13.433242
0.0,26,13.433855
0.0,11,13.434158
0.0,38,13.435032
0.0,7,13.43524
0.0,4,13.435389
0.0,1,13.435466
0.0,16,13.43586
0.0,2,13.435964
0.0,7,13.436187
0.0,23,13.436741
0.0,6,13.436927
0.0,11,13.437237
0.0,1,13.437314
0.0,4,13.437465
0.0,7,13.437678
0.0,25,13.438275
0.0,18,13.438728
0.0,5,13.438894
0.0,11,13.439205
0.0,9,13.439471
1.0,17,13.439901
0.0,2,13.44001
0.0,2,13.440113
0.0,29,13.440789
0.0,31,13.441518
0.0,12,13.441843
0.0,5,13.442016
0.0,31,13.44274
0.0,11,13.443042
0.0,5,13.443207
0.0,6,13.443398
0.0,1,13.443474
0.0,4,13.443618
0.0,13,13.443948
0.0,12,13.444282
0.0,5,13.444448
0.0,2,13.444548
0.0,7,13.444759
0.0,8,13.444986
0.0,6,13.445188
0.0,4,13.445337
0.0,6,13.445527
0.0,4,13.445671
0.0,3,13.445792
0.0,4,13.445935
0.0,4,13.446091
0.0,32,13.446853
0.0,3,13.446977
0.0,41,13.447903
0.0,22,13.448447
0.0,25,13.449055
0.0,4,13.449198
0.0,13,13.449537
1.0,21,13.450052
0.0,3,13.450176
0.0,27,13.45081
0.0,2,13.450911
0.0,18,13.45136
0.0,14,13.451719
0.0,1,13.451796
0.0,2,13.451901
0.0,4,13.45206
1.0,17,13.452485
0.0,18,13.452931
0.0,10,13.45321
0.0,2,13.453315
0.0,3,13.453442
0.0,15,13.453827
0.0,7,13.454049
0.0,11,13.454343
1.0,17,13.454763
0.0,10,13.455047
0.0,4,13.455193
0.0,10,13.455463
0.0,2,13.455568
0.0,14,13.455937
0.0,5,13.456113
0.0,10,13.456399
0.0,56,13.457645
0.0,3,13.457769
0.0,6,13.457962
0.0,1,13.458047
0.0,1,13.458128
0.0,3,13.458251
0.0,3,13.458378
0.0,3,13.458499
0.0,15,13.458887
0.0,3,13.459017
0.0,1,13.459095
0.0,12,13.459424
0.0,5,13.45959
0.0,1,13.459666
0.0,4,13.45981
0.0,8,13.460055
0.0,3,13.460184
0.0,7,13.460392
0.0,13,13.460723
0.0,3,13.460844
0.0,1,13.460923
0.0,11,13.461223
0.0,10,13.461497
0.0,4,13.461643
0.0,10,13.461918
0.0,7,13.462132
0.0,32,13.462873
0.0,1,13.462953
0.0,4,13.463113
1.0,33,13.463876
1.0,9,13.46414
0.0,13,13.464474
0.0,5,13.464639
0.0,1,13.464715
1.0,16,13.465117
0.0,1,13.465192
0.0,12,13.465506
1.0,13,13.465847
0.0,3,13.465974
0.0,4,13.466132
0.0,11,13.466426
0.0,17,13.466856
0.0,5,13.467032
0.0,15,13.467412
0.0,16,13.46782
0.0,7,13.468037
0.0,12,13.468351
0.0,7,13.46856
0.0,1,13.46864
0.0,6,13.468833
0.0,5,13.469011
0.0,11,13.469317
0.0,7,13.469529
0.0,3,13.469651
1.0,6,13.469842
0.0,11,13.47015
0.0,13,13.470483
0.0,12,13.470795
0.0,10,13.471077
0.0,20,13.471562
0.0,3,13.471685
0.0,11,13.471982
0.0,9,13.472251
0.0,5,13.472423
0.0,3,13.472548
0.0,12,13.472868
0.0,8,13.473109
0.0,16,13.473499
0.0,2,13.473603
0.0,9,13.473861
0.0,9,13.474127
0.0,10,13.474395
0.0,5,13.474557
0.0,6,13.474745
0.0,5,13.474909
0.0,3,13.475041
0.0,4,13.475192
0.0,5,13.475365
0.0,14,13.475727
0.0,9,13.475979
0.0,3,13.476109
0.0,1,13.476185
0.0,2,13.47629
0.0,4,13.476442
0.0,22,13.476969
0.0,11,13.477274
0.0,1,13.477355
0.0,5,13.477527
0.0,1,13.477604
0.0,6,13.477788
0.0,11,13.478095
0.0,3,13.478218
0.0,18,13.478664
0.0,11,13.478953
0.0,6,13.479155
0.0,23,13.479705
0.0,8,13.479933
0.0,2,13.480041
0.0,4,13.48019
1.0,10,13.480461
0.0,15,13.480843
0.0,36,13.481659
0.0,10,13.481929
1.0,30,13.482626
0.0,10,13.482905
0.0,8,13.48315
0.0,4,13.483301
0.0,11,13.483601
0.0,4,13.483746
0.0,16,13.48416
0.0,24,13.484738
0.0,5,13.484901
0.0,23,13.485452
0.0,24,13.486022
1.0,6,13.486214
0.0,1,13.486293
0.0,2,13.486394
0.0,7,13.486609
0.0,1,13.486686
0.0,3,13.486812
0.0,7,13.487027
0.0,22,13.48756
0.0,8,13.487794
0.0,3,13.487917
0.0,14,13.488292
0.0,3,13.488416
0.0,7,13.488623
0.0,6,13.488808
0.0,3,13.48893
0.0,9,13.489187
0.0,5,13.489353
0.0,3,13.489475
0.0,11,13.489762
0.0,4,13.48991
0.0,7,13.490135
0.0,18,13.490578
0.0,2,13.490682
0.0,7,13.490894
0.0,7,13.491115
0.0,8,13.491354
0.0,7,13.491567
0.0,1,13.491647
0.0,3,13.491776
0.0,2,13.491878
1.0,9,13.49215
0.0,5,13.492316
0.0,3,13.492443
0.0,15,13.492816
0.0,17,13.493253
0.0,5,13.493419
0.0,5,13.493592
0.0,3,13.493718
0.0,3,13.493841
0.0,7,13.494063
0.0,7,13.494269
0.0,5,13.494432
0.0,3,13.494553
0.0,14,13.494908
0.0,3,13.495038
0.0,14,13.495397
0.0,3,13.495521
0.0,5,13.49569
0.0,1,13.495767
0.0,1,13.495843
0.0,11,13.496153
0.0,3,13.496277
0.0,2,13.496382
0.0,4,13.496531
0.0,7,13.496735
0.0,7,13.496945
1.0,15,13.497345
0.0,2,13.497446
0.0,13,13.497775
0.0,6,13.497961
0.0,22,13.498499
0.0,21,13.49902
0.0,8,13.499259
0.0,27,13.49988
0.0,10,13.50016
0.0,4,13.500311
0.0,3,13.500432
0.0,4,13.500586
0.0,5,13.500757
0.0,5,13.500924
0.0,1,13.50101
0.0,13,13.501356
0.0,5,13.501521
0.0,11,13.501818
1.0,11,13.502132
0.0,4,13.502282
0.0,4,13.502427
0.0,21,13.502941
0.0,11,13.503246
0.0,16,13.503646
0.0,6,13.503833
0.0,10,13.504116
0.0,6,13.50431
0.0,4,13.504458
1.0,8,13.504688
0.0,6,13.504878
0.0,18,13.505329
0.0,1,13.50541
0.0,4,13.505561
0.0,34,13.506352
0.0,19,13.50681
0.0,22,13.507343
0.0,28,13.507985
0.0,5,13.508166
0.0,3,13.508289
0.0,7,13.508503
0.0,5,13.508676
0.0,5,13.508847
0.0,6,13.509048
0.0,17,13.509477
0.0,20,13.509951
1.0,9,13.510212
1.0,17,13.510638
0.0,5,13.510802
0.0,4,13.510947
0.0,11,13.511255
0.0,7,13.511466
0.0,6,13.511653
0.0,8,13.511886
0.0,5,13.512063
0.0,29,13.512743
0.0,1,13.512825
0.0,20,13.513329
0.0,10,13.513601
0.0,16,13.513998
0.0,27,13.514643
0.0,14,13.515017
0.0,13,13.515363
0.0,8,13.515597
0.0,3,13.515721
0.0,1,13.515799
0.0,4,13.515949
0.0,5,13.516124
0.0,6,13.516319
0.0,2,13.516423
0.0,8,13.516663
0.0,7,13.516876
0.0,9,13.517136
0.0,2,13.517243
0.0,11,13.517546
0.0,8,13.517775
0.0,24,13.518357
0.0,10,13.518627
0.0,11,13.518926
0.0,14,13.519294
0.0,6,13.519489
0.0,4,13.519639
0.0,2,13.519745
0.0,16,13.520156
0.0,5,13.520323
0.0,5,13.520494
0.0,9,13.520743
0.0,4,13.520892
0.0,4,13.521045
0.0,4,13.521197
0.0,2,13.521302
1.0,18,13.521762
0.0,3,13.521885
0.0,6,13.522087
0.0,7,13.522304
0.0,9,13.52257
0.0,21,13.523088
0.0,11,13.523474
0.0,3,13.523605
0.0,1,13.523687
0.0,1,13.523769
0.0,6,13.523967
1.0,32,13.52472
0.0,13,13.525076
1.0,16,13.525478
1.0,30,13.526197
0.0,12,13.526512
0.0,8,13.526746
0.0,8,13.526981
0.0,21,13.527495
1.0,39,13.52838
0.0,8,13.528612
1.0,35,13.529429
0.0,14,13.529795
0.0,5,13.529958
0.0,6,13.530164
0.0,3,13.53029
1.0,15,13.530699
0.0,4,13.530843
0.0,7,13.53106
0.0,12,13.53137
0.0,3,13.531497
0.0,5,13.531662
0.0,2,13.531767
0.0,7,13.531983
0.0,10,13.532261
0.0,2,13.532367
0.0,6,13.532553
0.0,3,13.532674
0.0,12,13.532982
0.0,4,13.533139
0.0,2,13.533241
0.0,30,13.533943
0.0,3,13.534073
0.0,1,13.53415
0.0,2,13.53425
0.0,1,13.534325
0.0,2,13.534433
0.0,13,13.534776
0.0,5,13.53494
0.0,6,13.535142
0.0,25,13.53573
0.0,14,13.536102
0.0,4,13.536246
0.0,7,13.536455
0.0,5,13.536619
0.0,1,13.536704
0.0,2,13.536806
0.0,5,13.536976
0.0,6,13.537179
0.0,8,13.537406
0.0,5,13.537569
1.0,22,13.538104
0.0,6,13.538292
0.0,2,13.538392
1.0,10,13.538663
0.0,10,13.538937
0.0,6,13.539132
0.0,3,13.539263
0.0,2,13.539367
0.0,9,13.539623
0.0,3,13.539744
0.0,12,13.540077
1.0,26,13.540691
0.0,1,13.540767
0.0,2,13.540872
0.0,7,13.541091
0.0,6,13.54129
0.0,2,13.54139
0.0,3,13.541516
0.0,6,13.541701
0.0,3,13.541822
0.0,7,13.542037
0.0,5,13.542205
0.0,9,13.542455
0.0,1,13.542531
0.0,7,13.542744
0.0,6,13.542936
0.0,38,13.543809
0.0,10,13.544102
0.0,22,13.54464
0.0,8,13.544874
0.0,10,13.545165
0.0,13,13.545497
0.0,14,13.545863
0.0,14,13.546237
0.0,18,13.54669
0.0,6,13.546877
0.0,24,13.547453
0.0,9,13.547703
0.0,8,13.547937
0.0,14,13.548306
0.0,26,13.548931
0.0,10,13.549213
0.0,4,13.549356
0.0,9,13.549609
1.0,17,13.550033
0.0,5,13.550199
1.0,9,13.550447
0.0,6,13.55063
0.0,15,13.551016
0.0,9,13.551272
0.0,3,13.551399
0.0,13,13.551731
0.0,14,13.5521
0.0,6,13.552299
0.0,3,13.552422
0.0,3,13.552548
0.0,9,13.55281
0.0,1,13.552887
0.0,11,13.553191
0.0,5,13.553365
0.0,10,13.553645
0.0,5,13.553815
0.0,15,13.554198
0.0,8,13.55443
0.0,3,13.554551
0.0,8,13.554778
0.0,5,13.554942
0.0,4,13.555094
0.0,7,13.555312
0.0,8,13.555546
0.0,10,13.555822
0.0,31,13.55654
0.0,11,13.556838
0.0,19,13.557323
0.0,5,13.557489
1.0,13,13.557827
0.0,31,13.558561
0.0,14,13.55892
0.0,7,13.559142
0.0,8,13.559378
0.0,3,13.559504
0.0,24,13.56008
0.0,4,13.560225
0.0,4,13.560369
0.0,15,13.560746
0.0,23,13.561302
1.0,9,13.561552
1.0,13,13.561882
0.0,4,13.562042
0.0,3,13.562165
0.0,23,13.5627
0.0,13,13.563043
0.0,3,13.563174
0.0,4,13.56332
1.0,14,13.563679
0.0,15,13.564064
0.0,1,13.564141
0.0,19,13.564605
0.0,1,13.564685
0.0,7,13.564892
0.0,19,13.565356
0.0,9,13.565609
0.0,2,13.565708
0.0,10,13.565983
0.0,9,13.566243
0.0,1,13.566324
0.0,9,13.566573
0.0,7,13.566793
0.0,9,13.567059
0.0,9,13.567315
0.0,3,13.567441
0.0,6,13.567632
0.0,10,13.56791
0.0,19,13.568392
0.0,3,13.568516
0.0,20,13.569013
0.0,17,13.569431
0.0,2,13.569531
0.0,6,13.569724
0.0,2,13.569829
1.0,10,13.570111
1.0,8,13.57034
0.0,3,13.57047
0.0,5,13.570637
0.0,6,13.570821
0.0,1,13.570897
0.0,2,13.570997
0.0,7,13.571222
0.0,4,13.571366
0.0,5,13.571537
0.0,21,13.572056
0.0,26,13.572677
0.0,26,13.573293
0.0,19,13.573761
0.0,7,13.573973
0.0,4,13.574122
1.0,15,13.574499
0.0,7,13.574714
0.0,2,13.574819
0.0,3,13.574946
0.0,6,13.575145
0.0,8,13.575374
0.0,16,13.575782
0.0,1,13.575858
0.0,2,13.575962
1.0,21,13.576481
0.0,3,13.576605
0.0,5,13.576776
0.0,6,13.576972
0.0,1,13.577061
1.0,26,13.577677
0.0,14,13.578037
1.0,18,13.578496
0.0,21,13.579008
1.0,19,13.579481
0.0,5,13.579645
0.0,21,13.580153
0.0,6,13.58035
1.0,13,13.58069
0.0,2,13.58079
0.0,8,13.581033
0.0,18,13.581482
0.0,9,13.581736
0.0,1,13.581812
0.0,7,13.582039
0.0,6,13.582224
0.0,26,13.582835
0.0,15,13.583226
0.0,16,13.583629
0.0,7,13.583842
0.0,42,13.584794
0.0,4,13.584944
0.0,12,13.585278
0.0,2,13.585384
0.0,10,13.585661
0.0,4,13.585804
0.0,20,13.586289
0.0,10,13.586568
0.0,6,13.586761
0.0,17,13.587203
0.0,10,13.587476
0.0,7,13.58768
0.0,8,13.58791
0.0,20,13.588412
0.0,8,13.588654
0.0,8,13.588883
0.0,5,13.589063
0.0,22,13.589593
1.0,12,13.589907
0.0,4,13.590061
0.0,13,13.590408
0.0,2,13.590508
0.0,5,13.590681
0.0,15,13.591066
0.0,20,13.591553
0.0,3,13.591674
0.0,3,13.591794
0.0,12,13.592124
0.0,24,13.592696
0.0,2,13.5928
0.0,4,13.592944
0.0,9,13.593208
0.0,5,13.593375
0.0,2,13.593475
0.0,22,13.59402
0.0,2,13.594122
0.0,3,13.594243
0.0,3,13.594364
0.0,19,13.594828
0.0,11,13.595136
0.0,7,13.595354
0.0,1,13.595433
0.0,4,13.595576
0.0,1,13.595656
0.0,7,13.595863
0.0,6,13.596065
0.0,21,13.596575
0.0,7,13.596787
0.0,7,13.596998
0.0,7,13.597223
0.0,3,13.597344
0.0,1,13.59742
0.0,27,13.598055
0.0,3,13.598189
0.0,3,13.598312
0.0,10,13.598584
0.0,2,13.598686
0.0,40,13.599609
1.0,28,13.600283
0.0,10,13.600564
0.0,4,13.600709
0.0,18,13.601166
1.0,7,13.601374
0.0,8,13.601599
0.0,9,13.601846
0.0,20,13.602338
0.0,9,13.602584
1.0,26,13.603194
0.0,39,13.604099
0.0,16,13.604502
0.0,4,13.604652
0.0,8,13.604884
0.0,9,13.605155
0.0,3,13.605279
0.0,3,13.605401
0.0,4,13.605549
0.0,1,13.605625
0.0,3,13.605752
0.0,14,13.60612
0.0,6,13.606314
0.0,7,13.606522
0.0,1,13.606597
0.0,1,13.606673
0.0,14,13.607041
0.0,1,13.607119
0.0,27,13.607762
0.0,1,13.607843
0.0,3,13.607967
0.0,3,13.608097
0.0,7,13.608312
0.0,3,13.608438
0.0,9,13.608687
0.0,3,13.608808
0.0,3,13.608935
0.0,2,13.609046
0.0,9,13.609316
0.0,1,13.609392
0.0,1,13.609472
0.0,5,13.609639
0.0,15,13.610022
0.0,17,13.610452
0.0,2,13.610553
0.0,4,13.610696
0.0,4,13.610837
0.0,20,13.611334
0.0,9,13.611584
0.0,8,13.611818
0.0,12,13.61215
0.0,4,13.612295
0.0,8,13.612521
0.0,6,13.612714
0.0,5,13.612886
0.0,11,13.613194
0.0,2,13.613297
0.0,1,13.613376
0.0,8,13.613606
0.0,4,13.613754
0.0,1,13.61383
0.0,1,13.613905
0.0,76,13.615596
0.0,6,13.61579
0.0,2,13.61589
0.0,15,13.616271
0.0,38,13.617145
0.0,10,13.617419
0.0,6,13.61761
1.0,20,13.618117
0.0,11,13.618418
0.0,17,13.618834
0.0,7,13.619085
0.0,5,13.619258
0.0,54,13.620474
0.0,6,13.620661
0.0,5,13.62083
0.0,5,13.620995
0.0,4,13.621147
0.0,5,13.621312
0.0,9,13.621564
0.0,5,13.62173
0.0,5,13.621901
0.0,2,13.62201
0.0,5,13.62218
0.0,5,13.622346
0.0,21,13.622856
0.0,3,13.62298
0.0,1,13.623065
0.0,5,13.623232
1.0,11,13.623613
0.0,13,13.623963
0.0,3,13.624097
0.0,11,13.624397
0.0,1,13.624474
0.0,9,13.624724
0.0,4,13.624867
1.0,24,13.625451
0.0,7,13.62566
0.0,16,13.626064
0.0,17,13.62649
0.0,17,13.626905
0.0,28,13.627571
0.0,1,13.627654
0.0,4,13.627801
0.0,3,13.627927
1.0,6,13.628126
0.0,8,13.628363
0.0,7,13.628583
0.0,1,13.62866
0.0,18,13.629128
0.0,24,13.629684
0.0,14,13.630045
0.0,21,13.630558
0.0,24,13.631138
0.0,7,13.631348
0.0,7,13.631552
0.0,16,13.631948
0.0,8,13.632182
0.0,3,13.632311
1.0,12,13.63262
0.0,15,13.632998
0.0,30,13.633698
0.0,9,13.633949
0.0,11,13.634253
0.0,9,13.634508
0.0,14,13.634867
0.0,7,13.635095
0.0,7,13.635303
0.0,18,13.635747
0.0,1,13.635822
0.0,6,13.636022
0.0,3,13.636146
0.0,6,13.636332
0.0,5,13.636496
0.0,7,13.636714
0.0,6,13.636906
0.0,7,13.637128
0.0,4,13.637273
0.0,17,13.637701
0.0,2,13.637801
0.0,1,13.637877
0.0,3,13.638001
0.0,11,13.638307
1.0,19,13.638767
0.0,7,13.638978
0.0,1,13.639067
0.0,7,13.639281
0.0,16,13.639681
0.0,7,13.639891
0.0,3,13.640027
0.0,13,13.640367
0.0,7,13.640572
0.0,9,13.640818
0.0,4,13.640962
0.0,14,13.641331
0.0,4,13.641478
0.0,2,13.641583
0.0,4,13.641727
0.0,4,13.64187
0.0,2,13.641969
0.0,11,13.642274
0.0,3,13.642397
0.0,20,13.642878
0.0,12,13.643198
0.0,2,13.6433
0.0,1,13.643376
0.0,2,13.643481
0.0,20,13.643979
0.0,6,13.644181
0.0,12,13.644502
0.0,2,13.644608
0.0,11,13.6449
0.0,7,13.645116
0.0,4,13.645261
0.0,13,13.645592
0.0,5,13.645757
0.0,13,13.6461
0.0,2,13.646201
0.0,3,13.646327
0.0,12,13.646644
0.0,5,13.64681
0.0,8,13.647056
0.0,48,13.648125
0.0,9,13.648383
0.0,4,13.648527
0.0,12,13.648844
0.0,2,13.648947
0.0,18,13.649408
0.0,7,13.649616
0.0,14,13.64997
0.0,10,13.650259
0.0,6,13.650446
0.0,1,13.650523
0.0,13,13.650854
0.0,5,13.651032
0.0,8,13.651268
0.0,5,13.651433
0.0,6,13.651618
0.0,11,13.651906
0.0,2,13.652013
0.0,1,13.652091
0.0,11,13.652391
0.0,18,13.65283
0.0,10,13.653108
0.0,1,13.653185
0.0,4,13.653329
0.0,5,13.653492
0.0,27,13.654128
0.0,9,13.654384
0.0,4,13.654526
0.0,11,13.654819
0.0,7,13.655044
0.0,4,13.655189
0.0,8,13.655425
0.0,6,13.655617
0.0,4,13.65576
0.0,3,13.655887
0.0,11,13.656194
0.0,3,13.656317
0.0,3,13.65644
0.0,3,13.656566
0.0,3,13.656692
0.0,45,13.657723
0.0,7,13.65793
0.0,9,13.658196
0.0,4,13.658342
0.0,2,13.658441
1.0,18,13.65889
0.0,4,13.659041
0.0,5,13.659213
0.0,5,13.659385
0.0,3,13.659512
0.0,6,13.659698
0.0,8,13.659929
0.0,3,13.660068
0.0,31,13.660786
0.0,5,13.660948
0.0,1,13.661038
0.0,2,13.661141
0.0,3,13.661262
0.0,28,13.661927
0.0,6,13.662132
0.0,15,13.662507
0.0,20,13.662986
0.0,7,13.663198
1.0,14,13.663551
0.0,4,13.663692
0.0,10,13.663972
0.0,2,13.664086
0.0,8,13.664324
0.0,3,13.664446
0.0,1,13.664521
0.0,10,13.664806
0.0,6,13.664993
0.0,2,13.665108
1.0,38,13.665974
0.0,5,13.666146
0.0,15,13.666516
0.0,5,13.666684
0.0,7,13.66689
0.0,15,13.667293
0.0,8,13.667522
0.0,1,13.667598
0.0,1,13.667678
0.0,12,13.667988
0.0,6,13.668181
0.0,12,13.6685
0.0,7,13.668708
0.0,3,13.668833
0.0,18,13.669286
0.0,3,13.669409
0.0,7,13.669616
0.0,1,13.669692
0.0,1,13.669771
1.0,12,13.670112
0.0,3,13.670236
0.0,6,13.670425
0.0,21,13.670922
0.0,3,13.671057
0.0,19,13.671526
0.0,7,13.671743
0.0,5,13.67191
0.0,15,13.672292
0.0,17,13.672714
0.0,11,13.673017
0.0,10,13.673301
0.0,17,13.673723
0.0,6,13.673909
0.0,1,13.673985
0.0,10,13.674272
0.0,15,13.674651
0.0,11,13.674949
0.0,11,13.675251
0.0,6,13.675444
0.0,3,13.675566
0.0,12,13.675885
0.0,2,13.675989
0.0,8,13.676234
0.0,16,13.676641
0.0,36,13.677481
0.0,7,13.677693
0.0,12,13.678012
0.0,9,13.678269
0.0,22,13.678808
0.0,7,13.679029
0.0,1,13.67911
0.0,8,13.679343
0.0,8,13.679576
0.0,2,13.679676
0.0,7,13.679888
0.0,7,13.68011
1.0,15,13.680485
0.0,2,13.680588
0.0,3,13.680716
0.0,6,13.680903
0.0,1,13.680982
0.0,4,13.68114
0.0,7,13.681357
0.0,6,13.681545
0.0,5,13.681713
0.0,1,13.681794
0.0,13,13.682147
0.0,4,13.682297
0.0,34,13.683101
0.0,1,13.683178
0.0,4,13.68333
0.0,5,13.683498
0.0,10,13.683878
0.0,6,13.684143
0.0,4,13.684361
0.0,3,13.684549
0.0,4,13.684749
0.0,25,13.685581
0.0,11,13.686028
0.0,10,13.686419
0.0,3,13.686588
0.0,17,13.687231
0.0,2,13.687377
0.0,4,13.687601
0.0,6,13.687895
0.0,5,13.688161
0.0,11,13.688591
0.0,14,13.688961
0.0,3,13.689094
0.0,8,13.689322
0.0,8,13.689551
1.0,26,13.690194
0.0,2,13.690315
0.0,9,13.690563
0.0,1,13.690639
0.0,1,13.690715
1.0,19,13.691204
0.0,19,13.691668
0.0,4,13.691812
0.0,15,13.692204
1.0,54,13.693404
1.0,13,13.693739
0.0,24,13.694318
0.0,7,13.694527
0.0,12,13.694838
0.0,3,13.69496
0.0,14,13.695334
0.0,11,13.695628
0.0,5,13.695796
0.0,6,13.695987
0.0,11,13.696292
0.0,5,13.696461
0.0,13,13.69681
1.0,9,13.697115
0.0,8,13.697354
0.0,3,13.697477
0.0,3,13.6976
0.0,2,13.697701
0.0,10,13.697984
0.0,4,13.698145
0.0,11,13.698439
0.0,6,13.698623
0.0,5,13.698787
0.0,4,13.69893
0.0,4,13.699081
0.0,9,13.699342
0.0,21,13.699863
0.0,9,13.700134
0.0,9,13.700393
0.0,1,13.70047
0.0,5,13.700636
0.0,1,13.700712
0.0,3,13.70084
0.0,18,13.701297
0.0,14,13.70166
0.0,17,13.702095
0.0,9,13.702345
0.0,11,13.702641
0.0,8,13.702869
0.0,3,13.70299
0.0,7,13.703207
0.0,15,13.70359
0.0,3,13.703718
0.0,3,13.703841
0.0,9,13.7041
0.0,5,13.704267
0.0,3,13.704388
0.0,5,13.704554
0.0,7,13.704768
0.0,8,13.705009
0.0,6,13.705207
0.0,10,13.705478
0.0,4,13.705627
0.0,14,13.705986
0.0,4,13.706141
0.0,7,13.706352
0.0,6,13.706546
0.0,4,13.706689
0.0,19,13.707156
0.0,3,13.707279
0.0,4,13.707427
0.0,5,13.707592
1.0,19,13.708058
0.0,18,13.708505
0.0,4,13.708653
0.0,4,13.708803
0.0,23,13.709368
0.0,6,13.70956
0.0,2,13.709661
0.0,1,13.709736
0.0,5,13.709903
0.0,6,13.710099
0.0,5,13.710265
0.0,7,13.71047
0.0,27,13.71111
0.0,10,13.711382
0.0,1,13.711462
0.0,12,13.711779
0.0,6,13.711971
0.0,5,13.712151
0.0,10,13.712423
0.0,7,13.712643
0.0,12,13.712957
0.0,5,13.713137
0.0,4,13.713287
0.0,4,13.713433
0.0,3,13.713556
0.0,7,13.713763
0.0,6,13.713949
0.0,8,13.714192
0.0,11,13.714493
0.0,5,13.714665
0.0,11,13.714957
0.0,6,13.715162
0.0,1,13.715241
0.0,3,13.71537
0.0,2,13.715472
0.0,16,13.715875
0.0,16,13.716295
0.0,1,13.716373
0.0,20,13.716863
0.0,5,13.71704
0.0,3,13.717169
1.0,18,13.717619
0.0,16,13.718028
0.0,32,13.718778
0.0,4,13.718924
0.0,26,13.719542
0.0,5,13.719716
0.0,29,13.720404
0.0,14,13.720765
0.0,7,13.720979
0.0,5,13.721155
0.0,1,13.721236
0.0,18,13.721681
0.0,23,13.72224
0.0,6,13.722435
0.0,22,13.722976
0.0,4,13.723132
0.0,4,13.72328
0.0,5,13.72351
0.0,1,13.72361
0.0,3,13.723744
0.0,2,13.723851
0.0,8,13.724106
0.0,14,13.724466
1.0,21,13.724981
0.0,2,13.725091
0.0,13,13.725423
0.0,10,13.7257
0.0,23,13.726252
0.0,17,13.72667
0.0,8,13.726896
0.0,8,13.72714
0.0,4,13.727285
0.0,18,13.72773
0.0,7,13.727947
1.0,26,13.728572
0.0,6,13.728762
0.0,3,13.728889
0.0,4,13.729055
0.0,1,13.729134
0.0,2,13.729235
0.0,6,13.729428
0.0,10,13.729697
0.0,18,13.730155
0.0,17,13.730581
0.0,9,13.730831
0.0,10,13.731122
0.0,17,13.731546
0.0,6,13.731731
0.0,10,13.732019
0.0,24,13.732589
0.0,7,13.732803
0.0,18,13.733266
0.0,3,13.733391
0.0,7,13.7336
0.0,6,13.733787
0.0,10,13.734074
0.0,4,13.734218
0.0,14,13.734578
0.0,4,13.73472
0.0,50,13.735833
0.0,41,13.736776
0.0,14,13.737154
0.0,4,13.737305
0.0,1,13.737385
0.0,5,13.737556
0.0,3,13.73768
0.0,4,13.737828
0.0,11,13.738139
0.0,3,13.738269
0.0,1,13.738349
0.0,26,13.738968
0.0,12,13.739295
0.0,4,13.739441
0.0,8,13.739669
0.0,3,13.739795
0.0,8,13.740047
0.0,1,13.740125
0.0,14,13.740489
0.0,11,13.740786
0.0,15,13.741182
0.0,11,13.741473
0.0,8,13.74171
0.0,11,13.74202
0.0,11,13.742313
0.0,2,13.742419
1.0,9,13.742682
0.0,6,13.74287
0.0,2,13.742975
0.0,3,13.743111
0.0,10,13.743392
0.0,5,13.743563
0.0,13,13.743901
1.0,16,13.744304
0.0,4,13.744449
0.0,1,13.744525
0.0,3,13.744647
0.0,7,13.744853
0.0,4,13.744993
0.0,7,13.745211
0.0,15,13.745597
0.0,2,13.745697
0.0,8,13.745926
0.0,10,13.746206
0.0,2,13.746312
0.0,12,13.746624
0.0,20,13.747127
0.0,5,13.747295
0.0,8,13.747528
0.0,7,13.747738
1.0,9,13.747994
0.0,17,13.748421
1.0,10,13.748697
0.0,3,13.748817
0.0,4,13.748959
0.0,9,13.749221
0.0,2,13.749322
0.0,5,13.749487
0.0,10,13.749756
1.0,9,13.750014
0.0,18,13.750463
0.0,7,13.75067
0.0,10,13.750946
0.0,1,13.751034
0.0,16,13.751443
0.0,10,13.751722
0.0,15,13.752114
0.0,4,13.752259
0.0,1,13.752339
0.0,10,13.752611
0.0,3,13.752732
0.0,8,13.75297
0.0,6,13.753164
0.0,4,13.753309
0.0,8,13.753548
0.0,5,13.753717
0.0,7,13.753929
0.0,4,13.754091
0.0,4,13.754242
1.0,11,13.754536
0.0,6,13.75472
0.0,18,13.755177
0.0,1,13.755254
0.0,4,13.755404
0.0,8,13.755641
0.0,2,13.755746
0.0,3,13.755874
0.0,1,13.75595
0.0,2,13.756063
0.0,22,13.756615
0.0,5,13.756779
0.0,7,13.756996
0.0,6,13.757194
0.0,4,13.757342
0.0,10,13.757618
0.0,2,13.757718
1.0,10,13.757994
0.0,2,13.758102
0.0,7,13.758309
0.0,6,13.758494
0.0,3,13.75862
0.0,2,13.758721
0.0,7,13.758934
0.0,2,13.75905
0.0,9,13.75931
0.0,5,13.759474
0.0,6,13.759666
0.0,5,13.759841
0.0,3,13.759969
0.0,2,13.760079
0.0,7,13.760288
0.0,7,13.760494
0.0,1,13.760569
0.0,33,13.761338
0.0,17,13.76176
0.0,24,13.762336
0.0,5,13.762508
0.0,1,13.762588
0.0,3,13.762715
0.0,16,13.763124
0.0,10,13.763393
0.0,15,13.763771
0.0,13,13.764133
0.0,8,13.764367
0.0,2,13.764467
0.0,8,13.764704
0.0,1,13.764784
0.0,2,13.764885
0.0,39,13.765775
0.0,6,13.765961
0.0,3,13.766097
0.0,5,13.766264
0.0,3,13.766385
0.0,5,13.766549
0.0,15,13.766918
0.0,10,13.767204
0.0,3,13.767328
0.0,8,13.767568
0.0,9,13.767823
0.0,5,13.767993
0.0,5,13.768167
0.0,1,13.768243
0.0,11,13.768537
0.0,8,13.768764
0.0,2,13.768869
0.0,1,13.768945
0.0,18,13.769411
0.0,14,13.769772
0.0,5,13.769942
0.0,3,13.770073
0.0,9,13.770324
0.0,17,13.770749
0.0,8,13.770978
0.0,1,13.771062
0.0,6,13.771255
0.0,4,13.771403
0.0,8,13.771632
0.0,18,13.772084
0.0,8,13.772318
0.0,1,13.772394
0.0,5,13.772559
0.0,11,13.772862
0.0,19,13.77333
0.0,7,13.773538
0.0,4,13.77368
0.0,3,13.773802
0.0,4,13.773947
0.0,34,13.774733
0.0,6,13.77492
0.0,2,13.775034
0.0,3,13.77516
0.0,3,13.775282
0.0,2,13.775382
0.0,11,13.775673
0.0,11,13.775964
0.0,14,13.776341
0.0,2,13.776443
0.0,6,13.776631
0.0,10,13.776913
0.0,12,13.777242
0.0,7,13.777456
0.0,11,13.777744
0.0,9,13.77799
0.0,1,13.77808
0.0,9,13.778341
0.0,23,13.778894
0.0,11,13.779203
0.0,4,13.77935
0.0,7,13.779562
0.0,13,13.779893
0.0,3,13.780026
0.0,2,13.780131
0.0,6,13.780322
0.0,16,13.780729
0.0,27,13.781374
0.0,7,13.781587
0.0,5,13.781756
0.0,3,13.781878
0.0,17,13.782313
1.0,18,13.782765
0.0,11,13.783078
0.0,5,13.783246
0.0,7,13.783452
0.0,4,13.783594
0.0,24,13.784171
0.0,7,13.784384
0.0,2,13.784484
0.0,8,13.784711
0.0,12,13.785044
0.0,8,13.785281
0.0,7,13.785489
0.0,2,13.785593
0.0,2,13.785698
1.0,29,13.786377
0.0,6,13.786572
0.0,4,13.786717
0.0,12,13.787046
1.0,9,13.787297
0.0,8,13.787529
1.0,10,13.787799
0.0,2,13.787898
0.0,6,13.788095
0.0,29,13.788757
0.0,12,13.789078
0.0,19,13.78954
0.0,4,13.789686
0.0,4,13.789835
0.0,8,13.790074
0.0,6,13.790261
0.0,25,13.790844
0.0,15,13.791231
0.0,6,13.791423
0.0,10,13.791694
0.0,5,13.791862
0.0,16,13.792273
0.0,8,13.79251
0.0,3,13.792632
0.0,35,13.793433
0.0,10,13.793704
0.0,16,13.794121
0.0,10,13.794397
0.0,13,13.794732
0.0,9,13.794983
0.0,1,13.795073
0.0,2,13.795176
0.0,12,13.795492
0.0,5,13.795662
0.0,6,13.795849
0.0,2,13.795953
0.0,3,13.796086
0.0,4,13.796236
0.0,8,13.796466
0.0,14,13.796825
0.0,11,13.797138
0.0,1,13.79722
0.0,6,13.797408
0.0,11,13.797695
0.0,1,13.797774
0.0,11,13.798076
0.0,5,13.798246
0.0,7,13.798456
0.0,12,13.798766
0.0,3,13.798888
0.0,3,13.799016
0.0,4,13.799169
0.0,5,13.799334
0.0,13,13.799674
0.0,3,13.799795
0.0,4,13.799937
0.0,1,13.800026
0.0,6,13.800215
0.0,4,13.800357
0.0,11,13.80066
0.0,13,13.801008
0.0,10,13.801282
0.0,34,13.802068
0.0,5,13.802235
0.0,3,13.802362
0.0,1,13.802438
0.0,3,13.802565
0.0,4,13.802717
0.0,17,13.803147
0.0,5,13.80332
0.0,14,13.803673
0.0,8,13.803909
0.0,9,13.804172
0.0,14,13.804531
0.0,3,13.804657
0.0,12,13.804974
0.0,34,13.805754
0.0,9,13.806023
0.0,13,13.806361
1.0,14,13.806716
0.0,7,13.806922
0.0,8,13.807158
0.0,33,13.807928
0.0,8,13.808171
0.0,4,13.808317
0.0,16,13.808716
0.0,12,13.809045
0.0,4,13.809188
0.0,11,13.809482
0.0,7,13.809696
0.0,5,13.809867
0.0,4,13.810027
0.0,4,13.810174
0.0,17,13.810598
0.0,4,13.810742
0.0,11,13.811043
0.0,4,13.811187
0.0,22,13.811699
0.0,13,13.812039
0.0,2,13.81214
0.0,10,13.812414
0.0,5,13.812584
0.0,2,13.812688
0.0,3,13.81281
0.0,1,13.812885
0.0,3,13.813019
0.0,5,13.813193
0.0,11,13.813485
0.0,12,13.813801
0.0,1,13.813882
0.0,7,13.814111
0.0,11,13.814415
0.0,11,13.814705
0.0,30,13.815419
1.0,39,13.816314
0.0,22,13.816838
0.0,4,13.816986
0.0,15,13.817377
0.0,6,13.817564
0.0,9,13.817821
0.0,6,13.81802
0.0,8,13.818248
0.0,3,13.81837
0.0,7,13.818575
0.0,31,13.819291
0.0,22,13.81982
0.0,21,13.82035
0.0,9,13.820607
0.0,6,13.820794
0.0,7,13.821001
0.0,11,13.821313
0.0,4,13.821463
0.0,4,13.821614
0.0,2,13.821715
0.0,7,13.821923
0.0,4,13.822079
0.0,1,13.822157
0.0,5,13.822324
0.0,13,13.822658
0.0,5,13.822828
0.0,7,13.823056
0.0,15,13.82343
0.0,2,13.823592
0.0,12,13.823936
0.0,8,13.824183
0.0,8,13.824411
0.0,6,13.824596
0.0,8,13.824823
0.0,3,13.824949
0.0,10,13.825236
0.0,10,13.825513
0.0,11,13.825815
0.0,8,13.826059
0.0,9,13.826314
0.0,22,13.826841
0.0,35,13.827643
0.0,4,13.827794
0.0,23,13.828351
0.0,2,13.828458
0.0,4,13.828603
0.0,15,13.828982
0.0,3,13.829113
0.0,3,13.829236
0.0,3,13.829377
0.0,5,13.829554
0.0,17,13.829976
0.0,5,13.830151
0.0,3,13.830274
0.0,4,13.830422
0.0,8,13.830653
0.0,12,13.830962
0.0,4,13.831115
0.0,6,13.831303
0.0,3,13.831429
0.0,2,13.831535
0.0,1,13.83161
1.0,37,13.832469
0.0,8,13.832701
0.0,3,13.832823
0.0,21,13.833337
0.0,14,13.833695
0.0,6,13.833886
0.0,5,13.834058
0.0,3,13.83418
0.0,1,13.834256
0.0,4,13.834403
0.0,16,13.834811
0.0,6,13.834996
0.0,5,13.835176
1.0,13,13.835515
0.0,14,13.835874
0.0,8,13.836118
0.0,7,13.836323
0.0,15,13.836697
0.0,8,13.836923
0.0,4,13.83708
0.0,5,13.837245
0.0,8,13.837471
0.0,16,13.837874
0.0,30,13.838566
0.0,2,13.838672
0.0,11,13.838961
0.0,7,13.839178
0.0,25,13.839767
0.0,4,13.839911
0.0,4,13.840065
0.0,10,13.840342
0.0,10,13.84061
1.0,11,13.840911
1.0,53,13.842103
0.0,21,13.84261
0.0,1,13.84269
1.0,15,13.843087
1.0,22,13.843624
0.0,3,13.84375
1.0,7,13.843958
0.0,1,13.844042
0.0,1,13.844125
0.0,1,13.844205
0.0,10,13.844485
0.0,21,13.844992
0.0,2,13.845106
0.0,1,13.845182
0.0,3,13.84532
0.0,12,13.845639
1.0,11,13.845927
0.0,26,13.846537
0.0,4,13.846682
0.0,4,13.846833
0.0,7,13.847051
0.0,4,13.847196
0.0,2,13.8473
0.0,14,13.847654
0.0,3,13.847776
0.0,3,13.847897
0.0,10,13.848178
0.0,21,13.848681
0.0,10,13.84896
0.0,5,13.849133
0.0,7,13.849348
0.0,7,13.84956
0.0,3,13.849683
0.0,6,13.849872
0.0,14,13.850236
0.0,1,13.850314
0.0,4,13.850457
0.0,10,13.850727
0.0,5,13.850899
0.0,4,13.851062
0.0,17,13.851483
0.0,5,13.851652
1.0,11,13.851952
0.0,4,13.852108
0.0,1,13.852185
0.0,12,13.8525
0.0,7,13.852713
0.0,8,13.85294
0.0,3,13.853072
0.0,11,13.853371
0.0,4,13.853514
0.0,6,13.8537
0.0,4,13.853842
0.0,3,13.853964
0.0,10,13.854252
1.0,27,13.854894
0.0,4,13.855046
0.0,2,13.855147
0.0,8,13.855375
0.0,4,13.855523
0.0,5,13.855689
1.0,16,13.856101
0.0,4,13.85625
0.0,1,13.856327
0.0,4,13.856471
0.0,7,13.856682
0.0,2,13.856781
0.0,5,13.85695
0.0,1,13.857034
0.0,1,13.857116
0.0,6,13.857309
0.0,32,13.858048
0.0,16,13.858447
0.0,17,13.85886
0.0,4,13.859021
0.0,11,13.859317
0.0,16,13.859713
0.0,9,13.859965
0.0,26,13.860579
0.0,4,13.860723
0.0,16,13.861133
0.0,3,13.861257
0.0,1,13.861333
1.0,9,13.861592
0.0,5,13.861763
0.0,1,13.861839
0.0,1,13.861915
0.0,10,13.862198
0.0,7,13.862403
0.0,14,13.862758
0.0,2,13.862858
0.0,10,13.863144
0.0,18,13.863589
0.0,7,13.863793
0.0,8,13.864035
0.0,1,13.864112
0.0,11,13.864413
1.0,21,13.864914
0.0,7,13.865128
0.0,19,13.86559
0.0,4,13.865732
0.0,7,13.865952
0.0,12,13.866282
0.0,7,13.866489
0.0,14,13.866848
0.0,10,13.867132
0.0,3,13.867264
0.0,4,13.867408
0.0,7,13.86762
0.0,8,13.867852
0.0,30,13.868572
0.0,1,13.86865
0.0,6,13.868836
0.0,5,13.868999
1.0,12,13.869326
0.0,16,13.869722
0.0,3,13.869842
0.0,10,13.87013
0.0,13,13.870466
0.0,1,13.870545
0.0,5,13.870722
0.0,13,13.871073
0.0,3,13.871202
0.0,6,13.871388
1.0,10,13.871659
0.0,22,13.872203
0.0,1,13.872281
0.0,5,13.872445
0.0,10,13.872723
0.0,9,13.872981
0.0,33,13.873727
0.0,10,13.873998
0.0,14,13.874366
0.0,10,13.874646
0.0,6,13.874835
0.0,2,13.874938
0.0,4,13.875095
0.0,6,13.875288
0.0,2,13.875387
0.0,2,13.875485
0.0,4,13.875627
0.0,7,13.875829
0.0,4,13.875969
0.0,3,13.876101
0.0,14,13.876462
0.0,4,13.87661
0.0,3,13.876736
0.0,27,13.877382
0.0,4,13.877532
0.0,4,13.877682
0.0,14,13.878054
0.0,11,13.878345
0.0,6,13.878529
0.0,6,13.878714
0.0,20,13.879209
0.0,6,13.879395
0.0,5,13.879558
0.0,5,13.879719
0.0,6,13.879901
0.0,4,13.880058
0.0,3,13.880187
0.0,4,13.88033
0.0,6,13.880515
0.0,4,13.880657
0.0,13,13.880995
0.0,1,13.881081
0.0,1,13.881161
0.0,5,13.881334
0.0,6,13.881526
0.0,6,13.88171
0.0,1,13.881785
0.0,6,13.88198
0.0,7,13.882199
0.0,4,13.882344
0.0,2,13.882447
0.0,5,13.882613
0.0,27,13.883271
0.0,3,13.883399
0.0,15,13.883781
0.0,3,13.883908
0.0,3,13.88404
0.0,6,13.884233
0.0,2,13.884334
1.0,9,13.884587
0.0,15,13.884971
0.0,4,13.885121
0.0,2,13.885227
1.0,23,13.885781
0.0,17,13.886215
0.0,6,13.886406
0.0,5,13.886571
0.0,16,13.886972
0.0,13,13.887316
0.0,9,13.887571
0.0,2,13.887671
0.0,3,13.887791
0.0,5,13.887956
0.0,4,13.888115
0.0,16,13.888521
1.0,11,13.888819
0.0,17,13.889247
0.0,7,13.889457
0.0,4,13.889607
0.0,18,13.890054
0.0,10,13.890324
0.0,5,13.890488
0.0,14,13.890836
0.0,3,13.890956
0.0,9,13.891218
0.0,5,13.891385
0.0,8,13.891618
0.0,2,13.891721
0.0,5,13.891887
1.0,17,13.892314
0.0,7,13.89253
0.0,3,13.892652
0.0,28,13.893317
0.0,7,13.893523
0.0,6,13.893711
0.0,10,13.893988
0.0,4,13.894141
0.0,5,13.894304
0.0,13,13.894649
0.0,4,13.894798
0.0,1,13.894875
0.0,6,13.895072
0.0,5,13.895241
0.0,8,13.895467
0.0,1,13.895547
0.0,3,13.895674
0.0,19,13.896145
0.0,26,13.896767
0.0,6,13.896952
0.0,3,13.897082
0.0,5,13.897254
0.0,11,13.897555
1.0,13,13.897904
0.0,7,13.898126
0.0,6,13.898318
0.0,1,13.898397
0.0,1,13.898474
0.0,1,13.89855
0.0,4,13.898702
0.0,2,13.898803
0.0,4,13.898945
0.0,3,13.899074
0.0,6,13.899271
0.0,1,13.899347
0.0,4,13.899491
0.0,12,13.899814
0.0,1,13.89989
0.0,2,13.899989
0.0,1,13.900073
0.0,11,13.900376
0.0,3,13.900501
0.0,8,13.900739
0.0,21,13.901257
0.0,3,13.901381
0.0,17,13.901806
0.0,5,13.901977
0.0,33,13.902732
1.0,22,13.90326
0.0,3,13.903383
0.0,11,13.903671
0.0,9,13.903924
0.0,12,13.904262
0.0,25,13.904848
0.0,1,13.904923
0.0,13,13.905273
1.0,15,13.905654
0.0,2,13.905754
0.0,4,13.905902
0.0,17,13.906333
0.0,7,13.906545
0.0,2,13.906651
0.0,5,13.906821
0.0,6,13.907018
0.0,5,13.907189
0.0,3,13.907316
0.0,16,13.907717
0.0,8,13.907951
0.0,2,13.90806
0.0,2,13.908166
0.0,6,13.908356
0.0,6,13.908548
0.0,9,13.908799
0.0,2,13.908899
0.0,10,13.909176
0.0,6,13.90936
0.0,9,13.909606
0.0,18,13.910049
0.0,11,13.910339
0.0,2,13.910438
0.0,7,13.910652
0.0,3,13.910779
0.0,4,13.910924
0.0,2,13.911033
0.0,10,13.91131
0.0,16,13.911717
0.0,15,13.912112
0.0,29,13.912783
0.0,15,13.913167
0.0,5,13.913332
0.0,7,13.913553
0.0,3,13.913677
0.0,16,13.914086
0.0,8,13.914318
0.0,4,13.914463
0.0,5,13.91463
0.0,6,13.914821
0.0,4,13.914965
0.0,2,13.915074
0.0,7,13.915289
0.0,2,13.91539
0.0,4,13.91554
0.0,4,13.915689
0.0,14,13.916055
0.0,10,13.916326
0.0,14,13.916684
0.0,4,13.916828
0.0,2,13.916929
0.0,4,13.917082
0.0,13,13.917425
0.0,11,13.91772
0.0,6,13.917905
0.0,2,13.918012
0.0,3,13.918136
0.0,2,13.918237
0.0,8,13.918464
0.0,5,13.918628
0.0,3,13.918753
0.0,2,13.918854
0.0,5,13.919034
0.0,14,13.919398
0.0,8,13.919641
0.0,46,13.920678
0.0,15,13.921068
0.0,1,13.921146
0.0,4,13.921297
0.0,14,13.921649
0.0,4,13.921793
0.0,3,13.921915
0.0,69,13.923447
0.0,1,13.923584
0.0,8,13.923857
0.0,8,13.924115
0.0,15,13.924503
0.0,1,13.924584
0.0,3,13.924709
0.0,9,13.924968
0.0,6,13.925167
0.0,1,13.925249
0.0,22,13.925795
0.0,3,13.925924
0.0,16,13.926329
0.0,6,13.926525
0.0,2,13.92663
0.0,6,13.926818
0.0,4,13.926962
0.0,24,13.927542
0.0,1,13.927621
0.0,10,13.927895
0.0,2,13.928001
0.0,14,13.928373
0.0,25,13.928962
0.0,10,13.929251
0.0,7,13.929467
0.0,7,13.929683
0.0,4,13.929832
0.0,6,13.930031
0.0,13,13.930377
0.0,13,13.930718
0.0,31,13.931452
0.0,13,13.931788
0.0,2,13.93189
0.0,3,13.932026
0.0,2,13.932128
0.0,8,13.932356
0.0,5,13.93252
0.0,4,13.932668
0.0,9,13.932922
0.0,6,13.933116
0.0,5,13.933282
0.0,5,13.933445
0.0,6,13.933635
0.0,1,13.933715
0.0,14,13.934088
1.0,12,13.934414
0.0,5,13.934579
0.0,1,13.934655
0.0,1,13.934731
0.0,1,13.934806
0.0,3,13.934929
0.0,3,13.935059
0.0,3,13.935189
0.0,17,13.935651
0.0,6,13.935844
0.0,15,13.936234
0.0,8,13.936469
0.0,20,13.93695
0.0,2,13.937061
0.0,6,13.937254
0.0,8,13.937484
0.0,3,13.937605
0.0,3,13.937734
0.0,3,13.937861
0.0,6,13.938057
0.0,3,13.938184
0.0,9,13.938438
0.0,2,13.938542
0.0,6,13.938734
0.0,14,13.939105
0.0,2,13.939209
0.0,5,13.93938
0.0,5,13.939553
0.0,4,13.939698
0.0,21,13.940211
0.0,4,13.940357
0.0,1,13.940432
1.0,36,13.941258
0.0,5,13.941423
0.0,24,13.941988
0.0,1,13.942077
0.0,7,13.942288
1.0,16,13.942683
0.0,3,13.942803
0.0,10,13.943092
0.0,12,13.943403
1.0,31,13.944124
0.0,6,13.944312
0.0,1,13.944391
0.0,1,13.944472
1.0,21,13.944988
0.0,3,13.945149
1.0,6,13.945337
0.0,13,13.945678
0.0,12,13.945993
1.0,35,13.946789
0.0,18,13.947235
0.0,4,13.94738
0.0,4,13.947531
0.0,13,13.947862
0.0,8,13.948105
0.0,5,13.948277
0.0,10,13.94855
0.0,13,13.94888
0.0,7,13.949104
0.0,19,13.949577
0.0,24,13.950147
0.0,4,13.950299
0.0,7,13.950519
0.0,4,13.950667
0.0,21,13.951177
0.0,4,13.951327
0.0,3,13.95146
0.0,4,13.951606
0.0,8,13.951834
0.0,16,13.952247
0.0,11,13.952544
0.0,6,13.952731
0.0,9,13.95298
0.0,1,13.953063
0.0,4,13.953208
0.0,6,13.953393
0.0,12,13.953716
0.0,3,13.95384
0.0,4,13.953983
0.0,13,13.954335
0.0,18,13.95478
0.0,5,13.954945
0.0,1,13.955028
0.0,4,13.955179
0.0,5,13.955345
0.0,2,13.955446
0.0,10,13.955728
0.0,31,13.95645
0.0,7,13.956661
0.0,12,13.95697
0.0,7,13.957188
0.0,11,13.957489
0.0,3,13.957612
0.0,11,13.95791
0.0,3,13.958045
0.0,4,13.95819
0.0,1,13.95827
0.0,7,13.958489
0.0,2,13.958594
0.0,34,13.959389
0.0,1,13.959466
0.0,10,13.959748
0.0,3,13.959887
0.0,13,13.96025
0.0,4,13.960395
0.0,12,13.960705
0.0,3,13.960831
0.0,5,13.961
0.0,3,13.961133
0.0,7,13.96134
0.0,11,13.961638
0.0,2,13.961738
0.0,8,13.961972
0.0,1,13.962059
0.0,10,13.962347
0.0,9,13.962596
0.0,5,13.962761
0.0,15,13.963145
0.0,3,13.963269
0.0,8,13.963499
1.0,21,13.963996
0.0,36,13.964823
0.0,5,13.964988
0.0,4,13.965143
0.0,6,13.965329
0.0,5,13.965493
0.0,8,13.965719
0.0,2,13.965819
1.0,7,13.966044
0.0,5,13.966215
0.0,2,13.966315
0.0,13,13.966656
0.0,17,13.967087
0.0,1,13.967164
0.0,14,13.967518
0.0,9,13.967772
0.0,1,13.967849
0.0,7,13.968073
0.0,5,13.968245
0.0,3,13.96837
0.0,2,13.968475
0.0,3,13.968597
0.0,3,13.968719
0.0,8,13.968946
0.0,1,13.969029
0.0,5,13.969197
0.0,5,13.969362
0.0,8,13.969592
0.0,9,13.969846
0.0,13,13.970197
0.0,4,13.970342
0.0,8,13.970573
0.0,10,13.970847
0.0,5,13.971029
0.0,3,13.971159
0.0,7,13.971367
0.0,7,13.971573
0.0,15,13.97195
1.0,17,13.972369
0.0,6,13.97256
0.0,23,13.973122
0.0,6,13.973319
0.0,3,13.973446
0.0,9,13.973703
0.0,13,13.974054
0.0,3,13.974178
0.0,8,13.974411
0.0,3,13.974534
0.0,13,13.974871
0.0,9,13.975136
0.0,4,13.975281
0.0,3,13.975407
0.0,1,13.975484
0.0,8,13.975727
0.0,2,13.975831
0.0,11,13.976139
0.0,6,13.976331
0.0,1,13.976407
0.0,9,13.976666
0.0,3,13.976787
0.0,10,13.977077
0.0,1,13.977154
0.0,3,13.977276
0.0,14,13.977637
0.0,8,13.97787
0.0,6,13.978066
0.0,7,13.978279
0.0,9,13.978526
0.0,2,13.97863
0.0,5,13.978798
0.0,2,13.978899
0.0,6,13.979095
0.0,2,13.979195
0.0,5,13.979368
0.0,3,13.979492
0.0,3,13.979614
0.0,10,13.979893
0.0,2,13.979993
0.0,12,13.980321
0.0,5,13.980492
0.0,23,13.981052
0.0,4,13.981202
0.0,4,13.981347
0.0,1,13.981423
0.0,9,13.981673
0.0,6,13.981867
0.0,23,13.982418
0.0,13,13.982758
0.0,12,13.983136
0.0,10,13.983417
0.0,14,13.983769
0.0,8,13.983997
0.0,8,13.98424
0.0,2,13.984341
0.0,21,13.984856
0.0,30,13.985562
1.0,12,13.985891
0.0,11,13.986199
0.0,8,13.986431
0.0,8,13.986671
0.0,10,13.986944
0.0,13,13.987283
0.0,5,13.987448
0.0,1,13.987523
0.0,9,13.987774
0.0,4,13.987923
0.0,17,13.988356
0.0,12,13.988675
1.0,35,13.989476
0.0,6,13.989666
0.0,26,13.990288
0.0,4,13.990437
0.0,2,13.990538
1.0,27,13.991181
0.0,12,13.991491
0.0,15,13.991869
0.0,12,13.992199
0.0,4,13.992344
0.0,1,13.992419
1.0,6,13.992606
0.0,9,13.992858
0.0,7,13.993085
0.0,12,13.993405
0.0,15,13.993782
0.0,16,13.994195
0.0,7,13.994406
1.0,8,13.994632
0.0,5,13.994799
0.0,6,13.994995
0.0,2,13.995104
0.0,6,13.995289
0.0,3,13.995414
0.0,2,13.995514
0.0,14,13.995885
1.0,21,13.996407
0.0,4,13.996551
0.0,6,13.99674
0.0,4,13.996889
0.0,5,13.997065
0.0,4,13.997211
0.0,50,13.998339
0.0,7,13.998553
0.0,4,13.998695
0.0,9,13.998948
0.0,7,13.999172
0.0,12,13.999493
0.0,4,13.99965
0.0,7,13.999864
0.0,10,14.000157
0.0,11,14.000453
0.0,2,14.000557
0.0,4,14.000705
0.0,15,14.001099
0.0,13,14.001442
0.0,4,14.001585
1.0,30,14.002294
1.0,11,14.002589
0.0,24,14.003189
0.0,12,14.003503
0.0,12,14.003821
0.0,6,14.004013
0.0,5,14.00418
0.0,9,14.004435
0.0,3,14.004562
0.0,4,14.004706
1.0,7,14.004915
0.0,5,14.005095
0.0,22,14.005632
0.0,12,14.005958
0.0,25,14.006567
0.0,18,14.007013
0.0,2,14.007116
0.0,14,14.007471
0.0,23,14.00804
0.0,34,14.008812
0.0,6,14.008999
0.0,6,14.009195
0.0,20,14.009668
0.0,8,14.009903
0.0,5,14.010086
0.0,20,14.010572
1.0,20,14.011065
0.0,4,14.011213
0.0,3,14.01134
0.0,3,14.011464
0.0,13,14.01181
0.0,5,14.011983
0.0,12,14.0123
0.0,22,14.012827
0.0,6,14.013029
0.0,3,14.013154
0.0,1,14.013231
0.0,7,14.013437
0.0,6,14.013621
0.0,1,14.013696
0.0,10,14.013971
0.0,5,14.014144
0.0,3,14.014267
0.0,3,14.014389
0.0,11,14.01468
0.0,1,14.014756
0.0,1,14.014831
0.0,6,14.015024
0.0,2,14.015126
1.0,13,14.015472
0.0,7,14.015684
0.0,3,14.015811
1.0,10,14.016096
0.0,13,14.01643
0.0,6,14.016613
1.0,44,14.017596
0.0,6,14.017781
0.0,3,14.017903
0.0,14,14.018261
0.0,5,14.018434
0.0,6,14.018618
0.0,15,14.018994
0.0,5,14.019166
0.0,19,14.019631
0.0,4,14.01978
0.0,3,14.019916
0.0,6,14.020115
0.0,2,14.020218
0.0,4,14.020362
0.0,17,14.020787
0.0,7,14.020994
0.0,13,14.021349
0.0,5,14.021517
0.0,1,14.021593
0.0,22,14.022137
0.0,6,14.022332
0.0,1,14.02241
0.0,9,14.022662
0.0,11,14.022962
0.0,1,14.023051
0.0,3,14.023179
0.0,12,14.023503
0.0,4,14.023715
1.0,13,14.024096
0.0,1,14.02418
0.0,8,14.024412
1.0,10,14.024682
0.0,1,14.024758
0.0,1,14.024833
0.0,6,14.025033
0.0,1,14.025116
1.0,18,14.025556
0.0,14,14.025914
0.0,2,14.026025
0.0,1,14.026103
0.0,4,14.026253
1.0,8,14.026494
0.0,6,14.026685
0.0,7,14.026891
0.0,1,14.026967
0.0,3,14.027097
0.0,3,14.027221
0.0,4,14.027364
0.0,2,14.027462
0.0,2,14.02756
0.0,4,14.027702
0.0,13,14.028046
0.0,3,14.028168
0.0,2,14.028272
0.0,2,14.028377
0.0,8,14.028604
0.0,2,14.028703
0.0,1,14.028782
0.0,24,14.029368
0.0,7,14.029581
0.0,5,14.029751
0.0,2,14.029853
0.0,2,14.029954
0.0,8,14.030199
0.0,2,14.030301
0.0,2,14.0304
0.0,12,14.030712
0.0,3,14.030837
0.0,19,14.031311
0.0,8,14.031549
0.0,3,14.031678
0.0,1,14.031755
0.0,5,14.031921
0.0,2,14.03203
0.0,3,14.032158
0.0,2,14.032259
0.0,2,14.032358
0.0,6,14.032547
0.0,15,14.032928
0.0,4,14.033083
1.0,6,14.033272
0.0,7,14.033477
1.0,24,14.03405
0.0,6,14.034244
0.0,11,14.034538
0.0,6,14.034731
0.0,6,14.034922
0.0,21,14.035448
0.0,6,14.035636
0.0,9,14.035889
0.0,5,14.036069
0.0,3,14.036194
0.0,2,14.036295
0.0,4,14.036437
0.0,3,14.036558
0.0,4,14.0367
0.0,1,14.036776
0.0,21,14.037297
0.0,5,14.037469
0.0,1,14.037549
0.0,2,14.037655
0.0,2,14.037756
0.0,3,14.037879
0.0,11,14.03819
0.0,8,14.038428
0.0,3,14.03855
0.0,4,14.0387
0.0,6,14.038885
1.0,19,14.039352
0.0,3,14.039478
1.0,8,14.03972
0.0,15,14.040117
0.0,5,14.040288
0.0,5,14.040461
0.0,6,14.040651
0.0,32,14.041401
0.0,3,14.041525
0.0,3,14.041647
1.0,20,14.042137
0.0,5,14.042308
0.0,16,14.042706
0.0,32,14.043444
0.0,6,14.04363
0.0,5,14.043799
0.0,4,14.043944
0.0,4,14.0441
0.0,7,14.044319
0.0,6,14.044507
0.0,3,14.04463
0.0,18,14.045082
0.0,1,14.045161
1.0,12,14.045491
0.0,11,14.045779
0.0,4,14.045928
0.0,3,14.04606
0.0,45,14.047066
0.0,6,14.047255
1.0,10,14.047529
0.0,6,14.04772
0.0,26,14.048331
0.0,4,14.048475
0.0,3,14.048602
0.0,19,14.049074
0.0,8,14.049303
0.0,10,14.049579
0.0,9,14.049828
0.0,3,14.049954
0.0,23,14.050511
0.0,12,14.050832
0.0,2,14.050933
0.0,3,14.051064
0.0,27,14.051697
0.0,4,14.05185
0.0,3,14.051973
0.0,14,14.052341
0.0,3,14.052465
0.0,6,14.052658
0.0,19,14.053139
0.0,5,14.053308
0.0,7,14.053521
0.0,4,14.053669
0.0,7,14.053881
1.0,6,14.054086
0.0,23,14.054646
0.0,6,14.054832
0.0,2,14.054932
0.0,11,14.055236
0.0,7,14.055449
0.0,4,14.055592
0.0,2,14.055691
0.0,6,14.05589
0.0,9,14.056157
0.0,4,14.056303
0.0,1,14.056379
0.0,9,14.056633
0.0,9,14.056894
0.0,4,14.05705
0.0,3,14.057176
0.0,4,14.05732
0.0,5,14.057491
1.0,20,14.057971
0.0,10,14.058251
0.0,9,14.058507
0.0,13,14.058847
0.0,24,14.059417
0.0,21,14.059925
0.0,1,14.060013
0.0,2,14.060121
0.0,4,14.060265
0.0,4,14.060407
0.0,6,14.060593
0.0,2,14.060694
0.0,2,14.060793
0.0,2,14.060892
0.0,20,14.061385
0.0,5,14.061552
0.0,7,14.061758
0.0,21,14.062272
1.0,9,14.06253
0.0,28,14.063196
0.0,2,14.063298
0.0,12,14.063617
0.0,8,14.063847
0.0,5,14.064018
1.0,15,14.064396
0.0,1,14.064471
0.0,3,14.064593
1.0,22,14.06512
0.0,9,14.065372
0.0,12,14.065685
0.0,9,14.065938
0.0,18,14.066384
0.0,5,14.066548
0.0,12,14.066862
1.0,16,14.067286
0.0,13,14.067619
0.0,6,14.067805
0.0,1,14.067884
0.0,17,14.068331
0.0,12,14.06865
0.0,11,14.068939
1.0,17,14.069365
0.0,14,14.069719
0.0,18,14.070172
0.0,9,14.070424
0.0,15,14.070808
0.0,4,14.070952
0.0,4,14.071105
0.0,3,14.07123
1.0,16,14.071639
0.0,1,14.071718
0.0,2,14.07182
0.0,1,14.071899
0.0,17,14.07234
0.0,1,14.072418
0.0,10,14.072701
0.0,5,14.072867
1.0,16,14.073276
0.0,7,14.073482
0.0,16,14.073891
0.0,4,14.074044
0.0,7,14.074257
0.0,28,14.07491
0.0,8,14.075155
0.0,2,14.075257
0.0,6,14.075448
0.0,4,14.075603
0.0,6,14.075793
0.0,14,14.076161
0.0,15,14.076549
1.0,36,14.077349
0.0,3,14.077471
0.0,7,14.077677
0.0,11,14.077975
0.0,2,14.078085
0.0,23,14.078631
1.0,7,14.078846
0.0,7,14.079069
0.0,6,14.079261
0.0,7,14.079477
0.0,4,14.07962
0.0,30,14.080328
0.0,3,14.080459
0.0,11,14.080762
0.0,10,14.081046
0.0,9,14.081294
0.0,9,14.081541
0.0,4,14.081683
0.0,6,14.081867
0.0,1,14.081942
0.0,1,14.082025
1.0,14,14.082377
0.0,10,14.082655
0.0,5,14.082819
0.0,8,14.083058
0.0,18,14.083502
0.0,39,14.0844
0.0,4,14.08455
0.0,4,14.084697
0.0,10,14.084971
0.0,10,14.085246
0.0,7,14.085452
0.0,1,14.085528
0.0,11,14.085817
0.0,10,14.086101
0.0,2,14.086207
0.0,3,14.086329
0.0,4,14.086476
0.0,16,14.086876
0.0,18,14.087326
0.0,2,14.087432
0.0,3,14.08756
0.0,18,14.087995
0.0,9,14.088256
0.0,7,14.088462
0.0,9,14.088707
0.0,1,14.088786
0.0,27,14.089446
0.0,4,14.089591
0.0,6,14.089781
0.0,3,14.089903
0.0,20,14.090404
0.0,20,14.090903
1.0,25,14.091509
0.0,7,14.091722
0.0,25,14.092327
0.0,15,14.092712
0.0,4,14.092864
0.0,12,14.093185
0.0,3,14.093308
0.0,8,14.093543
0.0,9,14.093792
0.0,9,14.094054
0.0,2,14.09416
0.0,9,14.094411
0.0,12,14.094727
0.0,4,14.09487
0.0,1,14.094945
0.0,2,14.095058
0.0,11,14.095364
0.0,6,14.095551
0.0,3,14.095673
0.0,2,14.095778
0.0,5,14.095943
0.0,1,14.096028
0.0,9,14.096281
1.0,6,14.096466
0.0,5,14.096629
0.0,5,14.096793
0.0,12,14.097118
0.0,4,14.097269
0.0,5,14.097439
0.0,12,14.097755
0.0,3,14.097878
0.0,5,14.09805
0.0,10,14.098324
0.0,1,14.0984
1.0,12,14.098722
0.0,2,14.098821
0.0,10,14.099101
0.0,5,14.099267
0.0,1,14.099348
0.0,6,14.099535
0.0,14,14.099897
0.0,11,14.100207
0.0,8,14.100443
0.0,2,14.100543
0.0,5,14.100713
0.0,9,14.100967
1.0,10,14.101248
0.0,20,14.101728
0.0,20,14.102221
0.0,8,14.102452
1.0,12,14.102777
0.0,3,14.102899
0.0,3,14.103029
0.0,35,14.103829
0.0,13,14.104167
0.0,33,14.10491
0.0,7,14.105131
0.0,18,14.105564
0.0,2,14.105664
1.0,13,14.105999
0.0,13,14.106346
0.0,22,14.106866
1.0,11,14.107172
0.0,6,14.107367
0.0,16,14.107763
0.0,10,14.108047
0.0,6,14.108243
0.0,19,14.108701
0.0,11,14.108991
0.0,9,14.109254
0.0,12,14.109568
0.0,18,14.11001
0.0,13,14.110353
0.0,20,14.110827
0.0,1,14.110906
0.0,11,14.111216
0.0,3,14.111345
0.0,9,14.1116
0.0,12,14.111926
0.0,6,14.112121
0.0,7,14.112329
0.0,2,14.112436
0.0,7,14.11265
0.0,4,14.112794
0.0,7,14.113016
0.0,11,14.113317
0.0,9,14.113574
0.0,7,14.113787
0.0,2,14.113888
0.0,6,14.114085
0.0,3,14.114208
0.0,18,14.114644
0.0,5,14.114809
0.0,8,14.115055
0.0,8,14.115286
0.0,5,14.11545
0.0,4,14.115593
0.0,9,14.115853
0.0,3,14.115975
0.0,2,14.116082
0.0,5,14.116256
0.0,7,14.11647
0.0,11,14.116769
0.0,2,14.116872
0.0,7,14.11709
0.0,3,14.117219
0.0,23,14.117763
0.0,16,14.118171
0.0,10,14.11845
0.0,1,14.118526
0.0,4,14.11867
0.0,7,14.118875
1.0,40,14.119778
0.0,11,14.120086
0.0,36,14.120912
0.0,9,14.121175
0.0,5,14.121348
0.0,5,14.12152
0.0,7,14.121728
0.0,23,14.122277
0.0,16,14.122677
0.0,8,14.122911
1.0,13,14.123262
0.0,3,14.123386
0.0,38,14.12425
0.0,16,14.124749
0.0,4,14.124899
0.0,15,14.125292
0.0,27,14.125922
0.0,8,14.126163
0.0,6,14.126351
0.0,6,14.126537
0.0,2,14.126637
0.0,8,14.126875
0.0,4,14.127028
0.0,6,14.127216
0.0,25,14.127802
0.0,2,14.127903
0.0,9,14.128168
0.0,2,14.128271
0.0,29,14.12894
0.0,6,14.129134
0.0,2,14.129236
0.0,4,14.129379
0.0,1,14.129458
0.0,4,14.129609
0.0,7,14.129828
0.0,3,14.129957
0.0,1,14.130044
0.0,10,14.130329
0.0,6,14.13052
0.0,3,14.130642
0.0,21,14.13116
0.0,9,14.131408
0.0,6,14.131594
0.0,13,14.131933
0.0,5,14.132112
1.0,14,14.132467
0.0,3,14.132593
0.0,10,14.132864
0.0,22,14.133405
0.0,16,14.133802
0.0,1,14.133878
0.0,16,14.134288
0.0,19,14.134743
0.0,18,14.135191
0.0,12,14.135515
0.0,11,14.13581
0.0,1,14.135885
1.0,23,14.136454
0.0,3,14.136579
0.0,11,14.136876
0.0,28,14.137537
0.0,13,14.137869
0.0,3,14.137997
0.0,9,14.138255
0.0,6,14.138447
0.0,13,14.138788
0.0,6,14.138972
0.0,22,14.139498
0.0,10,14.139778
0.0,2,14.139882
0.0,3,14.140028
0.0,3,14.140154
0.0,6,14.140337
0.0,7,14.140549
0.0,1,14.140629
0.0,4,14.140774
0.0,12,14.141098
0.0,5,14.141273
0.0,18,14.141706
0.0,11,14.141991
1.0,23,14.142544
0.0,1,14.142625
0.0,10,14.142901
0.0,4,14.143062
0.0,9,14.143312
0.0,11,14.143605
0.0,10,14.143872
0.0,22,14.144412
0.0,16,14.144814
0.0,6,14.145011
0.0,6,14.1452
1.0,17,14.145627
0.0,2,14.145726
0.0,5,14.145888
0.0,2,14.145988
0.0,10,14.146274
0.0,3,14.146402
0.0,14,14.146754
0.0,3,14.146874
0.0,22,14.147412
0.0,11,14.147708
0.0,20,14.148198
0.0,18,14.148634
0.0,9,14.148887
0.0,8,14.149127
0.0,9,14.149384
0.0,14,14.149743
0.0,5,14.149908
0.0,8,14.150148
0.0,3,14.150273
0.0,3,14.150394
0.0,8,14.15063
0.0,3,14.150755
0.0,2,14.150856
0.0,13,14.151206
0.0,5,14.151376
0.0,5,14.151541
0.0,2,14.15164
0.0,2,14.151744
0.0,5,14.151911
0.0,4,14.152068
0.0,22,14.152586
0.0,16,14.152976
0.0,22,14.153511
0.0,12,14.153828
0.0,12,14.154151
0.0,5,14.154325
0.0,5,14.154495
0.0,4,14.154648
1.0,9,14.154907
0.0,3,14.155041
0.0,8,14.155274
0.0,8,14.155507
0.0,15,14.155885
0.0,16,14.156298
0.0,15,14.156682
0.0,8,14.156914
0.0,6,14.157109
1.0,52,14.15827
0.0,22,14.158793
0.0,10,14.159078
0.0,6,14.159266
0.0,29,14.159942
0.0,30,14.160647
0.0,3,14.160771
0.0,6,14.160955
0.0,6,14.161153
0.0,9,14.161408
0.0,1,14.161484
0.0,2,14.161585
0.0,2,14.161685
0.0,11,14.161985
0.0,2,14.162096
1.0,23,14.162641
0.0,20,14.163137
1.0,16,14.163549
0.0,3,14.163676
0.0,5,14.163845
0.0,26,14.164453
0.0,12,14.164775
1.0,22,14.165306
0.0,14,14.165656
0.0,22,14.166196
0.0,24,14.166766
0.0,1,14.166842
0.0,2,14.166946
0.0,5,14.167127
0.0,14,14.167481
1.0,21,14.167979
0.0,10,14.168272
0.0,9,14.16853
0.0,12,14.168854
0.0,16,14.169266
0.0,2,14.169372
0.0,1,14.169448
0.0,20,14.169937
0.0,6,14.170137
0.0,6,14.170327
0.0,2,14.170427
0.0,2,14.170526
0.0,18,14.170968
0.0,3,14.171103
0.0,3,14.171226
0.0,25,14.171806
0.0,25,14.172401
0.0,16,14.172797
0.0,6,14.172981
0.0,1,14.173064
0.0,5,14.173229
0.0,4,14.173373
0.0,12,14.173683
0.0,2,14.173786
0.0,5,14.17395
0.0,3,14.174086
0.0,11,14.174386
0.0,13,14.174725
0.0,2,14.174825
0.0,6,14.175027
0.0,19,14.175505
0.0,5,14.175675
0.0,14,14.176047
0.0,18,14.176482
0.0,23,14.177045
0.0,2,14.177149
0.0,2,14.177254
0.0,3,14.177381
0.0,14,14.17774
0.0,5,14.177904
0.0,34,14.178682
0.0,4,14.178831
0.0,15,14.179217
0.0,40,14.180143
0.0,1,14.180222
0.0,4,14.180367
0.0,6,14.180557
0.0,1,14.180637
0.0,13,14.180969
0.0,22,14.181499
0.0,3,14.181627
0.0,5,14.181793
0.0,5,14.181962
0.0,4,14.182113
0.0,31,14.182836
0.0,3,14.182963
0.0,25,14.183564
0.0,22,14.184105
0.0,11,14.184396
0.0,12,14.184714
0.0,16,14.185117
0.0,27,14.185754
0.0,7,14.185961
0.0,10,14.186239
0.0,23,14.18677
0.0,11,14.187076
0.0,3,14.187203
0.0,7,14.187415
0.0,5,14.187587
0.0,7,14.187801
0.0,23,14.188348
0.0,8,14.188575
0.0,1,14.18865
0.0,3,14.188773
0.0,5,14.188942
0.0,8,14.189183
0.0,11,14.18948
0.0,14,14.189833
0.0,7,14.190054
1.0,17,14.190474
1.0,29,14.191158
0.0,7,14.191374
1.0,10,14.191643
0.0,11,14.191931
0.0,13,14.192276
0.0,11,14.192566
0.0,11,14.192859
0.0,18,14.193316
0.0,27,14.193933
0.0,7,14.194145
0.0,10,14.19442
0.0,3,14.194547
0.0,4,14.19469
0.0,3,14.194816
0.0,7,14.195032
0.0,10,14.195314
0.0,7,14.195521
0.0,3,14.19565
1.0,12,14.195968
0.0,8,14.196202
0.0,1,14.196279
0.0,11,14.196566
0.0,14,14.196917
1.0,8,14.197156
0.0,8,14.19739
0.0,17,14.197813
0.0,28,14.198474
0.0,4,14.198619
0.0,3,14.198745
0.0,7,14.198958
0.0,13,14.199306
0.0,2,14.199412
1.0,20,14.199894
0.0,4,14.20005
0.0,3,14.200181
0.0,1,14.200259
0.0,7,14.200473
0.0,1,14.200553
0.0,11,14.200857
0.0,16,14.201276
0.0,10,14.201557
0.0,15,14.201943
0.0,3,14.202073
0.0,20,14.20257
0.0,3,14.202693
0.0,5,14.202868
0.0,6,14.203071
0.0,8,14.203312
0.0,3,14.20344
0.0,1,14.203517
0.0,9,14.203772
0.0,23,14.204331
0.0,16,14.204745
0.0,9,14.20499
0.0,7,14.205205
0.0,6,14.205392
0.0,32,14.206131
0.0,17,14.206549
0.0,9,14.206809
1.0,29,14.20749
0.0,4,14.207636
0.0,2,14.207741
1.0,11,14.208047
0.0,6,14.208232
0.0,7,14.208442
0.0,8,14.208672
0.0,18,14.209119
0.0,11,14.209423
0.0,4,14.209565
0.0,4,14.209707
0.0,6,14.209898
0.0,5,14.210081
0.0,10,14.210355
0.0,7,14.210561
0.0,6,14.210752
0.0,2,14.210852
1.0,9,14.21111
0.0,12,14.21142
0.0,8,14.211652
0.0,7,14.211863
0.0,14,14.212227
0.0,8,14.212466
0.0,5,14.212637
0.0,9,14.212896
0.0,30,14.213594
0.0,17,14.214031
0.0,8,14.214268
0.0,1,14.214348
0.0,6,14.214544
0.0,17,14.214958
0.0,31,14.215692
0.0,31,14.216407
0.0,3,14.216531
0.0,21,14.217049
0.0,5,14.217215
0.0,23,14.217761
0.0,6,14.217944
0.0,7,14.218161
0.0,30,14.218855
0.0,1,14.218935
0.0,4,14.219094
0.0,5,14.219268
0.0,3,14.21939
0.0,3,14.219512
0.0,2,14.21961
0.0,12,14.219933
0.0,26,14.220555
0.0,36,14.221387
0.0,2,14.221493
0.0,4,14.221643
0.0,26,14.222262
0.0,23,14.222808
0.0,8,14.223054
0.0,4,14.223198
0.0,2,14.223297
0.0,3,14.223418
0.0,6,14.223602
0.0,11,14.223891
0.0,8,14.224131
0.0,4,14.22428
1.0,37,14.22514
0.0,1,14.225218
0.0,5,14.225384
0.0,1,14.225459
0.0,13,14.225801
0.0,14,14.226179
0.0,10,14.22646
0.0,2,14.226561
0.0,13,14.2269
0.0,13,14.227245
0.0,8,14.227475
0.0,9,14.227722
0.0,7,14.227931
1.0,13,14.228287
0.0,7,14.228502
0.0,6,14.228688
0.0,7,14.228903
0.0,6,14.229099
0.0,2,14.229201
0.0,5,14.229368
0.0,2,14.229471
1.0,14,14.229834
0.0,7,14.230059
0.0,6,14.230257
0.0,1,14.230337
0.0,14,14.2307
0.0,20,14.231202
0.0,3,14.231326
0.0,3,14.231447
0.0,14,14.23181
0.0,2,14.231911
0.0,8,14.23216
0.0,8,14.232389
0.0,13,14.232721
0.0,10,14.232991
0.0,4,14.233146
0.0,6,14.233341
0.0,1,14.23342
0.0,1,14.233552
0.0,11,14.233885
0.0,5,14.234073
0.0,11,14.234382
0.0,1,14.234459
0.0,2,14.234559
0.0,8,14.234789
0.0,20,14.235286
0.0,15,14.235669
0.0,2,14.23577
0.0,4,14.235923
0.0,19,14.236397
0.0,4,14.236541
0.0,3,14.236661
0.0,6,14.236852
0.0,3,14.236979
0.0,5,14.237153
0.0,8,14.237383
0.0,15,14.237767
0.0,4,14.237914
0.0,20,14.238405
0.0,6,14.238598
0.0,1,14.238674
1.0,11,14.238971
0.0,17,14.239407
0.0,25,14.24001
0.0,1,14.240093
0.0,5,14.24026
0.0,8,14.240494
0.0,9,14.240746
0.0,39,14.24163
0.0,7,14.241843
0.0,2,14.241943
0.0,12,14.242261
0.0,11,14.242552
0.0,17,14.242971
0.0,2,14.243083
0.0,16,14.243493
0.0,9,14.243751
0.0,1,14.243828
0.0,29,14.244518
1.0,15,14.244905
0.0,16,14.245313
0.0,1,14.245391
0.0,8,14.245626
0.0,3,14.245749
0.0,34,14.246554
0.0,8,14.246787
0.0,12,14.247108
0.0,13,14.247455
0.0,5,14.247629
0.0,1,14.247706
0.0,15,14.248093
0.0,10,14.248371
0.0,2,14.248478
0.0,15,14.248857
0.0,16,14.24927
0.0,13,14.249619
0.0,2,14.24972
0.0,13,14.250079
0.0,9,14.250328
0.0,3,14.250449
0.0,11,14.250744
0.0,9,14.251008
0.0,1,14.251087
0.0,10,14.251368
0.0,7,14.251581
0.0,30,14.25229
0.0,6,14.252479
0.0,3,14.252601
0.0,10,14.252883
0.0,3,14.253014
0.0,4,14.25316
0.0,7,14.253374
0.0,1,14.253451
0.0,1,14.253526
0.0,2,14.253631
0.0,1,14.253707
0.0,9,14.253963
0.0,1,14.254047
0.0,5,14.254222
0.0,2,14.254323
0.0,4,14.254469
0.0,20,14.254963
0.0,7,14.255178
1.0,8,14.255406
0.0,13,14.255748
0.0,19,14.256217
0.0,4,14.256361
0.0,18,14.256797
0.0,17,14.257236
0.0,10,14.257513
0.0,6,14.257699
0.0,13,14.258054
0.0,6,14.258246
0.0,7,14.258454
0.0,3,14.258577
0.0,20,14.25907
0.0,10,14.25935
0.0,3,14.259472
0.0,2,14.259576
0.0,3,14.259704
0.0,11,14.260015
0.0,7,14.260227
0.0,4,14.260376
0.0,13,14.260708
0.0,6,14.260898
0.0,1,14.260978
0.0,6,14.261176
0.0,10,14.261456
0.0,13,14.261803
0.0,8,14.262044
0.0,9,14.262299
0.0,27,14.262925
0.0,9,14.263184
0.0,14,14.263544
0.0,11,14.26384
0.0,2,14.263945
0.0,9,14.264207
0.0,10,14.264488
1.0,18,14.264943
0.0,10,14.265225
0.0,12,14.26555
0.0,12,14.265869
0.0,35,14.266671
0.0,11,14.266961
0.0,5,14.267136
0.0,12,14.267452
0.0,9,14.267706
0.0,10,14.267983
0.0,19,14.268459
0.0,13,14.268799
0.0,42,14.269751
0.0,1,14.26983
0.0,1,14.269907
0.0,8,14.27015
0.0,7,14.270356
0.0,7,14.270564
0.0,22,14.271108
0.0,2,14.271215
0.0,6,14.271406
0.0,7,14.271613
0.0,4,14.271755
0.0,3,14.271876
0.0,10,14.272161
0.0,1,14.272239
0.0,23,14.272792
0.0,5,14.272956
0.0,14,14.273326
0.0,4,14.273471
0.0,5,14.273635
0.0,2,14.273739
0.0,27,14.274387
0.0,5,14.274554
0.0,39,14.275446
0.0,1,14.275528
0.0,8,14.275768
0.0,11,14.276082
0.0,9,14.276344
0.0,7,14.27656
1.0,16,14.276968
0.0,6,14.277162
0.0,8,14.277394
0.0,6,14.277584
0.0,7,14.277788
0.0,3,14.277909
0.0,29,14.278589
0.0,16,14.278984
0.0,16,14.279405
0.0,4,14.279548
0.0,14,14.279907
0.0,6,14.280103
0.0,4,14.280247
0.0,3,14.280368
0.0,5,14.280535
0.0,19,14.281008
0.0,6,14.281201
0.0,3,14.281324
0.0,10,14.281604
0.0,4,14.28175
1.0,16,14.282154
0.0,11,14.28244
0.0,1,14.282516
0.0,7,14.282721
0.0,5,14.282892
0.0,10,14.283175
0.0,2,14.283277
0.0,7,14.283484
0.0,3,14.283607
0.0,10,14.283889
1.0,7,14.284113
0.0,2,14.284218
0.0,3,14.28434
0.0,19,14.284815
0.0,1,14.284892
1.0,11,14.2852
0.0,2,14.285306
0.0,1,14.285383
0.0,4,14.285527
0.0,3,14.285649
0.0,7,14.285854
0.0,6,14.286051
0.0,9,14.2863
0.0,3,14.286423
0.0,2,14.286523
0.0,7,14.286729
0.0,1,14.286805
1.0,7,14.28702
0.0,2,14.287123
0.0,3,14.287247
0.0,5,14.287411
0.0,6,14.287603
1.0,24,14.288201
0.0,21,14.288707
0.0,17,14.289141
0.0,6,14.289329
0.0,4,14.289473
0.0,48,14.290532
0.0,4,14.290676
1.0,15,14.291067
0.0,4,14.291217
0.0,1,14.291294
0.0,7,14.291502
0.0,34,14.292286
0.0,28,14.292948
0.0,2,14.29306
0.0,24,14.293629
0.0,21,14.294141
0.0,3,14.294265
1.0,14,14.294622
0.0,14,14.294984
0.0,15,14.295379
0.0,11,14.29567
0.0,9,14.295917
0.0,18,14.296382
0.0,9,14.296642
0.0,7,14.296855
0.0,12,14.297179
0.0,19,14.297647
0.0,4,14.297788
0.0,7,14.297993
0.0,9,14.298261
0.0,2,14.298363
0.0,1,14.298443
0.0,3,14.298566
0.0,7,14.298772
0.0,26,14.299397
1.0,10,14.299668
0.0,27,14.300328
0.0,7,14.30054
0.0,9,14.300788
0.0,24,14.301375
0.0,4,14.301521
0.0,1,14.301602
0.0,2,14.301704
0.0,15,14.302103
0.0,10,14.302379
0.0,13,14.302717
0.0,5,14.302887
0.0,8,14.30313
0.0,15,14.303508
0.0,10,14.303782
0.0,16,14.304191
0.0,37,14.305044
0.0,2,14.305151
0.0,7,14.305364
0.0,11,14.305665
1.0,11,14.305963
0.0,6,14.306164
0.0,3,14.306289
0.0,3,14.306412
0.0,3,14.306535
0.0,1,14.30661
0.0,5,14.306775
1.0,9,14.307044
0.0,18,14.307502
0.0,13,14.307839
1.0,9,14.308097
0.0,1,14.308174
0.0,14,14.308531
1.0,31,14.309261
0.0,6,14.309458
0.0,21,14.309959
0.0,6,14.310156
0.0,3,14.310286
0.0,11,14.310589
0.0,8,14.310823
0.0,7,14.311038
0.0,9,14.31129
0.0,2,14.311391
0.0,20,14.311876
1.0,11,14.312177
0.0,8,14.312403
0.0,2,14.312503
0.0,18,14.312948
0.0,6,14.313149
0.0,2,14.313253
0.0,1,14.313329
0.0,29,14.314009
1.0,7,14.314226
1.0,18,14.314663
0.0,7,14.314871
0.0,1,14.314948
0.0,12,14.315273
1.0,18,14.315715
0.0,5,14.315881
0.0,9,14.31615
0.0,4,14.316295
0.0,27,14.316945
0.0,2,14.317055
0.0,1,14.317131
0.0,10,14.317404
0.0,5,14.317566
0.0,22,14.318102
0.0,9,14.318358
0.0,9,14.318609
0.0,22,14.319145
0.0,15,14.319525
0.0,3,14.319647
0.0,9,14.319896
0.0,13,14.320252
0.0,3,14.320376
0.0,6,14.320561
0.0,3,14.320687
0.0,3,14.320817
0.0,5,14.320983
0.0,15,14.321368
0.0,15,14.321744
0.0,1,14.321824
0.0,7,14.322054
0.0,1,14.322137
0.0,3,14.322262
0.0,3,14.322389
0.0,6,14.322578
0.0,17,14.323018
0.0,4,14.323171
0.0,2,14.323272
0.0,2,14.323372
0.0,6,14.323559
1.0,20,14.324058
1.0,24,14.32463
0.0,31,14.325359
1.0,6,14.325553
0.0,2,14.325654
0.0,10,14.325929
1.0,27,14.32656
0.0,18,14.327001
0.0,8,14.327238
0.0,12,14.327561
0.0,3,14.327685
0.0,4,14.327828
0.0,4,14.327975
1.0,9,14.328236
0.0,2,14.328337
0.0,6,14.328521
0.0,3,14.328651
0.0,13,14.328994
0.0,33,14.329765
0.0,4,14.329913
0.0,11,14.330216
0.0,8,14.330444
0.0,7,14.330652
0.0,2,14.330756
0.0,5,14.330925
0.0,16,14.331334
0.0,11,14.33163
1.0,14,14.33199
0.0,1,14.332074
0.0,8,14.332313
0.0,4,14.332457
0.0,1,14.332536
0.0,11,14.332841
0.0,3,14.332968
0.0,4,14.333127
0.0,13,14.333458
0.0,5,14.333641
0.0,5,14.333812
0.0,11,14.334121
0.0,3,14.334251
0.0,16,14.334659
0.0,5,14.33483
0.0,10,14.335114
0.0,2,14.335217
0.0,1,14.335349
0.0,8,14.33562
0.0,1,14.335701
0.0,14,14.336067
0.0,12,14.336379
0.0,14,14.336741
0.0,5,14.336907
0.0,2,14.337015
0.0,5,14.337184
0.0,11,14.33748
0.0,6,14.337674
0.0,1,14.33775
0.0,20,14.338249
0.0,2,14.338353
0.0,1,14.33843
0.0,6,14.338628
0.0,4,14.338777
1.0,13,14.339127
0.0,15,14.339503
0.0,10,14.339776
0.0,5,14.339946
0.0,9,14.34021
0.0,2,14.340317
0.0,4,14.340461
0.0,10,14.340744
0.0,10,14.341027
0.0,6,14.341227
0.0,3,14.341355
0.0,7,14.341569
0.0,15,14.341944
0.0,6,14.34214
0.0,10,14.34241
0.0,5,14.342581
0.0,9,14.342842
0.0,3,14.342963
0.0,15,14.343352
0.0,2,14.343454
1.0,11,14.343751
0.0,1,14.343827
0.0,8,14.34407
0.0,9,14.34432
0.0,4,14.344468
0.0,10,14.344738
0.0,10,14.345022
0.0,5,14.345191
0.0,14,14.345559
0.0,12,14.345881
0.0,6,14.346075
0.0,10,14.346345
0.0,1,14.346421
0.0,13,14.346753
0.0,1,14.346828
0.0,5,14.346993
0.0,5,14.347165
0.0,8,14.347394
0.0,5,14.347562
0.0,8,14.347788
0.0,9,14.348057
0.0,3,14.348186
0.0,25,14.348773
0.0,1,14.348854
0.0,7,14.349074
0.0,8,14.349304
0.0,6,14.349495
0.0,10,14.349766
1.0,8,14.349993
0.0,1,14.350078
0.0,11,14.350368
0.0,5,14.350532
0.0,2,14.350636
0.0,2,14.350737
1.0,10,14.351017
0.0,7,14.351226
0.0,4,14.35137
1.0,15,14.351751
0.0,7,14.351957
0.0,1,14.352041
0.0,5,14.352207
0.0,4,14.352349
0.0,3,14.352474
0.0,7,14.35269
0.0,2,14.352792
1.0,12,14.353125
0.0,2,14.353232
0.0,1,14.353312
0.0,7,14.35352
0.0,8,14.353747
0.0,7,14.353955
1.0,39,14.354855
0.0,10,14.355137
0.0,10,14.355406
0.0,12,14.355722
0.0,5,14.355892
0.0,8,14.35613
0.0,34,14.356917
0.0,8,14.357162
0.0,6,14.357349
0.0,4,14.357496
0.0,13,14.357835
0.0,4,14.35798
0.0,10,14.358263
0.0,3,14.358385
0.0,3,14.358508
0.0,3,14.358629
0.0,12,14.35895
0.0,1,14.359033
0.0,3,14.359169
0.0,6,14.359362
0.0,6,14.359553
0.0,4,14.359702
0.0,3,14.359828
0.0,1,14.359903
0.0,1,14.359982
0.0,6,14.360185
0.0,6,14.360375
0.0,51,14.361558
0.0,7,14.361774
1.0,13,14.362126
0.0,22,14.36265
0.0,2,14.362751
0.0,2,14.362878
0.0,2,14.363016
0.0,18,14.36347
1.0,15,14.363863
0.0,1,14.36394
0.0,1,14.364028
0.0,2,14.364131
0.0,17,14.364553
0.0,5,14.364719
0.0,1,14.364794
0.0,6,14.364985
0.0,6,14.365179
0.0,7,14.365386
0.0,2,14.365486
0.0,2,14.365589
0.0,16,14.365989
0.0,5,14.36617
0.0,1,14.36625
0.0,1,14.36633
0.0,2,14.366431
0.0,6,14.366617
0.0,1,14.366696
1.0,20,14.367191
0.0,8,14.367419
0.0,1,14.367498
0.0,4,14.367647
0.0,8,14.367883
0.0,4,14.368039
0.0,4,14.368184
0.0,3,14.368305
0.0,6,14.368496
0.0,3,14.368622
0.0,2,14.368721
0.0,5,14.368891
0.0,1,14.368967
0.0,6,14.369169
0.0,2,14.369275
0.0,11,14.369579
0.0,20,14.370079
1.0,17,14.370499
0.0,2,14.370603
0.0,13,14.370931
0.0,6,14.37113
0.0,2,14.371236
1.0,10,14.371505
0.0,22,14.372037
0.0,2,14.372144
0.0,13,14.372483
0.0,33,14.373253
0.0,11,14.373562
0.0,6,14.373748
0.0,12,14.374074
0.0,8,14.374301
0.0,8,14.374526
0.0,15,14.374906
0.0,3,14.375045
0.0,8,14.375282
0.0,4,14.375425
0.0,1,14.375499
0.0,4,14.37565
0.0,5,14.375822
0.0,6,14.376016
0.0,8,14.376252
0.0,10,14.376523
0.0,20,14.377013
0.0,29,14.377698
0.0,7,14.377904
0.0,16,14.378306
0.0,9,14.378562
0.0,7,14.378769
1.0,7,14.378981
0.0,7,14.379197
0.0,2,14.379303
0.0,1,14.379384
0.0,1,14.37946
0.0,6,14.379647
0.0,18,14.380101
0.0,6,14.380293
0.0,6,14.380484
0.0,10,14.380755
0.0,14,14.381124
0.0,12,14.38144
0.0,36,14.382257
0.0,14,14.38262
0.0,2,14.382719
1.0,21,14.383227
0.0,3,14.38335
0.0,8,14.383585
0.0,3,14.383712
0.0,10,14.383989
0.0,8,14.384229
0.0,9,14.384476
0.0,6,14.38466
0.0,9,14.38491
0.0,11,14.385223
0.0,9,14.385479
0.0,7,14.385685
0.0,11,14.385978
0.0,8,14.386222
0.0,30,14.386914
0.0,1,14.38699
0.0,2,14.387106
0.0,6,14.387299
0.0,2,14.387399
0.0,6,14.387586
0.0,2,14.38769
0.0,2,14.387795
0.0,3,14.387918
0.0,20,14.388408
0.0,7,14.388617
0.0,6,14.388817
0.0,12,14.389147
0.0,2,14.389253
0.0,15,14.389633
0.0,17,14.390067
0.0,24,14.390634
1.0,20,14.391128
0.0,5,14.391298
0.0,13,14.391626
0.0,3,14.391751
0.0,3,14.391877
0.0,24,14.392462
0.0,30,14.393168
0.0,13,14.393499
0.0,8,14.393726
0.0,2,14.393825
0.0,19,14.394301
0.0,3,14.394425
1.0,10,14.394703
0.0,6,14.394893
0.0,9,14.395158
0.0,5,14.395324
0.0,4,14.395471
0.0,4,14.395622
0.0,3,14.395745
0.0,15,14.396134
0.0,10,14.396413
0.0,12,14.396723
0.0,2,14.396821
0.0,5,14.396989
0.0,12,14.397315
0.0,3,14.397438
0.0,10,14.397705
0.0,4,14.397846
0.0,5,14.398021
0.0,4,14.398171
0.0,6,14.398362
0.0,5,14.398527
0.0,5,14.398692
0.0,7,14.398896
0.0,8,14.399142
0.0,1,14.399219
0.0,6,14.399405
0.0,2,14.399509
0.0,1,14.399585
0.0,1,14.399662
0.0,5,14.399827
0.0,3,14.399949
0.0,8,14.400193
0.0,5,14.400358
0.0,3,14.40048
0.0,6,14.400664
0.0,12,14.400974
0.0,7,14.401187
1.0,9,14.401436
1.0,8,14.401668
0.0,13,14.402011
0.0,17,14.402428
0.0,13,14.40276
0.0,4,14.402906
1.0,11,14.403216
1.0,19,14.403686
0.0,17,14.404119
0.0,6,14.404326
0.0,4,14.404477
0.0,4,14.404623
0.0,21,14.405133
0.0,12,14.405457
0.0,15,14.405839
0.0,5,14.406017
0.0,2,14.406125
0.0,10,14.406401
0.0,25,14.406992
0.0,2,14.407105
0.0,1,14.407185
0.0,11,14.407485
0.0,3,14.407607
0.0,19,14.408089
0.0,2,14.408195
0.0,6,14.408387
0.0,5,14.408556
0.0,5,14.40872
0.0,10,14.408994
0.0,6,14.40919
0.0,1,14.409266
0.0,6,14.409456
1.0,27,14.410094
0.0,37,14.410933
0.0,8,14.411176
0.0,10,14.411453
0.0,2,14.411554
0.0,10,14.411832
0.0,4,14.411976
0.0,2,14.412084
0.0,3,14.412213
0.0,10,14.412486
0.0,4,14.412629
0.0,1,14.412708
0.0,5,14.412884
0.0,5,14.413058
0.0,8,14.413291
0.0,11,14.413583
0.0,17,14.414026
0.0,8,14.414264
0.0,5,14.414436
0.0,1,14.414513
0.0,7,14.414726
0.0,11,14.415038
0.0,1,14.415121
0.0,3,14.415249
0.0,10,14.415531
0.0,23,14.416091
0.0,2,14.416192
0.0,1,14.416268
0.0,14,14.416623
0.0,21,14.417138
0.0,4,14.417283
0.0,2,14.417387
0.0,4,14.417531
0.0,3,14.417653
0.0,5,14.417821
1.0,23,14.418391
0.0,41,14.41933
0.0,2,14.419436
0.0,4,14.419582
0.0,24,14.42018
0.0,4,14.42033
0.0,5,14.420495
0.0,9,14.420752
0.0,11,14.421057
0.0,13,14.421397
0.0,5,14.421566
1.0,18,14.422021
0.0,2,14.422122
0.0,5,14.422286
0.0,1,14.422361
0.0,20,14.422844
0.0,8,14.423087
0.0,3,14.423218
0.0,3,14.423341
0.0,7,14.423552
0.0,11,14.423853
0.0,34,14.424654
0.0,1,14.424732
0.0,4,14.424876
0.0,2,14.424974
0.0,4,14.425131
0.0,1,14.425208
0.0,3,14.425331
0.0,5,14.425502
0.0,3,14.425625
0.0,5,14.425795
0.0,5,14.425968
0.0,2,14.426083
0.0,7,14.426299
0.0,3,14.426421
0.0,6,14.426607
0.0,2,14.426708
1.0,15,14.427097
0.0,15,14.427488
0.0,12,14.427802
0.0,24,14.428367
0.0,9,14.428624
0.0,19,14.429104
0.0,7,14.429314
0.0,4,14.429459
0.0,3,14.429582
0.0,4,14.429725
0.0,16,14.430142
0.0,6,14.430331
0.0,2,14.430437
0.0,2,14.430539
0.0,1,14.430615
0.0,1,14.430691
1.0,26,14.431319
0.0,7,14.431527
0.0,7,14.431739
0.0,4,14.431887
0.0,5,14.432065
0.0,12,14.432383
0.0,3,14.432511
0.0,11,14.432807
0.0,14,14.433169
1.0,11,14.433464
0.0,19,14.43392
0.0,6,14.434119
0.0,18,14.434571
0.0,3,14.434694
0.0,4,14.434838
0.0,4,14.434987
0.0,5,14.43517
1.0,11,14.435473
0.0,5,14.43571
0.0,1,14.43581
0.0,22,14.436358
0.0,2,14.436463
0.0,16,14.436875
0.0,6,14.437081
0.0,3,14.437207
0.0,12,14.437525
0.0,8,14.437761
1.0,21,14.438285
0.0,4,14.43843
0.0,4,14.438574
0.0,17,14.439018
0.0,4,14.439169
0.0,11,14.43947
0.0,1,14.439546
0.0,2,14.439646
0.0,1,14.439722
0.0,31,14.440445
0.0,2,14.440546
0.0,11,14.440843
0.0,5,14.441019
0.0,14,14.441377
0.0,5,14.44154
0.0,6,14.44173
0.0,5,14.4419
0.0,7,14.442122
0.0,57,14.443413
1.0,24,14.443986
0.0,14,14.444355
0.0,4,14.4445
0.0,13,14.444841
0.0,3,14.444962
0.0,31,14.445688
0.0,6,14.445874
0.0,12,14.446194
0.0,3,14.446323
0.0,3,14.446446
0.0,5,14.44661
0.0,8,14.446836
0.0,24,14.447421
0.0,3,14.447549
0.0,6,14.447742
0.0,6,14.447926
0.0,8,14.448169
0.0,6,14.448359
0.0,3,14.448491
0.0,15,14.448863
0.0,7,14.449092
0.0,13,14.44943
0.0,10,14.449696
0.0,23,14.450255
0.0,2,14.450361
0.0,15,14.450738
0.0,13,14.451087
0.0,11,14.45138
0.0,3,14.451502
0.0,5,14.451678
0.0,4,14.451826
0.0,7,14.452047
0.0,3,14.452171
0.0,9,14.452435
0.0,2,14.452539
0.0,4,14.452687
0.0,5,14.452858
0.0,3,14.452985
0.0,1,14.453075
0.0,12,14.453397
0.0,4,14.453538
0.0,8,14.453763
0.0,1,14.453838
0.0,2,14.453937
0.0,4,14.454093
0.0,31,14.4548
0.0,15,14.455196
0.0,3,14.455325
0.0,5,14.455498
0.0,5,14.455668
0.0,7,14.455875
0.0,3,14.455995
0.0,4,14.456151
0.0,2,14.45626
0.0,14,14.456614
0.0,25,14.457222
0.0,6,14.457413
0.0,8,14.457643
0.0,2,14.457746
1.0,14,14.458113
0.0,15,14.458488
0.0,1,14.458563
0.0,1,14.458643
0.0,5,14.458818
0.0,2,14.458921
0.0,8,14.459173
0.0,6,14.459361
1.0,10,14.45963
0.0,7,14.459844
0.0,1,14.45992
0.0,1,14.459995
0.0,4,14.46015
1.0,16,14.460552
0.0,4,14.460701
0.0,4,14.460844
0.0,6,14.461037
0.0,12,14.461352
0.0,7,14.461567
1.0,51,14.462725
0.0,2,14.462827
0.0,6,14.463037
0.0,4,14.463184
0.0,2,14.46329
0.0,15,14.463665
0.0,18,14.464131
0.0,14,14.464507
0.0,8,14.464735
0.0,8,14.464967
0.0,13,14.465307
0.0,15,14.46568
0.0,5,14.465843
0.0,31,14.466572
0.0,12,14.466884
0.0,53,14.468082
0.0,1,14.468161
0.0,1,14.468237
0.0,7,14.46845
0.0,1,14.468531
0.0,11,14.468864
0.0,2,14.468975
0.0,21,14.469496
0.0,7,14.469713
0.0,1,14.469791
0.0,16,14.470208
0.0,3,14.470334
0.0,6,14.470526
0.0,26,14.471152
0.0,23,14.471694
0.0,7,14.471909
0.0,1,14.471986
0.0,13,14.472332
0.0,2,14.472436
0.0,11,14.472732
0.0,1,14.472808
0.0,12,14.473138
0.0,14,14.4735
0.0,5,14.473669
0.0,4,14.473812
0.0,13,14.474162
0.0,8,14.474396
0.0,11,14.474687
0.0,11,14.474984
0.0,7,14.475198
0.0,7,14.47541
1.0,7,14.475626
0.0,3,14.475748
0.0,2,14.475851
0.0,12,14.476174
1.0,26,14.476787
0.0,1,14.476866
1.0,9,14.477131
1.0,14,14.477495
1.0,24,14.478078
1.0,21,14.478585
0.0,25,14.479191
1.0,23,14.479747
1.0,28,14.480417
0.0,1,14.480497
0.0,5,14.480669
0.0,12,14.480988
0.0,9,14.481246
0.0,5,14.48141
0.0,19,14.481868
0.0,15,14.482256
0.0,4,14.4824
0.0,6,14.482594
0.0,4,14.482738
1.0,9,14.482993
0.0,2,14.483105
0.0,5,14.483272
0.0,3,14.483393
0.0,1,14.483469
0.0,4,14.483614
0.0,16,14.484016
0.0,2,14.484118
0.0,6,14.484313
0.0,11,14.484611
0.0,5,14.484785
0.0,4,14.484933
0.0,10,14.48522
0.0,6,14.485413
0.0,4,14.485561
0.0,9,14.485819
0.0,7,14.486037
0.0,3,14.486161
0.0,7,14.486376
0.0,5,14.486543
0.0,5,14.486707
0.0,4,14.486853
0.0,8,14.487098
0.0,6,14.487291
0.0,4,14.487434
0.0,7,14.487644
0.0,5,14.487807
0.0,6,14.488001
0.0,1,14.488086
0.0,3,14.488209
0.0,6,14.4884
0.0,8,14.488633
0.0,9,14.488881
0.0,5,14.489055
0.0,6,14.489248
0.0,2,14.489348
0.0,13,14.489684
0.0,16,14.490092
0.0,10,14.490378
0.0,5,14.490546
0.0,9,14.490794
0.0,12,14.491122
0.0,4,14.491266
0.0,2,14.491365
1.0,15,14.491745
0.0,4,14.491888
1.0,16,14.492306
0.0,3,14.492429
0.0,1,14.492505
0.0,10,14.492778
0.0,19,14.493257
0.0,6,14.493443
0.0,12,14.493752
0.0,14,14.494125
1.0,9,14.494385
0.0,9,14.494635
1.0,24,14.495239
0.0,9,14.495502
0.0,7,14.495714
0.0,2,14.495814
0.0,6,14.496012
0.0,1,14.496091
0.0,2,14.496192
0.0,8,14.496427
0.0,13,14.496758
0.0,17,14.497197
0.0,14,14.497553
0.0,7,14.497766
0.0,11,14.498066
0.0,13,14.498412
0.0,17,14.498832
0.0,16,14.499245
0.0,1,14.499323
0.0,2,14.49943
0.0,6,14.499622
0.0,3,14.499744
0.0,28,14.500403
0.0,3,14.50053
0.0,5,14.500696
0.0,6,14.500887
0.0,9,14.501153
0.0,12,14.501472
0.0,3,14.501593
0.0,14,14.501944
0.0,4,14.502103
0.0,7,14.50231
0.0,3,14.502435
0.0,10,14.502706
0.0,9,14.502954
0.0,4,14.50311
0.0,15,14.503503
0.0,18,14.503947
0.0,5,14.504127
0.0,6,14.504319
0.0,6,14.504514
1.0,27,14.505157
0.0,3,14.505284
0.0,2,14.505384
0.0,3,14.505513
0.0,5,14.505682
0.0,15,14.506075
0.0,3,14.506199
0.0,18,14.506644
0.0,5,14.506808
0.0,3,14.506928
0.0,2,14.507036
0.0,8,14.507268
1.0,24,14.507836
1.0,14,14.508209
0.0,11,14.508507
0.0,5,14.508675
0.0,10,14.508944
0.0,4,14.509099
0.0,1,14.509177
0.0,2,14.509277
0.0,14,14.509636
0.0,1,14.509716
0.0,18,14.510183
0.0,6,14.510372
0.0,5,14.510535
0.0,4,14.510683
0.0,3,14.510805
0.0,8,14.51105
0.0,1,14.511128
1.0,19,14.511604
1.0,16,14.511996
0.0,5,14.512166
0.0,29,14.512841
1.0,7,14.513058
0.0,3,14.513179
0.0,6,14.513368
0.0,11,14.513668
0.0,4,14.513812
0.0,12,14.51413
0.0,12,14.514445
0.0,15,14.514832
0.0,26,14.515454
0.0,23,14.515993
0.0,13,14.516331
0.0,19,14.516793
0.0,6,14.516981
0.0,1,14.517065
0.0,1,14.517142
0.0,20,14.51762
0.0,5,14.517781
0.0,9,14.518039
0.0,3,14.518162
0.0,30,14.518848
0.0,4,14.518991
0.0,6,14.519187
0.0,8,14.51942
0.0,12,14.519737
0.0,2,14.519836
0.0,7,14.520065
0.0,2,14.520166
0.0,31,14.520886
0.0,6,14.521085
0.0,5,14.52125
0.0,1,14.521326
0.0,2,14.521425
0.0,4,14.521573
0.0,1,14.521648
0.0,1,14.521724
0.0,4,14.521867
0.0,2,14.521966
0.0,2,14.522079
0.0,2,14.522181
0.0,10,14.522454
0.0,6,14.522643
0.0,10,14.522917
0.0,1,14.522992
0.0,10,14.523276
0.0,10,14.523557
1.0,33,14.524322
0.0,6,14.524506
0.0,5,14.524669
1.0,15,14.525049
0.0,26,14.525659
0.0,16,14.526077
0.0,4,14.52622
1.0,8,14.526445
1.0,8,14.52667
0.0,16,14.527074
0.0,3,14.527197
0.0,14,14.527556
0.0,10,14.527823
1.0,16,14.528223
0.0,16,14.528627
0.0,25,14.529227
0.0,5,14.529397
0.0,5,14.529562
0.0,4,14.529704
0.0,12,14.530028
0.0,18,14.530463
1.0,14,14.530824
0.0,9,14.531093
0.0,4,14.531238
1.0,19,14.531702
0.0,9,14.531948
0.0,20,14.53246
0.0,3,14.532587
0.0,36,14.533417
0.0,18,14.533865
0.0,4,14.534017
0.0,10,14.534297
0.0,1,14.534373
0.0,11,14.534672
0.0,10,14.534943
0.0,8,14.535186
0.0,12,14.535504
0.0,7,14.535711
0.0,7,14.535927
0.0,1,14.536015
0.0,9,14.536273
0.0,6,14.53646
0.0,5,14.536625
0.0,4,14.536775
0.0,9,14.537032
0.0,1,14.537167
0.0,16,14.537597
0.0,7,14.537814
0.0,5,14.537981
0.0,9,14.538246
0.0,1,14.538324
0.0,4,14.538467
0.0,3,14.538594
0.0,20,14.539091
0.0,12,14.539403
0.0,13,14.539739
0.0,19,14.540213
1.0,18,14.540645
0.0,17,14.541073
0.0,7,14.541287
0.0,17,14.541716
0.0,4,14.54186
0.0,11,14.542176
0.0,5,14.542347
0.0,8,14.542576
0.0,31,14.543291
0.0,4,14.543442
1.0,19,14.543897
0.0,10,14.544176
0.0,12,14.544495
0.0,9,14.544744
0.0,8,14.544974
0.0,2,14.545083
0.0,7,14.545299
0.0,23,14.545853
0.0,3,14.545976
0.0,4,14.546132
1.0,19,14.546595
0.0,12,14.546918
0.0,2,14.547032
1.0,11,14.547334
0.0,6,14.547518
0.0,4,14.547664
0.0,9,14.547919
0.0,10,14.548205
0.0,5,14.548372
0.0,13,14.548709
0.0,15,14.549091
0.0,7,14.549299
0.0,4,14.549443
0.0,4,14.549587
0.0,4,14.54973
0.0,5,14.549895
0.0,1,14.549971
0.0,27,14.550613
0.0,4,14.550763
0.0,31,14.551499
0.0,4,14.551654
0.0,10,14.551938
0.0,3,14.55207
0.0,8,14.552308
0.0,18,14.552748
0.0,10,14.553034
0.0,12,14.553349
0.0,8,14.553583
0.0,11,14.553874
1.0,8,14.554121
0.0,17,14.554543
0.0,2,14.554644
0.0,6,14.554836
0.0,10,14.555122
0.0,15,14.555495
1.0,7,14.555705
1.0,10,14.555978
0.0,3,14.556106
0.0,11,14.556405
0.0,8,14.55663
0.0,41,14.55755
0.0,21,14.558067
0.0,25,14.558659
0.0,27,14.559301
0.0,23,14.559852
0.0,4,14.56
0.0,7,14.56022
0.0,1,14.5603
1.0,16,14.560692
0.0,4,14.56084
0.0,2,14.56094
0.0,16,14.56134
0.0,5,14.561511
0.0,8,14.561741
1.0,19,14.562217
0.0,8,14.562451
0.0,3,14.562574
0.0,3,14.562704
0.0,3,14.562826
0.0,3,14.562946
0.0,1,14.56303
0.0,2,14.563132
0.0,6,14.563326
0.0,14,14.563687
0.0,7,14.563901
0.0,4,14.564055
0.0,7,14.564262
0.0,6,14.564451
0.0,1,14.564527
0.0,5,14.564693
0.0,10,14.56497
1.0,14,14.565338
0.0,2,14.565439
0.0,5,14.565603
0.0,5,14.565772
0.0,13,14.566118
0.0,10,14.566389
0.0,8,14.566619
0.0,10,14.566896
0.0,10,14.567189
0.0,9,14.567443
0.0,12,14.567751
0.0,12,14.568078
0.0,32,14.568806
0.0,14,14.569178
0.0,3,14.569301
0.0,11,14.569591
0.0,3,14.569712
0.0,11,14.570018
0.0,7,14.570233
0.0,2,14.570334
0.0,1,14.57041
0.0,5,14.570575
0.0,1,14.570654
0.0,46,14.571684
0.0,26,14.572318
0.0,6,14.572513
0.0,15,14.572896
0.0,17,14.573334
0.0,4,14.573485
1.0,21,14.573988
0.0,7,14.574211
0.0,13,14.574548
0.0,2,14.574649
0.0,5,14.574812
0.0,3,14.574938
0.0,2,14.575051
0.0,18,14.575503
0.0,5,14.575669
0.0,5,14.575839
0.0,5,14.576017
0.0,3,14.576146
0.0,32,14.576875
0.0,12,14.577193
0.0,16,14.577593
0.0,4,14.577735
0.0,5,14.577897
0.0,1,14.577972
0.0,15,14.57836
0.0,5,14.57853
0.0,5,14.578694
0.0,5,14.578857
0.0,1,14.578933
0.0,12,14.579259
0.0,3,14.579382
0.0,24,14.579945
0.0,6,14.580141
1.0,16,14.580549
1.0,14,14.580905
0.0,7,14.581128
0.0,8,14.581361
0.0,9,14.581617
0.0,18,14.582074
0.0,1,14.582152
0.0,9,14.582407
0.0,2,14.582506
0.0,23,14.583067
0.0,1,14.583144
0.0,2,14.58325
0.0,5,14.583421
0.0,4,14.583563
0.0,6,14.583746
0.0,5,14.58391
0.0,8,14.584153
0.0,2,14.584259
0.0,3,14.584381
1.0,16,14.584786
0.0,5,14.58495
0.0,2,14.585059
0.0,3,14.585181
0.0,5,14.585345
0.0,12,14.585664
0.0,4,14.585811
0.0,1,14.58589
0.0,1,14.585966
1.0,9,14.586228
0.0,4,14.586376
0.0,4,14.586519
0.0,14,14.586883
0.0,1,14.586959
0.0,3,14.587088
0.0,6,14.587281
0.0,2,14.587381
0.0,2,14.58748
0.0,4,14.587622
0.0,4,14.587772
0.0,1,14.587848
0.0,8,14.588092
0.0,3,14.588216
1.0,9,14.588475
0.0,8,14.588709
0.0,16,14.589114
0.0,6,14.589308
0.0,6,14.589494
0.0,2,14.589593
0.0,5,14.589756
0.0,9,14.590018
0.0,4,14.59017
0.0,2,14.590275
0.0,3,14.590404
0.0,5,14.590573
0.0,5,14.590737
0.0,2,14.590837
0.0,4,14.590984
0.0,8,14.591236
0.0,1,14.591313
0.0,15,14.591699
0.0,1,14.591779
0.0,2,14.591882
0.0,9,14.592155
0.0,3,14.592279
0.0,19,14.592743
0.0,1,14.592823
0.0,6,14.593024
0.0,6,14.593217
0.0,1,14.593294
0.0,8,14.593527
0.0,5,14.593693
0.0,8,14.593926
0.0,9,14.594196
0.0,14,14.594556
0.0,6,14.594747
0.0,4,14.594895
0.0,4,14.595049
0.0,3,14.595173
0.0,3,14.595294
0.0,1,14.595373
1.0,11,14.595677
0.0,11,14.595975
0.0,28,14.596639
0.0,10,14.59691
0.0,26,14.597528
0.0,4,14.597677
0.0,1,14.597757
0.0,8,14.59799
0.0,22,14.598515
0.0,9,14.598772
0.0,1,14.598851
1.0,9,14.599116
0.0,3,14.599238
0.0,11,14.599529
0.0,10,14.599798
0.0,19,14.600266
0.0,56,14.601517
0.0,10,14.601795
0.0,25,14.602394
0.0,11,14.602684
0.0,9,14.602937
0.0,14,14.6033
0.0,3,14.603425
0.0,3,14.603549
0.0,12,14.603874
0.0,19,14.604349
0.0,2,14.604451
0.0,5,14.604618
0.0,2,14.604717
0.0,5,14.604888
0.0,6,14.605083
0.0,11,14.605383
0.0,10,14.605653
0.0,13,14.605991
0.0,5,14.606171
1.0,12,14.606495
0.0,4,14.606638
0.0,5,14.606811
0.0,11,14.607118
0.0,20,14.607607
1.0,17,14.608027
0.0,12,14.608344
0.0,7,14.60855
0.0,7,14.608753
0.0,11,14.609059
0.0,9,14.609307
0.0,11,14.609605
0.0,6,14.609797
0.0,2,14.609897
0.0,12,14.610227
0.0,11,14.610522
0.0,5,14.610686
0.0,2,14.610784
0.0,11,14.61109
0.0,10,14.61136
0.0,4,14.611506
0.0,5,14.611671
0.0,5,14.611845
0.0,1,14.611921
0.0,2,14.612031
0.0,5,14.612203
0.0,4,14.612345
1.0,12,14.612656
0.0,1,14.612731
0.0,6,14.61292
0.0,3,14.613052
0.0,12,14.613372
1.0,15,14.613743
0.0,5,14.613906
0.0,9,14.614172
0.0,15,14.614555
0.0,18,14.614994
0.0,13,14.615333
0.0,11,14.615637
0.0,20,14.616136
0.0,5,14.616309
0.0,10,14.616579
0.0,6,14.61677
1.0,6,14.616956
0.0,8,14.617189
0.0,6,14.617374
0.0,2,14.617473
0.0,3,14.617599
0.0,4,14.617748
0.0,5,14.617912
0.0,3,14.618049
0.0,7,14.618261
0.0,1,14.61834
0.0,4,14.618485
0.0,11,14.618776
0.0,2,14.618875
0.0,4,14.619025
0.0,10,14.619305
0.0,7,14.619511
0.0,2,14.61961
0.0,6,14.619797
0.0,6,14.619986
0.0,2,14.620098
0.0,5,14.620269
0.0,14,14.62063
0.0,6,14.62082
0.0,13,14.621209
0.0,11,14.621508
0.0,8,14.62174
0.0,3,14.621861
0.0,2,14.62196
0.0,3,14.62209
0.0,1,14.622167
1.0,16,14.622566
0.0,15,14.622949
0.0,2,14.623062
0.0,12,14.623382
0.0,3,14.62351
0.0,13,14.623846
0.0,22,14.624385
0.0,15,14.624767
0.0,37,14.625608
0.0,13,14.62595
1.0,16,14.626368
1.0,6,14.626555
0.0,4,14.626699
1.0,9,14.626952
0.0,7,14.62718
0.0,2,14.627285
0.0,27,14.627923
0.0,26,14.628545
0.0,6,14.628742
0.0,4,14.628886
0.0,14,14.629258
0.0,7,14.629467
0.0,18,14.629916
0.0,6,14.630117
0.0,3,14.63024
0.0,2,14.630339
0.0,2,14.630438
0.0,11,14.630725
0.0,5,14.630894
0.0,5,14.631074
0.0,15,14.631449
1.0,14,14.631806
0.0,7,14.632024
0.0,18,14.632466
0.0,7,14.632679
0.0,17,14.633099
1.0,23,14.633646
0.0,3,14.633771
0.0,3,14.633898
0.0,2,14.634009
0.0,13,14.634352
0.0,45,14.635364
0.0,17,14.635791
0.0,7,14.635998
0.0,8,14.636242
1.0,13,14.636572
0.0,17,14.636997
0.0,6,14.637207
0.0,7,14.637505
0.0,15,14.637897
0.0,4,14.638058
1.0,13,14.638406
0.0,1,14.638482
0.0,5,14.638654
0.0,16,14.639077
0.0,3,14.639203
0.0,2,14.639307
0.0,5,14.639482
0.0,6,14.639678
0.0,5,14.639845
0.0,21,14.640365
0.0,17,14.640787
0.0,7,14.640998
0.0,6,14.6412
0.0,3,14.641324
0.0,9,14.641571
0.0,4,14.641718
0.0,5,14.641884
0.0,23,14.642448
0.0,4,14.642596
0.0,14,14.642963
0.0,8,14.643209
1.0,17,14.643641
0.0,4,14.643788
0.0,7,14.643996
0.0,5,14.64417
0.0,11,14.644467
0.0,3,14.644589
0.0,6,14.644782
0.0,1,14.644859
0.0,18,14.645319
0.0,18,14.645757
0.0,5,14.64592
0.0,9,14.646189
0.0,3,14.646313
0.0,20,14.646806
0.0,10,14.647087
0.0,1,14.647164
0.0,10,14.647446
0.0,5,14.647617
0.0,9,14.647867
0.0,8,14.648114
0.0,4,14.64826
0.0,3,14.648382
0.0,3,14.64851
0.0,5,14.648675
0.0,2,14.648775
0.0,24,14.649353
0.0,12,14.649679
0.0,1,14.649755
0.0,9,14.650014
0.0,5,14.65018
0.0,14,14.650545
0.0,4,14.65069
0.0,5,14.65086
0.0,4,14.651019
0.0,12,14.651332
0.0,1,14.651408
0.0,4,14.651552
1.0,18,14.651989
0.0,12,14.652318
1.0,18,14.652758
0.0,1,14.652837
0.0,19,14.653322
0.0,25,14.653913
0.0,10,14.654201
0.0,4,14.654352
0.0,10,14.654623
1.0,22,14.655168
0.0,9,14.655425
0.0,6,14.655615
0.0,3,14.655737
0.0,16,14.656153
0.0,2,14.656255
0.0,4,14.6564
0.0,2,14.656499
0.0,2,14.656604
0.0,3,14.656727
0.0,3,14.656848
0.0,24,14.657438
0.0,12,14.657759
0.0,2,14.657861
0.0,5,14.658043
0.0,1,14.658121
0.0,11,14.658413
0.0,16,14.658806
0.0,29,14.659477
0.0,2,14.659584
1.0,37,14.660443
0.0,5,14.660615
0.0,15,14.660994
0.0,6,14.661189
0.0,18,14.661632
0.0,10,14.661904
0.0,17,14.662332
0.0,3,14.662462
0.0,9,14.662708
0.0,1,14.662784
0.0,1,14.662864
0.0,25,14.663465
0.0,10,14.663743
0.0,4,14.663887
0.0,6,14.664083
0.0,5,14.664249
0.0,4,14.664392
0.0,3,14.664515
0.0,4,14.664658
0.0,32,14.665386
0.0,4,14.665535
0.0,8,14.665771
0.0,3,14.665893
0.0,6,14.666096
0.0,9,14.666355
0.0,4,14.666498
0.0,6,14.666684
0.0,3,14.666806
0.0,1,14.666882
0.0,2,14.666982
0.0,1,14.667065
0.0,2,14.667166
0.0,14,14.667526
0.0,4,14.667676
0.0,7,14.667887
0.0,3,14.668018
0.0,29,14.668688
0.0,12,14.669013
0.0,2,14.669121
0.0,3,14.669245
0.0,1,14.669322
0.0,6,14.669508
0.0,11,14.669804
0.0,6,14.669998
0.0,14,14.67037
0.0,3,14.670496
0.0,2,14.670601
0.0,8,14.670836
0.0,4,14.67098
0.0,5,14.671166
1.0,23,14.671728
0.0,25,14.672337
0.0,3,14.672463
0.0,8,14.6727
0.0,8,14.672929
0.0,3,14.673064
0.0,7,14.673278
0.0,42,14.674241
0.0,5,14.674412
0.0,8,14.674648
1.0,21,14.675166
0.0,3,14.675293
0.0,15,14.675672
1.0,37,14.676512
0.0,9,14.676769
1.0,9,14.677037
0.0,4,14.677186
0.0,6,14.67737
0.0,9,14.677625
0.0,11,14.677919
0.0,3,14.678056
0.0,21,14.678567
0.0,4,14.67871
0.0,7,14.678916
0.0,7,14.679135
0.0,16,14.679538
0.0,7,14.679748
0.0,11,14.680053
0.0,1,14.680134
0.0,4,14.680282
0.0,12,14.6806
0.0,6,14.680796
0.0,13,14.681146
0.0,16,14.681549
0.0,3,14.681673
0.0,6,14.681866
0.0,20,14.682356
0.0,2,14.682458
0.0,1,14.682538
0.0,19,14.683011
0.0,4,14.683161
0.0,24,14.683736
0.0,14,14.684112
0.0,5,14.684277
0.0,11,14.684573
0.0,12,14.684883
0.0,9,14.685141
1.0,19,14.685611
0.0,9,14.685865
1.0,10,14.686151
0.0,1,14.686228
0.0,8,14.686462
0.0,29,14.687145
0.0,18,14.687595
0.0,3,14.687721
0.0,18,14.688175
0.0,4,14.688319
0.0,8,14.688553
0.0,3,14.688674
0.0,1,14.688753
1.0,30,14.689467
0.0,5,14.689638
0.0,7,14.689846
0.0,7,14.69007
0.0,9,14.690319
0.0,8,14.690548
0.0,9,14.690797
0.0,16,14.691226
0.0,3,14.691351
0.0,22,14.691889
0.0,6,14.692099
0.0,7,14.692307
0.0,7,14.692517
0.0,9,14.692769
0.0,9,14.693034
0.0,6,14.693227
0.0,39,14.69414
0.0,10,14.694417
0.0,3,14.694539
0.0,5,14.694703
0.0,3,14.694824
0.0,5,14.694987
0.0,1,14.695075
0.0,3,14.695198
0.0,2,14.695297
0.0,13,14.695629
0.0,4,14.695775
0.0,28,14.696446
0.0,9,14.696706
0.0,1,14.696785
0.0,40,14.697719
0.0,7,14.697927
0.0,30,14.69863
0.0,19,14.699107
0.0,25,14.699698
0.0,7,14.69991
0.0,4,14.700069
1.0,12,14.700385
0.0,2,14.700489
0.0,19,14.700947
0.0,9,14.701211
0.0,7,14.701419
0.0,11,14.701712
0.0,7,14.701923
0.0,5,14.702097
0.0,13,14.702431
0.0,3,14.702554
0.0,4,14.702706
0.0,40,14.703626
0.0,11,14.703919
0.0,4,14.704072
0.0,10,14.704344
0.0,3,14.704471
0.0,6,14.704656
0.0,21,14.705162
0.0,8,14.705388
0.0,18,14.705824
1.0,10,14.70611
0.0,4,14.706255
0.0,14,14.706617
0.0,7,14.706825
0.0,3,14.706952
0.0,10,14.707228
0.0,1,14.707306
1.0,26,14.707917
0.0,10,14.708194
0.0,8,14.708427
0.0,7,14.708639
0.0,14,14.708989
0.0,5,14.70917
1.0,22,14.709705
0.0,5,14.709869
0.0,2,14.709968
0.0,13,14.710315
0.0,10,14.710588
0.0,3,14.710714
1.0,35,14.711535
0.0,3,14.711659
0.0,21,14.71219
0.0,3,14.712314
0.0,8,14.712549
0.0,8,14.712785
0.0,23,14.713341
0.0,7,14.713547
0.0,10,14.713815
0.0,6,14.714011
0.0,7,14.714228
0.0,1,14.714304
0.0,1,14.714381
0.0,9,14.714629
0.0,8,14.714855
0.0,3,14.714976
0.0,7,14.715189
0.0,3,14.715316
0.0,29,14.715983
0.0,21,14.716502
0.0,5,14.716666
0.0,20,14.71716
0.0,2,14.717265
0.0,27,14.717907
1.0,36,14.718741
0.0,5,14.718913
0.0,7,14.719129
0.0,18,14.719564
0.0,1,14.71964
0.0,6,14.71983
0.0,2,14.719934
0.0,15,14.720319
0.0,20,14.720802
0.0,11,14.721107
0.0,23,14.721659
0.0,5,14.721825
0.0,3,14.721946
0.0,5,14.722119
0.0,2,14.722225
0.0,9,14.722475
0.0,5,14.722638
0.0,5,14.7228
0.0,6,14.72299
0.0,16,14.723399
0.0,8,14.723627
0.0,2,14.723727
0.0,5,14.723895
0.0,2,14.723998
0.0,4,14.724149
0.0,8,14.724379
0.0,16,14.724768
0.0,4,14.724918
0.0,9,14.725176
0.0,4,14.725324
0.0,3,14.725451
0.0,6,14.725636
0.0,8,14.725866
0.0,4,14.726025
0.0,3,14.726148
0.0,6,14.726333
0.0,1,14.726412
0.0,4,14.726556
0.0,19,14.72702
0.0,9,14.727273
1.0,15,14.72765
0.0,14,14.72802
0.0,7,14.728231
1.0,14,14.728591
0.0,7,14.728798
0.0,14,14.729174
0.0,3,14.729298
0.0,2,14.729403
0.0,1,14.729483
0.0,3,14.729611
0.0,16,14.730025
0.0,14,14.730386
0.0,6,14.730572
0.0,21,14.731086
0.0,4,14.731237
0.0,2,14.731336
0.0,10,14.731611
0.0,14,14.731973
0.0,7,14.732193
0.0,7,14.732404
0.0,17,14.732827
0.0,1,14.732903
0.0,11,14.733202
0.0,7,14.733416
0.0,13,14.733754
0.0,4,14.733901
0.0,10,14.734184
0.0,7,14.734396
0.0,3,14.734517
0.0,1,14.734592
0.0,12,14.734905
0.0,11,14.735218
0.0,4,14.735363
0.0,17,14.735781
0.0,17,14.736203
1.0,19,14.736664
0.0,7,14.736873
0.0,1,14.736949
0.0,6,14.737144
0.0,10,14.737416
0.0,11,14.737712
0.0,22,14.738256
0.0,17,14.738675
0.0,3,14.738801
0.0,4,14.738948
0.0,3,14.739083
1.0,33,14.739841
0.0,9,14.740109
0.0,4,14.74026
0.0,9,14.740513
0.0,9,14.740761
0.0,5,14.740932
0.0,6,14.741202
0.0,4,14.741366
0.0,15,14.74174
0.0,14,14.742106
0.0,2,14.742214
0.0,7,14.742423
0.0,3,14.742545
1.0,15,14.742927
0.0,20,14.743423
0.0,17,14.743843
0.0,10,14.744124
0.0,6,14.74431
0.0,14,14.744667
0.0,13,14.745014
0.0,17,14.745446
0.0,21,14.745945
0.0,9,14.746201
0.0,7,14.746412
0.0,13,14.746748
0.0,4,14.746891
0.0,4,14.747053
0.0,6,14.747246
0.0,1,14.747322
1.0,10,14.747593
1.0,22,14.748115
0.0,7,14.748326
0.0,28,14.748989
0.0,2,14.749098
0.0,10,14.74937
0.0,3,14.749491
0.0,6,14.749677
0.0,14,14.750052
0.0,11,14.750346
0.0,5,14.75051
0.0,12,14.750823
0.0,9,14.751094
0.0,12,14.751406
0.0,15,14.751776
0.0,3,14.751898
0.0,1,14.751977
0.0,1,14.752061
0.0,5,14.752231
0.0,2,14.752331
1.0,12,14.752645
1.0,25,14.753243
1.0,15,14.753622
0.0,4,14.753764
0.0,5,14.753928
0.0,17,14.754365
1.0,9,14.754612
0.0,7,14.754823
0.0,3,14.754945
0.0,3,14.755092
0.0,4,14.755243
0.0,2,14.755347
0.0,6,14.755535
0.0,4,14.75568
0.0,2,14.755784
0.0,4,14.755938
1.0,17,14.756376
0.0,4,14.756524
0.0,2,14.756625
0.0,11,14.756924
1.0,15,14.757307
0.0,15,14.757678
0.0,17,14.758107
0.0,5,14.758272
1.0,13,14.758605
0.0,4,14.758752
0.0,1,14.758827
0.0,11,14.759132
0.0,6,14.759318
0.0,3,14.759445
0.0,8,14.759681
0.0,1,14.759758
0.0,1,14.759833
0.0,7,14.760055
0.0,9,14.760316
0.0,4,14.760462
0.0,3,14.760589
0.0,13,14.760922
0.0,9,14.761188
0.0,3,14.761312
0.0,8,14.761549
0.0,4,14.761691
0.0,7,14.761899
0.0,11,14.762215
0.0,4,14.762361
0.0,9,14.762611
0.0,3,14.762732
1.0,17,14.763173
0.0,8,14.763409
0.0,1,14.763485
0.0,3,14.763608
0.0,7,14.763826
0.0,3,14.763947
0.0,23,14.76452
0.0,10,14.764791
0.0,10,14.765076
0.0,12,14.765386
0.0,19,14.765843
0.0,4,14.765985
0.0,1,14.766071
0.0,4,14.766215
0.0,6,14.766405
0.0,7,14.766613
0.0,31,14.767346
0.0,10,14.767623
0.0,2,14.767725
0.0,2,14.767824
0.0,4,14.767971
1.0,12,14.768297
0.0,6,14.768485
0.0,6,14.768669
0.0,9,14.768915
0.0,8,14.769164
0.0,18,14.769617
0.0,7,14.769822
0.0,6,14.770015
0.0,7,14.770231
0.0,14,14.770591
0.0,4,14.770739
0.0,19,14.771225
0.0,3,14.771349
0.0,4,14.771498
0.0,3,14.771621
0.0,1,14.771696
0.0,1,14.771775
0.0,8,14.772023
0.0,26,14.772644
0.0,2,14.772745
0.0,6,14.772937
0.0,5,14.773114
0.0,12,14.773434
0.0,1,14.773514
0.0,4,14.773658
0.0,10,14.773934
1.0,8,14.774174
0.0,10,14.774452
0.0,1,14.774533
0.0,4,14.774678
0.0,14,14.775046
1.0,37,14.775882
0.0,7,14.776098
0.0,33,14.776862
0.0,1,14.776938
0.0,5,14.777118
0.0,4,14.777261
0.0,8,14.777489
1.0,12,14.777808
0.0,8,14.778043
0.0,11,14.778339
0.0,12,14.778656
0.0,8,14.778883
0.0,6,14.779082
0.0,10,14.779362
0.0,4,14.779505
0.0,27,14.780137
0.0,20,14.780614
0.0,2,14.780713
0.0,7,14.780917
0.0,9,14.781183
0.0,2,14.781286
0.0,3,14.781411
0.0,6,14.781599
0.0,13,14.781928
0.0,3,14.782058
0.0,12,14.782375
0.0,10,14.782652
0.0,7,14.782857
0.0,3,14.782978
0.0,10,14.783259
0.0,15,14.783638
0.0,13,14.783977
0.0,3,14.784111
0.0,24,14.784678
0.0,5,14.78485
0.0,11,14.785145
0.0,12,14.785463
1.0,15,14.785838
0.0,4,14.785979
0.0,8,14.786219
0.0,16,14.786619
0.0,5,14.786789
0.0,13,14.787134
0.0,3,14.787258
0.0,18,14.787703
0.0,25,14.788295
0.0,23,14.788838
0.0,4,14.788981
0.0,5,14.789168
0.0,10,14.789441
0.0,11,14.789742
0.0,1,14.789821
0.0,22,14.790353
0.0,8,14.790591
0.0,9,14.790844
0.0,9,14.791108
0.0,7,14.791323
0.0,5,14.791488
0.0,4,14.791639
0.0,1,14.791715
0.0,2,14.791817
0.0,20,14.792325
0.0,7,14.792534
0.0,5,14.792698
0.0,16,14.793108
0.0,4,14.793257
0.0,4,14.793406
0.0,7,14.793612
0.0,4,14.793761
0.0,5,14.793926
0.0,32,14.794673
0.0,7,14.794885
0.0,7,14.795101
0.0,1,14.795178
0.0,7,14.795393
0.0,17,14.79581
0.0,6,14.796
0.0,20,14.796502
0.0,12,14.796821
0.0,11,14.797125
0.0,6,14.797323
0.0,2,14.797423
0.0,11,14.797711
0.0,6,14.797902
0.0,13,14.798245
0.0,5,14.798419
0.0,15,14.79881
0.0,14,14.799173
0.0,1,14.799254
0.0,6,14.799443
0.0,5,14.799607
0.0,7,14.799812
0.0,6,14.799996
0.0,2,14.800104
0.0,2,14.800204
0.0,7,14.800423
0.0,4,14.800572
0.0,10,14.800848
0.0,13,14.801204
0.0,12,14.801517
0.0,7,14.801728
0.0,21,14.802248
0.0,3,14.802373
0.0,4,14.802521
0.0,5,14.802687
0.0,19,14.803162
0.0,11,14.803455
0.0,33,14.80423
0.0,4,14.804376
0.0,5,14.804544
0.0,6,14.80473
0.0,21,14.805262
0.0,2,14.805365
0.0,9,14.805625
0.0,9,14.805881
0.0,6,14.806082
0.0,40,14.80699
1.0,13,14.807341
0.0,10,14.80761
0.0,11,14.807899
0.0,6,14.808095
0.0,21,14.808609
0.0,2,14.808713
1.0,28,14.809373
0.0,8,14.809601
0.0,8,14.809837
1.0,16,14.810245
0.0,16,14.810645
0.0,16,14.81105
1.0,21,14.811551
0.0,10,14.811816
0.0,3,14.811937
0.0,6,14.812129
0.0,2,14.812233
0.0,46,14.813251
0.0,14,14.813607
0.0,8,14.813839
0.0,1,14.813919
0.0,3,14.814055
0.0,17,14.814472
0.0,26,14.815162
0.0,10,14.815535
0.0,11,14.81595
1.0,10,14.816344
0.0,21,14.816996
0.0,6,14.817196
0.0,9,14.817468
0.0,14,14.81784
0.0,11,14.818151
0.0,12,14.818471
0.0,22,14.819023
0.0,3,14.819163
0.0,13,14.819522
0.0,42,14.820479
0.0,3,14.820603
0.0,7,14.820815
0.0,10,14.821093
0.0,6,14.821284
1.0,9,14.821547
0.0,3,14.821673
0.0,7,14.821882
1.0,45,14.822908
0.0,8,14.82315
1.0,21,14.823654
0.0,6,14.823844
0.0,11,14.824147
0.0,13,14.824486
0.0,4,14.824631
0.0,14,14.824998
0.0,18,14.82546
0.0,3,14.825588
0.0,4,14.825738
0.0,3,14.825865
0.0,5,14.82604
0.0,8,14.826275
0.0,4,14.826426
0.0,9,14.826674
0.0,7,14.826881
0.0,14,14.827253
0.0,9,14.827503
0.0,10,14.827779
0.0,10,14.828057
0.0,1,14.828139
0.0,12,14.828451
0.0,20,14.828928
0.0,7,14.829149
0.0,7,14.829356
0.0,5,14.829524
0.0,3,14.829651
0.0,4,14.829793
0.0,4,14.829936
1.0,8,14.830185
1.0,8,14.830413
0.0,5,14.830576
0.0,4,14.83072
0.0,4,14.830863
0.0,21,14.831387
0.0,9,14.831636
0.0,4,14.83178
0.0,4,14.831923
0.0,23,14.832485
0.0,7,14.832693
0.0,4,14.832842
0.0,9,14.833106
0.0,9,14.833357
0.0,6,14.833542
0.0,3,14.833664
0.0,4,14.833811
0.0,3,14.833939
0.0,16,14.834352
0.0,3,14.834477
0.0,14,14.834845
1.0,8,14.83509
0.0,4,14.835234
0.0,14,14.835587
0.0,3,14.835713
0.0,6,14.835904
0.0,21,14.836425
1.0,21,14.836928
0.0,4,14.837081
1.0,8,14.837318
0.0,4,14.837461
0.0,1,14.837537
0.0,3,14.837664
0.0,8,14.837895
0.0,18,14.838345
0.0,15,14.838727
0.0,9,14.838979
0.0,21,14.839487
0.0,8,14.839719
0.0,4,14.839863
0.0,7,14.84008
0.0,22,14.840605
0.0,36,14.841428
0.0,3,14.841557
0.0,5,14.841727
1.0,20,14.842251
0.0,15,14.842633
0.0,9,14.842881
0.0,20,14.843383
0.0,11,14.84369
0.0,4,14.843834
0.0,6,14.844035
0.0,25,14.844635
0.0,4,14.844779
0.0,9,14.845045
0.0,20,14.845672
0.0,13,14.84605
0.0,5,14.846236
0.0,7,14.846468
0.0,14,14.846827
0.0,6,14.847023
0.0,21,14.847533
0.0,6,14.847719
0.0,5,14.847884
0.0,1,14.847964
0.0,7,14.848187
0.0,3,14.848311
0.0,16,14.848721
0.0,16,14.849136
0.0,9,14.849402
0.0,5,14.849572
0.0,6,14.849764
0.0,5,14.849928
0.0,12,14.850255
0.0,24,14.850827
1.0,19,14.851307
0.0,16,14.851712
0.0,7,14.851924
0.0,1,14.852013
0.0,6,14.85221
0.0,9,14.852461
0.0,31,14.8532
0.0,22,14.853725
0.0,9,14.853972
0.0,15,14.854351
0.0,3,14.854478
0.0,25,14.85508
0.0,24,14.855638
0.0,13,14.855968
0.0,5,14.856146
0.0,11,14.856446
0.0,16,14.856852
0.0,2,14.856951
0.0,9,14.857211
0.0,27,14.857839
0.0,16,14.858255
0.0,4,14.858401
0.0,12,14.858721
0.0,19,14.859194
0.0,39,14.86008
0.0,2,14.860187
0.0,31,14.8609
0.0,13,14.861248
0.0,2,14.861351
0.0,21,14.861853
0.0,34,14.862643
1.0,21,14.863157
0.0,6,14.863354
0.0,1,14.863431
0.0,16,14.86383
1.0,8,14.864068
0.0,11,14.864366
0.0,6,14.864551
0.0,6,14.864737
0.0,11,14.865039
0.0,9,14.865296
0.0,8,14.865533
0.0,6,14.865725
0.0,9,14.865973
0.0,2,14.86608
0.0,13,14.866419
0.0,6,14.866605
0.0,1,14.866684
1.0,38,14.867565
0.0,5,14.867731
0.0,3,14.867852
0.0,2,14.867951
0.0,5,14.868128
0.0,2,14.868235
0.0,5,14.8684
0.0,4,14.868548
0.0,1,14.868623
0.0,7,14.868832
0.0,5,14.868994
0.0,10,14.869282
0.0,10,14.869563
0.0,3,14.869689
0.0,3,14.869812
0.0,2,14.869917
0.0,4,14.870075
0.0,1,14.870153
0.0,3,14.870279
0.0,7,14.870486
0.0,13,14.870829
0.0,7,14.871045
0.0,12,14.871357
0.0,11,14.871657
0.0,5,14.871824
1.0,6,14.872016
0.0,6,14.872213
0.0,20,14.872684
0.0,40,14.873603
0.0,3,14.873726
0.0,7,14.873945
0.0,19,14.874416
0.0,10,14.874696
0.0,20,14.87519
0.0,1,14.875267
0.0,3,14.87539
0.0,34,14.876195
0.0,6,14.876388
0.0,9,14.876636
0.0,14,14.876992
0.0,9,14.877249
0.0,2,14.877353
0.0,6,14.877545
0.0,12,14.877867
0.0,4,14.878022
0.0,12,14.878337
0.0,2,14.878437
0.0,4,14.87858
0.0,9,14.878831
0.0,20,14.879321
0.0,1,14.879402
0.0,15,14.879778
0.0,13,14.880123
0.0,25,14.880715
0.0,10,14.88099
0.0,13,14.881344
0.0,8,14.881586
0.0,6,14.881772
0.0,1,14.881848
0.0,1,14.881927
0.0,29,14.882611
0.0,9,14.882861
0.0,6,14.88306
1.0,19,14.883536
1.0,11,14.883837
0.0,19,14.884308
1.0,14,14.884673
0.0,32,14.885425
0.0,31,14.88614
0.0,5,14.886317
0.0,4,14.88646
0.0,6,14.886644
0.0,3,14.886765
0.0,8,14.88701
0.0,13,14.88735
0.0,7,14.88756
0.0,15,14.887937
1.0,17,14.888358
0.0,10,14.888634
0.0,9,14.888886
0.0,2,14.888987
0.0,3,14.889123
0.0,6,14.889311
1.0,17,14.889739
0.0,2,14.889838
0.0,14,14.890204
0.0,4,14.890353
0.0,8,14.890579
0.0,6,14.890768
0.0,2,14.890872
0.0,3,14.890995
0.0,19,14.891466
0.0,10,14.891743
0.0,6,14.891929
0.0,6,14.892122
0.0,8,14.892349
0.0,9,14.892601
0.0,4,14.892744
0.0,9,14.892991
0.0,1,14.893075
0.0,4,14.893219
0.0,13,14.89355
0.0,8,14.893776
0.0,4,14.893919
0.0,8,14.89416
0.0,23,14.894706
0.0,5,14.894873
0.0,8,14.895113
0.0,28,14.895766
0.0,4,14.895911
0.0,8,14.896155
0.0,6,14.896353
0.0,1,14.89643
0.0,5,14.896595
0.0,10,14.896867
0.0,1,14.896943
0.0,1,14.897028
0.0,2,14.897141
0.0,4,14.897292
0.0,7,14.897499
0.0,5,14.897663
0.0,7,14.897874
0.0,11,14.898182
0.0,14,14.898547
0.0,1,14.898627
0.0,19,14.899099
0.0,21,14.899601
0.0,4,14.899748
0.0,4,14.899891
0.0,4,14.900048
1.0,24,14.900613
0.0,11,14.900913
0.0,54,14.902112
0.0,13,14.902449
0.0,6,14.902633
0.0,15,14.903022
0.0,5,14.903189
0.0,19,14.903647
0.0,2,14.903754
0.0,3,14.903878
0.0,6,14.904075
1.0,8,14.90431
0.0,14,14.904663
0.0,5,14.90483
0.0,6,14.90503
0.0,9,14.905293
0.0,16,14.905694
0.0,13,14.906045
1.0,25,14.906643
0.0,4,14.906786
0.0,19,14.90725
0.0,8,14.907478
0.0,29,14.908147
0.0,11,14.90844
0.0,15,14.908818
0.0,2,14.908923
0.0,16,14.909326
0.0,4,14.90947
0.0,4,14.909612
0.0,4,14.909759
0.0,10,14.910042
0.0,11,14.910337
0.0,2,14.910443
0.0,8,14.910676
0.0,4,14.91082
0.0,6,14.91101
0.0,3,14.911142
0.0,3,14.91127
0.0,28,14.911927
0.0,42,14.912884
1.0,7,14.913102
0.0,1,14.913179
0.0,5,14.913343
0.0,3,14.913468
0.0,3,14.91359
0.0,1,14.913669
0.0,1,14.913749
0.0,18,14.91421
0.0,4,14.914354
0.0,28,14.915009
0.0,1,14.915088
1.0,39,14.915979
0.0,30,14.91668
0.0,24,14.917252
0.0,8,14.917479
0.0,4,14.917625
0.0,5,14.917791
0.0,1,14.91787
0.0,7,14.91809
0.0,12,14.918411
0.0,6,14.918605
0.0,12,14.918929
0.0,4,14.919102
0.0,4,14.919259
0.0,8,14.919506
0.0,3,14.919627
0.0,3,14.919748
0.0,3,14.919873
0.0,5,14.920064
0.0,1,14.920145
0.0,1,14.920228
0.0,4,14.92039
0.0,4,14.920537
0.0,4,14.92068
0.0,7,14.920892
0.0,8,14.921137
0.0,10,14.92142
0.0,9,14.92167
0.0,5,14.921834
0.0,12,14.922164
0.0,11,14.922468
0.0,6,14.922664
0.0,3,14.922786
0.0,1,14.922861
0.0,4,14.923011
0.0,1,14.923093
0.0,15,14.923477
0.0,2,14.923577
0.0,3,14.923697
1.0,15,14.92409
0.0,14,14.924451
1.0,21,14.924951
0.0,1,14.925035
0.0,3,14.925159
1.0,20,14.92565
0.0,27,14.926291
0.0,3,14.92642
0.0,9,14.926671
0.0,4,14.926814
1.0,43,14.927795
0.0,2,14.927897
0.0,3,14.928033
0.0,10,14.928306
0.0,12,14.928621
0.0,4,14.928765
0.0,1,14.928841
0.0,1,14.928929
0.0,7,14.929155
0.0,4,14.929307
0.0,7,14.929524
0.0,2,14.929628
0.0,10,14.929897
1.0,11,14.930215
0.0,18,14.930658
0.0,4,14.930806
1.0,21,14.931319
0.0,11,14.931624
0.0,3,14.931745
0.0,17,14.932178
1.0,16,14.932578
0.0,16,14.932996
0.0,7,14.933224
0.0,2,14.933341
0.0,13,14.933677
0.0,6,14.933867
0.0,2,14.933967
0.0,12,14.934297
0.0,6,14.93449
0.0,44,14.935492
0.0,3,14.93562
0.0,6,14.935807
0.0,1,14.935883
0.0,19,14.936361
0.0,24,14.936932
0.0,2,14.937046
0.0,7,14.937257
0.0,17,14.937676
0.0,7,14.937883
0.0,10,14.938167
0.0,8,14.938404
0.0,6,14.938594
0.0,13,14.938929
0.0,3,14.939061
0.0,7,14.939268
0.0,2,14.939367
0.0,3,14.939487
0.0,1,14.939562
0.0,7,14.939772
0.0,5,14.939936
1.0,6,14.940131
0.0,4,14.940282
0.0,22,14.940806
0.0,7,14.941025
0.0,11,14.941323
0.0,3,14.941445
0.0,3,14.941566
0.0,15,14.941945
0.0,10,14.94222
0.0,5,14.942384
0.0,5,14.942547
0.0,8,14.942771
0.0,2,14.942869
0.0,16,14.943269
0.0,4,14.943413
0.0,10,14.943678
0.0,15,14.944061
0.0,1,14.944139
0.0,8,14.94437
0.0,1,14.944446
0.0,8,14.944687
0.0,8,14.944913
0.0,1,14.944993
0.0,30,14.945736
1.0,31,14.946471
0.0,7,14.946683
0.0,4,14.946826
0.0,10,14.947113
1.0,7,14.947333
0.0,6,14.947524
1.0,28,14.948198
0.0,3,14.948323
1.0,50,14.949448
0.0,26,14.950083
0.0,3,14.950209
0.0,13,14.950554
0.0,5,14.950725
1.0,23,14.951433
0.0,4,14.951586
0.0,11,14.95189
0.0,4,14.952053
0.0,2,14.952156
0.0,4,14.952301
1.0,16,14.952714
0.0,8,14.952947
0.0,4,14.9531
0.0,38,14.95397
1.0,18,14.954423
0.0,4,14.954569
0.0,25,14.955172
0.0,19,14.955643
0.0,10,14.955921
0.0,22,14.956469
1.0,10,14.956743
1.0,17,14.957178
0.0,2,14.957283
0.0,9,14.957538
0.0,2,14.957638
0.0,6,14.957834
0.0,15,14.958228
0.0,8,14.958466
1.0,20,14.958961
0.0,6,14.959164
0.0,5,14.959335
0.0,5,14.959507
0.0,15,14.959886
0.0,7,14.960116
0.0,21,14.960627
0.0,8,14.960864
0.0,23,14.961427
0.0,12,14.961746
0.0,1,14.961823
0.0,3,14.961945
0.0,4,14.962103
0.0,5,14.962274
0.0,5,14.962445
0.0,3,14.962572
1.0,20,14.963073
0.0,7,14.963294
0.0,14,14.963645
0.0,19,14.964113
0.0,7,14.964325
0.0,9,14.964577
0.0,7,14.964787
0.0,27,14.965431
0.0,22,14.965955
1.0,8,14.966192
0.0,25,14.966779
0.0,6,14.96697
0.0,21,14.967488
0.0,14,14.967847
0.0,2,14.967955
0.0,14,14.968332
0.0,4,14.968484
0.0,18,14.968923
0.0,4,14.969078
0.0,7,14.969286
0.0,5,14.969451
0.0,2,14.969558
0.0,8,14.969794
0.0,17,14.970222
0.0,41,14.971161
0.0,4,14.971311
1.0,13,14.971658
0.0,3,14.97178
0.0,3,14.971907
0.0,4,14.972061
0.0,3,14.972185
0.0,3,14.972312
0.0,4,14.972461
0.0,7,14.972678
0.0,2,14.972778
0.0,8,14.973024
0.0,15,14.973416
0.0,7,14.973622
1.0,17,14.974053
1.0,6,14.97424
0.0,3,14.974367
0.0,6,14.974556
0.0,4,14.974706
0.0,7,14.974921
0.0,8,14.975163
0.0,19,14.975627
1.0,23,14.976172
0.0,3,14.976301
1.0,6,14.976487
0.0,5,14.97665
0.0,2,14.97675
0.0,5,14.976922
0.0,4,14.977075
0.0,14,14.977447
0.0,6,14.977638
0.0,1,14.977714
0.0,2,14.977814
1.0,12,14.978143
0.0,8,14.978373
0.0,14,14.978746
0.0,13,14.979096
0.0,1,14.979174
0.0,7,14.979386
0.0,10,14.979662
0.0,4,14.979806
0.0,1,14.979886
0.0,17,14.98032
0.0,17,14.980743
0.0,4,14.980888
0.0,5,14.981062
0.0,26,14.981678
0.0,4,14.981823
0.0,1,14.981903
0.0,2,14.982012
0.0,2,14.982114
0.0,9,14.982369
0.0,16,14.982771
0.0,15,14.983153
0.0,3,14.983277
0.0,6,14.983477
0.0,4,14.983622
1.0,15,14.984011
1.0,34,14.984807
0.0,7,14.985075
0.0,12,14.985389
0.0,10,14.985661
0.0,4,14.985805
0.0,13,14.986145
0.0,10,14.986415
0.0,12,14.986724
1.0,9,14.986973
0.0,15,14.987364
0.0,12,14.987677
1.0,18,14.988135
0.0,2,14.98824
0.0,14,14.988603
0.0,14,14.988962
0.0,6,14.989154
0.0,2,14.989256
0.0,10,14.989532
0.0,8,14.989766
0.0,8,14.989992
0.0,13,14.99033
0.0,29,14.990996
0.0,1,14.991086
0.0,10,14.991355
0.0,11,14.991643
0.0,5,14.991814
0.0,3,14.991936
0.0,1,14.992016
0.0,1,14.992098
0.0,6,14.992286
0.0,5,14.992449
0.0,4,14.992596
0.0,4,14.992744
0.0,14,14.993115
0.0,19,14.993581
0.0,12,14.993894
0.0,9,14.994158
0.0,10,14.994441
1.0,13,14.994783
0.0,5,14.994946
0.0,2,14.995054
1.0,6,14.99524
0.0,26,14.995858
0.0,6,14.996059
0.0,23,14.996611
0.0,10,14.996879
0.0,1,14.996958
0.0,5,14.997135
0.0,2,14.997236
0.0,8,14.997469
0.0,8,14.997695
0.0,3,14.997821
0.0,2,14.997921
0.0,10,14.998204
0.0,2,14.998304
0.0,3,14.99843
0.0,5,14.9986
1.0,15,14.998978
0.0,25,14.999586
0.0,2,14.999688
0.0,3,14.999811
0.0,6,14.999996
0.0,27,15.000634
0.0,19,15.001103
0.0,6,15.001299
0.0,5,15.001465
0.0,11,15.001754
0.0,6,15.001948
0.0,6,15.002153
0.0,8,15.002393
0.0,4,15.00254
0.0,4,15.002682
0.0,4,15.002825
0.0,3,15.002947
0.0,26,15.003566
0.0,5,15.003734
0.0,4,15.003875
0.0,2,15.003975
0.0,5,15.004148
0.0,2,15.004248
0.0,8,15.00448
0.0,6,15.004672
0.0,2,15.004772
0.0,15,15.005167
0.0,5,15.005339
1.0,18,15.005772
0.0,10,15.006054
0.0,6,15.006241
0.0,37,15.007085
0.0,2,15.007191
0.0,8,15.007419
0.0,2,15.007522
0.0,9,15.007774
0.0,2,15.007873
1.0,24,15.008456
0.0,8,15.008699
0.0,2,15.0088
0.0,35,15.009606
0.0,14,15.009966
0.0,8,15.01021
0.0,1,15.010288
0.0,25,15.010886
0.0,6,15.011084
0.0,26,15.011682
0.0,29,15.01236
0.0,6,15.012547
0.0,5,15.012728
0.0,3,15.012852
0.0,3,15.012977
0.0,6,15.013171
0.0,13,15.01351
0.0,3,15.013631
0.0,3,15.013757
0.0,7,15.013964
0.0,11,15.014267
0.0,10,15.014536
0.0,2,15.01464
0.0,7,15.014846
0.0,1,15.014925
0.0,4,15.015084
0.0,38,15.015945
0.0,1,15.016029
1.0,16,15.016435
0.0,5,15.0166
0.0,8,15.016835
0.0,4,15.016978
0.0,12,15.0173
1.0,29,15.017963
0.0,7,15.018185
0.0,7,15.018404
0.0,8,15.018641
0.0,1,15.018716
0.0,5,15.01888
0.0,4,15.01903
0.0,11,15.019333
0.0,2,15.019433
0.0,4,15.019581
0.0,10,15.019855
0.0,10,15.020136
0.0,3,15.020259
0.0,8,15.020486
0.0,5,15.020659
0.0,2,15.02076
0.0,32,15.021492
1.0,11,15.02178
0.0,4,15.021927
0.0,2,15.022035
1.0,21,15.022542
0.0,1,15.02262
0.0,2,15.022722
0.0,11,15.023031
0.0,23,15.023572
0.0,6,15.02376
0.0,31,15.024493
0.0,24,15.02506
0.0,22,15.025573
0.0,13,15.025908
0.0,22,15.026447
0.0,4,15.026598
0.0,4,15.026747
0.0,4,15.026891
0.0,2,15.026995
0.0,22,15.027536
1.0,23,15.028103
0.0,4,15.028247
0.0,4,15.028394
0.0,11,15.028697
0.0,17,15.029133
0.0,3,15.029261
1.0,20,15.029746
0.0,6,15.029938
0.0,2,15.030048
0.0,18,15.030489
0.0,4,15.030632
0.0,6,15.030817
0.0,9,15.031078
0.0,2,15.031184
0.0,3,15.031307
0.0,11,15.031607
0.0,6,15.03179
0.0,4,15.031933
1.0,7,15.032158
0.0,29,15.032826
0.0,7,15.033045
0.0,12,15.033369
0.0,3,15.033491
1.0,18,15.033933
0.0,5,15.034114
0.0,6,15.0343
0.0,25,15.034889
0.0,17,15.035324
0.0,6,15.035511
0.0,11,15.035811
0.0,34,15.036603
0.0,5,15.03677
0.0,5,15.036941
0.0,15,15.037328
0.0,3,15.037451
0.0,34,15.038231
1.0,10,15.038497
0.0,8,15.038727
0.0,2,15.038827
0.0,1,15.038902
0.0,2,15.039009
0.0,1,15.039091
0.0,31,15.039791
0.0,33,15.040555
0.0,22,15.041086
0.0,5,15.041252
0.0,16,15.041661
0.0,9,15.041912
1.0,21,15.042418
1.0,20,15.042899
1.0,25,15.043498
0.0,4,15.043646
0.0,21,15.044171
0.0,4,15.044323
0.0,10,15.044591
0.0,1,15.044666
0.0,11,15.044964
0.0,8,15.045203
0.0,5,15.045369
0.0,1,15.045444
0.0,2,15.045544
0.0,2,15.045644
0.0,10,15.045915
1.0,14,15.046287
0.0,7,15.046494
0.0,20,15.046985
0.0,8,15.047224
0.0,23,15.047764
0.0,7,15.047972
0.0,20,15.048468
0.0,10,15.048744
0.0,14,15.049108
0.0,13,15.049436
0.0,6,15.049625
0.0,2,15.049729
0.0,2,15.049834
0.0,50,15.050952
0.0,29,15.051648
0.0,1,15.051726
0.0,12,15.052053
0.0,6,15.052244
0.0,23,15.052785
0.0,12,15.053106
0.0,8,15.053338
0.0,18,15.053773
0.0,20,15.054267
0.0,10,15.054546
0.0,11,15.054844
0.0,5,15.055015
0.0,3,15.05514
0.0,12,15.055449
0.0,3,15.055575
0.0,10,15.055841
0.0,30,15.056652
0.0,3,15.056788
0.0,21,15.057313
0.0,8,15.057544
0.0,12,15.057861
1.0,11,15.058162
0.0,5,15.058334
0.0,21,15.05884
0.0,5,15.059019
1.0,8,15.059263
0.0,22,15.059783
0.0,8,15.060019
0.0,14,15.060382
0.0,10,15.060663
0.0,26,15.061286
0.0,9,15.061537
0.0,25,15.062141
0.0,6,15.062329
0.0,1,15.062404
0.0,26,15.063026
0.0,3,15.063155
0.0,1,15.063235
0.0,13,15.063576
0.0,6,15.063764
0.0,7,15.063971
0.0,8,15.064204
0.0,2,15.06431
0.0,7,15.064527
0.0,1,15.064604
0.0,29,15.065291
0.0,9,15.065546
0.0,1,15.065626
1.0,24,15.066211
0.0,30,15.066891
0.0,12,15.067226
0.0,7,15.067435
1.0,34,15.068223
0.0,6,15.068412
0.0,19,15.068879
0.0,20,15.069374
0.0,1,15.069452
0.0,9,15.069711
0.0,26,15.070352
0.0,9,15.070602
0.0,1,15.070682
0.0,3,15.07081
0.0,11,15.071114
0.0,6,15.071302
0.0,2,15.071402
0.0,7,15.07161
0.0,10,15.071883
0.0,6,15.072086
0.0,5,15.072258
0.0,5,15.072423
0.0,10,15.072704
0.0,3,15.072826
0.0,6,15.073032
0.0,1,15.07311
0.0,9,15.073358
0.0,8,15.073584
0.0,1,15.073663
0.0,2,15.073769
0.0,2,15.073869
0.0,20,15.074367
0.0,9,15.074614
0.0,3,15.074736
0.0,8,15.074972
0.0,8,15.075208
0.0,8,15.075444
0.0,21,15.075941
0.0,18,15.076386
0.0,31,15.077125
0.0,6,15.077313
0.0,4,15.077456
0.0,5,15.077625
0.0,8,15.07786
0.0,4,15.07801
0.0,36,15.078829
1.0,25,15.079423
0.0,17,15.079844
0.0,12,15.080168
0.0,14,15.080539
0.0,1,15.080615
0.0,15,15.080999
0.0,13,15.081342
0.0,20,15.081833
0.0,5,15.082008
0.0,17,15.082452
0.0,3,15.082575
0.0,12,15.082899
0.0,30,15.083612
0.0,5,15.083777
0.0,6,15.083972
0.0,10,15.084251
0.0,2,15.084352
0.0,1,15.084428
0.0,9,15.084686
0.0,6,15.084874
0.0,5,15.085057
0.0,4,15.085209
0.0,3,15.085331
0.0,13,15.085669
0.0,13,15.086012
0.0,9,15.086273
1.0,28,15.086911
0.0,12,15.08724
0.0,11,15.087542
0.0,2,15.087643
1.0,12,15.087955
0.0,1,15.088037
0.0,3,15.088168
0.0,5,15.088343
0.0,1,15.088419
0.0,4,15.088568
0.0,11,15.08886
0.0,48,15.089933
0.0,17,15.090364
0.0,3,15.090487
0.0,9,15.090742
0.0,1,15.090819
0.0,9,15.091076
0.0,4,15.091225
0.0,11,15.091518
0.0,3,15.09164
0.0,12,15.091961
0.0,4,15.092113
0.0,4,15.092263
0.0,2,15.092368
0.0,5,15.092533
0.0,11,15.092828
0.0,4,15.09298
0.0,33,15.093735
0.0,1,15.093813
0.0,8,15.094048
0.0,2,15.094149
0.0,12,15.094469
0.0,10,15.094743
0.0,4,15.094886
0.0,15,15.095267
0.0,12,15.095589
0.0,5,15.095753
0.0,6,15.095934
0.0,1,15.096017
0.0,19,15.096483
0.0,22,15.096999
0.0,5,15.097172
0.0,15,15.097553
0.0,3,15.097676
0.0,9,15.09794
0.0,2,15.098056
0.0,5,15.098224
0.0,1,15.0983
0.0,9,15.098547
0.0,6,15.098736
0.0,9,15.098983
0.0,3,15.099116
0.0,5,15.099281
0.0,12,15.099588
0.0,3,15.099709
0.0,11,15.100111
0.0,3,15.100291
0.0,4,15.10049
0.0,4,15.100641
0.0,11,15.100951
0.0,2,15.101061
0.0,4,15.101207
0.0,2,15.10131
0.0,8,15.101548
0.0,5,15.101713
0.0,5,15.101878
0.0,26,15.102508
0.0,10,15.102783
0.0,6,15.102972
0.0,4,15.103125
0.0,3,15.103249
0.0,4,15.103393
0.0,4,15.103544
0.0,14,15.103904
1.0,21,15.10442
0.0,3,15.104543
0.0,2,15.104643
0.0,14,15.104993
0.0,15,15.105373
0.0,7,15.105578
0.0,18,15.106019
0.0,4,15.106164
0.0,12,15.106484
0.0,2,15.106585
0.0,1,15.10666
0.0,14,15.107025
0.0,5,15.107202
0.0,3,15.107325
0.0,20,15.107803
0.0,4,15.10795
0.0,6,15.108152
0.0,26,15.108768
0.0,3,15.10889
0.0,6,15.109089
0.0,14,15.109454
0.0,5,15.109625
0.0,3,15.109752
0.0,33,15.110514
0.0,5,15.11068
0.0,8,15.110903
0.0,1,15.110982
0.0,14,15.111354
0.0,10,15.111624
0.0,16,15.112031
0.0,1,15.11211
0.0,6,15.112298
0.0,5,15.112468
0.0,8,15.112694
0.0,5,15.112859
0.0,4,15.113014
0.0,29,15.11368
0.0,17,15.11412
0.0,20,15.114611
0.0,8,15.11484
0.0,8,15.11508
1.0,9,15.115333
0.0,2,15.115437
0.0,22,15.115973
0.0,16,15.116388
0.0,2,15.116491
0.0,5,15.116655
0.0,13,15.116988
0.0,7,15.117208
0.0,8,15.117441
0.0,16,15.117842
0.0,4,15.117984
0.0,3,15.118114
0.0,2,15.118215
0.0,4,15.118357
0.0,9,15.118614
0.0,17,15.119046
0.0,4,15.119191
0.0,9,15.119438
0.0,10,15.119708
0.0,20,15.120206
0.0,3,15.120334
0.0,6,15.120527
0.0,6,15.120719
0.0,1,15.120795
0.0,8,15.121035
0.0,5,15.121207
0.0,2,15.121311
0.0,1,15.12139
0.0,8,15.121619
1.0,10,15.121895
0.0,7,15.122109
0.0,21,15.122607
0.0,8,15.122832
0.0,3,15.122954
0.0,11,15.123261
0.0,3,15.123389
1.0,24,15.123951
0.0,5,15.12413
0.0,5,15.124303
0.0,20,15.124779
0.0,15,15.125171
0.0,20,15.125656
0.0,5,15.12582
0.0,6,15.126017
0.0,5,15.126185
0.0,6,15.126376
1.0,9,15.126623
0.0,8,15.126848
0.0,41,15.127769
0.0,12,15.128097
0.0,21,15.128599
0.0,21,15.129123
0.0,6,15.12931
0.0,3,15.129432
0.0,17,15.129851
0.0,25,15.130452
0.0,7,15.130667
0.0,4,15.130811
0.0,13,15.131163
0.0,5,15.131333
0.0,6,15.131518
0.0,7,15.131724
0.0,18,15.13217
0.0,4,15.132315
0.0,21,15.132813
0.0,11,15.133119
0.0,2,15.133221
0.0,3,15.133342
0.0,1,15.133421
0.0,1,15.133502
0.0,4,15.133651
0.0,6,15.133836
0.0,7,15.134058
0.0,2,15.13416
0.0,4,15.134306
0.0,7,15.134514
0.0,1,15.134593
0.0,4,15.134737
0.0,12,15.135058
0.0,8,15.135287
0.0,4,15.135429
0.0,2,15.135528
0.0,1,15.135603
0.0,2,15.135703
0.0,18,15.13616
0.0,7,15.136366
0.0,24,15.13694
0.0,5,15.137113
0.0,3,15.137236
0.0,9,15.137485
0.0,7,15.137694
0.0,4,15.137837
0.0,34,15.138623
0.0,5,15.138793
0.0,3,15.138922
0.0,7,15.139139
0.0,20,15.139633
0.0,9,15.139883
0.0,13,15.140233
0.0,7,15.14044
0.0,11,15.140734
0.0,3,15.140862
0.0,6,15.141064
0.0,7,15.141277
0.0,1,15.141352
0.0,2,15.141457
0.0,10,15.141744
0.0,5,15.14191
0.0,19,15.142388
0.0,7,15.142604
0.0,3,15.142731
0.0,20,15.143225
0.0,22,15.143747
0.0,22,15.144286
0.0,9,15.14454
0.0,12,15.144856
0.0,4,15.145014
0.0,15,15.145397
1.0,23,15.145934
0.0,10,15.146212
1.0,18,15.146662
0.0,1,15.146736
0.0,4,15.146878
0.0,14,15.14724
0.0,7,15.14745
0.0,5,15.14762
0.0,18,15.148063
0.0,5,15.148234
0.0,11,15.148527
0.0,4,15.148671
0.0,5,15.148836
0.0,12,15.14916
0.0,3,15.149291
0.0,3,15.149413
0.0,11,15.149709
0.0,2,15.149809
0.0,25,15.150399
0.0,5,15.15057
0.0,4,15.150713
0.0,8,15.150944
0.0,12,15.151265
0.0,9,15.151512
0.0,8,15.151737
0.0,6,15.151926
0.0,7,15.152145
0.0,3,15.152269
0.0,2,15.152368
1.0,12,15.152677
0.0,3,15.152797
0.0,9,15.153052
0.0,2,15.153154
0.0,2,15.153253
1.0,17,15.153664
0.0,4,15.153812
0.0,5,15.153982
0.0,5,15.154161
1.0,14,15.154521
0.0,45,15.155529
0.0,16,15.155929
0.0,6,15.156192
0.0,10,15.156493
0.0,3,15.156618
0.0,5,15.156789
0.0,6,15.156974
0.0,6,15.157173
0.0,3,15.157297
0.0,3,15.157418
0.0,5,15.157582
0.0,14,15.157938
0.0,5,15.158117
0.0,8,15.158347
0.0,3,15.158473
0.0,12,15.158781
0.0,9,15.159047
1.0,11,15.159337
0.0,5,15.159501
0.0,42,15.160451
0.0,9,15.160699
0.0,20,15.161186
0.0,6,15.161373
0.0,29,15.162047
0.0,10,15.162318
0.0,3,15.162439
0.0,32,15.163183
0.0,7,15.163395
0.0,1,15.163472
0.0,6,15.163658
0.0,1,15.163733
0.0,10,15.164036
0.0,11,15.164329
0.0,3,15.164459
0.0,5,15.164624
0.0,1,15.1647
0.0,8,15.164933
0.0,2,15.165043
0.0,1,15.16512
0.0,5,15.165286
0.0,4,15.165429
0.0,8,15.165655
0.0,8,15.16588
0.0,9,15.166136
0.0,7,15.166341
0.0,10,15.16662
0.0,10,15.166899
0.0,6,15.167099
0.0,3,15.167228
0.0,1,15.167305
0.0,4,15.167448
0.0,14,15.167812
0.0,6,15.168009
0.0,35,15.168796
0.0,16,15.169211
0.0,8,15.169448
0.0,14,15.169796
0.0,26,15.170423
0.0,6,15.170615
0.0,1,15.170691
0.0,5,15.170855
0.0,9,15.171125
1.0,28,15.171773
0.0,7,15.171977
0.0,1,15.17206
0.0,3,15.172184
0.0,10,15.172451
0.0,7,15.17267
0.0,14,15.173039
1.0,13,15.173372
0.0,3,15.173499
0.0,5,15.173664
0.0,13,15.174015
0.0,2,15.174118
0.0,2,15.174223
0.0,1,15.174299
0.0,1,15.174374
0.0,9,15.174629
0.0,1,15.174709
0.0,6,15.1749
0.0,2,15.174999
0.0,3,15.175129
0.0,3,15.175251
0.0,1,15.175325
0.0,8,15.17556
0.0,1,15.175636
0.0,36,15.17654
0.0,3,15.176676
0.0,12,15.176994
0.0,3,15.177131
0.0,1,15.177212
0.0,30,15.177917
0.0,3,15.178056
0.0,16,15.178454
0.0,5,15.178623
0.0,32,15.179369
0.0,5,15.179546
0.0,4,15.179691
0.0,2,15.179792
0.0,4,15.17994
0.0,3,15.180079
0.0,12,15.180396
0.0,32,15.181153
0.0,4,15.181299
0.0,3,15.181422
0.0,41,15.182361
0.0,4,15.182512
0.0,3,15.182635
0.0,5,15.182808
0.0,1,15.182884
0.0,3,15.18302
0.0,6,15.183209
0.0,9,15.183457
0.0,6,15.18364
0.0,2,15.18374
0.0,24,15.184313
0.0,1,15.184395
0.0,12,15.184718
0.0,8,15.184956
0.0,14,15.185327
0.0,11,15.185635
0.0,20,15.186137
0.0,6,15.186332
0.0,11,15.186625
0.0,12,15.18695
0.0,10,15.187228
0.0,8,15.187461
1.0,22,15.187986
0.0,27,15.188633
0.0,5,15.188806
1.0,17,15.189245
0.0,21,15.18976
0.0,6,15.189952
1.0,7,15.190176
0.0,2,15.190277
0.0,6,15.190463
0.0,12,15.190782
0.0,18,15.191242
0.0,6,15.191433
0.0,14,15.191786
0.0,23,15.19235
0.0,5,15.192523
0.0,4,15.192674
0.0,3,15.192797
0.0,4,15.19294
0.0,6,15.19314
0.0,5,15.193313
0.0,2,15.193414
1.0,16,15.193809
0.0,14,15.194175
0.0,1,15.194256
0.0,4,15.194402
0.0,4,15.19455
0.0,12,15.194867
0.0,10,15.19515
0.0,10,15.195426
0.0,5,15.195596
0.0,1,15.195676
0.0,86,15.197555
0.0,20,15.198047
0.0,6,15.198244
0.0,4,15.198388
0.0,4,15.198536
1.0,84,15.20038
0.0,5,15.200557
0.0,12,15.200879
0.0,5,15.201055
0.0,4,15.201201
1.0,18,15.201653
0.0,8,15.201888
0.0,17,15.202326
0.0,20,15.202821
0.0,5,15.202991
0.0,1,15.20308
0.0,4,15.203228
0.0,8,15.203461
0.0,7,15.20367
0.0,10,15.203947
0.0,16,15.204367
0.0,1,15.204445
1.0,9,15.204699
0.0,3,15.204818
0.0,7,15.205042
0.0,14,15.205401
0.0,1,15.205476
0.0,16,15.205877
0.0,12,15.206201
0.0,11,15.20651
0.0,11,15.206801
0.0,6,15.206987
0.0,4,15.207139
0.0,26,15.20775
0.0,7,15.207961
0.0,14,15.208334
0.0,16,15.208737
0.0,2,15.208838
1.0,11,15.209146
0.0,15,15.209528
0.0,1,15.209605
0.0,4,15.209756
0.0,6,15.209947
0.0,10,15.210233
0.0,5,15.210406
0.0,1,15.210483
0.0,2,15.210584
0.0,6,15.21077
0.0,12,15.211087
0.0,8,15.211315
0.0,5,15.211479
0.0,6,15.211664
0.0,2,15.211764
0.0,8,15.211998
0.0,9,15.212258
0.0,9,15.212516
0.0,4,15.212665
0.0,6,15.212851
0.0,2,15.212956
0.0,7,15.213181
0.0,3,15.213307
0.0,2,15.213409
0.0,4,15.213559
0.0,7,15.213774
0.0,1,15.21385
0.0,6,15.214046
0.0,7,15.214262
0.0,1,15.214342
1.0,8,15.214573
0.0,8,15.214806
0.0,1,15.214882
0.0,1,15.214957
0.0,25,15.215554
0.0,6,15.215745
0.0,17,15.216172
1.0,15,15.21655
0.0,12,15.216867
1.0,12,15.217191
0.0,1,15.217272
0.0,26,15.21789
0.0,6,15.218087
1.0,32,15.218825
0.0,5,15.218993
0.0,4,15.21915
0.0,15,15.219538
0.0,9,15.219791
0.0,12,15.220114
0.0,1,15.220191
0.0,29,15.220867
0.0,2,15.220967
0.0,6,15.221169
0.0,11,15.221462
0.0,5,15.221634
0.0,23,15.222197
0.0,4,15.222347
0.0,3,15.222477
0.0,7,15.222687
0.0,25,15.223292
0.0,7,15.223497
0.0,24,15.224077
0.0,4,15.224228
0.0,14,15.224583
0.0,4,15.224729
0.0,11,15.225032
0.0,10,15.225317
0.0,4,15.225462
0.0,4,15.225609
0.0,1,15.225689
0.0,2,15.22579
0.0,7,15.225997
0.0,1,15.226086
1.0,28,15.226732
0.0,10,15.226999
0.0,26,15.227622
0.0,7,15.227829
0.0,3,15.227961
0.0,3,15.228093
0.0,8,15.228325
0.0,5,15.228495
0.0,5,15.228667
0.0,13,15.229001
0.0,5,15.229172
0.0,6,15.229367
0.0,5,15.229544
0.0,3,15.229668
0.0,9,15.229926
0.0,12,15.230263
0.0,3,15.230393
0.0,8,15.230622
0.0,4,15.230765
0.0,13,15.231119
0.0,4,15.231268
0.0,15,15.231651
0.0,7,15.231858
0.0,18,15.232303
0.0,9,15.232553
0.0,2,15.232653
0.0,1,15.232733
0.0,4,15.232889
0.0,2,15.23299
0.0,7,15.233213
0.0,4,15.233361
0.0,3,15.233488
0.0,2,15.233589
1.0,23,15.234162
0.0,3,15.234287
0.0,17,15.23472
0.0,3,15.234844
0.0,3,15.234967
0.0,5,15.235139
0.0,6,15.235334
0.0,14,15.235694
0.0,2,15.235795
0.0,4,15.235948
0.0,6,15.236145
0.0,6,15.236332
0.0,4,15.236474
0.0,1,15.236549
0.0,5,15.236713
0.0,2,15.236818
0.0,4,15.23697
0.0,15,15.237358
0.0,9,15.237617
0.0,8,15.237844
0.0,16,15.238254
0.0,4,15.238398
0.0,25,15.238982
0.0,7,15.239202
0.0,8,15.239436
0.0,16,15.23983
0.0,3,15.239957
0.0,12,15.240292
0.0,5,15.240466
0.0,21,15.240973
0.0,1,15.241061
0.0,13,15.241405
0.0,4,15.241555
0.0,27,15.2422
0.0,2,15.242307
0.0,1,15.242383
0.0,1,15.242458
0.0,1,15.242533
0.0,1,15.242609
0.0,6,15.242796
0.0,13,15.243142
0.0,2,15.243248
0.0,47,15.244318
0.0,8,15.244554
0.0,6,15.24474
0.0,9,15.244992
0.0,6,15.245188
0.0,3,15.245316
0.0,4,15.24546
0.0,6,15.245649
0.0,5,15.245818
0.0,4,15.245962
0.0,3,15.246091
0.0,4,15.246236
0.0,1,15.246311
0.0,7,15.24652
0.0,10,15.246799
0.0,14,15.247165
0.0,13,15.247506
1.0,13,15.247842
0.0,11,15.24815
0.0,3,15.248275
0.0,17,15.248699
0.0,10,15.248974
0.0,30,15.249681
0.0,8,15.249924
0.0,7,15.250146
0.0,4,15.250301
0.0,22,15.250827
0.0,22,15.251369
0.0,9,15.251622
0.0,16,15.252042
0.0,5,15.25221
0.0,1,15.252286
0.0,19,15.252752
0.0,23,15.253312
0.0,8,15.253543
0.0,17,15.253966
0.0,15,15.254365
0.0,4,15.254514
0.0,1,15.254595
0.0,5,15.254769
0.0,5,15.254936
1.0,36,15.255785
0.0,15,15.25618
0.0,23,15.256826
0.0,3,15.256957
1.0,11,15.257262
0.0,3,15.257391
1.0,13,15.257726
0.0,17,15.258161
0.0,9,15.258411
0.0,18,15.258841
0.0,6,15.259045
0.0,4,15.259191
0.0,5,15.259356
0.0,7,15.259575
0.0,5,15.25974
0.0,2,15.259841
0.0,2,15.259945
0.0,6,15.260151
0.0,8,15.260388
0.0,7,15.260596
0.0,7,15.260806
0.0,4,15.260949
0.0,2,15.261062
0.0,16,15.261465
0.0,2,15.261565
0.0,5,15.261727
0.0,25,15.262311
0.0,4,15.262455
0.0,34,15.263236
0.0,6,15.263429
0.0,5,15.263599
0.0,5,15.263762
0.0,6,15.263948
0.0,6,15.264149
0.0,11,15.264447
0.0,8,15.264678
0.0,9,15.264927
0.0,5,15.265105
0.0,6,15.265294
0.0,6,15.265489
0.0,3,15.265611
0.0,3,15.265733
0.0,7,15.265947
0.0,6,15.266143
0.0,13,15.266482
0.0,5,15.266655
0.0,16,15.267079
0.0,2,15.267182
0.0,3,15.267302
0.0,3,15.267423
0.0,4,15.267576
0.0,1,15.267653
1.0,25,15.268263
0.0,2,15.268364
0.0,4,15.268507
0.0,14,15.268877
0.0,7,15.269099
0.0,8,15.269328
0.0,8,15.269564
0.0,6,15.269751
1.0,13,15.270092
0.0,3,15.27022
0.0,1,15.270298
0.0,24,15.270866
1.0,9,15.271134
1.0,11,15.271437
0.0,37,15.272285
0.0,10,15.272563
0.0,10,15.27283
0.0,7,15.273043
0.0,7,15.273255
0.0,10,15.273529
0.0,6,15.27372
0.0,18,15.274162
0.0,16,15.274563
0.0,9,15.274819
0.0,8,15.275065
0.0,3,15.275189
0.0,6,15.27538
0.0,24,15.275946
0.0,12,15.276272
0.0,15,15.276657
0.0,3,15.276783
0.0,7,15.276991
0.0,18,15.277442
0.0,9,15.277695
0.0,5,15.277858
0.0,16,15.278271
0.0,19,15.278733
0.0,4,15.278881
1.0,16,15.279288
0.0,8,15.279516
1.0,24,15.280078
0.0,10,15.280351
0.0,4,15.280494
0.0,5,15.280657
0.0,3,15.280777
0.0,3,15.280903
0.0,5,15.28108
0.0,6,15.281266
0.0,4,15.281415
0.0,3,15.281538
0.0,1,15.281616
1.0,14,15.281968
0.0,5,15.282141
0.0,6,15.282333
0.0,10,15.282607
0.0,3,15.282733
0.0,2,15.282839
0.0,1,15.282919
0.0,1,15.282999
1.0,32,15.283748
0.0,8,15.283977
0.0,6,15.284179
0.0,8,15.284407
0.0,10,15.284675
0.0,3,15.284796
0.0,8,15.285029
0.0,6,15.285221
0.0,11,15.285524
0.0,15,15.285901
0.0,7,15.286123
0.0,5,15.286293
0.0,2,15.286398
0.0,11,15.286698
0.0,7,15.286911
0.0,18,15.287362
0.0,4,15.287507
0.0,1,15.287583
0.0,3,15.287706
0.0,10,15.287989
0.0,1,15.288074
0.0,9,15.288332
0.0,1,15.288408
0.0,7,15.288619
0.0,8,15.288848
0.0,3,15.288969
0.0,15,15.289356
0.0,5,15.289523
0.0,6,15.28971
0.0,6,15.289895
0.0,5,15.290071
0.0,3,15.290193
0.0,18,15.290634
0.0,13,15.290972
0.0,22,15.291504
0.0,10,15.291782
0.0,3,15.291905
0.0,12,15.292228
1.0,8,15.292456
0.0,8,15.292689
0.0,5,15.292853
0.0,11,15.293158
0.0,5,15.293324
0.0,29,15.293993
0.0,8,15.29424
0.0,5,15.294404
0.0,1,15.29448
0.0,14,15.294838
0.0,24,15.295411
0.0,4,15.295555
0.0,11,15.29585
0.0,17,15.296287
0.0,8,15.296517
1.0,31,15.297244
0.0,9,15.297493
0.0,3,15.297614
0.0,12,15.297923
0.0,8,15.298158
0.0,7,15.298378
0.0,4,15.29853
0.0,1,15.298607
0.0,33,15.29937
0.0,10,15.299645
0.0,5,15.299808
0.0,15,15.300209
0.0,10,15.300479
0.0,7,15.300694
0.0,3,15.300817
0.0,2,15.300917
0.0,24,15.3015
0.0,2,15.301602
1.0,13,15.301933
0.0,8,15.30217
1.0,21,15.302668
0.0,3,15.30279
0.0,9,15.303046
0.0,3,15.30317
1.0,42,15.304127
0.0,2,15.304227
0.0,8,15.304454
0.0,5,15.30462
0.0,6,15.30481
0.0,7,15.305027
0.0,5,15.305193
0.0,11,15.305483
0.0,10,15.305748
0.0,1,15.305824
0.0,2,15.305929
0.0,7,15.306149
0.0,4,15.306294
1.0,13,15.306633
0.0,7,15.306839
0.0,3,15.306961
0.0,4,15.307112
0.0,15,15.307487
0.0,10,15.307766
0.0,5,15.307933
0.0,2,15.308047
0.0,23,15.308593
0.0,2,15.308698
0.0,5,15.308864
0.0,13,15.309219
1.0,34,15.309983
0.0,7,15.310204
0.0,2,15.310305
0.0,5,15.310469
0.0,24,15.311044
0.0,2,15.311149
0.0,9,15.311398
0.0,11,15.311693
0.0,6,15.311881
0.0,2,15.311981
0.0,6,15.312184
0.0,7,15.312397
0.0,3,15.312518
0.0,1,15.312593
0.0,2,15.312693
0.0,2,15.312792
0.0,10,15.313071
0.0,5,15.313243
0.0,21,15.313744
0.0,4,15.313894
0.0,3,15.314026
0.0,4,15.314172
0.0,7,15.314383
0.0,20,15.314879
0.0,7,15.315096
0.0,7,15.315303
0.0,7,15.315508
0.0,16,15.315904
0.0,24,15.316478
0.0,6,15.316665
0.0,4,15.316814
0.0,15,15.317214
0.0,7,15.317429
0.0,3,15.317555
0.0,1,15.317632
0.0,10,15.317912
0.0,8,15.318158
0.0,3,15.318287
0.0,3,15.31841
0.0,3,15.318532
1.0,11,15.318825
0.0,2,15.318928
0.0,3,15.319064
0.0,1,15.319142
0.0,13,15.319479
1.0,22,15.320019
0.0,4,15.320169
0.0,32,15.320919
0.0,8,15.321166
0.0,23,15.321712
0.0,6,15.321902
1.0,9,15.322174
0.0,9,15.322424
0.0,12,15.322737
0.0,2,15.322839
0.0,6,15.323039
0.0,11,15.323328
0.0,9,15.32358
0.0,15,15.323967
0.0,11,15.324272
0.0,17,15.324694
0.0,3,15.324816
0.0,13,15.325173
0.0,5,15.325349
0.0,5,15.325523
0.0,5,15.325687
0.0,2,15.325792
1.0,18,15.326242
0.0,1,15.326324
0.0,25,15.326926
0.0,1,15.327014
0.0,7,15.327227
0.0,4,15.327371
0.0,20,15.327856
0.0,9,15.328125
0.0,6,15.328319
0.0,3,15.328441
0.0,4,15.328584
0.0,4,15.328732
0.0,7,15.32894
1.0,10,15.329222
0.0,7,15.329434
0.0,7,15.329641
0.0,10,15.329921
0.0,18,15.330375
0.0,19,15.330836
0.0,9,15.331094
0.0,8,15.331333
0.0,10,15.331606
0.0,9,15.331861
0.0,6,15.332063
0.0,8,15.33229
0.0,3,15.332417
0.0,7,15.332623
0.0,11,15.332916
0.0,4,15.333072
0.0,1,15.333153
0.0,6,15.333344
0.0,8,15.333573
0.0,11,15.333864
0.0,3,15.333986
0.0,11,15.334288
0.0,33,15.335049
0.0,9,15.335306
0.0,15,15.335692
0.0,1,15.335772
0.0,5,15.335945
0.0,3,15.336084
0.0,10,15.336367
1.0,11,15.336669
0.0,10,15.336942
0.0,4,15.337093
0.0,23,15.337646
0.0,10,15.33792
0.0,9,15.33818
0.0,1,15.338257
0.0,3,15.338387
0.0,4,15.338531
1.0,13,15.338873
1.0,9,15.339138
0.0,1,15.339214
0.0,5,15.339383
0.0,11,15.33967
0.0,24,15.340233
0.0,3,15.340362
0.0,11,15.34066
0.0,2,15.340765
0.0,13,15.341123
0.0,1,15.341201
0.0,3,15.341322
0.0,20,15.341815
0.0,1,15.341894
0.0,8,15.34214
0.0,6,15.342334
0.0,11,15.342629
0.0,18,15.3431
0.0,1,15.343182
0.0,2,15.343284
0.0,13,15.343623
0.0,4,15.34377
0.0,10,15.34405
1.0,36,15.344865
0.0,2,15.344969
0.0,12,15.345289
0.0,4,15.345443
0.0,8,15.345676
0.0,11,15.345967
0.0,24,15.346536
0.0,2,15.346642
1.0,13,15.346972
0.0,5,15.347143
0.0,5,15.347316
0.0,10,15.347594
0.0,4,15.347738
0.0,2,15.347837
0.0,6,15.348031
0.0,3,15.34816
0.0,13,15.348506
0.0,19,15.348976
0.0,41,15.3499
0.0,10,15.350192
0.0,3,15.350317
0.0,7,15.350524
0.0,10,15.350797
0.0,6,15.350982
1.0,7,15.351194
1.0,8,15.351427
0.0,2,15.351531
0.0,8,15.351761
0.0,9,15.352031
0.0,3,15.352156
0.0,1,15.352237
0.0,13,15.352572
0.0,8,15.352809
0.0,3,15.352931
0.0,3,15.353073
0.0,19,15.35354
0.0,1,15.353617
0.0,20,15.35412
0.0,3,15.354245
0.0,7,15.354465
0.0,2,15.35457
0.0,4,15.354716
0.0,2,15.354817
1.0,16,15.355225
0.0,13,15.355566
0.0,3,15.355695
0.0,1,15.355772
0.0,14,15.356148
0.0,14,15.356511
0.0,8,15.356821
0.0,9,15.357097
0.0,7,15.35731
0.0,2,15.357416
0.0,4,15.357566
0.0,3,15.357687
0.0,2,15.357791
0.0,5,15.357964
0.0,19,15.358449
0.0,2,15.358557
0.0,5,15.358725
0.0,8,15.358966
0.0,5,15.359141
0.0,3,15.359265
0.0,5,15.359436
0.0,16,15.359839
0.0,1,15.359916
1.0,9,15.36019
1.0,18,15.360641
1.0,16,15.36105
0.0,7,15.361258
0.0,34,15.362051
0.0,8,15.362288
0.0,5,15.362456
0.0,3,15.362582
1.0,29,15.363263
0.0,16,15.363669
0.0,8,15.363902
0.0,2,15.364014
0.0,11,15.364323
0.0,8,15.364558
0.0,2,15.364663
0.0,16,15.365074
0.0,7,15.36529
0.0,1,15.365366
0.0,4,15.36551
0.0,5,15.365681
0.0,4,15.365829
0.0,7,15.366055
0.0,5,15.366227
0.0,11,15.366528
0.0,10,15.366797
0.0,11,15.367101
0.0,5,15.367267
0.0,2,15.367367
0.0,10,15.367645
0.0,3,15.367773
0.0,9,15.36804
0.0,2,15.368142
0.0,6,15.368329
0.0,5,15.368493
0.0,18,15.368938
0.0,3,15.369069
1.0,20,15.369558
0.0,3,15.36968
1.0,17,15.370115
0.0,1,15.370193
0.0,5,15.370364
0.0,13,15.370704
0.0,3,15.370832
0.0,11,15.371143
0.0,9,15.371399
0.0,23,15.371955
1.0,13,15.372298
0.0,21,15.372808
0.0,13,15.373165
0.0,12,15.373488
0.0,31,15.374207
0.0,20,15.374696
0.0,31,15.375429
0.0,5,15.375601
0.0,5,15.375766
0.0,10,15.376051
0.0,8,15.376286
0.0,7,15.376506
0.0,6,15.376692
0.0,13,15.377032
0.0,14,15.377402
0.0,14,15.377763
0.0,2,15.377867
0.0,4,15.378019
0.0,26,15.378632
0.0,11,15.378922
0.0,6,15.379123
0.0,3,15.379247
0.0,12,15.379573
0.0,3,15.379695
0.0,2,15.379794
0.0,9,15.380057
0.0,3,15.38018
0.0,3,15.380307
0.0,6,15.380494
0.0,11,15.380794
0.0,3,15.380922
0.0,4,15.381075
0.0,1,15.381155
0.0,15,15.381544
0.0,4,15.381693
0.0,2,15.381793
0.0,1,15.381869
0.0,10,15.382149
0.0,18,15.382594
1.0,21,15.383107
0.0,3,15.383237
0.0,44,15.384234
0.0,9,15.384491
0.0,4,15.384635
1.0,13,15.38498
0.0,8,15.385223
1.0,12,15.385535
0.0,19,15.386012
0.0,7,15.386239
0.0,3,15.386362
0.0,3,15.386484
0.0,8,15.386722
0.0,10,15.386994
0.0,2,15.387103
0.0,1,15.387178
0.0,1,15.387258
0.0,2,15.387363
0.0,12,15.387686
0.0,14,15.388054
0.0,9,15.388312
0.0,8,15.388541
0.0,19,15.389024
0.0,14,15.389378
0.0,12,15.389688
0.0,5,15.389857
0.0,13,15.390203
0.0,7,15.390419
0.0,5,15.390587
0.0,3,15.39071
0.0,3,15.390836
0.0,4,15.390988
0.0,14,15.391361
0.0,8,15.391596
0.0,3,15.39172
0.0,6,15.391908
0.0,3,15.392043
0.0,8,15.392277
0.0,10,15.392563
0.0,3,15.392691
0.0,3,15.39282
0.0,2,15.39292
0.0,3,15.393057
0.0,8,15.393288
0.0,4,15.39344
0.0,10,15.393713
0.0,7,15.393933
0.0,3,15.394066
0.0,3,15.39419
0.0,4,15.394333
0.0,3,15.394459
0.0,1,15.394536
0.0,19,15.395014
0.0,5,15.395188
0.0,3,15.395318
0.0,6,15.395511
0.0,17,15.395946
0.0,2,15.396055
0.0,1,15.396137
0.0,5,15.396309
0.0,11,15.3966
0.0,5,15.396775
0.0,1,15.396851
0.0,5,15.397031
0.0,5,15.397202
0.0,4,15.397346
0.0,1,15.397425
0.0,3,15.397549
0.0,1,15.397629
0.0,6,15.397822
0.0,2,15.397923
0.0,13,15.398277
0.0,5,15.398443
0.0,1,15.398522
0.0,3,15.398646
0.0,17,15.399086
0.0,7,15.399309
0.0,1,15.399386
0.0,5,15.399552
0.0,1,15.399632
0.0,2,15.399734
0.0,19,15.400218
0.0,3,15.400341
0.0,3,15.400462
0.0,3,15.400583
0.0,1,15.400658
0.0,9,15.400909
0.0,1,15.400985
0.0,3,15.401124
0.0,3,15.401248
0.0,2,15.401348
0.0,6,15.401543
0.0,3,15.401667
0.0,15,15.402049
0.0,2,15.40215
0.0,5,15.40232
0.0,3,15.402444
0.0,1,15.402519
0.0,6,15.402705
0.0,3,15.402826
0.0,6,15.403028
0.0,10,15.403343
0.0,3,15.403486
0.0,10,15.40376
0.0,3,15.403882
0.0,4,15.404061
0.0,1,15.404144
0.0,10,15.404449
0.0,7,15.404656
0.0,11,15.404952
0.0,6,15.405156
0.0,10,15.405429
0.0,14,15.405782
0.0,6,15.405967
0.0,5,15.406145
0.0,6,15.406353
0.0,10,15.406626
0.0,17,15.407063
0.0,2,15.407171
0.0,9,15.407429
0.0,2,15.407531
0.0,15,15.407912
0.0,6,15.40811
0.0,8,15.408339
0.0,11,15.408628
0.0,5,15.408792
0.0,5,15.40896
0.0,3,15.409095
0.0,4,15.409245
0.0,7,15.409459
0.0,4,15.409608
0.0,1,15.409688
0.0,8,15.409924
0.0,1,15.41
0.0,10,15.410285
0.0,13,15.410625
0.0,9,15.410884
1.0,7,15.411103
0.0,17,15.411525
0.0,1,15.411602
0.0,1,15.411678
0.0,6,15.41187
0.0,2,15.411971
1.0,12,15.412307
0.0,2,15.412409
0.0,1,15.412485
0.0,3,15.412608
0.0,9,15.412858
0.0,7,15.413081
0.0,6,15.413271
1.0,19,15.413741
0.0,15,15.414127
0.0,5,15.414297
0.0,8,15.414526
0.0,6,15.414711
0.0,6,15.414896
0.0,4,15.415053
0.0,3,15.415176
0.0,3,15.415298
0.0,13,15.415637
0.0,16,15.416044
0.0,21,15.416549
0.0,3,15.416676
0.0,8,15.416915
0.0,4,15.417067
0.0,10,15.417344
0.0,5,15.417513
0.0,6,15.417702
0.0,10,15.417971
0.0,5,15.418149
0.0,8,15.418383
0.0,9,15.418629
0.0,4,15.418773
0.0,3,15.418894
0.0,2,15.418993
0.0,2,15.419109
0.0,5,15.419275
1.0,16,15.419681
0.0,4,15.419824
0.0,3,15.419946
0.0,3,15.420077
0.0,8,15.420307
0.0,8,15.42054
0.0,1,15.42062
0.0,18,15.421081
0.0,29,15.421755
0.0,23,15.422317
0.0,6,15.422517
0.0,5,15.422682
0.0,4,15.422831
0.0,6,15.423027
0.0,4,15.423172
0.0,23,15.423722
0.0,4,15.423869
0.0,3,15.423991
0.0,39,15.42488
0.0,4,15.425035
0.0,2,15.425143
0.0,8,15.425379
0.0,1,15.425455
0.0,3,15.425583
0.0,5,15.425748
0.0,10,15.426029
0.0,13,15.426384
0.0,11,15.426677
0.0,27,15.427325
0.0,4,15.42747
0.0,13,15.42781
0.0,7,15.428039
0.0,4,15.428185
0.0,22,15.428711
0.0,8,15.428938
0.0,7,15.429156
0.0,4,15.42931
0.0,9,15.429565
0.0,7,15.42978
0.0,5,15.429949
0.0,11,15.43025
0.0,7,15.430467
0.0,9,15.430716
0.0,17,15.431149
0.0,6,15.431339
0.0,13,15.431685
0.0,2,15.431787
0.0,12,15.432111
0.0,1,15.432189
0.0,2,15.432293
0.0,9,15.432553
0.0,18,15.432996
1.0,47,15.434072
0.0,7,15.434287
0.0,4,15.434431
0.0,5,15.434604
0.0,3,15.434731
0.0,16,15.435146
0.0,10,15.435424
0.0,6,15.43561
0.0,3,15.43573
0.0,6,15.435916
0.0,11,15.436213
0.0,4,15.436363
0.0,5,15.436529
0.0,12,15.436838
0.0,15,15.437237
0.0,4,15.437383
0.0,3,15.437508
0.0,3,15.43763
0.0,5,15.437799
0.0,8,15.438056
0.0,13,15.4384
0.0,6,15.438587
0.0,2,15.438688
0.0,30,15.439401
0.0,5,15.43957
0.0,3,15.439692
0.0,4,15.439844
0.0,9,15.440116
0.0,8,15.440352
0.0,1,15.440428
0.0,6,15.440615
0.0,10,15.440885
0.0,4,15.441038
0.0,13,15.441382
0.0,6,15.441573
0.0,1,15.441648
0.0,9,15.441903
0.0,2,15.442015
0.0,8,15.442252
0.0,4,15.4424
0.0,3,15.442524
0.0,4,15.442668
1.0,19,15.443146
0.0,5,15.443314
0.0,4,15.443464
0.0,3,15.443587
0.0,16,15.443985
0.0,6,15.444186
0.0,7,15.444401
0.0,3,15.444523
0.0,2,15.444623
0.0,16,15.445047
0.0,1,15.445129
0.0,7,15.445346
0.0,8,15.445581
0.0,8,15.445818
0.0,7,15.446035
0.0,3,15.446159
0.0,2,15.446265
0.0,7,15.446478
0.0,20,15.446975
0.0,2,15.447086
0.0,7,15.447296
0.0,17,15.447719
0.0,9,15.447973
0.0,9,15.448235
0.0,5,15.448402
0.0,15,15.448785
0.0,3,15.448912
0.0,2,15.44903
0.0,6,15.449227
0.0,2,15.449329
0.0,3,15.449459
0.0,9,15.449716
0.0,5,15.44989
0.0,7,15.450118
0.0,7,15.450334
0.0,1,15.450414
0.0,5,15.450582
0.0,9,15.45083
0.0,10,15.451117
0.0,4,15.451265
0.0,2,15.451365
0.0,3,15.451494
0.0,21,15.452001
0.0,51,15.45316
0.0,8,15.453394
0.0,5,15.453561
0.0,9,15.453809
0.0,4,15.453954
0.0,8,15.454189
0.0,38,15.455082
0.0,9,15.455333
0.0,2,15.455434
0.0,1,15.455511
0.0,7,15.455719
0.0,3,15.455841
0.0,1,15.455916
0.0,1,15.455992
0.0,16,15.456407
0.0,1,15.456488
0.0,6,15.456677
0.0,14,15.457135
0.0,6,15.457336
0.0,15,15.457711
0.0,9,15.457959
0.0,4,15.458113
0.0,22,15.458644
0.0,10,15.45892
0.0,19,15.459386
0.0,6,15.459571
0.0,6,15.459759
0.0,16,15.460161
0.0,11,15.460457
0.0,4,15.460602
0.0,4,15.460753
0.0,3,15.460877
0.0,11,15.461179
0.0,5,15.461347
0.0,20,15.461821
0.0,5,15.461993
0.0,4,15.462148
0.0,10,15.462433
0.0,4,15.462576
0.0,3,15.462698
0.0,5,15.462866
0.0,1,15.462945
1.0,33,15.463709
0.0,12,15.464031
0.0,8,15.464268
0.0,6,15.464453
0.0,11,15.46475
1.0,26,15.465372
0.0,2,15.465476
0.0,3,15.465602
0.0,3,15.465724
0.0,3,15.465845
1.0,9,15.466106
0.0,7,15.466323
0.0,13,15.466656
1.0,10,15.466933
0.0,22,15.467476
0.0,13,15.467815
0.0,3,15.467938
0.0,2,15.468048
0.0,2,15.468153
0.0,15,15.468538
0.0,3,15.468667
0.0,10,15.468938
0.0,6,15.469138
0.0,11,15.469431
0.0,5,15.469604
0.0,11,15.469898
0.0,3,15.470031
0.0,1,15.470109
0.0,1,15.470189
0.0,8,15.470425
0.0,30,15.471123
0.0,25,15.471709
0.0,21,15.472224
0.0,2,15.472327
0.0,9,15.472584
1.0,8,15.47282
0.0,2,15.47292
0.0,8,15.473167
0.0,6,15.473355
0.0,11,15.473654
0.0,21,15.474164
0.0,9,15.474423
0.0,2,15.474528
0.0,5,15.474694
0.0,6,15.474889
0.0,5,15.475073
1.0,20,15.475559
0.0,5,15.475721
0.0,8,15.475945
0.0,6,15.476146
0.0,7,15.476363
0.0,7,15.476568
0.0,12,15.476877
0.0,5,15.477055
0.0,24,15.477614
1.0,12,15.477931
0.0,3,15.478061
0.0,11,15.478364
0.0,2,15.478468
0.0,10,15.478745
0.0,5,15.478914
0.0,2,15.479027
0.0,4,15.479176
0.0,15,15.479558
0.0,17,15.479979
0.0,17,15.480407
0.0,10,15.480684
0.0,12,15.48101
0.0,3,15.481139
0.0,5,15.48131
0.0,20,15.48179
0.0,5,15.48196
0.0,12,15.482278
0.0,8,15.482521
0.0,1,15.482601
0.0,6,15.482788
0.0,23,15.483347
0.0,3,15.483475
0.0,21,15.483971
0.0,3,15.484105
0.0,9,15.484366
0.0,9,15.484624
0.0,5,15.484787
0.0,1,15.484867
0.0,6,15.48507
0.0,3,15.485194
0.0,4,15.485342
0.0,13,15.485677
0.0,9,15.485925
0.0,9,15.486183
0.0,11,15.48648
0.0,2,15.486579
1.0,11,15.486866
0.0,2,15.486966
0.0,13,15.487312
0.0,3,15.487435
0.0,31,15.488162
0.0,10,15.48843
0.0,12,15.488744
0.0,1,15.488819
0.0,5,15.488986
0.0,6,15.489182
0.0,9,15.489436
0.0,3,15.489562
0.0,16,15.489971
0.0,6,15.490166
0.0,1,15.490247
0.0,7,15.490456
0.0,16,15.490862
0.0,19,15.491337
0.0,9,15.491595
0.0,11,15.491897
0.0,16,15.492309
0.0,3,15.492437
0.0,21,15.492942
0.0,9,15.493207
0.0,3,15.493335
0.0,3,15.493457
0.0,2,15.493557
0.0,12,15.493879
0.0,21,15.494393
0.0,35,15.495205
1.0,58,15.496469
0.0,7,15.496683
