#{"t_start": 1522749444.1941788, "env_id": "MyFrozenLake-v0"}
r,l,t
0.0,3,0.008918
0.0,16,0.00938
0.0,8,0.009649
0.0,16,0.010098
0.0,27,0.010825
0.0,13,0.011194
0.0,6,0.011405
0.0,12,0.011764
0.0,31,0.01254
0.0,51,0.013823
0.0,24,0.014457
0.0,14,0.014857
0.0,54,0.0162
0.0,64,0.017784
0.0,21,0.018333
0.0,12,0.018702
0.0,24,0.019331
0.0,12,0.019701
0.0,16,0.020143
0.0,5,0.020335
0.0,11,0.020666
0.0,5,0.020859
0.0,18,0.021336
0.0,46,0.022498
0.0,26,0.02319
0.0,98,0.025554
0.0,20,0.026101
0.0,64,0.02769
0.0,13,0.028064
1.0,43,0.02915
0.0,11,0.02948
0.0,84,0.031545
0.0,6,0.031761
0.0,30,0.032542
0.0,9,0.032839
0.0,15,0.033265
0.0,53,0.034601
0.0,9,0.034891
0.0,17,0.035366
0.0,14,0.035772
0.0,14,0.036165
0.0,2,0.036271
0.0,4,0.036424
0.0,3,0.036554
0.0,30,0.037351
0.0,3,0.037485
0.0,44,0.03858
0.0,45,0.039704
0.0,9,0.039989
0.0,26,0.040662
0.0,20,0.041199
0.0,33,0.04205
0.0,15,0.04246
0.0,14,0.042867
0.0,19,0.043386
0.0,15,0.04382
0.0,12,0.044178
0.0,9,0.044452
0.0,24,0.04508
1.0,28,0.045804
0.0,30,0.046552
0.0,19,0.047074
0.0,12,0.047426
0.0,13,0.047819
0.0,17,0.048286
0.0,14,0.04868
0.0,28,0.049406
0.0,5,0.049595
0.0,22,0.05017
0.0,10,0.050462
0.0,16,0.050916
0.0,16,0.051361
0.0,5,0.051545
0.0,7,0.051799
0.0,16,0.052234
0.0,12,0.052572
0.0,28,0.053298
0.0,22,0.053911
0.0,4,0.054073
0.0,10,0.054375
0.0,36,0.055301
0.0,2,0.055411
0.0,7,0.055646
0.0,24,0.056276
0.0,17,0.056755
0.0,7,0.05699
0.0,16,0.057434
0.0,9,0.057723
0.0,33,0.058568
0.0,30,0.059337
0.0,31,0.060153
0.0,12,0.060501
0.0,4,0.060673
0.0,5,0.06086
0.0,15,0.061282
0.0,2,0.061389
0.0,6,0.061589
0.0,22,0.062185
0.0,21,0.062767
0.0,13,0.063129
0.0,5,0.063319
0.0,18,0.06381
0.0,15,0.064227
0.0,7,0.064458
0.0,10,0.06476
0.0,34,0.065643
1.0,8,0.065892
0.0,6,0.066094
0.0,3,0.066222
0.0,15,0.066655
0.0,9,0.066939
0.0,7,0.067173
0.0,6,0.067379
0.0,4,0.067533
0.0,21,0.068095
0.0,5,0.068273
0.0,20,0.0688
1.0,28,0.069546
0.0,23,0.07016
0.0,11,0.070484
0.0,12,0.070851
0.0,16,0.071298
0.0,4,0.071451
0.0,22,0.072042
0.0,6,0.072253
0.0,21,0.072836
0.0,7,0.073069
0.0,14,0.073475
0.0,9,0.073763
0.0,14,0.07417
0.0,33,0.075044
0.0,27,0.075758
0.0,4,0.075914
0.0,14,0.076306
0.0,2,0.076412
0.0,6,0.076618
0.0,7,0.076853
0.0,24,0.07747
0.0,13,0.077856
0.0,9,0.078135
0.0,46,0.079298
0.0,3,0.079431
0.0,8,0.079688
0.0,4,0.079842
0.0,17,0.080312
0.0,9,0.080581
0.0,28,0.081306
1.0,12,0.081673
0.0,12,0.082039
0.0,5,0.08222
0.0,21,0.082795
0.0,10,0.083088
0.0,5,0.083263
0.0,10,0.083569
0.0,9,0.083865
0.0,4,0.084028
0.0,12,0.084384
0.0,10,0.084705
0.0,8,0.084966
0.0,5,0.085144
0.0,4,0.085298
0.0,27,0.086011
0.0,14,0.086408
0.0,9,0.086699
0.0,5,0.086878
0.0,21,0.087427
0.0,3,0.087569
0.0,20,0.088107
0.0,18,0.088602
0.0,41,0.089682
0.0,4,0.089847
0.0,12,0.090196
0.0,11,0.090519
0.0,10,0.090834
0.0,67,0.092515
0.0,16,0.092985
1.0,28,0.093716
0.0,4,0.093874
0.0,6,0.094086
0.0,27,0.094808
0.0,10,0.095118
0.0,2,0.095226
0.0,5,0.09541
0.0,17,0.095877
0.0,48,0.097069
0.0,7,0.097296
0.0,2,0.097402
0.0,7,0.097633
0.0,11,0.097963
0.0,6,0.098173
0.0,23,0.098793
0.0,12,0.099144
0.0,13,0.099505
0.0,13,0.099892
0.0,13,0.100255
0.0,8,0.100511
1.0,22,0.101099
0.0,11,0.101421
0.0,8,0.101681
0.0,25,0.102328
0.0,10,0.102643
0.0,31,0.103456
0.0,17,0.103942
0.0,55,0.105294
0.0,36,0.106214
0.0,14,0.106637
0.0,4,0.106801
0.0,13,0.107172
0.0,7,0.107395
0.0,10,0.107698
0.0,8,0.107957
0.0,5,0.108142
0.0,3,0.108284
0.0,11,0.108608
0.0,17,0.109073
0.0,6,0.109338
0.0,29,0.110115
0.0,5,0.110303
0.0,7,0.110535
0.0,20,0.111083
0.0,9,0.111351
0.0,9,0.111619
0.0,29,0.112377
0.0,12,0.112728
0.0,5,0.112906
0.0,8,0.113151
0.0,3,0.113289
0.0,11,0.113602
0.0,9,0.113895
0.0,3,0.114027
0.0,8,0.114272
0.0,16,0.114728
0.0,6,0.114944
0.0,16,0.115381
0.0,10,0.115705
0.0,5,0.115885
0.0,17,0.116344
0.0,9,0.116639
0.0,10,0.116951
0.0,4,0.117117
0.0,71,0.11891
0.0,11,0.119252
0.0,14,0.119647
0.0,4,0.119802
0.0,11,0.120142
0.0,18,0.120618
0.0,4,0.120783
0.0,18,0.121257
0.0,2,0.121362
0.0,4,0.121515
0.0,16,0.121977
0.0,64,0.123553
0.0,14,0.123961
0.0,14,0.124365
0.0,19,0.124891
0.0,5,0.12507
0.0,3,0.125206
0.0,3,0.125338
1.0,11,0.125668
0.0,7,0.12589
0.0,15,0.126295
0.0,6,0.126492
0.0,10,0.126794
0.0,8,0.12704
0.0,5,0.127216
0.0,24,0.127851
0.0,12,0.128212
0.0,8,0.128458
0.0,9,0.128742
0.0,9,0.129013
0.0,16,0.129472
0.0,15,0.129909
0.0,9,0.130194
0.0,8,0.130447
0.0,12,0.130815
0.0,21,0.131378
0.0,28,0.132113
0.0,16,0.13255
0.0,7,0.132795
0.0,16,0.133252
0.0,8,0.133515
0.0,6,0.133735
0.0,10,0.134043
0.0,9,0.134321
0.0,13,0.134693
0.0,4,0.134847
0.0,8,0.13509
0.0,10,0.13538
0.0,14,0.13579
0.0,16,0.136236
0.0,14,0.136637
0.0,6,0.136846
0.0,47,0.138028
0.0,13,0.138398
0.0,6,0.138611
0.0,12,0.138976
0.0,7,0.1392
0.0,13,0.139568
0.0,35,0.140434
0.0,9,0.140715
0.0,13,0.141073
0.0,31,0.141873
0.0,24,0.142499
0.0,14,0.1429
0.0,8,0.143147
0.0,14,0.143525
0.0,2,0.143641
0.0,18,0.144137
0.0,15,0.14456
0.0,15,0.144986
0.0,5,0.145199
0.0,16,0.145633
0.0,9,0.145912
0.0,12,0.146261
0.0,45,0.147391
0.0,16,0.147845
0.0,4,0.148
0.0,17,0.148459
0.0,2,0.148572
0.0,14,0.148973
0.0,13,0.149341
0.0,20,0.149886
0.0,21,0.150447
0.0,22,0.151046
0.0,8,0.151312
0.0,14,0.151714
1.0,11,0.152056
0.0,2,0.152169
0.0,4,0.15233
0.0,10,0.152642
0.0,3,0.152776
0.0,6,0.15299
0.0,2,0.153097
0.0,22,0.15369
0.0,10,0.153986
0.0,16,0.15441
0.0,14,0.154819
0.0,52,0.156134
0.0,7,0.156373
0.0,5,0.156564
0.0,5,0.156753
0.0,15,0.157161
0.0,28,0.15791
0.0,39,0.158902
0.0,12,0.159257
0.0,8,0.1595
0.0,4,0.159668
0.0,10,0.159971
0.0,4,0.160135
0.0,24,0.160788
0.0,27,0.161498
0.0,6,0.161726
0.0,12,0.162063
0.0,4,0.162217
0.0,4,0.162368
0.0,5,0.162568
0.0,10,0.162891
1.0,29,0.163637
0.0,23,0.164247
1.0,16,0.164716
0.0,25,0.16537
0.0,12,0.165729
0.0,18,0.16621
0.0,20,0.166744
0.0,32,0.167551
0.0,4,0.167716
0.0,25,0.16836
1.0,8,0.168603
0.0,4,0.168763
0.0,13,0.169131
0.0,38,0.170083
0.0,23,0.170696
0.0,8,0.17095
0.0,18,0.171443
0.0,8,0.17171
0.0,19,0.172214
0.0,24,0.172842
0.0,5,0.173025
0.0,24,0.173658
0.0,8,0.173913
0.0,29,0.174649
0.0,4,0.174804
0.0,13,0.175176
0.0,14,0.175557
0.0,29,0.176312
0.0,9,0.176594
0.0,11,0.176926
0.0,5,0.17711
0.0,25,0.177783
0.0,16,0.178213
0.0,7,0.178435
0.0,24,0.179062
0.0,15,0.179478
0.0,10,0.179782
0.0,10,0.18007
0.0,9,0.180342
0.0,9,0.180608
0.0,5,0.180806
0.0,7,0.181028
0.0,26,0.181705
0.0,42,0.18272
0.0,15,0.183135
0.0,5,0.183312
0.0,7,0.183541
0.0,26,0.184229
0.0,14,0.184626
0.0,9,0.184911
0.0,43,0.185977
0.0,4,0.186133
0.0,18,0.186615
0.0,5,0.186801
0.0,5,0.186984
0.0,20,0.187515
0.0,15,0.187932
0.0,12,0.188279
0.0,29,0.189027
0.0,9,0.189316
0.0,7,0.189551
0.0,14,0.189945
0.0,34,0.19087
0.0,26,0.191525
0.0,2,0.191642
0.0,20,0.192181
0.0,7,0.192402
0.0,6,0.192607
0.0,9,0.192885
0.0,9,0.193151
0.0,17,0.1936
0.0,17,0.194077
0.0,6,0.194287
0.0,3,0.194417
0.0,12,0.194762
0.0,7,0.194984
0.0,35,0.195866
0.0,5,0.196045
0.0,6,0.196241
0.0,33,0.197076
0.0,9,0.197352
0.0,5,0.197528
0.0,10,0.197834
0.0,11,0.198154
0.0,6,0.198361
0.0,7,0.198596
0.0,31,0.199383
0.0,2,0.199492
0.0,3,0.19964
0.0,10,0.199934
0.0,5,0.20011
0.0,7,0.200329
1.0,28,0.201041
0.0,9,0.201327
0.0,45,0.20245
0.0,20,0.202985
0.0,9,0.203251
0.0,3,0.203387
0.0,5,0.203562
0.0,17,0.204028
0.0,13,0.204386
0.0,10,0.204695
0.0,14,0.205131
0.0,15,0.20553
0.0,2,0.205644
0.0,4,0.205809
0.0,4,0.205971
1.0,14,0.206349
0.0,15,0.206763
0.0,3,0.206901
0.0,20,0.207439
0.0,5,0.207617
0.0,27,0.208316
0.0,3,0.208448
0.0,21,0.209002
0.0,7,0.209232
0.0,6,0.209502
0.0,10,0.209822
0.0,42,0.210874
0.0,18,0.211374
0.0,36,0.212265
0.0,17,0.212735
0.0,9,0.213011
0.0,5,0.213191
0.0,17,0.213665
1.0,18,0.214155
0.0,6,0.214352
0.0,10,0.214657
0.0,6,0.214857
1.0,7,0.215076
0.0,18,0.215553
0.0,21,0.216129
0.0,10,0.216427
0.0,15,0.216842
0.0,12,0.217188
0.0,11,0.217506
0.0,40,0.218505
0.0,16,0.218964
0.0,43,0.220029
0.0,32,0.220853
0.0,2,0.220961
0.0,3,0.221089
0.0,7,0.221327
0.0,19,0.22187
0.0,12,0.222215
0.0,31,0.223033
0.0,7,0.223258
0.0,5,0.223439
0.0,21,0.224004
0.0,26,0.224676
0.0,14,0.225067
0.0,9,0.225343
0.0,6,0.225541
1.0,13,0.225916
0.0,41,0.226958
0.0,7,0.227181
0.0,3,0.22731
0.0,16,0.227795
0.0,20,0.228335
0.0,7,0.228564
0.0,4,0.22874
0.0,10,0.229033
0.0,35,0.229928
0.0,11,0.230241
0.0,11,0.230567
0.0,12,0.230911
0.0,19,0.231436
0.0,36,0.232353
1.0,17,0.232824
0.0,19,0.233324
0.0,16,0.23378
0.0,13,0.234153
0.0,21,0.234735
0.0,9,0.235022
0.0,7,0.235245
0.0,16,0.23569
0.0,8,0.235946
0.0,15,0.236349
0.0,22,0.236938
0.0,9,0.237215
0.0,7,0.237442
0.0,25,0.238108
0.0,17,0.238567
0.0,7,0.238806
0.0,7,0.239031
0.0,8,0.239286
0.0,41,0.240314
0.0,7,0.240538
0.0,21,0.241106
0.0,2,0.241223
0.0,4,0.241376
1.0,13,0.241754
0.0,11,0.242074
0.0,4,0.242228
0.0,11,0.242554
0.0,26,0.243251
1.0,23,0.243862
0.0,11,0.244183
0.0,3,0.244313
0.0,4,0.244463
0.0,10,0.244766
0.0,13,0.245133
0.0,7,0.245361
0.0,7,0.245595
0.0,2,0.245709
0.0,3,0.245839
0.0,7,0.246059
0.0,12,0.246412
0.0,18,0.246906
0.0,8,0.247159
0.0,9,0.247439
0.0,4,0.247599
0.0,22,0.24818
0.0,4,0.24834
0.0,14,0.248754
0.0,16,0.249179
0.0,15,0.249593
0.0,35,0.250473
0.0,17,0.250948
0.0,9,0.251235
0.0,9,0.251501
0.0,4,0.251676
0.0,8,0.251939
0.0,18,0.252429
0.0,18,0.252925
0.0,26,0.253588
0.0,15,0.254014
0.0,3,0.254145
0.0,9,0.254418
0.0,28,0.255134
0.0,15,0.255556
0.0,16,0.256001
0.0,7,0.256224
0.0,4,0.256376
0.0,8,0.256618
0.0,2,0.25674
0.0,23,0.257327
0.0,3,0.257462
0.0,24,0.25809
1.0,14,0.258486
0.0,7,0.258733
0.0,13,0.259105
0.0,3,0.259242
0.0,4,0.259407
1.0,10,0.259728
0.0,11,0.260049
0.0,9,0.260333
0.0,11,0.260664
0.0,10,0.260966
0.0,55,0.262345
0.0,7,0.262578
0.0,10,0.262885
0.0,13,0.263251
0.0,38,0.264217
1.0,8,0.264468
0.0,16,0.264933
0.0,33,0.265772
0.0,3,0.265905
1.0,48,0.267086
0.0,14,0.267478
0.0,10,0.267794
1.0,12,0.268136
0.0,14,0.268528
1.0,10,0.268838
0.0,10,0.269147
0.0,20,0.269711
0.0,3,0.269844
0.0,12,0.270199
0.0,34,0.27107
0.0,6,0.271271
0.0,4,0.271424
0.0,8,0.271684
0.0,53,0.273027
0.0,16,0.273457
0.0,15,0.273884
0.0,11,0.274205
0.0,5,0.274386
0.0,4,0.27454
0.0,27,0.275244
0.0,14,0.275657
0.0,6,0.275859
0.0,30,0.276634
0.0,36,0.277523
0.0,18,0.278018
0.0,6,0.278226
0.0,2,0.278333
0.0,25,0.278992
0.0,4,0.27916
0.0,13,0.279522
0.0,3,0.279669
0.0,4,0.279824
0.0,6,0.280022
0.0,3,0.28015
0.0,7,0.280371
0.0,4,0.280528
0.0,6,0.28074
0.0,3,0.280879
0.0,19,0.281384
0.0,4,0.28155
0.0,4,0.28172
0.0,4,0.281877
0.0,4,0.28203
0.0,12,0.282375
0.0,22,0.282964
0.0,15,0.28337
0.0,18,0.283864
0.0,6,0.284066
0.0,6,0.284264
1.0,22,0.284869
0.0,8,0.285127
0.0,6,0.285336
0.0,22,0.285928
0.0,5,0.286107
0.0,100,0.288489
0.0,19,0.289021
0.0,15,0.289436
1.0,18,0.289937
0.0,22,0.290496
0.0,9,0.29079
0.0,24,0.291424
0.0,9,0.291708
0.0,10,0.292014
0.0,12,0.292355
0.0,7,0.292627
0.0,11,0.292945
0.0,2,0.293051
0.0,24,0.293692
0.0,11,0.294014
0.0,4,0.294167
0.0,4,0.294324
0.0,34,0.295199
0.0,11,0.295518
0.0,4,0.295689
0.0,36,0.296602
0.0,23,0.297219
0.0,5,0.297398
1.0,7,0.297627
0.0,10,0.29792
0.0,6,0.298117
0.0,2,0.298229
0.0,5,0.298406
0.0,5,0.29859
0.0,10,0.298892
0.0,4,0.299046
0.0,4,0.299207
0.0,7,0.299429
0.0,4,0.299581
0.0,28,0.300298
0.0,14,0.300697
0.0,10,0.300989
0.0,20,0.301506
0.0,16,0.301963
0.0,5,0.302159
0.0,27,0.302867
0.0,4,0.303021
0.0,15,0.303438
0.0,15,0.303868
0.0,15,0.304281
0.0,11,0.304603
0.0,5,0.304789
0.0,21,0.305357
0.0,9,0.305639
0.0,21,0.306197
0.0,4,0.306351
0.0,8,0.306612
0.0,12,0.30696
0.0,15,0.307385
1.0,13,0.307772
0.0,15,0.308175
0.0,19,0.308685
0.0,15,0.309089
0.0,9,0.309356
0.0,20,0.309964
0.0,4,0.310127
0.0,5,0.310303
1.0,41,0.311348
0.0,41,0.312401
0.0,11,0.312731
0.0,9,0.313008
0.0,30,0.313769
1.0,16,0.314205
0.0,6,0.314401
0.0,25,0.315072
0.0,12,0.31542
0.0,19,0.315947
0.0,23,0.316556
0.0,16,0.317015
0.0,23,0.317626
0.0,22,0.318223
0.0,11,0.318545
0.0,12,0.318907
0.0,6,0.319114
0.0,27,0.319825
0.0,6,0.320026
0.0,11,0.320336
0.0,20,0.320877
0.0,7,0.321102
0.0,8,0.321345
0.0,3,0.321473
0.0,3,0.321607
0.0,22,0.322205
0.0,6,0.322404
0.0,23,0.323027
0.0,7,0.32326
0.0,24,0.323896
0.0,16,0.32432
0.0,24,0.324955
0.0,32,0.325783
0.0,19,0.326292
0.0,26,0.326974
0.0,34,0.327857
0.0,11,0.328181
0.0,25,0.32884
0.0,38,0.329797
0.0,6,0.329997
0.0,6,0.330216
0.0,14,0.330594
0.0,39,0.331573
0.0,3,0.33172
0.0,8,0.331965
0.0,40,0.332961
0.0,7,0.333197
0.0,26,0.333903
0.0,13,0.334282
0.0,17,0.334768
0.0,28,0.335475
0.0,9,0.33576
0.0,49,0.336982
0.0,3,0.337115
0.0,12,0.337458
0.0,12,0.337816
0.0,9,0.338092
0.0,2,0.338197
0.0,32,0.339014
0.0,8,0.339267
0.0,2,0.339372
0.0,7,0.339597
0.0,5,0.339782
0.0,24,0.340407
0.0,20,0.340954
0.0,5,0.341132
0.0,26,0.341819
0.0,12,0.342171
0.0,12,0.342508
0.0,5,0.342695
0.0,8,0.342939
0.0,16,0.343369
0.0,3,0.343498
0.0,9,0.343778
0.0,47,0.34494
0.0,12,0.345295
0.0,17,0.34576
0.0,6,0.345959
0.0,27,0.346668
0.0,13,0.347043
0.0,17,0.347522
0.0,26,0.348213
0.0,36,0.349116
0.0,8,0.34937
0.0,6,0.34957
1.0,14,0.349968
0.0,4,0.350119
0.0,23,0.350736
0.0,7,0.350958
0.0,11,0.351277
0.0,45,0.352397
0.0,6,0.352598
0.0,10,0.352899
0.0,3,0.353034
0.0,8,0.353293
0.0,11,0.353607
0.0,20,0.354168
0.0,14,0.354557
0.0,5,0.354746
0.0,36,0.355667
0.0,13,0.356039
0.0,7,0.356262
0.0,5,0.356443
0.0,9,0.35673
0.0,35,0.357597
0.0,19,0.358107
0.0,13,0.358466
0.0,17,0.358938
0.0,11,0.359257
0.0,10,0.359561
0.0,2,0.359676
0.0,9,0.359959
0.0,8,0.360204
0.0,7,0.36043
0.0,5,0.360612
0.0,9,0.3609
0.0,13,0.361266
0.0,42,0.362321
0.0,22,0.362908
0.0,13,0.363282
0.0,4,0.363434
0.0,10,0.363757
0.0,25,0.364387
0.0,8,0.364638
0.0,23,0.36524
0.0,2,0.36535
0.0,27,0.366049
0.0,8,0.366302
0.0,19,0.366814
0.0,14,0.367203
0.0,8,0.367456
0.0,15,0.367884
0.0,39,0.368878
0.0,8,0.369125
0.0,14,0.369515
0.0,7,0.369757
0.0,7,0.369991
0.0,18,0.370478
0.0,8,0.370743
1.0,20,0.371262
0.0,5,0.371435
0.0,12,0.371792
1.0,13,0.372167
1.0,22,0.372793
1.0,19,0.373287
0.0,3,0.373415
0.0,13,0.373802
0.0,4,0.373957
0.0,17,0.374406
0.0,3,0.374535
0.0,19,0.37507
0.0,31,0.375882
0.0,5,0.37607
0.0,31,0.376866
0.0,16,0.377306
0.0,19,0.377812
0.0,27,0.3785
0.0,18,0.378995
0.0,6,0.379208
0.0,6,0.379423
0.0,18,0.379914
0.0,8,0.380162
0.0,13,0.380531
0.0,5,0.380719
0.0,11,0.381041
0.0,7,0.381263
1.0,26,0.381942
0.0,19,0.382464
0.0,12,0.382815
0.0,11,0.383135
0.0,28,0.383862
0.0,8,0.384123
0.0,11,0.384444
0.0,14,0.384847
0.0,8,0.385096
0.0,7,0.385323
0.0,15,0.385739
0.0,8,0.38599
0.0,18,0.386472
0.0,19,0.386988
0.0,3,0.387125
0.0,31,0.387901
1.0,10,0.388206
0.0,3,0.388334
0.0,13,0.388716
1.0,20,0.389251
0.0,5,0.389433
0.0,6,0.389642
0.0,11,0.389958
0.0,14,0.390359
0.0,3,0.390494
1.0,27,0.391194
0.0,6,0.391406
0.0,7,0.391644
0.0,21,0.392188
1.0,14,0.392586
0.0,3,0.392724
0.0,32,0.39354
0.0,43,0.394652
0.0,14,0.395041
0.0,7,0.395276
0.0,3,0.395407
0.0,33,0.396263
0.0,12,0.396612
0.0,9,0.3969
0.0,6,0.39711
0.0,16,0.397556
0.0,25,0.398205
0.0,13,0.398575
0.0,6,0.398783
0.0,14,0.399181
0.0,41,0.400217
0.0,32,0.401042
0.0,24,0.40167
0.0,3,0.401809
0.0,35,0.4027
0.0,14,0.403092
0.0,25,0.403751
0.0,12,0.404098
0.0,28,0.404824
0.0,6,0.405035
0.0,23,0.405638
0.0,24,0.406265
0.0,21,0.406843
1.0,15,0.407248
1.0,20,0.407796
0.0,3,0.407927
0.0,9,0.408204
0.0,7,0.408431
0.0,13,0.408822
1.0,19,0.409325
0.0,24,0.409964
0.0,5,0.410206
0.0,2,0.410324
0.0,16,0.410787
0.0,3,0.410926
0.0,28,0.411665
0.0,4,0.411819
0.0,9,0.412092
0.0,45,0.413197
0.0,7,0.413431
0.0,25,0.414092
0.0,33,0.41494
0.0,3,0.415073
0.0,38,0.416035
0.0,11,0.416362
0.0,20,0.416911
0.0,14,0.417308
0.0,33,0.418167
0.0,23,0.418775
0.0,22,0.419363
0.0,4,0.419516
0.0,2,0.419626
0.0,30,0.420392
0.0,15,0.42083
0.0,4,0.420995
0.0,23,0.4216
0.0,23,0.422203
0.0,3,0.422334
0.0,11,0.422712
0.0,9,0.422998
0.0,8,0.423255
0.0,10,0.42357
0.0,10,0.423888
0.0,31,0.424698
0.0,15,0.425112
0.0,36,0.426019
0.0,13,0.42639
0.0,7,0.426617
0.0,16,0.427053
1.0,8,0.427295
1.0,10,0.427598
0.0,10,0.427898
1.0,20,0.428422
0.0,23,0.429027
0.0,10,0.429322
0.0,18,0.429814
0.0,8,0.430073
0.0,38,0.431037
0.0,16,0.431481
0.0,15,0.4319
0.0,13,0.432262
0.0,8,0.432504
0.0,39,0.433482
0.0,43,0.434562
0.0,2,0.434686
0.0,17,0.435149
0.0,17,0.435607
0.0,10,0.435919
0.0,31,0.43671
0.0,86,0.438797
1.0,18,0.439301
0.0,12,0.439665
1.0,26,0.440324
1.0,12,0.440676
0.0,4,0.44083
0.0,37,0.441762
0.0,29,0.4425
0.0,22,0.443076
0.0,15,0.443505
0.0,18,0.444009
0.0,9,0.44429
0.0,6,0.4445
0.0,14,0.444904
0.0,12,0.445271
0.0,6,0.445476
0.0,21,0.44603
0.0,26,0.446709
0.0,10,0.447017
0.0,8,0.447263
0.0,15,0.447685
0.0,5,0.447864
0.0,7,0.448095
0.0,15,0.448509
0.0,5,0.448701
0.0,3,0.448831
1.0,11,0.449143
0.0,10,0.44943
0.0,13,0.449807
0.0,29,0.450534
0.0,13,0.450918
1.0,7,0.451142
0.0,15,0.451553
0.0,29,0.452306
0.0,25,0.452965
0.0,13,0.453348
0.0,12,0.453712
0.0,16,0.454159
0.0,6,0.454378
0.0,4,0.454533
0.0,9,0.454821
0.0,40,0.455832
0.0,54,0.457195
0.0,10,0.457504
1.0,14,0.457909
0.0,13,0.458276
0.0,11,0.458588
0.0,14,0.458988
0.0,18,0.459469
0.0,9,0.459759
0.0,7,0.459994
0.0,10,0.460295
0.0,7,0.460515
0.0,37,0.461456
0.0,7,0.461697
0.0,11,0.462013
0.0,16,0.462445
0.0,15,0.462868
0.0,29,0.463629
0.0,13,0.463998
0.0,13,0.464356
1.0,11,0.464686
0.0,19,0.465197
0.0,32,0.466023
0.0,2,0.466136
1.0,15,0.466556
0.0,17,0.467023
0.0,40,0.468033
0.0,9,0.468302
0.0,29,0.469057
0.0,6,0.469266
0.0,29,0.470023
0.0,11,0.470363
0.0,7,0.470599
0.0,8,0.47086
0.0,8,0.47112
0.0,5,0.471302
0.0,6,0.471514
0.0,12,0.471876
0.0,6,0.472077
0.0,46,0.473234
1.0,25,0.473891
0.0,25,0.474539
0.0,4,0.474705
0.0,18,0.47518
0.0,10,0.475474
1.0,12,0.475839
0.0,13,0.476203
0.0,11,0.476523
0.0,8,0.476793
0.0,12,0.477129
0.0,7,0.477362
0.0,4,0.477522
0.0,3,0.477664
0.0,7,0.477896
0.0,23,0.478487
0.0,29,0.479222
0.0,55,0.480601
0.0,14,0.481006
0.0,26,0.481727
0.0,17,0.48218
1.0,11,0.482501
0.0,9,0.482791
0.0,8,0.483039
0.0,14,0.483428
0.0,3,0.483563
0.0,8,0.483832
0.0,21,0.484389
0.0,5,0.484573
0.0,33,0.485433
0.0,9,0.485716
0.0,12,0.486069
0.0,3,0.486198
0.0,3,0.486326
0.0,11,0.486646
0.0,11,0.486969
0.0,16,0.487405
0.0,7,0.487646
0.0,13,0.488017
0.0,10,0.488335
0.0,13,0.488713
0.0,6,0.488925
0.0,4,0.489083
0.0,7,0.489304
0.0,43,0.490373
0.0,16,0.490835
0.0,15,0.491242
0.0,11,0.491565
0.0,12,0.491927
0.0,27,0.492631
0.0,15,0.493059
0.0,11,0.493382
0.0,6,0.49359
0.0,15,0.494009
0.0,4,0.494163
0.0,5,0.494338
0.0,49,0.495558
0.0,7,0.495792
0.0,7,0.496024
0.0,18,0.496519
0.0,10,0.49683
0.0,3,0.496962
0.0,37,0.4979
0.0,24,0.498515
0.0,12,0.498888
0.0,19,0.499396
0.0,10,0.499702
0.0,12,0.50005
1.0,20,0.500592
0.0,4,0.500766
0.0,2,0.500875
0.0,22,0.501452
0.0,6,0.501665
0.0,10,0.50196
0.0,35,0.502851
0.0,19,0.50337
0.0,3,0.503506
0.0,61,0.50505
0.0,13,0.505428
0.0,28,0.506156
0.0,15,0.506578
0.0,35,0.507464
0.0,7,0.507704
0.0,21,0.508265
0.0,10,0.50856
0.0,15,0.508992
0.0,32,0.509831
0.0,40,0.510853
0.0,7,0.511142
0.0,28,0.511873
0.0,19,0.512381
0.0,20,0.512937
0.0,21,0.513478
0.0,17,0.513965
0.0,19,0.514468
0.0,5,0.514655
0.0,19,0.515169
0.0,19,0.515684
0.0,12,0.516034
0.0,2,0.51614
0.0,14,0.516529
0.0,50,0.517774
0.0,20,0.51831
0.0,21,0.518887
1.0,8,0.519144
0.0,14,0.519532
0.0,12,0.519888
0.0,15,0.52031
0.0,20,0.520857
0.0,31,0.521675
0.0,9,0.521976
0.0,11,0.522299
0.0,5,0.522474
0.0,4,0.522632
0.0,20,0.523169
0.0,8,0.52342
0.0,7,0.523664
0.0,14,0.524061
0.0,9,0.524339
0.0,17,0.524813
0.0,23,0.525409
0.0,8,0.525667
0.0,2,0.525779
0.0,4,0.525933
0.0,2,0.526038
0.0,43,0.527134
0.0,6,0.527336
0.0,9,0.527616
0.0,26,0.528297
0.0,34,0.529168
0.0,31,0.52995
0.0,18,0.530436
1.0,30,0.531244
0.0,52,0.532509
0.0,18,0.533003
0.0,14,0.533395
0.0,6,0.533606
0.0,11,0.533932
0.0,12,0.534289
0.0,38,0.535251
1.0,17,0.535726
1.0,21,0.536273
0.0,3,0.536408
0.0,8,0.536671
1.0,13,0.537038
0.0,13,0.537402
1.0,23,0.53801
0.0,9,0.538275
0.0,24,0.538907
0.0,4,0.539062
0.0,16,0.539494
0.0,24,0.540128
0.0,8,0.540375
0.0,9,0.540665
0.0,11,0.540994
0.0,6,0.541195
0.0,9,0.541463
0.0,31,0.542266
0.0,18,0.542754
0.0,8,0.543
0.0,20,0.543528
0.0,12,0.543893
0.0,11,0.544217
1.0,35,0.545107
0.0,12,0.545444
0.0,9,0.545758
1.0,8,0.546006
1.0,25,0.54666
0.0,24,0.547298
0.0,10,0.547603
0.0,4,0.547772
0.0,8,0.548031
0.0,17,0.548497
0.0,10,0.548819
0.0,28,0.549535
0.0,17,0.550025
0.0,10,0.550318
0.0,46,0.551476
0.0,25,0.552136
0.0,6,0.552348
0.0,16,0.552807
0.0,5,0.552993
0.0,36,0.553906
0.0,23,0.554517
0.0,26,0.555203
0.0,20,0.555744
0.0,5,0.555929
0.0,10,0.556222
0.0,7,0.556441
0.0,6,0.556663
0.0,6,0.556865
0.0,19,0.557383
0.0,19,0.557891
0.0,18,0.558381
0.0,7,0.558602
0.0,2,0.558718
0.0,19,0.559222
0.0,18,0.559708
0.0,14,0.560108
0.0,3,0.560239
0.0,32,0.561048
0.0,14,0.561443
0.0,17,0.561917
1.0,25,0.562556
0.0,8,0.562812
0.0,3,0.562943
0.0,16,0.56338
0.0,3,0.563517
0.0,2,0.563631
0.0,38,0.56457
0.0,6,0.564789
0.0,7,0.565012
0.0,37,0.565939
1.0,14,0.566324
0.0,19,0.566844
0.0,85,0.568938
0.0,4,0.569096
0.0,3,0.56923
1.0,38,0.570178
0.0,10,0.570477
0.0,16,0.570929
0.0,13,0.571297
0.0,11,0.571627
0.0,31,0.572419
0.0,16,0.572858
0.0,8,0.573112
0.0,10,0.573404
0.0,34,0.574299
0.0,6,0.574513
0.0,11,0.574847
0.0,31,0.57567
0.0,10,0.575985
0.0,24,0.576614
0.0,15,0.577027
0.0,14,0.577417
0.0,10,0.577728
0.0,33,0.578551
0.0,28,0.579279
0.0,22,0.579859
0.0,13,0.580227
0.0,9,0.580507
0.0,13,0.580894
0.0,39,0.581873
0.0,17,0.582345
0.0,4,0.582499
0.0,6,0.582716
0.0,4,0.58287
0.0,2,0.582974
0.0,32,0.583787
0.0,10,0.584094
0.0,8,0.584355
0.0,44,0.585465
0.0,8,0.585737
0.0,10,0.586028
0.0,3,0.586162
0.0,5,0.586337
0.0,13,0.586715
0.0,9,0.58699
0.0,10,0.587295
0.0,8,0.587549
0.0,39,0.588569
0.0,19,0.589104
0.0,8,0.589351
0.0,5,0.589527
0.0,2,0.589646
0.0,5,0.58983
0.0,13,0.590208
0.0,40,0.591235
0.0,7,0.591461
0.0,22,0.592053
0.0,5,0.592232
0.0,14,0.592626
0.0,7,0.592853
1.0,11,0.593174
0.0,3,0.59331
0.0,12,0.593667
0.0,7,0.593899
1.0,16,0.594349
0.0,12,0.594694
0.0,13,0.595073
0.0,51,0.596335
0.0,18,0.596838
0.0,25,0.59749
0.0,6,0.597703
0.0,9,0.597988
0.0,6,0.598194
0.0,6,0.598392
0.0,2,0.598496
0.0,18,0.599002
0.0,15,0.599413
0.0,9,0.599701
0.0,12,0.60004
0.0,15,0.600459
0.0,19,0.600977
0.0,15,0.60141
0.0,12,0.601768
0.0,6,0.601974
0.0,37,0.602904
0.0,7,0.603136
0.0,7,0.603371
0.0,10,0.603687
0.0,21,0.604236
0.0,45,0.605403
0.0,4,0.60556
0.0,17,0.606036
0.0,26,0.606719
0.0,14,0.607116
0.0,11,0.607432
0.0,18,0.607916
0.0,5,0.608109
0.0,8,0.608371
0.0,6,0.608574
0.0,38,0.609546
0.0,22,0.610151
0.0,12,0.610507
0.0,12,0.610874
0.0,6,0.611146
1.0,33,0.612018
1.0,28,0.612754
0.0,5,0.612933
0.0,8,0.613198
1.0,8,0.613452
0.0,8,0.613724
0.0,15,0.614132
0.0,5,0.614308
0.0,9,0.614582
1.0,13,0.61496
0.0,10,0.615258
0.0,5,0.615442
0.0,7,0.615676
0.0,8,0.615932
0.0,8,0.61622
0.0,7,0.616444
0.0,15,0.616874
0.0,7,0.6171
0.0,2,0.617211
0.0,16,0.617679
0.0,12,0.618047
0.0,9,0.618324
0.0,6,0.618523
0.0,8,0.61878
1.0,17,0.619256
0.0,3,0.619391
0.0,3,0.61952
0.0,7,0.619761
0.0,6,0.619961
0.0,3,0.62009
0.0,5,0.620273
0.0,6,0.620481
0.0,10,0.620796
0.0,5,0.620984
0.0,14,0.62137
0.0,3,0.621499
0.0,3,0.621638
0.0,22,0.622215
0.0,19,0.62274
1.0,33,0.623565
1.0,40,0.624567
0.0,3,0.624715
0.0,8,0.624969
0.0,20,0.62551
0.0,11,0.625838
1.0,26,0.626537
0.0,9,0.626826
0.0,22,0.62741
0.0,57,0.628822
0.0,5,0.629
0.0,7,0.629222
0.0,29,0.629987
0.0,6,0.630186
0.0,22,0.630774
0.0,6,0.630987
0.0,24,0.631614
0.0,19,0.632125
0.0,11,0.632449
1.0,16,0.632926
0.0,13,0.633295
1.0,19,0.633807
0.0,9,0.634073
0.0,34,0.634938
0.0,42,0.635993
0.0,7,0.636225
0.0,3,0.636356
0.0,6,0.63656
0.0,18,0.637061
0.0,31,0.637882
0.0,7,0.638117
0.0,5,0.638302
0.0,33,0.639154
0.0,10,0.639459
0.0,30,0.640247
0.0,23,0.640862
0.0,7,0.641092
0.0,9,0.64136
0.0,7,0.641581
0.0,36,0.642486
0.0,32,0.643299
0.0,3,0.64343
0.0,12,0.643786
0.0,9,0.644063
0.0,34,0.644925
0.0,41,0.645946
0.0,21,0.646517
0.0,2,0.646638
0.0,8,0.646896
1.0,25,0.647538
0.0,19,0.648096
0.0,18,0.648574
0.0,10,0.648899
0.0,11,0.649223
0.0,5,0.649399
0.0,10,0.649707
0.0,32,0.650506
0.0,51,0.651785
0.0,9,0.652055
0.0,2,0.652159
0.0,13,0.652532
0.0,13,0.652902
0.0,11,0.653224
0.0,16,0.653673
0.0,8,0.653929
0.0,7,0.654151
0.0,3,0.654279
0.0,23,0.654908
0.0,17,0.655388
0.0,11,0.655722
0.0,7,0.655947
0.0,4,0.656108
0.0,13,0.656477
0.0,2,0.656588
0.0,25,0.657242
0.0,10,0.657533
0.0,4,0.657697
0.0,14,0.658114
0.0,17,0.65858
0.0,10,0.658888
0.0,27,0.659581
0.0,5,0.659768
0.0,44,0.66088
0.0,5,0.661064
0.0,5,0.66124
0.0,5,0.661415
0.0,7,0.661645
0.0,15,0.66206
0.0,9,0.662338
0.0,4,0.662491
0.0,9,0.662778
0.0,4,0.662932
0.0,4,0.663084
0.0,57,0.664499
0.0,6,0.664713
0.0,15,0.665133
0.0,39,0.666137
0.0,12,0.666475
0.0,27,0.667201
0.0,9,0.667479
0.0,3,0.667615
0.0,18,0.668115
0.0,11,0.668443
0.0,36,0.669365
0.0,19,0.669885
0.0,9,0.670161
0.0,17,0.670641
0.0,10,0.670939
0.0,22,0.671505
0.0,6,0.671727
0.0,15,0.672148
0.0,18,0.672639
0.0,32,0.673466
0.0,18,0.673963
0.0,27,0.674676
0.0,3,0.674807
0.0,12,0.67517
0.0,7,0.675402
0.0,9,0.675691
0.0,5,0.67587
0.0,8,0.676127
0.0,5,0.676309
0.0,14,0.676718
0.0,3,0.676849
0.0,12,0.677199
0.0,52,0.678524
0.0,8,0.67879
0.0,36,0.679707
0.0,13,0.680071
0.0,3,0.680199
0.0,9,0.680473
0.0,3,0.680601
0.0,10,0.680925
0.0,21,0.681474
0.0,18,0.681959
0.0,22,0.682533
0.0,21,0.683102
0.0,3,0.683239
0.0,19,0.683765
0.0,11,0.684079
0.0,18,0.684568
0.0,8,0.684823
1.0,12,0.685163
0.0,4,0.685324
0.0,27,0.686042
0.0,10,0.68634
0.0,7,0.686576
0.0,46,0.687742
0.0,42,0.688791
0.0,26,0.689455
0.0,17,0.68994
0.0,17,0.690399
1.0,13,0.69078
0.0,5,0.690964
0.0,3,0.691105
0.0,36,0.692017
0.0,12,0.692363
0.0,12,0.692716
0.0,8,0.692976
0.0,6,0.693177
0.0,12,0.693515
0.0,11,0.693846
1.0,44,0.694961
0.0,2,0.695068
0.0,4,0.695221
0.0,4,0.695379
1.0,16,0.695825
0.0,18,0.696315
0.0,18,0.696812
0.0,31,0.697602
0.0,17,0.698077
1.0,16,0.69851
0.0,7,0.69876
0.0,15,0.699181
0.0,55,0.700521
1.0,28,0.701258
0.0,13,0.701636
0.0,24,0.702269
0.0,6,0.702476
0.0,20,0.703024
1.0,20,0.703554
0.0,19,0.704072
0.0,5,0.704251
0.0,38,0.705222
0.0,30,0.706036
0.0,18,0.706528
0.0,16,0.706975
0.0,6,0.707184
0.0,61,0.708705
0.0,12,0.709046
0.0,16,0.70947
0.0,9,0.709749
0.0,12,0.710091
0.0,11,0.710403
0.0,22,0.710982
0.0,21,0.711592
0.0,9,0.711888
0.0,14,0.712275
0.0,21,0.712826
0.0,6,0.713033
0.0,15,0.713436
0.0,6,0.713651
1.0,15,0.714062
0.0,10,0.714362
0.0,12,0.714724
0.0,12,0.715075
0.0,4,0.715234
0.0,20,0.7158
0.0,9,0.716073
0.0,7,0.716301
1.0,31,0.717107
0.0,27,0.717816
0.0,8,0.718065
0.0,28,0.718805
0.0,3,0.718944
0.0,36,0.719875
0.0,11,0.720206
0.0,33,0.721067
0.0,19,0.72158
0.0,5,0.721774
0.0,25,0.722414
0.0,7,0.722652
0.0,4,0.722813
0.0,39,0.723815
0.0,3,0.723953
0.0,37,0.72489
0.0,19,0.725402
0.0,21,0.725973
0.0,24,0.726604
0.0,16,0.727054
0.0,27,0.727759
0.0,14,0.728158
0.0,20,0.7287
0.0,8,0.728965
0.0,23,0.729573
0.0,4,0.729743
0.0,20,0.730292
0.0,9,0.730567
0.0,35,0.731458
0.0,11,0.731783
0.0,6,0.731992
0.0,13,0.732362
0.0,21,0.732942
0.0,16,0.733385
0.0,23,0.734
0.0,3,0.734133
0.0,6,0.734331
0.0,18,0.734825
0.0,11,0.73515
0.0,2,0.735261
0.0,8,0.735518
0.0,26,0.73619
0.0,20,0.736732
0.0,14,0.737129
0.0,8,0.737381
0.0,5,0.737566
0.0,12,0.73792
0.0,6,0.738132
0.0,44,0.739226
0.0,17,0.739691
0.0,8,0.739944
1.0,41,0.740975
0.0,24,0.741603
0.0,6,0.741814
0.0,6,0.742014
0.0,6,0.742221
0.0,2,0.742326
0.0,21,0.742904
0.0,4,0.743059
0.0,19,0.74357
0.0,19,0.7441
0.0,11,0.744413
0.0,10,0.744723
0.0,8,0.744978
0.0,19,0.745494
0.0,13,0.745866
0.0,16,0.746291
0.0,8,0.746558
0.0,15,0.746993
0.0,10,0.747291
0.0,17,0.747765
0.0,22,0.74835
0.0,5,0.748526
0.0,6,0.748749
0.0,7,0.748974
0.0,21,0.749546
0.0,11,0.749903
1.0,12,0.750242
0.0,3,0.75037
0.0,31,0.751158
0.0,18,0.751648
0.0,33,0.752487
0.0,11,0.752819
0.0,7,0.753048
1.0,8,0.753302
0.0,23,0.753918
0.0,5,0.754096
0.0,6,0.754294
0.0,9,0.754574
0.0,34,0.755437
0.0,6,0.755653
0.0,4,0.755807
0.0,8,0.756052
0.0,16,0.756482
0.0,23,0.757087
0.0,5,0.757271
0.0,7,0.757498
0.0,13,0.757877
0.0,18,0.758357
0.0,7,0.758577
0.0,25,0.75923
0.0,34,0.760095
0.0,14,0.760489
0.0,31,0.761299
0.0,8,0.761543
0.0,7,0.761775
0.0,12,0.76212
0.0,3,0.762248
0.0,5,0.762422
0.0,17,0.762892
0.0,10,0.763195
0.0,12,0.763551
0.0,5,0.76374
0.0,24,0.764376
0.0,6,0.764579
0.0,19,0.765101
0.0,12,0.765449
0.0,11,0.765775
0.0,20,0.766326
0.0,12,0.766692
0.0,22,0.767279
0.0,18,0.767772
0.0,36,0.76867
0.0,14,0.769054
0.0,19,0.769554
0.0,16,0.77
0.0,2,0.770113
0.0,19,0.770629
0.0,5,0.770809
0.0,6,0.771008
0.0,19,0.771502
0.0,16,0.771944
0.0,38,0.772892
0.0,8,0.773139
0.0,28,0.773863
0.0,43,0.774957
0.0,5,0.775149
0.0,19,0.775679
0.0,13,0.776037
0.0,16,0.776479
1.0,12,0.77685
0.0,20,0.777386
0.0,23,0.778006
1.0,15,0.778413
0.0,13,0.778788
0.0,18,0.779263
0.0,11,0.779583
0.0,12,0.779943
0.0,4,0.780099
0.0,2,0.78021
0.0,15,0.780641
0.0,2,0.780748
0.0,5,0.780922
0.0,6,0.781119
0.0,20,0.781664
0.0,6,0.781882
1.0,10,0.782181
0.0,15,0.782584
1.0,46,0.783739
0.0,19,0.78424
0.0,4,0.78443
1.0,22,0.785022
0.0,14,0.785422
0.0,6,0.78564
0.0,17,0.786102
0.0,26,0.786783
0.0,13,0.787145
0.0,13,0.787503
0.0,7,0.78775
0.0,29,0.788512
0.0,10,0.788832
0.0,4,0.788994
0.0,6,0.789193
0.0,12,0.789527
0.0,29,0.790275
0.0,13,0.790658
0.0,9,0.790927
0.0,8,0.791172
0.0,17,0.79163
0.0,46,0.79277
0.0,16,0.793217
0.0,4,0.793371
0.0,15,0.793791
0.0,8,0.794047
1.0,10,0.794351
0.0,4,0.794504
0.0,4,0.794668
0.0,19,0.795175
0.0,15,0.795589
1.0,9,0.795867
0.0,10,0.796179
0.0,8,0.796425
0.0,11,0.796765
0.0,10,0.797076
0.0,9,0.797344
0.0,4,0.797506
0.0,27,0.79821
0.0,25,0.798884
0.0,20,0.79942
0.0,42,0.800484
0.0,8,0.800747
0.0,10,0.801049
0.0,9,0.801318
0.0,11,0.80164
0.0,9,0.801909
0.0,12,0.802253
0.0,5,0.802429
0.0,28,0.803162
0.0,43,0.804242
0.0,7,0.804479
0.0,25,0.805129
0.0,40,0.806123
0.0,31,0.806908
0.0,25,0.807549
0.0,5,0.807738
0.0,9,0.808021
0.0,7,0.808244
0.0,8,0.808485
0.0,9,0.808778
0.0,3,0.808917
0.0,9,0.809192
0.0,7,0.809421
0.0,9,0.809707
0.0,4,0.809868
0.0,67,0.811542
0.0,8,0.811864
0.0,3,0.812001
0.0,4,0.812168
0.0,30,0.812946
0.0,12,0.813285
0.0,23,0.813893
0.0,69,0.815581
0.0,8,0.815843
0.0,20,0.81637
0.0,13,0.81675
0.0,26,0.817433
0.0,32,0.81828
0.0,14,0.81868
0.0,36,0.819586
0.0,6,0.819809
0.0,26,0.820483
0.0,4,0.820646
0.0,15,0.821049
0.0,8,0.821302
0.0,15,0.821743
0.0,6,0.821948
0.0,6,0.822148
0.0,3,0.822281
0.0,12,0.822639
0.0,7,0.822862
0.0,17,0.823329
1.0,9,0.823595
0.0,9,0.82387
1.0,9,0.824137
1.0,14,0.824531
0.0,4,0.824698
0.0,19,0.825204
0.0,18,0.825705
0.0,9,0.825988
0.0,8,0.826245
0.0,7,0.826477
0.0,3,0.826607
0.0,27,0.827305
0.0,4,0.827461
0.0,12,0.82782
0.0,29,0.828562
0.0,12,0.82892
0.0,9,0.829193
0.0,32,0.83003
0.0,10,0.830341
0.0,26,0.831026
0.0,39,0.832011
0.0,7,0.832244
0.0,5,0.832429
0.0,12,0.832785
0.0,13,0.833155
0.0,30,0.833939
0.0,12,0.834288
0.0,24,0.834925
0.0,16,0.835374
0.0,24,0.836021
0.0,9,0.836301
0.0,6,0.836502
0.0,22,0.837079
0.0,8,0.837345
0.0,5,0.837523
0.0,8,0.83778
0.0,9,0.838055
0.0,8,0.838311
0.0,5,0.838495
0.0,3,0.838632
0.0,12,0.838979
0.0,22,0.839556
0.0,20,0.8401
0.0,11,0.840415
0.0,10,0.840728
0.0,29,0.841467
0.0,6,0.841678
0.0,12,0.842018
1.0,17,0.842485
0.0,13,0.842859
0.0,20,0.843404
0.0,13,0.843779
0.0,10,0.844081
0.0,7,0.8443
1.0,29,0.84506
0.0,34,0.845932
0.0,39,0.846952
0.0,11,0.847283
0.0,11,0.847607
0.0,3,0.84776
0.0,2,0.847866
0.0,26,0.848525
0.0,18,0.849017
0.0,5,0.849204
0.0,27,0.849914
0.0,14,0.850307
0.0,8,0.850566
0.0,12,0.850922
0.0,13,0.851288
0.0,12,0.851632
0.0,10,0.851932
0.0,5,0.852107
0.0,14,0.852492
0.0,39,0.853466
0.0,17,0.853937
0.0,2,0.854051
0.0,7,0.854278
0.0,46,0.855412
0.0,17,0.855875
0.0,12,0.856219
0.0,2,0.856325
0.0,20,0.856866
0.0,5,0.857049
0.0,3,0.857184
0.0,26,0.857881
0.0,13,0.858253
0.0,53,0.859552
0.0,12,0.859918
0.0,13,0.860289
0.0,19,0.860801
0.0,68,0.862494
0.0,15,0.86294
0.0,3,0.86308
0.0,20,0.863637
0.0,22,0.864218
0.0,12,0.864563
0.0,6,0.864781
0.0,5,0.864959
0.0,41,0.866012
0.0,24,0.866662
0.0,17,0.867117
0.0,5,0.867301
0.0,4,0.86746
0.0,33,0.868297
0.0,5,0.868487
0.0,6,0.868708
0.0,4,0.868874
0.0,20,0.869406
0.0,7,0.86964
0.0,18,0.870149
0.0,4,0.870308
0.0,5,0.870485
0.0,35,0.871377
0.0,21,0.871949
0.0,10,0.872255
0.0,2,0.872362
0.0,10,0.872679
0.0,12,0.873021
0.0,12,0.873372
0.0,6,0.873584
0.0,10,0.873896
0.0,5,0.87408
0.0,29,0.87484
0.0,14,0.875237
0.0,8,0.875491
0.0,12,0.87587
0.0,4,0.876026
0.0,6,0.876239
0.0,32,0.877039
0.0,8,0.877286
0.0,24,0.877927
0.0,13,0.8783
0.0,13,0.878705
0.0,12,0.879063
0.0,16,0.879488
0.0,8,0.879749
0.0,21,0.880307
0.0,14,0.880716
0.0,13,0.881097
0.0,10,0.881396
0.0,21,0.881967
0.0,65,0.883549
0.0,40,0.884571
1.0,9,0.884864
0.0,21,0.885503
0.0,10,0.885819
0.0,14,0.886223
1.0,11,0.886538
0.0,19,0.887057
0.0,8,0.887319
0.0,15,0.887741
0.0,10,0.888046
0.0,26,0.888743
0.0,20,0.889291
0.0,7,0.889513
1.0,14,0.889916
0.0,4,0.89007
0.0,17,0.890534
0.0,3,0.890682
0.0,8,0.890929
0.0,8,0.891186
0.0,15,0.891593
0.0,11,0.891926
0.0,7,0.89215
0.0,20,0.892692
0.0,4,0.892847
0.0,7,0.893069
0.0,14,0.893459
0.0,17,0.893941
0.0,6,0.894143
0.0,3,0.89427
0.0,30,0.895057
0.0,7,0.895281
1.0,27,0.895992
0.0,6,0.896198
0.0,2,0.89631
0.0,8,0.896561
0.0,25,0.897237
0.0,8,0.897485
0.0,8,0.897749
0.0,21,0.89832
0.0,12,0.898677
0.0,9,0.898955
0.0,39,0.899939
0.0,7,0.900176
0.0,53,0.901501
0.0,18,0.90201
0.0,18,0.902491
1.0,18,0.903002
1.0,16,0.90345
0.0,3,0.903585
0.0,3,0.903726
0.0,17,0.904177
0.0,4,0.90433
0.0,15,0.904762
0.0,17,0.905222
0.0,28,0.905944
0.0,37,0.90688
0.0,12,0.907217
0.0,17,0.907696
0.0,34,0.908548
0.0,8,0.908807
0.0,19,0.909326
0.0,8,0.909574
0.0,9,0.909874
0.0,5,0.910054
0.0,12,0.910401
0.0,15,0.910841
0.0,33,0.911688
0.0,7,0.911976
0.0,32,0.912828
0.0,10,0.913132
0.0,24,0.913784
0.0,20,0.914314
0.0,7,0.914536
0.0,6,0.91476
0.0,39,0.915768
0.0,26,0.916455
0.0,18,0.916961
0.0,21,0.917521
0.0,46,0.918673
0.0,27,0.919369
0.0,10,0.919677
0.0,30,0.920426
0.0,12,0.920775
0.0,10,0.921066
0.0,9,0.921341
0.0,24,0.921966
0.0,29,0.922735
0.0,4,0.922903
0.0,27,0.92361
0.0,8,0.923872
1.0,20,0.924403
0.0,13,0.924773
0.0,20,0.925307
0.0,22,0.925903
0.0,17,0.926374
0.0,6,0.926573
0.0,9,0.926868
0.0,6,0.927074
1.0,24,0.927716
0.0,16,0.928156
0.0,7,0.928383
0.0,17,0.928864
0.0,17,0.929328
0.0,2,0.92944
0.0,56,0.930834
0.0,21,0.931397
0.0,23,0.932009
0.0,26,0.932688
0.0,44,0.93378
0.0,33,0.934642
0.0,26,0.935322
0.0,2,0.935428
0.0,11,0.935753
0.0,24,0.936381
0.0,32,0.937196
0.0,10,0.9375
0.0,24,0.938141
0.0,9,0.938423
0.0,12,0.938775
0.0,4,0.93893
0.0,3,0.939066
0.0,22,0.939656
0.0,18,0.940152
0.0,4,0.940311
0.0,4,0.940464
0.0,28,0.941197
0.0,17,0.941667
0.0,5,0.941851
0.0,2,0.941962
0.0,4,0.942116
0.0,8,0.942368
0.0,15,0.942808
0.0,9,0.943087
0.0,14,0.943469
0.0,18,0.943969
1.0,18,0.944444
0.0,6,0.944661
0.0,35,0.945543
0.0,30,0.946326
0.0,2,0.946433
0.0,3,0.946568
0.0,13,0.946949
0.0,11,0.947284
0.0,11,0.947596
0.0,5,0.947795
0.0,30,0.948584
0.0,20,0.94913
0.0,4,0.949296
0.0,18,0.949792
0.0,13,0.950153
0.0,42,0.951204
0.0,15,0.951616
0.0,7,0.951863
0.0,52,0.953138
0.0,13,0.953501
0.0,21,0.954053
0.0,19,0.954551
0.0,36,0.955454
0.0,19,0.955965
0.0,7,0.956195
0.0,10,0.956483
0.0,7,0.956729
0.0,13,0.957102
0.0,20,0.957641
0.0,11,0.957966
0.0,13,0.958335
0.0,12,0.958689
0.0,17,0.959155
0.0,9,0.95943
0.0,11,0.959763
0.0,8,0.960028
0.0,7,0.960252
0.0,8,0.960496
0.0,10,0.960807
0.0,8,0.96107
0.0,17,0.96153
0.0,2,0.96165
0.0,5,0.961833
0.0,15,0.962258
0.0,11,0.962579
0.0,6,0.962801
0.0,20,0.963351
0.0,21,0.963923
0.0,11,0.964246
0.0,6,0.964444
0.0,8,0.964707
0.0,13,0.96507
0.0,28,0.965816
0.0,30,0.966583
0.0,10,0.966892
0.0,20,0.967419
0.0,5,0.9676
0.0,7,0.967833
0.0,6,0.968047
0.0,17,0.968513
0.0,4,0.96868
0.0,9,0.96896
0.0,17,0.969425
0.0,20,0.969961
0.0,10,0.970251
0.0,5,0.970425
0.0,6,0.97064
0.0,30,0.971407
0.0,12,0.971764
0.0,3,0.971902
0.0,6,0.972107
0.0,3,0.972236
0.0,43,0.97332
0.0,9,0.9736
0.0,13,0.973973
0.0,8,0.974224
0.0,34,0.975088
0.0,25,0.975739
0.0,69,0.97744
1.0,14,0.977845
0.0,4,0.977998
0.0,4,0.97815
0.0,11,0.978461
0.0,8,0.97873
0.0,14,0.979119
0.0,8,0.979372
0.0,20,0.979912
0.0,6,0.980112
0.0,5,0.980293
0.0,8,0.980553
0.0,8,0.980823
0.0,11,0.981142
0.0,20,0.981678
0.0,5,0.981857
0.0,16,0.982296
0.0,9,0.982567
0.0,12,0.982928
0.0,5,0.983104
1.0,30,0.98389
0.0,3,0.984028
0.0,10,0.98432
0.0,4,0.984471
0.0,32,0.985291
0.0,11,0.985604
0.0,33,0.986445
0.0,27,0.987143
0.0,7,0.987374
0.0,11,0.987713
0.0,28,0.98844
0.0,36,0.989364
0.0,8,0.98963
0.0,5,0.989817
0.0,15,0.990234
0.0,23,0.990843
0.0,48,0.992025
0.0,32,0.992844
0.0,35,0.993744
0.0,15,0.994164
1.0,24,0.994807
0.0,27,0.995505
0.0,20,0.996052
0.0,9,0.996336
0.0,2,0.996442
0.0,10,0.996743
0.0,16,0.997183
0.0,8,0.997428
0.0,31,0.998232
0.0,16,0.998688
0.0,20,0.999216
0.0,16,0.999663
0.0,7,0.999896
1.0,26,1.000602
0.0,9,1.000892
0.0,10,1.001199
0.0,5,1.001375
0.0,7,1.001608
0.0,11,1.001942
0.0,8,1.002186
0.0,7,1.002418
0.0,11,1.002762
0.0,4,1.002926
0.0,12,1.003262
0.0,18,1.003766
0.0,8,1.004019
0.0,7,1.00424
0.0,4,1.004397
0.0,2,1.004502
0.0,19,1.005009
0.0,5,1.005193
0.0,27,1.005911
0.0,4,1.006065
0.0,14,1.006464
0.0,5,1.006648
0.0,7,1.006878
0.0,5,1.007054
0.0,10,1.007359
0.0,7,1.007582
0.0,4,1.007751
0.0,19,1.008266
0.0,24,1.008905
0.0,10,1.009208
0.0,10,1.009513
0.0,7,1.009748
0.0,4,1.009903
0.0,8,1.010155
0.0,23,1.010778
0.0,18,1.011263
0.0,5,1.011448
0.0,7,1.011691
0.0,6,1.011957
0.0,8,1.01223
0.0,9,1.0125
0.0,24,1.01314
0.0,10,1.013443
0.0,10,1.01375
0.0,20,1.014303
0.0,6,1.014514
0.0,14,1.014927
0.0,6,1.015136
0.0,21,1.015692
0.0,15,1.016114
0.0,2,1.016219
0.0,63,1.017774
0.0,4,1.017936
0.0,15,1.018351
0.0,55,1.019731
1.0,30,1.020483
0.0,13,1.020861
0.0,31,1.021658
0.0,25,1.022331
0.0,2,1.022437
0.0,43,1.023521
0.0,9,1.023816
0.0,17,1.024292
0.0,10,1.02459
0.0,18,1.025081
0.0,15,1.025497
0.0,8,1.025756
0.0,56,1.02713
0.0,17,1.027589
0.0,7,1.027821
0.0,9,1.028103
0.0,16,1.028547
1.0,14,1.028942
0.0,10,1.029242
0.0,14,1.029636
0.0,7,1.029868
0.0,27,1.030567
0.0,10,1.030872
0.0,4,1.031033
0.0,5,1.031209
0.0,28,1.031943
0.0,7,1.03218
0.0,17,1.032659
1.0,12,1.033004
0.0,5,1.033187
0.0,12,1.033535
0.0,5,1.033738
0.0,7,1.03398
0.0,50,1.035215
0.0,24,1.035868
0.0,16,1.036312
0.0,13,1.036701
0.0,10,1.036993
0.0,3,1.037132
0.0,48,1.038316
0.0,29,1.039056
1.0,42,1.040107
0.0,5,1.040296
0.0,26,1.040992
0.0,10,1.041301
0.0,24,1.04192
0.0,7,1.042155
0.0,4,1.042309
1.0,16,1.042757
0.0,6,1.042962
0.0,35,1.043864
0.0,10,1.044169
0.0,15,1.044587
0.0,9,1.044873
0.0,47,1.046034
0.0,13,1.046415
0.0,13,1.046796
0.0,6,1.047003
0.0,9,1.047282
0.0,14,1.047695
0.0,33,1.048526
0.0,15,1.048963
0.0,3,1.049094
0.0,14,1.049474
0.0,15,1.049891
0.0,14,1.050287
0.0,30,1.051077
0.0,14,1.051471
0.0,19,1.051985
0.0,19,1.052492
0.0,6,1.052716
0.0,6,1.052922
0.0,14,1.053316
1.0,14,1.053723
0.0,23,1.05434
0.0,4,1.0545
1.0,17,1.054972
0.0,20,1.055518
1.0,57,1.056938
0.0,11,1.057267
0.0,11,1.05758
0.0,17,1.058055
0.0,21,1.058616
0.0,3,1.058769
0.0,9,1.059051
0.0,51,1.060316
0.0,8,1.060572
0.0,24,1.06122
0.0,19,1.061746
0.0,4,1.061899
0.0,7,1.062118
0.0,12,1.062482
0.0,18,1.062975
0.0,3,1.063111
0.0,10,1.063415
0.0,10,1.063729
0.0,9,1.064012
0.0,7,1.064234
0.0,7,1.064466
0.0,4,1.064635
0.0,7,1.064862
1.0,36,1.065778
0.0,26,1.06644
1.0,19,1.066973
0.0,8,1.067219
0.0,7,1.067448
0.0,27,1.068149
0.0,8,1.068397
0.0,4,1.068556
0.0,7,1.068794
0.0,3,1.068931
0.0,24,1.069553
0.0,21,1.070124
1.0,28,1.070847
0.0,10,1.07115
0.0,12,1.071505
0.0,17,1.071983
0.0,16,1.072425
0.0,5,1.07261
0.0,24,1.07324
0.0,59,1.074694
0.0,6,1.07491
0.0,10,1.075201
0.0,2,1.07531
0.0,3,1.075441
0.0,9,1.075727
0.0,11,1.076057
0.0,13,1.076431
0.0,12,1.076791
0.0,24,1.077426
0.0,11,1.077766
0.0,11,1.078081
0.0,30,1.078853
0.0,14,1.079262
0.0,7,1.079485
0.0,14,1.079879
0.0,18,1.080359
0.0,13,1.080736
0.0,16,1.081191
0.0,5,1.081368
0.0,9,1.081658
0.0,14,1.082048
0.0,16,1.082497
0.0,6,1.082718
0.0,15,1.083126
0.0,7,1.083354
0.0,21,1.083925
0.0,13,1.084296
0.0,3,1.084431
0.0,9,1.084719
0.0,10,1.08503
0.0,5,1.085203
0.0,11,1.085514
0.0,21,1.086084
0.0,7,1.086308
0.0,9,1.086574
0.0,9,1.08685
0.0,2,1.086956
0.0,3,1.087082
0.0,7,1.087303
0.0,22,1.087887
0.0,18,1.08837
0.0,14,1.088771
0.0,5,1.088954
0.0,28,1.089675
0.0,8,1.089921
0.0,3,1.090048
0.0,5,1.090229
0.0,24,1.090875
0.0,37,1.091812
0.0,4,1.091968
0.0,15,1.092369
0.0,11,1.092704
0.0,7,1.092936
0.0,21,1.093495
0.0,5,1.093692
0.0,21,1.094244
0.0,26,1.094907
0.0,19,1.095431
1.0,12,1.095786
0.0,5,1.095962
0.0,13,1.09632
0.0,8,1.09657
0.0,4,1.09674
0.0,9,1.097017
0.0,24,1.097649
0.0,4,1.097813
0.0,4,1.097972
0.0,7,1.098194
0.0,6,1.098394
0.0,8,1.098668
0.0,7,1.098898
0.0,7,1.099128
0.0,11,1.09944
0.0,12,1.099802
0.0,30,1.100579
0.0,26,1.101274
0.0,15,1.1017
0.0,14,1.102092
0.0,13,1.102465
0.0,27,1.10317
0.0,10,1.103471
0.0,12,1.103837
0.0,10,1.104139
1.0,16,1.104576
0.0,24,1.105191
1.0,15,1.105594
0.0,16,1.106041
0.0,12,1.106387
0.0,11,1.106714
0.0,8,1.106968
0.0,3,1.107097
1.0,16,1.107544
0.0,23,1.108163
0.0,16,1.108598
0.0,11,1.108921
0.0,12,1.109273
0.0,19,1.109797
1.0,54,1.111144
0.0,9,1.111413
0.0,8,1.111678
0.0,16,1.112128
0.0,8,1.112457
0.0,11,1.112792
0.0,14,1.113181
0.0,10,1.113477
0.0,21,1.114045
0.0,28,1.114777
0.0,10,1.115079
0.0,44,1.116184
0.0,15,1.11659
0.0,4,1.116759
0.0,38,1.117762
0.0,21,1.118321
0.0,12,1.118683
0.0,21,1.119234
0.0,7,1.119476
0.0,27,1.12017
0.0,3,1.1203
0.0,48,1.12149
0.0,6,1.12171
0.0,12,1.12206
0.0,6,1.122285
0.0,7,1.122515
0.0,6,1.122737
0.0,7,1.122969
0.0,10,1.123272
0.0,8,1.123518
0.0,21,1.124082
0.0,30,1.124866
0.0,23,1.125456
0.0,40,1.126459
0.0,2,1.126566
1.0,17,1.127034
0.0,21,1.127592
0.0,4,1.127755
0.0,17,1.128211
0.0,22,1.128791
0.0,12,1.129137
0.0,16,1.129587
0.0,5,1.129778
0.0,9,1.130054
0.0,22,1.130642
0.0,4,1.130796
0.0,48,1.132013
0.0,42,1.133083
0.0,31,1.133881
1.0,10,1.134174
0.0,3,1.134301
0.0,3,1.134429
0.0,3,1.134563
0.0,40,1.135572
0.0,7,1.13582
0.0,12,1.136163
0.0,4,1.136315
0.0,10,1.136605
0.0,12,1.136961
0.0,5,1.137151
0.0,22,1.137748
0.0,3,1.13788
1.0,10,1.13817
0.0,13,1.138528
0.0,11,1.138853
0.0,29,1.139606
0.0,11,1.139932
0.0,14,1.140327
0.0,52,1.141641
0.0,31,1.142438
0.0,18,1.142948
0.0,4,1.143104
0.0,5,1.143298
0.0,11,1.143614
0.0,9,1.143895
0.0,16,1.144339
0.0,66,1.14595
0.0,19,1.146451
0.0,17,1.146924
0.0,8,1.147172
0.0,5,1.147355
0.0,2,1.147467
0.0,8,1.147727
0.0,51,1.149004
0.0,8,1.149251
0.0,47,1.150422
0.0,10,1.150744
0.0,21,1.151317
0.0,4,1.151478
0.0,19,1.152003
0.0,7,1.152234
0.0,12,1.152579
0.0,10,1.152887
1.0,12,1.153239
0.0,16,1.153686
0.0,54,1.155006
0.0,9,1.155284
1.0,11,1.155606
0.0,5,1.155798
0.0,9,1.156076
0.0,11,1.156396
0.0,23,1.157015
0.0,9,1.157303
1.0,56,1.158708
0.0,13,1.159071
0.0,30,1.15984
0.0,9,1.160122
0.0,23,1.160741
0.0,9,1.161021
0.0,4,1.161173
1.0,8,1.161414
0.0,31,1.162228
0.0,24,1.162883
0.0,5,1.163063
0.0,12,1.163398
1.0,17,1.163872
0.0,8,1.164128
0.0,5,1.164304
0.0,29,1.165073
0.0,13,1.165456
0.0,13,1.165836
0.0,12,1.166173
0.0,13,1.166532
0.0,12,1.166896
0.0,10,1.167189
0.0,18,1.167683
0.0,12,1.168023
1.0,9,1.16829
0.0,18,1.168796
0.0,7,1.169047
0.0,11,1.169365
0.0,43,1.170419
0.0,21,1.17099
1.0,37,1.17193
0.0,7,1.172159
0.0,22,1.172762
0.0,4,1.172924
0.0,19,1.173446
0.0,10,1.173754
0.0,13,1.17414
0.0,15,1.17456
0.0,36,1.175465
0.0,5,1.175656
0.0,3,1.175794
0.0,15,1.176227
0.0,31,1.17704
0.0,16,1.177481
0.0,7,1.177716
0.0,6,1.177923
0.0,11,1.178245
0.0,2,1.17835
0.0,7,1.178585
0.0,16,1.179041
0.0,3,1.179178
0.0,9,1.179459
0.0,19,1.17997
0.0,6,1.180171
0.0,11,1.180483
0.0,3,1.18061
0.0,8,1.180866
1.0,8,1.181122
0.0,21,1.181696
0.0,12,1.182034
0.0,5,1.18221
0.0,8,1.182456
0.0,3,1.182591
0.0,24,1.183236
0.0,2,1.183349
0.0,5,1.183528
0.0,10,1.18384
0.0,19,1.184359
1.0,18,1.184848
0.0,7,1.185068
0.0,4,1.18522
0.0,20,1.185767
0.0,15,1.186179
0.0,19,1.186698
0.0,28,1.187424
0.0,8,1.187689
0.0,4,1.187843
0.0,19,1.188356
0.0,15,1.188786
0.0,13,1.189157
0.0,15,1.189577
0.0,7,1.189808
0.0,2,1.18992
0.0,10,1.190216
0.0,8,1.190469
0.0,14,1.190865
0.0,6,1.191072
0.0,13,1.191431
0.0,9,1.191708
0.0,3,1.19185
0.0,13,1.192229
1.0,13,1.1926
1.0,19,1.193132
0.0,19,1.193659
0.0,7,1.193893
0.0,2,1.193998
0.0,12,1.194335
0.0,12,1.194682
0.0,10,1.194987
0.0,9,1.195265
0.0,28,1.195986
0.0,65,1.197611
0.0,28,1.198351
0.0,5,1.198528
0.0,3,1.198672
0.0,18,1.19916
0.0,21,1.199734
0.0,25,1.200386
0.0,17,1.200876
0.0,14,1.201269
0.0,4,1.201423
0.0,44,1.202524
0.0,5,1.202717
1.0,20,1.203249
0.0,24,1.203888
0.0,11,1.204207
0.0,13,1.204587
0.0,9,1.204875
1.0,10,1.205168
0.0,18,1.205646
0.0,36,1.206563
0.0,4,1.206726
0.0,15,1.207131
0.0,48,1.208304
0.0,42,1.20937
0.0,5,1.209554
0.0,63,1.211133
0.0,10,1.211436
0.0,39,1.212441
0.0,3,1.212573
0.0,13,1.212956
1.0,16,1.2134
0.0,3,1.213536
0.0,5,1.213795
0.0,18,1.214304
0.0,6,1.214506
0.0,15,1.214931
1.0,12,1.215273
1.0,22,1.215873
0.0,14,1.216264
1.0,16,1.216719
0.0,8,1.216963
0.0,10,1.217266
0.0,9,1.21754
0.0,12,1.217906
1.0,13,1.218269
0.0,9,1.218545
0.0,30,1.219324
0.0,24,1.219974
0.0,20,1.220512
0.0,4,1.220685
0.0,22,1.221276
0.0,12,1.221636
0.0,12,1.221982
0.0,6,1.22218
0.0,10,1.222468
0.0,12,1.222823
0.0,7,1.223045
0.0,10,1.223344
0.0,12,1.223705
0.0,12,1.224043
0.0,2,1.224148
0.0,17,1.224599
0.0,17,1.225058
0.0,4,1.225216
0.0,9,1.225492
0.0,6,1.225702
0.0,36,1.22663
0.0,7,1.226864
0.0,6,1.227069
0.0,31,1.227867
1.0,14,1.22827
0.0,10,1.228571
0.0,7,1.228805
0.0,13,1.229174
0.0,8,1.229426
0.0,8,1.229692
0.0,10,1.229996
0.0,9,1.230278
0.0,34,1.231143
0.0,38,1.232104
0.0,16,1.23255
0.0,31,1.233332
0.0,21,1.233901
0.0,8,1.234156
0.0,20,1.234702
0.0,20,1.235227
0.0,20,1.235784
0.0,24,1.236401
0.0,5,1.236585
0.0,11,1.236924
0.0,15,1.237339
0.0,12,1.237695
0.0,17,1.238167
0.0,10,1.238473
0.0,9,1.23877
1.0,10,1.239063
0.0,25,1.239709
0.0,10,1.240002
0.0,13,1.240361
0.0,18,1.24086
0.0,3,1.240996
0.0,5,1.241177
0.0,18,1.241671
0.0,17,1.242133
0.0,35,1.243031
0.0,16,1.243485
0.0,8,1.243751
0.0,15,1.244163
0.0,26,1.244857
0.0,8,1.245112
0.0,7,1.245347
0.0,12,1.245702
0.0,8,1.245955
0.0,7,1.246177
1.0,8,1.246426
0.0,19,1.24693
0.0,13,1.247297
0.0,19,1.247822
0.0,9,1.248101
0.0,16,1.24853
0.0,14,1.248942
0.0,4,1.249098
0.0,16,1.249536
0.0,12,1.249895
0.0,14,1.250294
0.0,29,1.251042
0.0,3,1.251179
0.0,30,1.251986
0.0,44,1.253078
0.0,23,1.253696
0.0,11,1.254022
0.0,5,1.254204
0.0,7,1.254433
0.0,23,1.255043
0.0,2,1.255157
0.0,13,1.255524
0.0,20,1.256069
0.0,15,1.256491
0.0,2,1.256603
0.0,16,1.257061
0.0,37,1.257997
0.0,24,1.258613
1.0,17,1.25909
0.0,10,1.259379
1.0,18,1.259875
0.0,39,1.26086
0.0,17,1.261319
0.0,4,1.261472
0.0,14,1.261877
0.0,10,1.262176
0.0,5,1.262351
0.0,15,1.262767
0.0,10,1.263071
0.0,28,1.263812
0.0,18,1.264295
0.0,3,1.264426
1.0,34,1.2653
0.0,9,1.265576
0.0,3,1.265723
0.0,11,1.266056
0.0,2,1.266166
0.0,10,1.266473
0.0,15,1.266903
0.0,18,1.267394
0.0,46,1.26854
0.0,8,1.26881
0.0,9,1.269089
0.0,20,1.269639
0.0,21,1.270194
1.0,44,1.271322
0.0,2,1.271436
0.0,42,1.272509
0.0,6,1.272724
1.0,8,1.272981
0.0,5,1.273164
0.0,12,1.273515
0.0,24,1.27416
0.0,14,1.274544
0.0,6,1.27476
0.0,18,1.275255
0.0,5,1.275432
0.0,41,1.276465
0.0,20,1.277002
1.0,14,1.277393
0.0,4,1.277544
0.0,7,1.27779
0.0,22,1.27838
0.0,7,1.278604
1.0,25,1.279264
0.0,6,1.27947
0.0,7,1.279706
0.0,10,1.280007
0.0,10,1.280315
0.0,10,1.280614
0.0,5,1.280813
0.0,23,1.281406
0.0,12,1.281763
1.0,24,1.282382
0.0,3,1.282517
0.0,22,1.283113
0.0,2,1.283225
0.0,4,1.283382
0.0,13,1.283764
1.0,11,1.284094
1.0,14,1.284488
0.0,7,1.284732
0.0,17,1.285183
0.0,27,1.28588
0.0,35,1.286773
0.0,19,1.287273
0.0,21,1.287857
1.0,17,1.288331
0.0,18,1.28884
1.0,18,1.289341
0.0,10,1.289649
1.0,8,1.289912
0.0,10,1.290218
0.0,7,1.290441
0.0,28,1.291177
0.0,20,1.291743
0.0,6,1.291949
0.0,32,1.292764
1.0,20,1.293289
0.0,10,1.293577
0.0,19,1.294091
1.0,10,1.294397
0.0,2,1.294507
0.0,22,1.295084
0.0,26,1.295759
0.0,15,1.296191
0.0,11,1.296505
0.0,9,1.296795
0.0,31,1.297567
0.0,5,1.297757
0.0,11,1.298081
0.0,8,1.298334
0.0,11,1.298671
0.0,13,1.299055
0.0,11,1.299377
0.0,14,1.299772
0.0,31,1.300567
1.0,27,1.30128
0.0,15,1.301713
0.0,8,1.301973
1.0,9,1.302248
0.0,7,1.302477
0.0,12,1.302835
1.0,11,1.303148
0.0,4,1.303304
0.0,2,1.303411
0.0,14,1.303828
0.0,18,1.30433
0.0,2,1.304436
0.0,16,1.30488
0.0,18,1.305353
0.0,16,1.305799
0.0,33,1.306656
0.0,43,1.30774
0.0,11,1.308069
0.0,12,1.308412
0.0,9,1.3087
0.0,22,1.309277
0.0,27,1.309986
0.0,3,1.310118
0.0,9,1.310393
0.0,17,1.310872
0.0,4,1.311035
0.0,9,1.311312
0.0,23,1.311929
0.0,7,1.312151
0.0,5,1.312328
0.0,30,1.313122
0.0,4,1.313279
0.0,12,1.313617
0.0,21,1.31425
0.0,3,1.314385
0.0,7,1.314606
0.0,6,1.314816
0.0,5,1.314997
1.0,12,1.315338
0.0,9,1.315604
0.0,54,1.316937
0.0,17,1.317398
0.0,19,1.317912
0.0,8,1.318177
0.0,7,1.318412
0.0,7,1.318654
0.0,8,1.3189
0.0,14,1.319297
0.0,14,1.319715
0.0,17,1.32018
0.0,8,1.32043
1.0,34,1.321311
0.0,21,1.321874
0.0,5,1.322051
0.0,12,1.322393
0.0,28,1.323123
0.0,9,1.323401
0.0,14,1.323797
0.0,4,1.323956
0.0,13,1.324317
0.0,7,1.324547
0.0,10,1.32485
0.0,25,1.325506
0.0,8,1.325764
0.0,9,1.326046
0.0,9,1.326319
0.0,12,1.326681
0.0,33,1.327504
0.0,8,1.327766
0.0,3,1.327902
0.0,9,1.328168
0.0,38,1.329134
0.0,6,1.329345
1.0,11,1.329672
0.0,12,1.330024
0.0,19,1.330538
0.0,34,1.331414
0.0,28,1.332149
1.0,12,1.332504
0.0,30,1.333295
0.0,17,1.333768
0.0,2,1.333882
0.0,3,1.334011
1.0,10,1.334299
0.0,13,1.334675
0.0,7,1.334905
0.0,20,1.33544
1.0,16,1.335897
0.0,5,1.336073
0.0,12,1.336415
0.0,5,1.336597
0.0,9,1.336891
0.0,10,1.337193
0.0,14,1.337585
0.0,9,1.337878
0.0,44,1.33898
1.0,50,1.340219
0.0,22,1.340822
0.0,9,1.34109
0.0,12,1.341434
0.0,2,1.34154
0.0,9,1.341826
0.0,4,1.34198
0.0,10,1.342268
0.0,2,1.342372
0.0,12,1.342744
0.0,6,1.342953
0.0,3,1.343087
0.0,16,1.343538
0.0,5,1.343727
0.0,2,1.343833
0.0,31,1.344633
1.0,10,1.344929
0.0,36,1.345844
0.0,16,1.346268
0.0,14,1.346667
0.0,10,1.346973
0.0,14,1.347353
0.0,39,1.348343
0.0,4,1.348497
0.0,5,1.348685
0.0,6,1.348882
0.0,12,1.34924
0.0,11,1.349551
0.0,6,1.349759
0.0,8,1.350003
0.0,25,1.350667
0.0,3,1.350805
0.0,2,1.350917
0.0,9,1.351192
0.0,10,1.351507
0.0,14,1.351914
0.0,11,1.352227
0.0,5,1.352402
0.0,20,1.35294
0.0,4,1.353101
0.0,3,1.35323
0.0,5,1.353404
0.0,43,1.354499
0.0,17,1.354983
0.0,7,1.355206
0.0,2,1.35531
0.0,6,1.355522
0.0,7,1.355768
0.0,5,1.355947
0.0,13,1.35633
0.0,3,1.356465
0.0,7,1.356714
0.0,4,1.356874
0.0,15,1.357285
0.0,10,1.357573
0.0,7,1.357804
0.0,41,1.358827
0.0,8,1.359083
0.0,18,1.359571
0.0,7,1.359803
0.0,13,1.360169
0.0,16,1.360605
0.0,8,1.36086
0.0,39,1.361845
0.0,25,1.362487
0.0,8,1.362753
0.0,9,1.36302
0.0,19,1.363523
0.0,8,1.363795
0.0,26,1.364465
0.0,19,1.365
0.0,18,1.365486
0.0,21,1.366057
0.0,2,1.366164
0.0,5,1.366348
0.0,16,1.366789
0.0,5,1.366964
1.0,13,1.367331
0.0,29,1.368083
0.0,28,1.368807
0.0,16,1.369242
0.0,4,1.369398
0.0,6,1.369597
0.0,11,1.369931
0.0,18,1.370427
0.0,23,1.371062
0.0,12,1.37141
0.0,12,1.371778
0.0,4,1.371933
0.0,28,1.372658
0.0,5,1.372844
0.0,13,1.373202
0.0,11,1.373516
0.0,9,1.373812
0.0,12,1.374169
0.0,10,1.374467
0.0,42,1.375507
0.0,15,1.375935
0.0,12,1.376279
0.0,31,1.377066
0.0,3,1.37721
0.0,13,1.377578
1.0,13,1.377959
1.0,14,1.37835
0.0,14,1.378742
0.0,3,1.378871
0.0,3,1.378999
0.0,2,1.379109
0.0,3,1.379245
0.0,9,1.379513
0.0,6,1.379738
0.0,21,1.380294
0.0,37,1.381226
0.0,27,1.381924
0.0,16,1.382359
0.0,22,1.382945
1.0,14,1.383342
0.0,35,1.384261
0.0,16,1.384719
1.0,9,1.385002
0.0,10,1.385299
0.0,7,1.385526
0.0,8,1.385792
0.0,19,1.386312
0.0,10,1.386614
0.0,6,1.386831
0.0,10,1.387121
0.0,9,1.387396
0.0,9,1.387686
0.0,12,1.388024
0.0,3,1.388157
0.0,20,1.388694
0.0,5,1.388879
0.0,7,1.389106
0.0,3,1.38924
0.0,29,1.389997
0.0,14,1.390403
0.0,11,1.390735
0.0,15,1.391159
0.0,9,1.391435
0.0,3,1.391566
0.0,9,1.391844
1.0,25,1.392502
0.0,13,1.392879
0.0,5,1.393072
0.0,4,1.393227
0.0,17,1.393714
0.0,15,1.394135
0.0,10,1.394425
0.0,4,1.394577
0.0,11,1.394909
0.0,35,1.395806
0.0,9,1.396084
0.0,14,1.396467
0.0,35,1.397355
0.0,13,1.397735
0.0,2,1.397841
0.0,6,1.398046
0.0,9,1.398337
1.0,12,1.398695
0.0,7,1.398926
0.0,14,1.399314
0.0,26,1.399988
0.0,6,1.400194
0.0,11,1.400517
0.0,3,1.400662
0.0,4,1.400816
0.0,37,1.401756
0.0,11,1.402078
0.0,11,1.402398
0.0,13,1.402786
0.0,12,1.403124
0.0,20,1.403673
0.0,13,1.404036
0.0,5,1.404211
0.0,19,1.404727
0.0,38,1.405673
0.0,32,1.406491
0.0,23,1.407101
0.0,4,1.407256
0.0,7,1.407476
0.0,6,1.407685
0.0,6,1.407883
0.0,8,1.408135
0.0,3,1.408275
0.0,6,1.408486
0.0,21,1.409047
0.0,14,1.409443
0.0,20,1.40999
0.0,16,1.41042
0.0,10,1.410731
0.0,25,1.411388
0.0,11,1.411733
0.0,5,1.411911
0.0,23,1.412541
0.0,70,1.414259
1.0,18,1.414827
1.0,10,1.415128
0.0,5,1.415313
0.0,41,1.416358
0.0,27,1.417065
1.0,11,1.417394
0.0,5,1.417572
0.0,47,1.418756
0.0,31,1.41956
1.0,44,1.420677
0.0,10,1.42098
1.0,20,1.421511
0.0,2,1.421632
0.0,5,1.421812
0.0,38,1.422785
1.0,56,1.424172
0.0,2,1.424286
0.0,11,1.424617
0.0,3,1.424767
0.0,13,1.425144
0.0,7,1.425373
0.0,3,1.425508
0.0,21,1.426087
0.0,53,1.427416
0.0,10,1.427739
0.0,15,1.428162
0.0,14,1.428559
0.0,3,1.428699
0.0,14,1.429086
0.0,6,1.429293
0.0,4,1.429453
0.0,62,1.431003
0.0,27,1.431716
0.0,24,1.43236
0.0,11,1.432691
0.0,3,1.432824
0.0,15,1.433243
0.0,11,1.433578
0.0,7,1.433825
0.0,5,1.434005
0.0,27,1.434713
0.0,8,1.434973
0.0,2,1.435078
0.0,5,1.435255
0.0,14,1.435651
0.0,24,1.436282
0.0,5,1.436459
0.0,23,1.437062
0.0,10,1.43736
0.0,13,1.437743
0.0,6,1.43795
0.0,10,1.43825
0.0,5,1.438443
0.0,6,1.438657
0.0,17,1.439121
0.0,5,1.439312
0.0,32,1.440142
0.0,16,1.440583
0.0,13,1.440966
0.0,12,1.441321
0.0,2,1.441427
0.0,21,1.442014
0.0,3,1.442153
0.0,7,1.442384
0.0,16,1.442838
0.0,6,1.443047
0.0,72,1.444816
0.0,15,1.445241
0.0,56,1.446627
0.0,9,1.4469
0.0,30,1.447696
1.0,15,1.448117
0.0,11,1.448432
0.0,30,1.449214
1.0,13,1.449601
0.0,17,1.450074
0.0,4,1.450229
0.0,16,1.450675
0.0,22,1.451268
0.0,15,1.451701
0.0,10,1.452012
0.0,15,1.452425
0.0,17,1.452885
0.0,45,1.454031
0.0,5,1.45421
0.0,43,1.455299
0.0,23,1.455927
0.0,11,1.45625
0.0,7,1.456481
0.0,5,1.456675
0.0,17,1.457142
0.0,10,1.457434
0.0,19,1.457957
0.0,6,1.45817
0.0,15,1.458591
0.0,43,1.459696
0.0,15,1.460114
0.0,50,1.461354
0.0,30,1.462133
0.0,51,1.463403
0.0,25,1.464072
0.0,10,1.464374
0.0,9,1.464658
0.0,24,1.4653
0.0,66,1.466942
0.0,19,1.467462
1.0,10,1.467773
1.0,15,1.468189
0.0,20,1.468736
0.0,11,1.469064
0.0,3,1.4692
0.0,31,1.470008
0.0,14,1.470401
0.0,21,1.470968
0.0,17,1.47144
0.0,8,1.471711
0.0,8,1.471964
1.0,47,1.473136
0.0,17,1.473608
0.0,10,1.47391
0.0,8,1.474164
0.0,7,1.474384
0.0,9,1.474674
1.0,20,1.475218
0.0,4,1.475377
0.0,24,1.476008
0.0,28,1.476737
0.0,16,1.477164
0.0,12,1.477511
0.0,17,1.477973
0.0,17,1.478431
0.0,32,1.479245
0.0,18,1.479729
0.0,19,1.48023
0.0,7,1.480464
0.0,9,1.480764
0.0,6,1.480976
0.0,33,1.481821
0.0,5,1.481999
0.0,7,1.482232
0.0,8,1.482478
0.0,19,1.483006
0.0,28,1.483753
0.0,16,1.4842
0.0,2,1.484306
1.0,23,1.484913
0.0,9,1.485198
0.0,4,1.485357
0.0,10,1.485679
0.0,5,1.485867
0.0,70,1.48759
0.0,6,1.487813
0.0,5,1.487991
0.0,13,1.488358
0.0,37,1.489292
0.0,8,1.489546
0.0,4,1.48972
0.0,13,1.490105
0.0,6,1.490305
0.0,35,1.491189
0.0,11,1.491513
0.0,43,1.492585
0.0,6,1.492815
0.0,18,1.493303
0.0,22,1.493897
0.0,36,1.49482
0.0,20,1.495356
0.0,4,1.49551
0.0,18,1.496002
0.0,13,1.496367
0.0,32,1.49718
0.0,19,1.497701
1.0,14,1.49808
0.0,16,1.498511
0.0,8,1.498777
0.0,13,1.499149
0.0,3,1.499288
0.0,12,1.499642
0.0,8,1.499889
0.0,11,1.500218
0.0,16,1.50067
0.0,14,1.501063
0.0,39,1.502044
0.0,36,1.502962
0.0,14,1.503377
0.0,7,1.503611
0.0,6,1.503823
0.0,5,1.504012
0.0,41,1.505035
0.0,4,1.50519
0.0,20,1.505743
0.0,6,1.505944
0.0,22,1.506521
0.0,13,1.506898
0.0,17,1.507362
0.0,2,1.507467
0.0,5,1.507652
0.0,13,1.508019
0.0,31,1.50883
0.0,20,1.509355
0.0,7,1.509592
1.0,19,1.5101
0.0,3,1.510237
0.0,23,1.510857
0.0,17,1.511307
0.0,22,1.511892
0.0,21,1.512446
1.0,52,1.513753
1.0,23,1.514338
0.0,40,1.51533
0.0,2,1.515436
0.0,10,1.515742
0.0,26,1.516409
0.0,80,1.518364
0.0,10,1.51868
0.0,5,1.518862
0.0,4,1.519015
0.0,9,1.519283
0.0,9,1.519563
0.0,11,1.519896
0.0,12,1.520235
0.0,15,1.520671
0.0,14,1.521053
0.0,5,1.521233
0.0,18,1.521732
0.0,5,1.521922
0.0,54,1.523261
0.0,3,1.523398
0.0,22,1.524
0.0,8,1.52426
0.0,26,1.52495
0.0,7,1.525186
0.0,24,1.525823
0.0,7,1.526055
0.0,7,1.526278
0.0,49,1.527514
0.0,21,1.52807
0.0,6,1.52827
0.0,5,1.528454
0.0,8,1.528713
0.0,29,1.529452
0.0,8,1.529709
0.0,13,1.530157
0.0,6,1.530374
0.0,3,1.530506
0.0,5,1.530695
0.0,12,1.531045
0.0,37,1.532022
0.0,23,1.532645
0.0,20,1.533172
0.0,15,1.533594
0.0,15,1.534031
0.0,49,1.535271
0.0,11,1.535592
0.0,16,1.536044
0.0,9,1.536318
0.0,13,1.536704
0.0,7,1.536936
0.0,15,1.537341
0.0,11,1.537674
1.0,7,1.537908
0.0,16,1.53835
1.0,18,1.538861
0.0,11,1.539186
0.0,26,1.539877
0.0,17,1.540351
0.0,7,1.540575
0.0,23,1.541181
0.0,8,1.541444
0.0,5,1.541636
0.0,17,1.54209
0.0,14,1.542482
0.0,16,1.542942
0.0,24,1.543571
0.0,11,1.543906
0.0,8,1.544167
0.0,6,1.544375
0.0,7,1.544597
0.0,16,1.545045
0.0,28,1.545803
0.0,24,1.546423
0.0,10,1.546726
0.0,35,1.547603
0.0,19,1.548117
0.0,4,1.548278
0.0,23,1.548897
0.0,7,1.54912
0.0,9,1.549399
0.0,16,1.549839
1.0,23,1.550433
0.0,17,1.550908
0.0,18,1.551398
0.0,43,1.552472
0.0,4,1.552642
0.0,53,1.553962
0.0,6,1.55417
0.0,33,1.555011
0.0,16,1.55544
0.0,12,1.555801
0.0,19,1.556315
0.0,4,1.556466
0.0,26,1.557149
0.0,29,1.5579
0.0,8,1.558157
0.0,2,1.558263
1.0,24,1.558889
0.0,20,1.559426
0.0,25,1.560095
0.0,4,1.560252
0.0,4,1.560411
0.0,5,1.560586
0.0,3,1.560724
0.0,10,1.561039
1.0,19,1.561541
1.0,8,1.561809
0.0,10,1.562107
0.0,6,1.562306
0.0,4,1.562464
1.0,54,1.56379
1.0,19,1.564291
0.0,23,1.564887
0.0,9,1.565162
0.0,21,1.565739
0.0,3,1.565876
0.0,10,1.56618
0.0,15,1.566591
0.0,5,1.566781
0.0,4,1.566934
0.0,6,1.567131
0.0,6,1.567335
0.0,3,1.567469
0.0,31,1.56827
0.0,9,1.568548
0.0,12,1.568891
0.0,29,1.569654
0.0,17,1.57013
0.0,3,1.570266
0.0,8,1.570518
0.0,7,1.570765
0.0,5,1.570941
0.0,10,1.571233
0.0,9,1.571512
0.0,4,1.571677
1.0,10,1.571976
0.0,10,1.572273
0.0,5,1.572449
0.0,5,1.572639
0.0,13,1.573003
0.0,34,1.573878
0.0,18,1.574359
0.0,27,1.575063
0.0,2,1.575176
0.0,8,1.57542
0.0,18,1.575914
0.0,36,1.576858
0.0,20,1.577384
0.0,18,1.577877
0.0,5,1.578052
0.0,29,1.578823
0.0,10,1.579122
0.0,13,1.579488
0.0,4,1.579657
0.0,26,1.580342
1.0,6,1.580541
0.0,34,1.581398
0.0,27,1.58212
0.0,4,1.582275
0.0,2,1.582385
0.0,34,1.583257
0.0,17,1.58374
0.0,10,1.584046
0.0,20,1.584585
0.0,23,1.585189
0.0,15,1.585612
0.0,5,1.585799
0.0,21,1.586346
0.0,6,1.586554
0.0,4,1.586716
0.0,3,1.586852
0.0,12,1.587188
0.0,6,1.587384
0.0,2,1.587492
0.0,18,1.587987
0.0,5,1.588163
0.0,26,1.588862
0.0,4,1.589031
0.0,15,1.589437
0.0,15,1.589873
0.0,9,1.590143
0.0,7,1.590372
0.0,9,1.590648
0.0,8,1.590892
0.0,8,1.591149
0.0,9,1.591431
0.0,4,1.591583
0.0,8,1.591838
0.0,12,1.592186
0.0,18,1.592673
0.0,12,1.593013
0.0,2,1.593122
0.0,9,1.593395
0.0,5,1.59357
0.0,6,1.593779
0.0,9,1.594045
0.0,4,1.594204
0.0,9,1.594469
0.0,41,1.595506
0.0,21,1.596076
0.0,6,1.596284
0.0,4,1.596444
0.0,25,1.597102
0.0,6,1.597304
0.0,36,1.598211
0.0,36,1.599138
0.0,22,1.599734
0.0,9,1.600016
0.0,9,1.600301
0.0,10,1.600606
0.0,5,1.600794
0.0,10,1.601082
0.0,6,1.60128
0.0,2,1.601402
0.0,21,1.601976
0.0,4,1.602138
0.0,11,1.602458
0.0,5,1.602643
0.0,5,1.60282
0.0,7,1.603049
0.0,5,1.603233
0.0,4,1.603397
0.0,22,1.603995
0.0,11,1.604306
0.0,17,1.604789
0.0,6,1.604997
0.0,4,1.605159
0.0,9,1.605427
0.0,8,1.60568
0.0,7,1.605901
0.0,10,1.606201
0.0,11,1.606524
0.0,10,1.606826
0.0,10,1.607127
0.0,3,1.607255
0.0,13,1.607611
0.0,8,1.607879
0.0,5,1.608056
0.0,6,1.608253
0.0,10,1.608556
0.0,10,1.608856
0.0,8,1.609101
0.0,6,1.609298
0.0,10,1.609591
0.0,6,1.609809
0.0,13,1.610182
0.0,17,1.61066
0.0,24,1.611294
0.0,27,1.611992
0.0,23,1.612595
0.0,61,1.614127
0.0,18,1.614601
0.0,7,1.61484
0.0,16,1.615302
0.0,10,1.615598
0.0,14,1.616025
0.0,3,1.616159
0.0,3,1.616293
0.0,44,1.6174
0.0,4,1.617562
0.0,24,1.61819
0.0,8,1.618442
0.0,9,1.618731
0.0,47,1.61989
0.0,14,1.620277
0.0,18,1.620758
0.0,12,1.621108
0.0,39,1.622113
0.0,8,1.622367
0.0,6,1.622566
0.0,7,1.622795
0.0,2,1.622901
0.0,14,1.623291
0.0,3,1.623429
0.0,8,1.623688
0.0,18,1.624172
0.0,13,1.624557
0.0,28,1.625296
0.0,10,1.625601
0.0,36,1.626503
0.0,8,1.62677
0.0,4,1.626926
0.0,6,1.627133
0.0,7,1.627357
0.0,36,1.628277
0.0,4,1.62844
0.0,12,1.628806
0.0,6,1.629008
0.0,5,1.629185
0.0,4,1.629337
0.0,2,1.629441
0.0,23,1.630054
0.0,19,1.630635
0.0,4,1.630796
0.0,11,1.631128
0.0,23,1.63175
0.0,23,1.632348
0.0,21,1.632919
1.0,15,1.633343
0.0,5,1.63352
0.0,4,1.63369
0.0,4,1.633843
0.0,17,1.634301
0.0,17,1.634774
0.0,20,1.63531
0.0,8,1.635561
1.0,28,1.636286
0.0,4,1.636438
1.0,20,1.636978
1.0,25,1.637608
0.0,2,1.637728
1.0,12,1.638074
0.0,16,1.638507
0.0,16,1.63895
0.0,13,1.639326
0.0,6,1.639533
0.0,21,1.640129
0.0,7,1.640365
0.0,5,1.640542
0.0,22,1.641134
0.0,7,1.64137
0.0,20,1.641911
0.0,10,1.642212
1.0,8,1.642464
0.0,17,1.642928
0.0,7,1.64315
0.0,17,1.643598
0.0,11,1.64392
1.0,25,1.644571
1.0,23,1.645188
0.0,26,1.645879
0.0,24,1.646498
0.0,28,1.647236
0.0,7,1.647472
0.0,21,1.64805
0.0,16,1.648481
0.0,14,1.648896
0.0,2,1.649009
0.0,24,1.649635
0.0,5,1.649819
0.0,22,1.6504
0.0,7,1.650637
1.0,7,1.65086
0.0,41,1.651903
0.0,11,1.652234
0.0,14,1.652644
0.0,19,1.653141
0.0,7,1.65337
0.0,6,1.653568
1.0,13,1.653947
0.0,8,1.654193
0.0,10,1.654481
0.0,9,1.654767
1.0,11,1.655079
0.0,10,1.655372
0.0,11,1.655714
0.0,9,1.655981
0.0,10,1.656265
0.0,2,1.656368
0.0,16,1.656803
0.0,20,1.657325
0.0,5,1.6575
0.0,21,1.658073
0.0,5,1.658251
1.0,17,1.658721
0.0,11,1.659045
0.0,20,1.659577
0.0,13,1.659966
0.0,8,1.660216
0.0,21,1.660783
0.0,41,1.661828
0.0,11,1.662152
0.0,16,1.662585
0.0,33,1.66343
0.0,22,1.664037
0.0,5,1.664227
0.0,16,1.664678
0.0,4,1.664832
0.0,7,1.66506
0.0,4,1.665226
0.0,8,1.665483
0.0,11,1.66582
0.0,23,1.666433
0.0,2,1.666541
0.0,6,1.666754
0.0,14,1.66716
0.0,6,1.667375
0.0,16,1.667829
0.0,17,1.668296
0.0,38,1.66926
0.0,9,1.669533
0.0,23,1.670155
0.0,9,1.670424
0.0,4,1.670577
0.0,15,1.67101
0.0,20,1.671546
0.0,14,1.67194
0.0,8,1.672192
0.0,14,1.672578
1.0,23,1.6732
0.0,28,1.67393
0.0,14,1.674331
0.0,4,1.674484
1.0,27,1.675183
0.0,13,1.67555
0.0,41,1.676581
0.0,38,1.677542
0.0,13,1.677924
0.0,16,1.678359
0.0,9,1.678644
0.0,2,1.678753
0.0,5,1.678928
0.0,13,1.679303
0.0,15,1.679718
0.0,7,1.67994
0.0,8,1.680181
0.0,13,1.680537
0.0,16,1.680982
0.0,20,1.68152
0.0,27,1.682233
0.0,22,1.682825
0.0,4,1.682979
0.0,7,1.683206
0.0,46,1.684337
0.0,17,1.684822
0.0,7,1.685045
0.0,14,1.685425
0.0,21,1.686001
0.0,22,1.686579
0.0,6,1.686795
0.0,15,1.687198
0.0,3,1.687332
0.0,8,1.687584
0.0,19,1.688103
0.0,8,1.68835
1.0,33,1.689198
0.0,8,1.689457
0.0,8,1.689724
0.0,13,1.690097
0.0,5,1.690275
0.0,7,1.690506
0.0,5,1.690701
0.0,23,1.691314
1.0,14,1.691722
0.0,16,1.692147
0.0,8,1.692403
0.0,10,1.692713
0.0,2,1.69282
0.0,27,1.693537
0.0,8,1.693796
0.0,14,1.694196
0.0,4,1.694362
0.0,20,1.694893
0.0,25,1.695544
0.0,3,1.695691
0.0,36,1.696604
0.0,20,1.697163
0.0,9,1.697431
0.0,8,1.697696
1.0,11,1.698022
1.0,44,1.699119
0.0,26,1.699811
0.0,36,1.700742
0.0,5,1.700927
0.0,53,1.702205
0.0,36,1.70313
0.0,27,1.703838
0.0,35,1.704736
0.0,28,1.705471
0.0,11,1.705811
0.0,2,1.705916
0.0,13,1.706288
0.0,13,1.706667
0.0,12,1.707018
0.0,19,1.707542
0.0,13,1.707918
0.0,31,1.708748
0.0,21,1.709309
0.0,9,1.709583
0.0,19,1.710106
0.0,6,1.71031
0.0,8,1.710573
0.0,19,1.711088
0.0,22,1.711688
0.0,17,1.712165
0.0,12,1.712522
0.0,6,1.712738
1.0,9,1.713008
0.0,13,1.713375
0.0,20,1.71393
0.0,11,1.714245
0.0,4,1.714403
0.0,11,1.714749
0.0,40,1.715742
0.0,2,1.715856
0.0,33,1.71671
0.0,21,1.717262
0.0,4,1.717414
0.0,7,1.717651
0.0,5,1.717836
0.0,10,1.718146
0.0,11,1.71846
0.0,9,1.718739
0.0,5,1.718914
0.0,4,1.719066
0.0,32,1.719899
0.0,16,1.720336
0.0,9,1.720605
0.0,17,1.721076
0.0,7,1.721317
0.0,23,1.721948
0.0,9,1.722229
0.0,4,1.722394
0.0,6,1.722594
0.0,28,1.723314
0.0,14,1.723724
0.0,23,1.724316
0.0,33,1.725151
0.0,12,1.725502
0.0,15,1.725923
0.0,11,1.726249
0.0,9,1.726523
0.0,11,1.726861
0.0,51,1.728123
0.0,3,1.728254
0.0,6,1.728457
0.0,3,1.728585
0.0,35,1.729465
0.0,53,1.730798
0.0,18,1.73128
0.0,6,1.731488
0.0,8,1.731742
0.0,6,1.732017
0.0,6,1.732234
0.0,4,1.732388
0.0,17,1.732874
0.0,14,1.733265
0.0,12,1.733602
0.0,15,1.734016
0.0,8,1.734267
0.0,10,1.734578
0.0,50,1.735824
0.0,6,1.736033
1.0,13,1.736399
0.0,26,1.737077
0.0,12,1.737424
0.0,13,1.737803
0.0,2,1.737915
0.0,4,1.738068
0.0,3,1.738196
0.0,6,1.738394
0.0,3,1.738526
0.0,2,1.738642
0.0,2,1.738754
0.0,14,1.739144
0.0,5,1.739325
0.0,15,1.739771
0.0,15,1.740175
0.0,21,1.740738
0.0,8,1.740982
0.0,4,1.741133
0.0,5,1.741306
0.0,4,1.741466
1.0,13,1.741848
0.0,19,1.742342
0.0,52,1.743608
0.0,7,1.743854
0.0,4,1.744013
0.0,8,1.744259
0.0,13,1.744619
0.0,11,1.744964
0.0,10,1.745271
0.0,17,1.745741
0.0,8,1.745996
0.0,37,1.746966
0.0,7,1.747197
0.0,3,1.747327
0.0,15,1.747753
0.0,22,1.74835
0.0,4,1.748502
0.0,38,1.749485
0.0,9,1.749787
0.0,9,1.750058
0.0,22,1.750627
0.0,31,1.751422
0.0,3,1.751558
0.0,26,1.752261
1.0,14,1.752672
0.0,21,1.753224
0.0,13,1.753583
0.0,20,1.754119
0.0,38,1.755098
0.0,9,1.755378
0.0,29,1.756143
1.0,12,1.756484
0.0,31,1.757277
1.0,25,1.757941
0.0,9,1.758216
0.0,17,1.758693
0.0,43,1.759771
0.0,13,1.76014
0.0,23,1.76076
0.0,8,1.76102
0.0,7,1.761241
0.0,7,1.761463
0.0,10,1.761779
0.0,22,1.762344
0.0,8,1.762594
0.0,10,1.762905
0.0,9,1.763178
0.0,6,1.763385
0.0,7,1.763606
0.0,19,1.764124
0.0,6,1.764324
0.0,15,1.76475
1.0,21,1.76531
0.0,4,1.765468
0.0,7,1.765714
0.0,19,1.766232
0.0,17,1.76672
0.0,9,1.767015
0.0,10,1.767305
0.0,4,1.767456
1.0,11,1.767779
0.0,11,1.7681
0.0,43,1.769176
0.0,5,1.769354
0.0,25,1.77001
0.0,23,1.770598
0.0,3,1.770742
0.0,10,1.771041
1.0,55,1.772411
0.0,9,1.772699
0.0,15,1.773105
0.0,22,1.773692
0.0,16,1.774127
0.0,3,1.774257
0.0,10,1.774544
0.0,25,1.775215
0.0,19,1.775737
1.0,12,1.776085
0.0,3,1.776213
1.0,6,1.776411
1.0,13,1.776795
0.0,20,1.777328
0.0,26,1.778023
0.0,7,1.778254
0.0,3,1.778383
0.0,3,1.778517
0.0,12,1.778865
0.0,18,1.779349
0.0,3,1.779479
0.0,5,1.779673
0.0,2,1.779785
0.0,5,1.779969
0.0,12,1.780318
0.0,29,1.781084
0.0,15,1.781485
0.0,2,1.781589
0.0,28,1.782318
0.0,18,1.782801
0.0,22,1.783374
0.0,37,1.784319
0.0,6,1.784525
0.0,20,1.785054
0.0,32,1.785877
0.0,10,1.786178
0.0,11,1.786515
0.0,7,1.786748
0.0,16,1.787185
0.0,11,1.787496
0.0,6,1.787705
0.0,4,1.787865
1.0,34,1.788729
0.0,7,1.788957
0.0,28,1.789686
0.0,4,1.789841
0.0,11,1.790166
0.0,21,1.790744
0.0,10,1.791034
0.0,19,1.791532
0.0,41,1.792561
0.0,27,1.793282
0.0,27,1.794013
0.0,10,1.794304
0.0,5,1.794484
0.0,3,1.794613
0.0,8,1.794867
1.0,8,1.79512
0.0,7,1.795347
0.0,19,1.795878
0.0,4,1.79604
0.0,8,1.796295
0.0,10,1.796598
0.0,9,1.796882
0.0,3,1.797013
0.0,4,1.797172
0.0,2,1.797277
0.0,15,1.797715
1.0,40,1.798726
0.0,7,1.798956
0.0,7,1.799178
0.0,48,1.800387
0.0,28,1.801106
0.0,14,1.801497
0.0,29,1.802245
0.0,19,1.802772
0.0,6,1.802982
0.0,7,1.803204
0.0,44,1.804334
0.0,7,1.804564
0.0,27,1.80527
0.0,5,1.805454
0.0,7,1.805701
0.0,7,1.805928
0.0,10,1.806235
0.0,3,1.806372
0.0,14,1.806765
0.0,10,1.807077
0.0,39,1.808081
0.0,7,1.808321
0.0,24,1.808949
0.0,12,1.809302
0.0,7,1.809534
0.0,22,1.810121
0.0,41,1.811174
0.0,19,1.811691
0.0,7,1.811927
1.0,14,1.812312
0.0,4,1.812469
0.0,17,1.812945
0.0,18,1.813434
0.0,15,1.813852
0.0,8,1.814097
0.0,32,1.814919
0.0,63,1.81646
0.0,22,1.817053
0.0,8,1.817299
0.0,12,1.817661
1.0,15,1.818083
0.0,17,1.818547
0.0,52,1.81986
0.0,5,1.820045
0.0,4,1.820196
0.0,17,1.820668
0.0,15,1.821079
0.0,14,1.821486
0.0,5,1.821672
0.0,27,1.822371
0.0,7,1.822603
0.0,12,1.822968
0.0,16,1.823413
0.0,8,1.823681
0.0,21,1.824231
0.0,16,1.824689
0.0,6,1.824888
0.0,8,1.825151
0.0,3,1.825282
0.0,33,1.826133
0.0,14,1.826531
0.0,16,1.826984
0.0,64,1.828569
0.0,14,1.828977
0.0,16,1.829427
1.0,22,1.830027
0.0,6,1.830226
0.0,13,1.830603
0.0,13,1.830976
0.0,19,1.83147
0.0,25,1.83212
0.0,4,1.832279
0.0,12,1.832704
0.0,12,1.833073
0.0,12,1.83341
0.0,27,1.834115
0.0,21,1.834683
0.0,20,1.83522
0.0,6,1.835426
0.0,15,1.835852
0.0,9,1.836133
0.0,4,1.836297
1.0,73,1.838097
0.0,41,1.839132
0.0,8,1.839402
0.0,7,1.839644
0.0,18,1.840126
0.0,20,1.840668
0.0,13,1.841027
0.0,26,1.841743
0.0,35,1.842629
0.0,8,1.842884
0.0,12,1.843225
0.0,39,1.844207
0.0,2,1.844321
0.0,72,1.846069
0.0,22,1.84667
0.0,17,1.847148
0.0,13,1.847523
0.0,21,1.848087
0.0,8,1.848333
1.0,20,1.848872
0.0,8,1.849127
0.0,18,1.849614
0.0,18,1.850103
0.0,25,1.850775
0.0,19,1.851279
0.0,48,1.852441
0.0,6,1.852655
0.0,10,1.852954
0.0,5,1.85313
0.0,40,1.854169
0.0,12,1.854508
0.0,3,1.854651
0.0,40,1.855707
0.0,21,1.856255
1.0,22,1.856866
0.0,11,1.857185
0.0,23,1.857801
0.0,14,1.858196
0.0,6,1.858394
0.0,5,1.858579
0.0,6,1.858796
0.0,2,1.858902
0.0,15,1.859321
0.0,5,1.859498
0.0,8,1.859761
0.0,5,1.859937
0.0,8,1.860186
0.0,12,1.860522
0.0,42,1.861575
0.0,8,1.86183
0.0,38,1.862785
0.0,7,1.863007
1.0,10,1.863312
0.0,13,1.863708
0.0,7,1.86394
1.0,14,1.864331
0.0,8,1.864573
0.0,30,1.865337
0.0,6,1.865543
0.0,4,1.865715
0.0,11,1.866044
0.0,31,1.866856
0.0,26,1.86752
0.0,6,1.867733
0.0,10,1.868031
0.0,33,1.868875
0.0,20,1.869421
0.0,17,1.869902
0.0,13,1.870274
0.0,9,1.870541
0.0,27,1.871249
0.0,3,1.871386
0.0,7,1.871615
0.0,18,1.872097
0.0,13,1.872467
0.0,6,1.872687
0.0,10,1.872995
0.0,45,1.874127
0.0,31,1.874919
0.0,13,1.875285
0.0,21,1.875854
1.0,11,1.876175
0.0,29,1.876929
0.0,13,1.877298
0.0,4,1.87745
0.0,18,1.877944
0.0,5,1.87812
0.0,20,1.878646
0.0,16,1.879092
0.0,31,1.879898
0.0,24,1.880517
0.0,9,1.88081
0.0,3,1.880943
0.0,9,1.881214
0.0,37,1.882178
0.0,11,1.882503
0.0,7,1.882738
0.0,38,1.883705
1.0,12,1.884055
0.0,15,1.884477
0.0,28,1.885213
0.0,16,1.885657
0.0,29,1.886399
0.0,8,1.886661
0.0,12,1.88701
0.0,22,1.887587
0.0,2,1.887702
0.0,10,1.887994
0.0,56,1.889382
0.0,4,1.889536
0.0,7,1.889781
0.0,5,1.889959
0.0,3,1.890092
0.0,18,1.890572
0.0,16,1.891022
0.0,7,1.89125
0.0,10,1.891549
0.0,17,1.892015
0.0,30,1.89279
0.0,14,1.893173
0.0,35,1.894066
0.0,2,1.894179
0.0,13,1.894559
0.0,16,1.895014
0.0,8,1.895267
0.0,24,1.895933
0.0,16,1.896378
0.0,30,1.897152
0.0,9,1.897418
1.0,12,1.897772
0.0,22,1.898346
0.0,3,1.898475
0.0,5,1.898665
0.0,20,1.899203
0.0,9,1.89947
0.0,33,1.90031
0.0,15,1.900735
0.0,22,1.901304
0.0,16,1.901749
0.0,24,1.902373
0.0,19,1.902882
0.0,10,1.903184
0.0,15,1.903614
0.0,3,1.903763
0.0,30,1.904545
0.0,41,1.905588
0.0,18,1.906071
1.0,19,1.906578
0.0,9,1.906877
0.0,7,1.907113
0.0,51,1.908362
0.0,12,1.908714
0.0,46,1.909845
0.0,8,1.91009
0.0,3,1.910226
0.0,3,1.910362
0.0,43,1.91144
0.0,47,1.912591
0.0,11,1.912923
0.0,19,1.913429
0.0,16,1.913885
0.0,10,1.914186
0.0,16,1.914633
0.0,6,1.914841
0.0,14,1.915232
0.0,63,1.916774
0.0,30,1.917548
1.0,10,1.917851
0.0,10,1.918143
0.0,24,1.918782
0.0,28,1.919483
0.0,6,1.919692
0.0,6,1.919909
0.0,4,1.920063
0.0,22,1.920644
0.0,3,1.920781
0.0,12,1.92112
0.0,10,1.921418
0.0,9,1.921705
0.0,30,1.92247
0.0,9,1.922749
0.0,5,1.922926
0.0,73,1.924698
0.0,43,1.925768
0.0,15,1.92619
0.0,2,1.926302
0.0,2,1.926413
0.0,6,1.926627
0.0,33,1.927451
0.0,20,1.927995
0.0,56,1.929398
0.0,35,1.930281
0.0,8,1.930539
0.0,10,1.930847
0.0,10,1.931152
0.0,7,1.931374
0.0,7,1.931595
0.0,5,1.931778
0.0,13,1.932139
0.0,22,1.932729
0.0,2,1.932842
0.0,8,1.933104
0.0,25,1.93376
0.0,10,1.934062
0.0,5,1.934236
0.0,32,1.935071
0.0,6,1.93528
0.0,15,1.935716
0.0,15,1.936126
0.0,16,1.936559
0.0,48,1.937766
0.0,6,1.937973
0.0,7,1.938214
0.0,2,1.93832
0.0,16,1.938774
0.0,27,1.939464
0.0,13,1.939849
0.0,8,1.940093
0.0,8,1.940336
0.0,11,1.940668
1.0,6,1.940877
0.0,4,1.941028
0.0,14,1.941422
0.0,20,1.941971
0.0,21,1.942532
0.0,20,1.943073
0.0,36,1.94398
0.0,15,1.944383
0.0,8,1.944635
0.0,25,1.945356
0.0,4,1.94552
0.0,7,1.945767
0.0,10,1.946069
0.0,24,1.946722
0.0,6,1.946924
0.0,5,1.947108
0.0,35,1.948019
0.0,11,1.948346
0.0,6,1.948563
0.0,11,1.948901
0.0,27,1.94961
0.0,22,1.950204
0.0,12,1.950541
0.0,6,1.950751
1.0,8,1.950999
0.0,8,1.95126
0.0,21,1.951831
0.0,5,1.952012
0.0,15,1.952437
0.0,7,1.952672
0.0,2,1.952784
0.0,6,1.952992
0.0,8,1.953238
0.0,22,1.953841
0.0,4,1.954003
0.0,39,1.955008
0.0,21,1.955577
0.0,10,1.955894
0.0,15,1.956327
0.0,8,1.956579
0.0,27,1.957269
0.0,4,1.957424
0.0,10,1.957729
1.0,31,1.958532
0.0,15,1.958978
0.0,19,1.959496
0.0,11,1.959831
0.0,22,1.960407
0.0,19,1.960923
0.0,30,1.961706
0.0,13,1.962076
0.0,32,1.962909
0.0,3,1.96304
0.0,4,1.963197
0.0,8,1.963441
0.0,7,1.963675
0.0,6,1.963872
0.0,19,1.964368
0.0,24,1.964995
0.0,5,1.965173
0.0,32,1.965996
0.0,21,1.966542
0.0,11,1.966873
0.0,3,1.967005
0.0,13,1.96737
0.0,24,1.96801
0.0,17,1.968474
0.0,4,1.968635
0.0,8,1.968903
0.0,11,1.969232
0.0,7,1.969461
0.0,7,1.969696
0.0,5,1.969873
0.0,21,1.970433
0.0,13,1.970819
0.0,8,1.971073
0.0,6,1.971271
0.0,9,1.971536
0.0,20,1.972074
0.0,6,1.972279
0.0,9,1.972554
0.0,14,1.972963
0.0,13,1.973332
0.0,8,1.973577
0.0,9,1.973855
0.0,18,1.974354
0.0,15,1.974771
0.0,6,1.974984
0.0,6,1.975183
0.0,4,1.975332
0.0,8,1.975581
0.0,2,1.975698
0.0,4,1.975851
0.0,4,1.976002
0.0,12,1.976346
0.0,2,1.976457
0.0,26,1.977146
0.0,10,1.977449
0.0,29,1.978205
0.0,3,1.978338
0.0,18,1.978852
0.0,16,1.979299
0.0,14,1.979714
0.0,4,1.979874
0.0,16,1.980317
0.0,16,1.98077
0.0,12,1.981108
0.0,23,1.981719
0.0,5,1.981894
0.0,15,1.982304
0.0,9,1.982578
0.0,8,1.982832
0.0,3,1.982962
0.0,15,1.983365
0.0,8,1.983606
0.0,5,1.983792
0.0,3,1.983919
0.0,5,1.984103
0.0,13,1.984462
0.0,23,1.985075
1.0,26,1.985797
0.0,12,1.98614
0.0,17,1.986602
0.0,20,1.98713
0.0,33,1.987978
0.0,9,1.988261
1.0,14,1.988677
0.0,19,1.989187
0.0,24,1.989831
0.0,45,1.990977
0.0,3,1.991109
0.0,41,1.99215
0.0,6,1.992357
0.0,8,1.992626
0.0,12,1.99298
0.0,27,1.993691
0.0,6,1.993891
0.0,11,1.99421
0.0,24,1.994827
0.0,8,1.995091
0.0,19,1.995608
0.0,15,1.996025
0.0,15,1.996451
0.0,13,1.996837
0.0,11,1.997158
0.0,10,1.997461
0.0,2,1.997566
0.0,10,1.997871
0.0,2,1.997977
0.0,21,1.998513
0.0,28,1.999237
0.0,14,1.999646
0.0,12,1.999985
0.0,43,2.001082
0.0,21,2.001643
0.0,10,2.001943
0.0,24,2.002561
0.0,11,2.002895
0.0,15,2.003301
0.0,29,2.004066
0.0,21,2.004627
0.0,4,2.004782
0.0,7,2.005017
0.0,17,2.005477
0.0,5,2.005665
0.0,10,2.005967
0.0,7,2.006191
0.0,8,2.006444
0.0,12,2.006792
0.0,12,2.007159
0.0,12,2.007506
0.0,14,2.007915
0.0,19,2.008425
0.0,11,2.00876
0.0,3,2.008896
0.0,23,2.009501
0.0,10,2.009812
0.0,22,2.010403
0.0,4,2.010563
0.0,8,2.010827
0.0,8,2.011091
1.0,12,2.011439
0.0,7,2.011681
0.0,15,2.012095
0.0,17,2.012555
0.0,8,2.012824
0.0,19,2.013339
0.0,8,2.013592
1.0,7,2.013834
0.0,4,2.013986
0.0,38,2.014948
0.0,25,2.01561
0.0,4,2.015773
0.0,8,2.016025
0.0,11,2.016345
0.0,5,2.016529
0.0,8,2.016803
0.0,11,2.017135
0.0,41,2.018183
0.0,2,2.018291
0.0,7,2.018524
0.0,26,2.019225
0.0,2,2.019333
0.0,3,2.019468
0.0,13,2.019861
0.0,9,2.02014
0.0,8,2.020402
0.0,15,2.020823
0.0,18,2.021325
0.0,12,2.02172
0.0,12,2.022082
0.0,16,2.022526
0.0,16,2.022979
0.0,9,2.023248
0.0,4,2.0234
0.0,15,2.023836
0.0,14,2.024217
0.0,15,2.024639
0.0,4,2.024793
0.0,8,2.025046
0.0,3,2.025175
0.0,3,2.025301
0.0,3,2.025434
0.0,24,2.026083
0.0,11,2.026422
0.0,14,2.026831
0.0,21,2.027407
0.0,19,2.02794
0.0,15,2.028352
0.0,31,2.029138
0.0,6,2.029345
0.0,9,2.02963
1.0,10,2.029922
0.0,3,2.03005
0.0,3,2.030177
0.0,14,2.030578
0.0,27,2.031263
0.0,11,2.031573
0.0,18,2.032063
0.0,20,2.032587
1.0,9,2.032863
0.0,3,2.032994
1.0,10,2.033286
0.0,8,2.033539
0.0,41,2.034569
1.0,10,2.034884
0.0,5,2.03506
0.0,10,2.03535
0.0,13,2.035731
0.0,23,2.036328
0.0,6,2.036534
0.0,7,2.036775
0.0,72,2.038515
0.0,18,2.039011
0.0,8,2.039257
0.0,9,2.039542
0.0,34,2.040425
0.0,4,2.040581
0.0,19,2.041095
0.0,2,2.041202
0.0,20,2.04174
0.0,20,2.042282
0.0,24,2.042907
0.0,7,2.043142
0.0,26,2.04382
0.0,6,2.044042
1.0,19,2.044559
0.0,20,2.045112
0.0,33,2.046032
0.0,24,2.046689
0.0,10,2.04699
0.0,16,2.04742
0.0,9,2.047711
0.0,13,2.048086
0.0,18,2.048569
0.0,6,2.048785
0.0,8,2.049042
0.0,2,2.049147
1.0,28,2.049865
0.0,19,2.050379
0.0,32,2.051209
0.0,11,2.051525
0.0,5,2.051717
0.0,14,2.052099
0.0,12,2.052448
0.0,12,2.052814
0.0,3,2.052945
0.0,6,2.053142
0.0,11,2.053473
0.0,21,2.054039
0.0,13,2.054414
1.0,17,2.054885
0.0,5,2.055066
0.0,31,2.055872
0.0,13,2.05623
0.0,44,2.057343
0.0,11,2.057671
0.0,22,2.058273
0.0,3,2.058408
0.0,34,2.059271
0.0,8,2.059514
0.0,43,2.06058
0.0,18,2.061067
0.0,3,2.061203
0.0,52,2.062492
0.0,12,2.062871
0.0,32,2.063699
0.0,4,2.063855
1.0,19,2.064349
0.0,4,2.064499
0.0,7,2.06473
1.0,30,2.065499
0.0,18,2.065995
0.0,8,2.066246
0.0,25,2.066902
0.0,39,2.067897
0.0,17,2.068361
0.0,6,2.068564
0.0,25,2.069217
0.0,27,2.069932
0.0,23,2.070535
0.0,22,2.071118
0.0,100,2.073521
0.0,3,2.073668
0.0,20,2.074195
0.0,15,2.074612
1.0,15,2.075029
0.0,10,2.075329
1.0,23,2.075935
0.0,9,2.076211
0.0,8,2.076456
0.0,3,2.076595
1.0,22,2.077192
0.0,16,2.077618
0.0,16,2.078076
0.0,8,2.078322
0.0,14,2.078715
0.0,10,2.079005
0.0,5,2.079184
0.0,31,2.079977
0.0,30,2.080746
0.0,11,2.081078
0.0,28,2.081824
0.0,7,2.082048
0.0,7,2.082278
0.0,23,2.082896
1.0,10,2.083189
0.0,13,2.083565
0.0,16,2.084013
0.0,9,2.084286
0.0,46,2.08544
0.0,8,2.085704
0.0,9,2.085977
1.0,43,2.087049
0.0,14,2.087436
1.0,7,2.087667
0.0,10,2.087957
0.0,4,2.088115
0.0,24,2.088748
0.0,15,2.08917
0.0,9,2.089443
0.0,27,2.090166
0.0,5,2.090352
0.0,8,2.090612
0.0,15,2.091037
0.0,33,2.091885
0.0,8,2.092149
0.0,16,2.092578
0.0,20,2.093117
0.0,26,2.09379
0.0,32,2.094588
0.0,11,2.094923
0.0,16,2.095358
0.0,16,2.095799
0.0,11,2.096123
0.0,34,2.096988
0.0,8,2.097234
0.0,8,2.097479
0.0,6,2.097688
0.0,24,2.098296
0.0,13,2.098662
0.0,14,2.099063
0.0,9,2.099336
0.0,5,2.099519
0.0,10,2.099824
0.0,10,2.100116
0.0,14,2.100496
0.0,17,2.100964
0.0,5,2.10114
1.0,18,2.101634
0.0,4,2.101789
0.0,35,2.102685
0.0,17,2.103143
0.0,8,2.103397
0.0,23,2.104017
0.0,8,2.104263
0.0,8,2.104513
1.0,52,2.10579
0.0,40,2.106781
0.0,22,2.107355
0.0,20,2.107881
0.0,5,2.108058
0.0,11,2.108378
0.0,2,2.108482
0.0,14,2.108894
0.0,38,2.109864
0.0,4,2.110025
0.0,13,2.110388
0.0,49,2.111588
0.0,3,2.111734
0.0,19,2.112245
0.0,11,2.112579
0.0,8,2.112832
0.0,2,2.112943
0.0,8,2.113188
0.0,3,2.113314
0.0,4,2.113464
0.0,6,2.113684
0.0,25,2.114361
0.0,3,2.114497
0.0,11,2.114821
0.0,18,2.115301
0.0,7,2.115528
0.0,8,2.115805
0.0,13,2.116171
0.0,13,2.116536
0.0,5,2.116728
0.0,12,2.117075
0.0,37,2.118048
0.0,10,2.118337
0.0,16,2.118787
0.0,13,2.119144
0.0,13,2.119509
0.0,38,2.12047
0.0,19,2.121002
0.0,10,2.121303
0.0,24,2.12192
0.0,11,2.122238
0.0,9,2.122504
0.0,20,2.123038
0.0,17,2.123487
0.0,20,2.124022
0.0,5,2.124213
0.0,12,2.124549
0.0,19,2.125068
1.0,27,2.125776
0.0,34,2.126626
0.0,21,2.127201
0.0,21,2.12778
0.0,19,2.128296
0.0,27,2.128999
0.0,3,2.129135
0.0,7,2.129364
0.0,49,2.130591
0.0,40,2.614642
0.0,6,2.628419
0.0,4,2.659257
0.0,11,2.729571
0.0,7,2.78787
0.0,3,2.799999
0.0,11,2.922018
0.0,5,2.936904
0.0,18,2.987656
0.0,8,3.011775
0.0,7,3.0254
0.0,10,3.052433
0.0,8,3.080729
0.0,31,3.181724
0.0,2,3.185304
0.0,4,3.227785
0.0,15,3.314049
0.0,6,3.328315
0.0,3,3.340481
0.0,3,3.346883
0.0,4,3.353882
0.0,13,3.405468
0.0,3,3.410649
0.0,5,3.433731
0.0,4,3.440051
0.0,12,3.495799
0.0,4,3.51317
0.0,13,3.56158
0.0,3,3.572062
0.0,4,3.585842
0.0,4,3.599696
0.0,4,3.61342
0.0,6,3.632767
0.0,2,3.638787
0.0,3,3.647651
0.0,5,3.659174
0.0,5,3.66834
1.0,9,3.708191
0.0,18,3.808259
0.0,5,3.816184
0.0,11,3.870082
0.0,3,3.876453
0.0,3,3.882979
0.0,8,3.900081
0.0,9,3.950461
0.0,16,4.003739
0.0,9,4.020619
0.0,12,4.043416
0.0,15,4.087514
0.0,18,4.139131
0.0,11,4.167741
0.0,28,4.218706
0.0,9,4.242862
0.0,11,4.263557
0.0,13,4.568138
0.0,5,4.613034
0.0,4,4.634637
0.0,10,4.673418
0.0,19,4.735405
0.0,12,4.768531
0.0,19,4.816941
0.0,4,4.840031
0.0,9,4.864441
1.0,20,5.040044
0.0,18,5.177996
0.0,14,5.223121
0.0,6,5.231927
0.0,6,5.280962
0.0,5,5.299328
0.0,9,5.351027
0.0,5,5.362021
0.0,22,5.480399
0.0,6,5.512233
0.0,14,5.546414
0.0,6,5.560231
0.0,7,5.591129
0.0,5,5.606961
0.0,9,5.629144
0.0,3,5.633473
0.0,4,5.639765
0.0,9,5.664021
0.0,13,5.71623
0.0,3,5.76347
0.0,7,5.804345
0.0,14,5.83616
0.0,5,5.846609
0.0,13,5.873681
0.0,6,5.940645
0.0,2,5.960318
0.0,3,5.988382
0.0,4,6.043083
0.0,8,6.062751
0.0,24,6.205521
0.0,5,6.249051
0.0,21,6.299377
0.0,7,6.535997
0.0,4,6.583849
0.0,7,6.643397
0.0,5,6.66069
0.0,2,6.664495
0.0,4,6.671984
0.0,2,6.675805
0.0,2,6.67959
0.0,10,6.775986
0.0,7,6.859159
0.0,6,6.881114
0.0,4,6.943426
0.0,4,6.95723
0.0,4,6.971168
0.0,3,6.986579
0.0,4,7.020316
0.0,5,7.056539
0.0,12,7.146095
0.0,11,7.179425
0.0,4,7.217103
0.0,5,7.249042
0.0,9,7.265958
0.0,4,7.273436
0.0,18,7.327315
0.0,4,7.341047
1.0,7,7.38845
0.0,12,7.521767
0.0,2,7.557221
0.0,3,7.561099
0.0,8,7.573546
0.0,5,7.579855
0.0,14,7.605199
0.0,15,7.637974
0.0,4,7.648263
0.0,5,7.661782
0.0,15,7.69969
0.0,2,7.71868
0.0,6,7.767331
0.0,5,7.796153
0.0,7,7.841329
0.0,5,7.852925
0.0,2,7.856405
0.0,3,7.863303
0.0,6,7.884346
0.0,41,8.071846
0.0,16,8.115469
0.0,5,8.123954
0.0,11,8.151497
0.0,9,8.179758
0.0,3,8.188589
0.0,10,8.218378
0.0,11,8.245434
0.0,18,8.284523
0.0,4,8.29294
0.0,7,8.51489
0.0,8,8.600524
0.0,8,8.648888
0.0,5,8.710148
0.0,9,8.783211
0.0,25,8.908267
0.0,17,8.940456
0.0,6,8.952648
0.0,16,9.012765
0.0,2,9.016481
0.0,3,9.022102
0.0,3,9.027767
0.0,4,9.035359
0.0,6,9.046736
0.0,5,9.056378
0.0,3,9.062173
0.0,8,9.084814
0.0,7,9.099233
0.0,2,9.103504
0.0,8,9.119828
0.0,12,9.144297
0.0,2,9.148547
0.0,8,9.164698
0.0,3,9.170851
0.0,3,9.177013
0.0,8,9.19316
0.0,5,9.203341
0.0,7,9.217532
0.0,2,9.221715
0.0,6,9.233741
0.0,6,9.245697
0.0,8,9.261679
0.0,12,9.285687
0.0,12,9.308989
0.0,5,9.318738
0.0,12,9.342034
0.0,10,9.361716
0.0,8,9.377195
0.0,2,9.381465
0.0,20,9.420375
0.0,2,9.424424
0.0,8,9.570167
0.0,10,9.598542
0.0,3,9.612705
0.0,21,9.655705
0.0,7,9.694277
0.0,16,9.732351
0.0,39,9.818212
0.0,27,9.86613
0.0,8,9.881285
0.0,6,9.892159
0.0,5,9.908995
0.0,25,10.090999
0.0,20,10.197324
1.0,14,10.228377
0.0,10,10.248823
0.0,12,10.275385
0.0,28,10.329702
0.0,6,10.34794
0.0,17,10.60908
0.0,15,10.779425
0.0,11,10.843724
0.0,10,10.920335
0.0,5,10.932659
0.0,15,10.964965
0.0,13,11.047019
0.0,2,11.051416
0.0,5,11.06228
0.0,4,11.076772
0.0,9,11.150359
0.0,5,11.165197
0.0,3,11.19435
0.0,23,11.320589
0.0,6,11.34582
0.0,6,11.357027
0.0,16,11.395738
0.0,3,11.412535
0.0,8,11.473423
0.0,12,11.521216
0.0,17,11.565068
0.0,10,11.594365
0.0,5,11.604092
0.0,6,11.61818
0.0,6,11.632579
0.0,69,11.804304
0.0,14,11.841334
0.0,18,11.966177
0.0,12,12.058636
0.0,13,12.170583
1.0,7,12.247035
0.0,3,12.277447
0.0,18,12.386619
0.0,39,12.841096
1.0,33,13.015182
0.0,11,13.079604
1.0,9,13.177853
0.0,10,13.230922
0.0,5,13.238014
0.0,14,13.335366
0.0,15,13.374573
0.0,14,13.397927
0.0,4,13.406107
0.0,13,13.440538
0.0,32,13.518374
0.0,9,13.544328
0.0,9,13.581896
0.0,13,13.642502
0.0,17,13.7525
0.0,21,13.81939
0.0,5,13.83578
0.0,9,13.874265
0.0,6,13.891722
1.0,8,13.955556
0.0,21,14.016767
0.0,5,14.030598
0.0,3,14.035123
0.0,10,14.070549
0.0,14,14.115146
0.0,5,14.122737
0.0,6,14.135922
0.0,15,14.177122
0.0,3,14.183201
0.0,22,14.348203
0.0,16,14.427641
0.0,11,14.444633
0.0,8,14.64098
0.0,12,14.837236
0.0,15,15.01305
0.0,14,15.063133
0.0,18,15.158333
0.0,11,15.211972
0.0,9,15.233897
0.0,10,15.255332
0.0,36,15.413547
0.0,15,15.557681
0.0,19,15.599154
0.0,43,15.7035
0.0,11,15.733129
0.0,34,15.821918
0.0,16,15.882195
0.0,10,15.93858
0.0,16,15.988306
0.0,12,16.084632
0.0,7,16.10657
0.0,7,16.117743
0.0,12,16.174134
0.0,12,16.240428
0.0,6,16.261237
0.0,7,16.369257
0.0,7,16.417831
0.0,8,16.488826
0.0,14,16.818364
0.0,32,17.005181
0.0,6,17.014959
0.0,13,17.075051
0.0,34,17.143087
0.0,12,17.172347
0.0,28,17.223888
0.0,11,17.32278
0.0,17,17.393064
0.0,3,17.423401
0.0,17,17.471853
0.0,6,17.49041
0.0,2,17.496559
0.0,15,17.549079
0.0,14,17.644698
0.0,40,17.871541
0.0,69,18.096741
0.0,17,18.151647
0.0,9,18.179251
0.0,19,18.244277
0.0,14,18.293564
0.0,12,18.321203
0.0,11,18.414024
0.0,5,18.425756
0.0,12,18.475879
0.0,37,19.010387
0.0,22,19.101298
0.0,6,19.151927
0.0,30,19.341178
0.0,4,19.352685
0.0,11,19.389817
0.0,2,19.394597
0.0,10,19.432837
0.0,6,19.453687
0.0,8,19.477213
0.0,7,19.521563
0.0,6,19.555881
0.0,8,19.645733
0.0,5,19.673278
0.0,4,19.689127
0.0,24,19.746015
0.0,30,19.96181
0.0,6,20.002121
0.0,26,20.247469
0.0,16,20.362144
0.0,8,20.43975
0.0,3,20.444098
0.0,3,20.466722
0.0,6,20.511732
0.0,31,21.094897
0.0,6,21.113814
0.0,9,21.130565
0.0,20,21.275243
0.0,5,21.298691
0.0,29,21.414779
0.0,18,21.457357
0.0,6,21.478112
0.0,5,21.499834
0.0,30,21.657922
0.0,48,21.93049
0.0,2,21.933946
1.0,11,22.014003
0.0,13,22.070973
0.0,6,22.087486
0.0,6,22.110637
0.0,5,22.119651
0.0,10,22.144717
0.0,11,22.177839
0.0,39,22.29536
0.0,14,22.3458
0.0,10,22.38243
0.0,9,22.439229
0.0,15,22.479356
0.0,9,22.495505
0.0,7,22.515762
1.0,10,22.540267
0.0,11,22.563096
0.0,8,22.58339
0.0,5,22.595358
0.0,7,22.802085
0.0,10,22.901837
0.0,6,23.012765
0.0,18,23.08145
0.0,9,23.103045
1.0,36,23.264109
0.0,16,23.348413
0.0,14,23.403265
0.0,14,23.469801
0.0,41,23.604141
0.0,15,23.648458
0.0,2,23.651935
0.0,41,23.899871
0.0,17,23.971809
0.0,26,24.050827
0.0,10,24.104502
0.0,22,24.142539
0.0,11,24.161144
0.0,25,24.207557
1.0,14,24.246011
0.0,10,24.34535
0.0,6,24.364689
0.0,22,24.507375
0.0,4,24.513772
0.0,10,24.560314
0.0,11,24.60916
0.0,3,24.632537
0.0,8,24.892274
0.0,24,25.182081
0.0,13,25.287796
0.0,44,25.611629
0.0,51,25.726233
0.0,5,25.804587
0.0,11,25.822086
0.0,4,25.829157
0.0,5,25.838444
0.0,14,25.909311
0.0,11,25.995842
0.0,3,26.003419
0.0,19,26.126969
0.0,13,26.186514
0.0,2,26.192103
0.0,7,26.224886
0.0,3,26.2359
0.0,5,26.254816
0.0,12,26.29169
0.0,2,26.301474
0.0,4,26.309963
0.0,6,26.367602
0.0,6,26.392378
0.0,6,26.42909
0.0,23,26.508216
0.0,4,26.51558
0.0,14,26.557358
0.0,4,26.564184
0.0,23,26.643092
0.0,12,26.676693
0.0,2,26.869943
0.0,9,26.992034
0.0,5,27.078718
0.0,11,27.181387
0.0,6,27.201796
0.0,13,27.26872
0.0,4,27.282695
0.0,4,27.301064
0.0,5,27.324455
0.0,6,27.34282
0.0,5,27.386302
0.0,7,27.4328
0.0,8,27.529397
0.0,7,27.57641
0.0,3,27.616466
0.0,3,27.677696
0.0,3,27.683431
0.0,6,27.703245
0.0,2,27.723055
0.0,2,27.728177
0.0,5,27.736939
0.0,6,27.749495
0.0,4,27.758178
0.0,4,27.773242
0.0,4,27.782522
0.0,2,27.786071
0.0,3,27.791347
0.0,6,27.801914
0.0,8,27.816779
0.0,2,27.821112
0.0,3,27.826345
0.0,7,27.870883
0.0,3,27.875773
0.0,5,27.938572
0.0,9,28.037431
0.0,7,28.11223
0.0,4,28.130601
0.0,7,28.213759
0.0,4,28.233471
0.0,12,28.34517
0.0,7,28.375133
0.0,3,28.395434
0.0,12,28.458367
0.0,2,28.476019
0.0,3,28.495767
0.0,4,28.53264
0.0,13,28.568357
0.0,6,28.58014
0.0,7,28.595924
0.0,5,28.615742
0.0,5,28.635569
0.0,6,28.659377
0.0,7,28.692608
0.0,4,28.700264
0.0,4,28.707977
0.0,6,28.718994
0.0,4,28.91572
0.0,7,29.002735
0.0,3,29.008354
0.0,2,29.012128
0.0,6,29.022938
0.0,4,29.034611
0.0,6,29.140016
0.0,11,29.241743
0.0,5,29.258606
0.0,6,29.269018
0.0,8,29.317013
0.0,4,29.330982
0.0,2,29.380537
0.0,3,29.393118
0.0,3,29.413284
0.0,12,29.484361
0.0,13,29.525932
0.0,3,29.543051
0.0,3,29.55108
0.0,12,29.576048
0.0,13,29.64425
0.0,7,29.676251
0.0,6,29.763396
0.0,7,29.791492
0.0,16,29.821843
0.0,2,29.825359
0.0,2,29.830707
0.0,4,29.842592
0.0,15,29.903009
0.0,10,29.965775
0.0,5,29.9864
0.0,3,30.006076
0.0,8,30.022924
0.0,4,30.030453
0.0,7,30.045115
0.0,4,30.052364
0.0,3,30.080802
0.0,5,30.132928
0.0,14,30.19616
1.0,9,30.253197
0.0,2,30.256689
0.0,5,30.265714
0.0,3,30.271718
0.0,12,30.302801
0.0,9,30.330754
1.0,14,30.373524
0.0,13,30.412991
0.0,16,30.447205
0.0,4,30.454792
0.0,8,30.469461
0.0,7,30.482405
0.0,5,30.514872
0.0,12,30.622417
0.0,9,30.682301
0.0,9,30.720783
1.0,9,30.73747
0.0,3,30.749876
0.0,9,31.010945
0.0,2,31.01463
0.0,8,31.096585
1.0,22,31.260689
0.0,18,31.336026
0.0,9,31.360323
0.0,22,31.41679
0.0,12,31.439137
0.0,7,31.452406
0.0,10,31.470676
0.0,3,31.475723
0.0,12,31.556943
0.0,33,31.725014
0.0,22,31.771536
0.0,14,31.801535
0.0,37,32.118327
0.0,12,32.174752
0.0,7,32.203317
0.0,7,32.220017
0.0,15,32.321406
0.0,27,32.397692
0.0,35,32.492779
0.0,3,32.501539
0.0,19,32.574011
0.0,11,32.678472
0.0,61,33.434028
0.0,9,33.455677
0.0,6,33.484457
0.0,15,33.573377
0.0,15,33.663333
0.0,10,33.735648
0.0,2,33.741994
0.0,21,33.80773
0.0,7,33.823631
0.0,7,33.846015
0.0,7,33.860388
0.0,9,33.920744
0.0,2,33.940797
0.0,9,34.010122
0.0,4,34.063332
0.0,4,34.076497
0.0,14,34.126136
0.0,4,34.14328
0.0,5,34.162843
0.0,4,34.169264
0.0,2,34.179598
0.0,10,34.219597
0.0,8,34.248518
0.0,3,34.261166
0.0,2,34.280074
0.0,2,34.324092
0.0,3,34.341291
0.0,11,34.373491
0.0,6,34.393321
0.0,6,34.420436
0.0,10,34.466585
0.0,13,34.494232
0.0,13,34.522651
0.0,3,34.530417
0.0,3,34.538279
0.0,7,34.556313
0.0,3,34.563969
0.0,4,34.574351
0.0,13,34.652316
0.0,5,34.67247
0.0,6,34.717423
0.0,3,34.730033
0.0,2,34.733006
0.0,7,34.745763
0.0,4,34.775948
0.0,5,34.78422
0.0,4,34.790488
0.0,2,34.809211
0.0,7,35.01994
0.0,5,35.113184
0.0,7,35.156142
0.0,2,35.189214
0.0,13,35.289476
0.0,3,35.298447
0.0,4,35.317222
0.0,5,35.325067
0.0,5,35.372565
0.0,9,35.402937
0.0,11,35.423439
0.0,2,35.426147
0.0,15,35.488358
0.0,6,35.512103
0.0,5,35.520104
0.0,5,35.5276
0.0,3,35.541311
0.0,2,35.597203
0.0,7,35.627358
0.0,8,35.668039
0.0,3,35.690615
0.0,16,35.746264
0.0,4,35.767519
0.0,8,35.804189
0.0,6,35.815087
0.0,13,35.85046
0.0,8,35.874376
0.0,2,35.880441
0.0,5,35.895547
0.0,3,35.909306
0.0,24,36.204796
0.0,2,36.208948
0.0,6,36.255976
0.0,4,36.272725
0.0,2,36.280971
1.0,8,36.360094
0.0,14,36.456313
0.0,3,36.462393
0.0,2,36.5125
0.0,3,36.560194
0.0,4,36.575742
0.0,5,36.592795
0.0,3,36.612635
0.0,3,36.661733
0.0,13,36.785795
0.0,2,36.800785
0.0,33,37.203258
1.0,30,37.374018
0.0,38,37.573528
0.0,19,37.617325
0.0,14,37.672087
0.0,14,37.765631
0.0,5,37.794307
0.0,4,37.805496
0.0,15,37.877491
0.0,8,37.907017
0.0,12,38.00738
0.0,30,38.190401
1.0,49,38.387967
0.0,3,38.403069
0.0,31,38.533797
0.0,35,38.638296
0.0,13,38.66556
0.0,22,38.711475
0.0,27,38.882196
0.0,2,38.886411
0.0,21,39.208911
0.0,11,39.314549
0.0,3,39.319359
0.0,2,39.322845
0.0,21,39.389155
0.0,17,39.502405
0.0,17,39.609469
0.0,11,39.631405
0.0,26,39.690361
0.0,8,39.716924
0.0,30,39.781286
0.0,10,39.817849
0.0,7,39.830434
0.0,8,39.848497
0.0,6,39.862201
0.0,9,39.890687
0.0,6,39.904468
0.0,16,40.08602
0.0,15,40.120337
0.0,6,40.170691
0.0,6,40.223359
0.0,10,40.260235
0.0,3,40.267191
0.0,3,40.271816
0.0,7,40.290869
0.0,12,40.316409
0.0,2,40.323392
0.0,11,40.368628
0.0,3,40.390293
0.0,9,40.435309
0.0,4,40.443738
0.0,10,40.527895
0.0,6,40.55141
0.0,5,40.561775
0.0,2,40.568928
0.0,2,40.606445
1.0,9,40.660422
0.0,5,40.67717
0.0,11,40.731642
0.0,17,40.772855
0.0,5,40.789727
0.0,3,40.800317
0.0,14,40.873852
0.0,2,40.877401
0.0,9,40.900224
0.0,6,40.910594
0.0,17,41.299682
0.0,3,41.321452
0.0,19,41.487356
0.0,9,41.560174
0.0,6,41.586456
0.0,10,41.616572
0.0,3,41.621424
0.0,6,41.645842
0.0,12,41.676298
0.0,11,41.703635
0.0,7,41.724053
0.0,5,41.74505
0.0,3,41.757205
0.0,5,41.7648
0.0,7,41.783194
0.0,9,41.82608
0.0,5,41.840333
0.0,6,41.892685
0.0,12,42.034744
0.0,10,42.059196
0.0,10,42.089401
0.0,2,42.093132
0.0,5,42.102344
0.0,9,42.118935
0.0,6,42.132135
0.0,5,42.162827
0.0,3,42.190658
0.0,15,42.248448
0.0,5,42.301948
0.0,6,42.318933
0.0,7,42.379758
0.0,6,42.388958
0.0,15,42.418958
0.0,6,42.445558
0.0,6,42.477405
0.0,5,42.513242
0.0,6,42.532772
0.0,5,42.541969
0.0,6,42.553034
0.0,5,42.562422
0.0,3,42.568608
0.0,10,42.601811
0.0,13,42.639772
0.0,6,42.651862
0.0,5,42.661966
0.0,3,42.668336
0.0,7,42.680605
0.0,11,42.699676
1.0,11,42.718731
0.0,7,42.731051
0.0,7,42.751866
0.0,14,42.818107
0.0,4,42.878534
0.0,4,42.966983
0.0,6,43.160865
0.0,4,43.221766
0.0,7,43.356113
0.0,5,43.404664
0.0,6,43.420824
0.0,7,43.485775
0.0,4,43.492477
0.0,3,43.510608
0.0,7,43.526661
0.0,6,43.548316
0.0,11,43.598085
0.0,3,43.602689
0.0,6,43.641792
0.0,4,43.64947
0.0,5,43.658874
0.0,8,43.684917
0.0,3,43.699438
0.0,4,43.706573
0.0,3,43.71189
0.0,8,43.755048
0.0,6,43.766371
0.0,14,43.815707
0.0,4,43.823294
0.0,3,43.829118
0.0,2,43.833143
0.0,22,43.885488
0.0,16,43.923889
0.0,4,43.933453
0.0,5,43.945403
0.0,6,43.959632
0.0,3,43.966799
0.0,8,43.985905
1.0,14,44.072123
0.0,13,44.175386
0.0,4,44.181895
0.0,23,44.244457
0.0,10,44.303856
0.0,30,44.388883
0.0,5,44.418427
0.0,22,44.520868
0.0,5,44.531147
0.0,7,44.546454
0.0,7,44.58558
0.0,7,44.650769
0.0,6,44.691954
0.0,44,44.867129
1.0,9,44.894702
0.0,16,44.947675
0.0,2,44.954028
0.0,3,44.962907
0.0,15,45.006329
0.0,10,45.197858
0.0,2,45.250072
0.0,4,45.332175
0.0,8,45.403195
0.0,2,45.414225
0.0,10,45.506269
0.0,20,45.559813
0.0,6,45.584273
0.0,3,45.596382
0.0,16,45.631167
0.0,4,45.653854
0.0,3,45.666362
0.0,14,45.704162
0.0,4,45.718293
0.0,26,45.833889
0.0,11,45.865465
0.0,24,46.008966
0.0,26,46.077819
0.0,10,46.104563
0.0,28,46.228106
0.0,2,46.231863
0.0,4,46.239353
0.0,9,46.262454
0.0,9,46.286831
0.0,3,46.301095
0.0,6,46.333858
0.0,5,46.346054
0.0,13,46.378269
0.0,2,46.383587
0.0,12,46.415374
0.0,11,46.444638
0.0,2,46.449991
0.0,8,46.471375
0.0,6,46.487383
0.0,2,46.49342
0.0,2,46.512349
0.0,6,46.583079
0.0,2,46.59384
0.0,17,46.669999
0.0,14,46.714805
0.0,10,46.761328
0.0,17,46.809833
0.0,2,46.813853
0.0,15,46.945097
0.0,9,46.9979
0.0,4,47.006805
0.0,7,47.025822
0.0,4,47.037003
0.0,2,47.042409
0.0,6,47.175891
0.0,7,47.392931
0.0,3,47.39712
0.0,15,47.430038
0.0,11,47.483286
0.0,4,47.490751
0.0,17,47.52445
0.0,9,47.541356
0.0,6,47.552639
0.0,3,47.558216
0.0,5,47.567397
0.0,5,47.604321
0.0,7,47.62441
0.0,4,47.634587
0.0,6,47.645309
0.0,13,47.668093
0.0,15,47.733921
0.0,9,47.882012
0.0,33,48.142933
0.0,9,48.22142
0.0,6,48.257632
0.0,7,48.286122
0.0,5,48.318304
0.0,15,48.379393
0.0,20,48.439329
0.0,9,48.464871
1.0,8,48.483808
0.0,7,48.499018
0.0,31,48.669504
0.0,4,48.691263
0.0,18,48.766498
0.0,3,48.784662
0.0,14,48.841126
0.0,2,48.850232
0.0,13,48.917004
0.0,7,48.940164
0.0,2,48.94368
0.0,20,49.065771
1.0,8,49.28686
0.0,7,49.355099
0.0,17,49.490163
0.0,12,49.576364
0.0,8,49.58988
0.0,6,49.602964
0.0,3,49.610489
0.0,8,49.630823
0.0,3,49.638299
0.0,5,49.692719
0.0,11,49.768295
0.0,6,49.854657
0.0,8,49.966456
0.0,53,50.11981
0.0,18,50.167304
0.0,4,50.178117
0.0,2,50.183442
0.0,14,50.222048
0.0,13,50.287613
0.0,7,50.307827
0.0,7,50.320345
0.0,5,50.329401
0.0,7,50.342023
0.0,23,50.47451
0.0,9,50.512336
0.0,4,50.557922
0.0,8,50.624187
0.0,4,50.665343
0.0,6,50.698976
0.0,12,50.733683
0.0,8,50.789416
0.0,15,50.824195
0.0,3,50.829599
0.0,12,50.859839
0.0,11,50.887381
0.0,5,50.8999
0.0,4,50.908833
0.0,3,50.915138
0.0,5,50.928427
0.0,5,50.938091
0.0,16,50.984547
0.0,5,51.004749
0.0,5,51.013144
0.0,11,51.039108
0.0,2,51.042209
0.0,14,51.330991
0.0,9,51.548221
0.0,4,51.554406
0.0,22,51.666094
0.0,8,51.722398
0.0,9,51.747347
0.0,31,51.892291
0.0,10,51.908257
0.0,11,51.926886
0.0,21,51.968544
0.0,20,52.056804
0.0,9,52.184028
0.0,31,52.346954
0.0,3,52.351675
0.0,13,52.38934
0.0,6,52.399216
1.0,7,52.413956
0.0,18,52.477362
0.0,10,52.51349
0.0,29,52.611531
0.0,8,52.627875
0.0,4,52.637773
0.0,14,52.670883
0.0,4,52.680532
0.0,6,52.70232
0.0,2,52.707214
0.0,17,52.747186
0.0,5,52.817821
0.0,16,53.055804
0.0,5,53.079409
0.0,4,53.093991
0.0,9,53.135828
0.0,10,53.159934
0.0,14,53.422702
0.0,6,53.539399
0.0,5,53.582896
0.0,18,53.661146
0.0,12,53.692469
0.0,7,53.702535
0.0,4,53.728559
1.0,37,53.928134
0.0,4,53.942636
0.0,12,53.965392
0.0,12,53.987342
0.0,8,54.007843
0.0,8,54.023768
0.0,6,54.037364
0.0,2,54.041248
0.0,2,54.045061
0.0,5,54.054189
0.0,8,54.069309
0.0,12,54.104771
0.0,2,54.107939
0.0,17,54.165145
0.0,5,54.203859
0.0,19,54.284588
0.0,22,54.373605
0.0,23,54.446264
0.0,26,54.526937
0.0,55,54.952009
0.0,9,54.969434
0.0,18,55.009924
0.0,9,55.032183
0.0,3,55.037118
0.0,18,55.15519
0.0,6,55.181671
0.0,3,55.210279
0.0,6,55.456433
0.0,14,55.573758
0.0,14,55.681853
0.0,19,55.723806
0.0,2,55.728911
0.0,2,55.734111
0.0,5,55.746909
0.0,3,55.754602
0.0,8,55.775251
0.0,14,55.811294
0.0,10,55.862863
0.0,17,56.074636
0.0,4,56.083126
0.0,12,56.138838
0.0,6,56.15697
0.0,12,56.1814
0.0,17,56.221784
0.0,3,56.229404
0.0,2,56.234629
0.0,7,56.248662
0.0,4,56.255177
0.0,15,56.335003
0.0,6,56.352893
0.0,5,56.404607
0.0,4,56.411257
0.0,4,56.433569
0.0,4,56.440243
0.0,9,56.494495
0.0,10,56.565204
0.0,2,56.576351
0.0,6,56.595035
0.0,4,56.604375
0.0,4,56.617273
0.0,2,56.623665
0.0,13,56.665284
0.0,8,56.705522
0.0,5,56.719406
0.0,9,56.740674
0.0,2,56.744004
0.0,4,56.750757
0.0,12,56.877807
0.0,17,56.908912
0.0,6,56.920602
0.0,3,56.927059
0.0,2,56.931238
0.0,6,56.942177
0.0,3,56.947259
0.0,2,56.95068
0.0,6,56.970548
0.0,6,56.981882
0.0,2,56.985832
0.0,3,56.991533
0.0,5,57.001144
0.0,2,57.040085
0.0,2,57.051694
0.0,4,57.079175
0.0,5,57.08773
0.0,2,57.091403
0.0,4,57.110743
0.0,6,57.124362
0.0,8,57.157749
0.0,10,57.182854
0.0,3,57.192908
0.0,2,57.200044
0.0,7,57.225328
0.0,15,57.471883
0.0,4,57.506811
0.0,15,57.724596
0.0,8,57.750402
0.0,5,57.775847
0.0,5,57.819986
0.0,4,57.828124
0.0,6,57.845269
0.0,9,57.868467
0.0,6,57.879202
0.0,9,57.90456
0.0,4,57.916467
0.0,7,57.937284
0.0,5,57.954294
0.0,4,58.022287
1.0,9,58.083588
0.0,4,58.114159
0.0,2,58.117896
0.0,2,58.121581
0.0,4,58.130652
0.0,2,58.135858
0.0,2,58.140989
0.0,2,58.145639
0.0,7,58.16104
0.0,9,58.180758
1.0,8,58.198202
0.0,4,58.214089
0.0,3,58.219604
0.0,19,58.333652
0.0,3,58.349465
0.0,12,58.401667
0.0,4,58.437494
0.0,10,58.455281
0.0,18,58.584157
1.0,11,58.603769
0.0,8,58.646852
0.0,8,58.690666
0.0,9,58.717548
0.0,10,58.748306
0.0,16,58.783071
0.0,6,58.798203
0.0,12,58.82926
0.0,7,58.842366
0.0,12,58.867222
0.0,4,58.876226
0.0,6,58.889842
0.0,6,58.903352
0.0,5,58.91456
0.0,4,58.923155
0.0,17,59.051791
0.0,9,59.120992
0.0,6,59.1774
0.0,6,59.188999
0.0,53,59.494765
0.0,17,59.709838
0.0,28,59.87695
0.0,25,60.033346
0.0,8,60.059564
0.0,25,60.130499
0.0,7,60.141994
0.0,9,60.182135
1.0,18,60.243588
0.0,4,60.251179
0.0,9,60.279711
0.0,30,60.436635
0.0,4,60.450565
0.0,20,60.678867
0.0,11,60.699426
0.0,13,60.72824
0.0,5,60.741367
0.0,30,60.837578
0.0,32,60.960081
0.0,15,61.004011
0.0,2,61.010275
0.0,16,61.06147
0.0,14,61.100017
0.0,14,61.137053
1.0,7,61.158744
0.0,15,61.257737
0.0,19,61.698105
0.0,13,61.747697
0.0,9,61.771646
0.0,10,61.798701
0.0,21,61.979222
0.0,12,62.002687
0.0,5,62.016299
0.0,5,62.029799
0.0,15,62.069628
0.0,9,62.089705
0.0,7,62.105259
0.0,3,62.111981
0.0,6,62.165549
1.0,12,62.377559
0.0,3,62.393347
0.0,7,62.485075
0.0,11,62.537181
0.0,5,62.605296
0.0,4,62.655087
0.0,8,62.719389
0.0,6,62.747514
0.0,4,62.756153
0.0,8,62.771822
0.0,5,62.787494
0.0,12,62.83459
0.0,3,62.90298
0.0,3,62.919076
0.0,4,62.941393
0.0,14,63.002142
0.0,13,63.028321
0.0,6,63.043016
0.0,13,63.077743
0.0,8,63.099108
0.0,5,63.112473
0.0,7,63.129342
0.0,4,63.171903
0.0,14,63.310251
0.0,9,63.605081
0.0,3,63.62582
0.0,2,63.676931
0.0,25,63.849417
0.0,21,64.004364
0.0,5,64.01207
0.0,4,64.0181
0.0,4,64.034498
0.0,2,64.039116
0.0,4,64.046183
0.0,2,64.051672
0.0,6,64.060718
0.0,17,64.154607
0.0,20,64.214584
0.0,8,64.236567
0.0,31,64.336988
0.0,3,64.342607
0.0,13,64.407428
0.0,20,64.487324
0.0,6,64.541943
0.0,4,64.55031
0.0,7,64.569093
0.0,3,64.577115
0.0,4,64.587717
0.0,11,64.611018
0.0,4,64.641158
0.0,17,64.734434
0.0,5,64.758247
0.0,3,64.789264
0.0,4,64.7957
0.0,8,64.819146
0.0,5,64.827825
0.0,6,64.845754
0.0,5,64.854881
0.0,4,64.940887
0.0,3,64.946268
0.0,5,64.97064
0.0,19,65.003631
0.0,7,65.027916
0.0,15,65.074784
0.0,8,65.110143
0.0,3,65.115449
0.0,11,65.152097
0.0,4,65.158933
0.0,4,65.165675
0.0,6,65.180422
0.0,10,65.241319
0.0,4,65.246745
0.0,3,65.251379
0.0,2,65.254904
0.0,9,65.270406
0.0,7,65.281554
0.0,4,65.304
0.0,8,65.349892
0.0,8,65.364875
0.0,5,65.373501
0.0,8,65.389421
0.0,2,65.393739
0.0,3,65.400167
0.0,5,65.598079
0.0,10,65.792997
0.0,27,66.013906
0.0,17,66.116611
0.0,7,66.139525
0.0,7,66.201149
0.0,2,66.212327
0.0,24,66.27979
0.0,14,66.325823
0.0,25,66.41714
0.0,17,66.471151
0.0,3,66.475967
0.0,4,66.491032
0.0,4,66.506644
0.0,5,66.521719
0.0,10,66.539208
0.0,2,66.542673
0.0,2,66.546193
0.0,2,66.550134
0.0,5,66.560818
0.0,7,66.575819
0.0,12,66.600084
0.0,3,66.606546
0.0,18,66.653131
0.0,6,66.665316
0.0,9,66.68426
0.0,4,66.692478
0.0,3,66.705999
0.0,2,66.725073
0.0,18,66.850678
0.0,4,66.859439
0.0,13,66.890388
0.0,4,66.900999
0.0,2,66.926425
0.0,17,66.954615
0.0,9,66.969727
0.0,5,66.978074
0.0,9,66.993438
0.0,8,67.102248
0.0,4,67.116807
0.0,7,67.14296
0.0,15,67.205976
0.0,10,67.250246
0.0,5,67.25869
0.0,12,67.342322
0.0,20,67.422835
0.0,10,67.766513
0.0,6,67.860974
0.0,6,67.878911
0.0,6,67.911896
0.0,8,67.931061
0.0,8,67.958297
0.0,8,67.999563
0.0,8,68.02839
0.0,4,68.034929
0.0,14,68.082358
0.0,16,68.185302
0.0,22,68.286357
0.0,2,68.290422
0.0,12,68.333781
0.0,4,68.367129
0.0,7,68.391141
0.0,2,68.395086
0.0,4,68.402709
1.0,12,68.44821
0.0,7,68.475011
0.0,71,68.862543
0.0,22,69.078309
0.0,2,69.083263
0.0,6,69.100942
0.0,11,69.18272
0.0,6,69.193895
0.0,11,69.221071
0.0,5,69.262147
0.0,3,69.291189
0.0,8,69.310795
0.0,17,69.39617
0.0,9,69.421481
0.0,26,69.870076
0.0,14,69.96277
0.0,8,70.025296
0.0,5,70.075325
0.0,5,70.124307
0.0,4,70.138135
0.0,14,70.171776
0.0,10,70.198844
0.0,9,70.222902
0.0,7,70.241524
0.0,16,70.284187
0.0,10,70.341483
0.0,4,70.392884
0.0,4,70.409663
0.0,10,70.449652
0.0,6,70.498342
0.0,8,70.516335
0.0,5,70.526846
0.0,15,70.568458
0.0,25,70.691526
0.0,6,70.711869
0.0,5,70.72878
0.0,22,70.807657
0.0,5,70.819086
0.0,12,70.852269
0.0,14,70.889904
0.0,11,70.919654
0.0,12,71.110872
0.0,34,71.397606
0.0,43,71.764082
0.0,7,71.86206
0.0,2,71.865119
0.0,12,71.993648
0.0,15,72.053414
0.0,8,72.07375
0.0,5,72.08303
0.0,6,72.094305
0.0,6,72.105569
0.0,5,72.114917
0.0,5,72.125607
0.0,8,72.144904
0.0,20,72.192575
0.0,18,72.234796
0.0,9,72.256185
0.0,19,72.414046
0.0,23,72.479579
0.0,7,72.499959
0.0,7,72.568117
0.0,14,72.656728
0.0,6,72.673152
0.0,14,72.708697
0.0,3,72.71395
0.0,19,72.755192
0.0,2,72.758848
0.0,13,72.782679
0.0,23,72.824831
0.0,2,72.829021
0.0,8,72.856883
0.0,5,72.88043
0.0,5,72.942403
0.0,8,73.01531
0.0,2,73.018585
1.0,10,73.144568
0.0,2,73.157717
0.0,13,73.225124
0.0,16,73.267237
0.0,8,73.291516
0.0,6,73.310766
0.0,13,73.352548
0.0,8,73.37549
0.0,12,73.456632
0.0,2,73.492427
0.0,7,73.517193
0.0,30,73.934929
0.0,7,73.948087
0.0,6,73.962266
0.0,8,74.109952
0.0,6,74.18901
0.0,40,74.459004
0.0,6,74.471466
0.0,7,74.497162
0.0,13,74.591281
0.0,4,74.605552
0.0,4,74.611408
0.0,9,74.688956
0.0,5,74.750644
0.0,14,74.84607
0.0,16,74.917123
0.0,21,74.968697
1.0,11,75.02643
0.0,8,75.04705
0.0,13,75.095118
0.0,6,75.115501
0.0,13,75.168398
0.0,2,75.172149
0.0,15,75.235386
0.0,9,75.275815
0.0,12,75.310814
0.0,3,75.320215
0.0,3,75.33954
0.0,6,75.367287
1.0,21,75.493568
0.0,16,75.578322
0.0,3,75.584583
0.0,8,75.845557
0.0,21,76.016563
0.0,7,76.074492
0.0,12,76.128097
0.0,12,76.150021
0.0,14,76.180424
0.0,3,76.187248
0.0,7,76.203175
0.0,2,76.237938
0.0,9,76.293015
0.0,13,76.356573
0.0,5,76.37153
0.0,2,76.377151
0.0,7,76.390604
0.0,10,76.42214
0.0,34,76.551926
0.0,11,76.578521
0.0,14,76.605065
0.0,9,76.631066
0.0,2,76.637096
0.0,8,76.660244
0.0,14,76.697842
0.0,10,76.718838
0.0,10,76.739258
0.0,22,76.8238
0.0,7,76.838731
0.0,11,76.861995
0.0,24,76.911749
0.0,6,76.924041
0.0,30,76.992171
0.0,5,77.078996
0.0,12,77.220497
0.0,12,77.271261
0.0,8,77.307132
0.0,17,77.342694
0.0,17,77.383314
0.0,4,77.393675
0.0,17,77.443931
0.0,4,77.45597
0.0,17,77.495471
0.0,5,77.504012
0.0,3,77.509445
0.0,12,77.913212
0.0,7,78.051343
0.0,5,78.059144
0.0,13,78.133241
0.0,10,78.185076
0.0,2,78.198254
0.0,4,78.266713
0.0,12,78.325064
0.0,4,78.386209
0.0,3,78.39812
0.0,4,78.429295
0.0,6,78.479173
0.0,8,78.515797
0.0,8,78.551365
0.0,5,78.579275
0.0,8,78.609162
0.0,10,78.653475
1.0,6,78.706887
0.0,12,78.800698
0.0,3,78.842765
0.0,8,78.881977
0.0,6,78.917807
0.0,6,78.929283
0.0,5,78.937378
0.0,7,78.999613
0.0,21,79.093735
0.0,3,79.099095
0.0,7,79.12745
0.0,4,79.15178
0.0,9,79.190706
0.0,14,79.250206
0.0,2,79.256033
0.0,16,79.29808
0.0,8,79.318995
0.0,2,79.323424
0.0,3,79.329937
0.0,13,79.357566
0.0,12,79.383228
0.0,16,79.417148
0.0,9,79.436347
0.0,4,79.457986
0.0,6,79.543231
0.0,5,79.558314
0.0,2,79.609222
0.0,8,79.728836
0.0,11,80.045945
0.0,7,80.096883
0.0,3,80.103988
0.0,7,80.120242
0.0,11,80.168339
0.0,6,80.247228
0.0,7,80.266994
0.0,3,80.275362
0.0,6,80.285317
0.0,5,80.293195
0.0,9,80.329368
0.0,11,80.400005
0.0,28,80.551421
0.0,7,80.562946
0.0,18,80.647552
0.0,6,80.670908
0.0,5,80.685822
0.0,4,80.693248
0.0,3,80.698684
0.0,6,80.713217
0.0,8,80.731327
0.0,2,80.737313
0.0,7,80.757358
0.0,6,80.775965
0.0,7,80.805589
0.0,6,80.828223
0.0,14,80.871721
0.0,5,80.882443
0.0,5,80.892324
0.0,2,80.89596
0.0,5,80.906465
0.0,4,80.915256
0.0,2,80.919634
0.0,3,80.926174
0.0,5,80.937178
0.0,26,81.117831
0.0,2,81.12172
0.0,10,81.140088
0.0,6,81.186481
0.0,25,81.397186
0.0,9,81.416601
0.0,11,81.464514
0.0,8,81.52673
0.0,9,81.545478
0.0,15,81.621711
0.0,5,81.630759
0.0,2,81.641425
0.0,5,81.68804
0.0,6,81.9433
0.0,4,81.999817
0.0,8,82.079506
0.0,5,82.095448
0.0,5,82.10377
0.0,7,82.118812
0.0,4,82.145678
0.0,24,82.350914
0.0,10,82.407566
0.0,8,82.451384
0.0,4,82.54894
0.0,4,82.599514
0.0,2,82.612758
0.0,12,82.685063
0.0,9,82.745488
0.0,5,82.763149
0.0,12,82.826816
0.0,4,82.838613
0.0,7,82.856345
0.0,10,82.891687
0.0,9,82.913529
0.0,7,82.939857
0.0,4,82.954067
0.0,2,82.961211
0.0,9,82.998231
0.0,8,83.031636
0.0,11,83.153092
0.0,31,83.412899
0.0,16,83.44852
0.0,4,83.497594
0.0,10,83.522858
0.0,8,83.548037
0.0,4,83.589239
0.0,5,83.603958
0.0,5,83.656909
0.0,12,83.731459
0.0,4,83.738138
0.0,6,83.945171
0.0,4,84.054998
0.0,12,84.145779
0.0,15,84.257542
0.0,14,84.345977
0.0,2,84.356425
0.0,6,84.405066
0.0,17,84.519494
0.0,16,84.561152
0.0,15,84.602278
0.0,4,84.621227
0.0,5,84.631184
0.0,4,84.643306
0.0,8,84.69253
0.0,3,84.719822
0.0,13,84.819646
0.0,34,84.897482
0.0,10,84.917446
0.0,4,84.924966
0.0,5,84.935289
0.0,9,85.006766
0.0,4,85.020415
0.0,3,85.030753
0.0,8,85.054956
0.0,3,85.063797
0.0,5,85.075401
0.0,14,85.107908
0.0,13,85.167757
0.0,4,85.240145
0.0,3,85.244211
0.0,8,85.272158
0.0,3,85.277444
0.0,2,85.280868
0.0,5,85.2893
0.0,4,85.296073
0.0,3,85.301175
0.0,14,85.324786
0.0,4,85.331471
0.0,8,85.344954
0.0,21,85.456462
0.0,5,85.467403
0.0,3,85.473889
0.0,5,85.518478
0.0,3,85.530801
0.0,3,85.560972
0.0,3,85.591245
0.0,7,85.692112
0.0,8,85.711946
0.0,7,85.728276
0.0,10,85.772413
0.0,19,86.121853
0.0,3,86.162447
0.0,5,86.21056
0.0,2,86.22136
0.0,15,86.248919
0.0,19,86.354304
0.0,11,86.408607
0.0,35,86.585661
0.0,5,86.606987
0.0,11,86.655024
0.0,2,86.663547
0.0,6,86.673155
0.0,5,86.681161
0.0,9,86.698236
0.0,4,86.706529
0.0,13,86.733279
0.0,14,86.763769
0.0,6,86.776873
0.0,16,86.814301
0.0,5,86.830221
0.0,4,86.870986
0.0,19,86.908023
0.0,27,86.969649
0.0,13,86.999428
0.0,9,87.118518
0.0,3,87.133425
0.0,6,87.198587
0.0,4,87.215634
0.0,6,87.225952
0.0,29,87.286215
0.0,9,87.309116
0.0,10,87.338511
0.0,7,87.359362
0.0,8,87.383868
0.0,6,87.40261
0.0,9,87.430842
0.0,2,87.437451
0.0,13,87.485819
0.0,4,87.499304
0.0,22,87.647159
0.0,9,87.677427
0.0,14,87.725994
0.0,3,87.736965
0.0,5,87.755162
0.0,13,87.798803
0.0,7,87.812462
0.0,16,88.072397
0.0,4,88.1101
0.0,5,88.147168
0.0,4,88.153994
0.0,2,88.190015
0.0,6,88.230148
0.0,4,88.259984
0.0,7,88.285385
0.0,6,88.322465
0.0,9,88.375159
0.0,6,88.386616
0.0,23,88.493107
0.0,4,88.558725
0.0,9,88.627564
0.0,13,88.701714
0.0,2,88.704548
0.0,17,88.734092
0.0,6,88.755394
0.0,6,88.771719
0.0,13,88.841646
0.0,7,88.862813
0.0,9,88.887863
0.0,13,88.943355
0.0,7,88.964786
1.0,14,89.026696
0.0,16,89.08121
0.0,10,89.097078
0.0,12,89.131183
0.0,15,89.189977
0.0,8,89.207674
0.0,15,89.244529
0.0,6,89.286373
0.0,13,89.358292
0.0,5,89.377769
0.0,5,89.385983
0.0,8,89.437391
0.0,8,89.460083
0.0,8,89.481975
0.0,14,89.525481
1.0,6,89.539157
0.0,9,89.559813
0.0,7,89.645833
0.0,5,89.66881
0.0,4,89.722709
0.0,2,89.769772
0.0,3,89.782479
0.0,3,89.810807
0.0,3,89.848448
0.0,14,90.089347
0.0,8,90.196259
0.0,6,90.260737
0.0,4,90.268364
0.0,12,90.39877
0.0,10,90.474193
0.0,3,90.48667
0.0,6,90.505003
0.0,6,90.522673
0.0,12,90.562555
0.0,5,90.571441
0.0,20,90.62691
0.0,5,90.635117
0.0,9,90.658583
0.0,4,90.66534
0.0,3,90.670437
0.0,11,90.706379
0.0,4,90.76767
0.0,5,90.787856
0.0,5,90.796713
0.0,5,90.805511
0.0,9,90.821378
0.0,10,90.847051
1.0,14,90.886121
0.0,9,90.901372
0.0,11,90.919982
0.0,17,90.94856
0.0,8,90.961806
0.0,23,91.029385
0.0,8,91.085973
0.0,4,91.138768
0.0,16,91.232146
1.0,6,91.243408
0.0,32,91.500293
0.0,8,91.527688
0.0,9,91.600448
0.0,5,91.617967
0.0,5,91.645
0.0,2,91.64839
0.0,16,91.690693
0.0,2,91.694236
0.0,15,91.722057
0.0,6,91.734877
0.0,10,91.755983
0.0,8,91.772821
0.0,11,91.808358
0.0,15,92.197477
0.0,13,92.219689
0.0,20,92.416285
0.0,8,92.478652
0.0,9,92.49724
0.0,5,92.513152
0.0,12,92.558265
0.0,5,92.58051
0.0,6,92.597162
0.0,12,92.623599
0.0,9,92.665557
0.0,16,92.706707
0.0,6,92.724916
0.0,7,92.746426
0.0,10,92.767953
0.0,7,92.779703
0.0,25,92.872759
0.0,3,92.880736
0.0,13,92.920998
0.0,5,92.93661
0.0,3,92.941722
0.0,22,93.066806
0.0,8,93.085469
0.0,9,93.105172
0.0,7,93.122074
0.0,20,93.162481
0.0,5,93.173374
0.0,4,93.183269
0.0,5,93.195675
0.0,17,93.266349
0.0,11,93.28634
0.0,15,93.340523
0.0,4,93.349702
0.0,5,93.357873
0.0,2,93.361349
0.0,10,93.387861
0.0,9,93.438758
0.0,39,93.56647
0.0,5,93.577189
0.0,10,93.598432
0.0,24,93.643913
0.0,8,93.668754
0.0,22,93.825818
0.0,4,93.837515
0.0,4,93.847757
0.0,4,93.857947
0.0,9,93.932221
0.0,9,94.24129
0.0,8,94.261863
0.0,6,94.324471
0.0,6,94.357756
0.0,11,94.39486
0.0,8,94.414045
0.0,4,94.428442
0.0,6,94.472925
0.0,3,94.524732
0.0,11,94.563883
0.0,5,94.57277
0.0,25,94.651754
0.0,14,94.692912
0.0,14,94.845038
0.0,6,94.904304
0.0,6,94.982552
0.0,7,94.996056
0.0,3,95.002969
0.0,9,95.023364
0.0,19,95.093473
0.0,12,95.1181
0.0,5,95.127307
0.0,10,95.16052
0.0,9,95.182215
0.0,12,95.212364
0.0,17,95.263693
0.0,12,95.292466
0.0,3,95.299668
0.0,12,95.327578
0.0,14,95.371725
0.0,11,95.399574
0.0,13,95.451544
0.0,21,95.579824
0.0,9,95.638635
0.0,16,95.679609
0.0,4,95.688608
0.0,11,95.719044
0.0,7,95.741545
0.0,18,95.778819
1.0,9,95.814368
0.0,10,95.848298
0.0,13,95.887267
0.0,26,96.104883
0.0,8,96.309854
0.0,4,96.357913
0.0,2,96.371171
0.0,7,96.429398
0.0,4,96.462529
0.0,18,96.664958
0.0,2,96.676182
0.0,5,96.684595
0.0,7,96.736025
0.0,17,96.859079
0.0,6,96.870374
0.0,20,96.915362
0.0,11,96.947796
0.0,14,96.987784
1.0,9,97.013408
0.0,4,97.025439
0.0,5,97.039607
0.0,14,97.130039
0.0,12,97.219244
0.0,3,97.248282
0.0,59,97.455374
0.0,14,97.485729
0.0,3,97.492292
0.0,15,97.528161
0.0,7,97.540277
0.0,3,97.545399
0.0,3,97.550519
0.0,8,97.563935
0.0,15,97.58881
0.0,9,97.683837
0.0,20,97.805971
0.0,11,97.833052
0.0,10,97.857427
0.0,3,97.863584
0.0,4,97.890234
0.0,5,97.998711
0.0,9,98.306255
0.0,13,98.524102
0.0,2,98.535091
0.0,3,98.549293
0.0,11,98.621589
0.0,25,98.709659
0.0,2,98.713848
0.0,10,98.737248
0.0,28,98.845337
0.0,6,98.863026
0.0,9,98.922586
0.0,3,98.932472
0.0,17,99.071598
0.0,3,99.07627
0.0,32,99.2672
0.0,15,99.396634
0.0,10,99.481671
0.0,13,99.588355
0.0,20,99.668568
0.0,17,99.800746
0.0,3,99.805145
0.0,8,99.831944
0.0,17,99.896184
0.0,3,99.9117
0.0,3,99.916564
0.0,4,99.931002
0.0,2,99.934468
0.0,11,100.018239
0.0,15,100.273515
0.0,2,100.289324
0.0,2,100.324764
0.0,8,100.420772
0.0,5,100.479094
0.0,3,100.486507
0.0,10,100.510168
0.0,9,100.532293
0.0,10,100.611305
0.0,6,100.699986
0.0,10,100.715433
0.0,4,100.743704
0.0,2,100.748045
0.0,4,100.755378
0.0,6,100.765656
0.0,4,100.77276
0.0,5,100.781634
0.0,2,100.786277
0.0,3,100.794334
0.0,9,100.818075
0.0,11,100.849876
0.0,10,100.882066
0.0,4,100.889753
0.0,2,100.89492
0.0,4,100.919574
0.0,11,100.956982
0.0,2,100.964576
0.0,3,100.975084
0.0,9,101.005696
0.0,3,101.016248
0.0,3,101.026805
0.0,20,101.095846
0.0,8,101.111789
0.0,3,101.118358
0.0,3,101.126427
0.0,3,101.134953
0.0,6,101.214164
0.0,2,101.227255
0.0,4,101.25889
0.0,11,101.347386
0.0,11,101.439653
0.0,3,101.461074
0.0,7,101.473707
0.0,8,101.510855
0.0,8,101.584639
0.0,9,101.615437
0.0,5,101.625147
0.0,3,101.630814
0.0,7,101.64388
0.0,11,101.668154
0.0,5,101.685114
0.0,11,101.721529
0.0,2,101.72894
0.0,7,101.744096
0.0,2,101.747857
0.0,2,101.751669
0.0,13,101.838175
0.0,3,101.850251
0.0,11,101.900878
0.0,6,101.91201
0.0,10,101.931572
0.0,11,101.963692
0.0,10,101.992646
0.0,3,102.001419
0.0,2,102.007375
0.0,5,102.021849
0.0,10,102.047277
0.0,4,102.05468
0.0,4,102.062325
0.0,6,102.073391
0.0,7,102.086384
0.0,10,102.349273
0.0,9,102.491106
0.0,2,102.494628
0.0,3,102.504061
0.0,8,102.527594
0.0,2,102.532037
0.0,4,102.546141
0.0,6,102.590365
0.0,4,102.619329
0.0,5,102.661012
0.0,2,102.664406
0.0,22,102.789322
0.0,15,102.858663
0.0,5,102.866107
0.0,7,102.892107
0.0,3,102.941352
0.0,5,102.957076
0.0,6,102.97571
0.0,4,102.98197
0.0,6,102.998604
0.0,9,103.014858
0.0,18,103.053512
0.0,7,103.077657
0.0,4,103.086857
0.0,2,103.093495
0.0,2,103.100001
0.0,3,103.117802
0.0,4,103.124615
0.0,3,103.135979
0.0,5,103.156864
0.0,3,103.165958
0.0,2,103.178633
0.0,6,103.198095
0.0,4,103.215369
0.0,12,103.259965
0.0,7,103.298336
0.0,3,103.323274
0.0,4,103.331321
0.0,6,103.340759
0.0,10,103.377905
0.0,9,103.393779
0.0,3,103.399082
0.0,3,103.40642
0.0,4,103.416604
0.0,2,103.42674
0.0,8,103.447172
0.0,8,103.467588
0.0,5,103.480534
0.0,6,103.495829
0.0,2,103.500917
0.0,11,103.537435
0.0,18,103.650405
0.0,5,103.697175
0.0,5,103.745318
0.0,6,103.76702
0.0,6,103.799948
0.0,8,103.811198
0.0,16,103.88772
0.0,9,103.903346
0.0,7,103.930065
0.0,6,103.940278
0.0,5,103.956438
0.0,5,103.965826
0.0,9,104.006882
0.0,5,104.019538
0.0,3,104.028316
0.0,2,104.034272
0.0,4,104.05223
0.0,7,104.089553
0.0,2,104.10666
0.0,4,104.122011
0.0,5,104.32479
0.0,5,104.393121
0.0,3,104.429315
0.0,3,104.433968
0.0,3,104.438154
0.0,5,104.543674
0.0,4,104.623141
0.0,14,104.734549
0.0,5,104.785326
0.0,5,104.791223
0.0,7,104.799549
0.0,6,104.807173
0.0,8,104.829916
0.0,7,104.851169
0.0,3,104.857004
0.0,2,104.86085
0.0,3,104.866403
0.0,4,104.873135
0.0,6,104.888835
0.0,5,104.91166
0.0,21,105.012131
0.0,23,105.127958
0.0,9,105.145104
0.0,11,105.172109
0.0,4,105.186969
0.0,6,105.19842
0.0,5,105.207758
0.0,7,105.221293
0.0,7,105.235078
0.0,11,105.256514
0.0,6,105.268188
0.0,6,105.280183
0.0,4,105.288353
0.0,6,105.300461
0.0,2,105.304493
0.0,4,105.312685
0.0,7,105.326508
0.0,10,105.348645
0.0,3,105.354605
0.0,5,105.364105
0.0,7,105.391999
0.0,2,105.395927
0.0,10,105.448668
0.0,2,105.471462
0.0,3,105.509561
0.0,4,105.516966
0.0,7,105.529986
0.0,5,105.539464
0.0,9,105.556357
0.0,8,105.620665
0.0,3,105.626404
0.0,3,105.632177
0.0,8,105.654876
0.0,7,105.675517
0.0,2,105.688131
0.0,3,105.694123
0.0,4,105.705657
0.0,3,105.714471
0.0,27,105.78217
0.0,4,105.798409
0.0,6,105.83477
0.0,9,105.870033
0.0,6,105.957615
0.0,7,105.975486
0.0,3,105.987969
0.0,8,106.051046
0.0,3,106.091143
0.0,13,106.145149
0.0,5,106.351851
0.0,7,106.452363
0.0,4,106.521016
0.0,2,106.535114
0.0,7,106.559685
0.0,4,106.566443
0.0,2,106.569677
0.0,28,106.724022
0.0,8,106.742434
0.0,6,106.778358
0.0,10,106.815312
0.0,4,106.841727
0.0,2,106.852768
0.0,6,106.877365
0.0,11,106.972907
0.0,11,107.049582
0.0,7,107.061613
0.0,7,107.074291
0.0,12,107.105252
0.0,2,107.110344
0.0,8,107.130905
0.0,6,107.146237
0.0,2,107.15608
0.0,3,107.163733
0.0,7,107.181448
0.0,12,107.316831
0.0,2,107.319549
0.0,12,107.387545
0.0,6,107.398971
0.0,3,107.404844
0.0,4,107.412418
0.0,10,107.499098
0.0,6,107.544014
0.0,10,107.630409
0.0,4,107.65718
0.0,4,107.665764
0.0,3,107.672458
0.0,10,107.707668
0.0,4,107.723387
0.0,9,107.804033
0.0,4,107.835086
0.0,8,107.881353
0.0,9,107.94661
0.0,6,107.965175
0.0,3,107.980991
0.0,4,107.997114
0.0,4,108.015793
0.0,8,108.052337
0.0,5,108.075968
0.0,4,108.083978
0.0,7,108.102721
0.0,4,108.117008
0.0,3,108.125131
0.0,7,108.137585
0.0,11,108.196884
0.0,14,108.538502
0.0,9,108.577085
0.0,4,108.611197
0.0,3,108.626138
0.0,2,108.635816
0.0,3,108.666317
0.0,5,108.681782
0.0,3,108.70411
0.0,9,108.730752
0.0,6,108.744926
0.0,5,108.754998
0.0,2,108.77204
1.0,24,108.913771
0.0,6,108.925683
0.0,5,108.940505
0.0,11,108.973355
0.0,10,109.003333
0.0,18,109.114793
0.0,14,109.210723
0.0,12,109.297451
0.0,12,109.407498
1.0,22,109.547504
0.0,28,109.616718
0.0,10,109.643662
0.0,11,109.705233
0.0,21,109.819813
0.0,9,109.835103
0.0,6,109.84596
0.0,2,109.849528
0.0,18,109.964071
0.0,12,110.041048
0.0,23,110.135262
0.0,5,110.157238
0.0,5,110.186454
0.0,9,110.226105
0.0,4,110.24025
0.0,7,110.519872
0.0,5,110.613291
0.0,5,110.680331
0.0,3,110.730494
0.0,9,110.772398
0.0,2,110.779861
0.0,11,110.829856
0.0,11,110.864941
0.0,8,110.879916
0.0,5,110.889315
0.0,6,110.900973
0.0,5,110.910751
0.0,5,110.920532
0.0,7,110.93715
0.0,3,110.944466
0.0,20,111.135537
0.0,6,111.205785
0.0,6,111.221491
0.0,14,111.35906
0.0,9,111.380982
0.0,24,111.464356
0.0,4,111.541443
0.0,6,111.550218
0.0,9,111.571845
0.0,12,111.590739
0.0,8,111.60657
0.0,5,111.621125
0.0,6,111.637271
0.0,12,111.678801
0.0,3,111.684144
0.0,3,111.688881
0.0,4,111.6982
0.0,5,111.720657
0.0,3,111.725783
0.0,5,111.7415
0.0,2,111.748325
0.0,3,111.754634
0.0,7,111.782724
0.0,3,111.79408
1.0,9,111.808894
0.0,11,111.844919
0.0,18,111.932733
0.0,7,111.949187
0.0,4,111.964378
0.0,17,112.014164
0.0,6,112.029187
0.0,4,112.043839
0.0,8,112.069545
0.0,25,112.2091
0.0,3,112.234345
0.0,3,112.247772
0.0,4,112.261541
0.0,8,112.281033
0.0,2,112.471856
0.0,4,112.556273
1.0,11,112.660925
0.0,32,112.747481
0.0,9,112.763541
0.0,12,112.784775
0.0,4,112.791953
0.0,5,112.845911
0.0,3,112.863995
0.0,20,112.926563
0.0,3,112.934633
0.0,41,113.158277
0.0,9,113.17558
0.0,7,113.188611
0.0,15,113.238405
0.0,25,113.281169
0.0,22,113.329552
0.0,18,113.451479
0.0,69,113.820016
0.0,12,113.936288
0.0,7,113.978179
0.0,20,114.098066
0.0,7,114.199366
0.0,8,114.213037
0.0,9,114.229719
0.0,22,114.623849
0.0,2,114.658261
0.0,2,114.673555
0.0,3,114.750077
0.0,6,114.801726
0.0,3,114.809249
0.0,8,114.828923
0.0,5,114.845505
0.0,12,114.919387
0.0,4,114.931174
0.0,20,115.162455
0.0,11,115.267012
0.0,8,115.288146
0.0,7,115.300823
0.0,4,115.307491
0.0,4,115.314425
0.0,9,115.3309
0.0,4,115.338131
0.0,10,115.405196
0.0,8,115.440399
0.0,8,115.479529
0.0,9,115.513248
0.0,11,115.560239
0.0,4,115.567819
0.0,6,115.579385
0.0,6,115.60008
0.0,3,115.604899
0.0,4,115.622263
0.0,14,115.646942
0.0,6,115.658604
0.0,14,115.69138
0.0,16,115.755857
0.0,22,115.845228
0.0,6,115.86172
0.0,5,115.869056
0.0,12,115.946163
0.0,2,115.949343
0.0,3,115.955182
0.0,9,115.994498
0.0,2,116.019887
0.0,11,116.073207
0.0,2,116.091733
0.0,4,116.111611
0.0,9,116.138195
0.0,7,116.170571
0.0,8,116.185341
0.0,9,116.201792
0.0,9,116.225008
0.0,2,116.230206
0.0,5,116.24309
0.0,4,116.249522
0.0,3,116.254055
0.0,11,116.532395
0.0,6,116.585133
0.0,3,116.625223
0.0,5,116.653949
0.0,9,116.719035
0.0,4,116.760669
0.0,4,116.797155
0.0,16,116.847189
0.0,4,116.861054
0.0,4,116.871327
0.0,13,116.91971
0.0,11,116.971201
0.0,2,116.974
0.0,8,117.009162
0.0,5,117.024659
0.0,8,117.048772
0.0,4,117.063169
0.0,12,117.100245
0.0,13,117.147206
0.0,4,117.17398
0.0,5,117.185898
0.0,8,117.210898
0.0,11,117.253285
0.0,4,117.273247
0.0,4,117.284127
0.0,5,117.312908
0.0,5,117.340465
0.0,7,117.39465
0.0,7,117.408087
0.0,5,117.417705
0.0,14,117.460966
0.0,11,117.502469
0.0,7,117.527452
0.0,6,117.538296
0.0,8,117.552715
0.0,7,117.567287
0.0,5,117.578504
0.0,5,117.591997
0.0,9,117.615343
0.0,12,117.642141
0.0,3,117.648896
0.0,10,117.67102
0.0,12,117.697718
0.0,7,117.713228
0.0,6,117.726488
0.0,11,117.808759
0.0,11,117.87318
0.0,20,117.966827
0.0,23,118.027009
0.0,8,118.060713
0.0,3,118.077426
0.0,10,118.177741
0.0,6,118.196566
0.0,9,118.213909
0.0,2,118.225231
0.0,4,118.259498
0.0,4,118.27389
0.0,6,118.28344
0.0,4,118.320276
0.0,8,118.34818
0.0,5,118.356594
0.0,2,118.359503
0.0,5,118.379495
0.0,6,118.625173
0.0,12,118.736901
0.0,5,118.78766
0.0,2,118.791176
0.0,3,118.796525
0.0,5,118.812248
0.0,5,118.857218
0.0,5,118.922546
0.0,3,118.934026
0.0,5,118.983753
0.0,10,119.020432
0.0,2,119.023768
0.0,7,119.071434
0.0,3,119.09625
0.0,6,119.131999
0.0,7,119.149612
0.0,4,119.160134
0.0,2,119.169155
0.0,2,119.172143
0.0,5,119.18101
0.0,9,119.215811
0.0,6,119.224951
0.0,2,119.228252
0.0,12,119.250859
0.0,9,119.284829
0.0,6,119.327981
0.0,6,119.369298
0.0,7,119.401062
0.0,3,119.41843
0.0,3,119.423401
0.0,4,119.431
0.0,3,119.44323
0.0,3,119.47698
0.0,12,119.519687
0.0,6,119.549214
0.0,2,119.562606
0.0,5,119.577596
0.0,5,119.588084
0.0,12,119.636192
0.0,5,119.678478
0.0,7,119.732884
0.0,4,119.751545
0.0,4,119.761699
0.0,3,119.776942
0.0,2,119.781391
0.0,5,119.806503
0.0,3,119.832671
0.0,14,119.866391
0.0,10,119.902122
0.0,5,119.911079
0.0,4,119.922664
0.0,2,119.925909
0.0,3,119.930585
0.0,11,119.949797
0.0,8,119.984152
0.0,4,120.000731
0.0,11,120.042459
0.0,3,120.048981
0.0,2,120.052577
0.0,6,120.063352
0.0,3,120.068751
0.0,17,120.174867
0.0,6,120.184613
0.0,9,120.218779
0.0,5,120.234397
0.0,4,120.24053
0.0,30,120.630034
0.0,7,120.777458
0.0,14,120.853806
0.0,7,120.866177
0.0,3,120.871413
0.0,2,120.875111
0.0,2,120.878694
0.0,6,120.889166
0.0,4,120.89626
0.0,5,120.906404
0.0,17,120.935752
0.0,3,120.940977
0.0,9,120.956699
0.0,7,121.014874
0.0,7,121.036733
0.0,5,121.044858
0.0,3,121.049338
0.0,10,121.120337
0.0,3,121.127485
0.0,5,121.147416
0.0,4,121.194307
0.0,5,121.210523
0.0,10,121.231122
0.0,2,121.235558
0.0,3,121.24224
0.0,2,121.246277
0.0,6,121.256299
0.0,5,121.265447
0.0,4,121.274431
0.0,6,121.287951
0.0,6,121.298886
0.0,12,121.337227
0.0,10,121.355074
0.0,10,121.372633
0.0,13,121.395219
0.0,4,121.402163
0.0,7,121.472221
0.0,4,121.487359
0.0,8,121.566401
0.0,19,121.698517
0.0,5,121.708855
0.0,6,121.717493
0.0,2,121.728397
0.0,9,121.759643
0.0,5,121.766167
0.0,12,121.808759
0.0,7,121.844483
0.0,3,121.855952
0.0,9,121.904729
0.0,11,121.951936
0.0,4,121.957001
0.0,6,121.989447
0.0,2,121.99288
0.0,4,122.006801
0.0,7,122.021113
0.0,11,122.044774
0.0,4,122.068457
0.0,12,122.123137
0.0,5,122.139864
0.0,21,122.19359
0.0,22,122.258702
0.0,16,122.330168
0.0,6,122.362514
0.0,7,122.382046
0.0,9,122.426636
0.0,3,122.4384
0.0,5,122.446778
0.0,3,122.459423
0.0,56,123.11327
0.0,6,123.142398
0.0,15,123.173993
0.0,3,123.181022
0.0,3,123.185235
0.0,21,123.224944
0.0,13,123.254534
0.0,28,123.33182
0.0,12,123.361903
0.0,25,123.469708
0.0,16,123.635288
0.0,21,123.756767
0.0,12,123.779055
0.0,10,123.864548
0.0,6,123.888176
0.0,16,123.950195
0.0,21,124.119243
0.0,23,124.242155
0.0,5,124.261162
0.0,4,124.271156
0.0,12,124.29326
0.0,6,124.307253
0.0,3,124.319942
0.0,2,124.323113
0.0,13,124.372088
0.0,14,124.474478
0.0,4,124.488266
0.0,8,124.504419
0.0,9,124.780753
0.0,14,124.874974
0.0,11,124.942691
0.0,7,124.954654
0.0,9,125.018231
0.0,5,125.03953
0.0,9,125.097615
0.0,2,125.105282
0.0,4,125.142449
0.0,3,125.172301
0.0,8,125.198969
0.0,3,125.204686
0.0,5,125.214083
0.0,10,125.349572
0.0,2,125.374728
0.0,5,125.45644
0.0,14,125.562117
0.0,3,125.578176
0.0,13,125.605184
0.0,6,125.621415
0.0,18,125.674825
0.0,4,125.693909
0.0,5,125.71725
0.0,3,125.741129
0.0,4,125.75785
0.0,7,125.795815
0.0,4,125.808553
0.0,7,125.844603
0.0,4,125.856778
0.0,2,125.860575
0.0,14,125.92838
0.0,4,125.942349
0.0,7,125.978086
0.0,7,126.004953
0.0,4,126.015164
0.0,4,126.022559
0.0,2,126.026293
0.0,23,126.098375
0.0,3,126.107812
0.0,9,126.136246
0.0,9,126.1615
0.0,5,126.197697
0.0,2,126.2235
0.0,4,126.277217
0.0,4,126.312725
0.0,4,126.364231
0.0,8,126.49657
0.0,3,126.544586
0.0,13,126.868299
0.0,5,126.926938
0.0,7,126.994108
1.0,12,127.096784
0.0,18,127.13
0.0,12,127.158578
0.0,3,127.167307
0.0,7,127.187023
0.0,3,127.196001
0.0,16,127.243074
0.0,4,127.257114
0.0,4,127.270911
0.0,11,127.29472
0.0,4,127.303157
0.0,4,127.318648
0.0,8,127.459751
0.0,15,127.585882
0.0,8,127.681576
0.0,6,127.702022
0.0,6,127.748179
0.0,4,127.765159
0.0,2,127.778007
0.0,5,127.793907
0.0,10,127.812483
0.0,2,127.816608
0.0,2,127.820436
0.0,6,127.832213
0.0,6,127.850665
0.0,4,127.862263
0.0,17,127.913217
0.0,7,127.960494
0.0,4,128.024212
0.0,6,128.049145
0.0,3,128.061872
0.0,6,128.084084
0.0,18,128.252533
0.0,16,128.31113
0.0,5,128.335598
0.0,9,128.398216
0.0,2,128.408898
0.0,8,128.430865
0.0,7,128.488057
0.0,14,128.534807
0.0,8,128.550004
0.0,35,128.996814
0.0,4,129.006182
0.0,7,129.025266
0.0,9,129.042414
0.0,13,129.117732
0.0,18,129.230835
0.0,6,129.256604
0.0,10,129.297168
0.0,6,129.331606
0.0,6,129.371566
0.0,5,129.387212
0.0,5,129.400353
0.0,2,129.403858
0.0,3,129.410129
0.0,10,129.430032
0.0,13,129.460545
0.0,6,129.521268
0.0,14,129.551483
0.0,2,129.562659
1.0,15,129.679506
0.0,6,129.750195
0.0,7,129.771142
0.0,3,129.788077
0.0,4,129.797408
0.0,2,129.80092
0.0,2,129.804502
0.0,11,129.873304
0.0,18,129.927694
0.0,5,129.943997
0.0,3,129.953883
0.0,3,129.963636
0.0,2,129.968367
0.0,7,129.994121
0.0,2,129.998283
0.0,9,130.030504
0.0,27,130.255433
0.0,4,130.26974
0.0,6,130.321415
0.0,3,130.381473
0.0,9,130.441021
0.0,12,130.486438
0.0,4,130.502677
0.0,2,130.506444
0.0,4,130.521033
0.0,5,130.532824
0.0,9,130.549405
0.0,4,130.556906
0.0,5,130.566319
0.0,6,130.581194
0.0,6,130.598586
0.0,6,130.616318
0.0,4,130.767867
0.0,4,130.830594
0.0,6,130.872614
0.0,4,130.923277
0.0,4,130.974007
0.0,6,130.998004
0.0,9,131.061525
0.0,6,131.080145
0.0,8,131.103293
0.0,2,131.106731
0.0,11,131.140656
0.0,2,131.151026
0.0,9,131.167749
0.0,9,131.19084
0.0,4,131.200773
0.0,6,131.242934
0.0,9,131.263603
0.0,6,131.27296
0.0,2,131.275968
0.0,8,131.312589
0.0,3,131.324936
0.0,5,131.348117
0.0,3,131.353641
0.0,5,131.362581
0.0,3,131.379488
0.0,3,131.385554
0.0,6,131.40772
0.0,2,131.428324
0.0,8,131.449447
0.0,3,131.474829
0.0,4,131.486956
0.0,2,131.491882
0.0,4,131.513295
0.0,5,131.527173
0.0,11,131.563599
0.0,8,131.600373
0.0,2,131.603381
0.0,8,131.616803
0.0,9,131.683423
0.0,11,131.707285
0.0,6,131.728112
0.0,2,131.731532
0.0,54,131.97501
0.0,3,131.999937
0.0,4,132.008544
0.0,4,132.025169
0.0,7,132.071373
0.0,2,132.10297
0.0,14,132.161293
0.0,17,132.234774
0.0,16,132.266591
0.0,6,132.292757
0.0,9,132.319524
0.0,10,132.345839
0.0,2,132.353885
0.0,2,132.360142
0.0,6,132.378201
0.0,26,132.440514
0.0,4,132.450937
0.0,16,132.617874
0.0,5,132.628667
0.0,18,132.921822
0.0,5,133.002197
0.0,13,133.084393
0.0,25,133.157954
0.0,10,133.181247
0.0,4,133.189305
0.0,17,133.237302
0.0,3,133.316074
0.0,3,133.332945
0.0,7,133.3678
0.0,4,133.37598
0.0,10,133.396086
0.0,5,133.406635
0.0,5,133.416706
0.0,5,133.425872
0.0,3,133.432186
0.0,10,133.457772
0.0,4,133.468005
0.0,3,133.475702
0.0,5,133.488765
0.0,8,133.509318
0.0,8,133.529721
0.0,4,133.539861
0.0,4,133.549998
0.0,8,133.570404
0.0,2,133.575583
0.0,5,133.587453
0.0,5,133.595297
0.0,8,133.694039
0.0,10,133.802932
0.0,11,133.873861
0.0,5,133.903061
0.0,4,133.916782
0.0,5,133.956953
0.0,6,133.986321
0.0,3,133.99853
0.0,5,134.010243
0.0,16,134.05687
0.0,21,134.135503
0.0,3,134.140563
0.0,7,134.152135
0.0,4,134.158787
0.0,3,134.163871
0.0,4,134.196264
0.0,2,134.219262
0.0,8,134.252445
0.0,6,134.284612
0.0,5,134.318838
0.0,5,134.350032
0.0,4,134.372606
0.0,10,134.389062
0.0,6,134.399395
0.0,5,134.410687
0.0,6,134.422822
0.0,5,134.433517
0.0,20,134.476006
0.0,4,134.490411
0.0,6,134.556302
0.0,14,134.676236
0.0,4,134.683251
0.0,7,134.701212
0.0,4,134.972991
0.0,5,135.071165
0.0,9,135.166992
0.0,5,135.211854
0.0,4,135.222645
0.0,4,135.237172
0.0,5,135.258994
0.0,5,135.269925
0.0,10,135.287988
0.0,2,135.293202
0.0,4,135.310631
0.0,10,135.405589
0.0,8,135.48857
0.0,11,135.539128
0.0,5,135.549976
0.0,4,135.558707
0.0,7,135.573723
0.0,19,135.645072
0.0,5,135.684749
0.0,2,135.691753
0.0,16,135.843415
0.0,10,135.873924
0.0,7,135.90955
0.0,10,135.976926
0.0,9,135.993688
0.0,3,135.999424
0.0,4,136.006883
0.0,5,136.026472
0.0,11,136.048129
0.0,2,136.054077
0.0,9,136.079983
0.0,2,136.08598
0.0,6,136.103289
0.0,5,136.118044
0.0,9,136.143947
0.0,6,136.161315
0.0,3,136.170155
0.0,15,136.221715
0.0,7,136.257036
0.0,11,136.27601
0.0,3,136.281238
0.0,10,136.298366
0.0,4,136.305255
0.0,9,136.320545
0.0,2,136.324091
0.0,2,136.364073
0.0,15,136.465946
0.0,4,136.508404
0.0,4,136.575743
0.0,5,136.634526
0.0,5,136.665388
0.0,11,136.962821
0.0,5,137.028855
0.0,9,137.044413
0.0,5,137.053197
0.0,3,137.108376
0.0,7,137.205505
0.0,6,137.258757
0.0,5,137.269351
0.0,9,137.312368
0.0,4,137.343986
0.0,3,137.374561
0.0,9,137.429484
0.0,28,137.497357
0.0,7,137.529571
0.0,21,137.607738
0.0,5,137.620802
0.0,3,137.626386
0.0,7,137.647181
0.0,9,137.681174
0.0,15,137.747041
0.0,5,137.769303
0.0,17,137.823028
0.0,4,137.836347
0.0,2,137.843276
0.0,4,137.85672
0.0,4,137.87061
0.0,4,137.884012
0.0,4,137.897347
0.0,3,137.90658
0.0,11,137.937609
0.0,3,137.956568
0.0,4,137.978057
0.0,7,138.026678
0.0,10,138.152761
0.0,9,138.176373
0.0,5,138.231534
0.0,5,138.260203
0.0,9,138.273674
0.0,2,138.276738
0.0,14,138.339715
0.0,9,138.353455
0.0,11,138.389634
0.0,3,138.396319
0.0,9,138.44623
0.0,13,138.484627
0.0,3,138.496894
0.0,4,138.505516
0.0,6,138.534423
0.0,3,138.56041
0.0,15,138.608101
0.0,13,138.631032
0.0,11,138.650233
0.0,38,138.727813
0.0,15,139.057463
0.0,7,139.118074
0.0,4,139.133016
0.0,9,139.200593
0.0,3,139.223682
0.0,9,139.280423
0.0,7,139.437928
0.0,7,139.478653
0.0,7,139.538065
0.0,6,139.592055
0.0,3,139.596607
0.0,7,139.608498
0.0,10,139.625764
0.0,8,139.648788
0.0,6,139.65982
0.0,5,139.672248
0.0,20,139.758891
0.0,9,139.801467
0.0,3,139.826372
0.0,3,139.835762
0.0,4,139.859668
0.0,7,139.87663
0.0,2,139.880062
0.0,8,139.896537
0.0,3,139.902807
0.0,19,140.063541
0.0,12,140.110069
0.0,8,140.126953
0.0,3,140.133296
0.0,10,140.154158
0.0,6,140.205492
0.0,3,140.235151
0.0,9,140.283813
0.0,8,140.304242
0.0,6,140.340122
0.0,3,140.353568
0.0,8,140.380516
0.0,12,140.490451
0.0,7,140.509555
0.0,11,140.542497
0.0,3,140.547702
0.0,3,140.556951
0.0,4,140.575669
0.0,3,140.580836
0.0,7,140.592849
0.0,5,140.603675
0.0,5,140.621742
0.0,3,140.682671
0.0,3,140.695754
0.0,2,140.706702
0.0,5,140.723582
0.0,11,140.744412
0.0,10,140.76393
0.0,12,140.794923
0.0,3,140.802607
0.0,7,141.002679
0.0,2,141.057477
0.0,4,141.192477
0.0,6,141.258644
0.0,4,141.272828
0.0,3,141.280212
0.0,10,141.327165
0.0,4,141.358033
0.0,3,141.385701
0.0,5,141.401003
0.0,4,141.410819
0.0,3,141.44456
0.0,4,141.451732
0.0,7,141.463739
0.0,6,141.474909
0.0,6,141.519376
0.0,12,141.555909
0.0,9,141.573619
0.0,3,141.582596
0.0,4,141.598261
0.0,7,141.621635
0.0,5,141.638121
0.0,3,141.647651
0.0,13,141.69155
0.0,14,141.738722
0.0,9,141.819312
0.0,3,141.832017
0.0,4,141.86184
1.0,14,141.897093
1.0,23,141.939589
1.0,16,141.969338
0.0,10,141.989418
0.0,6,142.003668
0.0,3,142.011096
0.0,3,142.018324
0.0,17,142.055542
0.0,6,142.072247
0.0,31,142.273345
0.0,8,142.309733
0.0,6,142.328106
0.0,10,142.371935
0.0,3,142.383551
0.0,7,142.457931
0.0,4,142.490282
0.0,14,142.516042
0.0,5,142.528899
0.0,24,142.589705
0.0,17,142.63617
0.0,11,142.667872
0.0,16,142.702243
0.0,6,142.745832
0.0,2,142.757973
0.0,14,142.826529
0.0,8,142.849562
0.0,2,143.040118
0.0,9,143.157794
0.0,4,143.21782
0.0,10,143.261611
0.0,5,143.297485
0.0,3,143.302604
0.0,17,143.402821
0.0,5,143.422479
0.0,4,143.434067
0.0,25,143.587232
0.0,4,143.609301
0.0,25,143.667242
0.0,17,143.696658
0.0,13,143.719078
0.0,6,143.729574
0.0,22,143.828469
0.0,19,143.986868
0.0,17,144.01848
0.0,16,144.06294
0.0,15,144.108337
0.0,10,144.137086
0.0,12,144.16171
0.0,16,144.221267
0.0,11,144.337888
0.0,14,144.521974
0.0,10,144.539152
0.0,33,144.595648
0.0,20,144.685784
0.0,22,144.832896
0.0,16,144.876654
0.0,7,145.137887
0.0,41,145.319768
1.0,15,145.419436
0.0,18,145.565778
0.0,24,145.66495
0.0,22,145.719406
0.0,11,145.737963
0.0,6,145.755672
0.0,5,145.776531
0.0,5,145.790312
0.0,8,145.811079
0.0,3,145.822152
0.0,4,145.837417
0.0,2,145.841476
0.0,8,145.853244
0.0,10,145.892708
0.0,8,145.930232
0.0,11,145.984239
0.0,7,146.057299
0.0,17,146.176478
0.0,13,146.213822
0.0,17,146.3154
0.0,10,146.345669
0.0,4,146.359993
0.0,13,146.437126
0.0,3,146.444412
0.0,3,146.449144
0.0,7,146.467795
0.0,28,146.603153
0.0,6,146.620891
0.0,12,146.641278
0.0,4,146.648249
0.0,8,146.687473
0.0,6,146.712582
0.0,28,146.782042
0.0,4,146.789585
0.0,26,146.85978
0.0,2,146.864453
0.0,28,146.912041
0.0,12,147.198659
0.0,2,147.210188
0.0,16,147.338651
0.0,31,147.395071
0.0,7,147.407081
0.0,10,147.424172
0.0,6,147.43444
0.0,17,147.515383
0.0,2,147.519061
0.0,36,147.680831
0.0,14,147.799041
0.0,5,147.812081
0.0,8,147.832609
0.0,3,147.840247
0.0,9,147.863569
0.0,5,147.882935
0.0,9,147.947903
0.0,4,147.982689
0.0,17,148.023566
0.0,9,148.079874
0.0,8,148.140366
0.0,8,148.188035
0.0,31,148.36289
0.0,12,148.456686
0.0,9,148.599229
0.0,7,148.675511
0.0,17,148.791558
0.0,27,148.926448
0.0,20,149.283738
0.0,4,149.305146
0.0,3,149.348373
0.0,13,149.406217
0.0,22,149.519533
0.0,7,149.547627
0.0,5,149.556223
0.0,2,149.559685
0.0,10,149.579109
0.0,17,149.620728
0.0,6,149.631598
0.0,4,149.644009
0.0,13,149.753242
0.0,8,149.772104
0.0,8,149.790529
0.0,9,149.808102
0.0,2,149.811976
0.0,11,149.846919
0.0,4,149.881957
0.0,9,149.924144
0.0,5,149.940397
0.0,7,149.953232
0.0,2,149.956468
0.0,9,150.048644
0.0,18,150.143219
0.0,7,150.157906
0.0,4,150.168902
0.0,4,150.180048
0.0,5,150.193749
0.0,11,150.223841
0.0,3,150.231928
0.0,4,150.242997
0.0,4,150.260329
0.0,4,150.284418
0.0,2,150.296751
0.0,14,150.34374
0.0,7,150.355719
0.0,2,150.359219
0.0,7,150.371167
0.0,2,150.374703
0.0,13,150.418288
0.0,4,150.425311
0.0,12,150.535003
0.0,8,150.593309
0.0,13,150.617567
0.0,4,150.630894
0.0,15,150.675026
0.0,4,150.687628
0.0,2,150.693631
0.0,10,150.722311
0.0,7,150.742459
0.0,12,150.770197
0.0,15,150.873102
0.0,4,150.9091
0.0,2,150.923689
0.0,5,150.935638
0.0,9,150.952067
0.0,6,150.963568
0.0,3,150.969516
0.0,3,150.975481
0.0,4,150.982174
0.0,5,150.990749
0.0,13,151.214287
0.0,5,151.320355
0.0,5,151.416501
0.0,5,151.455154
0.0,4,151.462185
0.0,7,151.505479
0.0,3,151.518886
0.0,2,151.545733
0.0,2,151.55257
0.0,4,151.577664
0.0,7,151.620425
0.0,4,151.635092
0.0,8,151.659917
0.0,2,151.663023
0.0,5,151.67851
0.0,5,151.687949
0.0,2,151.691972
0.0,20,151.753165
0.0,3,151.767106
1.0,16,151.848164
0.0,4,151.859651
0.0,6,151.87893
0.0,9,151.908123
0.0,7,151.930541
0.0,12,151.989256
0.0,19,152.234013
0.0,11,152.322708
0.0,4,152.339437
0.0,3,152.345176
0.0,4,152.352885
0.0,2,152.364092
0.0,3,152.371281
0.0,8,152.386416
0.0,3,152.391713
0.0,16,152.424056
0.0,12,152.444513
0.0,5,152.464173
0.0,3,152.475683
0.0,12,152.529324
0.0,39,152.627473
0.0,13,152.669491
0.0,11,152.711832
0.0,14,152.74131
0.0,17,152.839834
1.0,10,152.921247
0.0,8,152.947525
0.0,4,152.953179
0.0,27,153.044464
0.0,10,153.345757
0.0,53,153.659847
0.0,6,153.679363
0.0,27,153.745343
0.0,7,153.760669
0.0,5,153.771657
0.0,4,153.780435
0.0,20,153.823821
0.0,8,153.840989
0.0,25,153.911764
0.0,13,154.034923
0.0,8,154.156857
0.0,35,154.275473
0.0,6,154.323553
0.0,4,154.345524
0.0,15,154.403057
0.0,9,154.432755
0.0,18,154.478059
0.0,43,154.607671
0.0,6,154.618227
0.0,43,154.737778
0.0,5,154.775314
0.0,24,154.897247
0.0,15,154.963047
0.0,2,154.968725
0.0,7,154.989443
0.0,2,155.005827
0.0,4,155.027043
0.0,4,155.033547
0.0,7,155.058782
0.0,5,155.066881
0.0,6,155.273206
0.0,2,155.314958
0.0,19,155.522441
0.0,3,155.535317
0.0,6,155.565321
0.0,11,155.605044
0.0,4,155.618659
0.0,2,155.622049
0.0,3,155.642375
0.0,8,155.703544
0.0,4,155.716782
0.0,3,155.721826
0.0,3,155.758646
0.0,4,155.861971
0.0,3,155.866738
0.0,2,155.877993
0.0,3,155.883606
0.0,4,155.89067
0.0,6,155.9038
1.0,7,155.925097
0.0,3,155.931498
0.0,6,155.962021
0.0,4,155.973265
0.0,3,155.980313
0.0,6,155.997015
0.0,5,156.017994
0.0,4,156.037496
0.0,7,156.050675
0.0,10,156.077065
0.0,3,156.081755
0.0,3,156.087903
0.0,3,156.093371
0.0,7,156.104495
0.0,8,156.118559
0.0,3,156.123928
0.0,13,156.14671
0.0,3,156.152363
0.0,6,156.16364
0.0,2,156.167483
0.0,3,156.173269
0.0,21,156.266357
0.0,3,156.274266
0.0,18,156.317277
0.0,11,156.343507
0.0,14,156.386956
0.0,9,156.408853
0.0,5,156.422796
0.0,14,156.4994
0.0,5,156.516785
0.0,6,156.529886
0.0,12,156.551024
0.0,8,156.567798
0.0,14,156.606007
0.0,4,156.617708
0.0,15,156.685458
0.0,17,156.873816
1.0,30,156.974922
0.0,4,156.997641
0.0,4,157.019983
0.0,17,157.084186
0.0,13,157.110688
0.0,11,157.383664
0.0,10,157.48976
0.0,6,157.526291
0.0,50,157.788265
0.0,19,157.856996
0.0,21,157.944082
0.0,16,158.035974
0.0,12,158.262477
0.0,6,158.300132
0.0,8,158.392792
0.0,8,158.449503
0.0,7,158.496483
0.0,12,158.532879
0.0,26,158.676232
0.0,6,158.707406
0.0,8,158.726441
0.0,8,158.862837
0.0,2,158.873699
0.0,13,158.919724
0.0,17,158.953436
0.0,14,158.993253
0.0,17,159.115066
0.0,28,159.522155
0.0,2,159.53296
0.0,4,159.585412
0.0,8,159.65786
0.0,4,159.664861
0.0,3,159.677027
0.0,9,159.727895
0.0,4,159.779663
0.0,2,159.783227
0.0,6,159.795774
0.0,9,159.81528
0.0,9,159.857965
0.0,5,159.899283
0.0,3,159.90425
1.0,19,160.050408
0.0,13,160.216632
0.0,8,160.273225
0.0,22,160.354218
0.0,27,160.510824
0.0,3,160.536364
0.0,7,160.592211
0.0,7,160.614805
0.0,6,160.642539
0.0,4,160.652475
0.0,13,160.675071
0.0,2,160.679008
0.0,4,160.688779
0.0,6,160.701466
0.0,2,160.705603
0.0,2,160.709715
0.0,11,160.731769
0.0,23,160.797345
0.0,11,160.878265
1.0,43,160.991759
0.0,4,160.998969
0.0,15,161.089367
0.0,3,161.0943
0.0,5,161.16608
0.0,8,161.387973
0.0,7,161.534906
0.0,7,161.557215
0.0,5,161.567863
0.0,3,161.581396
0.0,4,161.608093
0.0,10,161.662026
0.0,7,161.673734
0.0,8,161.687106
0.0,9,161.759262
0.0,7,161.776833
0.0,15,161.842898
0.0,9,161.873232
0.0,12,161.894111
0.0,17,161.943919
0.0,5,161.958784
0.0,4,161.970675
0.0,9,161.997202
0.0,2,162.003093
0.0,5,162.017771
0.0,6,162.04845
0.0,10,162.173376
0.0,8,162.232837
0.0,8,162.275369
0.0,3,162.284727
0.0,14,162.345986
0.0,4,162.367267
0.0,27,162.456478
0.0,8,162.500844
0.0,11,162.516406
1.0,10,162.576579
0.0,4,162.587724
0.0,4,162.616393
0.0,3,162.637149
0.0,7,162.710963
0.0,4,162.718492
0.0,3,162.724068
0.0,23,162.778778
0.0,23,162.943566
1.0,8,162.956681
0.0,8,162.977719
0.0,8,162.992393
0.0,15,163.030619
0.0,5,163.039127
0.0,4,163.046076
0.0,15,163.081532
0.0,3,163.089077
0.0,22,163.419255
0.0,9,163.585275
0.0,3,163.599159
0.0,7,163.688427
0.0,10,163.797041
1.0,15,163.900531
0.0,18,163.968178
0.0,2,163.972027
0.0,10,163.997965
0.0,4,164.023108
0.0,6,164.080184
0.0,9,164.118958
0.0,10,164.138715
0.0,52,164.425504
0.0,3,164.431253
0.0,7,164.449368
0.0,4,164.461608
0.0,13,164.498129
0.0,9,164.535089
0.0,5,164.54938
0.0,15,164.575714
0.0,9,164.590596
0.0,2,164.593999
0.0,3,164.599086
0.0,5,164.607368
0.0,4,164.676467
0.0,5,164.690882
0.0,14,164.768797
0.0,5,164.829635
0.0,9,164.890992
0.0,4,164.897377
0.0,3,164.902526
0.0,4,164.930687
0.0,10,164.949278
0.0,5,164.958567
0.0,11,164.987585
0.0,2,164.994824
0.0,16,165.043683
0.0,5,165.067177
0.0,12,165.211384
0.0,16,165.539642
0.0,2,165.589207
0.0,6,165.626941
0.0,3,165.631707
0.0,3,165.63669
0.0,8,165.651815
0.0,7,165.666234
0.0,2,165.670272
0.0,3,165.676527
0.0,6,165.702938
0.0,10,165.730307
0.0,8,165.747766
0.0,2,165.751311
0.0,3,165.75656
0.0,3,165.761763
0.0,4,165.769988
0.0,4,165.808589
0.0,3,165.813031
0.0,3,165.818763
0.0,6,165.889787
0.0,3,165.903688
0.0,4,165.910307
0.0,8,165.924862
0.0,12,165.958
0.0,13,165.99165
0.0,4,165.998775
0.0,3,166.005755
0.0,5,166.018509
0.0,5,166.031302
0.0,10,166.056691
0.0,8,166.077702
0.0,2,166.082856
0.0,5,166.09452
0.0,15,166.166871
0.0,2,166.205349
0.0,4,166.250988
0.0,6,166.26093
0.0,4,166.267755
0.0,8,166.28116
0.0,7,166.292873
0.0,16,166.383424
0.0,5,166.467788
1.0,28,166.577261
0.0,3,166.58437
0.0,3,166.592687
0.0,7,166.648872
0.0,24,166.75982
0.0,3,166.772246
0.0,7,166.792277
0.0,6,166.816341
0.0,7,166.836575
0.0,9,166.88342
0.0,8,166.934783
0.0,27,167.094972
0.0,6,167.12053
0.0,6,167.137937
0.0,14,167.182838
0.0,3,167.191316
0.0,12,167.212368
0.0,10,167.245346
0.0,5,167.273636
0.0,2,167.292369
0.0,7,167.311208
0.0,2,167.497475
0.0,3,167.518703
0.0,4,167.583569
0.0,4,167.628153
0.0,4,167.641314
0.0,2,167.680495
0.0,7,167.713468
0.0,4,167.720974
0.0,7,167.754031
0.0,7,167.790123
0.0,6,167.821147
0.0,5,167.847334
0.0,5,167.882377
0.0,6,167.942648
0.0,11,168.002892
0.0,17,168.036228
0.0,5,168.047646
0.0,12,168.085603
0.0,5,168.10738
0.0,3,168.123399
0.0,3,168.13552
0.0,2,168.138619
0.0,4,168.161853
0.0,5,168.195176
0.0,7,168.224035
0.0,7,168.235929
0.0,4,168.298579
0.0,4,168.330693
0.0,2,168.333432
0.0,2,168.350394
0.0,5,168.44324
0.0,5,168.499011
0.0,19,168.53873
0.0,7,168.551447
0.0,3,168.556999
0.0,5,168.566336
0.0,12,168.598954
0.0,9,168.614633
0.0,2,168.618678
0.0,11,168.63981
0.0,3,168.64555
0.0,3,168.651436
0.0,11,168.674752
0.0,18,168.714097
0.0,4,168.725757
0.0,8,168.738901
1.0,30,168.892773
0.0,9,168.960756
0.0,4,168.970944
0.0,4,168.981178
0.0,8,169.019137
0.0,7,169.044134
0.0,3,169.049497
0.0,4,169.086499
0.0,9,169.102282
0.0,5,169.110121
0.0,27,169.168436
0.0,30,169.278514
0.0,13,169.302993
0.0,8,169.320013
0.0,35,169.845055
0.0,13,169.924718
0.0,36,170.048035
0.0,27,170.136256
0.0,25,170.255597
0.0,11,170.412403
0.0,4,170.482579
0.0,17,170.566757
0.0,20,170.614787
0.0,15,170.649239
0.0,6,170.664535
0.0,24,170.725976
0.0,13,170.75927
0.0,3,170.766916
0.0,11,170.879579
0.0,2,170.883518
0.0,15,170.995071
0.0,25,171.135253
0.0,7,171.154995
0.0,14,171.204189
0.0,3,171.219929
0.0,26,171.304122
0.0,12,171.330105
0.0,2,171.335492
0.0,5,171.350694
0.0,3,171.372394
0.0,11,171.689512
0.0,15,171.845612
0.0,16,171.980365
0.0,3,172.02492
0.0,7,172.046505
1.0,10,172.086551
0.0,14,172.148331
0.0,2,172.15081
0.0,4,172.158839
0.0,3,172.162878
0.0,4,172.168205
0.0,12,172.205681
1.0,26,172.305692
0.0,10,172.352994
0.0,6,172.362864
0.0,3,172.367711
0.0,19,172.406286
0.0,12,172.442143
0.0,9,172.510088
0.0,11,172.5293
0.0,42,172.617005
0.0,14,172.646715
0.0,9,172.665879
0.0,15,172.744835
0.0,3,172.805284
0.0,17,172.947601
0.0,11,172.979106
0.0,30,173.082276
0.0,9,173.209334
0.0,5,173.303376
0.0,9,173.386368
0.0,4,173.404603
0.0,8,173.662174
1.0,7,173.767363
0.0,3,173.820796
0.0,17,173.939245
0.0,2,173.942549
0.0,7,173.953689
0.0,5,173.96905
0.0,8,173.996474
0.0,10,174.014038
0.0,2,174.018352
0.0,10,174.039687
0.0,17,174.075883
0.0,2,174.08023
0.0,5,174.090949
0.0,5,174.101573
0.0,2,174.105475
0.0,14,174.132109
0.0,6,174.248751
0.0,3,174.268996
0.0,12,174.379879
0.0,3,174.389716
0.0,2,174.393492
0.0,9,174.410236
0.0,10,174.428934
0.0,2,174.43394
0.0,4,174.445557
0.0,2,174.451577
0.0,13,174.488611
0.0,10,174.511143
0.0,2,174.51493
0.0,10,174.53809
0.0,7,174.554842
0.0,4,174.564321
0.0,5,174.574878
0.0,6,174.585381
0.0,7,174.596851
0.0,5,174.605288
0.0,13,174.628485
0.0,9,174.729403
0.0,5,174.739924
0.0,7,174.814362
0.0,3,174.819676
0.0,2,174.823279
0.0,4,174.838416
0.0,2,174.849495
0.0,4,174.887366
0.0,2,174.900994
0.0,3,174.942459
0.0,6,174.962041
0.0,7,174.989775
0.0,4,175.030334
0.0,2,175.045943
0.0,3,175.053754
0.0,4,175.108409
0.0,15,175.208508
0.0,3,175.218001
0.0,9,175.231942
0.0,5,175.240685
0.0,5,175.249088
0.0,2,175.252577
0.0,4,175.258828
0.0,16,175.301352
0.0,12,175.395949
0.0,10,175.412159
0.0,6,175.426424
0.0,24,175.817087
0.0,6,175.828144
0.0,15,175.878299
0.0,8,175.906154
0.0,3,175.918808
0.0,2,175.923639
0.0,9,175.960923
0.0,4,175.967342
0.0,2,175.970758
0.0,7,175.996327
0.0,5,176.012427
0.0,2,176.02071
0.0,6,176.056073
0.0,8,176.089283
0.0,7,176.100232
0.0,5,176.153153
0.0,9,176.215183
0.0,8,176.245139
0.0,3,176.256158
0.0,2,176.267717
0.0,5,176.322897
0.0,3,176.335672
1.0,14,176.396668
0.0,7,176.414758
0.0,6,176.426235
0.0,2,176.430047
0.0,3,176.435888
0.0,3,176.441882
0.0,3,176.452302
0.0,16,176.508165
0.0,6,176.529918
0.0,13,176.574155
0.0,8,176.689647
0.0,6,176.779262
0.0,16,176.896244
0.0,2,176.899763
0.0,8,176.943279
0.0,2,176.954338
0.0,10,176.978309
0.0,5,176.989459
0.0,9,177.005238
0.0,6,177.017537
0.0,4,177.029016
0.0,4,177.048505
0.0,6,177.071502
0.0,10,177.106588
0.0,4,177.122503
0.0,2,177.156262
0.0,10,177.187637
0.0,8,177.22226
0.0,8,177.27141
0.0,5,177.29544
0.0,8,177.366164
0.0,6,177.389453
0.0,29,177.471575
0.0,2,177.475792
0.0,2,177.4806
0.0,9,177.695089
0.0,9,177.804263
0.0,9,177.890879
0.0,5,177.95027
0.0,3,178.015569
0.0,6,178.035073
0.0,8,178.054127
1.0,18,178.109117
0.0,6,178.129881
0.0,14,178.167111
0.0,14,178.285639
0.0,4,178.302993
0.0,7,178.319528
0.0,9,178.362143
0.0,4,178.369346
0.0,2,178.381025
0.0,2,178.387923
0.0,4,178.398392
0.0,3,178.403389
0.0,9,178.42611
0.0,4,178.445663
0.0,9,178.497056
0.0,15,178.551242
0.0,11,178.605527
0.0,2,178.610907
0.0,12,178.633402
0.0,8,178.64842
1.0,28,178.710828
0.0,5,178.723195
0.0,5,178.809875
0.0,15,178.907126
0.0,8,178.978328
0.0,10,179.010219
0.0,19,179.088547
0.0,6,179.128168
0.0,11,179.242305
0.0,16,179.397396
0.0,4,179.414398
0.0,4,179.443877
0.0,10,179.462015
0.0,2,179.465728
0.0,18,179.505837
0.0,5,179.517674
0.0,27,179.907655
0.0,8,179.949721
0.0,16,180.090234
0.0,17,180.193921
0.0,20,180.332858
0.0,20,180.495315
0.0,3,180.500297
0.0,4,180.514687
0.0,4,180.522449
0.0,7,180.533963
0.0,2,180.537233
0.0,3,180.541763
0.0,2,180.55243
0.0,8,180.586511
0.0,8,180.616631
0.0,6,180.640199
0.0,2,180.657231
0.0,8,180.675637
0.0,4,180.7075
0.0,4,180.717378
0.0,5,180.730246
0.0,14,180.768923
0.0,18,180.867776
0.0,22,180.925589
0.0,5,180.942612
0.0,7,180.954531
0.0,3,180.973685
0.0,5,180.982942
0.0,4,180.997316
0.0,7,181.023001
1.0,19,181.118275
0.0,3,181.125339
0.0,6,181.141176
0.0,9,181.164829
0.0,61,181.531548
0.0,7,181.789831
0.0,12,181.876027
0.0,2,181.902424
0.0,5,181.909365
0.0,8,181.923472
0.0,2,181.927175
0.0,9,181.967001
0.0,16,182.006694
0.0,7,182.024996
0.0,5,182.050325
0.0,37,182.204138
0.0,3,182.243542
0.0,10,182.284719
0.0,6,182.305578
0.0,15,182.379034
0.0,15,182.426857
0.0,6,182.437949
0.0,3,182.443659
0.0,31,182.545076
0.0,5,182.559032
0.0,5,182.573686
0.0,5,182.588051
0.0,2,182.593949
0.0,11,182.672627
0.0,3,182.720901
0.0,17,182.860916
0.0,3,182.872323
0.0,10,182.909585
0.0,14,182.932857
0.0,3,182.940835
1.0,8,182.963327
0.0,54,183.25457
0.0,2,183.2797
0.0,13,183.35994
0.0,9,183.393427
0.0,5,183.401889
0.0,9,183.424704
0.0,28,183.918346
0.0,3,183.971842
0.0,43,184.33465
0.0,13,184.394041
0.0,7,184.412086
0.0,7,184.439097
0.0,7,184.461805
0.0,12,184.579
0.0,6,184.601382
0.0,6,184.610234
0.0,10,184.635944
0.0,8,184.676152
0.0,18,184.763725
0.0,13,184.838004
0.0,5,184.847561
0.0,15,184.944393
0.0,10,185.012143
0.0,26,185.107346
0.0,6,185.127048
0.0,12,185.216712
0.0,19,185.310682
0.0,7,185.336698
0.0,15,185.370791
0.0,9,185.387864
0.0,6,185.400647
0.0,5,185.433835
0.0,2,185.437432
0.0,6,185.478694
0.0,8,185.511762
0.0,5,185.535609
0.0,5,185.544549
0.0,8,185.588471
0.0,6,185.617887
0.0,14,185.937334
0.0,3,185.942326
0.0,10,186.070007
0.0,19,186.307547
0.0,5,186.349255
0.0,3,186.361899
0.0,14,186.45315
0.0,4,186.463329
0.0,7,186.511693
0.0,11,186.56304
0.0,9,186.585849
0.0,9,186.60258
0.0,6,186.627961
0.0,4,186.63927
0.0,5,186.655128
0.0,9,186.674202
0.0,5,186.687042
0.0,20,186.736047
0.0,3,186.741805
0.0,5,186.752557
0.0,29,186.919748
0.0,2,186.931172
0.0,7,186.974758
0.0,16,187.116631
0.0,3,187.121259
0.0,3,187.14115
0.0,18,187.213394
0.0,3,187.218199
0.0,3,187.230592
0.0,9,187.301382
0.0,4,187.306592
0.0,6,187.31475
0.0,14,187.367933
0.0,9,187.380874
0.0,16,187.431885
0.0,9,187.565526
0.0,14,187.865464
0.0,3,187.887562
0.0,5,187.895118
0.0,8,187.966572
0.0,8,188.134331
0.0,4,188.153107
0.0,15,188.347756
0.0,5,188.363892
0.0,7,188.374608
0.0,9,188.503294
0.0,2,188.507218
0.0,6,188.527385
0.0,12,188.628878
0.0,8,188.670579
0.0,3,188.705369
0.0,19,188.794677
0.0,8,188.808573
0.0,4,188.817528
0.0,5,188.826847
0.0,3,188.843543
0.0,21,188.897928
0.0,7,188.924745
0.0,4,188.938619
0.0,2,188.944786
0.0,3,188.961873
0.0,5,188.980044
0.0,2,188.984058
0.0,12,189.066674
0.0,10,189.129186
0.0,17,189.242058
0.0,2,189.245274
0.0,7,189.262483
0.0,4,189.276648
0.0,2,189.280129
0.0,4,189.286804
0.0,7,189.315467
0.0,5,189.330416
0.0,2,189.334236
0.0,24,189.397445
0.0,6,189.419555
0.0,6,189.441025
0.0,2,189.448552
0.0,12,189.486441
0.0,7,189.499343
0.0,22,189.686291
0.0,7,189.923524
0.0,11,190.088236
0.0,5,190.137221
0.0,6,190.194405
0.0,3,190.214394
0.0,2,190.232746
1.0,12,190.283564
0.0,3,190.301436
0.0,6,190.314351
0.0,8,190.332317
0.0,24,190.423757
0.0,9,190.480827
0.0,4,190.496098
0.0,2,190.514951
0.0,4,190.568165
0.0,10,190.612336
0.0,8,190.686878
0.0,7,190.700369
0.0,4,190.708076
0.0,4,190.717694
0.0,8,190.739008
0.0,6,190.786211
0.0,5,190.824955
0.0,16,190.989968
0.0,18,191.18972
0.0,4,191.238268
0.0,8,191.29969
0.0,6,191.329204
0.0,5,191.344564
0.0,9,191.363885
0.0,6,191.38599
0.0,3,191.392094
0.0,2,191.395443
0.0,2,191.399687
0.0,2,191.402627
0.0,3,191.417966
0.0,4,191.425683
0.0,2,191.430231
0.0,5,191.454444
0.0,3,191.469735
0.0,13,191.541736
0.0,3,191.548139
0.0,6,191.590104
0.0,8,191.619585
0.0,3,191.625345
0.0,6,191.636748
0.0,4,191.644588
0.0,3,191.651013
0.0,3,191.659683
0.0,10,191.687972
0.0,6,191.706294
0.0,12,191.75067
0.0,14,192.095096
0.0,31,192.336408
0.0,14,192.442032
0.0,4,192.478032
1.0,11,192.567663
0.0,8,192.604157
0.0,5,192.614737
0.0,15,192.672411
0.0,2,192.675114
1.0,30,192.821321
0.0,11,192.918772
0.0,57,193.106068
0.0,39,193.213221
0.0,21,193.271004
0.0,11,193.316422
0.0,3,193.350502
0.0,13,193.45673
0.0,11,193.473989
0.0,8,193.494633
0.0,6,193.510019
0.0,6,193.528611
0.0,10,193.551466
0.0,7,193.562713
0.0,7,193.574162
1.0,18,193.608938
0.0,7,193.623253
0.0,8,193.639478
0.0,6,193.65797
0.0,8,193.737251
0.0,6,193.753196
0.0,7,193.796376
0.0,3,193.801147
0.0,11,194.104129
0.0,4,194.110011
0.0,9,194.154215
0.0,22,194.294254
0.0,14,194.316797
0.0,9,194.331954
0.0,2,194.335307
0.0,11,194.364146
0.0,8,194.386783
0.0,3,194.39727
0.0,15,194.469318
0.0,7,194.492994
0.0,10,194.520314
0.0,6,194.542968
0.0,11,194.578218
0.0,12,194.619096
0.0,7,194.654461
0.0,6,194.664508
0.0,11,194.695831
0.0,14,194.740653
0.0,15,194.790452
0.0,8,194.81725
0.0,3,194.827946
0.0,27,194.958362
0.0,20,195.164706
0.0,13,195.234283
0.0,2,195.238195
0.0,7,195.251422
0.0,8,195.318807
0.0,12,195.348003
0.0,8,195.363094
0.0,7,195.374485
0.0,5,195.382742
0.0,3,195.387671
0.0,3,195.399246
0.0,8,195.447818
0.0,9,195.478504
0.0,12,195.52952
0.0,6,195.561793
0.0,4,195.570923
0.0,9,195.594846
0.0,2,195.600251
0.0,5,195.613677
0.0,10,195.640346
0.0,16,195.813055
0.0,3,195.82629
0.0,12,196.143975
0.0,4,196.186832
0.0,16,196.250564
0.0,21,196.458857
0.0,3,196.464115
0.0,6,196.489259
0.0,3,196.493993
0.0,11,196.516375
0.0,4,196.526466
0.0,5,196.539154
0.0,3,196.546698
0.0,2,196.551742
0.0,3,196.558608
0.0,4,196.568672
0.0,2,196.573675
0.0,23,196.627123
0.0,14,196.655886
0.0,8,196.756742
0.0,12,196.827709
0.0,11,196.870272
0.0,3,196.9042
0.0,6,196.914518
0.0,4,196.921656
0.0,4,196.928581
0.0,4,196.938528
0.0,13,196.97072
0.0,4,196.980725
0.0,4,196.990721
0.0,3,196.998274
0.0,4,197.00818
0.0,4,197.016539
0.0,2,197.020052
0.0,2,197.023427
0.0,7,197.035027
0.0,2,197.038451
0.0,6,197.048429
0.0,11,197.066485
0.0,12,197.086036
0.0,2,197.089375
0.0,3,197.102358
0.0,5,197.188476
0.0,10,197.353445
0.0,7,197.435127
0.0,12,197.492441
0.0,5,197.529121
0.0,9,197.56168
0.0,8,197.580787
0.0,2,197.591851
0.0,2,197.599347
0.0,8,197.641473
0.0,4,197.655125
0.0,11,197.726279
0.0,4,197.767699
0.0,2,197.772476
0.0,13,197.800943
0.0,6,197.810813
0.0,7,197.823741
0.0,4,197.834681
0.0,8,198.059874
0.0,2,198.118291
0.0,4,198.17557
0.0,10,198.308555
0.0,6,198.348905
0.0,13,198.400208
0.0,4,198.466908
0.0,2,198.485194
0.0,16,198.584054
0.0,5,198.600778
0.0,5,198.624566
0.0,5,198.660718
0.0,10,198.686106
0.0,6,198.702591
0.0,4,198.713476
0.0,2,198.719024
0.0,5,198.73243
0.0,9,198.757008
0.0,6,198.781563
0.0,6,198.841927
0.0,9,198.896826
0.0,2,198.900049
0.0,5,198.922393
0.0,2,198.925347
0.0,4,198.931556
0.0,9,198.955577
0.0,10,198.983177
0.0,3,198.988252
0.0,5,198.998285
0.0,9,199.019262
0.0,19,199.075037
0.0,12,199.106992
0.0,5,199.118633
0.0,7,199.137492
0.0,4,199.148236
0.0,5,199.172202
1.0,8,199.240141
0.0,7,199.254636
0.0,3,199.266451
0.0,4,199.284593
0.0,3,199.317882
0.0,5,199.351906
0.0,11,199.4356
0.0,33,199.622927
0.0,5,199.639292
0.0,8,199.657111
0.0,29,199.733267
0.0,10,199.762594
0.0,3,199.77181
0.0,8,199.796011
0.0,6,199.8136
0.0,11,199.830657
0.0,5,199.850531
0.0,2,199.854104
0.0,7,199.866375
0.0,5,199.875183
0.0,7,199.902672
0.0,5,200.144434
0.0,9,200.294785
0.0,5,200.325091
0.0,12,200.502126
0.0,3,200.526269
0.0,2,200.538841
0.0,14,200.581917
0.0,3,200.610258
0.0,5,200.634104
1.0,18,200.690299
0.0,3,200.69702
0.0,2,200.69998
0.0,7,200.723032
0.0,8,200.763616
0.0,14,200.861375
0.0,4,200.875942
0.0,2,200.879244
0.0,7,200.904677
0.0,5,200.947674
0.0,10,200.971794
0.0,11,201.004568
0.0,5,201.022355
0.0,11,201.041828
0.0,11,201.097578
0.0,4,201.116994
0.0,2,201.135716
0.0,8,201.158159
0.0,5,201.172648
0.0,6,201.1902
1.0,12,201.224557
0.0,6,201.242252
0.0,21,201.309171
0.0,3,201.317813
0.0,10,201.38286
0.0,4,201.404629
0.0,8,201.434754
0.0,6,201.445809
0.0,7,201.507517
0.0,4,201.515129
0.0,15,201.542711
0.0,3,201.548405
0.0,5,201.558076
0.0,9,201.574643
0.0,2,201.578448
0.0,2,201.582234
0.0,5,201.591382
0.0,9,201.607426
0.0,5,201.616395
0.0,7,201.629082
0.0,2,201.632725
0.0,4,201.63997
0.0,2,201.650416
0.0,16,201.685291
0.0,5,201.696988
0.0,13,201.854
0.0,4,201.89244
0.0,15,202.341065
0.0,3,202.385236
0.0,8,202.405536
0.0,10,202.457381
0.0,4,202.486979
0.0,4,202.520705
0.0,6,202.531023
0.0,15,202.564533
0.0,12,202.584065
0.0,20,202.709985
0.0,11,202.730181
0.0,2,202.734043
0.0,15,202.777108
0.0,2,202.782999
1.0,23,202.845084
0.0,3,202.850913
0.0,6,202.927921
0.0,6,202.93836
0.0,6,202.949323
0.0,6,202.960336
0.0,3,202.966284
0.0,12,203.061429
0.0,14,203.098793
0.0,10,203.17872
0.0,7,203.216053
0.0,6,203.264677
0.0,9,203.296378
1.0,18,203.347238
0.0,13,203.393574
0.0,9,203.417597
0.0,12,203.484069
0.0,9,203.501323
0.0,25,203.566802
0.0,33,203.652298
0.0,7,203.667477
0.0,5,203.678448
0.0,3,203.685102
0.0,5,203.695851
0.0,4,203.70441
0.0,7,203.726482
0.0,21,203.823349
0.0,12,203.861699
0.0,43,204.34943
0.0,12,204.447411
0.0,5,204.498447
0.0,30,204.634767
0.0,10,204.661804
0.0,12,204.696733
0.0,29,204.82804
0.0,23,204.949266
0.0,8,204.987474
0.0,44,205.204918
0.0,4,205.226753
0.0,2,205.229932
0.0,9,205.253417
0.0,7,205.267763
0.0,3,205.272959
0.0,16,205.323323
0.0,16,205.37303
0.0,9,205.395689
0.0,16,205.442454
0.0,7,205.463576
0.0,3,205.472566
0.0,2,205.482474
0.0,3,205.491179
0.0,3,205.496822
0.0,13,205.575747
0.0,5,205.616676
0.0,17,205.713265
0.0,7,205.753082
0.0,5,205.761215
0.0,7,205.777358
0.0,10,205.821406
0.0,11,205.845767
0.0,9,205.860753
0.0,22,205.908214
0.0,18,206.245566
0.0,18,206.446002
0.0,9,206.548173
0.0,23,206.72206
0.0,9,206.771232
0.0,7,206.78302
1.0,36,206.980119
0.0,45,207.16565
0.0,18,207.276278
0.0,6,207.296108
0.0,24,207.37389
0.0,4,207.38244
0.0,9,207.40817
0.0,23,207.585186
0.0,23,207.66717
0.0,8,207.693873
0.0,10,207.725368
0.0,19,207.801953
1.0,11,207.903491
0.0,10,207.939425
0.0,9,207.986728
0.0,6,207.995875
0.0,15,208.05891
0.0,14,208.424719
0.0,10,208.458087
0.0,11,208.47856
0.0,17,208.573329
0.0,8,208.623928
0.0,14,208.678503
0.0,7,208.690538
0.0,15,208.723421
0.0,16,208.755155
1.0,20,208.826926
0.0,5,208.865802
0.0,20,208.953519
0.0,2,208.988338
0.0,7,209.010615
0.0,10,209.03943
0.0,10,209.070189
0.0,26,209.155594
0.0,23,209.236817
0.0,14,209.288403
0.0,8,209.303492
0.0,3,209.314732
0.0,16,209.364063
0.0,3,209.371722
0.0,8,209.388835
0.0,6,209.43832
0.0,2,209.441672
0.0,2,209.45222
0.0,2,209.46302
0.0,7,209.511522
0.0,4,209.51865
0.0,6,209.529427
0.0,9,209.552673
0.0,11,209.582369
0.0,2,209.58768
0.0,7,209.606332
0.0,4,209.617091
0.0,4,209.627815
0.0,2,209.633111
0.0,9,209.656592
0.0,6,209.725679
0.0,2,209.752493
0.0,9,209.869173
0.0,3,209.905976
0.0,6,209.961591
0.0,3,209.999905
0.0,24,210.503499
0.0,11,210.550161
0.0,10,210.571876
0.0,10,210.594441
0.0,4,210.603416
0.0,5,210.621381
0.0,3,210.654826
0.0,8,210.669779
0.0,8,210.684637
0.0,9,210.707269
0.0,4,210.714748
0.0,4,210.777139
0.0,11,210.81967
0.0,3,210.832168
0.0,5,210.859517
0.0,3,210.871588
0.0,15,211.004167
0.0,6,211.08491
0.0,8,211.184558
0.0,3,211.206307
0.0,4,211.22714
0.0,12,211.289398
0.0,6,211.30396
0.0,2,211.308992
0.0,6,211.327794
0.0,2,211.331297
0.0,19,211.365255
0.0,6,211.385048
0.0,2,211.388156
0.0,5,211.403215
0.0,7,211.414379
0.0,13,211.445525
0.0,5,211.466141
0.0,3,211.476544
0.0,11,211.565501
0.0,10,211.610211
0.0,7,211.65432
0.0,9,211.697681
0.0,3,211.71834
0.0,9,211.755359
0.0,2,211.759113
0.0,2,211.770706
0.0,7,211.79081
0.0,6,211.826674
0.0,3,211.836138
0.0,2,211.843282
0.0,2,211.847885
0.0,4,211.872348
0.0,4,211.880784
0.0,21,211.947488
0.0,21,212.039467
0.0,8,212.092104
0.0,3,212.104998
0.0,4,212.296602
0.0,2,212.343956
0.0,4,212.403496
0.0,4,212.440384
0.0,4,212.446571
0.0,5,212.454301
0.0,2,212.460335
0.0,3,212.483767
0.0,7,212.525863
0.0,4,212.532465
0.0,3,212.537708
0.0,4,212.560966
0.0,5,212.663546
0.0,2,212.706793
0.0,2,212.731539
0.0,18,212.769654
0.0,3,212.801791
0.0,12,212.828695
0.0,11,212.84608
0.0,3,212.858941
0.0,24,212.982349
0.0,12,213.009121
0.0,10,213.063204
0.0,7,213.097277
0.0,6,213.108326
0.0,5,213.124217
0.0,14,213.18971
0.0,4,213.206323
0.0,5,213.217604
0.0,11,213.265776
0.0,3,213.271071
0.0,3,213.304863
0.0,8,213.373916
0.0,7,213.420613
0.0,8,213.441806
0.0,9,213.474037
0.0,13,213.518331
0.0,18,213.566189
0.0,5,213.575164
0.0,8,213.599335
0.0,5,213.618382
0.0,6,213.636398
0.0,7,213.655785
0.0,17,213.725646
0.0,14,213.758739
0.0,13,213.808684
0.0,3,213.816046
0.0,6,213.833853
0.0,3,213.844116
0.0,7,213.867376
0.0,4,213.880992
0.0,4,213.894504
0.0,13,213.937585
1.0,14,214.00345
0.0,8,214.055737
0.0,2,214.067259
0.0,7,214.123015
0.0,2,214.128062
0.0,2,214.131794
0.0,2,214.136671
0.0,8,214.182288
0.0,4,214.378927
0.0,19,214.609439
0.0,4,214.645075
0.0,4,214.680618
0.0,10,214.778705
0.0,9,214.790899
0.0,10,214.816427
1.0,24,214.867795
0.0,8,214.886234
0.0,5,214.908821
1.0,12,214.950972
0.0,10,214.984764
0.0,17,215.019303
0.0,15,215.051138
0.0,9,215.077829
0.0,14,215.112286
0.0,4,215.125978
0.0,5,215.142921
0.0,21,215.21137
0.0,33,215.468599
0.0,3,215.47405
0.0,6,215.484836
0.0,17,215.597707
0.0,31,215.693634
0.0,16,215.790036
0.0,7,215.803013
0.0,4,215.81037
0.0,6,215.912447
0.0,16,216.094953
0.0,4,216.102657
0.0,15,216.21413
0.0,18,216.580154
0.0,30,216.745586
0.0,12,216.778684
0.0,12,216.818547
0.0,34,216.929647
0.0,23,217.067831
0.0,16,217.115889
0.0,12,217.151469
0.0,36,217.331125
1.0,12,217.384223
0.0,8,217.409019
0.0,5,217.423043
0.0,18,217.527311
0.0,6,217.545544
0.0,4,217.553315
0.0,10,217.625868
0.0,5,217.642967
0.0,22,217.693038
0.0,22,217.80938
0.0,3,217.8141
0.0,22,217.951603
0.0,11,217.984076
0.0,7,217.993319
0.0,19,218.037374
0.0,12,218.056393
0.0,12,218.127656
0.0,8,218.177314
0.0,11,218.193521
0.0,8,218.21296
0.0,8,218.233056
0.0,7,218.252419
0.0,27,218.711478
0.0,3,218.746315
0.0,22,218.850561
0.0,7,218.867608
0.0,7,218.880167
0.0,9,218.901236
0.0,12,218.972676
0.0,18,219.008404
0.0,9,219.029878
0.0,13,219.050288
0.0,25,219.114845
0.0,7,219.129163
0.0,10,219.154002
0.0,20,219.20375
0.0,13,219.242408
0.0,4,219.276495
0.0,10,219.363741
0.0,14,219.400131
0.0,13,219.435411
0.0,10,219.458842
0.0,10,219.492937
0.0,8,219.530005
0.0,7,219.541632
0.0,6,219.551639
0.0,5,219.560015
0.0,5,219.568347
0.0,8,219.581539
0.0,12,219.601223
0.0,5,219.609508
0.0,6,219.619491
0.0,5,219.627734
0.0,5,219.636005
1.0,15,219.760029
0.0,6,219.819958
0.0,7,219.867383
0.0,16,219.971468
0.0,10,219.987983
0.0,11,220.008483
0.0,11,220.068363
0.0,15,220.123512
0.0,19,220.207512
0.0,14,220.483865
0.0,3,220.536948
0.0,5,220.589991
0.0,6,220.656685
0.0,10,220.691469
0.0,3,220.696496
0.0,10,220.717468
0.0,16,220.756749
0.0,5,220.768997
0.0,3,220.776432
0.0,4,220.786227
0.0,4,220.79959
0.0,2,220.802702
0.0,6,220.81276
0.0,5,220.824146
0.0,4,220.834166
0.0,3,220.841612
0.0,4,220.856805
0.0,6,220.879887
0.0,4,220.915974
0.0,2,220.919473
0.0,5,220.928004
0.0,9,220.946772
0.0,13,220.974167
0.0,6,220.986682
0.0,6,220.99897
0.0,12,221.06629
0.0,8,221.1157
0.0,9,221.197542
1.0,16,221.234688
0.0,14,221.322332
0.0,2,221.32615
0.0,3,221.331827
0.0,2,221.335614
0.0,3,221.341179
0.0,4,221.348692
0.0,2,221.352517
0.0,10,221.370487
0.0,29,221.430172
0.0,7,221.44695
1.0,15,221.59301
0.0,4,221.601448
0.0,4,221.609738
0.0,15,221.686997
0.0,7,221.736986
0.0,7,221.785041
0.0,28,221.960843
0.0,6,221.971955
0.0,4,221.979373
0.0,9,222.004265
0.0,12,222.043069
0.0,5,222.057493
0.0,7,222.074145
0.0,54,222.247991
0.0,2,222.251576
0.0,7,222.274764
0.0,27,222.646259
0.0,9,222.66124
0.0,8,222.739263
0.0,10,222.783054
0.0,12,222.817802
0.0,8,222.873991
0.0,7,222.898407
0.0,2,222.929547
0.0,2,222.933372
1.0,31,223.048477
0.0,9,223.085679
0.0,7,223.10473
0.0,10,223.146539
0.0,5,223.164318
0.0,10,223.189438
0.0,6,223.206734
0.0,13,223.238619
0.0,4,223.246281
0.0,3,223.252025
0.0,12,223.29225
0.0,4,223.301239
0.0,4,223.308809
0.0,4,223.316015
0.0,14,223.402979
0.0,5,223.411408
0.0,22,223.473542
0.0,11,223.503596
0.0,6,223.515571
0.0,17,223.561614
0.0,7,223.581752
0.0,4,223.593411
0.0,5,223.60791
0.0,6,223.625284
0.0,4,223.637169
0.0,7,223.666469
0.0,3,223.681424
0.0,12,223.737731
0.0,30,223.814742
0.0,12,223.846074
0.0,6,223.856544
0.0,6,223.866969
0.0,16,223.936346
0.0,8,224.018317
0.0,5,224.027277
0.0,13,224.052424
0.0,10,224.074939
0.0,8,224.162846
0.0,3,224.222644
0.0,6,224.290963
0.0,6,224.320204
0.0,13,224.357974
0.0,17,224.658752
0.0,6,224.76813
0.0,41,224.997684
0.0,4,225.005475
0.0,19,225.067067
0.0,8,225.135669
0.0,7,225.235916
0.0,16,225.369688
0.0,4,225.382286
0.0,3,225.416726
1.0,12,225.494966
0.0,7,225.507545
0.0,11,225.529581
0.0,41,225.779561
0.0,8,225.820316
0.0,3,225.825709
0.0,5,225.85858
0.0,3,225.863919
0.0,10,225.897655
0.0,3,225.902533
0.0,40,226.027759
0.0,7,226.083954
0.0,7,226.132461
0.0,3,226.140718
0.0,10,226.226826
0.0,14,226.272912
0.0,9,226.289791
0.0,8,226.304925
0.0,29,226.379319
0.0,2,226.384396
0.0,12,226.598514
0.0,9,226.732339
0.0,9,226.78531
0.0,6,226.815264
0.0,8,226.848707
0.0,9,226.867341
0.0,21,226.991262
0.0,4,227.002744
0.0,5,227.02865
0.0,5,227.063097
0.0,4,227.10018
0.0,6,227.129565
0.0,3,227.144747
0.0,12,227.216766
0.0,10,227.269359
0.0,10,227.296929
0.0,18,227.360945
0.0,4,227.368389
0.0,6,227.423779
0.0,27,227.517041
0.0,5,227.525218
0.0,6,227.535575
0.0,27,227.699183
0.0,10,227.728946
0.0,9,227.763113
0.0,3,227.785076
0.0,14,227.83192
0.0,21,227.963426
0.0,10,228.009275
0.0,27,228.102745
0.0,32,228.241885
0.0,28,228.331802
0.0,3,228.343962
0.0,13,228.370528
0.0,7,228.389549
0.0,15,228.436402
0.0,25,228.797988
0.0,9,228.937029
0.0,50,229.10178
0.0,4,229.109107
0.0,20,229.169613
0.0,36,229.495775
0.0,24,229.56568
0.0,6,229.582931
0.0,13,229.619688
0.0,6,229.64532
0.0,11,229.693226
0.0,14,229.761001
0.0,14,229.834231
0.0,3,229.865719
0.0,2,229.895145
0.0,5,229.941123
0.0,2,229.944537
0.0,8,229.983372
0.0,5,230.016322
0.0,2,230.019847
0.0,4,230.055993
0.0,11,230.090299
0.0,2,230.094379
0.0,18,230.146828
0.0,13,230.169514
0.0,2,230.181199
0.0,5,230.190245
0.0,3,230.201679
0.0,3,230.207424
0.0,6,230.225865
0.0,3,230.231949
0.0,2,230.23689
0.0,2,230.241853
0.0,5,230.253898
0.0,7,230.270702
0.0,8,230.298687
0.0,6,230.323313
0.0,6,230.351349
0.0,3,230.356357
0.0,3,230.360899
0.0,4,230.367538
0.0,2,230.37114
0.0,5,230.416496
0.0,4,230.47557
0.0,4,230.489806
0.0,6,230.739877
0.0,5,230.78861
0.0,4,230.801909
0.0,3,230.84009
0.0,8,230.933264
0.0,11,230.969382
0.0,7,230.989169
0.0,4,231.001682
0.0,2,231.008189
0.0,6,231.022315
0.0,5,231.104544
0.0,8,231.197496
0.0,2,231.215323
0.0,12,231.23872
0.0,6,231.252973
0.0,4,231.268915
0.0,4,231.284166
0.0,22,231.350317
0.0,2,231.35493
0.0,12,231.500824
0.0,5,231.530828
0.0,15,231.627596
0.0,4,231.634753
0.0,8,231.699162
0.0,4,231.72208
0.0,4,231.732308
0.0,3,231.737952
0.0,6,231.749307
0.0,7,231.772514
0.0,16,232.025578
0.0,4,232.051918
0.0,7,232.098439
0.0,4,232.107605
0.0,3,232.107801
0.0,2,232.107943
0.0,4,232.108134
0.0,4,232.108324
0.0,8,232.108636
0.0,3,232.108804
0.0,2,232.108937
0.0,19,232.109537
0.0,6,232.109795
0.0,12,232.110204
0.0,6,232.110447
0.0,3,232.110607
0.0,10,232.110973
0.0,6,232.111217
0.0,9,232.111541
0.0,8,232.111861
0.0,10,232.112221
0.0,13,232.112665
0.0,11,232.113047
0.0,8,232.113343
0.0,2,232.113475
0.0,5,232.1137
0.0,5,232.113918
0.0,15,232.114401
0.0,4,232.114588
0.0,9,232.114922
0.0,4,232.115111
1.0,15,232.115597
0.0,6,232.115854
0.0,9,232.116176
0.0,9,232.116521
0.0,6,232.116774
0.0,5,232.116989
0.0,4,232.117175
0.0,7,232.11744
0.0,9,232.117776
0.0,7,232.118047
0.0,5,232.118259
0.0,5,232.118472
0.0,2,232.118603
0.0,5,232.119547
0.0,7,232.119827
0.0,8,232.120123
0.0,4,232.120308
0.0,3,232.120466
0.0,3,232.120629
0.0,5,232.120845
0.0,7,232.121111
0.0,8,232.121403
0.0,4,232.121586
0.0,5,232.121806
0.0,4,232.121995
0.0,10,232.122341
0.0,5,232.122554
0.0,8,232.12286
0.0,6,232.123102
0.0,6,232.123341
0.0,6,232.123579
0.0,4,232.123774
0.0,8,232.12407
0.0,5,232.124282
0.0,7,232.124546
0.0,8,232.124849
0.0,4,232.125035
0.0,9,232.125355
0.0,3,232.125511
0.0,3,232.125681
0.0,2,232.125813
0.0,4,232.125997
0.0,5,232.126208
0.0,2,232.126338
0.0,9,232.12667
0.0,8,232.126966
0.0,5,232.127178
0.0,3,232.127335
0.0,12,232.144392
0.0,3,232.144561
0.0,11,232.144951
0.0,2,232.145086
0.0,2,232.145216
0.0,5,232.145429
0.0,7,232.145708
0.0,4,232.145896
0.0,16,232.146406
0.0,7,232.146684
0.0,4,232.146872
0.0,7,232.147138
0.0,4,232.147323
0.0,7,232.147589
0.0,8,232.147893
0.0,12,232.148296
0.0,6,232.148536
0.0,4,232.148731
0.0,3,232.148891
0.0,5,232.149103
0.0,15,232.149589
0.0,5,232.149811
0.0,4,232.149999
0.0,2,232.150129
0.0,4,232.150315
0.0,8,232.150608
0.0,6,232.15086
0.0,5,232.151074
0.0,4,232.151258
0.0,4,232.151441
0.0,8,232.151744
1.0,16,232.152256
0.0,4,232.152442
0.0,2,232.152572
0.0,10,232.169713
0.0,3,232.169878
0.0,5,232.17009
0.0,12,232.170491
0.0,5,232.170715
0.0,8,232.171013
0.0,13,232.171443
0.0,8,232.171748
0.0,10,232.1721
0.0,3,232.172257
0.0,5,232.172469
0.0,12,232.172885
0.0,4,232.173073
0.0,16,232.173584
0.0,4,232.173779
0.0,7,232.174047
0.0,7,232.174314
0.0,6,232.174555
0.0,9,232.174889
0.0,3,232.175051
0.0,5,232.175263
0.0,8,232.175555
0.0,3,232.175725
0.0,7,232.175993
0.0,9,232.176315
0.0,7,232.176582
0.0,2,232.191262
0.0,9,232.191593
0.0,5,232.192899
0.0,3,232.193064
0.0,9,232.193385
0.0,4,232.193571
0.0,4,232.193766
0.0,7,232.194035
0.0,2,232.194165
0.0,8,232.194458
0.0,6,232.194709
0.0,2,232.194842
0.0,3,232.194999
0.0,3,232.195157
0.0,12,232.195558
0.0,6,232.201614
0.0,8,232.202346
1.0,10,232.202712
0.0,6,232.202957
0.0,8,232.203253
0.0,2,232.203385
0.0,4,232.20357
0.0,4,232.203765
0.0,5,232.20398
1.0,13,232.204411
0.0,4,232.204596
0.0,3,232.210252
0.0,9,232.210589
0.0,4,232.211882
0.0,5,232.212103
0.0,6,232.212345
0.0,5,232.212559
0.0,8,232.212868
0.0,5,232.213083
0.0,5,232.213296
0.0,3,232.213454
0.0,8,232.21376
0.0,9,232.214084
0.0,3,232.214249
0.0,5,232.214462
0.0,3,232.214618
0.0,4,232.221021
0.0,4,232.221213
0.0,8,232.221508
0.0,4,232.221705
0.0,8,232.222002
0.0,16,232.222512
0.0,5,232.222735
0.0,15,232.227615
0.0,12,232.228038
0.0,4,232.228225
0.0,14,232.228694
0.0,6,232.228936
0.0,3,232.229095
0.0,8,232.229389
0.0,5,232.2296
0.0,2,232.234003
0.0,6,232.234247
0.0,10,232.234595
0.0,8,232.236406
0.0,12,232.236823
0.0,4,232.237011
0.0,6,232.23725
0.0,11,232.240653
0.0,8,232.240961
0.0,5,232.241176
0.0,6,232.241425
0.0,12,232.241843
0.0,4,232.242033
0.0,8,232.242327
0.0,2,232.242457
0.0,9,232.24279
0.0,4,232.24298
0.0,14,232.243437
0.0,2,232.243568
0.0,5,232.249897
0.0,6,232.250147
0.0,4,232.250335
0.0,4,232.25052
0.0,6,232.250773
0.0,4,232.250962
0.0,5,232.251176
0.0,3,232.251335
0.0,7,232.251603
0.0,10,232.251965
0.0,4,232.252151
0.0,3,232.252309
0.0,5,232.252526
0.0,7,232.252806
0.0,4,232.252995
0.0,6,232.253237
0.0,9,232.25356
0.0,9,232.253897
0.0,9,232.254222
0.0,15,232.254721
0.0,5,232.254938
0.0,3,232.255097
0.0,3,232.255254
0.0,6,232.255498
0.0,5,232.255727
0.0,6,232.255971
0.0,4,232.256156
0.0,10,232.256505
0.0,6,232.25676
0.0,3,232.256921
0.0,18,232.257489
0.0,3,232.257656
0.0,6,232.2579
0.0,5,232.258111
0.0,8,232.258406
0.0,4,232.258591
0.0,4,232.276345
0.0,10,232.276716
0.0,6,232.276961
0.0,11,232.277341
0.0,4,232.277528
0.0,6,232.277782
0.0,3,232.277946
0.0,7,232.278213
0.0,6,232.278451
0.0,3,232.278608
0.0,6,232.278861
0.0,7,232.279142
0.0,7,232.279409
0.0,11,232.279794
0.0,6,232.280035
0.0,4,232.280219
0.0,6,232.280457
0.0,6,232.280704
0.0,3,232.280863
0.0,7,232.281128
0.0,3,232.281284
0.0,5,232.281493
0.0,3,232.281661
0.0,8,232.281956
0.0,17,232.282488
0.0,2,232.282618
0.0,7,232.282895
0.0,4,232.283078
0.0,6,232.283315
0.0,4,232.283498
0.0,5,232.283719
0.0,5,232.283932
0.0,2,232.28406
0.0,3,232.284215
0.0,8,232.284504
0.0,7,232.284767
0.0,6,232.284915
0.0,3,232.285005
0.0,11,232.285203
0.0,4,232.285306
0.0,8,232.285462
0.0,10,232.285658
0.0,7,232.285803
0.0,9,232.285974
0.0,3,232.286063
0.0,2,232.286139
1.0,10,232.286321
0.0,10,232.286505
0.0,9,232.286685
0.0,2,232.286773
1.0,18,232.287098
0.0,5,232.287225
0.0,7,232.287383
0.0,2,232.287465
0.0,6,232.287606
0.0,15,232.287869
0.0,11,232.288069
0.0,3,232.28816
0.0,5,232.288279
0.0,4,232.288383
0.0,5,232.288499
0.0,8,232.288667
0.0,7,232.288813
0.0,6,232.288948
0.0,5,232.289065
0.0,8,232.289222
0.0,28,232.289658
0.0,3,232.289751
0.0,7,232.289894
0.0,5,232.290009
0.0,2,232.290084
0.0,8,232.290239
0.0,5,232.290355
0.0,11,232.29055
0.0,9,232.29073
0.0,4,232.290835
0.0,3,232.290924
1.0,7,232.291066
0.0,7,232.291208
0.0,4,232.291309
0.0,4,232.29141
0.0,2,232.291484
0.0,3,232.291573
0.0,5,232.291698
0.0,2,232.291775
0.0,3,232.291862
0.0,9,232.292032
0.0,4,232.292134
0.0,5,232.292249
0.0,9,232.292418
0.0,6,232.292547
0.0,4,232.292661
0.0,5,232.292778
0.0,3,232.292866
0.0,3,232.292954
0.0,4,232.293054
0.0,5,232.293169
0.0,10,232.293353
0.0,3,232.293442
0.0,3,232.293531
0.0,3,232.293627
0.0,11,232.293829
0.0,5,232.293945
0.0,3,232.294034
0.0,2,232.294108
0.0,5,232.294226
0.0,13,232.294449
0.0,6,232.294579
0.0,8,232.294744
0.0,21,232.295076
0.0,4,232.295179
0.0,4,232.295281
0.0,4,232.295383
0.0,5,232.295498
0.0,4,232.2956
0.0,9,232.295781
0.0,12,232.295994
0.0,4,232.296095
0.0,3,232.296184
0.0,9,232.296353
0.0,9,232.296522
0.0,2,232.296597
0.0,6,232.296733
0.0,5,232.296849
0.0,9,232.297018
0.0,13,232.29724
0.0,29,232.297687
0.0,16,232.297951
0.0,2,232.298026
0.0,6,232.298154
0.0,7,232.298297
0.0,2,232.298372
0.0,7,232.298514
0.0,7,232.298667
0.0,3,232.298758
0.0,4,232.29886
0.0,4,232.298962
0.0,4,232.299064
0.0,6,232.299193
0.0,11,232.299389
0.0,3,232.299476
0.0,10,232.299669
0.0,2,232.299746
0.0,5,232.299862
0.0,5,232.299977
0.0,3,232.300066
0.0,3,232.300154
0.0,8,232.300308
0.0,5,232.300424
0.0,4,232.300525
0.0,2,232.3006
0.0,7,232.30075
0.0,13,232.300974
0.0,4,232.301077
0.0,4,232.301179
0.0,2,232.301254
0.0,3,232.301343
0.0,3,232.301432
0.0,8,232.301587
0.0,3,232.30169
0.0,8,232.301849
0.0,6,232.301978
0.0,7,232.30212
0.0,6,232.302248
0.0,5,232.302364
0.0,2,232.302438
0.0,7,232.302581
0.0,6,232.302719
0.0,3,232.302809
0.0,8,232.302965
1.0,12,232.303176
0.0,4,232.303279
0.0,6,232.303409
0.0,5,232.303525
0.0,4,232.303636
0.0,5,232.303755
0.0,9,232.303925
0.0,3,232.304014
0.0,2,232.304089
0.0,3,232.304179
0.0,12,232.304389
0.0,2,232.304464
0.0,16,232.304738
0.0,5,232.304856
0.0,6,232.304986
0.0,2,232.305061
0.0,5,232.305176
0.0,4,232.305277
0.0,4,232.305379
0.0,3,232.305467
0.0,3,232.305555
0.0,9,232.305737
0.0,4,232.305841
0.0,3,232.30593
0.0,6,232.30606
0.0,8,232.306215
0.0,2,232.30629
0.0,3,232.306378
0.0,2,232.306453
0.0,3,232.306541
0.0,3,232.306637
0.0,8,232.306796
0.0,4,232.306897
1.0,16,232.307159
0.0,11,232.307355
0.0,6,232.307484
0.0,2,232.307558
0.0,11,232.307764
0.0,5,232.307881
0.0,13,232.308103
0.0,10,232.308285
0.0,4,232.308387
0.0,2,232.308461
0.0,7,232.308604
0.0,5,232.30873
0.0,6,232.308859
0.0,6,232.308994
0.0,4,232.309098
0.0,2,232.309172
0.0,14,232.309409
0.0,5,232.309524
0.0,27,232.309942
0.0,2,232.310079
0.0,3,232.310175
0.0,4,232.310278
0.0,7,232.310421
0.0,7,232.310563
0.0,8,232.310732
0.0,6,232.310863
0.0,4,232.310964
0.0,5,232.311079
0.0,2,232.311153
0.0,3,232.311241
0.0,7,232.311382
0.0,6,232.31151
0.0,3,232.311597
0.0,3,232.311694
0.0,2,232.311771
0.0,2,232.311856
0.0,4,232.311959
0.0,4,232.31206
0.0,9,232.312229
0.0,3,232.312317
0.0,4,232.312418
0.0,6,232.312545
0.0,4,232.312656
1.0,8,232.312814
0.0,6,232.312941
0.0,6,232.313069
0.0,7,232.313211
0.0,5,232.313325
0.0,5,232.313438
0.0,7,232.313579
0.0,4,232.313691
0.0,9,232.313862
0.0,9,232.314031
0.0,6,232.31416
0.0,8,232.314314
0.0,10,232.314495
0.0,6,232.314628
0.0,2,232.314706
0.0,2,232.314781
0.0,4,232.314883
0.0,4,232.314985
0.0,4,232.315087
0.0,3,232.315174
0.0,5,232.315288
0.0,6,232.315415
0.0,10,232.315595
0.0,9,232.315772
0.0,6,232.315903
0.0,5,232.316017
0.0,7,232.316158
0.0,2,232.316231
0.0,3,232.316319
0.0,7,232.31646
0.0,2,232.316534
0.0,6,232.316673
0.0,9,232.316843
0.0,2,232.316916
0.0,14,232.317157
0.0,9,232.317327
0.0,3,232.317414
0.0,5,232.317528
0.0,5,232.317652
0.0,11,232.317849
0.0,2,232.317923
0.0,5,232.318038
0.0,7,232.318179
0.0,9,232.318346
0.0,4,232.318447
0.0,5,232.318561
0.0,10,232.318751
0.0,6,232.318882
0.0,4,232.318983
0.0,4,232.319083
0.0,2,232.319157
0.0,3,232.319245
0.0,3,232.319333
0.0,4,232.319434
0.0,4,232.319535
0.0,11,232.319741
1.0,17,232.320017
0.0,3,232.320105
0.0,4,232.320207
0.0,4,232.320307
0.0,8,232.320461
0.0,4,232.320562
0.0,10,232.320753
0.0,6,232.320884
0.0,4,232.320984
0.0,2,232.321057
0.0,6,232.321185
0.0,2,232.321258
0.0,8,232.321413
0.0,2,232.321487
1.0,14,232.321731
0.0,5,232.321848
0.0,9,232.322016
0.0,17,232.322288
0.0,5,232.322402
0.0,4,232.322503
0.0,8,232.322669
0.0,2,232.322744
0.0,3,232.322831
0.0,16,232.323093
0.0,6,232.323221
0.0,7,232.32336
0.0,4,232.323461
0.0,6,232.323588
0.0,13,232.323816
0.0,12,232.324027
0.0,7,232.324168
0.0,2,232.324241
0.0,4,232.324341
0.0,11,232.324535
0.0,11,232.324738
0.0,4,232.324841
0.0,12,232.325049
0.0,5,232.325164
0.0,6,232.32529
0.0,6,232.325417
0.0,5,232.325531
0.0,2,232.325604
0.0,7,232.325759
0.0,15,232.326009
0.0,10,232.326192
0.0,2,232.326265
0.0,3,232.326354
0.0,5,232.326471
0.0,3,232.326559
0.0,3,232.326656
0.0,20,232.326977
0.0,5,232.327093
0.0,6,232.327222
0.0,7,232.327363
0.0,10,232.327543
0.0,8,232.327708
0.0,5,232.327826
0.0,14,232.328062
0.0,5,232.328177
0.0,3,232.328266
0.0,6,232.328395
0.0,6,232.328522
0.0,8,232.328689
0.0,9,232.328861
0.0,4,232.328963
0.0,8,232.329119
0.0,2,232.329194
0.0,7,232.329336
0.0,6,232.329464
0.0,11,232.329669
0.0,7,232.329814
0.0,13,232.330036
0.0,9,232.330205
0.0,16,232.330466
0.0,4,232.330568
0.0,4,232.330678
0.0,5,232.330797
0.0,6,232.330927
1.0,6,232.331057
0.0,9,232.331226
0.0,7,232.331369
0.0,5,232.331484
0.0,9,232.331665
0.0,2,232.331743
0.0,8,232.331898
0.0,9,232.332067
0.0,4,232.332169
0.0,9,232.332337
0.0,4,232.33244
0.0,10,232.332629
0.0,4,232.332736
0.0,2,232.332811
0.0,6,232.33294
0.0,3,232.333028
0.0,3,232.333117
0.0,21,232.333448
0.0,4,232.33355
0.0,6,232.33369
0.0,4,232.333796
0.0,12,232.334007
0.0,14,232.334243
0.0,8,232.334399
0.0,4,232.334503
0.0,5,232.334619
0.0,5,232.334747
0.0,2,232.334821
0.0,4,232.334924
0.0,3,232.335013
0.0,10,232.335195
0.0,8,232.33535
0.0,9,232.33552
0.0,3,232.335609
0.0,3,232.335712
0.0,4,232.335817
0.0,14,232.336056
0.0,6,232.336184
0.0,3,232.336272
0.0,5,232.336388
0.0,5,232.336503
0.0,6,232.336639
0.0,2,232.336717
0.0,18,232.337003
0.0,3,232.337092
0.0,5,232.337206
0.0,3,232.337293
0.0,4,232.337395
0.0,2,232.337469
0.0,31,232.337937
0.0,4,232.338042
0.0,9,232.33821
0.0,8,232.338365
0.0,8,232.338539
0.0,8,232.338707
0.0,3,232.338798
0.0,8,232.338954
0.0,5,232.33907
0.0,7,232.339212
0.0,13,232.339433
0.0,2,232.339507
0.0,3,232.339596
0.0,8,232.339759
0.0,2,232.339837
0.0,4,232.339938
0.0,4,232.340039
0.0,2,232.340114
0.0,3,232.340202
0.0,3,232.34029
0.0,14,232.340524
0.0,3,232.340613
0.0,10,232.340808
0.0,6,232.340937
0.0,2,232.341012
0.0,3,232.341101
0.0,3,232.34119
0.0,4,232.341292
0.0,11,232.341487
0.0,6,232.341617
0.0,14,232.341863
0.0,2,232.341938
1.0,14,232.342173
0.0,5,232.342289
0.0,4,232.34239
0.0,9,232.342559
0.0,3,232.342667
0.0,8,232.342826
0.0,7,232.34297
0.0,3,232.343058
0.0,10,232.343241
0.0,5,232.343355
0.0,2,232.34343
0.0,4,232.343534
0.0,8,232.343702
0.0,3,232.343793
0.0,7,232.343936
0.0,11,232.344131
0.0,3,232.34422
0.0,8,232.344376
0.0,6,232.344505
0.0,15,232.344762
0.0,3,232.344853
0.0,2,232.344929
0.0,5,232.345043
0.0,7,232.345185
0.0,6,232.345313
0.0,4,232.345414
0.0,8,232.34557
0.0,6,232.345709
0.0,5,232.345827
0.0,8,232.345983
0.0,4,232.346085
0.0,9,232.346253
0.0,4,232.346355
0.0,4,232.346456
0.0,8,232.346611
0.0,6,232.346752
0.0,4,232.346854
0.0,4,232.346956
0.0,5,232.347071
0.0,3,232.347159
0.0,9,232.347328
0.0,3,232.347417
0.0,5,232.347532
0.0,4,232.347643
0.0,7,232.347789
0.0,4,232.347892
0.0,6,232.348021
0.0,3,232.34811
0.0,3,232.348199
0.0,5,232.348314
0.0,5,232.348429
0.0,4,232.34853
0.0,3,232.348619
0.0,6,232.348758
0.0,5,232.348874
0.0,11,232.349067
0.0,5,232.349183
0.0,7,232.349324
0.0,5,232.34944
0.0,4,232.349542
0.0,2,232.349616
0.0,5,232.349744
0.0,4,232.349847
0.0,7,232.349989
0.0,7,232.350135
0.0,6,232.350264
0.0,5,232.350379
0.0,3,232.350468
0.0,4,232.35057
0.0,5,232.350695
0.0,5,232.350814
0.0,4,232.350916
0.0,3,232.351005
0.0,8,232.35116
0.0,7,232.351302
0.0,3,232.35139
0.0,5,232.351506
0.0,3,232.351594
0.0,4,232.351704
0.0,6,232.351835
0.0,4,232.351937
0.0,3,232.352025
0.0,3,232.352114
0.0,15,232.352362
0.0,6,232.35249
1.0,9,232.352672
0.0,4,232.352778
0.0,7,232.352921
0.0,5,232.353036
0.0,11,232.353232
0.0,5,232.353348
0.0,2,232.353423
0.0,17,232.353709
0.0,19,232.354014
0.0,4,232.354117
0.0,3,232.354205
0.0,2,232.354281
0.0,13,232.354502
0.0,4,232.354603
0.0,3,232.3547
0.0,6,232.354831
0.0,8,232.354986
0.0,4,232.355088
0.0,8,232.355245
0.0,7,232.355387
0.0,3,232.355476
0.0,3,232.355564
0.0,3,232.355665
0.0,7,232.35581
0.0,4,232.355912
0.0,2,232.355986
0.0,3,232.356074
0.0,7,232.356216
0.0,15,232.356462
0.0,4,232.356564
0.0,6,232.356702
0.0,9,232.356872
0.0,4,232.356973
0.0,12,232.357181
0.0,4,232.357282
0.0,3,232.357369
0.0,4,232.357471
0.0,4,232.357572
0.0,14,232.35783
0.0,8,232.357991
0.0,4,232.358094
0.0,3,232.358182
0.0,5,232.358297
1.0,10,232.358479
0.0,2,232.358554
0.0,15,232.358812
0.0,8,232.358969
0.0,2,232.359044
0.0,2,232.359119
0.0,10,232.359302
0.0,2,232.359377
0.0,7,232.359519
0.0,3,232.359607
0.0,5,232.359732
0.0,4,232.359835
0.0,2,232.35991
0.0,12,232.360119
0.0,2,232.360195
0.0,9,232.360364
0.0,7,232.360507
0.0,3,232.360595
0.0,7,232.360745
0.0,5,232.360862
1.0,17,232.361138
0.0,8,232.361293
0.0,3,232.361381
0.0,3,232.361469
0.0,9,232.36165
0.0,2,232.361728
0.0,4,232.361831
0.0,8,232.361986
0.0,7,232.362128
1.0,15,232.362376
0.0,4,232.362477
0.0,2,232.362551
0.0,3,232.36265
0.0,10,232.362836
0.0,6,232.362965
0.0,5,232.363081
0.0,2,232.363155
0.0,3,232.363243
0.0,7,232.363386
0.0,5,232.363504
0.0,6,232.36364
0.0,8,232.363797
0.0,6,232.363925
0.0,3,232.364012
0.0,8,232.364167
0.0,3,232.364255
0.0,2,232.36433
0.0,8,232.364486
0.0,8,232.364651
0.0,5,232.36477
0.0,5,232.364885
0.0,10,232.365067
0.0,5,232.365183
0.0,5,232.365298
0.0,4,232.365398
0.0,3,232.365486
0.0,2,232.365561
0.0,9,232.365742
0.0,2,232.365819
0.0,7,232.365962
0.0,6,232.366091
0.0,5,232.366207
0.0,9,232.366375
0.0,2,232.366449
0.0,4,232.366551
0.0,3,232.366648
0.0,6,232.366779
0.0,3,232.366867
0.0,5,232.366983
0.0,5,232.367098
0.0,4,232.367199
0.0,5,232.367315
0.0,7,232.367456
0.0,7,232.367598
0.0,9,232.367778
0.0,3,232.367869
0.0,9,232.368038
0.0,6,232.368166
0.0,6,232.368294
0.0,2,232.368368
1.0,13,232.368591
0.0,4,232.368701
0.0,7,232.368845
0.0,3,232.368934
0.0,2,232.369009
0.0,2,232.369083
0.0,5,232.369198
0.0,8,232.369354
0.0,4,232.369455
0.0,4,232.369557
0.0,2,232.36964
0.0,15,232.369892
0.0,4,232.369994
0.0,4,232.370095
0.0,3,232.370183
0.0,9,232.370351
0.0,7,232.370492
0.0,4,232.370595
0.0,4,232.370707
0.0,5,232.370825
0.0,9,232.370995
0.0,2,232.37107
0.0,4,232.371172
0.0,21,232.371512
0.0,7,232.371667
0.0,2,232.371745
0.0,4,232.371848
0.0,4,232.371949
0.0,6,232.372079
0.0,3,232.372167
0.0,2,232.372276
0.0,5,232.372393
0.0,13,232.372616
0.0,3,232.372715
0.0,5,232.372831
0.0,3,232.37292
0.0,4,232.373021
0.0,3,232.37311
0.0,13,232.373332
0.0,6,232.373461
0.0,2,232.373535
0.0,3,232.373632
0.0,2,232.373711
0.0,9,232.373881
0.0,12,232.374089
0.0,5,232.374205
0.0,5,232.374321
0.0,3,232.374409
0.0,13,232.374641
0.0,2,232.374719
0.0,5,232.374835
0.0,5,232.374951
0.0,4,232.375053
0.0,5,232.375169
0.0,3,232.375257
0.0,10,232.375441
0.0,4,232.375543
0.0,4,232.375676
0.0,3,232.375781
0.0,10,232.375965
0.0,7,232.376107
0.0,5,232.376223
0.0,4,232.376325
0.0,2,232.3764
0.0,4,232.376502
0.0,7,232.376655
0.0,13,232.376879
0.0,5,232.376995
0.0,8,232.377151
0.0,3,232.377239
0.0,3,232.377328
0.0,2,232.377403
0.0,5,232.377518
0.0,8,232.377684
0.0,3,232.377774
0.0,4,232.37788
0.0,4,232.377982
0.0,7,232.378125
0.0,2,232.3782
0.0,7,232.378342
0.0,4,232.378444
0.0,6,232.378572
0.0,4,232.378683
0.0,3,232.378774
0.0,9,232.378946
0.0,4,232.379048
0.0,2,232.379123
0.0,5,232.379238
0.0,4,232.37934
0.0,3,232.379428
0.0,3,232.379517
0.0,4,232.379619
0.0,9,232.379802
0.0,5,232.379918
0.0,5,232.380034
0.0,6,232.380164
0.0,12,232.380372
0.0,13,232.380593
0.0,2,232.380677
1.0,16,232.380941
0.0,2,232.381016
0.0,8,232.381173
0.0,2,232.381248
0.0,10,232.38143
0.0,2,232.381505
0.0,2,232.381579
0.0,6,232.381717
0.0,16,232.38198
0.0,3,232.382068
0.0,4,232.38217
0.0,5,232.382285
0.0,10,232.382466
0.0,5,232.382582
0.0,10,232.382774
0.0,3,232.382864
0.0,6,232.382993
0.0,8,232.383149
0.0,4,232.38325
0.0,3,232.383339
0.0,6,232.383466
0.0,9,232.383645
0.0,4,232.383751
0.0,5,232.383867
0.0,2,232.383942
0.0,4,232.384045
0.0,10,232.384227
0.0,6,232.384356
0.0,2,232.384429
0.0,2,232.384504
0.0,5,232.384618
0.0,6,232.384758
0.0,5,232.384875
0.0,5,232.38499
0.0,2,232.385064
0.0,9,232.385233
0.0,8,232.385389
0.0,4,232.385491
0.0,3,232.38558
0.0,14,232.385828
0.0,11,232.386028
0.0,8,232.386184
0.0,8,232.386339
0.0,5,232.386454
0.0,2,232.386528
0.0,2,232.386603
0.0,7,232.386754
0.0,10,232.386938
0.0,3,232.387026
0.0,5,232.387142
0.0,7,232.387284
0.0,5,232.387398
0.0,8,232.387553
0.0,7,232.387704
0.0,7,232.387848
0.0,13,232.38807
0.0,7,232.388212
0.0,13,232.388433
0.0,2,232.388508
0.0,4,232.388611
1.0,7,232.388766
0.0,8,232.388923
0.0,2,232.388997
0.0,2,232.389073
0.0,12,232.389282
0.0,5,232.389396
0.0,7,232.389539
0.0,2,232.389613
0.0,6,232.389755
0.0,3,232.389843
0.0,3,232.389931
0.0,4,232.390034
0.0,10,232.390216
0.0,7,232.390357
0.0,3,232.390445
0.0,4,232.390547
0.0,3,232.390644
0.0,4,232.390748
0.0,7,232.390892
0.0,9,232.391059
0.0,2,232.391133
0.0,7,232.391274
0.0,8,232.39143
0.0,7,232.391571
0.0,3,232.391672
0.0,10,232.391857
0.0,5,232.391973
0.0,4,232.392074
0.0,2,232.392148
0.0,3,232.392236
0.0,5,232.392351
0.0,5,232.392466
0.0,3,232.392554
0.0,6,232.392693
0.0,6,232.392824
0.0,2,232.392899
0.0,2,232.392973
0.0,2,232.393048
0.0,6,232.393176
0.0,12,232.393385
0.0,4,232.393486
0.0,4,232.393589
0.0,3,232.393684
0.0,7,232.393829
0.0,8,232.393985
0.0,6,232.394113
0.0,5,232.394232
0.0,7,232.394374
0.0,3,232.394462
0.0,2,232.394537
0.0,12,232.394757
0.0,4,232.394861
0.0,3,232.39495
0.0,5,232.395065
0.0,3,232.395153
0.0,4,232.395254
0.0,5,232.395369
0.0,3,232.395458
0.0,2,232.395532
0.0,6,232.395672
0.0,2,232.395749
0.0,9,232.395918
0.0,8,232.396074
0.0,8,232.396229
0.0,3,232.396317
0.0,7,232.39646
0.0,3,232.396548
0.0,4,232.396659
0.0,4,232.396765
0.0,5,232.39688
0.0,2,232.396955
0.0,6,232.397084
0.0,12,232.397291
0.0,5,232.397407
0.0,9,232.397575
0.0,11,232.397782
0.0,3,232.397873
0.0,13,232.398095
0.0,10,232.398277
0.0,4,232.398379
0.0,9,232.398547
0.0,2,232.398629
0.0,7,232.398775
0.0,12,232.398983
0.0,2,232.399057
0.0,4,232.399158
0.0,12,232.399368
0.0,9,232.399536
0.0,3,232.399631
0.0,13,232.399857
0.0,6,232.399986
0.0,5,232.400115
0.0,4,232.400219
0.0,8,232.400375
0.0,3,232.400464
0.0,3,232.400553
0.0,5,232.400681
0.0,2,232.400758
1.0,8,232.400914
0.0,5,232.401029
0.0,4,232.40113
0.0,6,232.401259
0.0,2,232.401334
0.0,8,232.401489
0.0,3,232.401578
0.0,9,232.401757
0.0,4,232.401861
0.0,2,232.401935
0.0,8,232.402091
0.0,8,232.402245
0.0,11,232.40244
0.0,4,232.402542
0.0,3,232.402639
0.0,7,232.402783
0.0,3,232.40287
0.0,4,232.402972
0.0,3,232.403059
0.0,9,232.403228
0.0,4,232.403332
0.0,6,232.40346
0.0,5,232.403574
0.0,6,232.403713
0.0,2,232.40379
0.0,2,232.403865
0.0,9,232.404034
0.0,4,232.404135
0.0,2,232.40421
0.0,7,232.404353
0.0,5,232.404468
0.0,8,232.40463
0.0,12,232.404844
0.0,7,232.404986
0.0,8,232.405141
0.0,2,232.405216
1.0,10,232.405398
0.0,6,232.405525
0.0,6,232.405664
0.0,3,232.405755
0.0,8,232.40591
0.0,7,232.406052
0.0,5,232.406167
0.0,6,232.406295
0.0,8,232.406449
0.0,2,232.406524
0.0,10,232.406717
0.0,7,232.40686
0.0,3,232.406948
0.0,2,232.407022
0.0,2,232.407097
0.0,7,232.407239
0.0,8,232.407394
0.0,2,232.407469
0.0,4,232.40757
0.0,12,232.407787
0.0,10,232.40797
0.0,6,232.408098
0.0,10,232.408279
0.0,2,232.408353
0.0,3,232.408442
0.0,2,232.408516
0.0,6,232.408652
0.0,3,232.408743
0.0,8,232.408899
0.0,5,232.409013
0.0,2,232.409088
0.0,3,232.409175
0.0,3,232.409264
0.0,2,232.409338
0.0,8,232.409494
0.0,2,232.409569
0.0,8,232.409736
0.0,2,232.409812
0.0,6,232.409944
0.0,6,232.410072
0.0,5,232.410243
0.0,3,232.410337
0.0,3,232.410426
0.0,6,232.410555
0.0,10,232.41075
0.0,7,232.410895
0.0,2,232.41097
0.0,9,232.411139
0.0,6,232.411268
0.0,7,232.411409
0.0,8,232.411564
0.0,4,232.411673
0.0,7,232.411818
0.0,4,232.411919
0.0,4,232.412019
0.0,9,232.412186
0.0,3,232.412274
0.0,11,232.412469
0.0,2,232.412544
0.0,8,232.412709
0.0,2,232.412785
0.0,10,232.412968
0.0,17,232.413243
0.0,2,232.413317
0.0,18,232.413607
0.0,5,232.413732
0.0,7,232.413874
0.0,6,232.414003
0.0,9,232.414174
0.0,10,232.414355
0.0,11,232.414551
0.0,2,232.414632
0.0,8,232.41479
0.0,5,232.414905
0.0,5,232.415019
0.0,2,232.415092
0.0,9,232.415261
0.0,2,232.415335
0.0,5,232.415449
0.0,6,232.415577
0.0,5,232.415704
0.0,12,232.415914
0.0,8,232.416068
0.0,3,232.416155
0.0,3,232.416243
0.0,2,232.416317
0.0,5,232.416431
0.0,2,232.416506
0.0,3,232.416593
0.0,8,232.416759
0.0,15,232.417009
0.0,2,232.417083
0.0,3,232.417171
0.0,8,232.417326
0.0,12,232.417535
0.0,5,232.417658
0.0,4,232.417761
0.0,3,232.417848
0.0,6,232.417976
0.0,7,232.418117
0.0,4,232.418217
0.0,3,232.418303
0.0,3,232.41839
0.0,11,232.418584
0.0,3,232.418682
0.0,6,232.418812
0.0,3,232.418899
0.0,7,232.419039
0.0,6,232.419168
0.0,3,232.419255
0.0,7,232.419395
0.0,4,232.419495
0.0,2,232.419569
0.0,2,232.419651
0.0,3,232.419741
0.0,3,232.419828
0.0,7,232.419969
0.0,6,232.420098
0.0,7,232.42024
0.0,6,232.420369
0.0,6,232.420496
0.0,5,232.420609
0.0,9,232.420787
0.0,4,232.420888
0.0,7,232.421029
0.0,4,232.421129
0.0,3,232.421217
0.0,3,232.421304
0.0,7,232.421445
0.0,11,232.421652
0.0,9,232.421822
0.0,5,232.421935
0.0,6,232.422062
0.0,4,232.422162
0.0,5,232.422275
0.0,3,232.422362
0.0,4,232.422463
0.0,5,232.422578
0.0,3,232.422674
0.0,5,232.42279
0.0,5,232.422903
0.0,6,232.42303
0.0,10,232.423211
0.0,3,232.423297
0.0,4,232.423398
0.0,13,232.423616
0.0,7,232.423769
0.0,12,232.423976
0.0,9,232.424144
0.0,5,232.424258
0.0,2,232.424332
1.0,13,232.424554
0.0,5,232.42468
0.0,9,232.42485
0.0,6,232.424978
0.0,8,232.425132
0.0,4,232.425232
0.0,4,232.425333
0.0,2,232.425407
0.0,8,232.425561
0.0,8,232.425726
0.0,4,232.42583
0.0,4,232.425931
0.0,5,232.426046
0.0,6,232.426175
0.0,7,232.426317
0.0,4,232.426418
0.0,4,232.426519
0.0,7,232.426669
0.0,4,232.426772
0.0,3,232.42686
0.0,12,232.427068
0.0,9,232.427236
0.0,5,232.42735
0.0,3,232.427437
0.0,4,232.427538
0.0,7,232.427691
0.0,3,232.427781
0.0,8,232.427937
0.0,2,232.42801
0.0,3,232.428097
0.0,5,232.428212
0.0,4,232.428313
0.0,3,232.4284
0.0,3,232.428488
0.0,4,232.428599
0.0,10,232.428791
0.0,4,232.428894
0.0,3,232.428983
0.0,5,232.429097
0.0,3,232.429186
0.0,8,232.429341
0.0,4,232.429443
0.0,6,232.429569
0.0,2,232.429654
0.0,5,232.429771
0.0,10,232.429952
0.0,6,232.43008
0.0,3,232.430168
0.0,5,232.430282
0.0,4,232.430382
0.0,2,232.430456
0.0,10,232.430649
0.0,5,232.430767
0.0,4,232.430868
0.0,5,232.430983
0.0,22,232.431323
0.0,5,232.431437
0.0,4,232.431537
0.0,5,232.431662
0.0,9,232.431832
0.0,3,232.43192
0.0,6,232.432049
0.0,5,232.432163
0.0,8,232.432318
0.0,5,232.432432
0.0,2,232.432506
0.0,5,232.432626
0.0,5,232.432746
0.0,3,232.432833
0.0,6,232.432962
0.0,3,232.43305
0.0,5,232.433166
0.0,2,232.43324
0.0,12,232.43345
0.0,2,232.433524
0.0,7,232.433678
0.0,5,232.433797
0.0,11,232.433991
0.0,5,232.434107
0.0,3,232.434195
0.0,14,232.434431
0.0,5,232.434546
0.0,6,232.434683
0.0,8,232.43484
0.0,2,232.434914
0.0,8,232.435068
0.0,6,232.435196
0.0,4,232.435296
0.0,5,232.43541
0.0,3,232.435498
0.0,4,232.435598
0.0,3,232.435695
0.0,8,232.435854
0.0,13,232.436075
0.0,9,232.436243
0.0,6,232.436372
0.0,3,232.436459
0.0,10,232.436649
0.0,6,232.436779
0.0,5,232.436893
0.0,6,232.43702
0.0,7,232.437161
0.0,7,232.437302
0.0,3,232.43739
0.0,11,232.437585
0.0,5,232.437708
0.0,2,232.437785
0.0,4,232.437887
0.0,2,232.437961
0.0,5,232.438076
0.0,4,232.438178
0.0,11,232.438373
1.0,15,232.438626
0.0,4,232.438731
0.0,4,232.438832
0.0,4,232.438932
0.0,12,232.439139
0.0,2,232.439212
0.0,2,232.439286
0.0,9,232.439454
0.0,9,232.43963
0.0,6,232.439762
0.0,4,232.439864
0.0,7,232.440005
0.0,5,232.440119
0.0,3,232.440206
0.0,3,232.440293
0.0,10,232.440474
0.0,8,232.440637
0.0,5,232.440754
0.0,5,232.440868
0.0,9,232.441035
0.0,2,232.441108
0.0,6,232.441235
0.0,3,232.441322
0.0,7,232.441465
0.0,7,232.441605
0.0,5,232.44173
0.0,6,232.441858
0.0,6,232.441987
0.0,2,232.442061
0.0,4,232.442163
0.0,5,232.442277
0.0,4,232.442379
1.0,12,232.442587
0.0,8,232.442752
0.0,13,232.442978
0.0,5,232.443092
0.0,4,232.443193
0.0,2,232.443267
0.0,2,232.443341
0.0,2,232.443416
0.0,9,232.443584
0.0,6,232.44372
0.0,4,232.443823
0.0,3,232.443912
0.0,5,232.444026
1.0,9,232.444194
0.0,4,232.444295
0.0,5,232.44441
0.0,2,232.444484
0.0,8,232.444647
0.0,5,232.444764
0.0,6,232.444892
0.0,5,232.445006
0.0,2,232.44508
0.0,3,232.445167
0.0,7,232.445309
0.0,6,232.445436
0.0,2,232.44551
0.0,5,232.445634
0.0,23,232.445994
0.0,7,232.446136
0.0,18,232.446426
0.0,5,232.446541
0.0,3,232.446637
0.0,5,232.446756
0.0,9,232.446923
0.0,6,232.447052
0.0,8,232.447205
0.0,7,232.447345
0.0,6,232.447473
0.0,5,232.447587
0.0,9,232.447764
0.0,10,232.447948
0.0,3,232.448036
0.0,2,232.44811
1.0,10,232.448292
0.0,14,232.448526
0.0,3,232.448614
0.0,2,232.448701
0.0,3,232.448789
0.0,8,232.448943
0.0,5,232.449058
0.0,7,232.449197
0.0,3,232.449284
0.0,10,232.449467
0.0,11,232.44967
0.0,2,232.449746
0.0,6,232.449874
0.0,9,232.450043
0.0,4,232.450143
0.0,10,232.450324
0.0,14,232.450559
0.0,6,232.450696
1.0,8,232.450852
0.0,4,232.450953
0.0,11,232.451147
0.0,12,232.451353
0.0,9,232.451519
0.0,2,232.451593
0.0,2,232.451678
0.0,4,232.451782
0.0,4,232.451884
0.0,5,232.452
0.0,13,232.45222
0.0,3,232.452309
0.0,7,232.45245
0.0,6,232.452577
0.0,3,232.452675
0.0,4,232.452779
0.0,5,232.452894
0.0,3,232.452982
0.0,5,232.453097
0.0,14,232.45333
0.0,6,232.453458
0.0,12,232.453674
0.0,9,232.453845
0.0,2,232.45392
0.0,4,232.454022
0.0,8,232.454178
0.0,4,232.45428
0.0,5,232.454395
0.0,4,232.454498
0.0,15,232.454756
0.0,6,232.454887
0.0,9,232.455056
0.0,6,232.455185
0.0,4,232.455287
0.0,6,232.455418
0.0,5,232.455535
0.0,2,232.455609
0.0,5,232.455736
0.0,10,232.45592
0.0,3,232.456007
0.0,5,232.456123
0.0,2,232.456197
0.0,5,232.456313
0.0,4,232.456414
0.0,9,232.456582
0.0,3,232.456679
0.0,8,232.456836
0.0,3,232.456924
0.0,3,232.457012
0.0,3,232.457099
0.0,4,232.457202
0.0,6,232.45733
0.0,9,232.457498
0.0,28,232.457932
0.0,6,232.458064
0.0,2,232.458139
0.0,20,232.458462
0.0,2,232.458539
0.0,6,232.458678
0.0,10,232.458862
0.0,3,232.458951
1.0,8,232.459106
0.0,4,232.459208
0.0,5,232.459324
0.0,2,232.4594
0.0,3,232.459489
0.0,4,232.459591
0.0,3,232.459713
0.0,11,232.459913
0.0,2,232.459989
0.0,4,232.460091
0.0,7,232.460232
0.0,3,232.460321
0.0,8,232.460477
0.0,3,232.460565
0.0,9,232.460745
0.0,3,232.460835
0.0,6,232.460962
0.0,6,232.46109
0.0,5,232.461205
0.0,3,232.461293
0.0,8,232.461448
0.0,8,232.461602
0.0,4,232.461713
0.0,5,232.461829
0.0,6,232.461958
0.0,2,232.462034
0.0,7,232.462177
1.0,12,232.462385
0.0,8,232.462541
0.0,9,232.462719
0.0,2,232.462796
0.0,3,232.462885
0.0,7,232.463028
0.0,10,232.46321
0.0,8,232.463364
0.0,2,232.463438
1.0,6,232.463566
0.0,7,232.463722
0.0,12,232.463934
0.0,14,232.464169
0.0,6,232.464297
0.0,8,232.464452
0.0,4,232.464553
0.0,4,232.464664
0.0,16,232.464927
0.0,6,232.465058
0.0,5,232.465173
0.0,10,232.465354
0.0,5,232.465469
0.0,2,232.465544
0.0,3,232.465643
0.0,6,232.465775
1.0,11,232.465969
0.0,6,232.466097
0.0,6,232.466226
0.0,7,232.466367
0.0,3,232.466456
0.0,6,232.466584
0.0,6,232.466724
0.0,3,232.466815
0.0,3,232.466904
0.0,8,232.46706
0.0,10,232.467243
0.0,6,232.467374
0.0,5,232.467489
0.0,7,232.467641
0.0,7,232.467784
0.0,10,232.467966
0.0,7,232.468107
0.0,8,232.468262
0.0,2,232.468337
0.0,29,232.468812
0.0,11,232.46901
0.0,4,232.469112
0.0,3,232.469201
0.0,5,232.469317
0.0,2,232.469392
0.0,2,232.469467
0.0,3,232.469556
0.0,12,232.469776
0.0,10,232.469959
0.0,14,232.470193
0.0,2,232.470268
0.0,11,232.470463
0.0,34,232.470972
0.0,4,232.471077
0.0,2,232.471152
0.0,6,232.471281
0.0,8,232.471436
0.0,4,232.471537
0.0,5,232.471662
0.0,4,232.471767
0.0,10,232.471949
0.0,7,232.472091
0.0,8,232.472245
0.0,13,232.472466
0.0,2,232.472541
0.0,8,232.472707
0.0,6,232.472838
0.0,6,232.472968
1.0,8,232.473123
0.0,4,232.473225
0.0,15,232.473475
0.0,3,232.473564
0.0,8,232.473728
0.0,5,232.473847
0.0,3,232.473935
0.0,2,232.474011
0.0,3,232.474099
0.0,5,232.474216
0.0,4,232.474317
0.0,3,232.474405
0.0,13,232.474634
0.0,12,232.474845
0.0,6,232.474974
1.0,11,232.475169
0.0,9,232.475338
0.0,8,232.475493
0.0,3,232.475581
0.0,19,232.475891
0.0,12,232.476103
0.0,4,232.476206
0.0,5,232.476321
0.0,6,232.47645
0.0,4,232.476553
0.0,3,232.476652
0.0,2,232.47673
0.0,7,232.476874
0.0,9,232.477043
0.0,5,232.477159
0.0,5,232.477275
0.0,5,232.477391
0.0,7,232.477532
0.0,7,232.477686
0.0,7,232.477831
0.0,9,232.478
0.0,4,232.478102
0.0,6,232.478231
0.0,6,232.478359
0.0,6,232.478487
0.0,9,232.478667
0.0,7,232.478812
0.0,13,232.479034
1.0,19,232.479334
0.0,13,232.479555
0.0,3,232.479653
0.0,2,232.479731
0.0,3,232.47982
0.0,11,232.480016
0.0,4,232.480118
0.0,2,232.480192
0.0,5,232.480307
0.0,14,232.480541
0.0,6,232.480679
0.0,2,232.480756
0.0,2,232.480831
1.0,6,232.48096
0.0,18,232.48125
0.0,11,232.481445
0.0,5,232.48156
0.0,9,232.48174
0.0,2,232.481818
0.0,3,232.481906
0.0,11,232.482103
0.0,7,232.482244
0.0,3,232.482332
0.0,7,232.482473
0.0,5,232.482589
0.0,2,232.482673
0.0,7,232.482817
0.0,3,232.482906
0.0,4,232.483009
0.0,3,232.483097
0.0,7,232.483239
0.0,6,232.483367
0.0,10,232.483551
0.0,4,232.483664
0.0,9,232.483837
0.0,3,232.483926
0.0,6,232.484055
0.0,9,232.484225
0.0,6,232.484353
0.0,6,232.484482
0.0,3,232.48457
0.0,7,232.484723
0.0,5,232.484841
0.0,4,232.484943
0.0,10,232.485124
0.0,3,232.485212
0.0,12,232.485422
0.0,6,232.48555
0.0,9,232.48573
0.0,7,232.485874
1.0,13,232.486097
0.0,10,232.486281
1.0,6,232.486409
0.0,2,232.486484
0.0,6,232.486613
0.0,3,232.486712
0.0,4,232.486814
0.0,8,232.48697
0.0,5,232.487086
0.0,5,232.487207
0.0,4,232.48731
0.0,5,232.487425
0.0,6,232.487554
0.0,6,232.487695
0.0,17,232.487971
0.0,2,232.488047
0.0,5,232.488162
0.0,2,232.488238
0.0,2,232.488312
0.0,9,232.488482
0.0,6,232.488612
0.0,8,232.488779
0.0,6,232.488909
0.0,3,232.488998
0.0,5,232.489113
0.0,2,232.489187
0.0,23,232.489544
0.0,8,232.489709
0.0,3,232.489811
0.0,5,232.489929
0.0,7,232.490071
0.0,9,232.490241
0.0,8,232.490396
0.0,4,232.490498
1.0,11,232.490705
0.0,10,232.49089
0.0,16,232.491154
0.0,6,232.491284
0.0,7,232.491428
0.0,2,232.491505
0.0,6,232.491643
0.0,6,232.491775
0.0,2,232.49185
0.0,3,232.491939
0.0,7,232.492084
0.0,5,232.4922
0.0,4,232.492302
0.0,2,232.492378
0.0,7,232.49252
0.0,7,232.492697
0.0,5,232.492845
0.0,5,232.492962
1.0,6,232.493092
0.0,2,232.493168
0.0,5,232.493283
0.0,7,232.493426
0.0,5,232.493542
0.0,13,232.493776
0.0,8,232.493934
0.0,6,232.494063
0.0,7,232.494206
0.0,5,232.494321
0.0,7,232.494463
0.0,6,232.494593
0.0,6,232.494729
0.0,3,232.49482
0.0,5,232.494936
0.0,7,232.495077
0.0,2,232.495153
0.0,8,232.495308
0.0,10,232.49549
0.0,5,232.495605
0.0,4,232.495744
0.0,9,232.495913
0.0,5,232.496029
0.0,5,232.496145
0.0,4,232.496247
0.0,8,232.496404
0.0,4,232.496505
0.0,5,232.496641
0.0,3,232.49675
0.0,2,232.496826
0.0,6,232.496955
0.0,4,232.497057
0.0,3,232.497145
0.0,4,232.497247
0.0,10,232.497431
0.0,2,232.497506
0.0,2,232.49758
0.0,9,232.497758
0.0,6,232.49789
0.0,4,232.497993
0.0,13,232.498215
0.0,3,232.498305
0.0,4,232.498406
0.0,3,232.498495
0.0,8,232.498675
0.0,4,232.498791
0.0,6,232.498921
0.0,5,232.499036
0.0,3,232.499125
0.0,4,232.499227
0.0,5,232.499342
0.0,3,232.49943
0.0,7,232.499572
0.0,16,232.499844
0.0,4,232.499949
0.0,6,232.500077
0.0,8,232.500232
0.0,5,232.500347
0.0,8,232.500503
0.0,7,232.500655
0.0,2,232.500732
0.0,5,232.500849
0.0,15,232.501098
0.0,4,232.501201
0.0,13,232.501423
0.0,4,232.501525
0.0,4,232.501634
0.0,10,232.50182
0.0,2,232.501896
0.0,10,232.502078
0.0,4,232.502181
0.0,6,232.502311
0.0,10,232.502492
0.0,5,232.502608
0.0,5,232.502735
0.0,2,232.50281
0.0,10,232.502992
0.0,2,232.503067
0.0,9,232.503236
0.0,4,232.503338
0.0,5,232.503454
0.0,8,232.503608
0.0,2,232.503694
0.0,16,232.503957
0.0,7,232.504099
0.0,4,232.5042
0.0,2,232.504273
0.0,9,232.504441
0.0,5,232.504557
0.0,8,232.50472
0.0,3,232.504812
0.0,5,232.504927
0.0,12,232.505136
0.0,5,232.50525
0.0,4,232.505352
0.0,6,232.50548
0.0,9,232.505661
0.0,6,232.505793
0.0,4,232.505894
0.0,8,232.50605
0.0,6,232.50618
0.0,13,232.506404
0.0,3,232.506494
0.0,2,232.50657
0.0,3,232.506668
0.0,2,232.506746
0.0,6,232.506874
0.0,2,232.506949
0.0,3,232.507037
0.0,7,232.507179
0.0,10,232.507361
0.0,3,232.50745
0.0,3,232.507539
0.0,3,232.507635
0.0,5,232.507753
0.0,5,232.507869
0.0,3,232.507957
0.0,3,232.508046
0.0,6,232.508174
0.0,14,232.50841
0.0,4,232.508512
0.0,2,232.508586
0.0,5,232.508713
0.0,3,232.508803
0.0,2,232.508879
0.0,4,232.508981
0.0,4,232.509083
0.0,3,232.509171
0.0,9,232.50934
0.0,5,232.509455
0.0,2,232.50953
0.0,7,232.509683
0.0,4,232.509788
0.0,4,232.509891
0.0,3,232.50998
0.0,2,232.510055
0.0,2,232.510131
0.0,11,232.510384
0.0,4,232.510492
0.0,10,232.510715
0.0,4,232.51082
0.0,6,232.510949
0.0,8,232.511104
0.0,5,232.511219
0.0,3,232.511307
0.0,5,232.51142
0.0,6,232.511547
0.0,2,232.511628
0.0,13,232.511854
0.0,7,232.511996
0.0,5,232.51211
0.0,2,232.512185
0.0,5,232.5123
0.0,6,232.512428
0.0,7,232.51257
0.0,15,232.512825
0.0,4,232.512928
0.0,16,232.513189
0.0,6,232.513317
0.0,4,232.513418
0.0,4,232.513519
0.0,5,232.513643
0.0,3,232.513733
0.0,11,232.513927
0.0,9,232.514095
0.0,6,232.514222
0.0,7,232.514363
0.0,7,232.514503
0.0,5,232.514617
0.0,8,232.514783
0.0,6,232.51491
0.0,2,232.514983
0.0,2,232.515058
0.0,11,232.515252
0.0,4,232.515354
0.0,3,232.515441
0.0,2,232.515515
0.0,9,232.515695
0.0,14,232.515931
0.0,5,232.516045
0.0,3,232.516132
0.0,17,232.516405
0.0,14,232.516647
0.0,2,232.516724
0.0,9,232.516892
0.0,5,232.517007
0.0,5,232.517122
0.0,3,232.517208
0.0,7,232.517349
0.0,6,232.517476
0.0,2,232.51755
0.0,4,232.517662
0.0,4,232.51777
0.0,4,232.517872
0.0,7,232.518013
0.0,3,232.5181
0.0,5,232.518215
0.0,3,232.518303
0.0,7,232.518444
0.0,5,232.518558
0.0,3,232.518654
0.0,4,232.518757
0.0,5,232.518872
0.0,14,232.519105
0.0,6,232.519243
0.0,6,232.519372
0.0,7,232.519515
0.0,17,232.519797
0.0,2,232.519874
0.0,3,232.519962
0.0,8,232.520117
0.0,3,232.520204
0.0,2,232.520277
0.0,6,232.520405
0.0,3,232.520492
0.0,15,232.520752
0.0,5,232.520869
0.0,7,232.52101
0.0,7,232.521151
0.0,4,232.521252
0.0,8,232.521406
0.0,4,232.521506
0.0,2,232.52158
0.0,5,232.521703
0.0,3,232.521794
0.0,5,232.521909
0.0,2,232.521983
0.0,4,232.522084
0.0,7,232.522226
0.0,3,232.522314
0.0,5,232.522429
0.0,8,232.522584
0.0,2,232.522666
0.0,10,232.522851
0.0,3,232.52294
0.0,5,232.523054
0.0,4,232.523156
0.0,3,232.523243
0.0,4,232.523343
0.0,4,232.523443
0.0,4,232.523544
0.0,4,232.523656
0.0,4,232.52376
0.0,7,232.523901
0.0,6,232.524028
0.0,9,232.524197
0.0,5,232.524311
0.0,4,232.524412
0.0,14,232.524654
0.0,3,232.524744
0.0,5,232.524859
0.0,2,232.524933
0.0,18,232.525218
0.0,2,232.525292
0.0,10,232.525473
0.0,2,232.525547
0.0,3,232.525644
0.0,4,232.525748
0.0,3,232.525836
0.0,2,232.525909
0.0,2,232.525982
0.0,4,232.526083
0.0,8,232.526237
0.0,3,232.526324
0.0,9,232.526491
0.0,5,232.526605
0.0,10,232.526798
0.0,6,232.526927
0.0,2,232.527002
0.0,3,232.52709
0.0,2,232.527164
0.0,4,232.527265
0.0,10,232.527446
0.0,6,232.527573
0.0,7,232.527723
0.0,4,232.527826
0.0,14,232.52806
0.0,3,232.528147
0.0,7,232.528288
0.0,9,232.528453
0.0,3,232.528541
0.0,13,232.528771
1.0,14,232.529008
0.0,2,232.529082
0.0,6,232.529209
1.0,9,232.529377
0.0,5,232.529491
0.0,10,232.529685
0.0,7,232.529829
0.0,4,232.52993
0.0,5,232.530044
0.0,12,232.530251
0.0,12,232.530458
0.0,8,232.53061
0.0,4,232.530721
0.0,6,232.530848
0.0,5,232.530962
0.0,21,232.531288
0.0,5,232.531402
0.0,12,232.53161
0.0,3,232.531706
0.0,2,232.531781
0.0,4,232.531881
0.0,4,232.531982
0.0,2,232.532055
0.0,6,232.532184
0.0,16,232.532447
0.0,6,232.532575
0.0,2,232.532657
0.0,3,232.532747
0.0,7,232.532889
0.0,3,232.532976
0.0,7,232.533116
0.0,6,232.533244
0.0,5,232.533357
0.0,6,232.533484
0.0,8,232.533646
0.0,20,232.533961
0.0,5,232.534074
0.0,8,232.534228
0.0,6,232.534355
0.0,2,232.534428
0.0,3,232.534515
0.0,9,232.534691
0.0,5,232.534808
0.0,6,232.534936
0.0,13,232.535156
0.0,8,232.53531
0.0,4,232.535411
0.0,7,232.535552
0.0,4,232.535665
0.0,4,232.535768
0.0,11,232.535961
0.0,8,232.536116
0.0,7,232.536257
0.0,6,232.536384
0.0,5,232.536498
0.0,4,232.536598
0.0,7,232.536747
0.0,4,232.53685
1.0,16,232.537114
0.0,10,232.537295
0.0,6,232.537423
0.0,5,232.537537
0.0,2,232.537611
0.0,6,232.537748
0.0,5,232.537862
0.0,5,232.537977
0.0,5,232.538091
0.0,4,232.538191
0.0,4,232.538293
0.0,7,232.538434
0.0,13,232.538666
0.0,3,232.538757
0.0,8,232.538911
0.0,9,232.539078
0.0,2,232.539153
0.0,19,232.539452
0.0,9,232.539627
0.0,6,232.539758
0.0,6,232.539887
0.0,5,232.540002
0.0,4,232.540103
0.0,5,232.540218
0.0,3,232.540305
0.0,16,232.540565
0.0,5,232.540688
0.0,3,232.540778
0.0,5,232.540892
0.0,4,232.540992
0.0,7,232.541134
0.0,8,232.541287
0.0,6,232.541414
0.0,6,232.54154
0.0,8,232.541706
0.0,4,232.541809
0.0,5,232.541923
0.0,5,232.542037
0.0,8,232.542189
0.0,5,232.542302
0.0,5,232.542416
0.0,13,232.542646
1.0,15,232.542893
0.0,9,232.543061
0.0,2,232.543134
0.0,6,232.543262
0.0,5,232.543375
0.0,3,232.543461
0.0,2,232.543535
0.0,6,232.543669
0.0,6,232.543799
0.0,3,232.543887
0.0,9,232.544054
0.0,12,232.54426
0.0,7,232.544402
0.0,6,232.544529
0.0,3,232.544616
0.0,5,232.544741
0.0,16,232.545002
0.0,4,232.545103
0.0,10,232.545284
0.0,8,232.545438
0.0,10,232.545619
0.0,6,232.545759
0.0,3,232.545847
0.0,11,232.546041
0.0,3,232.546128
0.0,2,232.546202
0.0,6,232.546329
0.0,3,232.546416
0.0,8,232.54657
0.0,4,232.546681
0.0,5,232.546797
0.0,12,232.547004
0.0,13,232.547224
0.0,4,232.547324
0.0,11,232.547518
0.0,11,232.547724
0.0,4,232.547828
0.0,17,232.548102
0.0,3,232.54819
0.0,12,232.548397
0.0,6,232.548523
0.0,2,232.548598
0.0,11,232.548801
0.0,3,232.548892
0.0,6,232.54902
0.0,8,232.549174
0.0,5,232.549287
0.0,13,232.549508
0.0,6,232.549655
0.0,4,232.54976
0.0,3,232.549849
0.0,4,232.54995
0.0,3,232.550037
0.0,4,232.550138
0.0,6,232.550266
0.0,10,232.550447
0.0,4,232.550548
0.0,7,232.5507
0.0,2,232.550777
0.0,4,232.550879
0.0,9,232.551047
0.0,12,232.551255
0.0,3,232.551342
0.0,4,232.551443
0.0,5,232.551556
0.0,5,232.551678
0.0,6,232.551808
0.0,9,232.551976
0.0,4,232.552097
0.0,4,232.552199
0.0,3,232.552286
0.0,6,232.552414
1.0,11,232.552609
0.0,9,232.552821
0.0,2,232.552907
0.0,4,232.55301
0.0,6,232.553138
0.0,8,232.553292
0.0,7,232.553433
0.0,2,232.553507
0.0,6,232.553647
0.0,5,232.553764
0.0,5,232.553878
0.0,9,232.554045
0.0,4,232.554146
0.0,4,232.554246
0.0,8,232.5544
0.0,11,232.554595
0.0,2,232.554678
0.0,7,232.554821
0.0,5,232.554936
0.0,18,232.555223
0.0,4,232.555324
0.0,3,232.555411
0.0,10,232.555594
0.0,7,232.555746
0.0,5,232.555864
0.0,4,232.555965
0.0,3,232.556053
0.0,2,232.556128
0.0,15,232.556375
0.0,8,232.556528
0.0,2,232.556603
0.0,9,232.556782
0.0,4,232.556885
0.0,8,232.55704
0.0,7,232.557182
0.0,5,232.557296
0.0,5,232.55741
0.0,8,232.557565
0.0,2,232.557649
0.0,5,232.557766
0.0,4,232.557868
0.0,2,232.557943
0.0,8,232.558097
0.0,4,232.558199
0.0,7,232.55834
0.0,10,232.55852
0.0,5,232.558643
0.0,12,232.558853
1.0,8,232.559007
0.0,2,232.559082
0.0,5,232.559196
0.0,5,232.559309
0.0,4,232.55941
0.0,4,232.559511
0.0,6,232.559649
0.0,6,232.559779
0.0,11,232.559975
0.0,15,232.560225
0.0,8,232.56038
1.0,13,232.560601
0.0,7,232.560753
0.0,4,232.560856
0.0,11,232.56105
0.0,4,232.561152
0.0,14,232.561386
0.0,4,232.561487
0.0,13,232.561718
0.0,2,232.561794
0.0,4,232.561895
0.0,3,232.561983
0.0,5,232.562098
0.0,5,232.562212
0.0,15,232.562457
0.0,3,232.562545
0.0,2,232.562627
0.0,12,232.56284
0.0,2,232.562914
0.0,2,232.562988
0.0,5,232.563103
0.0,6,232.563231
0.0,3,232.563318
1.0,8,232.563473
0.0,7,232.563613
0.0,5,232.563738
0.0,8,232.563894
0.0,9,232.564062
0.0,4,232.564163
0.0,11,232.564358
0.0,10,232.564539
0.0,2,232.564613
0.0,9,232.564791
0.0,6,232.56492
0.0,3,232.565008
0.0,12,232.565217
0.0,2,232.565292
0.0,3,232.56538
0.0,7,232.565521
0.0,4,232.565632
0.0,9,232.565804
0.0,5,232.565919
0.0,3,232.566006
0.0,2,232.56608
0.0,4,232.56618
0.0,10,232.566362
0.0,3,232.566449
0.0,5,232.566564
0.0,6,232.5667
0.0,6,232.56683
0.0,5,232.566945
0.0,3,232.567032
0.0,7,232.567174
0.0,7,232.567314
0.0,5,232.567428
0.0,11,232.567628
1.0,10,232.567812
0.0,2,232.567887
0.0,9,232.568055
0.0,2,232.568129
0.0,9,232.568297
0.0,6,232.568425
0.0,3,232.568512
0.0,12,232.568731
0.0,2,232.568808
0.0,5,232.568923
0.0,6,232.56905
0.0,11,232.569244
0.0,14,232.569478
0.0,4,232.569578
0.0,3,232.569675
0.0,11,232.569871
0.0,6,232.569998
0.0,3,232.570085
0.0,5,232.570199
0.0,5,232.570313
0.0,11,232.570508
0.0,4,232.570609
0.0,5,232.570735
0.0,9,232.570904
0.0,3,232.570993
0.0,4,232.571095
0.0,3,232.571183
0.0,2,232.571258
0.0,4,232.57136
0.0,15,232.571609
0.0,5,232.571737
0.0,7,232.571879
0.0,5,232.571994
0.0,7,232.572137
0.0,4,232.572239
0.0,6,232.572367
0.0,3,232.572456
0.0,3,232.572545
0.0,10,232.572737
0.0,10,232.572921
0.0,12,232.573131
0.0,4,232.573233
0.0,7,232.573375
0.0,8,232.57353
0.0,12,232.573747
0.0,7,232.573891
0.0,6,232.57402
0.0,5,232.574135
0.0,2,232.574209
0.0,4,232.574311
0.0,12,232.574518
0.0,4,232.574626
0.0,6,232.574759
0.0,9,232.574927
0.0,9,232.575096
0.0,2,232.575171
0.0,6,232.575302
0.0,2,232.575376
0.0,2,232.575451
0.0,15,232.575709
0.0,3,232.575801
0.0,4,232.575903
0.0,7,232.576045
0.0,5,232.576159
0.0,6,232.576289
0.0,8,232.576443
0.0,7,232.576584
0.0,14,232.576825
0.0,7,232.576969
0.0,2,232.577045
0.0,4,232.577147
0.0,13,232.577371
0.0,4,232.577474
0.0,9,232.577654
0.0,6,232.577786
0.0,13,232.578008
0.0,4,232.57811
0.0,13,232.578334
0.0,3,232.578423
0.0,4,232.578525
0.0,3,232.578613
0.0,3,232.578712
0.0,15,232.578961
0.0,8,232.579116
0.0,5,232.579232
0.0,3,232.579319
0.0,7,232.579461
0.0,4,232.579562
0.0,8,232.579726
0.0,5,232.579853
1.0,31,232.580316
0.0,8,232.580474
0.0,7,232.580618
0.0,9,232.58081
0.0,3,232.580901
0.0,5,232.581019
0.0,3,232.581107
0.0,11,232.581304
0.0,3,232.581393
0.0,6,232.581521
0.0,5,232.581646
0.0,7,232.581791
0.0,4,232.581893
0.0,7,232.582035
0.0,3,232.582123
0.0,4,232.582224
0.0,6,232.582352
0.0,3,232.58244
0.0,8,232.582595
0.0,3,232.582692
0.0,8,232.582849
0.0,7,232.582991
0.0,10,232.583172
0.0,7,232.583313
0.0,10,232.583494
0.0,8,232.58366
0.0,3,232.583751
0.0,9,232.583921
0.0,6,232.584051
0.0,6,232.584179
0.0,8,232.584334
0.0,2,232.584409
0.0,7,232.58455
0.0,6,232.584688
0.0,2,232.584765
0.0,3,232.584853
0.0,10,232.585036
0.0,7,232.585178
0.0,3,232.585265
0.0,2,232.585341
0.0,9,232.585511
0.0,5,232.585636
0.0,5,232.585754
0.0,6,232.585882
0.0,7,232.586023
0.0,3,232.58611
0.0,12,232.586318
0.0,5,232.586433
0.0,2,232.586508
0.0,26,232.586916
0.0,5,232.587035
0.0,4,232.587137
0.0,15,232.587385
0.0,9,232.587554
0.0,3,232.587653
0.0,6,232.587785
0.0,4,232.587887
0.0,6,232.588016
0.0,4,232.588118
0.0,2,232.588192
0.0,4,232.588295
0.0,11,232.58849
0.0,4,232.588592
0.0,7,232.588742
0.0,3,232.588833
0.0,8,232.588988
0.0,3,232.589077
0.0,2,232.589151
0.0,5,232.589267
0.0,2,232.589342
0.0,8,232.589497
0.0,4,232.589599
0.0,13,232.589831
0.0,4,232.589936
0.0,4,232.590038
0.0,5,232.590152
0.0,7,232.590293
0.0,6,232.590422
0.0,6,232.590551
0.0,2,232.590634
0.0,3,232.590726
0.0,4,232.590828
0.0,4,232.59093
0.0,2,232.591006
0.0,2,232.59108
0.0,5,232.591195
0.0,2,232.591269
0.0,2,232.591344
0.0,11,232.591539
0.0,12,232.591759
0.0,8,232.591916
0.0,2,232.59199
1.0,10,232.592172
0.0,2,232.592247
0.0,12,232.592456
0.0,5,232.592574
0.0,8,232.592742
0.0,3,232.592833
0.0,2,232.592908
0.0,10,232.593089
0.0,6,232.593217
0.0,2,232.593292
0.0,5,232.593406
0.0,18,232.593703
0.0,6,232.593834
0.0,8,232.593991
0.0,4,232.594092
0.0,5,232.594207
0.0,4,232.594307
0.0,3,232.594396
0.0,4,232.594497
0.0,4,232.594599
0.0,8,232.594762
0.0,3,232.594853
0.0,5,232.594968
0.0,11,232.595164
0.0,4,232.595267
0.0,7,232.595408
0.0,4,232.59551
0.0,2,232.595584
0.0,7,232.595739
0.0,2,232.595817
0.0,4,232.595919
0.0,4,232.59602
0.0,11,232.596216
0.0,5,232.596332
0.0,5,232.596445
0.0,4,232.596547
0.0,4,232.596659
0.0,11,232.596856
0.0,5,232.596972
0.0,2,232.597046
0.0,2,232.597121
0.0,2,232.597196
0.0,2,232.597271
0.0,6,232.5974
0.0,6,232.59753
0.0,6,232.597668
0.0,10,232.597853
0.0,5,232.597967
0.0,3,232.598056
0.0,6,232.598184
0.0,7,232.598325
0.0,6,232.598453
0.0,2,232.598527
0.0,12,232.598745
0.0,5,232.598862
0.0,13,232.599082
0.0,3,232.59917
0.0,2,232.599245
0.0,10,232.599427
0.0,8,232.599582
0.0,3,232.599679
0.0,2,232.599756
0.0,10,232.599938
0.0,5,232.600053
0.0,5,232.600168
0.0,6,232.600296
0.0,2,232.60037
0.0,15,232.600618
0.0,2,232.600703
0.0,5,232.600819
0.0,5,232.600934
0.0,10,232.601115
0.0,6,232.601243
0.0,3,232.601331
0.0,11,232.601528
0.0,13,232.601761
0.0,3,232.601852
0.0,6,232.601982
0.0,3,232.602071
0.0,8,232.602225
0.0,6,232.602353
0.0,5,232.602467
0.0,16,232.602737
0.0,2,232.602815
0.0,8,232.60297
0.0,7,232.603112
0.0,7,232.603253
0.0,3,232.603342
0.0,18,232.603638
0.0,4,232.603744
0.0,3,232.603832
0.0,3,232.60392
0.0,17,232.604194
0.0,2,232.604269
0.0,14,232.604502
0.0,5,232.604616
0.0,8,232.604783
0.0,5,232.604899
0.0,3,232.604987
0.0,3,232.605075
0.0,8,232.60523
0.0,6,232.605357
0.0,4,232.605459
0.0,5,232.605574
0.0,12,232.605793
0.0,14,232.60603
0.0,7,232.606172
0.0,3,232.606261
0.0,11,232.606455
0.0,3,232.606543
0.0,5,232.606668
0.0,10,232.606851
0.0,4,232.606952
0.0,14,232.607186
0.0,10,232.607368
0.0,2,232.607443
0.0,5,232.607558
0.0,4,232.607673
0.0,6,232.607803
0.0,3,232.607891
0.0,4,232.607992
0.0,3,232.60808
0.0,4,232.608182
0.0,17,232.608455
0.0,2,232.608531
0.0,8,232.608695
0.0,3,232.608785
0.0,6,232.608913
0.0,6,232.609041
0.0,4,232.609142
0.0,6,232.609271
0.0,2,232.609345
0.0,8,232.6095
0.0,5,232.609616
0.0,6,232.609768
0.0,10,232.609953
0.0,5,232.61007
0.0,3,232.610159
0.0,18,232.610507
0.0,3,232.610602
0.0,2,232.61069
0.0,6,232.610822
0.0,5,232.610938
0.0,2,232.611012
0.0,4,232.611114
0.0,6,232.611243
0.0,7,232.611383
0.0,6,232.611511
0.0,14,232.611754
0.0,14,232.611991
0.0,8,232.612146
0.0,5,232.612261
0.0,7,232.612402
0.0,5,232.612518
0.0,6,232.612671
0.0,4,232.612786
0.0,2,232.612861
0.0,6,232.612989
0.0,6,232.613116
0.0,2,232.613191
0.0,5,232.613305
0.0,10,232.613488
0.0,3,232.613579
0.0,3,232.613675
0.0,4,232.613778
0.0,8,232.613933
0.0,13,232.614154
0.0,4,232.614255
0.0,6,232.614382
0.0,6,232.61451
0.0,12,232.614727
0.0,5,232.614845
0.0,3,232.614933
0.0,5,232.615047
0.0,9,232.615215
0.0,4,232.615316
0.0,4,232.615416
0.0,5,232.615531
0.0,3,232.615628
0.0,7,232.615773
0.0,7,232.615915
0.0,9,232.616084
0.0,3,232.616173
0.0,4,232.616274
1.0,13,232.616496
0.0,10,232.61669
0.0,6,232.616821
0.0,10,232.617002
0.0,5,232.617118
0.0,4,232.61722
0.0,11,232.617415
0.0,3,232.617503
0.0,9,232.617682
0.0,12,232.617892
0.0,5,232.618007
0.0,6,232.618135
0.0,4,232.618237
0.0,4,232.618339
0.0,6,232.618467
0.0,5,232.618581
0.0,11,232.618784
0.0,5,232.618901
0.0,6,232.61903
0.0,3,232.619117
0.0,3,232.619205
0.0,5,232.619319
0.0,7,232.61946
0.0,3,232.619548
0.0,6,232.619687
0.0,2,232.619765
0.0,13,232.619988
0.0,5,232.620103
0.0,5,232.620216
0.0,7,232.620357
0.0,8,232.620511
0.0,8,232.620675
0.0,13,232.6209
0.0,3,232.620988
0.0,10,232.621169
0.0,5,232.621284
0.0,7,232.621426
0.0,5,232.62154
0.0,2,232.621614
0.0,8,232.62178
0.0,7,232.621922
0.0,5,232.622037
0.0,5,232.622151
0.0,3,232.622239
0.0,2,232.622313
0.0,14,232.622547
0.0,4,232.622661
0.0,12,232.622872
0.0,7,232.623014
0.0,5,232.623129
0.0,9,232.623297
0.0,8,232.623453
0.0,3,232.623541
0.0,4,232.623652
0.0,8,232.623809
0.0,8,232.623963
0.0,4,232.624063
0.0,5,232.624176
0.0,4,232.624276
0.0,14,232.62451
0.0,6,232.624646
0.0,5,232.624764
0.0,4,232.624866
0.0,2,232.62494
0.0,5,232.625056
0.0,3,232.625144
0.0,4,232.625244
0.0,5,232.625359
0.0,2,232.625432
0.0,3,232.62552
0.0,10,232.625716
0.0,9,232.625886
0.0,3,232.625975
0.0,5,232.626091
0.0,6,232.626218
0.0,3,232.626306
0.0,9,232.626473
0.0,2,232.626547
0.0,2,232.626627
0.0,2,232.626706
0.0,16,232.626968
0.0,11,232.627165
0.0,3,232.627252
0.0,10,232.627432
0.0,2,232.627506
0.0,5,232.627627
0.0,2,232.627705
0.0,4,232.627806
0.0,2,232.62788
0.0,11,232.628075
0.0,6,232.628204
0.0,4,232.628304
0.0,3,232.628393
0.0,6,232.62852
0.0,3,232.628608
1.0,12,232.628824
0.0,3,232.628912
0.0,5,232.629027
0.0,4,232.629128
0.0,7,232.62927
0.0,4,232.629372
0.0,9,232.629539
0.0,4,232.629649
0.0,3,232.629739
0.0,7,232.629881
0.0,4,232.629982
0.0,16,232.630242
0.0,5,232.630356
0.0,6,232.630483
0.0,4,232.630583
0.0,4,232.630692
0.0,6,232.630822
0.0,8,232.630975
0.0,5,232.631089
0.0,3,232.631177
0.0,3,232.631264
0.0,8,232.631419
0.0,6,232.631547
0.0,3,232.631645
0.0,11,232.631843
0.0,3,232.631931
0.0,8,232.632084
0.0,6,232.632211
0.0,4,232.632312
0.0,9,232.632479
0.0,5,232.632593
0.0,6,232.632728
0.0,3,232.632818
0.0,10,232.632999
0.0,2,232.633074
0.0,3,232.633161
0.0,7,232.633302
0.0,3,232.633389
1.0,9,232.633557
0.0,5,232.633681
0.0,9,232.633852
0.0,5,232.633967
0.0,6,232.634094
0.0,8,232.634249
0.0,4,232.634349
0.0,7,232.634491
0.0,2,232.634564
0.0,3,232.634663
0.0,6,232.634795
0.0,3,232.634883
0.0,4,232.634984
0.0,3,232.635072
0.0,6,232.6352
0.0,13,232.63542
0.0,2,232.635494
0.0,2,232.635567
0.0,6,232.635705
0.0,6,232.635835
0.0,4,232.635936
0.0,5,232.636051
0.0,5,232.636165
0.0,10,232.636346
0.0,7,232.636485
0.0,6,232.636611
0.0,3,232.636709
0.0,6,232.636837
0.0,5,232.63695
0.0,5,232.637064
0.0,22,232.637403
0.0,9,232.63757
0.0,2,232.637656
0.0,2,232.637733
0.0,9,232.637901
0.0,7,232.638042
0.0,4,232.638143
0.0,7,232.638283
0.0,4,232.638384
0.0,3,232.638471
0.0,6,232.638599
0.0,3,232.638695
0.0,2,232.638772
0.0,2,232.638848
0.0,9,232.639026
0.0,5,232.639143
0.0,2,232.639217
0.0,3,232.639305
0.0,4,232.639406
0.0,2,232.63948
0.0,7,232.639627
0.0,3,232.639719
1.0,12,232.639926
0.0,6,232.640054
0.0,3,232.640141
0.0,3,232.640229
0.0,6,232.640358
0.0,13,232.640579
0.0,3,232.640678
0.0,4,232.640783
0.0,4,232.640884
0.0,5,232.640999
0.0,3,232.641087
0.0,9,232.641255
0.0,15,232.641503
0.0,9,232.641682
0.0,8,232.641839
0.0,7,232.641979
0.0,2,232.642053
0.0,6,232.64218
0.0,3,232.642268
0.0,6,232.642395
0.0,12,232.642603
1.0,17,232.642932
0.0,6,232.643061
0.0,4,232.643162
0.0,3,232.643251
0.0,5,232.643366
0.0,6,232.643494
0.0,4,232.643596
0.0,2,232.643678
0.0,20,232.643998
0.0,6,232.644127
0.0,5,232.644242
0.0,7,232.644384
0.0,9,232.644552
0.0,11,232.644758
0.0,7,232.644901
0.0,10,232.645081
0.0,9,232.645248
0.0,8,232.645401
0.0,2,232.645475
0.0,7,232.645615
0.0,7,232.645796
0.0,11,232.645991
0.0,8,232.646145
0.0,9,232.646313
0.0,2,232.646387
0.0,8,232.646543
0.0,11,232.646746
0.0,4,232.646849
0.0,2,232.646923
0.0,6,232.647052
0.0,3,232.647139
0.0,6,232.647267
0.0,4,232.647367
0.0,7,232.647508
0.0,6,232.647646
0.0,3,232.647736
0.0,4,232.647837
0.0,7,232.647977
0.0,6,232.648104
0.0,6,232.648232
0.0,5,232.648346
0.0,4,232.648447
0.0,22,232.648797
0.0,7,232.648942
0.0,4,232.649043
0.0,3,232.649131
0.0,2,232.649206
0.0,11,232.6494
0.0,4,232.6495
0.0,8,232.649663
0.0,4,232.649767
0.0,2,232.649841
0.0,11,232.650036
0.0,6,232.650165
0.0,5,232.65028
0.0,5,232.650394
0.0,3,232.650482
0.0,12,232.650701
0.0,2,232.650778
0.0,14,232.651011
0.0,4,232.651112
0.0,8,232.651267
1.0,12,232.651474
0.0,5,232.651589
0.0,12,232.651806
0.0,7,232.65195
0.0,12,232.652159
0.0,3,232.652246
0.0,11,232.652441
0.0,7,232.652581
0.0,14,232.652859
0.0,11,232.653056
0.0,4,232.653157
0.0,3,232.653244
0.0,4,232.653346
0.0,5,232.65346
0.0,7,232.653601
0.0,18,232.653898
0.0,14,232.654135
0.0,8,232.65429
0.0,4,232.654392
0.0,6,232.65452
0.0,3,232.654608
0.0,2,232.654691
0.0,4,232.654794
0.0,8,232.654948
0.0,6,232.655076
0.0,6,232.655203
0.0,4,232.655304
0.0,6,232.655432
0.0,5,232.655546
0.0,10,232.655737
0.0,4,232.655841
0.0,2,232.655915
0.0,5,232.656028
0.0,5,232.656142
0.0,2,232.656217
0.0,2,232.656291
0.0,4,232.656392
0.0,6,232.65652
0.0,7,232.656672
0.0,15,232.656921
0.0,3,232.65701
0.0,2,232.657084
0.0,3,232.657172
0.0,4,232.657274
0.0,3,232.657361
0.0,4,232.657461
0.0,3,232.657549
0.0,9,232.657726
0.0,6,232.657856
0.0,7,232.657998
0.0,2,232.658071
0.0,6,232.658199
0.0,14,232.658433
0.0,6,232.658561
0.0,8,232.658724
0.0,13,232.658949
0.0,9,232.659117
0.0,3,232.659205
0.0,7,232.659348
0.0,2,232.659422
0.0,4,232.659524
0.0,8,232.659689
0.0,7,232.659834
0.0,3,232.659922
0.0,7,232.660063
0.0,4,232.660164
0.0,5,232.660279
0.0,5,232.660394
0.0,4,232.660495
0.0,4,232.660595
0.0,5,232.660718
0.0,3,232.660809
0.0,4,232.660912
0.0,3,232.661
0.0,9,232.661169
0.0,7,232.66131
0.0,4,232.661411
0.0,9,232.66158
0.0,3,232.661676
0.0,2,232.661754
0.0,5,232.661869
0.0,12,232.662078
0.0,3,232.662165
0.0,4,232.662266
0.0,2,232.66234
0.0,8,232.662494
0.0,4,232.662595
0.0,8,232.662759
0.0,2,232.662837
0.0,10,232.663018
0.0,12,232.663227
0.0,7,232.663369
0.0,4,232.66347
0.0,5,232.663585
0.0,4,232.663694
0.0,9,232.663865
0.0,10,232.664046
0.0,3,232.664134
0.0,17,232.664407
0.0,10,232.664589
0.0,4,232.664699
0.0,8,232.664857
0.0,9,232.665025
0.0,8,232.665179
0.0,10,232.665359
0.0,5,232.665472
0.0,3,232.665559
0.0,5,232.665685
0.0,3,232.665775
0.0,2,232.665848
0.0,4,232.66595
0.0,6,232.666077
0.0,2,232.666151
0.0,3,232.666238
0.0,3,232.666325
0.0,3,232.666411
0.0,6,232.666538
0.0,5,232.666662
0.0,4,232.666765
0.0,4,232.666866
0.0,3,232.666954
0.0,4,232.667054
0.0,6,232.667183
0.0,5,232.667296
0.0,4,232.667397
0.0,5,232.66751
0.0,8,232.667675
0.0,3,232.667764
1.0,15,232.668012
0.0,3,232.668101
0.0,11,232.668295
1.0,18,232.668582
0.0,8,232.668746
0.0,3,232.668836
0.0,4,232.668937
0.0,4,232.669038
0.0,3,232.669136
0.0,5,232.669253
0.0,8,232.669408
0.0,8,232.669563
0.0,5,232.669686
0.0,2,232.669763
0.0,4,232.669864
0.0,4,232.669966
0.0,7,232.670108
0.0,11,232.670303
0.0,2,232.670377
0.0,3,232.670465
0.0,7,232.670607
0.0,6,232.670771
0.0,5,232.670887
0.0,3,232.670974
0.0,24,232.671343
0.0,21,232.671682
0.0,2,232.671759
0.0,11,232.671955
0.0,2,232.672028
0.0,5,232.672142
0.0,4,232.672243
0.0,4,232.672344
0.0,4,232.672445
0.0,9,232.672612
0.0,10,232.672803
0.0,6,232.672931
0.0,3,232.673018
0.0,2,232.673092
0.0,5,232.673207
0.0,11,232.673402
0.0,7,232.673543
0.0,7,232.673693
0.0,4,232.673797
1.0,8,232.673952
0.0,4,232.674053
0.0,7,232.674194
0.0,11,232.674388
0.0,7,232.674528
0.0,7,232.67468
0.0,7,232.674824
0.0,3,232.674912
0.0,12,232.67512
0.0,6,232.675247
0.0,3,232.675335
0.0,5,232.675449
0.0,2,232.675523
1.0,16,232.675795
0.0,2,232.675871
0.0,16,232.676132
0.0,7,232.676274
0.0,8,232.676429
0.0,7,232.67657
0.0,5,232.676694
0.0,19,232.676998
0.0,3,232.677085
0.0,8,232.67724
0.0,8,232.677393
0.0,6,232.67752
1.0,6,232.677659
0.0,5,232.677775
0.0,2,232.677848
0.0,6,232.677975
0.0,9,232.678141
0.0,8,232.678295
0.0,6,232.678421
0.0,8,232.678574
0.0,7,232.678724
0.0,4,232.678829
0.0,4,232.67893
0.0,4,232.67903
0.0,9,232.679197
0.0,5,232.679311
0.0,5,232.679425
0.0,15,232.679681
0.0,3,232.67977
0.0,2,232.679844
0.0,6,232.679971
0.0,3,232.680058
0.0,5,232.680171
0.0,9,232.680338
0.0,9,232.680505
0.0,7,232.680656
0.0,5,232.680773
1.0,7,232.680913
0.0,4,232.681015
0.0,6,232.681143
0.0,5,232.681258
0.0,4,232.681358
0.0,4,232.681459
0.0,18,232.681754
0.0,4,232.681859
0.0,2,232.681934
0.0,4,232.682036
0.0,4,232.682137
0.0,6,232.682266
0.0,2,232.682341
0.0,2,232.682415
0.0,3,232.682503
0.0,2,232.682577
0.0,10,232.682775
0.0,6,232.682906
0.0,8,232.68306
0.0,4,232.683162
0.0,12,232.683369
0.0,5,232.683483
0.0,5,232.683598
0.0,2,232.683683
0.0,8,232.68384
0.0,9,232.68401
0.0,4,232.684112
0.0,3,232.6842
0.0,12,232.684409
0.0,7,232.68455
0.0,7,232.684702
0.0,4,232.684807
0.0,6,232.684935
0.0,7,232.685076
0.0,6,232.685204
0.0,11,232.685399
0.0,7,232.685541
0.0,3,232.685639
0.0,6,232.685771
0.0,3,232.685858
0.0,7,232.686
0.0,12,232.686211
0.0,9,232.686379
0.0,15,232.686635
0.0,3,232.686726
0.0,3,232.686814
0.0,7,232.686954
0.0,8,232.687108
0.0,6,232.687236
0.0,5,232.687351
0.0,6,232.687478
0.0,5,232.687592
0.0,3,232.687689
0.0,9,232.68786
0.0,5,232.687975
0.0,13,232.688196
0.0,4,232.688297
0.0,3,232.688386
0.0,9,232.688556
0.0,6,232.688694
0.0,5,232.688811
0.0,7,232.688953
0.0,14,232.689187
0.0,4,232.689288
0.0,4,232.68939
0.0,4,232.689492
0.0,6,232.689628
0.0,8,232.689787
0.0,16,232.690046
0.0,3,232.690134
0.0,5,232.690251
0.0,2,232.690326
0.0,7,232.690467
0.0,8,232.690629
0.0,8,232.690788
0.0,3,232.690876
0.0,4,232.690978
0.0,6,232.691106
0.0,3,232.691194
0.0,4,232.691295
0.0,4,232.691397
0.0,6,232.691526
0.0,3,232.691613
1.0,9,232.691794
0.0,4,232.691897
0.0,8,232.692052
0.0,2,232.692127
0.0,9,232.692294
0.0,5,232.692409
0.0,2,232.692483
0.0,9,232.692661
0.0,6,232.692793
0.0,10,232.692974
0.0,9,232.693141
0.0,10,232.693323
0.0,3,232.693411
0.0,3,232.693499
0.0,7,232.69365
0.0,16,232.693912
0.0,9,232.69408
0.0,6,232.694208
0.0,3,232.694296
0.0,3,232.694384
0.0,8,232.694539
0.0,4,232.694649
0.0,6,232.694779
0.0,2,232.694854
0.0,3,232.694942
0.0,4,232.695043
0.0,2,232.695117
0.0,7,232.695258
0.0,2,232.695332
0.0,2,232.695407
0.0,2,232.695482
0.0,5,232.695619
0.0,5,232.695751
0.0,4,232.695855
0.0,10,232.696037
0.0,10,232.696219
0.0,3,232.696309
0.0,3,232.696398
0.0,2,232.696474
0.0,3,232.696563
0.0,15,232.696821
0.0,6,232.696952
1.0,8,232.697107
0.0,2,232.697181
0.0,11,232.697376
0.0,5,232.697491
0.0,4,232.697592
0.0,7,232.697743
0.0,4,232.697847
0.0,4,232.697948
0.0,2,232.698024
0.0,8,232.698179
0.0,4,232.698281
0.0,9,232.69845
0.0,6,232.698578
0.0,7,232.69873
0.0,15,232.698981
0.0,11,232.699176
0.0,3,232.699264
0.0,4,232.699376
0.0,3,232.699466
0.0,6,232.699595
0.0,3,232.699692
0.0,9,232.699862
0.0,4,232.699965
0.0,4,232.700066
0.0,12,232.700275
0.0,7,232.700417
0.0,2,232.70049
0.0,4,232.700592
0.0,8,232.700755
0.0,8,232.700913
0.0,5,232.701027
0.0,4,232.701128
0.0,7,232.701269
0.0,2,232.701344
0.0,5,232.701458
0.0,5,232.701574
0.0,4,232.701686
0.0,9,232.701857
0.0,11,232.702054
0.0,9,232.702222
0.0,5,232.702338
0.0,3,232.702426
0.0,3,232.702514
0.0,2,232.702588
0.0,3,232.702686
0.0,2,232.702779
0.0,3,232.70287
0.0,6,232.703
0.0,24,232.703369
0.0,6,232.7035
0.0,6,232.703638
0.0,6,232.70377
0.0,11,232.703965
0.0,4,232.704067
0.0,11,232.704262
0.0,10,232.704443
0.0,16,232.704716
0.0,6,232.704846
0.0,4,232.704948
0.0,7,232.70509
0.0,5,232.705205
0.0,4,232.705306
1.0,13,232.705528
0.0,2,232.705604
0.0,21,232.705944
0.0,5,232.706061
0.0,4,232.706163
0.0,8,232.706318
0.0,10,232.706501
0.0,7,232.706653
0.0,3,232.706745
0.0,16,232.707007
0.0,3,232.707094
0.0,12,232.707304
0.0,2,232.707378
0.0,2,232.707453
0.0,6,232.707583
0.0,3,232.707681
0.0,6,232.707813
0.0,5,232.707928
0.0,3,232.708016
0.0,6,232.708145
0.0,6,232.708273
0.0,12,232.708482
0.0,11,232.708688
0.0,7,232.708832
0.0,4,232.708934
0.0,4,232.709036
0.0,5,232.709152
0.0,3,232.709239
0.0,9,232.709407
0.0,10,232.70959
0.0,5,232.709714
0.0,9,232.709884
0.0,5,232.71
0.0,3,232.710089
1.0,10,232.710273
0.0,2,232.710405
0.0,7,232.710556
0.0,9,232.710739
0.0,5,232.710858
0.0,2,232.710933
0.0,13,232.711156
0.0,6,232.711284
0.0,4,232.711385
0.0,3,232.711472
0.0,5,232.711586
0.0,3,232.711682
0.0,13,232.711906
0.0,4,232.712007
0.0,9,232.712174
0.0,6,232.712303
0.0,3,232.71239
0.0,5,232.712505
0.0,3,232.712593
0.0,6,232.712728
0.0,5,232.712845
0.0,14,232.71308
0.0,9,232.713248
0.0,8,232.713403
0.0,16,232.713674
0.0,14,232.713911
0.0,10,232.714093
0.0,7,232.714233
0.0,5,232.714348
0.0,23,232.714711
0.0,8,232.714885
0.0,3,232.714975
0.0,9,232.715144
0.0,12,232.715353
0.0,2,232.715427
0.0,8,232.715582
0.0,2,232.715666
0.0,3,232.715757
0.0,14,232.715991
0.0,4,232.716092
0.0,4,232.716192
0.0,7,232.716333
0.0,8,232.716486
0.0,8,232.716651
0.0,5,232.716768
0.0,8,232.716921
0.0,2,232.716995
0.0,2,232.717068
0.0,5,232.717182
0.0,3,232.717269
0.0,6,232.717396
0.0,3,232.717484
0.0,11,232.717689
0.0,6,232.717819
0.0,7,232.717961
0.0,12,232.718169
0.0,4,232.71827
0.0,10,232.71845
0.0,3,232.718537
0.0,14,232.718779
0.0,9,232.718951
0.0,4,232.719053
0.0,2,232.719128
0.0,8,232.719282
0.0,11,232.719475
0.0,7,232.719616
0.0,7,232.719772
0.0,7,232.719913
0.0,10,232.720093
0.0,8,232.720247
1.0,15,232.720494
0.0,4,232.720596
0.0,3,232.720692
0.0,2,232.720769
0.0,5,232.720883
0.0,5,232.720998
0.0,3,232.721085
0.0,2,232.721159
0.0,3,232.721247
0.0,4,232.721349
0.0,4,232.72145
0.0,10,232.72164
0.0,5,232.721757
0.0,6,232.721885
0.0,10,232.722065
0.0,6,232.722192
0.0,2,232.722265
0.0,17,232.722536
0.0,6,232.722677
0.0,4,232.72278
0.0,10,232.722961
0.0,3,232.723048
0.0,2,232.723121
0.0,4,232.723221
0.0,8,232.723375
0.0,3,232.723462
0.0,10,232.723656
0.0,2,232.723733
0.0,3,232.723822
0.0,3,232.723909
0.0,5,232.724024
0.0,4,232.724125
0.0,11,232.724319
0.0,16,232.724579
0.0,6,232.724715
0.0,4,232.724818
0.0,3,232.724906
0.0,5,232.725019
0.0,9,232.725186
0.0,4,232.725286
0.0,4,232.725387
0.0,5,232.7255
0.0,4,232.725601
0.0,5,232.725727
0.0,6,232.725857
0.0,9,232.726025
0.0,3,232.726113
0.0,7,232.726255
0.0,11,232.726449
0.0,9,232.726617
0.0,6,232.726756
0.0,14,232.72699
0.0,5,232.727104
0.0,6,232.727231
1.0,6,232.727358
0.0,9,232.727526
0.0,8,232.727689
0.0,6,232.727819
0.0,8,232.727973
0.0,2,232.728046
0.0,2,232.72812
0.0,3,232.728206
0.0,4,232.728307
0.0,3,232.728393
0.0,6,232.728521
0.0,9,232.728699
0.0,5,232.728815
0.0,8,232.728969
0.0,3,232.729056
0.0,10,232.729236
0.0,3,232.729322
0.0,4,232.729423
0.0,3,232.729509
0.0,4,232.729609
0.0,2,232.729693
0.0,14,232.729927
0.0,5,232.730041
0.0,3,232.730141
0.0,3,232.730231
0.0,2,232.730306
0.0,2,232.730379
0.0,8,232.730534
0.0,2,232.730608
0.0,7,232.730761
0.0,5,232.730876
0.0,13,232.731096
0.0,4,232.731197
0.0,8,232.731351
0.0,5,232.731466
0.0,3,232.731553
0.0,3,232.731652
0.0,6,232.731782
0.0,2,232.731856
0.0,2,232.73193
0.0,6,232.732058
0.0,5,232.732172
0.0,9,232.73234
0.0,6,232.732466
0.0,3,232.732553
0.0,5,232.732676
0.0,3,232.732765
1.0,9,232.732933
0.0,2,232.733008
0.0,12,232.73322
0.0,2,232.733294
1.0,9,232.733462
0.0,3,232.733549
0.0,12,232.733765
0.0,14,232.734001
0.0,7,232.734141
0.0,5,232.734255
0.0,5,232.734369
0.0,16,232.734639
0.0,3,232.734729
0.0,3,232.734817
0.0,5,232.734931
0.0,4,232.735031
0.0,3,232.735118
0.0,5,232.735232
0.0,5,232.735345
0.0,6,232.735471
0.0,5,232.735584
0.0,6,232.735721
0.0,10,232.735904
0.0,9,232.736071
0.0,3,232.736158
0.0,3,232.736246
0.0,2,232.736319
0.0,3,232.736406
0.0,6,232.736533
0.0,3,232.736626
0.0,9,232.736799
0.0,3,232.736886
0.0,3,232.736973
0.0,8,232.737127
0.0,3,232.737214
0.0,4,232.737314
0.0,3,232.7374
0.0,3,232.737487
0.0,13,232.737717
0.0,2,232.737793
0.0,2,232.737868
0.0,2,232.737942
0.0,4,232.738042
0.0,11,232.738237
0.0,6,232.738364
0.0,2,232.738438
0.0,6,232.738565
0.0,19,232.738873
0.0,8,232.739032
0.0,7,232.739174
0.0,5,232.739288
0.0,4,232.739388
0.0,8,232.739541
0.0,4,232.739651
0.0,6,232.73978
0.0,9,232.739947
0.0,7,232.740088
0.0,4,232.740189
0.0,4,232.74029
0.0,3,232.740378
0.0,4,232.740479
0.0,9,232.740658
0.0,5,232.740774
0.0,11,232.740968
0.0,4,232.741069
0.0,9,232.741236
0.0,2,232.74131
0.0,15,232.741558
0.0,8,232.741721
0.0,4,232.741825
0.0,7,232.741966
0.0,14,232.742199
0.0,11,232.7424
0.0,2,232.742473
0.0,4,232.742573
0.0,5,232.742696
0.0,3,232.742785
0.0,3,232.742871
0.0,3,232.742957
0.0,6,232.743083
0.0,6,232.74321
0.0,3,232.743297
0.0,3,232.743384
0.0,10,232.743565
0.0,4,232.743676
0.0,5,232.743791
0.0,7,232.743932
0.0,4,232.744033
0.0,4,232.744133
0.0,5,232.744247
0.0,4,232.744348
0.0,3,232.744435
0.0,3,232.744522
0.0,11,232.744724
0.0,2,232.744799
0.0,5,232.744913
0.0,3,232.745
0.0,3,232.745087
0.0,7,232.745228
0.0,7,232.745367
0.0,6,232.745494
0.0,6,232.745628
0.0,3,232.745719
0.0,11,232.745913
0.0,3,232.746
0.0,6,232.746127
0.0,9,232.746294
0.0,2,232.746368
0.0,5,232.746482
0.0,7,232.746631
0.0,9,232.746801
0.0,14,232.747036
0.0,2,232.74711
0.0,2,232.747184
0.0,5,232.747301
0.0,8,232.747455
0.0,6,232.747581
0.0,3,232.747677
0.0,16,232.74794
0.0,8,232.748095
0.0,7,232.748234
0.0,4,232.748334
0.0,3,232.748421
0.0,8,232.748574
0.0,5,232.748697
0.0,8,232.748853
0.0,5,232.748967
0.0,3,232.749054
0.0,13,232.749274
0.0,7,232.749415
0.0,7,232.749555
0.0,18,232.749851
0.0,6,232.749983
0.0,3,232.750071
0.0,11,232.750264
0.0,5,232.750378
0.0,9,232.750546
0.0,6,232.750682
0.0,3,232.750771
0.0,3,232.750858
0.0,8,232.751011
0.0,8,232.751163
0.0,12,232.751368
0.0,9,232.751534
0.0,4,232.751641
0.0,8,232.751826
0.0,7,232.751965
0.0,2,232.752038
0.0,6,232.752165
1.0,7,232.752305
0.0,4,232.752406
0.0,13,232.752631
0.0,6,232.752761
0.0,2,232.752835
0.0,5,232.752949
0.0,14,232.753182
0.0,11,232.753378
0.0,6,232.753506
0.0,12,232.753721
0.0,5,232.753837
0.0,5,232.753951
0.0,5,232.754065
0.0,6,232.754192
0.0,12,232.754397
0.0,4,232.754498
0.0,16,232.754764
0.0,2,232.75484
0.0,9,232.755006
0.0,2,232.75508
0.0,2,232.755154
1.0,9,232.755323
0.0,2,232.755399
0.0,4,232.7555
0.0,10,232.755694
0.0,7,232.755837
0.0,3,232.755924
0.0,6,232.756052
0.0,3,232.756139
0.0,3,232.756226
0.0,5,232.75634
0.0,7,232.756482
0.0,7,232.756629
0.0,11,232.75683
0.0,9,232.756998
0.0,7,232.757139
0.0,6,232.757266
0.0,10,232.757445
0.0,3,232.757531
0.0,15,232.757787
0.0,6,232.757916
0.0,4,232.758017
0.0,4,232.758116
0.0,7,232.758256
0.0,9,232.758423
0.0,5,232.758536
0.0,5,232.758664
0.0,8,232.758822
0.0,9,232.75899
0.0,10,232.75917
0.0,7,232.759311
0.0,7,232.759451
0.0,7,232.75959
0.0,4,232.759701
0.0,5,232.759817
0.0,9,232.759996
0.0,12,232.760207
0.0,5,232.760322
0.0,6,232.76045
0.0,4,232.760551
0.0,9,232.760728
0.0,2,232.760804
0.0,2,232.760878
0.0,4,232.760978
0.0,4,232.761077
0.0,3,232.761164
0.0,5,232.761279
1.0,12,232.761485
0.0,10,232.761679
0.0,20,232.761994
0.0,11,232.76219
0.0,37,232.762738
0.0,2,232.762815
0.0,2,232.762888
0.0,10,232.76307
0.0,8,232.763225
0.0,3,232.763312
0.0,3,232.7634
0.0,8,232.763555
0.0,4,232.763665
0.0,3,232.763756
0.0,5,232.76387
0.0,12,232.764077
0.0,21,232.7644
0.0,14,232.764647
0.0,5,232.764764
0.0,4,232.764865
0.0,6,232.764992
0.0,7,232.765131
0.0,2,232.765204
0.0,4,232.765305
0.0,13,232.765522
0.0,7,232.765674
0.0,2,232.76575
0.0,7,232.765891
0.0,3,232.765977
0.0,5,232.766089
0.0,4,232.76619
0.0,4,232.766289
0.0,2,232.766362
0.0,9,232.766529
0.0,8,232.766692
0.0,9,232.766861
0.0,4,232.766961
0.0,3,232.767048
0.0,10,232.767229
0.0,24,232.767592
0.0,8,232.767755
0.0,5,232.767873
0.0,8,232.768026
0.0,8,232.768179
0.0,2,232.768251
0.0,6,232.768377
0.0,10,232.768557
0.0,10,232.768745
0.0,4,232.768848
0.0,5,232.768961
0.0,2,232.769034
0.0,8,232.769187
0.0,11,232.769379
0.0,2,232.769452
0.0,7,232.769591
0.0,9,232.769766
0.0,41,232.770364
0.0,6,232.770491
0.0,2,232.770564
0.0,5,232.770689
0.0,4,232.770794
0.0,5,232.770908
0.0,4,232.77101
0.0,12,232.771217
0.0,10,232.771398
0.0,5,232.771513
0.0,2,232.771587
0.0,10,232.771776
0.0,6,232.771907
0.0,7,232.772048
0.0,10,232.772228
0.0,7,232.772368
0.0,10,232.772549
0.0,8,232.772712
0.0,6,232.772842
0.0,5,232.772956
0.0,11,232.77315
0.0,6,232.773277
0.0,4,232.773377
0.0,8,232.77353
0.0,7,232.773682
0.0,6,232.773811
0.0,8,232.773965
0.0,5,232.774078
0.0,5,232.774192
0.0,5,232.774306
0.0,10,232.774485
0.0,10,232.774674
0.0,5,232.774791
0.0,14,232.775024
1.0,8,232.775177
0.0,9,232.775346
0.0,5,232.775462
0.0,4,232.775564
0.0,4,232.775675
0.0,6,232.775805
0.0,8,232.775959
0.0,3,232.776046
0.0,3,232.776133
0.0,3,232.77622
0.0,3,232.776307
0.0,10,232.776487
0.0,8,232.776652
0.0,6,232.776781
0.0,3,232.776869
0.0,2,232.776944
0.0,5,232.777059
0.0,8,232.777212
0.0,13,232.777431
0.0,2,232.777505
0.0,7,232.777655
0.0,6,232.777785
0.0,3,232.777872
0.0,6,232.778
0.0,5,232.778114
1.0,9,232.778281
1.0,17,232.778554
0.0,2,232.77864
0.0,7,232.778785
0.0,7,232.778925
0.0,2,232.778999
0.0,8,232.779154
0.0,7,232.779294
0.0,3,232.779381
0.0,12,232.779588
0.0,9,232.779765
0.0,6,232.779896
0.0,3,232.779984
0.0,7,232.780125
0.0,7,232.780266
1.0,9,232.780433
0.0,4,232.780534
0.0,5,232.780658
0.0,4,232.780761
0.0,7,232.780901
0.0,11,232.781094
0.0,4,232.781196
0.0,10,232.781376
0.0,4,232.781477
0.0,8,232.781638
0.0,5,232.781786
0.0,11,232.781981
0.0,8,232.782134
0.0,4,232.782234
0.0,13,232.782453
0.0,4,232.782554
0.0,8,232.782717
0.0,6,232.782848
0.0,6,232.782975
0.0,4,232.783075
0.0,4,232.783175
0.0,5,232.783288
0.0,3,232.783375
0.0,5,232.783489
0.0,11,232.783693
0.0,8,232.783849
0.0,10,232.784029
0.0,9,232.784195
0.0,2,232.784269
0.0,8,232.784423
0.0,2,232.784497
1.0,10,232.784686
0.0,4,232.784789
0.0,4,232.78489
0.0,4,232.784991
0.0,4,232.785091
0.0,5,232.785204
0.0,2,232.785278
0.0,2,232.785352
0.0,3,232.785439
1.0,16,232.785711
0.0,6,232.785841
0.0,4,232.785941
0.0,4,232.786042
0.0,4,232.786142
0.0,2,232.786215
0.0,13,232.786435
0.0,5,232.78655
0.0,8,232.786717
0.0,9,232.786888
0.0,4,232.786989
0.0,4,232.78709
0.0,8,232.787244
0.0,8,232.787398
0.0,10,232.787578
0.0,6,232.787713
0.0,4,232.787817
0.0,8,232.78797
0.0,6,232.788098
0.0,5,232.788212
0.0,3,232.788299
0.0,6,232.788426
0.0,4,232.788526
0.0,4,232.788634
0.0,11,232.788831
0.0,5,232.788945
0.0,6,232.789072
0.0,4,232.789171
0.0,8,232.789324
0.0,15,232.789568
0.0,3,232.789666
0.0,13,232.78989
0.0,4,232.78999
0.0,7,232.790131
0.0,5,232.790244
0.0,5,232.790358
0.0,7,232.790498
0.0,12,232.790715
0.0,4,232.790818
0.0,5,232.790932
0.0,13,232.791151
0.0,10,232.791332
0.0,4,232.791432
0.0,3,232.79152
0.0,8,232.791696
0.0,2,232.791774
0.0,9,232.791942
0.0,2,232.792015
0.0,10,232.792196
0.0,7,232.792335
0.0,2,232.792408
0.0,6,232.792537
0.0,2,232.792612
0.0,8,232.792777
0.0,5,232.792893
0.0,10,232.793076
0.0,9,232.793244
0.0,6,232.793373
0.0,5,232.793487
0.0,2,232.793561
0.0,6,232.793698
0.0,4,232.793802
0.0,6,232.79393
0.0,6,232.79406
1.0,9,232.794232
0.0,16,232.794495
0.0,3,232.794584
0.0,3,232.794684
0.0,13,232.794908
0.0,8,232.795063
0.0,4,232.795165
0.0,7,232.795306
0.0,10,232.795486
0.0,3,232.795574
0.0,11,232.795779
0.0,7,232.795923
0.0,8,232.79608
0.0,3,232.796168
0.0,6,232.796296
0.0,3,232.796384
0.0,4,232.796486
0.0,3,232.796574
0.0,7,232.796725
0.0,6,232.796855
0.0,2,232.79693
1.0,10,232.797112
0.0,3,232.797201
0.0,5,232.797317
0.0,7,232.797457
0.0,4,232.797558
1.0,19,232.797868
0.0,4,232.797975
0.0,16,232.798236
0.0,6,232.798364
0.0,5,232.798478
0.0,6,232.798605
0.0,2,232.798689
0.0,18,232.798976
0.0,3,232.799066
0.0,3,232.799155
0.0,5,232.79927
0.0,7,232.799411
0.0,8,232.799566
0.0,4,232.799677
0.0,5,232.799794
0.0,6,232.799922
0.0,12,232.800128
0.0,3,232.800217
0.0,2,232.800292
0.0,7,232.800433
0.0,3,232.800521
0.0,3,232.80061
0.0,13,232.800843
0.0,6,232.800975
0.0,3,232.801063
0.0,9,232.801232
0.0,7,232.801375
0.0,5,232.801491
0.0,10,232.801683
0.0,7,232.80183
0.0,11,232.802026
0.0,2,232.802102
0.0,3,232.80219
0.0,10,232.802372
0.0,10,232.802555
0.0,5,232.802679
0.0,4,232.802783
0.0,3,232.802872
0.0,7,232.803014
0.0,5,232.803128
0.0,4,232.803229
0.0,6,232.803358
1.0,7,232.8035
0.0,3,232.803588
0.0,4,232.8037
0.0,6,232.803831
0.0,10,232.804013
0.0,6,232.804142
0.0,4,232.804244
0.0,6,232.804372
0.0,5,232.804487
0.0,4,232.804588
0.0,11,232.80479
0.0,2,232.804868
0.0,7,232.80501
0.0,6,232.805138
0.0,5,232.805254
0.0,8,232.805408
0.0,5,232.805522
0.0,2,232.805597
0.0,3,232.805696
0.0,8,232.805854
0.0,7,232.805994
0.0,6,232.806122
0.0,12,232.806329
0.0,4,232.80643
0.0,4,232.806532
0.0,6,232.806671
0.0,5,232.806788
0.0,6,232.806917
0.0,16,232.807177
0.0,5,232.807291
0.0,2,232.807367
0.0,6,232.807496
0.0,4,232.807597
0.0,3,232.807694
0.0,3,232.807785
0.0,10,232.807967
0.0,6,232.808096
0.0,4,232.808197
0.0,4,232.808299
0.0,11,232.808494
0.0,5,232.808609
0.0,5,232.808734
0.0,4,232.808836
0.0,6,232.808967
0.0,3,232.809057
0.0,8,232.809212
0.0,3,232.809301
0.0,5,232.809416
0.0,7,232.809558
0.0,11,232.809764
0.0,11,232.809963
0.0,5,232.810079
0.0,4,232.810181
0.0,9,232.810351
0.0,8,232.810566
0.0,10,232.810765
0.0,5,232.810884
0.0,5,232.810999
0.0,6,232.811127
0.0,5,232.811242
0.0,7,232.811383
0.0,4,232.811484
0.0,8,232.811649
0.0,14,232.811887
0.0,5,232.812002
0.0,5,232.812117
0.0,5,232.812231
0.0,5,232.812346
0.0,9,232.812514
0.0,8,232.812679
0.0,5,232.812795
0.0,3,232.812883
0.0,7,232.813025
0.0,5,232.813139
0.0,7,232.813279
0.0,2,232.813352
0.0,3,232.813439
0.0,2,232.813513
0.0,4,232.813614
0.0,8,232.813779
0.0,6,232.813907
0.0,3,232.813995
0.0,4,232.814095
0.0,3,232.814183
0.0,7,232.814324
0.0,5,232.814438
0.0,13,232.814667
0.0,4,232.81477
0.0,19,232.815071
0.0,2,232.815148
0.0,6,232.815275
0.0,2,232.815348
0.0,2,232.815421
0.0,4,232.815523
0.0,8,232.81569
0.0,12,232.815899
0.0,3,232.815986
0.0,3,232.816074
0.0,13,232.816295
0.0,6,232.816422
0.0,3,232.81651
0.0,2,232.816583
0.0,4,232.816692
0.0,3,232.816782
0.0,6,232.816909
0.0,7,232.81705
0.0,5,232.817163
0.0,6,232.81729
0.0,4,232.81739
0.0,4,232.817492
0.0,5,232.817604
0.0,4,232.817715
0.0,6,232.817844
0.0,3,232.817932
0.0,6,232.81806
0.0,2,232.818135
0.0,3,232.818223
0.0,7,232.818363
0.0,5,232.818476
0.0,7,232.818616
0.0,4,232.818728
0.0,5,232.818843
0.0,13,232.819062
0.0,3,232.819149
0.0,2,232.819223
0.0,8,232.819376
0.0,2,232.81945
0.0,11,232.819653
0.0,4,232.819757
0.0,3,232.819844
0.0,9,232.820011
0.0,2,232.820085
0.0,6,232.820212
0.0,4,232.820312
0.0,5,232.820426
0.0,4,232.820526
0.0,4,232.820634
0.0,16,232.820895
0.0,6,232.821023
0.0,8,232.821187
0.0,3,232.821276
0.0,2,232.821351
0.0,5,232.821466
0.0,3,232.821555
0.0,16,232.821829
0.0,5,232.821946
0.0,3,232.822034
0.0,7,232.822175
0.0,3,232.822262
0.0,4,232.822362
0.0,7,232.822502
0.0,2,232.822575
0.0,3,232.822671
0.0,9,232.822839
0.0,8,232.822994
0.0,4,232.823095
0.0,2,232.823172
0.0,3,232.823259
0.0,2,232.823333
0.0,3,232.823421
0.0,6,232.823549
0.0,4,232.823659
0.0,4,232.823762
0.0,3,232.823849
0.0,5,232.823963
0.0,3,232.82405
0.0,9,232.824217
0.0,6,232.824344
0.0,6,232.824471
0.0,3,232.824558
0.0,4,232.82467
0.0,2,232.824747
0.0,5,232.82486
0.0,5,232.824973
0.0,2,232.825047
0.0,7,232.825188
0.0,4,232.825288
0.0,3,232.825375
0.0,4,232.825475
0.0,8,232.825637
0.0,8,232.825794
0.0,8,232.825947
0.0,5,232.82606
0.0,11,232.826253
0.0,10,232.826432
0.0,8,232.826586
0.0,2,232.826669
1.0,12,232.82688
0.0,3,232.826968
0.0,8,232.827121
0.0,8,232.827274
0.0,8,232.827428
0.0,14,232.827672
0.0,3,232.827761
0.0,4,232.827862
0.0,3,232.82795
0.0,6,232.828077
0.0,6,232.828204
0.0,4,232.828304
0.0,3,232.828392
0.0,2,232.828466
0.0,6,232.828593
0.0,5,232.828715
0.0,3,232.828805
0.0,2,232.82888
0.0,4,232.828981
0.0,6,232.829108
0.0,10,232.829288
0.0,7,232.829429
0.0,3,232.829516
0.0,3,232.829603
0.0,4,232.829712
0.0,13,232.829936
0.0,4,232.830038
0.0,2,232.830112
0.0,12,232.830321
0.0,3,232.830409
0.0,9,232.830577
0.0,5,232.830702
0.0,3,232.830791
0.0,6,232.830918
0.0,11,232.831111
0.0,2,232.831185
0.0,5,232.831298
0.0,4,232.831398
0.0,2,232.831471
0.0,2,232.831545
0.0,6,232.831682
0.0,6,232.831889
0.0,4,232.831989
0.0,4,232.832116
0.0,4,232.832216
0.0,5,232.83233
0.0,9,232.832496
0.0,2,232.83257
0.0,3,232.832667
0.0,20,232.83298
0.0,7,232.833124
0.0,2,232.833198
0.0,4,232.833298
0.0,4,232.833399
0.0,3,232.833485
0.0,7,232.833636
0.0,5,232.833753
0.0,6,232.833881
0.0,4,232.833981
0.0,2,232.834055
0.0,5,232.834169
0.0,5,232.834283
0.0,8,232.834437
0.0,12,232.834653
0.0,9,232.834822
0.0,8,232.834976
0.0,5,232.835089
0.0,5,232.835203
0.0,4,232.835303
0.0,4,232.835403
0.0,9,232.83557
0.0,9,232.835748
0.0,14,232.835984
0.0,9,232.836151
0.0,9,232.836318
0.0,5,232.836433
0.0,3,232.836521
0.0,4,232.836629
0.0,5,232.836747
0.0,9,232.836915
0.0,3,232.837003
0.0,2,232.837078
0.0,7,232.837219
0.0,4,232.83732
0.0,4,232.83742
0.0,7,232.837561
0.0,6,232.837698
0.0,3,232.837788
0.0,10,232.837968
0.0,9,232.838135
0.0,2,232.838209
0.0,12,232.838418
0.0,4,232.838519
0.0,5,232.838642
0.0,6,232.838772
0.0,5,232.838886
0.0,4,232.838986
0.0,6,232.839115
0.0,9,232.839283
0.0,3,232.83937
0.0,8,232.839524
0.0,6,232.839662
0.0,5,232.839779
0.0,6,232.839906
0.0,13,232.840126
0.0,4,232.840227
0.0,8,232.840381
0.0,5,232.840494
0.0,4,232.840595
0.0,3,232.840691
0.0,6,232.840821
0.0,9,232.840987
0.0,14,232.841221
1.0,9,232.841388
0.0,5,232.841503
0.0,11,232.841707
0.0,3,232.841796
0.0,5,232.841909
0.0,4,232.842009
0.0,4,232.842109
0.0,15,232.842356
0.0,6,232.842482
0.0,2,232.842556
0.0,2,232.84264
0.0,3,232.842731
0.0,7,232.84287
0.0,2,232.842944
0.0,15,232.843191
0.0,3,232.843279
0.0,4,232.84338
0.0,6,232.843507
0.0,11,232.84371
0.0,4,232.843814
0.0,9,232.843981
0.0,2,232.844055
0.0,2,232.844128
0.0,5,232.844242
0.0,8,232.844398
0.0,6,232.844525
0.0,3,232.844612
0.0,3,232.844709
0.0,14,232.844943
0.0,4,232.845044
0.0,14,232.845277
0.0,4,232.845377
0.0,6,232.845504
0.0,2,232.845577
0.0,2,232.845663
0.0,2,232.84574
0.0,4,232.845841
0.0,6,232.845968
0.0,9,232.846134
0.0,3,232.846222
0.0,4,232.846322
0.0,7,232.846462
0.0,3,232.846548
0.0,4,232.846658
0.0,11,232.846853
0.0,2,232.846927
0.0,4,232.847028
0.0,8,232.847181
0.0,4,232.847281
0.0,3,232.847368
0.0,7,232.847509
0.0,12,232.847728
0.0,8,232.847885
0.0,2,232.847959
0.0,8,232.848114
0.0,8,232.848269
0.0,8,232.848422
0.0,11,232.848615
0.0,3,232.848716
0.0,12,232.848924
0.0,6,232.849052
0.0,4,232.849151
0.0,5,232.849265
0.0,10,232.849447
0.0,9,232.849614
0.0,8,232.84978
0.0,6,232.849919
0.0,4,232.850022
0.0,12,232.850231
0.0,2,232.850306
0.0,4,232.850407
0.0,7,232.85055
0.0,7,232.850701
0.0,4,232.850805
0.0,15,232.851053
0.0,10,232.851234
0.0,3,232.851323
0.0,5,232.851437
0.0,3,232.851525
0.0,4,232.851638
0.0,16,232.851902
0.0,8,232.852057
0.0,7,232.852197
0.0,19,232.852494
0.0,5,232.852611
0.0,10,232.852803
0.0,10,232.852985
0.0,6,232.853113
0.0,7,232.853253
0.0,4,232.853354
0.0,7,232.853494
0.0,3,232.853582
0.0,5,232.853704
0.0,12,232.853913
0.0,3,232.854002
0.0,8,232.854156
0.0,3,232.854244
0.0,2,232.854319
0.0,2,232.854393
0.0,6,232.85452
0.0,3,232.854607
0.0,4,232.854719
0.0,9,232.854888
0.0,13,232.855107
0.0,5,232.855222
0.0,8,232.855376
0.0,8,232.855529
0.0,7,232.855681
0.0,4,232.855785
0.0,7,232.855926
0.0,3,232.856013
0.0,7,232.856154
0.0,2,232.856228
0.0,4,232.856328
0.0,4,232.856429
0.0,4,232.856529
0.0,7,232.856679
0.0,4,232.856782
0.0,3,232.85687
0.0,3,232.856957
0.0,7,232.857097
0.0,6,232.857224
0.0,8,232.857377
0.0,8,232.857529
0.0,2,232.857603
0.0,4,232.857715
0.0,7,232.857857
0.0,3,232.857944
0.0,6,232.858071
0.0,3,232.858165
0.0,4,232.858274
0.0,4,232.858376
0.0,3,232.858463
0.0,9,232.858641
0.0,11,232.858838
0.0,4,232.85894
0.0,5,232.859055
0.0,5,232.85917
0.0,6,232.859298
0.0,5,232.859413
0.0,6,232.85954
0.0,7,232.85969
0.0,5,232.859807
0.0,5,232.859922
0.0,18,232.860206
0.0,9,232.860376
0.0,6,232.860503
0.0,10,232.860696
0.0,7,232.860839
0.0,6,232.860966
0.0,13,232.861184
0.0,3,232.861272
0.0,4,232.861373
0.0,9,232.86154
0.0,2,232.861615
0.0,6,232.861755
0.0,2,232.86183
0.0,4,232.861931
0.0,2,232.862005
0.0,6,232.862134
0.0,3,232.862221
0.0,5,232.862335
0.0,9,232.862503
0.0,4,232.862603
0.0,2,232.862688
1.0,8,232.862844
0.0,6,232.862974
0.0,4,232.863075
0.0,3,232.863163
0.0,3,232.863252
0.0,5,232.863366
0.0,8,232.863519
0.0,2,232.863593
0.0,6,232.86373
0.0,18,232.864018
0.0,5,232.864133
0.0,5,232.864247
0.0,4,232.864347
0.0,3,232.864433
0.0,7,232.864573
0.0,2,232.864656
0.0,3,232.864746
1.0,10,232.864927
0.0,22,232.865266
0.0,3,232.865354
0.0,5,232.865467
0.0,2,232.865541
0.0,17,232.865823
0.0,4,232.865927
0.0,8,232.866082
0.0,12,232.866289
0.0,3,232.866378
0.0,7,232.866519
0.0,8,232.866684
0.0,6,232.866814
0.0,4,232.866915
0.0,4,232.867016
0.0,4,232.867117
1.0,11,232.867311
0.0,7,232.867452
0.0,6,232.867579
0.0,5,232.867703
0.0,11,232.8679
0.0,7,232.86804
0.0,3,232.868128
0.0,5,232.868243
0.0,5,232.868357
0.0,7,232.868497
0.0,6,232.868629
0.0,4,232.868733
0.0,7,232.868875
0.0,3,232.868962
0.0,3,232.869051
0.0,13,232.869272
0.0,7,232.869413
0.0,4,232.869513
0.0,5,232.869636
0.0,4,232.86974
0.0,13,232.86996
0.0,6,232.870086
0.0,3,232.870173
0.0,12,232.87038
0.0,7,232.870519
0.0,5,232.870643
0.0,5,232.870759
0.0,7,232.870899
0.0,4,232.871
0.0,6,232.871128
0.0,2,232.871201
0.0,4,232.871301
0.0,2,232.871374
0.0,5,232.871488
0.0,7,232.871636
0.0,5,232.871753
0.0,4,232.871854
0.0,4,232.871954
0.0,6,232.872079
0.0,4,232.87218
0.0,4,232.872279
0.0,9,232.872447
0.0,9,232.872614
1.0,14,232.872858
0.0,5,232.872973
0.0,3,232.873061
0.0,2,232.873134
0.0,8,232.873288
0.0,3,232.873374
0.0,3,232.873462
0.0,5,232.873579
1.0,12,232.873794
0.0,4,232.873898
1.0,9,232.874066
0.0,4,232.874166
1.0,11,232.874358
0.0,4,232.874458
0.0,2,232.874531
0.0,20,232.874849
0.0,2,232.874927
0.0,13,232.875147
0.0,8,232.875299
0.0,3,232.875387
0.0,3,232.875474
0.0,3,232.875562
0.0,3,232.875663
0.0,17,232.875937
0.0,8,232.876092
0.0,7,232.876241
0.0,11,232.876434
0.0,6,232.876562
0.0,8,232.876725
0.0,6,232.876856
0.0,5,232.876968
0.0,2,232.877043
0.0,5,232.877157
0.0,9,232.877322
0.0,2,232.877396
0.0,3,232.877483
0.0,7,232.877629
0.0,2,232.87773
0.0,2,232.877805
0.0,7,232.877946
0.0,5,232.87806
0.0,7,232.878201
0.0,3,232.87829
0.0,5,232.878405
0.0,3,232.878492
0.0,3,232.87858
0.0,9,232.878758
0.0,4,232.878861
0.0,2,232.878935
0.0,3,232.879023
0.0,4,232.879124
0.0,3,232.879211
0.0,4,232.879323
0.0,10,232.879504
0.0,8,232.87967
0.0,9,232.879841
0.0,4,232.879942
0.0,23,232.880293
0.0,6,232.880421
0.0,4,232.880522
0.0,3,232.880609
0.0,3,232.880707
0.0,2,232.880783
0.0,3,232.880871
0.0,7,232.881012
0.0,3,232.881101
0.0,7,232.881241
0.0,6,232.881367
0.0,8,232.881521
0.0,5,232.881645
0.0,5,232.881762
0.0,9,232.881928
0.0,7,232.882068
0.0,16,232.882328
0.0,3,232.882415
0.0,2,232.882489
0.0,8,232.882652
0.0,4,232.882755
0.0,6,232.882883
0.0,10,232.883061
0.0,12,232.883267
0.0,5,232.88338
0.0,3,232.883467
0.0,2,232.883541
0.0,3,232.883636
0.0,7,232.883779
1.0,9,232.883949
0.0,4,232.884049
0.0,5,232.884164
0.0,4,232.884264
0.0,7,232.884404
0.0,5,232.884518
0.0,9,232.884697
0.0,4,232.884801
0.0,6,232.884927
0.0,2,232.885001
0.0,3,232.885087
0.0,3,232.885175
0.0,3,232.885262
0.0,4,232.885362
0.0,6,232.885489
0.0,3,232.885576
0.0,8,232.885741
0.0,3,232.885832
0.0,2,232.885906
0.0,5,232.88602
1.0,13,232.88624
0.0,8,232.886395
0.0,9,232.88656
0.0,10,232.88675
0.0,12,232.886959
0.0,16,232.887218
0.0,4,232.887318
0.0,7,232.887458
0.0,7,232.887599
0.0,5,232.887723
0.0,3,232.887813
0.0,9,232.88798
0.0,2,232.888055
0.0,16,232.888318
0.0,4,232.888418
0.0,7,232.888559
0.0,6,232.888696
0.0,3,232.888786
0.0,3,232.888874
1.0,10,232.889055
0.0,2,232.889129
0.0,5,232.889243
0.0,9,232.88941
0.0,2,232.889483
0.0,2,232.889556
0.0,19,232.889863
0.0,7,232.89001
0.0,4,232.890111
0.0,4,232.890213
0.0,3,232.8903
0.0,11,232.890493
0.0,3,232.890581
0.0,5,232.890708
0.0,8,232.890865
0.0,6,232.890992
0.0,4,232.891092
0.0,4,232.891192
0.0,4,232.891291
0.0,3,232.891379
0.0,5,232.891493
0.0,6,232.891628
0.0,2,232.891707
0.0,8,232.891861
0.0,10,232.892042
0.0,3,232.892129
0.0,6,232.892257
0.0,3,232.892344
0.0,6,232.892471
0.0,7,232.892611
0.0,3,232.892709
0.0,5,232.892824
0.0,4,232.892926
0.0,4,232.893027
0.0,11,232.893221
0.0,6,232.89335
0.0,7,232.89349
0.0,4,232.893592
0.0,7,232.893742
0.0,2,232.893819
0.0,5,232.893934
0.0,4,232.894036
0.0,6,232.894164
0.0,3,232.894251
0.0,3,232.89434
0.0,3,232.894428
0.0,3,232.894516
0.0,2,232.894591
0.0,5,232.894714
0.0,3,232.894805
0.0,6,232.894934
0.0,4,232.895036
0.0,2,232.895111
0.0,5,232.895226
0.0,9,232.895395
0.0,3,232.895483
0.0,4,232.895586
0.0,4,232.895698
0.0,3,232.895789
0.0,6,232.895918
0.0,2,232.895993
0.0,11,232.896188
0.0,11,232.896382
0.0,2,232.896457
0.0,2,232.896531
0.0,4,232.896643
1.0,9,232.896816
0.0,3,232.896906
0.0,8,232.897061
0.0,2,232.897136
0.0,9,232.897305
0.0,4,232.897407
0.0,4,232.897507
0.0,5,232.897628
0.0,5,232.897748
0.0,7,232.897889
0.0,11,232.898082
0.0,12,232.89829
0.0,4,232.898391
0.0,5,232.898506
0.0,3,232.898594
0.0,3,232.898691
0.0,5,232.898808
0.0,7,232.89895
0.0,7,232.899092
0.0,4,232.899193
0.0,8,232.899347
0.0,9,232.899514
0.0,7,232.899667
0.0,5,232.899786
0.0,14,232.90002
0.0,2,232.900095
0.0,8,232.900249
0.0,12,232.900454
0.0,13,232.900684
0.0,4,232.900789
0.0,6,232.900918
0.0,14,232.901151
0.0,4,232.901252
0.0,7,232.901393
0.0,4,232.901494
0.0,6,232.901629
0.0,4,232.901735
0.0,4,232.901836
0.0,3,232.901923
0.0,6,232.902052
0.0,6,232.902183
0.0,6,232.902311
0.0,7,232.902453
0.0,17,232.902736
0.0,10,232.902921
0.0,3,232.903008
0.0,2,232.903082
0.0,8,232.903237
0.0,4,232.903338
0.0,4,232.903439
0.0,7,232.90358
0.0,14,232.903823
0.0,5,232.903941
0.0,4,232.904042
0.0,6,232.90417
0.0,3,232.904258
0.0,11,232.904452
0.0,4,232.904552
0.0,7,232.904703
0.0,5,232.904819
0.0,6,232.904948
0.0,10,232.905128
0.0,7,232.905268
0.0,3,232.905356
1.0,8,232.905511
0.0,7,232.905666
0.0,10,232.905849
0.0,4,232.905951
0.0,2,232.906025
0.0,4,232.906126
0.0,7,232.906268
0.0,10,232.906448
0.0,7,232.906589
0.0,3,232.906685
0.0,2,232.906763
0.0,4,232.906864
0.0,10,232.907045
0.0,17,232.907316
0.0,3,232.907403
0.0,3,232.907491
0.0,3,232.907579
0.0,10,232.907768
0.0,3,232.907859
0.0,8,232.908014
0.0,6,232.908143
0.0,2,232.908217
0.0,2,232.908291
0.0,7,232.908432
0.0,4,232.908544
0.0,3,232.908645
0.0,11,232.908841
0.0,2,232.908916
0.0,18,232.909204
0.0,8,232.90936
0.0,2,232.909436
0.0,6,232.909566
0.0,2,232.909651
0.0,6,232.909782
0.0,15,232.910031
0.0,12,232.91024
0.0,5,232.910355
0.0,2,232.910517
0.0,9,232.910703
0.0,2,232.910781
0.0,7,232.910924
0.0,6,232.911052
0.0,3,232.91114
0.0,6,232.911269
0.0,2,232.911344
0.0,4,232.911445
0.0,6,232.911573
0.0,4,232.911685
0.0,5,232.911802
0.0,8,232.911957
0.0,13,232.912175
0.0,15,232.912422
0.0,3,232.912509
0.0,7,232.912662
0.0,21,232.91299
0.0,6,232.91312
0.0,6,232.913247
0.0,2,232.91332
0.0,4,232.913422
0.0,2,232.913495
0.0,3,232.913582
0.0,8,232.913777
0.0,9,232.913947
0.0,3,232.914036
0.0,7,232.914177
1.0,8,232.914331
0.0,7,232.91447
0.0,5,232.914585
0.0,7,232.914734
0.0,5,232.91485
0.0,2,232.914925
0.0,5,232.915038
0.0,5,232.915151
0.0,3,232.915238
0.0,2,232.915311
0.0,5,232.915425
0.0,4,232.915524
0.0,4,232.915632
1.0,6,232.915765
0.0,5,232.915878
0.0,3,232.915966
0.0,3,232.916053
0.0,8,232.916208
0.0,5,232.916323
0.0,2,232.916397
0.0,2,232.916472
0.0,3,232.91656
0.0,9,232.916738
0.0,3,232.916829
0.0,5,232.916945
0.0,3,232.917034
0.0,2,232.917109
1.0,14,232.917345
0.0,7,232.917485
0.0,2,232.91756
0.0,7,232.917713
0.0,4,232.917817
0.0,5,232.917931
0.0,4,232.918032
0.0,8,232.918185
0.0,6,232.918313
0.0,3,232.918401
0.0,3,232.918489
1.0,11,232.918694
0.0,4,232.918798
0.0,5,232.918913
0.0,6,232.91904
0.0,4,232.919142
0.0,6,232.91927
0.0,9,232.919437
0.0,4,232.919538
0.0,4,232.919648
0.0,4,232.919752
0.0,4,232.919853
0.0,6,232.919981
0.0,4,232.920082
1.0,10,232.920261
0.0,9,232.920429
0.0,5,232.920543
0.0,3,232.92064
1.0,15,232.920888
0.0,3,232.920976
0.0,6,232.921104
0.0,2,232.921179
1.0,11,232.921374
0.0,10,232.921554
0.0,8,232.921717
0.0,13,232.92194
0.0,7,232.922081
0.0,4,232.922182
0.0,2,232.922255
0.0,8,232.922408
0.0,5,232.922523
0.0,6,232.92266
0.0,4,232.922764
1.0,13,232.922986
0.0,8,232.92314
0.0,4,232.923241
0.0,4,232.923342
0.0,8,232.923497
0.0,6,232.923635
0.0,2,232.923712
0.0,10,232.923894
0.0,5,232.92401
0.0,11,232.924208
0.0,5,232.924323
0.0,11,232.924518
0.0,14,232.924762
0.0,11,232.924959
0.0,5,232.925075
0.0,5,232.92519
0.0,10,232.925373
0.0,14,232.925609
0.0,8,232.925775
0.0,8,232.925931
0.0,2,232.926005
0.0,5,232.926119
0.0,5,232.926234
0.0,3,232.926322
0.0,7,232.926463
0.0,7,232.926604
0.0,2,232.92669
0.0,5,232.926806
0.0,9,232.926974
0.0,11,232.927171
0.0,2,232.927245
0.0,2,232.92732
0.0,6,232.927449
0.0,7,232.92759
0.0,11,232.927793
0.0,6,232.927923
0.0,4,232.928025
0.0,2,232.928099
0.0,8,232.928253
0.0,4,232.928353
0.0,6,232.92848
0.0,3,232.928567
0.0,2,232.92865
0.0,6,232.928781
0.0,7,232.928922
0.0,2,232.928996
0.0,5,232.92911
0.0,3,232.929198
0.0,10,232.929379
0.0,4,232.92948
0.0,4,232.929581
0.0,6,232.929718
0.0,6,232.929848
0.0,4,232.929949
0.0,8,232.930102
0.0,3,232.930189
0.0,9,232.930357
0.0,6,232.930485
0.0,3,232.930571
0.0,4,232.930681
0.0,4,232.930784
0.0,11,232.930981
0.0,15,232.931228
0.0,7,232.93137
0.0,3,232.931458
0.0,7,232.931602
0.0,4,232.931713
0.0,4,232.931816
0.0,7,232.931958
0.0,8,232.932113
0.0,3,232.9322
0.0,5,232.932316
0.0,2,232.93239
0.0,2,232.932464
0.0,2,232.932539
0.0,10,232.932731
0.0,4,232.932835
0.0,4,232.932936
0.0,3,232.933023
0.0,6,232.93315
0.0,2,232.933223
0.0,3,232.933311
0.0,5,232.933425
0.0,7,232.933566
0.0,4,232.933676
0.0,11,232.933873
0.0,7,232.934013
0.0,4,232.934114
0.0,8,232.934268
0.0,2,232.934343
0.0,5,232.934457
0.0,6,232.934584
0.0,3,232.93468
0.0,2,232.934758
0.0,4,232.934859
0.0,4,232.93496
0.0,6,232.935086
0.0,11,232.93528
0.0,2,232.935354
0.0,7,232.935495
0.0,6,232.935631
0.0,5,232.935751
0.0,9,232.93592
0.0,2,232.935994
0.0,7,232.936136
0.0,7,232.936277
0.0,3,232.936365
0.0,4,232.936466
0.0,4,232.936568
0.0,3,232.936665
0.0,13,232.936889
0.0,4,232.936991
0.0,2,232.937064
0.0,9,232.937233
0.0,6,232.937362
0.0,5,232.937477
0.0,10,232.937668
0.0,4,232.937784
0.0,5,232.937902
0.0,2,232.937978
0.0,9,232.938147
0.0,2,232.938225
1.0,13,232.938448
0.0,12,232.938668
0.0,12,232.938878
0.0,4,232.93898
0.0,10,232.939162
0.0,2,232.939238
0.0,3,232.939327
0.0,4,232.939429
0.0,2,232.939503
0.0,13,232.939734
0.0,10,232.939919
0.0,2,232.939994
0.0,5,232.940109
0.0,6,232.940238
0.0,4,232.94034
0.0,4,232.940442
0.0,3,232.94053
0.0,2,232.940604
0.0,7,232.940756
0.0,5,232.940872
0.0,2,232.940948
0.0,4,232.94105
1.0,9,232.941219
0.0,3,232.941308
0.0,2,232.941382
0.0,7,232.941524
0.0,20,232.941849
0.0,15,232.9421
0.0,2,232.942176
0.0,4,232.942278
0.0,5,232.942393
0.0,3,232.94248
0.0,5,232.942594
0.0,3,232.94269
0.0,4,232.942795
0.0,5,232.942909
0.0,9,232.943078
0.0,12,232.943288
0.0,3,232.943377
0.0,10,232.943558
0.0,9,232.943734
0.0,4,232.943837
0.0,2,232.943912
0.0,7,232.944053
0.0,3,232.944141
0.0,3,232.944229
0.0,3,232.944317
0.0,10,232.944499
0.0,8,232.944666
0.0,9,232.944836
0.0,2,232.94491
0.0,16,232.945171
0.0,3,232.945259
0.0,6,232.945387
0.0,8,232.945541
0.0,6,232.94568
0.0,5,232.945796
0.0,5,232.945912
1.0,30,232.946357
0.0,5,232.946472
0.0,3,232.94656
0.0,11,232.946763
0.0,3,232.946853
0.0,9,232.94702
0.0,7,232.947161
0.0,4,232.947262
0.0,3,232.947349
0.0,11,232.947542
0.0,4,232.947654
0.0,7,232.947798
0.0,5,232.947912
0.0,3,232.948
0.0,7,232.948141
0.0,2,232.948215
0.0,2,232.948289
0.0,6,232.948416
0.0,3,232.948505
0.0,15,232.948761
0.0,2,232.948838
0.0,7,232.948979
0.0,6,232.949107
0.0,9,232.949274
0.0,2,232.949349
0.0,6,232.949476
0.0,4,232.949577
0.0,7,232.949726
0.0,3,232.949816
0.0,10,232.949997
0.0,7,232.950138
0.0,3,232.950225
0.0,10,232.950407
0.0,6,232.950534
0.0,4,232.950645
0.0,4,232.950749
0.0,3,232.950837
0.0,6,232.950965
0.0,8,232.951119
0.0,9,232.951286
0.0,5,232.951401
0.0,4,232.951502
0.0,3,232.95159
0.0,8,232.951752
0.0,8,232.951908
0.0,4,232.95201
0.0,11,232.952204
0.0,4,232.952306
0.0,3,232.952394
0.0,6,232.952521
0.0,4,232.952629
0.0,7,232.952774
0.0,10,232.952956
0.0,6,232.953086
0.0,2,232.953161
0.0,7,232.953303
0.0,5,232.953418
0.0,5,232.953533
0.0,10,232.953734
0.0,4,232.953837
0.0,4,232.953939
0.0,9,232.954107
0.0,13,232.95433
0.0,16,232.95459
0.0,4,232.9547
0.0,4,232.954803
0.0,15,232.95505
0.0,8,232.955204
0.0,10,232.955385
0.0,4,232.955486
0.0,4,232.955586
0.0,11,232.955789
0.0,4,232.955893
0.0,3,232.955981
1.0,12,232.956188
0.0,3,232.956277
0.0,7,232.956418
0.0,4,232.95652
0.0,2,232.956595
0.0,5,232.95672
0.0,10,232.956903
0.0,3,232.956992
0.0,8,232.957148
0.0,8,232.957302
0.0,8,232.957456
0.0,5,232.957569
0.0,2,232.957653
0.0,8,232.957809
0.0,9,232.957977
0.0,10,232.958159
1.0,13,232.958379
0.0,2,232.958453
0.0,2,232.958527
0.0,3,232.958614
0.0,4,232.958725
0.0,3,232.958812
0.0,6,232.95894
0.0,5,232.959053
0.0,3,232.959141
0.0,3,232.959229
0.0,5,232.959343
0.0,5,232.959456
0.0,4,232.959557
0.0,5,232.959682
0.0,6,232.959813
0.0,8,232.959967
0.0,4,232.960068
0.0,17,232.960342
0.0,5,232.96046
0.0,7,232.960603
0.0,3,232.960701
0.0,2,232.960777
0.0,4,232.960878
0.0,8,232.961034
0.0,12,232.961241
0.0,4,232.961343
0.0,3,232.961432
0.0,6,232.96156
0.0,6,232.961697
0.0,13,232.96192
0.0,6,232.962048
0.0,3,232.962136
0.0,5,232.96225
0.0,5,232.962364
0.0,5,232.962478
0.0,3,232.962565
0.0,15,232.962823
0.0,4,232.962927
0.0,5,232.963042
0.0,6,232.963169
0.0,3,232.963257
0.0,2,232.963332
0.0,8,232.963494
0.0,10,232.963686
0.0,9,232.963856
0.0,3,232.963945
0.0,3,232.964033
1.0,9,232.964201
0.0,3,232.964289
0.0,3,232.964377
0.0,2,232.964451
0.0,5,232.964567
0.0,6,232.964703
0.0,3,232.964793
0.0,3,232.964881
0.0,7,232.965024
0.0,2,232.965098
0.0,8,232.965252
0.0,3,232.965339
0.0,12,232.965546
0.0,3,232.965646
0.0,4,232.965751
0.0,7,232.965893
0.0,2,232.965967
0.0,2,232.966041
0.0,4,232.966143
0.0,3,232.966231
0.0,13,232.966451
0.0,3,232.966538
0.0,3,232.966634
0.0,16,232.966896
0.0,10,232.967078
0.0,18,232.967363
0.0,3,232.967453
0.0,6,232.967593
0.0,5,232.967717
0.0,4,232.967822
0.0,6,232.967952
0.0,6,232.968081
0.0,6,232.96821
0.0,9,232.968379
0.0,5,232.968495
0.0,4,232.968597
0.0,8,232.968761
0.0,8,232.968919
0.0,4,232.969021
0.0,6,232.969149
0.0,6,232.969277
0.0,4,232.969379
0.0,8,232.969534
0.0,7,232.969685
0.0,4,232.969789
0.0,5,232.969904
0.0,3,232.969991
0.0,6,232.97012
0.0,2,232.970195
0.0,4,232.970296
0.0,6,232.970425
0.0,3,232.970513
0.0,20,232.970838
0.0,4,232.970943
0.0,9,232.971112
0.0,6,232.97124
0.0,2,232.971314
0.0,5,232.971429
0.0,12,232.971646
0.0,4,232.971752
0.0,4,232.971855
0.0,6,232.971984
0.0,10,232.972166
0.0,8,232.972321
0.0,6,232.972449
0.0,11,232.972652
0.0,4,232.972755
0.0,2,232.97283
0.0,16,232.973093
0.0,3,232.973181
0.0,9,232.973349
0.0,5,232.973464
0.0,10,232.973656
0.0,5,232.973774
0.0,4,232.973876
0.0,2,232.97395
0.0,6,232.974079
0.0,4,232.97418
0.0,5,232.974295
0.0,7,232.974436
0.0,5,232.97455
0.0,16,232.97482
0.0,6,232.97495
0.0,18,232.975237
0.0,2,232.975314
0.0,9,232.975483
0.0,3,232.97557
0.0,6,232.975712
0.0,5,232.975831
0.0,4,232.975934
0.0,18,232.976222
0.0,9,232.976392
0.0,2,232.976466
0.0,2,232.97654
0.0,5,232.976665
0.0,4,232.976769
1.0,16,232.977031
0.0,3,232.977119
0.0,5,232.977233
0.0,16,232.977494
0.0,4,232.977595
0.0,3,232.977692
0.0,6,232.977823
0.0,7,232.977966
0.0,3,232.978054
0.0,4,232.978157
0.0,4,232.978259
0.0,7,232.9784
0.0,8,232.978556
0.0,6,232.978694
0.0,3,232.978784
0.0,7,232.978925
0.0,5,232.97904
0.0,10,232.979222
0.0,6,232.97935
0.0,6,232.979478
0.0,6,232.979606
0.0,8,232.979771
0.0,9,232.979939
0.0,8,232.980094
0.0,4,232.980197
0.0,3,232.980284
0.0,3,232.980373
0.0,10,232.980555
0.0,5,232.98068
0.0,13,232.980904
0.0,3,232.980992
0.0,3,232.98108
0.0,2,232.981155
0.0,3,232.981242
0.0,7,232.981384
0.0,5,232.981499
0.0,2,232.981573
0.0,4,232.981684
0.0,2,232.981761
0.0,8,232.981917
0.0,2,232.981992
0.0,3,232.98208
0.0,8,232.982235
0.0,4,232.982337
0.0,2,232.982411
0.0,4,232.982513
0.0,6,232.982651
0.0,4,232.982754
0.0,8,232.98291
0.0,8,232.983065
0.0,3,232.983155
0.0,2,232.983229
0.0,4,232.983332
0.0,4,232.983434
0.0,4,232.983537
0.0,4,232.983647
0.0,2,232.983724
0.0,4,232.983825
0.0,13,232.984047
0.0,3,232.984135
0.0,2,232.984213
0.0,3,232.984301
0.0,4,232.984402
0.0,4,232.984503
0.0,2,232.984577
0.0,16,232.984843
0.0,3,232.984933
0.0,6,232.985062
0.0,5,232.985177
0.0,4,232.985278
0.0,2,232.985353
0.0,11,232.985547
0.0,5,232.985672
0.0,4,232.985776
0.0,4,232.985877
0.0,6,232.986005
0.0,11,232.9862
0.0,3,232.986288
0.0,4,232.986389
0.0,6,232.986516
0.0,4,232.986618
0.0,5,232.986746
0.0,4,232.986849
0.0,4,232.98695
0.0,4,232.987051
0.0,2,232.987125
0.0,8,232.987279
0.0,11,232.987474
0.0,12,232.987692
0.0,4,232.987795
0.0,5,232.98791
0.0,4,232.988011
0.0,3,232.988099
0.0,3,232.988187
0.0,3,232.988275
0.0,3,232.988362
0.0,6,232.98849
0.0,6,232.988618
0.0,6,232.988756
0.0,12,232.988964
0.0,2,232.989041
1.0,13,232.989263
0.0,4,232.989366
0.0,5,232.989481
0.0,6,232.98961
0.0,4,232.989723
0.0,8,232.989877
0.0,10,232.990058
0.0,2,232.990133
0.0,12,232.99034
0.0,6,232.990467
0.0,10,232.990658
0.0,2,232.990735
0.0,2,232.99081
0.0,4,232.990912
0.0,4,232.991013
0.0,3,232.9911
0.0,8,232.991254
0.0,12,232.99146
0.0,2,232.991534
0.0,3,232.991628
0.0,8,232.991787
0.0,8,232.991941
0.0,2,232.992016
0.0,9,232.992185
0.0,12,232.992393
0.0,4,232.992494
0.0,3,232.992582
0.0,4,232.992695
0.0,7,232.992839
0.0,6,232.992967
0.0,9,232.993134
1.0,14,232.993368
0.0,3,232.993456
0.0,3,232.993544
0.0,5,232.993669
1.0,12,232.993879
0.0,4,232.99398
0.0,2,232.994054
0.0,4,232.994155
0.0,12,232.994362
0.0,8,232.994516
0.0,4,232.994618
0.0,7,232.99477
0.0,4,232.994872
0.0,13,232.995095
0.0,8,232.99525
0.0,10,232.995431
0.0,4,232.995532
0.0,10,232.995725
0.0,2,232.995802
0.0,16,232.996064
0.0,4,232.996166
0.0,5,232.996282
0.0,6,232.996411
0.0,13,232.996643
1.0,14,232.996882
0.0,5,232.996998
0.0,7,232.997151
0.0,7,232.997294
0.0,6,232.997423
0.0,5,232.997538
0.0,5,232.997662
0.0,4,232.997767
0.0,7,232.997908
0.0,10,232.998089
0.0,2,232.998164
0.0,6,232.998291
0.0,4,232.998392
0.0,11,232.998587
0.0,2,232.998672
0.0,7,232.998816
0.0,4,232.998918
0.0,11,232.999111
0.0,7,232.999252
0.0,3,232.99934
0.0,4,232.999442
0.0,8,232.999598
0.0,14,232.999841
0.0,6,232.999973
0.0,10,233.000155
0.0,3,233.000243
0.0,3,233.000331
0.0,10,233.000515
0.0,6,233.000653
0.0,6,233.000785
0.0,7,233.000927
0.0,3,233.001015
0.0,2,233.00109
0.0,3,233.001178
0.0,4,233.00128
0.0,6,233.001409
0.0,5,233.001524
0.0,8,233.001691
0.0,3,233.001783
0.0,9,233.001952
0.0,7,233.002094
0.0,6,233.002223
0.0,4,233.002325
0.0,4,233.002427
0.0,3,233.002516
0.0,10,233.002708
0.0,3,233.002799
0.0,4,233.002902
0.0,5,233.003017
0.0,9,233.003186
0.0,5,233.003302
0.0,9,233.003471
1.0,16,233.003742
0.0,7,233.003887
0.0,4,233.003989
0.0,4,233.004092
0.0,3,233.004184
0.0,4,233.004287
0.0,4,233.00439
0.0,4,233.004493
0.0,3,233.004582
0.0,4,233.004696
0.0,17,233.004973
0.0,8,233.00513
0.0,9,233.0053
0.0,4,233.005403
0.0,12,233.005611
0.0,4,233.005727
0.0,8,233.005883
0.0,10,233.006065
0.0,3,233.006155
0.0,5,233.006271
0.0,3,233.00636
0.0,4,233.006461
0.0,11,233.006667
0.0,5,233.006807
0.0,10,233.006989
0.0,3,233.007077
0.0,12,233.007285
0.0,8,233.007439
0.0,6,233.007567
0.0,3,233.007666
0.0,6,233.007797
0.0,11,233.007992
0.0,9,233.008161
0.0,7,233.008303
0.0,6,233.008431
0.0,6,233.00856
0.0,5,233.008685
0.0,8,233.008843
0.0,9,233.009011
0.0,9,233.00918
0.0,4,233.009282
0.0,5,233.009398
0.0,5,233.009512
0.0,7,233.009663
0.0,10,233.009848
0.0,15,233.010098
0.0,3,233.010186
0.0,7,233.010329
0.0,2,233.010403
0.0,7,233.010618
0.0,17,233.010927
0.0,3,233.011018
0.0,3,233.011107
0.0,8,233.011261
0.0,16,233.011521
0.0,7,233.011672
0.0,5,233.01179
0.0,6,233.011918
0.0,3,233.012005
0.0,11,233.0122
0.0,4,233.012303
0.0,11,233.012499
0.0,2,233.012573
0.0,10,233.012763
0.0,4,233.012866
0.0,5,233.01298
0.0,3,233.013068
0.0,3,233.013156
0.0,6,233.013285
0.0,4,233.013386
0.0,2,233.013459
0.0,5,233.013573
0.0,5,233.013699
0.0,3,233.013789
0.0,13,233.014009
0.0,5,233.014123
0.0,3,233.01421
0.0,5,233.014325
0.0,3,233.014412
0.0,2,233.014486
0.0,8,233.01465
0.0,11,233.014847
0.0,12,233.015054
0.0,2,233.015128
0.0,6,233.015255
0.0,4,233.015357
0.0,3,233.015444
0.0,7,233.015584
0.0,7,233.015734
0.0,3,233.015824
0.0,5,233.015938
0.0,2,233.016012
0.0,10,233.016194
0.0,9,233.016362
0.0,7,233.016503
0.0,8,233.016667
0.0,3,233.016757
0.0,10,233.016937
0.0,3,233.017025
0.0,11,233.017222
0.0,8,233.017375
0.0,2,233.017449
0.0,4,233.01755
0.0,5,233.017673
0.0,9,233.017843
0.0,14,233.018078
0.0,3,233.018166
0.0,9,233.018333
0.0,9,233.0185
0.0,3,233.018588
0.0,5,233.018711
0.0,5,233.018828
0.0,9,233.018996
0.0,13,233.019216
0.0,5,233.01933
1.0,13,233.019551
0.0,6,233.019692
0.0,7,233.019835
0.0,9,233.020002
0.0,13,233.020221
0.0,2,233.020295
0.0,5,233.020409
0.0,3,233.020496
0.0,7,233.020647
0.0,10,233.020831
0.0,5,233.020945
1.0,7,233.021086
0.0,2,233.02116
0.0,11,233.021355
0.0,11,233.021549
0.0,6,233.021686
0.0,3,233.021777
0.0,5,233.021892
0.0,2,233.021966
0.0,7,233.022107
0.0,5,233.022222
0.0,4,233.022323
0.0,5,233.022436
0.0,9,233.022602
0.0,3,233.0227
0.0,2,233.022776
0.0,2,233.02285
0.0,2,233.022924
0.0,8,233.02308
0.0,2,233.023155
0.0,6,233.023283
0.0,6,233.02341
0.0,5,233.023525
0.0,3,233.023613
0.0,7,233.023766
0.0,5,233.02388
0.0,2,233.023954
0.0,2,233.024028
0.0,10,233.024209
0.0,5,233.024324
0.0,4,233.024425
0.0,8,233.024579
0.0,7,233.024728
0.0,7,233.02487
0.0,7,233.025011
0.0,5,233.025125
0.0,4,233.025226
0.0,3,233.025314
0.0,4,233.025415
0.0,2,233.025489
0.0,2,233.025563
0.0,4,233.025676
0.0,4,233.025779
0.0,2,233.025853
0.0,6,233.02598
0.0,5,233.026094
0.0,3,233.026182
0.0,3,233.026272
0.0,7,233.026413
0.0,3,233.0265
0.0,8,233.026665
0.0,7,233.026808
0.0,4,233.02691
0.0,4,233.027018
0.0,7,233.027161
0.0,12,233.027369
0.0,2,233.027443
0.0,3,233.027531
0.0,13,233.02776
0.0,8,233.027917
0.0,5,233.028032
0.0,11,233.028225
0.0,9,233.028392
0.0,4,233.028492
0.0,7,233.028643
0.0,4,233.028748
0.0,3,233.028836
0.0,5,233.02895
0.0,7,233.02909
0.0,16,233.029349
0.0,3,233.029436
0.0,5,233.029549
0.0,4,233.029661
0.0,4,233.029765
0.0,6,233.029894
0.0,10,233.030074
0.0,17,233.030344
0.0,2,233.030421
0.0,7,233.030561
0.0,5,233.030684
0.0,9,233.030853
0.0,3,233.030941
0.0,5,233.031054
0.0,3,233.031142
0.0,3,233.031229
0.0,6,233.031356
0.0,4,233.031457
0.0,4,233.031557
0.0,9,233.031736
0.0,11,233.031931
0.0,5,233.032045
0.0,12,233.032252
0.0,3,233.032338
0.0,10,233.032518
0.0,10,233.032743
0.0,4,233.032848
0.0,2,233.032923
0.0,18,233.03321
0.0,5,233.033324
0.0,4,233.033426
0.0,5,233.03354
0.0,6,233.033676
0.0,7,233.03382
0.0,6,233.033947
0.0,3,233.034036
0.0,8,233.034192
0.0,13,233.034411
0.0,4,233.034512
0.0,8,233.034678
0.0,5,233.034795
0.0,4,233.034896
0.0,4,233.034997
0.0,4,233.035098
0.0,4,233.035199
0.0,8,233.035354
0.0,6,233.035481
0.0,5,233.035596
0.0,6,233.035734
0.0,13,233.035957
0.0,7,233.036097
0.0,7,233.036237
0.0,5,233.036351
0.0,4,233.036452
0.0,9,233.036627
0.0,4,233.036732
0.0,7,233.036873
0.0,4,233.036973
0.0,10,233.037153
0.0,4,233.037254
0.0,2,233.037328
0.0,4,233.037428
0.0,4,233.037528
0.0,11,233.037733
0.0,6,233.037863
0.0,7,233.038004
0.0,5,233.038118
0.0,3,233.038204
0.0,2,233.038278
0.0,10,233.038459
0.0,4,233.038559
0.0,3,233.038656
0.0,7,233.0388
0.0,2,233.038875
0.0,4,233.038976
1.0,8,233.039132
0.0,2,233.039206
0.0,25,233.039585
0.0,4,233.039697
0.0,2,233.039774
0.0,6,233.039902
0.0,5,233.040017
0.0,5,233.040131
0.0,2,233.040204
0.0,9,233.040372
0.0,2,233.040447
1.0,6,233.040575
0.0,11,233.04078
0.0,7,233.040923
0.0,2,233.040998
0.0,5,233.041114
0.0,4,233.041215
0.0,3,233.041302
0.0,5,233.041416
0.0,8,233.04157
0.0,3,233.041669
0.0,4,233.041773
0.0,5,233.041887
0.0,5,233.042001
0.0,6,233.042129
0.0,4,233.042229
0.0,2,233.042312
0.0,3,233.042401
0.0,2,233.042475
0.0,7,233.042616
0.0,3,233.042715
0.0,4,233.042816
0.0,8,233.042971
0.0,8,233.043125
0.0,4,233.043226
0.0,7,233.043368
0.0,13,233.043588
0.0,5,233.043712
0.0,2,233.043788
0.0,4,233.04389
0.0,3,233.043978
0.0,2,233.044052
0.0,12,233.04426
0.0,4,233.044361
0.0,15,233.044608
0.0,5,233.044733
0.0,14,233.044967
0.0,4,233.045068
0.0,2,233.045141
0.0,7,233.045283
0.0,2,233.045357
0.0,7,233.045498
0.0,6,233.045633
0.0,9,233.045804
0.0,4,233.045905
0.0,2,233.04598
0.0,6,233.046108
1.0,17,233.04638
0.0,3,233.04647
0.0,14,233.046716
0.0,12,233.046926
0.0,3,233.047015
0.0,4,233.047116
0.0,3,233.047204
0.0,11,233.047399
0.0,12,233.047607
0.0,4,233.047717
1.0,14,233.047952
0.0,9,233.048121
0.0,3,233.048209
0.0,6,233.048337
0.0,5,233.048452
0.0,9,233.048628
0.0,8,233.048787
0.0,2,233.048861
0.0,10,233.049043
0.0,6,233.049171
0.0,5,233.049286
0.0,2,233.049359
0.0,2,233.049433
0.0,4,233.049534
1.0,9,233.049712
0.0,4,233.049817
0.0,2,233.049891
0.0,6,233.050019
0.0,13,233.050238
0.0,5,233.050353
0.0,4,233.050453
0.0,8,233.050607
0.0,5,233.050731
0.0,7,233.050872
0.0,12,233.051078
0.0,7,233.05122
0.0,2,233.051294
0.0,3,233.051381
0.0,5,233.051495
0.0,2,233.051569
0.0,6,233.051708
0.0,3,233.051797
0.0,4,233.051899
0.0,5,233.052012
0.0,6,233.052139
0.0,2,233.052213
0.0,2,233.052288
0.0,4,233.052389
0.0,6,233.052516
0.0,5,233.052641
0.0,3,233.052732
1.0,13,233.052953
1.0,12,233.053161
0.0,2,233.053236
0.0,3,233.053324
0.0,3,233.053413
0.0,6,233.053541
0.0,5,233.053665
0.0,11,233.053862
0.0,4,233.053964
0.0,3,233.054052
1.0,12,233.054262
0.0,5,233.054377
0.0,5,233.054491
0.0,2,233.054565
0.0,4,233.054677
0.0,4,233.054779
0.0,6,233.054907
0.0,15,233.055153
0.0,8,233.055307
0.0,2,233.055383
0.0,10,233.055566
0.0,4,233.055679
0.0,4,233.055784
0.0,5,233.055898
0.0,2,233.055972
0.0,4,233.056074
0.0,5,233.056188
0.0,2,233.056272
0.0,7,233.056415
0.0,4,233.056516
0.0,2,233.05659
0.0,7,233.056741
0.0,2,233.056818
0.0,12,233.057026
0.0,17,233.057301
0.0,3,233.057391
0.0,18,233.0577
0.0,2,233.057789
0.0,10,233.057972
0.0,3,233.058059
0.0,2,233.058132
0.0,11,233.058326
0.0,4,233.058426
0.0,13,233.05866
0.0,2,233.058737
0.0,6,233.058864
0.0,8,233.059018
0.0,10,233.059201
0.0,4,233.059301
0.0,4,233.059402
0.0,15,233.059658
0.0,3,233.059748
0.0,10,233.059929
1.0,7,233.060071
0.0,9,233.060239
0.0,5,233.060354
0.0,2,233.060426
0.0,6,233.060554
0.0,11,233.06078
0.0,2,233.060857
0.0,5,233.060971
0.0,5,233.061086
1.0,6,233.061214
0.0,5,233.061329
0.0,6,233.061457
0.0,10,233.061652
0.0,4,233.061757
0.0,17,233.062032
0.0,4,233.062133
0.0,13,233.062354
0.0,7,233.062496
0.0,6,233.062631
0.0,2,233.062708
0.0,4,233.06281
0.0,5,233.062927
0.0,3,233.063016
0.0,4,233.063119
0.0,4,233.063221
0.0,8,233.063376
0.0,9,233.063544
0.0,5,233.063669
0.0,4,233.063773
0.0,8,233.063928
0.0,4,233.064029
0.0,18,233.064317
0.0,11,233.064515
0.0,10,233.064708
0.0,6,233.064839
0.0,3,233.064926
0.0,10,233.065108
0.0,8,233.065263
0.0,25,233.065654
0.0,7,233.065799
0.0,4,233.0659
0.0,7,233.066042
0.0,11,233.066236
0.0,5,233.066351
0.0,6,233.066478
0.0,7,233.066626
0.0,5,233.066745
0.0,5,233.06686
0.0,5,233.066974
0.0,7,233.067116
0.0,4,233.067217
0.0,6,233.067345
0.0,4,233.067446
0.0,4,233.067546
0.0,5,233.067672
0.0,4,233.067776
0.0,19,233.068074
0.0,3,233.068162
0.0,5,233.068276
0.0,5,233.068391
0.0,3,233.068478
0.0,6,233.068607
0.0,4,233.068719
0.0,4,233.068822
0.0,6,233.06895
0.0,3,233.069038
0.0,12,233.069246
0.0,11,233.06944
0.0,14,233.069684
0.0,5,233.069802
0.0,2,233.069876
0.0,9,233.070044
0.0,13,233.070264
0.0,13,233.070483
0.0,3,233.07057
0.0,4,233.070682
0.0,7,233.070827
0.0,10,233.071009
0.0,4,233.07111
0.0,6,233.071238
0.0,3,233.071326
0.0,12,233.071533
0.0,4,233.071642
0.0,6,233.071771
0.0,11,233.071965
0.0,9,233.072132
0.0,6,233.07226
0.0,6,233.072387
0.0,7,233.072528
1.0,15,233.072784
0.0,5,233.072901
0.0,5,233.073016
0.0,4,233.073117
0.0,2,233.073193
0.0,7,233.073334
0.0,7,233.073475
0.0,14,233.073717
0.0,5,233.073835
0.0,2,233.073909
0.0,4,233.074011
0.0,2,233.074085
0.0,4,233.074186
0.0,6,233.074313
0.0,3,233.074401
0.0,4,233.074502
0.0,5,233.074617
0.0,7,233.07477
0.0,2,233.074845
0.0,6,233.074973
0.0,4,233.075074
0.0,6,233.075202
0.0,2,233.075275
0.0,6,233.075403
0.0,3,233.075492
0.0,9,233.075669
1.0,14,233.075906
0.0,5,233.07602
0.0,2,233.076095
0.0,4,233.076196
0.0,3,233.076284
0.0,8,233.076438
0.0,4,233.07654
0.0,5,233.076664
0.0,16,233.076924
0.0,13,233.077142
0.0,3,233.07723
0.0,9,233.077398
0.0,2,233.077472
0.0,2,233.077545
0.0,10,233.077736
0.0,4,233.07784
0.0,4,233.077941
0.0,7,233.078082
0.0,2,233.078157
0.0,4,233.07826
0.0,8,233.078415
0.0,6,233.078543
0.0,7,233.078693
0.0,7,233.078837
0.0,6,233.078964
0.0,7,233.079106
0.0,6,233.079233
0.0,6,233.079361
0.0,3,233.079448
0.0,8,233.079603
0.0,4,233.079717
0.0,3,233.079807
0.0,6,233.079936
0.0,7,233.080078
0.0,9,233.080246
0.0,9,233.080415
0.0,8,233.080569
0.0,7,233.080719
0.0,2,233.080795
0.0,5,233.080909
0.0,3,233.080997
0.0,10,233.081178
0.0,11,233.081372
0.0,11,233.081567
0.0,4,233.081677
0.0,5,233.081795
0.0,18,233.08208
0.0,5,233.082197
0.0,4,233.082298
0.0,6,233.082426
0.0,5,233.08254
0.0,18,233.082837
0.0,11,233.083034
0.0,3,233.083122
0.0,11,233.083316
0.0,2,233.08339
0.0,2,233.083464
0.0,5,233.083578
1.0,13,233.083807
0.0,4,233.083911
0.0,13,233.084131
0.0,4,233.084232
0.0,12,233.084439
1.0,12,233.084655
0.0,7,233.084799
0.0,6,233.084926
0.0,3,233.085016
0.0,2,233.085091
0.0,5,233.085206
1.0,15,233.085452
0.0,3,233.08554
0.0,2,233.085615
0.0,2,233.085704
0.0,4,233.085806
1.0,14,233.086039
0.0,4,233.086141
0.0,4,233.086242
0.0,6,233.08637
0.0,4,233.086471
1.0,8,233.086633
0.0,8,233.086791
0.0,3,233.086879
0.0,3,233.086968
0.0,4,233.087069
0.0,5,233.087183
0.0,3,233.08728
0.0,16,233.087541
0.0,3,233.087637
1.0,6,233.087768
0.0,2,233.087842
0.0,3,233.08793
0.0,4,233.088031
0.0,9,233.088197
0.0,10,233.088377
0.0,4,233.088478
0.0,3,233.088565
0.0,7,233.088717
0.0,2,233.088794
0.0,3,233.088882
0.0,8,233.089037
0.0,7,233.089177
0.0,11,233.08937
0.0,3,233.089458
0.0,2,233.089533
0.0,9,233.08971
0.0,3,233.089801
0.0,5,233.089915
0.0,2,233.089989
0.0,3,233.090077
0.0,8,233.090231
0.0,6,233.090358
0.0,18,233.090653
0.0,4,233.090759
0.0,5,233.090873
0.0,4,233.090974
0.0,12,233.091181
0.0,6,233.091308
0.0,8,233.091462
0.0,2,233.091536
0.0,11,233.091741
0.0,7,233.091885
0.0,8,233.092038
0.0,9,233.092205
0.0,3,233.092293
0.0,3,233.092379
0.0,4,233.092479
0.0,10,233.092671
0.0,5,233.092788
0.0,4,233.092889
0.0,5,233.093003
0.0,6,233.093131
0.0,5,233.093245
0.0,7,233.093386
0.0,20,233.093708
0.0,8,233.093868
0.0,10,233.09405
0.0,4,233.094151
0.0,11,233.094346
0.0,9,233.094514
0.0,5,233.094639
0.0,3,233.09473
0.0,11,233.094925
0.0,7,233.095067
0.0,2,233.095142
0.0,4,233.095243
0.0,2,233.095316
0.0,7,233.095457
0.0,2,233.09553
0.0,3,233.095617
0.0,7,233.095771
0.0,4,233.095872
0.0,3,233.09596
0.0,4,233.096061
0.0,5,233.096175
0.0,13,233.096395
0.0,4,233.096496
0.0,2,233.09657
0.0,3,233.096666
0.0,5,233.096783
0.0,10,233.096963
0.0,7,233.097102
0.0,3,233.097188
0.0,4,233.097288
0.0,3,233.097375
0.0,3,233.097461
0.0,7,233.097601
0.0,3,233.097698
0.0,4,233.097801
0.0,7,233.097942
0.0,7,233.098082
0.0,9,233.098248
0.0,5,233.098364
0.0,3,233.098451
0.0,8,233.098604
0.0,7,233.098753
0.0,4,233.098855
0.0,2,233.098929
0.0,10,233.099109
0.0,4,233.09921
0.0,5,233.099323
0.0,8,233.099478
0.0,9,233.099655
0.0,2,233.099731
0.0,3,233.099819
0.0,4,233.099919
0.0,3,233.100007
1.0,6,233.100135
0.0,3,233.100223
0.0,10,233.100404
0.0,7,233.100544
0.0,4,233.100656
0.0,9,233.100827
0.0,7,233.100968
0.0,3,233.101054
0.0,5,233.101169
0.0,5,233.101282
0.0,6,233.10141
0.0,7,233.10155
0.0,4,233.101661
0.0,7,233.101805
0.0,3,233.101893
0.0,11,233.102087
0.0,6,233.102214
0.0,3,233.102301
0.0,3,233.102389
0.0,6,233.102516
0.0,5,233.102638
0.0,2,233.102715
0.0,5,233.102829
0.0,3,233.102916
0.0,8,233.10307
0.0,2,233.103144
0.0,7,233.103286
0.0,3,233.103373
0.0,6,233.103501
0.0,6,233.103643
0.0,4,233.103748
1.0,9,233.103918
0.0,8,233.104075
0.0,7,233.104218
0.0,5,233.104333
0.0,11,233.104528
0.0,3,233.104616
0.0,2,233.104702
0.0,9,233.104871
0.0,4,233.104974
0.0,6,233.105103
0.0,6,233.105232
0.0,10,233.105413
0.0,16,233.105685
0.0,2,233.105763
0.0,2,233.105838
0.0,4,233.105941
0.0,4,233.106043
0.0,6,233.106171
0.0,5,233.106286
0.0,3,233.106375
0.0,4,233.106476
0.0,9,233.106656
0.0,2,233.106733
0.0,4,233.106835
0.0,9,233.107005
0.0,3,233.107095
0.0,3,233.107187
0.0,4,233.10729
0.0,2,233.107365
0.0,15,233.107612
0.0,4,233.107725
0.0,2,233.107801
0.0,3,233.10789
0.0,5,233.108007
0.0,5,233.108123
0.0,10,233.108305
0.0,4,233.108407
0.0,4,233.108508
0.0,6,233.108645
0.0,6,233.108775
0.0,2,233.10885
0.0,8,233.109005
0.0,3,233.109093
0.0,5,233.109208
0.0,9,233.109375
0.0,6,233.109504
0.0,16,233.109776
0.0,3,233.109867
0.0,3,233.109956
0.0,14,233.110193
0.0,3,233.110281
0.0,6,233.11041
0.0,9,233.110646
0.0,3,233.110742
0.0,6,233.110872
0.0,3,233.11096
0.0,8,233.111114
0.0,6,233.11124
0.0,4,233.111341
0.0,7,233.111481
0.0,3,233.111567
0.0,11,233.11177
0.0,3,233.11186
0.0,7,233.112
0.0,8,233.112154
0.0,2,233.112228
0.0,2,233.112302
0.0,5,233.112416
0.0,3,233.112503
0.0,4,233.112603
0.0,3,233.112702
0.0,6,233.112831
0.0,3,233.112918
0.0,11,233.113112
0.0,4,233.113214
0.0,2,233.113287
0.0,4,233.113388
0.0,2,233.113461
0.0,11,233.113665
0.0,3,233.113755
0.0,5,233.113869
1.0,9,233.114037
0.0,4,233.11414
0.0,4,233.114241
0.0,5,233.114355
0.0,3,233.114442
0.0,3,233.114528
0.0,6,233.114666
0.0,10,233.114849
0.0,6,233.114976
1.0,12,233.115181
0.0,2,233.115255
0.0,4,233.115356
0.0,5,233.115469
0.0,5,233.115582
0.0,2,233.115667
0.0,13,233.115904
0.0,3,233.115993
0.0,3,233.116081
0.0,4,233.116182
0.0,5,233.116296
0.0,4,233.116397
0.0,5,233.11651
0.0,6,233.116648
0.0,4,233.116751
0.0,7,233.116891
0.0,4,233.116991
0.0,10,233.117173
0.0,3,233.117261
0.0,4,233.117361
0.0,7,233.117502
0.0,8,233.117664
0.0,7,233.117807
0.0,4,233.117908
0.0,10,233.118088
0.0,3,233.118176
0.0,5,233.118291
0.0,2,233.118365
0.0,3,233.118453
0.0,2,233.118527
0.0,9,233.118704
0.0,6,233.118835
0.0,5,233.11895
0.0,3,233.119038
0.0,2,233.119112
0.0,5,233.119227
0.0,8,233.11938
0.0,2,233.119454
0.0,6,233.119581
0.0,7,233.11973
0.0,7,233.119873
0.0,5,233.119987
0.0,4,233.120087
1.0,9,233.120254
0.0,2,233.120327
0.0,4,233.120427
0.0,7,233.120567
0.0,3,233.120663
0.0,7,233.120809
0.0,6,233.120937
0.0,8,233.121091
0.0,4,233.121192
0.0,6,233.121318
0.0,8,233.121472
0.0,6,233.121598
0.0,6,233.121736
0.0,3,233.121825
0.0,3,233.121913
0.0,3,233.122001
0.0,2,233.122077
0.0,8,233.12223
0.0,8,233.122384
0.0,6,233.122511
0.0,2,233.122584
0.0,10,233.122772
0.0,12,233.122981
0.0,3,233.123068
0.0,6,233.123195
0.0,6,233.123321
0.0,8,233.123473
0.0,8,233.123631
0.0,7,233.123774
0.0,2,233.123847
0.0,6,233.123975
0.0,15,233.124221
0.0,4,233.124322
0.0,4,233.124424
0.0,6,233.124551
0.0,4,233.124663
0.0,3,233.124753
0.0,7,233.124892
0.0,5,233.125005
0.0,6,233.12513
0.0,3,233.125216
0.0,6,233.125343
0.0,10,233.125523
0.0,2,233.125597
0.0,3,233.125694
0.0,8,233.12585
0.0,3,233.125939
0.0,8,233.126092
0.0,7,233.126231
0.0,5,233.126347
0.0,8,233.126501
0.0,7,233.126651
0.0,4,233.126778
0.0,6,233.126905
0.0,10,233.127085
0.0,11,233.127277
0.0,3,233.127364
0.0,6,233.127491
0.0,4,233.127592
0.0,3,233.127691
0.0,4,233.127795
0.0,6,233.127924
0.0,8,233.128078
0.0,10,233.128258
0.0,5,233.128372
0.0,6,233.1285
0.0,3,233.128587
0.0,17,233.128868
0.0,6,233.129
0.0,4,233.129101
0.0,10,233.129281
0.0,7,233.129422
0.0,8,233.129576
0.0,2,233.129658
0.0,2,233.129734
0.0,7,233.129874
0.0,3,233.129961
0.0,7,233.130101
0.0,7,233.130241
1.0,10,233.130421
0.0,9,233.130589
0.0,7,233.130739
0.0,4,233.130843
1.0,8,233.130996
0.0,2,233.13107
0.0,6,233.131198
0.0,7,233.131339
0.0,4,233.13144
0.0,3,233.131528
0.0,11,233.131732
0.0,3,233.131823
0.0,3,233.131912
0.0,2,233.131987
0.0,6,233.132115
0.0,3,233.132203
0.0,3,233.13229
0.0,7,233.132431
0.0,3,233.132518
0.0,5,233.132642
0.0,7,233.132786
0.0,2,233.132859
0.0,8,233.133013
0.0,5,233.133126
0.0,3,233.133213
0.0,6,233.133341
0.0,8,233.133493
0.0,3,233.13358
0.0,4,233.133692
0.0,5,233.133809
0.0,3,233.133897
0.0,8,233.134049
0.0,9,233.134215
0.0,3,233.134304
0.0,6,233.13443
0.0,3,233.134517
0.0,9,233.134694
0.0,11,233.134891
0.0,10,233.135072
0.0,4,233.135173
0.0,3,233.135259
0.0,7,233.135399
0.0,2,233.135471
0.0,5,233.135585
0.0,5,233.13571
0.0,8,233.135866
0.0,5,233.135979
0.0,4,233.136079
0.0,3,233.136167
0.0,8,233.136321
0.0,4,233.136421
0.0,5,233.136534
0.0,5,233.136659
0.0,6,233.136789
0.0,5,233.136904
0.0,6,233.13703
0.0,7,233.137171
0.0,5,233.137285
0.0,3,233.137372
0.0,3,233.13746
0.0,4,233.13756
0.0,4,233.13767
0.0,11,233.137864
0.0,3,233.137952
0.0,10,233.138133
0.0,6,233.138259
0.0,7,233.138398
0.0,4,233.138499
0.0,4,233.138599
0.0,5,233.138721
0.0,10,233.138902
0.0,8,233.139056
0.0,2,233.13913
0.0,6,233.139257
0.0,8,233.139412
0.0,2,233.139487
0.0,4,233.139587
0.0,7,233.139739
0.0,10,233.139922
0.0,8,233.140077
0.0,6,233.140205
0.0,5,233.140319
0.0,4,233.140419
0.0,14,233.140662
0.0,5,233.14078
0.0,6,233.140908
0.0,6,233.141035
0.0,2,233.141109
0.0,6,233.141237
0.0,15,233.141483
0.0,5,233.141598
0.0,10,233.141785
0.0,3,233.141876
0.0,8,233.14203
0.0,3,233.142121
0.0,3,233.142209
0.0,6,233.142337
0.0,3,233.142425
0.0,4,233.142527
0.0,3,233.142615
0.0,5,233.142743
0.0,7,233.142884
0.0,8,233.143038
0.0,7,233.143178
0.0,6,233.143305
0.0,9,233.143472
0.0,4,233.143572
0.0,4,233.143682
0.0,5,233.143798
0.0,7,233.143938
0.0,4,233.144038
0.0,6,233.144177
0.0,7,233.144319
0.0,7,233.14446
0.0,4,233.144561
0.0,7,233.144712
0.0,3,233.144802
0.0,6,233.144929
0.0,4,233.14503
0.0,3,233.145118
0.0,7,233.14526
0.0,7,233.145402
0.0,8,233.145555
0.0,6,233.145695
0.0,5,233.145814
0.0,3,233.145903
0.0,4,233.146004
0.0,9,233.146171
0.0,7,233.146313
0.0,3,233.146401
0.0,4,233.146502
0.0,7,233.146653
0.0,19,233.146956
0.0,2,233.147034
0.0,16,233.147294
0.0,2,233.147368
0.0,11,233.147563
0.0,6,233.1477
0.0,14,233.147938
0.0,4,233.148039
0.0,7,233.14818
0.0,8,233.148333
0.0,7,233.148473
0.0,9,233.148651
0.0,7,233.148793
0.0,4,233.148895
0.0,8,233.149048
0.0,4,233.149149
0.0,9,233.149315
0.0,3,233.149407
0.0,3,233.149496
0.0,3,233.149584
0.0,3,233.149682
0.0,4,233.149786
0.0,4,233.149888
0.0,11,233.150082
0.0,3,233.150169
0.0,12,233.150377
0.0,7,233.150517
0.0,3,233.150604
0.0,5,233.150728
0.0,8,233.150884
0.0,5,233.150997
0.0,18,233.151282
0.0,8,233.151439
0.0,2,233.151513
0.0,4,233.151613
0.0,6,233.151753
0.0,7,233.151894
0.0,5,233.152007
0.0,5,233.152121
0.0,8,233.152276
0.0,5,233.152389
0.0,5,233.152503
0.0,3,233.15259
0.0,3,233.152686
0.0,22,233.153024
0.0,13,233.153244
0.0,4,233.153344
0.0,4,233.153444
0.0,4,233.153545
0.0,10,233.153735
0.0,5,233.153851
0.0,5,233.153966
0.0,8,233.154119
0.0,9,233.154286
0.0,3,233.154375
0.0,6,233.154503
0.0,2,233.154577
0.0,4,233.154688
0.0,3,233.154778
0.0,13,233.154997
0.0,4,233.155097
0.0,2,233.155171
0.0,2,233.155245
0.0,6,233.155371
0.0,8,233.155524
0.0,3,233.155612
0.0,4,233.155725
0.0,9,233.155892
0.0,4,233.155994
0.0,7,233.156134
0.0,2,233.156208
0.0,3,233.156296
0.0,3,233.156383
0.0,4,233.156484
0.0,6,233.156613
0.0,5,233.156738
0.0,5,233.156851
0.0,8,233.157005
0.0,5,233.157119
0.0,3,233.157206
0.0,6,233.157332
0.0,4,233.157433
0.0,9,233.157601
0.0,8,233.157766
0.0,17,233.158041
1.0,14,233.158278
0.0,2,233.158354
0.0,5,233.158469
0.0,3,233.158557
0.0,3,233.158653
0.0,2,233.158729
0.0,9,233.158899
0.0,7,233.15904
0.0,7,233.159181
0.0,5,233.159296
0.0,7,233.159437
0.0,15,233.159693
0.0,11,233.159889
0.0,7,233.16003
0.0,2,233.160104
0.0,7,233.160245
0.0,7,233.160385
0.0,21,233.160722
0.0,4,233.160826
1.0,7,233.160967
0.0,5,233.161082
0.0,9,233.16125
0.0,3,233.161338
0.0,2,233.161412
0.0,5,233.161527
0.0,3,233.161614
0.0,4,233.161726
0.0,2,233.161801
0.0,13,233.162022
0.0,7,233.162164
0.0,4,233.162266
0.0,10,233.162446
0.0,7,233.162587
0.0,5,233.162709
0.0,6,233.16284
0.0,7,233.162981
0.0,3,233.163068
0.0,11,233.163262
0.0,4,233.163363
0.0,7,233.163503
0.0,18,233.163799
0.0,4,233.163903
1.0,11,233.164097
0.0,7,233.164237
0.0,3,233.164325
0.0,6,233.164454
0.0,7,233.164595
0.0,8,233.164757
0.0,2,233.164834
0.0,7,233.164975
0.0,3,233.165062
0.0,3,233.16515
0.0,4,233.165251
0.0,7,233.165392
0.0,9,233.165559
0.0,5,233.165684
0.0,2,233.165761
0.0,6,233.165889
0.0,3,233.165976
0.0,6,233.166103
0.0,10,233.166282
0.0,6,233.166409
0.0,3,233.166497
0.0,7,233.16665
0.0,3,233.166741
0.0,3,233.166829
0.0,3,233.166918
0.0,8,233.167073
0.0,10,233.167255
0.0,4,233.167355
0.0,14,233.167589
0.0,3,233.167685
0.0,11,233.167883
0.0,7,233.168025
0.0,5,233.168139
0.0,3,233.168226
0.0,12,233.168432
0.0,3,233.168518
0.0,5,233.16864
0.0,2,233.168717
0.0,9,233.168884
0.0,4,233.168985
0.0,11,233.169177
0.0,3,233.169263
0.0,2,233.169337
0.0,4,233.169438
0.0,6,233.169565
0.0,4,233.169678
0.0,3,233.169768
0.0,4,233.169869
0.0,3,233.169957
0.0,2,233.170031
0.0,11,233.170225
0.0,9,233.170393
0.0,5,233.170507
0.0,7,233.170658
0.0,5,233.170775
0.0,7,233.170916
0.0,2,233.17099
0.0,7,233.171132
0.0,10,233.171312
0.0,2,233.171388
0.0,3,233.171476
1.0,6,233.171604
0.0,5,233.171729
0.0,2,233.171804
0.0,5,233.171919
0.0,8,233.172073
0.0,10,233.172253
0.0,6,233.17238
0.0,11,233.172574
0.0,4,233.172686
0.0,4,233.172789
0.0,3,233.172877
0.0,3,233.172964
0.0,8,233.173117
0.0,4,233.173218
0.0,7,233.173358
0.0,5,233.173472
0.0,5,233.173586
0.0,3,233.173682
0.0,5,233.173809
0.0,11,233.174006
0.0,7,233.174147
0.0,3,233.174233
0.0,10,233.174414
0.0,8,233.174568
0.0,2,233.174651
0.0,6,233.174781
0.0,2,233.174856
0.0,3,233.174943
0.0,6,233.175071
0.0,6,233.175199
0.0,3,233.175285
0.0,8,233.17544
0.0,8,233.175594
0.0,4,233.175707
0.0,5,233.175825
0.0,4,233.175927
0.0,4,233.176027
1.0,8,233.176182
0.0,13,233.176402
0.0,4,233.176503
0.0,10,233.176694
0.0,5,233.176811
0.0,3,233.176898
0.0,10,233.17708
0.0,6,233.177207
0.0,5,233.177321
0.0,6,233.177448
0.0,9,233.177615
0.0,2,233.1777
0.0,8,233.177855
0.0,7,233.177996
0.0,14,233.17823
0.0,3,233.178317
0.0,3,233.178405
0.0,6,233.178534
0.0,6,233.178673
0.0,16,233.178936
0.0,2,233.179011
0.0,8,233.179167
0.0,3,233.179254
0.0,3,233.179342
0.0,10,233.179523
0.0,3,233.17961
0.0,4,233.179722
0.0,6,233.17985
0.0,4,233.17995
0.0,13,233.180168
0.0,3,233.180255
0.0,8,233.180408
0.0,3,233.180495
0.0,4,233.180595
0.0,2,233.180677
0.0,9,233.180847
0.0,4,233.180948
0.0,3,233.181036
0.0,2,233.181109
0.0,3,233.181197
0.0,5,233.181312
0.0,2,233.181386
0.0,12,233.181594
0.0,6,233.181731
0.0,2,233.181808
0.0,3,233.181895
0.0,4,233.181996
0.0,8,233.182149
0.0,4,233.18225
0.0,6,233.182376
0.0,8,233.182529
0.0,2,233.182602
0.0,6,233.182738
0.0,10,233.18292
0.0,11,233.183114
0.0,9,233.183282
0.0,5,233.183396
0.0,7,233.183538
0.0,6,233.183676
0.0,3,233.183766
0.0,6,233.183894
0.0,5,233.184009
0.0,8,233.184163
0.0,9,233.18433
0.0,3,233.184419
0.0,7,233.18456
0.0,4,233.184673
0.0,7,233.184816
0.0,8,233.18497
0.0,3,233.185056
0.0,3,233.185143
0.0,5,233.185257
0.0,7,233.185398
0.0,5,233.185515
0.0,2,233.18559
0.0,5,233.185715
0.0,7,233.185859
0.0,15,233.186106
0.0,10,233.186287
0.0,8,233.18644
0.0,3,233.186528
0.0,3,233.186616
0.0,6,233.186754
1.0,17,233.187027
0.0,7,233.187172
0.0,6,233.1873
0.0,3,233.187387
0.0,6,233.187513
0.0,7,233.187665
0.0,7,233.187808
0.0,8,233.187962
0.0,4,233.188062
0.0,6,233.188188
0.0,2,233.188261
0.0,7,233.188401
0.0,5,233.188516
0.0,8,233.188679
0.0,3,233.188767
0.0,6,233.188895
1.0,11,233.189089
0.0,5,233.189203
0.0,2,233.189277
0.0,3,233.189365
0.0,5,233.189481
0.0,6,233.189608
0.0,4,233.189718
0.0,5,233.189833
0.0,7,233.189974
0.0,7,233.190115
0.0,3,233.190202
0.0,13,233.190423
0.0,8,233.190576
0.0,7,233.190727
0.0,11,233.190924
0.0,4,233.191025
0.0,6,233.191153
0.0,10,233.191334
0.0,3,233.191422
0.0,8,233.191575
0.0,3,233.191671
0.0,4,233.191775
0.0,8,233.191929
0.0,2,233.192003
0.0,5,233.192118
0.0,8,233.192271
0.0,5,233.192385
0.0,7,233.192525
0.0,6,233.192662
0.0,4,233.192765
0.0,5,233.192878
0.0,6,233.193006
0.0,5,233.19312
0.0,17,233.193392
0.0,4,233.193495
0.0,9,233.193674
0.0,4,233.193777
0.0,8,233.193932
0.0,7,233.194072
0.0,3,233.19416
0.0,13,233.19438
1.0,6,233.194507
0.0,7,233.194657
0.0,6,233.194787
0.0,7,233.194927
0.0,7,233.195068
0.0,6,233.195195
0.0,7,233.195334
0.0,6,233.195461
0.0,4,233.195561
0.0,3,233.195659
0.0,5,233.195776
0.0,7,233.195917
0.0,7,233.196057
0.0,8,233.196211
0.0,6,233.196338
0.0,7,233.196478
0.0,5,233.196592
0.0,5,233.196715
0.0,9,233.196885
0.0,5,233.196999
0.0,10,233.197179
0.0,8,233.197332
0.0,2,233.197406
0.0,8,233.197558
0.0,10,233.197748
0.0,6,233.197877
0.0,8,233.19803
0.0,7,233.19817
0.0,7,233.19831
0.0,15,233.198556
0.0,4,233.198667
0.0,6,233.198798
0.0,5,233.198912
0.0,2,233.198986
0.0,8,233.199139
0.0,5,233.199254
0.0,3,233.199341
0.0,6,233.199469
0.0,6,233.199597
0.0,4,233.199707
0.0,12,233.199918
0.0,6,233.200046
0.0,8,233.200201
0.0,3,233.200289
0.0,8,233.200446
0.0,2,233.200521
0.0,5,233.200645
0.0,7,233.200789
0.0,7,233.200931
0.0,10,233.20111
0.0,6,233.201237
0.0,5,233.201351
0.0,11,233.201545
0.0,3,233.201642
0.0,4,233.201745
0.0,2,233.201818
0.0,4,233.20192
0.0,10,233.202101
0.0,3,233.202188
0.0,13,233.202409
0.0,10,233.202589
0.0,5,233.202713
0.0,9,233.202882
0.0,3,233.202969
0.0,8,233.203123
0.0,2,233.203197
0.0,2,233.20327
0.0,5,233.203384
0.0,8,233.203548
0.0,14,233.203793
1.0,14,233.204029
0.0,8,233.204185
0.0,6,233.204314
0.0,9,233.204481
0.0,5,233.204598
0.0,5,233.204722
0.0,2,233.2048
0.0,16,233.205062
0.0,12,233.20527
0.0,10,233.205451
0.0,3,233.205539
0.0,3,233.205637
0.0,3,233.205729
0.0,2,233.205803
0.0,4,233.205905
0.0,5,233.20602
0.0,6,233.206149
1.0,7,233.206291
0.0,10,233.206473
0.0,7,233.206614
0.0,2,233.2067
0.0,3,233.20679
0.0,7,233.206933
0.0,5,233.207048
0.0,4,233.20715
0.0,18,233.207438
0.0,3,233.207528
0.0,3,233.207618
0.0,7,233.20777
0.0,2,233.207846
1.0,11,233.208043
0.0,21,233.208373
0.0,10,233.208558
0.0,9,233.208738
0.0,9,233.208909
0.0,6,233.209039
0.0,9,233.209208
0.0,22,233.209548
0.0,10,233.209741
0.0,5,233.209857
0.0,5,233.209973
0.0,2,233.210048
0.0,7,233.210191
0.0,9,233.210359
0.0,3,233.210448
0.0,11,233.210739
0.0,7,233.210888
0.0,6,233.211018
0.0,7,233.21116
0.0,29,233.211591
0.0,4,233.211702
0.0,5,233.211821
0.0,2,233.211896
0.0,5,233.21201
0.0,5,233.212125
0.0,4,233.212225
0.0,2,233.212299
0.0,4,233.2124
0.0,3,233.212487
0.0,9,233.212666
0.0,7,233.21281
0.0,3,233.212899
0.0,5,233.213013
0.0,4,233.213115
0.0,2,233.21319
0.0,8,233.213344
0.0,8,233.213499
0.0,3,233.213586
0.0,3,233.213695
0.0,7,233.213851
0.0,6,233.213979
0.0,3,233.214067
0.0,6,233.214195
0.0,7,233.214334
0.0,5,233.214448
0.0,7,233.21459
0.0,6,233.214728
0.0,2,233.214806
0.0,11,233.215001
0.0,5,233.215116
0.0,7,233.215256
0.0,4,233.215358
0.0,13,233.215578
0.0,3,233.215677
0.0,8,233.215835
0.0,3,233.215922
0.0,4,233.216024
0.0,3,233.216112
0.0,6,233.21624
0.0,12,233.216447
0.0,5,233.216561
0.0,3,233.216659
0.0,5,233.216776
0.0,3,233.216864
0.0,4,233.216965
0.0,8,233.217119
1.0,12,233.217327
0.0,7,233.217469
0.0,3,233.217556
0.0,5,233.217682
0.0,5,233.217799
0.0,8,233.217953
0.0,6,233.218081
0.0,5,233.218195
0.0,2,233.218269
0.0,12,233.218476
0.0,4,233.218577
0.0,10,233.218766
0.0,5,233.218882
0.0,2,233.218956
0.0,3,233.219044
0.0,5,233.219158
0.0,4,233.21926
1.0,16,233.219519
0.0,4,233.219626
0.0,2,233.219705
0.0,8,233.21986
0.0,4,233.21996
0.0,10,233.22014
0.0,2,233.220214
0.0,7,233.220355
0.0,3,233.220443
0.0,6,233.220571
0.0,6,233.220712
0.0,9,233.220881
0.0,4,233.220983
0.0,6,233.221111
0.0,10,233.221292
0.0,2,233.221367
0.0,2,233.221442
0.0,4,233.221543
0.0,16,233.221813
0.0,2,233.22189
0.0,5,233.222006
0.0,10,233.222187
0.0,7,233.222329
0.0,5,233.222443
0.0,17,233.222725
0.0,6,233.222858
0.0,5,233.222974
0.0,7,233.223115
0.0,5,233.223229
0.0,10,233.223411
0.0,9,233.223579
0.0,6,233.223718
0.0,9,233.223888
0.0,18,233.224174
0.0,6,233.224304
0.0,4,233.224405
0.0,5,233.224518
0.0,4,233.224626
0.0,6,233.224757
0.0,4,233.224858
0.0,8,233.225012
0.0,4,233.225113
0.0,3,233.225201
0.0,12,233.225409
0.0,21,233.225747
0.0,3,233.225837
0.0,2,233.225912
0.0,5,233.226026
0.0,13,233.226245
0.0,4,233.226346
0.0,5,233.226461
0.0,5,233.226576
0.0,5,233.226701
0.0,5,233.226817
0.0,2,233.226892
0.0,2,233.226966
0.0,5,233.22708
0.0,8,233.227234
0.0,4,233.227335
0.0,4,233.227436
0.0,3,233.227524
0.0,14,233.22777
0.0,5,233.227886
0.0,4,233.227988
0.0,5,233.228103
0.0,3,233.228191
0.0,7,233.228332
0.0,7,233.228473
0.0,2,233.228547
0.0,3,233.228644
0.0,2,233.228721
0.0,5,233.228835
0.0,9,233.229001
0.0,3,233.229089
0.0,8,233.229241
0.0,3,233.229328
0.0,2,233.229402
0.0,6,233.22953
0.0,9,233.229708
0.0,15,233.229957
0.0,8,233.23011
0.0,3,233.230197
0.0,6,233.230324
0.0,4,233.230425
0.0,9,233.230592
0.0,6,233.230729
0.0,8,233.230885
0.0,6,233.231014
1.0,6,233.231142
0.0,8,233.231297
0.0,3,233.231385
0.0,5,233.231499
0.0,3,233.231586
0.0,8,233.231752
0.0,10,233.231936
0.0,6,233.232064
0.0,10,233.232245
0.0,4,233.232346
0.0,7,233.232487
0.0,2,233.232561
0.0,8,233.232727
0.0,7,233.232871
0.0,2,233.232945
0.0,4,233.233046
0.0,3,233.233133
0.0,2,233.233207
0.0,3,233.233293
0.0,7,233.233434
0.0,4,233.233535
0.0,9,233.233713
0.0,3,233.233804
0.0,3,233.233892
0.0,11,233.234097
0.0,13,233.23432
0.0,4,233.234421
0.0,10,233.234602
0.0,2,233.234686
0.0,10,233.23487
0.0,2,233.234944
0.0,8,233.235099
0.0,8,233.235253
0.0,5,233.235368
0.0,5,233.235482
0.0,6,233.23561
0.0,6,233.235752
0.0,8,233.235907
0.0,2,233.235982
0.0,6,233.236111
0.0,11,233.236305
0.0,3,233.236393
0.0,2,233.236469
0.0,5,233.236584
0.0,2,233.236667
0.0,6,233.236798
0.0,6,233.236927
0.0,2,233.237
0.0,7,233.237142
0.0,8,233.237296
0.0,4,233.237397
0.0,5,233.23751
1.0,8,233.237674
0.0,6,233.237804
0.0,7,233.237947
0.0,8,233.238101
0.0,9,233.238268
0.0,7,233.238408
0.0,2,233.238482
0.0,3,233.23857
0.0,6,233.238708
0.0,2,233.238784
0.0,6,233.238911
0.0,3,233.238997
0.0,3,233.239084
0.0,10,233.239265
0.0,3,233.239352
0.0,6,233.239479
0.0,4,233.239605
0.0,3,233.239702
0.0,4,233.239804
0.0,4,233.239905
0.0,7,233.240046
0.0,4,233.240147
1.0,14,233.240381
0.0,5,233.240496
0.0,2,233.240571
0.0,5,233.240695
0.0,2,233.240771
0.0,17,233.241045
0.0,2,233.241122
0.0,8,233.241277
0.0,2,233.241351
0.0,3,233.24144
0.0,3,233.241529
0.0,6,233.241669
0.0,19,233.241972
0.0,8,233.242127
0.0,3,233.242215
0.0,7,233.242357
0.0,7,233.242497
0.0,2,233.242571
0.0,6,233.24271
0.0,9,233.24288
0.0,6,233.243009
0.0,4,233.243109
0.0,4,233.24321
0.0,16,233.243471
0.0,4,233.243572
0.0,6,233.243733
0.0,3,233.243823
0.0,2,233.243898
0.0,9,233.244066
0.0,7,233.244208
0.0,4,233.244309
0.0,7,233.244449
0.0,6,233.244576
0.0,2,233.244662
1.0,9,233.244833
0.0,2,233.244907
0.0,5,233.245023
0.0,8,233.245177
1.0,9,233.245345
0.0,8,233.2455
0.0,6,233.245637
0.0,4,233.245741
0.0,8,233.245896
0.0,3,233.245984
0.0,2,233.246058
0.0,4,233.24616
0.0,4,233.246262
0.0,12,233.246468
0.0,2,233.246542
0.0,5,233.246666
0.0,12,233.246875
0.0,5,233.24699
0.0,3,233.247077
0.0,7,233.247218
0.0,2,233.247292
0.0,3,233.24738
0.0,6,233.247507
0.0,10,233.247698
0.0,2,233.247775
0.0,8,233.247929
0.0,5,233.248043
0.0,5,233.248157
0.0,7,233.248297
0.0,4,233.248399
0.0,7,233.248541
0.0,8,233.248704
0.0,3,233.248794
0.0,4,233.248894
0.0,3,233.248981
0.0,5,233.249095
0.0,4,233.249196
0.0,8,233.24935
0.0,4,233.249451
0.0,3,233.249539
0.0,3,233.249634
0.0,3,233.249725
0.0,8,233.24988
0.0,6,233.250008
0.0,2,233.250082
0.0,7,233.250223
0.0,2,233.250298
0.0,5,233.250412
0.0,7,233.250553
0.0,5,233.250679
0.0,3,233.250769
0.0,4,233.25087
0.0,2,233.250945
0.0,4,233.251046
0.0,10,233.251226
0.0,2,233.251301
0.0,8,233.251456
0.0,2,233.251531
0.0,5,233.251658
0.0,8,233.251816
0.0,7,233.251956
0.0,11,233.25215
0.0,21,233.252476
0.0,5,233.252595
0.0,2,233.252678
0.0,5,233.252795
0.0,5,233.252911
0.0,2,233.252985
0.0,2,233.253058
0.0,4,233.25316
0.0,6,233.253288
0.0,11,233.253481
0.0,6,233.253608
0.0,3,233.253707
0.0,10,233.253889
0.0,5,233.254004
0.0,14,233.254237
0.0,6,233.254365
0.0,5,233.254479
0.0,2,233.254554
0.0,7,233.254704
0.0,4,233.254809
0.0,6,233.254936
1.0,8,233.25509
0.0,2,233.255165
0.0,7,233.255306
0.0,12,233.255513
0.0,5,233.255636
0.0,7,233.255781
0.0,6,233.255909
0.0,5,233.256023
0.0,3,233.256111
0.0,2,233.256185
0.0,12,233.256393
0.0,4,233.256494
0.0,13,233.256727
0.0,2,233.256804
0.0,7,233.256944
0.0,7,233.257085
0.0,3,233.257172
0.0,9,233.257339
0.0,2,233.257412
0.0,6,233.257539
0.0,3,233.257635
0.0,14,233.257872
0.0,2,233.257946
0.0,9,233.258113
0.0,9,233.258281
0.0,2,233.258355
0.0,4,233.258456
0.0,8,233.25861
0.0,10,233.2588
0.0,9,233.258967
0.0,5,233.259081
0.0,3,233.259169
0.0,7,233.25931
0.0,5,233.259423
0.0,6,233.259552
0.0,3,233.25965
0.0,10,233.259832
0.0,3,233.259921
0.0,9,233.260089
0.0,5,233.260204
0.0,7,233.260345
0.0,5,233.26046
0.0,4,233.260561
0.0,11,233.260766
0.0,5,233.260884
0.0,3,233.260972
0.0,4,233.261072
0.0,2,233.261147
0.0,4,233.261247
0.0,3,233.261335
0.0,10,233.261516
0.0,2,233.26159
0.0,17,233.261896
0.0,4,233.262004
0.0,6,233.262132
0.0,9,233.262298
0.0,3,233.262386
0.0,4,233.262487
0.0,7,233.262638
0.0,6,233.262768
0.0,5,233.262883
0.0,6,233.26302
0.0,5,233.263135
0.0,3,233.263224
0.0,15,233.263471
0.0,15,233.263727
0.0,6,233.263858
0.0,10,233.264039
0.0,3,233.264125
0.0,5,233.26424
0.0,5,233.264354
1.0,10,233.264537
0.0,2,233.264611
0.0,2,233.264696
0.0,5,233.264812
0.0,5,233.264927
0.0,9,233.265093
0.0,8,233.265247
0.0,10,233.265427
0.0,6,233.265554
0.0,2,233.265638
0.0,5,233.265756
0.0,3,233.265845
0.0,10,233.266026
0.0,3,233.266115
0.0,8,233.266269
0.0,3,233.266356
0.0,4,233.266457
0.0,5,233.266571
0.0,4,233.266682
0.0,8,233.266839
0.0,3,233.266927
0.0,6,233.267056
0.0,5,233.267169
0.0,20,233.267483
0.0,6,233.267615
0.0,7,233.267783
0.0,4,233.26789
0.0,5,233.268006
0.0,4,233.268107
0.0,6,233.268236
0.0,7,233.268377
0.0,9,233.268545
0.0,22,233.268898
0.0,9,233.269068
0.0,7,233.269209
0.0,10,233.26939
0.0,3,233.269478
0.0,4,233.269579
0.0,6,233.269716
0.0,2,233.269792
0.0,2,233.269866
0.0,4,233.269967
0.0,2,233.270041
0.0,3,233.270128
0.0,4,233.270228
0.0,4,233.270329
0.0,7,233.270469
0.0,6,233.270597
0.0,3,233.270693
0.0,3,233.270784
0.0,6,233.270911
1.0,8,233.271065
0.0,16,233.271323
0.0,3,233.271411
0.0,6,233.271538
0.0,2,233.271611
0.0,2,233.271697
0.0,7,233.271838
0.0,5,233.271952
0.0,6,233.272079
0.0,5,233.272192
0.0,3,233.27228
0.0,6,233.272408
0.0,4,233.272508
0.0,3,233.272595
0.0,6,233.272731
0.0,5,233.272848
0.0,7,233.272988
0.0,5,233.273102
0.0,2,233.273176
0.0,2,233.27325
0.0,4,233.273351
0.0,10,233.273533
0.0,5,233.273656
0.0,6,233.273787
0.0,2,233.273861
0.0,3,233.273948
0.0,6,233.274076
0.0,4,233.274177
0.0,2,233.274251
0.0,9,233.27442
0.0,6,233.274548
0.0,3,233.274646
0.0,4,233.27475
0.0,15,233.274997
0.0,4,233.275098
0.0,11,233.275294
0.0,2,233.275368
0.0,4,233.275469
0.0,2,233.275543
0.0,7,233.275695
0.0,3,233.275784
0.0,8,233.275938
0.0,6,233.276065
0.0,3,233.276153
0.0,8,233.276307
0.0,3,233.276394
0.0,5,233.276508
0.0,6,233.276644
0.0,3,233.276733
0.0,6,233.276861
0.0,6,233.276988
0.0,5,233.277102
0.0,10,233.277283
0.0,2,233.277357
0.0,4,233.277458
0.0,6,233.277586
0.0,7,233.277737
0.0,8,233.277893
0.0,22,233.27823
0.0,9,233.278402
0.0,10,233.278584
0.0,3,233.27868
0.0,9,233.27885
0.0,4,233.27895
0.0,7,233.279092
0.0,4,233.279194
0.0,7,233.279334
0.0,6,233.279461
0.0,9,233.279636
0.0,2,233.279713
0.0,7,233.279854
0.0,4,233.279956
0.0,3,233.280043
0.0,7,233.280184
0.0,10,233.280365
0.0,3,233.280453
0.0,9,233.280629
0.0,4,233.280735
0.0,6,233.280864
0.0,2,233.280938
0.0,6,233.281066
0.0,7,233.281207
0.0,11,233.281402
0.0,3,233.281489
0.0,7,233.281638
0.0,10,233.281821
0.0,16,233.282081
0.0,2,233.282155
0.0,4,233.282256
0.0,4,233.282357
0.0,3,233.282444
0.0,8,233.282597
0.0,4,233.282708
0.0,2,233.282784
0.0,2,233.282858
0.0,4,233.282959
0.0,6,233.283086
0.0,2,233.283159
0.0,12,233.283368
0.0,8,233.283521
0.0,2,233.283595
0.0,5,233.283717
0.0,7,233.28386
0.0,3,233.283947
0.0,3,233.284034
0.0,3,233.284122
0.0,3,233.28421
0.0,5,233.284324
0.0,5,233.284439
0.0,7,233.28458
0.0,4,233.28469
0.0,2,233.284766
0.0,6,233.284895
0.0,4,233.284996
0.0,4,233.285096
0.0,7,233.285239
0.0,4,233.28534
0.0,2,233.285414
0.0,6,233.285543
0.0,11,233.285747
0.0,4,233.285851
1.0,8,233.286007
0.0,9,233.286175
0.0,7,233.286317
0.0,16,233.286577
0.0,5,233.286702
0.0,7,233.286846
0.0,4,233.286947
0.0,2,233.28702
0.0,8,233.287175
0.0,2,233.287249
0.0,2,233.287322
0.0,6,233.287451
0.0,5,233.287572
0.0,13,233.287804
0.0,5,233.28792
0.0,4,233.288022
0.0,3,233.288108
0.0,10,233.288291
0.0,6,233.288419
0.0,7,233.28856
0.0,4,233.288671
0.0,3,233.288761
0.0,8,233.288915
0.0,4,233.289016
0.0,7,233.289157
0.0,3,233.289246
0.0,3,233.289334
0.0,10,233.289515
0.0,3,233.289602
0.0,2,233.289686
0.0,15,233.289936
0.0,7,233.290077
0.0,8,233.290232
0.0,5,233.290346
0.0,9,233.290514
0.0,4,233.290616
0.0,10,233.290807
0.0,8,233.290963
0.0,8,233.291118
0.0,6,233.291245
0.0,5,233.29136
0.0,5,233.291474
0.0,2,233.291548
0.0,10,233.291739
0.0,3,233.291829
0.0,5,233.291954
0.0,2,233.292029
0.0,9,233.292198
0.0,2,233.292272
0.0,5,233.292387
0.0,3,233.292475
0.0,3,233.292563
0.0,7,233.292718
0.0,4,233.292821
0.0,6,233.29295
0.0,5,233.293065
0.0,8,233.293219
0.0,8,233.293372
0.0,7,233.293513
0.0,2,233.293587
0.0,18,233.293883
0.0,5,233.294005
0.0,7,233.294146
0.0,2,233.29422
0.0,2,233.294294
0.0,7,233.294435
0.0,8,233.294589
0.0,7,233.294738
0.0,8,233.294895
0.0,4,233.294998
0.0,2,233.295072
0.0,2,233.295146
0.0,6,233.295273
0.0,2,233.295347
0.0,4,233.295448
0.0,5,233.295564
0.0,13,233.295797
0.0,7,233.295941
0.0,11,233.296135
0.0,4,233.296236
0.0,5,233.29635
0.0,12,233.296556
0.0,5,233.29668
0.0,7,233.296824
0.0,4,233.296925
0.0,4,233.297026
0.0,8,233.29718
0.0,4,233.297281
0.0,3,233.297367
0.0,3,233.297454
0.0,2,233.297527
0.0,10,233.297719
0.0,7,233.297863
0.0,2,233.297937
0.0,9,233.298105
0.0,7,233.298246
0.0,10,233.298427
0.0,9,233.298594
0.0,7,233.298745
0.0,6,233.298874
0.0,3,233.298961
0.0,3,233.299049
0.0,3,233.299135
0.0,8,233.29929
0.0,2,233.299363
0.0,10,233.299542
0.0,9,233.299718
0.0,7,233.299861
0.0,12,233.300069
0.0,2,233.300143
0.0,2,233.300218
0.0,3,233.300305
0.0,2,233.30038
0.0,2,233.300454
0.0,31,233.300921
0.0,5,233.30104
0.0,8,233.301194
0.0,2,233.301269
0.0,8,233.301423
0.0,7,233.301565
0.0,4,233.301676
0.0,9,233.301846
0.0,7,233.301987
0.0,5,233.302101
0.0,5,233.30222
0.0,10,233.302402
0.0,3,233.30249
0.0,4,233.302593
0.0,19,233.3029
0.0,6,233.303035
0.0,6,233.303163
0.0,4,233.303263
0.0,5,233.303376
0.0,3,233.303463
0.0,2,233.303537
0.0,8,233.303701
0.0,8,233.303858
0.0,6,233.303985
0.0,9,233.304152
0.0,7,233.304294
0.0,6,233.304421
0.0,7,233.304561
0.0,11,233.304767
0.0,13,233.304991
0.0,4,233.305092
0.0,4,233.305193
0.0,4,233.305294
0.0,2,233.305367
0.0,8,233.305522
0.0,13,233.305754
0.0,6,233.305884
0.0,7,233.306026
0.0,9,233.306194
0.0,8,233.30635
0.0,7,233.306492
0.0,3,233.30658
0.0,5,233.306705
0.0,4,233.30681
0.0,3,233.306898
0.0,8,233.307053
0.0,11,233.307248
1.0,6,233.307376
0.0,2,233.30745
0.0,7,233.307592
0.0,2,233.307676
0.0,4,233.30778
0.0,2,233.307855
0.0,9,233.308023
0.0,5,233.308138
0.0,4,233.308239
0.0,4,233.30834
0.0,4,233.308442
0.0,5,233.308557
0.0,4,233.308668
0.0,6,233.3088
0.0,3,233.308888
0.0,9,233.309056
0.0,4,233.309157
0.0,6,233.309285
0.0,5,233.309401
0.0,16,233.309674
0.0,5,233.309792
0.0,9,233.309961
0.0,8,233.310117
0.0,4,233.310219
0.0,2,233.310293
0.0,9,233.310462
0.0,15,233.310779
0.0,3,233.310876
0.0,12,233.311085
0.0,6,233.311214
0.0,2,233.311289
0.0,9,233.311458
0.0,6,233.311588
0.0,3,233.311685
0.0,3,233.311777
0.0,3,233.311865
0.0,5,233.311981
0.0,14,233.312217
0.0,7,233.312358
0.0,9,233.312526
0.0,5,233.312649
0.0,3,233.31274
0.0,10,233.312922
0.0,13,233.313143
0.0,3,233.313231
0.0,3,233.313319
0.0,4,233.31342
0.0,13,233.313651
0.0,7,233.313794
0.0,7,233.313934
0.0,4,233.314035
0.0,5,233.314149
1.0,13,233.314368
0.0,2,233.314441
0.0,3,233.314529
1.0,8,233.314693
0.0,13,233.314916
0.0,2,233.31499
0.0,2,233.315063
0.0,7,233.315204
0.0,3,233.315291
0.0,3,233.315378
0.0,3,233.315464
0.0,9,233.315642
0.0,3,233.315733
0.0,7,233.315874
0.0,4,233.315974
0.0,2,233.316047
0.0,9,233.316214
0.0,29,233.316656
0.0,2,233.316734
0.0,7,233.316874
0.0,5,233.316988
0.0,5,233.317102
0.0,5,233.317217
0.0,6,233.317349
0.0,6,233.317478
0.0,9,233.317655
0.0,16,233.31792
0.0,12,233.318127
0.0,4,233.318228
0.0,5,233.318342
0.0,2,233.318416
0.0,3,233.318504
0.0,3,233.318592
0.0,11,233.318794
0.0,7,233.318938
0.0,3,233.319025
0.0,2,233.319099
0.0,4,233.319199
0.0,7,233.319339
0.0,14,233.319571
0.0,11,233.319776
0.0,5,233.319894
0.0,4,233.319995
0.0,8,233.320149
0.0,9,233.320316
0.0,8,233.320471
0.0,6,233.320598
0.0,10,233.320787
0.0,7,233.32093
0.0,4,233.321032
0.0,5,233.321146
0.0,2,233.321219
0.0,4,233.321319
0.0,5,233.321434
0.0,8,233.321588
0.0,12,233.321801
0.0,14,233.322039
0.0,8,233.322193
0.0,4,233.322294
0.0,2,233.322378
0.0,4,233.322481
0.0,8,233.322646
0.0,5,233.322763
0.0,5,233.322878
0.0,3,233.322966
0.0,3,233.323054
0.0,11,233.323249
0.0,10,233.32343
0.0,8,233.323584
0.0,3,233.323681
0.0,5,233.323799
0.0,3,233.323887
0.0,3,233.323975
0.0,7,233.324116
1.0,6,233.324244
0.0,5,233.324357
0.0,4,233.324457
0.0,6,233.324584
0.0,4,233.324693
0.0,3,233.324787
0.0,3,233.324876
1.0,14,233.325109
0.0,11,233.325304
0.0,4,233.325404
0.0,3,233.325491
0.0,2,233.325564
0.0,4,233.325678
0.0,6,233.325808
0.0,15,233.326055
0.0,2,233.326129
0.0,3,233.326217
0.0,2,233.326292
0.0,9,233.326459
0.0,3,233.326546
0.0,5,233.32667
0.0,3,233.326761
0.0,13,233.326982
0.0,3,233.327069
0.0,10,233.327249
0.0,7,233.327389
0.0,5,233.327502
0.0,3,233.327589
0.0,7,233.327737
0.0,8,233.327894
0.0,6,233.328021
0.0,4,233.328121
0.0,2,233.328194
0.0,8,233.328347
0.0,19,233.328654
0.0,3,233.328748
0.0,16,233.329009
0.0,4,233.329109
0.0,2,233.329182
0.0,2,233.329257
0.0,17,233.32953
0.0,2,233.329605
0.0,5,233.32973
0.0,5,233.329845
0.0,2,233.329919
0.0,6,233.330045
0.0,2,233.330119
0.0,7,233.33026
0.0,3,233.330347
0.0,5,233.330462
0.0,14,233.330706
0.0,12,233.330916
0.0,7,233.331057
0.0,6,233.331184
0.0,2,233.331258
0.0,7,233.331399
0.0,7,233.331539
0.0,3,233.331636
0.0,5,233.331754
0.0,14,233.331988
0.0,3,233.332076
0.0,8,233.33223
0.0,5,233.332344
0.0,8,233.332498
0.0,5,233.332612
0.0,4,233.332723
0.0,5,233.332838
0.0,3,233.332925
0.0,10,233.333106
0.0,2,233.33318
0.0,20,233.333494
0.0,15,233.333753
0.0,4,233.333857
0.0,3,233.333944
0.0,5,233.334058
0.0,4,233.334159
0.0,3,233.334246
0.0,3,233.334333
0.0,9,233.334499
0.0,5,233.334612
0.0,4,233.334725
0.0,9,233.334893
0.0,11,233.335088
0.0,4,233.335188
0.0,6,233.335315
0.0,5,233.335429
0.0,2,233.335502
0.0,3,233.335589
0.0,7,233.335742
0.0,11,233.335938
0.0,10,233.33612
0.0,2,233.336193
0.0,6,233.336321
0.0,2,233.336395
0.0,8,233.336549
0.0,4,233.336658
0.0,10,233.336841
0.0,2,233.336915
0.0,2,233.336989
0.0,4,233.337089
0.0,12,233.337294
0.0,3,233.337381
0.0,7,233.337522
0.0,8,233.337686
0.0,4,233.33779
0.0,18,233.338077
0.0,8,233.338231
0.0,7,233.338371
0.0,4,233.338472
0.0,2,233.338547
0.0,8,233.338711
0.0,10,233.338895
0.0,8,233.33905
0.0,9,233.339218
0.0,5,233.339333
0.0,13,233.339554
1.0,6,233.339692
0.0,9,233.339863
0.0,5,233.339978
0.0,3,233.340066
0.0,11,233.34026
0.0,7,233.340402
0.0,10,233.340584
0.0,2,233.340668
0.0,2,233.340746
0.0,6,233.340874
0.0,2,233.340948
0.0,9,233.341115
0.0,4,233.341216
0.0,10,233.341397
0.0,4,233.341498
0.0,3,233.341585
0.0,3,233.341682
0.0,7,233.341825
0.0,5,233.34194
0.0,4,233.34204
0.0,17,233.342312
0.0,5,233.34243
0.0,6,233.342558
0.0,6,233.342697
0.0,3,233.342787
0.0,8,233.342942
0.0,11,233.343136
0.0,5,233.343249
0.0,3,233.343337
0.0,3,233.343425
0.0,3,233.343513
0.0,6,233.343653
0.0,2,233.34373
0.0,4,233.343831
0.0,8,233.343987
0.0,3,233.344074
0.0,2,233.344148
0.0,12,233.344356
0.0,4,233.344457
0.0,3,233.344545
0.0,3,233.344641
0.0,4,233.344746
0.0,3,233.344834
0.0,7,233.344976
0.0,4,233.345077
0.0,2,233.34515
0.0,11,233.345345
0.0,6,233.345472
0.0,4,233.345573
0.0,2,233.345658
0.0,8,233.345814
0.0,3,233.3459
0.0,11,233.346095
0.0,12,233.346301
0.0,7,233.346442
0.0,4,233.346543
0.0,5,233.34667
0.0,3,233.346761
0.0,7,233.346902
0.0,6,233.347031
0.0,3,233.347118
0.0,6,233.347245
0.0,6,233.347372
0.0,7,233.347512
0.0,8,233.347677
0.0,7,233.347821
0.0,2,233.347895
0.0,7,233.348035
0.0,4,233.348137
1.0,12,233.348345
0.0,4,233.348446
0.0,10,233.348633
0.0,5,233.348751
0.0,7,233.348892
0.0,7,233.349032
0.0,9,233.349199
0.0,3,233.349287
0.0,4,233.349387
0.0,5,233.349502
0.0,4,233.349602
0.0,4,233.349717
0.0,9,233.349886
0.0,3,233.349973
0.0,10,233.350154
0.0,6,233.350281
0.0,4,233.350381
0.0,9,233.350547
0.0,5,233.350672
1.0,11,233.350868
0.0,11,233.35106
0.0,4,233.351161
0.0,9,233.351329
0.0,5,233.351442
0.0,7,233.351583
0.0,4,233.351692
0.0,2,233.351769
0.0,7,233.351923
0.0,8,233.35208
0.0,15,233.352327
0.0,7,233.35247
0.0,10,233.352664
0.0,6,233.352795
0.0,10,233.352977
0.0,11,233.35317
0.0,11,233.353365
0.0,7,233.353506
0.0,4,233.353607
0.0,8,233.353771
0.0,4,233.353874
0.0,8,233.354029
0.0,7,233.35417
0.0,7,233.354311
0.0,4,233.354413
0.0,7,233.354563
0.0,16,233.354835
0.0,6,233.354965
0.0,10,233.355147
0.0,8,233.355302
0.0,7,233.355443
0.0,9,233.35561
0.0,13,233.355844
0.0,4,233.355946
0.0,32,233.356416
0.0,5,233.35653
0.0,9,233.356709
0.0,4,233.356813
0.0,9,233.356981
0.0,13,233.357201
0.0,8,233.357357
0.0,5,233.357472
0.0,8,233.357635
0.0,5,233.357753
0.0,3,233.357842
0.0,9,233.358011
0.0,7,233.358152
0.0,4,233.358253
0.0,10,233.358435
0.0,7,233.358575
0.0,4,233.3587
0.0,11,233.3589
0.0,2,233.358975
0.0,13,233.359196
0.0,10,233.359376
0.0,12,233.359584
1.0,15,233.359845
0.0,7,233.359991
0.0,6,233.360119
0.0,11,233.360313
0.0,4,233.360413
0.0,8,233.360567
0.0,5,233.360689
0.0,10,233.360871
0.0,7,233.361012
0.0,8,233.361166
0.0,4,233.361273
0.0,8,233.361427
0.0,6,233.361554
0.0,3,233.361653
0.0,2,233.36173
0.0,2,233.361804
0.0,3,233.361892
0.0,8,233.362046
0.0,5,233.36216
0.0,3,233.362247
0.0,4,233.362349
0.0,10,233.36253
0.0,4,233.362639
0.0,12,233.36285
0.0,4,233.362952
0.0,9,233.363127
0.0,7,233.363269
0.0,9,233.363436
0.0,8,233.363592
0.0,5,233.363714
0.0,10,233.363898
0.0,2,233.363972
0.0,2,233.364048
0.0,4,233.364149
0.0,9,233.364316
0.0,6,233.364444
0.0,4,233.364545
0.0,4,233.364656
0.0,5,233.364773
0.0,5,233.364889
0.0,6,233.365016
0.0,15,233.365262
0.0,3,233.365349
0.0,4,233.36545
0.0,7,233.365591
0.0,16,233.365862
0.0,7,233.366006
0.0,3,233.366094
0.0,9,233.366262
0.0,6,233.36639
0.0,3,233.366477
0.0,5,233.366592
0.0,3,233.366687
0.0,7,233.366831
0.0,10,233.367013
0.0,7,233.367154
0.0,9,233.367321
0.0,11,233.367515
1.0,19,233.367826
0.0,12,233.36804
0.0,9,233.368209
0.0,5,233.368324
0.0,3,233.368411
0.0,4,233.368512
0.0,2,233.368587
0.0,2,233.36867
0.0,2,233.368747
0.0,3,233.368837
0.0,6,233.368967
0.0,10,233.369149
0.0,6,233.369277
0.0,4,233.369377
0.0,3,233.369465
0.0,9,233.369641
0.0,2,233.369718
0.0,4,233.369818
0.0,7,233.369959
0.0,5,233.370073
0.0,6,233.3702
0.0,4,233.370301
0.0,6,233.37043
0.0,5,233.370545
0.0,5,233.370671
0.0,5,233.370788
0.0,2,233.370862
0.0,9,233.37103
0.0,8,233.371184
0.0,6,233.37131
1.0,11,233.371507
0.0,5,233.371629
0.0,6,233.371761
0.0,5,233.371877
0.0,7,233.372018
0.0,5,233.372133
0.0,11,233.372327
0.0,6,233.372456
0.0,16,233.372726
0.0,3,233.372816
0.0,6,233.372945
0.0,12,233.373152
0.0,23,233.373504
0.0,3,233.373596
0.0,3,233.373694
0.0,10,233.373877
0.0,13,233.374098
0.0,13,233.374319
0.0,8,233.374475
0.0,4,233.374576
0.0,10,233.374765
0.0,4,233.37487
0.0,7,233.37501
0.0,15,233.375258
0.0,2,233.375334
0.0,4,233.375436
0.0,4,233.375537
0.0,2,233.375611
0.0,3,233.37571
0.0,3,233.3758
0.0,12,233.376008
0.0,3,233.376096
0.0,8,233.376251
0.0,11,233.376444
1.0,8,233.376598
0.0,3,233.376696
0.0,4,233.3768
0.0,14,233.377036
0.0,7,233.377178
0.0,7,233.377319
0.0,5,233.377433
0.0,5,233.377547
0.0,9,233.377725
0.0,3,233.377816
0.0,6,233.377944
0.0,2,233.378018
0.0,3,233.378105
0.0,8,233.378259
0.0,2,233.378333
0.0,11,233.378527
0.0,6,233.378677
0.0,3,233.378779
0.0,8,233.378933
0.0,5,233.379047
0.0,10,233.379229
0.0,20,233.379541
0.0,9,233.379723
0.0,2,233.3798
0.0,4,233.379903
0.0,13,233.380125
0.0,6,233.380252
0.0,5,233.380366
0.0,13,233.380585
0.0,6,233.380721
0.0,5,233.380838
0.0,4,233.380939
0.0,4,233.38104
0.0,4,233.38114
0.0,5,233.381254
0.0,4,233.381355
0.0,4,233.381455
0.0,4,233.381555
0.0,6,233.381693
0.0,9,233.381865
0.0,4,233.381966
0.0,7,233.382108
0.0,9,233.382275
0.0,5,233.382388
0.0,2,233.382463
0.0,3,233.38255
0.0,3,233.382647
0.0,3,233.382737
0.0,2,233.382811
0.0,7,233.382952
0.0,6,233.38308
0.0,3,233.383167
0.0,3,233.383255
0.0,5,233.383369
0.0,6,233.383497
0.0,6,233.383632
0.0,4,233.383737
0.0,3,233.383835
0.0,6,233.383965
0.0,5,233.38408
0.0,2,233.384155
0.0,3,233.384242
0.0,6,233.38437
0.0,8,233.384524
0.0,4,233.384633
0.0,6,233.384765
0.0,21,233.385094
0.0,5,233.385208
0.0,6,233.385335
0.0,7,233.385478
0.0,4,233.38558
0.0,9,233.385762
0.0,2,233.385841
0.0,6,233.385971
0.0,6,233.386099
0.0,3,233.386187
0.0,7,233.386328
0.0,3,233.386415
0.0,10,233.386595
0.0,10,233.386786
0.0,4,233.386889
0.0,6,233.387017
0.0,3,233.387106
0.0,11,233.3873
0.0,2,233.387375
0.0,12,233.387583
0.0,5,233.387706
0.0,6,233.387836
0.0,6,233.387964
0.0,6,233.388091
0.0,2,233.388164
0.0,12,233.388372
0.0,8,233.388525
0.0,7,233.388678
0.0,2,233.388754
0.0,2,233.388827
0.0,25,233.389205
0.0,8,233.389363
0.0,4,233.389464
0.0,4,233.389565
0.0,3,233.389662
0.0,5,233.389779
0.0,7,233.389921
0.0,12,233.390128
0.0,8,233.390282
0.0,2,233.390356
0.0,3,233.390444
0.0,10,233.390632
0.0,5,233.39075
1.0,17,233.391024
0.0,5,233.39114
0.0,3,233.391227
0.0,4,233.391329
0.0,4,233.39143
0.0,3,233.391518
0.0,6,233.391659
0.0,6,233.39179
0.0,7,233.391932
0.0,4,233.392032
0.0,2,233.392106
0.0,4,233.392207
0.0,3,233.392294
0.0,4,233.392396
0.0,2,233.39247
0.0,3,233.392558
0.0,4,233.392669
0.0,4,233.392773
0.0,6,233.392902
0.0,15,233.393149
0.0,4,233.39325
1.0,9,233.393418
0.0,20,233.393739
0.0,5,233.39386
0.0,4,233.393962
0.0,2,233.394037
0.0,11,233.394231
0.0,2,233.394306
0.0,25,233.394698
0.0,3,233.394789
0.0,4,233.394891
0.0,16,233.395152
0.0,2,233.395226
0.0,4,233.395328
0.0,4,233.395429
0.0,10,233.39561
0.0,4,233.395723
0.0,7,233.395865
0.0,3,233.395952
0.0,8,233.396107
0.0,8,233.396261
0.0,4,233.396362
0.0,4,233.396463
0.0,6,233.396592
0.0,5,233.396715
0.0,9,233.396885
0.0,5,233.397
0.0,3,233.397088
0.0,4,233.397188
0.0,4,233.39729
0.0,6,233.397418
0.0,2,233.397492
0.0,4,233.397593
0.0,9,233.397772
0.0,4,233.397876
0.0,11,233.39807
0.0,5,233.398185
0.0,8,233.398339
0.0,10,233.39852
0.0,7,233.398671
0.0,3,233.398762
0.0,5,233.398877
0.0,7,233.399018
0.0,6,233.399145
0.0,2,233.39922
0.0,5,233.399335
0.0,7,233.399477
0.0,3,233.399565
0.0,7,233.399715
0.0,2,233.399792
0.0,6,233.399921
0.0,6,233.400049
0.0,6,233.400177
0.0,3,233.400265
0.0,8,233.400421
0.0,6,233.400551
0.0,7,233.400702
0.0,4,233.400806
0.0,4,233.400908
0.0,5,233.401023
0.0,2,233.401098
0.0,5,233.401213
0.0,3,233.401299
0.0,4,233.401401
0.0,3,233.401489
0.0,2,233.401564
0.0,4,233.401674
0.0,2,233.401751
0.0,5,233.401865
0.0,2,233.401939
0.0,5,233.402055
0.0,7,233.402196
0.0,6,233.402325
0.0,13,233.402546
0.0,6,233.402717
0.0,9,233.402887
0.0,6,233.403015
0.0,7,233.403157
0.0,3,233.403246
0.0,2,233.403321
0.0,3,233.403411
0.0,4,233.403513
0.0,4,233.403615
0.0,2,233.403702
0.0,5,233.403818
0.0,8,233.403972
0.0,7,233.404113
0.0,6,233.40424
0.0,10,233.404421
1.0,13,233.404654
0.0,10,233.404838
0.0,9,233.405006
0.0,5,233.405121
0.0,9,233.405288
0.0,4,233.405389
0.0,13,233.405611
0.0,4,233.405755
0.0,11,233.405951
0.0,2,233.406026
0.0,6,233.406154
0.0,2,233.406228
0.0,5,233.406342
0.0,8,233.406496
0.0,5,233.406609
0.0,5,233.406737
0.0,8,233.406891
0.0,6,233.40702
0.0,6,233.407148
0.0,4,233.407249
0.0,5,233.407364
0.0,3,233.407456
0.0,6,233.407584
0.0,5,233.407708
0.0,4,233.407812
0.0,17,233.408086
0.0,5,233.408204
0.0,3,233.408292
0.0,4,233.408392
0.0,7,233.408532
0.0,5,233.408669
0.0,5,233.4088
0.0,15,233.409048
0.0,4,233.409149
0.0,9,233.409317
0.0,10,233.409499
0.0,4,233.4096
0.0,2,233.409684
0.0,8,233.409841
0.0,3,233.409929
0.0,3,233.410017
0.0,3,233.410104
0.0,10,233.410286
0.0,4,233.410386
0.0,9,233.410554
0.0,13,233.410785
0.0,3,233.410875
0.0,6,233.411003
0.0,3,233.41109
0.0,8,233.411246
0.0,5,233.41136
0.0,7,233.4115
0.0,3,233.411673
0.0,8,233.411871
0.0,4,233.411974
0.0,3,233.412062
0.0,2,233.412137
0.0,7,233.412279
1.0,15,233.412527
0.0,3,233.412615
0.0,4,233.412728
0.0,7,233.412869
0.0,8,233.413024
0.0,7,233.413165
0.0,3,233.413252
0.0,2,233.413326
0.0,9,233.413503
0.0,6,233.413644
0.0,9,233.413814
0.0,6,233.413942
0.0,11,233.414136
0.0,9,233.414304
0.0,5,233.414419
0.0,18,233.414715
0.0,12,233.414926
0.0,13,233.415146
0.0,7,233.415287
0.0,9,233.415456
0.0,6,233.415583
0.0,8,233.415751
0.0,5,233.415869
0.0,4,233.415971
0.0,4,233.416072
0.0,3,233.41616
0.0,6,233.416289
0.0,11,233.416484
0.0,4,233.416585
0.0,9,233.416763
0.0,13,233.416987
0.0,2,233.417061
0.0,4,233.417161
0.0,5,233.417275
0.0,6,233.417402
0.0,3,233.41749
0.0,10,233.417702
0.0,7,233.417861
0.0,2,233.417936
0.0,6,233.418065
0.0,8,233.418218
0.0,9,233.418387
0.0,12,233.418596
0.0,7,233.418746
0.0,8,233.418904
0.0,6,233.419032
0.0,2,233.419106
0.0,6,233.419235
0.0,6,233.419363
0.0,2,233.419437
0.0,3,233.419528
0.0,7,233.419679
0.0,15,233.419931
0.0,4,233.420032
0.0,13,233.420254
0.0,3,233.420342
0.0,3,233.42043
0.0,7,233.420572
0.0,9,233.420776
0.0,2,233.420853
0.0,2,233.420928
0.0,2,233.421004
0.0,8,233.42116
0.0,5,233.421276
0.0,3,233.421365
0.0,3,233.421453
0.0,3,233.421542
0.0,2,233.421616
0.0,3,233.421716
0.0,2,233.42179
0.0,2,233.421864
0.0,6,233.421992
0.0,11,233.422185
0.0,10,233.422366
0.0,3,233.422454
0.0,5,233.422575
0.0,7,233.422726
0.0,7,233.422871
0.0,17,233.423146
0.0,4,233.423251
0.0,4,233.423352
1.0,10,233.423533
0.0,4,233.423656
0.0,4,233.423779
0.0,4,233.42388
0.0,4,233.423981
0.0,9,233.424149
0.0,6,233.424277
0.0,7,233.424417
0.0,6,233.424544
0.0,3,233.424644
0.0,5,233.424762
0.0,3,233.424849
0.0,2,233.424923
0.0,4,233.425025
0.0,5,233.42514
0.0,6,233.425269
0.0,3,233.425357
0.0,3,233.425444
0.0,3,233.425532
0.0,11,233.425737
0.0,2,233.425814
0.0,5,233.425929
0.0,10,233.426111
0.0,4,233.426213
0.0,4,233.426315
0.0,2,233.426389
0.0,2,233.426463
0.0,4,233.426564
0.0,6,233.426733
0.0,3,233.426825
0.0,7,233.426967
0.0,3,233.427055
1.0,9,233.427223
0.0,10,233.427405
0.0,6,233.427533
0.0,14,233.42778
0.0,4,233.427885
0.0,3,233.427973
0.0,3,233.428062
0.0,12,233.42827
0.0,9,233.428438
0.0,9,233.428608
0.0,3,233.428708
0.0,2,233.428796
0.0,3,233.428902
0.0,8,233.429058
0.0,13,233.429278
0.0,11,233.429474
0.0,2,233.429549
0.0,7,233.429726
0.0,3,233.429818
0.0,6,233.429947
0.0,6,233.430092
0.0,2,233.430179
0.0,3,233.430267
0.0,4,233.43037
0.0,8,233.430524
0.0,4,233.430635
0.0,5,233.430753
0.0,11,233.430949
0.0,2,233.431024
0.0,12,233.431232
0.0,5,233.431347
0.0,6,233.431475
0.0,5,233.43159
0.0,6,233.431728
1.0,12,233.43194
0.0,10,233.432122
0.0,5,233.432238
0.0,13,233.432459
0.0,5,233.432573
0.0,9,233.43278
0.0,3,233.432871
0.0,5,233.432986
0.0,6,233.433114
0.0,2,233.433188
0.0,8,233.433343
0.0,2,233.433417
0.0,2,233.433491
0.0,9,233.43367
0.0,6,233.433801
0.0,4,233.433904
0.0,3,233.433992
0.0,14,233.434227
0.0,11,233.434422
0.0,7,233.434562
0.0,6,233.4347
0.0,5,233.434818
0.0,4,233.434918
0.0,2,233.434992
0.0,10,233.435174
0.0,3,233.435262
0.0,3,233.435349
0.0,8,233.435503
0.0,4,233.435604
0.0,10,233.435826
0.0,5,233.435942
0.0,8,233.436097
0.0,3,233.436185
0.0,14,233.436419
0.0,4,233.43652
0.0,3,233.436608
0.0,8,233.436774
0.0,6,233.436903
0.0,7,233.437043
0.0,6,233.437171
0.0,2,233.437249
0.0,6,233.437378
0.0,2,233.437452
0.0,4,233.437553
0.0,5,233.437676
0.0,4,233.437781
0.0,8,233.437937
0.0,4,233.438038
0.0,5,233.438151
0.0,2,233.438226
0.0,4,233.438327
0.0,7,233.438469
0.0,12,233.438687
0.0,8,233.438845
0.0,5,233.43896
0.0,8,233.439114
0.0,7,233.439256
0.0,5,233.43937
0.0,4,233.439471
0.0,7,233.439613
0.0,11,233.439819
0.0,9,233.439988
0.0,5,233.440103
0.0,3,233.440191
0.0,4,233.440292
0.0,2,233.440366
0.0,13,233.440587
0.0,6,233.440723
0.0,17,233.441
0.0,3,233.441092
0.0,4,233.441195
0.0,7,233.441337
0.0,3,233.441425
0.0,2,233.4415
0.0,8,233.441666
0.0,2,233.441742
0.0,4,233.441844
0.0,7,233.441985
0.0,9,233.442153
0.0,2,233.442227
1.0,14,233.442463
0.0,12,233.442685
0.0,5,233.442804
0.0,8,233.44296
0.0,4,233.443062
0.0,4,233.443164
0.0,6,233.443293
0.0,12,233.443501
0.0,11,233.443716
0.0,4,233.443822
0.0,6,233.44395
0.0,6,233.444079
0.0,3,233.444168
0.0,10,233.444352
0.0,3,233.444441
0.0,7,233.444583
1.0,16,233.444882
0.0,12,233.445095
0.0,2,233.445169
0.0,8,233.445325
0.0,7,233.445467
0.0,9,233.445648
0.0,5,233.445766
0.0,3,233.445854
0.0,18,233.446145
0.0,7,233.446292
0.0,3,233.446379
0.0,3,233.446468
0.0,4,233.446568
0.0,4,233.44668
0.0,5,233.446797
0.0,4,233.446899
0.0,13,233.44712
0.0,3,233.447207
0.0,3,233.447295
0.0,4,233.447397
0.0,5,233.447511
0.0,3,233.447598
0.0,7,233.447779
0.0,4,233.447884
0.0,4,233.447985
0.0,4,233.448087
0.0,4,233.448188
0.0,5,233.448303
0.0,2,233.448377
0.0,2,233.448451
0.0,12,233.448671
0.0,7,233.448816
0.0,6,233.448944
0.0,7,233.449085
0.0,8,233.44924
0.0,3,233.449328
0.0,8,233.449483
0.0,4,233.449583
0.0,3,233.44968
0.0,5,233.449799
0.0,3,233.449886
0.0,10,233.450069
0.0,3,233.450157
0.0,2,233.450231
0.0,3,233.450319
0.0,12,233.450528
0.0,2,233.450602
0.0,5,233.450726
0.0,2,233.450802
0.0,3,233.450891
0.0,8,233.451046
0.0,4,233.451147
0.0,4,233.451248
0.0,8,233.451402
0.0,9,233.451571
0.0,4,233.451683
0.0,17,233.451961
0.0,8,233.452121
0.0,15,233.452371
0.0,2,233.452446
0.0,2,233.452521
0.0,2,233.452596
0.0,2,233.452678
0.0,4,233.452783
0.0,5,233.452898
0.0,3,233.452986
0.0,8,233.453141
0.0,2,233.453216
0.0,2,233.453289
0.0,13,233.453511
0.0,4,233.453612
0.0,2,233.453697
0.0,8,233.453853
0.0,4,233.453954
1.0,6,233.454082
0.0,8,233.454237
0.0,3,233.454326
0.0,5,233.45444
0.0,2,233.454514
0.0,5,233.454638
0.0,8,233.454796
0.0,9,233.454964
0.0,4,233.455066
0.0,10,233.455249
0.0,9,233.455417
0.0,5,233.455532
0.0,4,233.455644
0.0,9,233.455815
0.0,7,233.455958
0.0,11,233.456153
0.0,9,233.456321
0.0,3,233.456409
0.0,4,233.45651
0.0,2,233.456584
0.0,4,233.456694
0.0,2,233.456771
0.0,8,233.456925
0.0,2,233.457
0.0,8,233.457155
0.0,5,233.457269
0.0,7,233.45741
0.0,5,233.457525
0.0,6,233.457664
0.0,9,233.457836
0.0,7,233.457978
0.0,8,233.458133
0.0,2,233.458206
0.0,3,233.458295
0.0,4,233.458397
0.0,3,233.458485
0.0,3,233.458573
0.0,10,233.458766
0.0,3,233.458857
0.0,7,233.459
0.0,8,233.459156
0.0,9,233.459324
0.0,3,233.459412
0.0,5,233.459526
0.0,8,233.45969
0.0,7,233.459835
0.0,5,233.459949
0.0,3,233.460038
0.0,8,233.460194
0.0,7,233.460335
0.0,8,233.46049
0.0,6,233.460618
0.0,2,233.460704
0.0,3,233.460792
0.0,5,233.460907
0.0,5,233.461022
0.0,9,233.461191
0.0,9,233.46136
0.0,5,233.461476
0.0,9,233.461653
0.0,6,233.461785
0.0,5,233.4619
0.0,6,233.462028
0.0,7,233.462169
0.0,5,233.462283
0.0,7,233.462424
0.0,2,233.462498
0.0,9,233.462687
0.0,13,233.462924
0.0,7,233.463066
0.0,7,233.463207
0.0,2,233.463282
0.0,6,233.46341
0.0,3,233.463498
0.0,4,233.463599
0.0,5,233.463725
0.0,5,233.463842
0.0,5,233.463957
0.0,9,233.464126
0.0,5,233.464241
0.0,6,233.46437
0.0,10,233.464553
0.0,10,233.464746
0.0,12,233.464958
0.0,6,233.465086
0.0,5,233.465202
0.0,2,233.465275
0.0,3,233.465364
0.0,2,233.465438
0.0,17,233.465722
0.0,6,233.465857
0.0,12,233.466065
0.0,6,233.466193
0.0,7,233.466334
0.0,5,233.46645
0.0,10,233.466642
0.0,7,233.466786
0.0,4,233.466887
0.0,5,233.467001
0.0,2,233.467074
0.0,2,233.467147
0.0,3,233.467234
0.0,9,233.467401
0.0,11,233.467596
0.0,15,233.467853
0.0,4,233.467955
0.0,5,233.46807
0.0,3,233.468158
0.0,5,233.468272
0.0,4,233.468372
0.0,3,233.468458
0.0,2,233.468531
0.0,9,233.468707
0.0,6,233.468837
0.0,4,233.468937
0.0,7,233.469078
0.0,6,233.469205
0.0,4,233.469305
0.0,3,233.469392
0.0,2,233.469465
0.0,9,233.469643
0.0,10,233.469827
0.0,5,233.469941
0.0,7,233.470081
0.0,6,233.470208
0.0,5,233.470322
0.0,4,233.470422
0.0,2,233.470496
0.0,8,233.47066
0.0,4,233.470764
0.0,3,233.470852
0.0,3,233.47094
0.0,4,233.47104
0.0,5,233.471154
0.0,10,233.471336
0.0,3,233.471422
0.0,6,233.471549
1.0,8,233.471713
0.0,4,233.471816
0.0,4,233.471916
0.0,7,233.472058
0.0,7,233.472199
0.0,6,233.472326
0.0,2,233.4724
0.0,5,233.472513
0.0,7,233.472666
0.0,2,233.472751
0.0,6,233.472881
0.0,14,233.473116
0.0,10,233.473301
0.0,9,233.473475
0.0,3,233.473563
0.0,5,233.473688
0.0,10,233.473872
0.0,2,233.473945
0.0,14,233.474181
0.0,4,233.474283
0.0,2,233.474356
0.0,2,233.474429
0.0,3,233.474516
0.0,4,233.474617
1.0,7,233.47477
0.0,3,233.474859
0.0,3,233.474946
0.0,3,233.475033
0.0,3,233.475121
0.0,2,233.475195
0.0,4,233.475296
0.0,2,233.47537
0.0,2,233.475443
0.0,2,233.475517
0.0,7,233.475672
0.0,2,233.47575
0.0,5,233.475865
0.0,4,233.475967
0.0,7,233.476109
0.0,8,233.476263
0.0,3,233.476351
0.0,10,233.476532
0.0,13,233.476763
0.0,4,233.476867
0.0,9,233.477035
0.0,15,233.477285
0.0,6,233.477414
0.0,5,233.477529
0.0,7,233.47768
0.0,3,233.47777
0.0,5,233.477885
0.0,7,233.478026
0.0,2,233.4781
0.0,5,233.478214
0.0,3,233.478302
0.0,2,233.478377
0.0,5,233.478493
0.0,6,233.478628
0.0,3,233.47872
0.0,8,233.47889
0.0,9,233.479072
0.0,4,233.479173
0.0,3,233.479262
0.0,10,233.479447
0.0,3,233.479535
0.0,2,233.479609
0.0,3,233.479708
0.0,3,233.479797
0.0,11,233.479992
0.0,5,233.480112
0.0,10,233.480295
0.0,2,233.48037
0.0,8,233.480526
0.0,10,233.480718
0.0,8,233.480875
0.0,2,233.480951
0.0,4,233.481053
0.0,8,233.481208
0.0,15,233.481457
0.0,5,233.481572
0.0,4,233.481684
0.0,6,233.481815
0.0,6,233.481944
0.0,2,233.482019
0.0,3,233.482107
0.0,4,233.482208
0.0,9,233.482377
0.0,8,233.482531
0.0,14,233.482774
0.0,3,233.482864
0.0,11,233.483061
0.0,7,233.483202
0.0,3,233.48329
0.0,6,233.483418
0.0,7,233.483559
0.0,3,233.483656
0.0,6,233.483787
0.0,4,233.483889
0.0,8,233.484045
0.0,9,233.484212
0.0,5,233.484327
0.0,5,233.484441
0.0,9,233.484609
0.0,5,233.484736
0.0,3,233.484826
0.0,2,233.4849
0.0,3,233.484989
0.0,5,233.485104
0.0,4,233.485205
0.0,2,233.485278
1.0,10,233.485461
0.0,2,233.485535
0.0,2,233.485609
0.0,6,233.48575
0.0,4,233.485853
0.0,5,233.485968
0.0,8,233.486124
0.0,3,233.486211
0.0,14,233.486448
0.0,3,233.486536
0.0,6,233.486675
1.0,15,233.486926
0.0,3,233.487014
0.0,3,233.487102
0.0,8,233.487258
0.0,9,233.487429
0.0,3,233.487517
0.0,7,233.487672
1.0,16,233.487938
0.0,8,233.488094
0.0,6,233.488221
0.0,10,233.488402
0.0,9,233.488569
0.0,3,233.488666
0.0,6,233.488797
0.0,3,233.488885
0.0,3,233.488973
0.0,8,233.489128
0.0,3,233.489216
0.0,8,233.489371
0.0,2,233.489444
0.0,5,233.489559
0.0,3,233.489655
0.0,8,233.489813
0.0,3,233.489901
0.0,11,233.490096
0.0,2,233.490171
0.0,6,233.490299
0.0,8,233.490454
0.0,3,233.490541
0.0,6,233.49068
0.0,4,233.490784
0.0,7,233.490926
0.0,11,233.491121
0.0,12,233.49133
0.0,4,233.491431
0.0,8,233.491585
0.0,5,233.491708
0.0,8,233.491865
0.0,9,233.492033
0.0,5,233.492148
0.0,7,233.49229
0.0,4,233.492392
0.0,2,233.492466
0.0,4,233.492567
0.0,8,233.492731
0.0,4,233.492834
0.0,5,233.492948
0.0,4,233.493049
0.0,4,233.49315
0.0,7,233.493292
0.0,13,233.493514
0.0,3,233.493602
0.0,3,233.4937
1.0,6,233.493831
0.0,3,233.493919
0.0,4,233.49402
0.0,5,233.494134
0.0,7,233.494276
0.0,5,233.49439
0.0,8,233.494545
0.0,4,233.494658
0.0,9,233.494828
0.0,13,233.49505
0.0,7,233.495191
1.0,9,233.495359
0.0,15,233.495609
0.0,8,233.495775
0.0,8,233.495931
0.0,5,233.496046
0.0,4,233.496148
0.0,9,233.496316
0.0,3,233.496404
0.0,4,233.496506
0.0,4,233.496608
0.0,6,233.496747
0.0,10,233.49693
0.0,2,233.497004
0.0,8,233.497159
0.0,14,233.497393
0.0,7,233.497534
0.0,4,233.497643
0.0,10,233.497827
0.0,2,233.497901
0.0,6,233.498029
0.0,3,233.498117
0.0,4,233.498218
0.0,6,233.498346
0.0,6,233.498473
0.0,8,233.498635
0.0,10,233.498819
0.0,9,233.498987
0.0,8,233.499142
0.0,3,233.499229
0.0,3,233.499318
0.0,9,233.499486
0.0,5,233.499601
0.0,21,233.499938
0.0,5,233.500058
0.0,6,233.500187
0.0,4,233.500288
0.0,4,233.50039
0.0,2,233.500465
0.0,9,233.500642
0.0,4,233.500746
0.0,11,233.500942
0.0,4,233.501043
0.0,3,233.501131
0.0,4,233.501233
0.0,6,233.501362
0.0,5,233.501476
0.0,2,233.50155
0.0,6,233.501687
0.0,4,233.501791
0.0,7,233.501933
0.0,11,233.502127
0.0,5,233.502254
0.0,3,233.502345
0.0,10,233.502527
0.0,2,233.502601
0.0,6,233.50274
0.0,3,233.502831
0.0,7,233.502972
0.0,7,233.503114
0.0,3,233.503201
0.0,7,233.503344
0.0,9,233.503512
0.0,6,233.50365
0.0,3,233.50374
0.0,6,233.50387
0.0,11,233.504065
0.0,5,233.50418
0.0,8,233.504335
0.0,3,233.504423
0.0,4,233.504524
0.0,3,233.504612
0.0,4,233.504724
0.0,3,233.504813
0.0,4,233.504915
0.0,14,233.50515
0.0,3,233.505239
0.0,4,233.505341
0.0,6,233.505468
0.0,13,233.505702
0.0,8,233.505861
0.0,10,233.506042
0.0,3,233.50613
0.0,2,233.506204
0.0,16,233.506465
0.0,9,233.506641
0.0,6,233.506773
0.0,3,233.50686
0.0,5,233.506974
0.0,5,233.507088
0.0,17,233.507363
0.0,8,233.50752
0.0,5,233.507644
0.0,5,233.507762
0.0,8,233.507917
0.0,3,233.508005
0.0,5,233.50812
0.0,3,233.508208
0.0,2,233.508282
0.0,8,233.508437
0.0,4,233.508538
0.0,3,233.508634
0.0,3,233.508725
0.0,4,233.508827
0.0,3,233.508915
0.0,7,233.509056
0.0,2,233.509133
0.0,5,233.509249
0.0,2,233.509325
0.0,7,233.509468
0.0,7,233.509611
0.0,5,233.509737
0.0,2,233.509814
0.0,7,233.509956
0.0,5,233.510071
0.0,9,233.510239
0.0,3,233.510327
0.0,23,233.51069
0.0,10,233.510879
0.0,4,233.510983
0.0,2,233.511058
0.0,2,233.511134
0.0,4,233.511237
0.0,5,233.511353
0.0,5,233.511469
0.0,6,233.511598
0.0,3,233.511752
0.0,9,233.511929
0.0,3,233.512019
0.0,18,233.512309
0.0,6,233.512438
0.0,5,233.512554
0.0,9,233.512733
0.0,2,233.51281
0.0,11,233.513007
0.0,5,233.513122
0.0,2,233.513196
0.0,2,233.51327
0.0,4,233.513372
0.0,8,233.513526
0.0,5,233.513651
0.0,17,233.513927
0.0,8,233.514083
0.0,7,233.514226
0.0,6,233.514354
0.0,4,233.514454
0.0,5,233.514567
0.0,5,233.514693
0.0,2,233.514768
0.0,6,233.514895
0.0,3,233.514982
0.0,7,233.515124
0.0,4,233.515224
0.0,4,233.515324
0.0,5,233.515438
0.0,8,233.515592
0.0,6,233.51573
0.0,4,233.515834
0.0,5,233.515949
0.0,6,233.516077
0.0,4,233.516177
0.0,8,233.516331
0.0,9,233.516498
0.0,16,233.51677
0.0,3,233.516861
0.0,7,233.517004
0.0,7,233.517146
0.0,7,233.517287
0.0,15,233.517534
0.0,10,233.517729
0.0,4,233.517833
0.0,15,233.518081
0.0,18,233.518367
0.0,4,233.51847
0.0,4,233.518571
0.0,8,233.518735
0.0,6,233.518866
0.0,5,233.518981
1.0,16,233.519243
0.0,3,233.519331
0.0,5,233.519445
0.0,7,233.519587
0.0,3,233.519683
0.0,10,233.519866
1.0,13,233.520087
0.0,4,233.520188
0.0,9,233.520356
0.0,6,233.520484
0.0,3,233.520572
0.0,5,233.520698
0.0,8,233.520856
0.0,8,233.52101
0.0,2,233.521084
0.0,8,233.521238
0.0,8,233.521391
0.0,3,233.521478
0.0,6,233.521605
0.0,2,233.521688
0.0,4,233.521791
0.0,7,233.521931
0.0,2,233.522006
0.0,2,233.522079
0.0,8,233.522234
0.0,2,233.522308
0.0,10,233.52249
0.0,2,233.522564
0.0,2,233.522646
0.0,8,233.522805
0.0,4,233.522907
0.0,6,233.523044
0.0,4,233.523146
0.0,6,233.523274
0.0,3,233.523361
0.0,9,233.523531
0.0,8,233.523697
0.0,7,233.523841
0.0,5,233.523955
0.0,13,233.524179
0.0,5,233.524292
0.0,4,233.524392
0.0,4,233.524493
0.0,6,233.524628
0.0,8,233.524788
0.0,3,233.524876
0.0,6,233.525005
0.0,3,233.525091
0.0,6,233.52522
0.0,5,233.525334
0.0,4,233.525435
0.0,4,233.525536
0.0,8,233.5257
0.0,6,233.525831
0.0,2,233.525905
0.0,11,233.5261
0.0,4,233.526201
0.0,4,233.526302
0.0,11,233.526496
0.0,5,233.52661
0.0,6,233.52675
0.0,7,233.526892
0.0,5,233.527006
0.0,7,233.527147
0.0,2,233.52722
0.0,3,233.527308
0.0,14,233.527542
0.0,7,233.527693
0.0,10,233.527877
0.0,14,233.528111
0.0,4,233.528211
0.0,4,233.528311
0.0,9,233.52848
1.0,17,233.528766
0.0,3,233.528859
0.0,11,233.529146
0.0,5,233.529261
0.0,10,233.529442
0.0,3,233.529529
0.0,9,233.529709
0.0,3,233.529799
0.0,3,233.529886
0.0,3,233.529974
0.0,5,233.530088
0.0,5,233.530202
0.0,3,233.530288
0.0,4,233.530388
0.0,2,233.530462
0.0,5,233.530575
0.0,3,233.530672
0.0,6,233.530802
0.0,14,233.531037
0.0,11,233.531233
0.0,14,233.531469
0.0,4,233.531572
0.0,5,233.531694
0.0,2,233.53177
0.0,5,233.531883
0.0,5,233.531997
0.0,4,233.532098
0.0,6,233.532226
0.0,12,233.532444
0.0,6,233.532574
0.0,3,233.532674
0.0,9,233.532844
0.0,4,233.532946
0.0,7,233.533087
0.0,7,233.533226
0.0,6,233.533353
0.0,8,233.533507
0.0,3,233.533594
0.0,12,233.53381
0.0,5,233.533926
0.0,8,233.53408
0.0,9,233.534248
0.0,7,233.534389
0.0,12,233.534596
0.0,8,233.534758
0.0,11,233.534955
0.0,5,233.535069
0.0,7,233.53521
0.0,4,233.535311
0.0,2,233.535384
0.0,9,233.535552
0.0,5,233.53568
0.0,9,233.53585
0.0,3,233.535937
0.0,3,233.536026
0.0,6,233.536153
0.0,3,233.536241
0.0,6,233.536368
0.0,7,233.536508
0.0,5,233.536629
0.0,6,233.536761
0.0,6,233.53689
0.0,9,233.537059
0.0,4,233.53716
0.0,6,233.537288
0.0,5,233.537402
0.0,3,233.537489
0.0,3,233.537576
0.0,8,233.537739
0.0,4,233.537841
0.0,5,233.537956
0.0,10,233.538135
0.0,5,233.538249
0.0,4,233.538349
0.0,6,233.538477
0.0,7,233.538617
0.0,5,233.538742
0.0,5,233.538856
0.0,2,233.53893
0.0,5,233.539045
0.0,9,233.539212
0.0,4,233.539315
0.0,3,233.539405
0.0,6,233.539534
0.0,7,233.539684
0.0,3,233.539774
0.0,6,233.539902
0.0,11,233.540097
0.0,8,233.540251
0.0,7,233.540391
0.0,5,233.540506
0.0,4,233.540607
0.0,5,233.540731
0.0,4,233.540833
0.0,5,233.540947
0.0,3,233.541034
0.0,6,233.541162
0.0,6,233.541288
0.0,4,233.541389
0.0,4,233.54149
0.0,2,233.541565
0.0,2,233.54165
0.0,2,233.541727
0.0,5,233.541842
0.0,4,233.541942
0.0,3,233.542029
0.0,3,233.542116
0.0,6,233.542243
0.0,6,233.54237
0.0,4,233.542471
0.0,5,233.542585
0.0,14,233.542827
0.0,4,233.54293
0.0,3,233.543017
0.0,3,233.543104
0.0,9,233.543272
0.0,5,233.543385
0.0,11,233.543578
1.0,11,233.54378
0.0,6,233.54391
0.0,8,233.544064
0.0,11,233.544256
0.0,3,233.544344
0.0,12,233.544552
0.0,3,233.544651
0.0,4,233.544754
0.0,5,233.544869
0.0,7,233.54501
0.0,4,233.54511
0.0,5,233.545224
0.0,17,233.545498
0.0,8,233.545665
0.0,4,233.545769
0.0,5,233.545884
0.0,6,233.546012
0.0,7,233.546153
0.0,5,233.546268
0.0,3,233.546356
0.0,4,233.546457
0.0,8,233.546612
0.0,3,233.546709
0.0,8,233.546865
0.0,5,233.54698
0.0,4,233.547081
0.0,4,233.547182
0.0,15,233.547431
0.0,10,233.547613
0.0,10,233.547808
0.0,6,233.547937
0.0,16,233.548198
0.0,5,233.548312
0.0,5,233.548428
0.0,2,233.548503
0.0,3,233.54859
0.0,11,233.548794
1.0,12,233.549006
0.0,9,233.549175
0.0,5,233.549289
0.0,7,233.54943
0.0,6,233.549558
0.0,3,233.549655
0.0,4,233.549758
0.0,4,233.549859
0.0,3,233.549947
0.0,8,233.550101
0.0,4,233.550202
0.0,2,233.550275
0.0,4,233.550375
0.0,6,233.550503
0.0,9,233.550683
0.0,8,233.55084
0.0,5,233.550955
0.0,2,233.551029
0.0,8,233.551185
0.0,7,233.551325
0.0,3,233.551412
0.0,8,233.551565
0.0,8,233.551729
0.0,6,233.551859
0.0,13,233.55208
0.0,16,233.552341
0.0,18,233.552636
0.0,5,233.552755
0.0,5,233.552871
0.0,4,233.552971
0.0,3,233.553059
0.0,12,233.553267
0.0,8,233.553421
0.0,5,233.553535
0.0,3,233.55363
0.0,3,233.553722
0.0,2,233.553796
0.0,4,233.553897
0.0,13,233.55412
0.0,5,233.554235
0.0,12,233.554443
0.0,9,233.55461
0.0,3,233.554709
0.0,9,233.554878
0.0,8,233.555033
0.0,9,233.555199
0.0,4,233.555301
0.0,8,233.555454
0.0,9,233.555629
0.0,11,233.555827
0.0,5,233.555942
0.0,7,233.556083
0.0,13,233.556303
0.0,4,233.556403
0.0,7,233.556545
0.0,8,233.55671
0.0,17,233.556987
0.0,6,233.557118
0.0,10,233.557299
0.0,5,233.557412
0.0,13,233.557642
0.0,14,233.557876
0.0,9,233.558044
0.0,2,233.558118
0.0,3,233.558205
0.0,8,233.558358
0.0,4,233.558458
0.0,5,233.558571
0.0,6,233.558707
0.0,8,233.558863
0.0,3,233.558951
0.0,5,233.559066
0.0,2,233.559141
0.0,5,233.559255
0.0,2,233.559329
0.0,3,233.559417
0.0,10,233.559599
0.0,6,233.559737
0.0,4,233.55984
