#{"t_start": 1522706093.1127615, "env_id": "MyFrozenLake-v0"}
r,l,t
0.0,2,0.034988
0.0,6,0.035399
0.0,2,0.035579
0.0,8,0.036005
0.0,12,0.036619
0.0,7,0.036998
0.0,10,0.037645
0.0,8,0.038075
0.0,3,0.038328
0.0,8,0.03878
0.0,6,0.039115
0.0,6,0.039541
0.0,14,0.040235
0.0,3,0.040442
0.0,7,0.040887
0.0,16,0.041696
0.0,8,0.042126
0.0,7,0.042512
0.0,4,0.042758
0.0,12,0.043357
0.0,8,0.043848
0.0,4,0.044096
0.0,18,0.044984
0.0,9,0.045449
0.0,1,0.045571
0.0,1,0.045686
0.0,18,0.046626
0.0,15,0.047367
0.0,8,0.0478
0.0,4,0.048048
0.0,7,0.048424
0.0,3,0.048643
0.0,1,0.048808
0.0,6,0.049148
0.0,4,0.049395
0.0,4,0.049656
0.0,11,0.050218
0.0,3,0.050421
0.0,4,0.05068
0.0,8,0.0511
0.0,8,0.051603
0.0,1,0.051721
0.0,8,0.052145
0.0,1,0.05226
0.0,6,0.052609
0.0,18,0.053473
0.0,16,0.054321
0.0,5,0.054645
0.0,4,0.054896
0.0,7,0.055277
0.0,23,0.056377
0.0,8,0.056877
0.0,4,0.057134
0.0,7,0.057532
0.0,25,0.05872
0.0,10,0.059244
0.0,9,0.059774
0.0,13,0.060418
0.0,13,0.061077
0.0,1,0.061196
0.0,6,0.061546
0.0,15,0.06234
0.0,10,0.062867
0.0,4,0.063118
0.0,7,0.063514
0.0,16,0.064284
0.0,6,0.064701
0.0,14,0.065398
0.0,26,0.066655
0.0,9,0.067138
0.0,12,0.067813
0.0,7,0.0682
0.0,6,0.068553
0.0,9,0.069027
0.0,17,0.069872
0.0,12,0.070537
0.0,20,0.071498
0.0,7,0.07188
0.0,35,0.073589
0.0,8,0.074019
0.0,16,0.074829
0.0,2,0.074992
0.0,3,0.075248
0.0,25,0.076461
0.0,4,0.07672
0.0,2,0.076877
0.0,10,0.077387
1.0,13,0.078103
0.0,10,0.078631
0.0,20,0.079612
0.0,7,0.079991
0.0,4,0.080236
0.0,1,0.080353
0.0,2,0.080566
0.0,6,0.080943
0.0,7,0.081323
0.0,16,0.082118
0.0,4,0.082365
0.0,10,0.082891
0.0,1,0.08301
0.0,18,0.08397
0.0,9,0.084442
0.0,5,0.084752
0.0,8,0.085177
0.0,6,0.085525
0.0,12,0.086201
0.0,10,0.086727
0.0,6,0.087073
0.0,6,0.087404
0.0,4,0.087664
0.0,10,0.088174
0.0,7,0.088619
0.0,10,0.089136
0.0,11,0.089702
0.0,6,0.090045
0.0,1,0.090158
0.0,3,0.090359
0.0,9,0.090841
0.0,4,0.09114
0.0,5,0.091448
0.0,5,0.091752
0.0,11,0.092312
0.0,7,0.092703
0.0,6,0.093037
0.0,16,0.09388
0.0,13,0.094549
0.0,3,0.094756
0.0,28,0.09607
0.0,7,0.096519
0.0,11,0.097089
0.0,36,0.098769
0.0,36,0.100518
0.0,10,0.101032
0.0,15,0.101836
0.0,6,0.102177
0.0,11,0.102744
0.0,5,0.10304
0.0,5,0.103329
0.0,1,0.10344
0.0,5,0.10374
1.0,14,0.104485
0.0,6,0.104849
0.0,20,0.105814
0.0,6,0.106146
0.0,1,0.106256
0.0,8,0.106692
0.0,31,0.108242
0.0,10,0.108773
0.0,3,0.108974
0.0,6,0.109312
0.0,2,0.109472
0.0,9,0.110003
0.0,1,0.110116
0.0,4,0.110363
0.0,7,0.110753
0.0,17,0.111594
1.0,13,0.112249
0.0,31,0.113773
0.0,6,0.114109
0.0,12,0.114726
0.0,27,0.116075
0.0,5,0.116376
0.0,12,0.116981
0.0,4,0.117225
0.0,4,0.11748
0.0,9,0.118011
0.0,2,0.118174
0.0,7,0.118564
1.0,9,0.119033
0.0,1,0.119144
0.0,12,0.119757
0.0,16,0.120626
0.0,38,0.122389
0.0,4,0.12265
0.0,3,0.122875
0.0,11,0.123502
0.0,15,0.124236
0.0,4,0.124483
0.0,22,0.125608
0.0,8,0.126042
1.0,8,0.126468
0.0,12,0.127085
0.0,1,0.127197
0.0,5,0.127487
0.0,1,0.127613
0.0,7,0.128003
0.0,2,0.128165
1.0,10,0.128722
0.0,5,0.129016
0.0,4,0.129265
0.0,4,0.12952
0.0,3,0.129722
0.0,11,0.130272
0.0,5,0.130581
0.0,2,0.130778
0.0,6,0.131119
0.0,25,0.132315
0.0,4,0.132576
0.0,1,0.132691
0.0,28,0.134022
0.0,16,0.13483
0.0,13,0.13566
1.0,13,0.136358
0.0,19,0.137285
0.0,11,0.137856
0.0,1,0.137967
0.0,28,0.139307
0.0,33,0.140873
0.0,4,0.141121
0.0,5,0.141423
0.0,5,0.141732
0.0,5,0.142033
0.0,10,0.142553
0.0,10,0.14307
0.0,17,0.143899
0.0,3,0.144112
0.0,10,0.144653
0.0,2,0.144813
0.0,4,0.14506
0.0,9,0.14554
0.0,3,0.145745
0.0,6,0.146075
0.0,1,0.146187
0.0,2,0.146345
0.0,7,0.146743
1.0,23,0.147856
0.0,9,0.148331
0.0,10,0.148849
0.0,5,0.149141
1.0,19,0.150093
0.0,5,0.150386
0.0,8,0.150827
1.0,61,0.153675
0.0,4,0.153931
0.0,16,0.154743
0.0,2,0.154907
0.0,9,0.155402
0.0,11,0.155978
0.0,8,0.15641
0.0,7,0.156797
0.0,12,0.157395
0.0,30,0.158843
0.0,9,0.159317
0.0,2,0.159475
0.0,9,0.159958
0.0,2,0.160118
0.0,5,0.160414
0.0,11,0.161016
0.0,8,0.161475
0.0,3,0.161696
0.0,23,0.16279
0.0,10,0.163322
0.0,4,0.163594
0.0,7,0.163975
0.0,4,0.164219
0.0,1,0.164331
0.0,10,0.164869
0.0,5,0.16516
0.0,8,0.165606
0.0,1,0.165722
0.0,3,0.165924
0.0,6,0.166259
0.0,7,0.166679
0.0,7,0.167063
0.0,11,0.167635
0.0,10,0.168148
0.0,10,0.168678
0.0,12,0.169311
0.0,3,0.169527
0.0,4,0.169778
0.0,3,0.170004
0.0,7,0.170381
0.0,11,0.170951
0.0,5,0.171253
0.0,1,0.171368
0.0,23,0.172542
0.0,7,0.172922
0.0,5,0.173213
0.0,1,0.173326
0.0,5,0.173632
1.0,27,0.174963
0.0,8,0.175393
0.0,5,0.1757
0.0,12,0.176304
0.0,11,0.176881
0.0,3,0.177086
0.0,7,0.177471
0.0,5,0.177775
0.0,4,0.178024
0.0,1,0.178135
0.0,5,0.17843
0.0,2,0.178598
0.0,8,0.179026
0.0,11,0.179608
0.0,6,0.179954
0.0,5,0.180242
0.0,1,0.180353
0.0,5,0.180662
0.0,17,0.181528
0.0,8,0.181961
0.0,1,0.182076
0.0,13,0.182769
0.0,3,0.182972
0.0,5,0.183266
1.0,19,0.184194
0.0,2,0.184354
0.0,3,0.184583
0.0,6,0.184927
0.0,20,0.185907
0.0,13,0.186572
0.0,5,0.186883
0.0,2,0.187042
0.0,1,0.187156
0.0,5,0.187455
0.0,13,0.188128
0.0,30,0.189555
0.0,1,0.189671
0.0,15,0.190422
0.0,21,0.191439
0.0,3,0.191661
0.0,6,0.191995
0.0,43,0.19401
0.0,4,0.194264
0.0,22,0.195321
0.0,7,0.195725
0.0,17,0.196572
0.0,16,0.197356
0.0,14,0.198059
0.0,7,0.19845
0.0,3,0.198687
0.0,3,0.198899
0.0,4,0.199147
0.0,9,0.199633
0.0,32,0.201135
0.0,7,0.201562
0.0,2,0.201728
0.0,9,0.202195
0.0,19,0.203117
0.0,7,0.203509
0.0,8,0.203944
0.0,5,0.204241
0.0,20,0.20523
0.0,7,0.20563
0.0,4,0.205877
0.0,8,0.206303
0.0,30,0.207738
0.0,1,0.207859
0.0,14,0.208561
0.0,7,0.208941
1.0,30,0.210386
0.0,13,0.211056
0.0,10,0.21158
0.0,8,0.212013
0.0,1,0.212126
0.0,11,0.212712
0.0,9,0.213202
0.0,8,0.213639
0.0,3,0.213841
0.0,1,0.213952
0.0,1,0.214065
0.0,5,0.214357
1.0,20,0.215378
1.0,16,0.21617
0.0,5,0.216466
0.0,1,0.216592
0.0,3,0.216796
1.0,18,0.217686
0.0,6,0.218038
0.0,1,0.218151
0.0,30,0.219572
0.0,13,0.220228
0.0,10,0.22076
0.0,4,0.221012
0.0,20,0.221978
0.0,5,0.222269
0.0,7,0.222677
0.0,2,0.222841
1.0,10,0.223368
0.0,19,0.224297
0.0,8,0.224747
0.0,8,0.225172
0.0,12,0.2258
0.0,7,0.226193
0.0,3,0.226396
0.0,1,0.226522
0.0,1,0.226637
0.0,5,0.22693
0.0,3,0.227132
0.0,7,0.227521
0.0,2,0.227683
0.0,15,0.228432
0.0,4,0.228699
0.0,5,0.228994
0.0,39,0.230847
0.0,3,0.231056
0.0,5,0.231364
0.0,2,0.231536
0.0,22,0.232584
0.0,2,0.232744
0.0,13,0.233398
0.0,6,0.233771
0.0,6,0.234114
1.0,14,0.234831
0.0,2,0.23515
0.0,2,0.235321
0.0,4,0.235581
0.0,8,0.236039
0.0,12,0.236681
0.0,12,0.237284
0.0,9,0.237764
0.0,5,0.238056
0.0,3,0.238256
0.0,3,0.238462
0.0,5,0.23877
0.0,4,0.239019
0.0,3,0.239232
0.0,12,0.23984
0.0,2,0.240006
0.0,18,0.240887
0.0,7,0.241279
0.0,13,0.241964
0.0,11,0.24254
0.0,21,0.243548
0.0,24,0.244722
0.0,7,0.24511
0.0,4,0.245358
0.0,5,0.245657
0.0,4,0.245906
0.0,13,0.246572
0.0,5,0.246872
0.0,11,0.247444
0.0,1,0.247569
0.0,4,0.247815
0.0,15,0.248563
0.0,5,0.248855
0.0,12,0.249467
0.0,22,0.250548
0.0,11,0.251109
0.0,23,0.25221
0.0,7,0.252633
0.0,11,0.25319
0.0,9,0.253677
0.0,19,0.254601
0.0,10,0.255122
0.0,2,0.25528
0.0,6,0.255643
0.0,2,0.255804
0.0,5,0.256094
0.0,18,0.256978
0.0,4,0.257225
0.0,13,0.25789
1.0,12,0.258523
0.0,8,0.25895
0.0,15,0.259697
0.0,16,0.260483
0.0,9,0.260978
0.0,7,0.261356
0.0,2,0.261526
0.0,10,0.262042
0.0,5,0.262328
0.0,3,0.262543
0.0,13,0.263201
0.0,1,0.263338
0.0,7,0.263757
1.0,24,0.264919
0.0,15,0.26567
0.0,13,0.266334
0.0,17,0.267179
0.0,25,0.268364
1.0,15,0.269136
0.0,9,0.269618
0.0,15,0.270355
0.0,34,0.271964
0.0,7,0.27235
0.0,11,0.272922
0.0,9,0.273391
0.0,16,0.274212
0.0,8,0.274673
0.0,10,0.275188
0.0,4,0.275434
0.0,3,0.275645
0.0,7,0.276022
0.0,19,0.276959
0.0,7,0.277355
0.0,1,0.27747
0.0,3,0.277684
0.0,2,0.277841
0.0,10,0.278359
0.0,4,0.278623
0.0,8,0.27905
0.0,7,0.279436
0.0,1,0.279559
0.0,5,0.279856
0.0,10,0.280374
0.0,1,0.280485
0.0,13,0.281186
0.0,5,0.281474
0.0,9,0.281963
0.0,1,0.282076
0.0,7,0.28248
0.0,2,0.282665
0.0,16,0.28348
0.0,10,0.284003
0.0,2,0.284159
0.0,2,0.284316
0.0,5,0.284639
0.0,5,0.284942
0.0,2,0.285102
0.0,1,0.285215
0.0,13,0.285882
0.0,1,0.285998
0.0,10,0.286524
0.0,18,0.287395
0.0,8,0.287844
0.0,16,0.288649
0.0,2,0.288813
0.0,17,0.289643
0.0,6,0.289979
0.0,4,0.29024
0.0,4,0.290506
0.0,1,0.290623
0.0,2,0.290792
0.0,7,0.291171
0.0,8,0.291615
0.0,21,0.292626
1.0,9,0.293104
0.0,3,0.293312
0.0,22,0.294378
0.0,4,0.294653
0.0,17,0.295486
0.0,2,0.295665
0.0,11,0.296225
0.0,6,0.296589
0.0,4,0.296836
0.0,1,0.29695
0.0,1,0.297064
0.0,1,0.297176
0.0,10,0.297699
0.0,11,0.29826
0.0,3,0.298469
0.0,4,0.29873
0.0,4,0.298986
0.0,8,0.299409
0.0,4,0.299668
0.0,2,0.299829
0.0,7,0.300208
0.0,1,0.30032
0.0,2,0.300477
0.0,10,0.301004
0.0,11,0.301584
0.0,9,0.302056
0.0,2,0.302213
0.0,19,0.303143
1.0,11,0.30372
0.0,15,0.304477
0.0,12,0.305109
0.0,10,0.305637
0.0,2,0.305796
0.0,2,0.305956
0.0,3,0.306157
0.0,14,0.306877
0.0,26,0.308126
0.0,3,0.308332
0.0,6,0.308681
0.0,20,0.309692
0.0,1,0.309813
0.0,7,0.310196
0.0,2,0.310356
1.0,19,0.311288
0.0,6,0.311639
0.0,2,0.311799
0.0,16,0.3126
0.0,2,0.312767
0.0,13,0.313415
0.0,24,0.314575
0.0,8,0.315009
0.0,7,0.315418
0.0,4,0.315676
0.0,10,0.31619
0.0,3,0.316394
0.0,12,0.317013
0.0,8,0.317447
0.0,3,0.317666
0.0,1,0.317782
0.0,12,0.318404
0.0,10,0.318934
0.0,2,0.319096
0.0,3,0.319299
0.0,18,0.320184
0.0,31,0.321677
0.0,26,0.322925
0.0,2,0.323087
0.0,2,0.323249
0.0,4,0.323517
0.0,8,0.323941
0.0,2,0.324099
0.0,7,0.324481
0.0,6,0.324841
0.0,1,0.324952
0.0,3,0.325161
0.0,4,0.325406
0.0,12,0.326028
0.0,24,0.327186
0.0,8,0.327622
0.0,1,0.327735
0.0,4,0.32798
0.0,5,0.328281
0.0,20,0.329282
0.0,3,0.329499
0.0,4,0.329752
0.0,9,0.33022
1.0,16,0.331065
0.0,6,0.331409
0.0,19,0.332339
0.0,5,0.332649
0.0,1,0.332762
0.0,2,0.332919
0.0,3,0.333119
0.0,12,0.333739
0.0,4,0.333993
0.0,2,0.33417
0.0,16,0.334975
0.0,7,0.335574
0.0,8,0.336001
0.0,5,0.33629
0.0,10,0.336832
0.0,9,0.337329
0.0,20,0.338296
0.0,8,0.338738
0.0,4,0.338987
0.0,1,0.339099
0.0,4,0.339352
0.0,15,0.340102
0.0,21,0.341115
0.0,4,0.341362
0.0,9,0.341847
0.0,5,0.342147
0.0,7,0.342544
0.0,21,0.343566
0.0,14,0.344253
0.0,3,0.344453
0.0,6,0.344819
0.0,2,0.344979
0.0,10,0.345514
0.0,8,0.34594
0.0,29,0.347307
0.0,2,0.347474
0.0,8,0.347914
0.0,1,0.348029
0.0,5,0.348325
0.0,22,0.349378
0.0,8,0.349814
0.0,10,0.350339
0.0,14,0.351063
0.0,14,0.351766
0.0,11,0.352323
0.0,9,0.352808
0.0,4,0.35306
0.0,4,0.353312
0.0,2,0.35347
0.0,6,0.353818
0.0,21,0.354838
0.0,8,0.355258
0.0,7,0.35566
0.0,10,0.356179
0.0,7,0.356583
0.0,2,0.356744
0.0,13,0.357389
0.0,6,0.357738
0.0,1,0.357851
0.0,1,0.357964
0.0,9,0.358442
0.0,26,0.359709
0.0,18,0.360586
0.0,5,0.360881
0.0,4,0.361137
0.0,12,0.361758
0.0,5,0.36205
0.0,3,0.362252
0.0,13,0.362917
0.0,8,0.363359
0.0,3,0.363571
0.0,5,0.36387
0.0,10,0.364398
0.0,9,0.364889
0.0,8,0.365321
0.0,11,0.365884
0.0,6,0.366217
0.0,9,0.366727
0.0,10,0.367259
0.0,5,0.367563
0.0,13,0.368207
0.0,6,0.368555
0.0,2,0.368712
0.0,1,0.368822
0.0,6,0.369166
0.0,1,0.36928
0.0,12,0.369906
0.0,2,0.370064
0.0,8,0.370486
0.0,6,0.370842
0.0,6,0.371176
0.0,15,0.371929
0.0,13,0.372605
0.0,7,0.372985
0.0,7,0.373363
0.0,5,0.373665
0.0,1,0.373777
0.0,1,0.37389
0.0,41,0.375829
0.0,20,0.376806
0.0,2,0.376966
0.0,17,0.377801
0.0,13,0.378458
0.0,15,0.3792
0.0,3,0.379401
0.0,4,0.379656
0.0,15,0.380395
0.0,25,0.381643
0.0,12,0.38224
0.0,12,0.382858
0.0,10,0.383403
0.0,15,0.384145
0.0,5,0.384435
0.0,28,0.385786
0.0,2,0.385949
0.0,19,0.386884
0.0,25,0.388076
1.0,10,0.388615
0.0,1,0.388732
0.0,14,0.38943
0.0,17,0.390259
0.0,1,0.390374
0.0,7,0.390774
0.0,9,0.391273
0.0,8,0.391716
1.0,17,0.392554
0.0,21,0.393568
0.0,6,0.393906
0.0,9,0.394394
0.0,4,0.394666
0.0,21,0.395672
0.0,29,0.39707
0.0,5,0.397369
0.0,9,0.397851
0.0,3,0.398054
0.0,3,0.398256
0.0,9,0.398735
0.0,8,0.399169
0.0,2,0.399331
0.0,5,0.399634
0.0,7,0.400014
0.0,3,0.400215
0.0,67,0.403338
0.0,7,0.403743
0.0,20,0.404726
0.0,7,0.405122
0.0,6,0.405459
0.0,20,0.406423
0.0,12,0.407035
0.0,3,0.407247
0.0,4,0.407504
0.0,15,0.408249
0.0,11,0.408823
0.0,17,0.409658
0.0,1,0.409774
0.0,3,0.409987
1.0,11,0.410577
0.0,4,0.410824
0.0,3,0.411025
0.0,5,0.411318
0.0,12,0.411923
0.0,20,0.412932
0.0,5,0.413236
0.0,3,0.413441
0.0,2,0.413608
0.0,2,0.413766
0.0,3,0.413976
0.0,2,0.414133
0.0,5,0.414423
0.0,6,0.414786
0.0,6,0.415126
0.0,2,0.41529
0.0,24,0.416452
0.0,37,0.418181
0.0,7,0.418609
0.0,9,0.41909
0.0,6,0.41943
0.0,13,0.420076
0.0,6,0.420413
0.0,5,0.420727
0.0,11,0.421291
0.0,14,0.422007
0.0,10,0.422534
0.0,5,0.422827
0.0,2,0.422983
0.0,11,0.423561
0.0,5,0.423859
0.0,1,0.423971
1.0,7,0.424536
0.0,11,0.425103
0.0,5,0.425395
1.0,7,0.425793
0.0,6,0.42613
0.0,11,0.426707
0.0,17,0.427566
0.0,17,0.428386
0.0,6,0.428736
0.0,7,0.429127
0.0,11,0.42971
0.0,3,0.429914
0.0,7,0.430299
0.0,22,0.431388
0.0,5,0.431707
0.0,12,0.432318
0.0,24,0.433462
1.0,21,0.434485
0.0,4,0.434783
0.0,1,0.434897
0.0,15,0.435652
0.0,4,0.436086
0.0,1,0.436198
1.0,27,0.437479
0.0,5,0.437796
0.0,3,0.437998
0.0,2,0.438158
0.0,4,0.438401
0.0,3,0.438619
0.0,10,0.439125
0.0,27,0.440418
0.0,1,0.440549
0.0,2,0.44071
0.0,2,0.440866
0.0,4,0.441113
0.0,4,0.441359
0.0,22,0.442415
0.0,2,0.442665
0.0,3,0.442872
0.0,13,0.443559
1.0,26,0.444813
0.0,6,0.445152
0.0,6,0.445506
0.0,1,0.445621
0.0,3,0.445823
0.0,27,0.44711
0.0,2,0.447269
0.0,6,0.447617
0.0,2,0.447775
0.0,10,0.448297
0.0,28,0.449664
0.0,11,0.450218
0.0,16,0.451012
0.0,4,0.451288
0.0,3,0.451507
0.0,2,0.451667
0.0,1,0.451779
0.0,7,0.452161
0.0,13,0.452812
0.0,14,0.453522
0.0,6,0.453863
0.0,1,0.453975
0.0,1,0.454095
0.0,4,0.454344
0.0,12,0.454969
0.0,6,0.455305
0.0,7,0.455697
0.0,1,0.455809
0.0,2,0.455967
1.0,11,0.456549
0.0,1,0.456663
0.0,12,0.457271
0.0,9,0.457757
0.0,8,0.458179
0.0,1,0.458291
0.0,4,0.458548
0.0,11,0.45913
0.0,5,0.459447
0.0,8,0.459886
0.0,21,0.460901
0.0,3,0.461107
0.0,6,0.461443
0.0,14,0.462151
0.0,34,0.463754
0.0,9,0.464224
0.0,7,0.46464
0.0,13,0.4653
0.0,9,0.465792
0.0,7,0.466173
0.0,2,0.466329
0.0,7,0.466717
0.0,9,0.467198
0.0,3,0.467402
0.0,8,0.467842
0.0,13,0.468497
0.0,2,0.46866
0.0,15,0.46938
0.0,12,0.470004
0.0,23,0.471127
0.0,3,0.471331
0.0,6,0.471678
0.0,7,0.472057
0.0,10,0.472595
0.0,23,0.473704
0.0,2,0.473868
0.0,11,0.474421
0.0,3,0.474649
0.0,8,0.475075
0.0,6,0.475415
0.0,11,0.476011
0.0,4,0.476257
0.0,11,0.476829
0.0,10,0.477335
0.0,14,0.478038
0.0,11,0.478621
0.0,14,0.479306
0.0,25,0.480488
0.0,18,0.481417
0.0,4,0.481678
0.0,3,0.48188
0.0,9,0.482348
0.0,11,0.482921
0.0,8,0.483355
0.0,4,0.48362
0.0,4,0.483873
0.0,17,0.484728
0.0,9,0.485201
0.0,10,0.485718
0.0,6,0.486063
0.0,1,0.486178
0.0,6,0.486531
0.0,2,0.486692
0.0,6,0.487028
0.0,8,0.487449
0.0,11,0.488014
0.0,16,0.48881
0.0,7,0.489197
0.0,37,0.490947
0.0,2,0.491111
0.0,6,0.491446
0.0,3,0.491666
0.0,3,0.49187
0.0,7,0.49226
0.0,4,0.492523
0.0,16,0.493296
0.0,9,0.493779
0.0,15,0.494548
0.0,8,0.494988
0.0,9,0.495456
1.0,11,0.496026
0.0,6,0.49636
0.0,15,0.497111
0.0,11,0.497718
0.0,17,0.498552
0.0,5,0.498847
0.0,5,0.499134
0.0,7,0.499526
0.0,7,0.499919
0.0,1,0.500031
0.0,6,0.500377
0.0,13,0.501045
0.0,11,0.501613
0.0,10,0.502124
0.0,3,0.502336
0.0,5,0.50265
0.0,7,0.50304
0.0,7,0.50342
0.0,4,0.50368
0.0,15,0.50441
0.0,5,0.504724
0.0,5,0.505027
0.0,1,0.505143
0.0,1,0.505254
0.0,17,0.506125
0.0,3,0.506331
0.0,7,0.506728
0.0,9,0.507194
0.0,5,0.507483
0.0,14,0.508198
0.0,1,0.508313
0.0,9,0.508805
0.0,5,0.509098
0.0,9,0.509575
0.0,2,0.509733
0.0,1,0.509844
0.0,3,0.510044
0.0,16,0.510864
0.0,10,0.511379
0.0,3,0.511596
0.0,6,0.511932
0.0,1,0.512044
0.0,8,0.512465
0.0,5,0.512798
0.0,9,0.513274
0.0,20,0.514244
0.0,6,0.514651
0.0,7,0.515034
0.0,7,0.51541
0.0,4,0.515667
0.0,7,0.516057
0.0,13,0.516726
0.0,10,0.517236
0.0,17,0.518068
0.0,4,0.518319
0.0,6,0.518679
0.0,9,0.519161
0.0,6,0.519537
0.0,8,0.519963
0.0,21,0.520979
0.0,7,0.521369
0.0,3,0.521588
0.0,33,0.523124
0.0,2,0.523286
0.0,5,0.52359
0.0,7,0.523979
0.0,4,0.524228
0.0,5,0.524557
0.0,15,0.52529
0.0,4,0.52555
0.0,24,0.526701
0.0,10,0.527225
0.0,9,0.527713
0.0,7,0.52809
0.0,25,0.529287
0.0,12,0.529905
0.0,6,0.530244
0.0,14,0.530944
0.0,4,0.531194
0.0,25,0.53246
0.0,12,0.533078
0.0,2,0.533239
0.0,6,0.533585
0.0,6,0.533924
0.0,5,0.534214
0.0,6,0.534582
0.0,13,0.535259
0.0,11,0.535827
0.0,9,0.536467
0.0,10,0.536999
0.0,12,0.537646
0.0,1,0.537759
0.0,21,0.538774
0.0,2,0.538935
0.0,3,0.539138
0.0,9,0.539623
1.0,58,0.542301
0.0,7,0.542774
0.0,33,0.544323
0.0,10,0.544868
0.0,3,0.545074
0.0,56,0.547642
1.0,10,0.548163
0.0,15,0.548914
0.0,13,0.549572
0.0,14,0.550273
0.0,4,0.550535
0.0,5,0.550837
0.0,10,0.551348
0.0,8,0.551779
0.0,14,0.552469
0.0,10,0.552999
0.0,4,0.553273
0.0,7,0.553668
0.0,3,0.553871
0.0,9,0.554338
0.0,9,0.554826
0.0,8,0.555246
0.0,12,0.555867
0.0,14,0.556582
0.0,26,0.557819
0.0,5,0.558124
0.0,12,0.55876
0.0,5,0.559055
0.0,1,0.559166
0.0,9,0.559646
0.0,4,0.559892
0.0,8,0.560311
0.0,34,0.56194
0.0,7,0.562329
0.0,15,0.563071
0.0,4,0.563319
0.0,5,0.563631
0.0,7,0.564018
0.0,2,0.564184
1.0,9,0.564677
0.0,5,0.564975
0.0,9,0.565436
0.0,5,0.565736
0.0,8,0.566161
0.0,2,0.566324
0.0,3,0.566559
0.0,6,0.56692
0.0,16,0.567712
0.0,17,0.568537
0.0,6,0.568871
0.0,8,0.569306
0.0,3,0.569522
0.0,3,0.569726
0.0,4,0.569972
0.0,13,0.570628
0.0,1,0.57074
0.0,7,0.571118
0.0,1,0.571229
0.0,14,0.571943
0.0,3,0.572148
0.0,7,0.572546
0.0,6,0.572887
0.0,3,0.573087
1.0,28,0.574406
1.0,12,0.575045
0.0,5,0.575336
0.0,3,0.57555
0.0,2,0.575707
0.0,6,0.576036
0.0,2,0.576191
0.0,7,0.576577
0.0,9,0.577058
0.0,6,0.577394
0.0,7,0.577794
0.0,8,0.578256
0.0,3,0.578456
0.0,12,0.57906
0.0,3,0.579276
0.0,18,0.580191
1.0,26,0.58145
0.0,16,0.58224
0.0,5,0.582545
0.0,8,0.582992
0.0,12,0.583599
0.0,9,0.58406
0.0,4,0.584303
0.0,4,0.585107
0.0,4,0.585365
0.0,6,0.585719
0.0,1,0.585832
0.0,20,0.586799
0.0,6,0.587132
0.0,5,0.587425
0.0,1,0.587554
0.0,3,0.58776
0.0,1,0.587874
0.0,1,0.587986
0.0,6,0.588331
0.0,1,0.588445
0.0,7,0.588845
0.0,3,0.589051
0.0,3,0.589266
0.0,6,0.589644
0.0,1,0.589762
0.0,1,0.589881
0.0,3,0.590086
0.0,6,0.590424
0.0,9,0.590915
0.0,16,0.591729
0.0,13,0.592391
0.0,11,0.592974
0.0,9,0.593441
0.0,9,0.593927
0.0,1,0.594039
0.0,8,0.594455
0.0,3,0.59468
0.0,4,0.594927
0.0,6,0.595266
0.0,5,0.595583
0.0,1,0.595697
0.0,2,0.595854
0.0,5,0.596151
0.0,5,0.59645
0.0,19,0.59738
0.0,8,0.597831
0.0,1,0.597946
0.0,9,0.59841
0.0,33,0.59996
0.0,13,0.600611
0.0,9,0.60108
0.0,23,0.602175
0.0,8,0.60261
0.0,10,0.603126
0.0,8,0.603577
0.0,11,0.604135
0.0,4,0.604378
0.0,19,0.605311
0.0,4,0.60558
0.0,2,0.605742
0.0,6,0.606101
0.0,14,0.606801
0.0,5,0.60709
0.0,8,0.607524
0.0,9,0.607993
0.0,22,0.609057
0.0,4,0.609308
0.0,9,0.609788
0.0,7,0.610163
1.0,34,0.611777
0.0,9,0.612251
0.0,4,0.612503
0.0,13,0.613146
0.0,17,0.613994
0.0,9,0.614464
0.0,18,0.615341
0.0,7,0.615733
0.0,9,0.616212
0.0,3,0.616418
0.0,5,0.616727
0.0,23,0.617821
0.0,19,0.61875
0.0,9,0.619231
0.0,12,0.619844
0.0,31,0.621291
0.0,9,0.621789
0.0,18,0.622669
0.0,14,0.623356
0.0,6,0.623716
1.0,25,0.624944
1.0,28,0.626263
0.0,11,0.626843
0.0,14,0.627563
0.0,14,0.628249
0.0,20,0.629221
1.0,13,0.629887
0.0,31,0.63133
0.0,10,0.631907
0.0,19,0.632843
0.0,6,0.633182
0.0,7,0.633572
0.0,4,0.633821
0.0,6,0.634154
0.0,12,0.634789
0.0,13,0.635445
0.0,17,0.636271
0.0,4,0.636691
0.0,2,0.636864
0.0,6,0.637209
0.0,9,0.63771
0.0,8,0.638132
0.0,7,0.638521
0.0,4,0.638767
0.0,4,0.63901
0.0,5,0.639299
0.0,19,0.640226
0.0,2,0.640394
0.0,12,0.64101
0.0,8,0.641433
0.0,8,0.641867
0.0,7,0.64225
0.0,5,0.642551
0.0,4,0.6428
0.0,13,0.643447
0.0,2,0.643618
0.0,15,0.644344
0.0,13,0.645019
0.0,8,0.645473
0.0,8,0.64591
0.0,8,0.646332
0.0,3,0.646545
1.0,15,0.647269
0.0,1,0.647383
0.0,7,0.647785
1.0,20,0.64878
0.0,15,0.649555
0.0,18,0.650425
0.0,9,0.650912
0.0,7,0.651289
0.0,3,0.651505
0.0,10,0.65202
0.0,3,0.652221
0.0,21,0.653241
0.0,10,0.653785
0.0,4,0.654036
0.0,6,0.65441
0.0,21,0.655426
0.0,12,0.656053
0.0,10,0.656587
0.0,2,0.656744
0.0,15,0.657472
0.0,6,0.657814
1.0,10,0.658335
0.0,12,0.658967
0.0,6,0.659301
0.0,17,0.660131
0.0,3,0.660334
0.0,10,0.660862
0.0,8,0.66129
0.0,14,0.661998
0.0,5,0.66229
1.0,30,0.663708
0.0,4,0.663958
0.0,4,0.66421
0.0,1,0.664323
1.0,27,0.665613
0.0,13,0.666261
0.0,4,0.666545
0.0,8,0.666984
0.0,2,0.667142
0.0,5,0.667434
0.0,6,0.667785
0.0,18,0.668663
0.0,11,0.669224
0.0,13,0.669891
0.0,9,0.67036
0.0,5,0.670664
0.0,26,0.671911
0.0,1,0.672032
0.0,7,0.672412
0.0,39,0.674227
0.0,4,0.674476
0.0,1,0.674614
0.0,10,0.675121
0.0,28,0.676442
0.0,8,0.676884
0.0,5,0.677181
0.0,5,0.677479
0.0,14,0.678178
0.0,6,0.678518
0.0,6,0.678854
0.0,3,0.679054
0.0,3,0.67926
0.0,1,0.679373
0.0,31,0.680866
0.0,31,0.682349
0.0,4,0.682641
0.0,24,0.683779
1.0,14,0.684463
1.0,8,0.684908
0.0,3,0.685111
0.0,5,0.685414
0.0,2,0.685583
0.0,1,0.685694
1.0,16,0.686463
0.0,3,0.68667
0.0,10,0.687188
0.0,5,0.687485
0.0,3,0.687722
0.0,20,0.688693
0.0,3,0.688898
0.0,7,0.689271
0.0,12,0.689887
0.0,7,0.690274
1.0,16,0.691069
1.0,12,0.691679
0.0,14,0.692366
0.0,20,0.693352
0.0,6,0.693699
0.0,3,0.6939
0.0,13,0.694563
0.0,1,0.694678
0.0,6,0.695009
0.0,8,0.695444
0.0,17,0.696309
0.0,3,0.696524
0.0,7,0.696908
0.0,26,0.698147
0.0,2,0.698311
0.0,6,0.698664
0.0,7,0.699044
0.0,6,0.699374
0.0,18,0.700248
0.0,2,0.700408
0.0,20,0.701403
0.0,8,0.70184
0.0,8,0.702271
0.0,13,0.702922
1.0,11,0.703483
0.0,15,0.704238
0.0,8,0.704686
0.0,3,0.704894
1.0,15,0.705631
0.0,10,0.706149
0.0,11,0.706725
0.0,39,0.708551
1.0,14,0.70925
0.0,10,0.709776
0.0,7,0.710155
0.0,11,0.710721
0.0,4,0.710969
0.0,18,0.711852
0.0,8,0.712291
0.0,10,0.712818
0.0,11,0.713376
0.0,18,0.714247
0.0,4,0.714524
0.0,30,0.715943
0.0,13,0.716595
0.0,1,0.716707
0.0,5,0.717005
0.0,4,0.717256
0.0,14,0.717962
0.0,9,0.71843
0.0,8,0.718866
0.0,9,0.719328
0.0,10,0.719856
0.0,5,0.720154
0.0,3,0.720356
0.0,2,0.720536
0.0,4,0.720785
0.0,3,0.720988
0.0,21,0.721987
0.0,5,0.722279
0.0,5,0.722593
0.0,5,0.722888
0.0,14,0.723598
0.0,9,0.724066
0.0,14,0.724775
0.0,5,0.725065
0.0,9,0.725553
0.0,6,0.725903
0.0,15,0.726649
0.0,7,0.727028
1.0,44,0.729066
0.0,5,0.729365
0.0,6,0.729715
0.0,2,0.729877
0.0,2,0.730033
0.0,5,0.730326
0.0,3,0.730539
0.0,6,0.730883
0.0,11,0.731451
0.0,59,0.734202
0.0,11,0.734794
0.0,2,0.734953
0.0,14,0.735651
0.0,3,0.735856
0.0,3,0.736067
0.0,26,0.737295
0.0,9,0.73794
0.0,2,0.738099
0.0,1,0.738209
0.0,3,0.73841
0.0,9,0.738901
0.0,15,0.739668
0.0,9,0.740134
0.0,12,0.740742
0.0,21,0.741763
0.0,5,0.742065
0.0,16,0.742869
0.0,4,0.743115
0.0,3,0.743317
0.0,4,0.743574
0.0,5,0.743869
0.0,12,0.744477
0.0,9,0.744972
0.0,1,0.745083
0.0,10,0.745609
1.0,33,0.74717
0.0,1,0.747284
0.0,17,0.748126
0.0,10,0.748653
0.0,4,0.748901
0.0,15,0.74965
0.0,14,0.750355
0.0,28,0.751684
0.0,6,0.752018
1.0,13,0.752682
0.0,28,0.754019
0.0,16,0.754819
0.0,3,0.755033
0.0,13,0.7557
0.0,18,0.756585
0.0,3,0.756787
0.0,3,0.756985
0.0,2,0.757143
0.0,10,0.757672
0.0,1,0.757785
0.0,1,0.757898
0.0,8,0.758334
0.0,10,0.758857
0.0,16,0.759647
0.0,9,0.760111
0.0,2,0.760273
0.0,2,0.760439
0.0,7,0.760834
0.0,7,0.76122
0.0,7,0.761617
0.0,2,0.761775
0.0,25,0.762949
0.0,1,0.76306
0.0,8,0.763486
0.0,3,0.763707
0.0,2,0.763865
0.0,5,0.764161
0.0,4,0.764415
0.0,2,0.764599
0.0,3,0.764804
0.0,5,0.7651
0.0,1,0.765211
0.0,8,0.76565
0.0,11,0.76621
0.0,31,0.767715
0.0,3,0.767924
0.0,14,0.76862
0.0,2,0.768782
0.0,9,0.769256
0.0,1,0.769368
0.0,24,0.770561
0.0,8,0.770983
1.0,17,0.771832
0.0,16,0.772634
0.0,20,0.773603
0.0,2,0.773764
0.0,23,0.774904
0.0,1,0.77502
0.0,5,0.775318
0.0,12,0.775932
0.0,1,0.776045
0.0,5,0.776335
0.0,22,0.777399
0.0,3,0.777619
0.0,1,0.777735
0.0,7,0.778126
0.0,16,0.778911
0.0,3,0.779143
0.0,2,0.779302
0.0,21,0.780324
0.0,1,0.780441
0.0,21,0.78145
0.0,4,0.781746
0.0,9,0.782209
0.0,22,0.783283
0.0,7,0.783678
0.0,7,0.784063
0.0,8,0.784483
0.0,14,0.78519
0.0,11,0.785769
0.0,2,0.785931
0.0,3,0.786137
0.0,14,0.786844
0.0,3,0.787046
0.0,2,0.787201
0.0,1,0.78731
0.0,2,0.787466
0.0,2,0.787629
0.0,25,0.788832
0.0,4,0.789083
0.0,11,0.789649
1.0,16,0.790419
0.0,9,0.790905
0.0,3,0.791131
1.0,11,0.791699
0.0,10,0.792212
0.0,15,0.792949
1.0,10,0.793467
0.0,11,0.794039
0.0,4,0.794294
0.0,1,0.794407
0.0,19,0.795329
0.0,14,0.796022
0.0,6,0.796368
0.0,20,0.797341
0.0,11,0.797908
0.0,1,0.798023
0.0,13,0.798677
0.0,1,0.798792
0.0,6,0.799137
0.0,3,0.799342
0.0,7,0.799747
1.0,8,0.800174
0.0,8,0.800609
0.0,4,0.800854
0.0,1,0.800965
0.0,1,0.801075
0.0,2,0.801233
0.0,2,0.801389
0.0,6,0.801747
0.0,24,0.802893
0.0,3,0.803103
0.0,6,0.803436
0.0,6,0.803782
0.0,12,0.804387
0.0,14,0.805115
0.0,6,0.805452
0.0,4,0.80571
0.0,10,0.806222
1.0,26,0.807458
0.0,20,0.808423
0.0,6,0.808772
0.0,12,0.809376
0.0,29,0.810766
0.0,5,0.811063
1.0,6,0.811398
0.0,3,0.81161
0.0,24,0.812756
0.0,20,0.81374
0.0,8,0.814164
1.0,8,0.814654
0.0,10,0.815167
0.0,20,0.816159
0.0,18,0.817037
0.0,3,0.817243
0.0,13,0.817899
1.0,60,0.820667
0.0,12,0.821296
1.0,18,0.822179
0.0,39,0.824011
1.0,16,0.824822
0.0,27,0.826103
0.0,4,0.826357
0.0,15,0.827128
0.0,17,0.827959
0.0,7,0.828336
0.0,17,0.829185
0.0,5,0.829499
0.0,21,0.830512
0.0,11,0.831074
0.0,4,0.831323
0.0,15,0.832126
0.0,2,0.832294
1.0,15,0.83304
0.0,5,0.833335
0.0,4,0.833593
0.0,14,0.834288
0.0,1,0.834404
0.0,30,0.835855
0.0,6,0.836191
0.0,11,0.836757
1.0,21,0.83778
0.0,3,0.838149
0.0,9,0.838648
0.0,12,0.839245
0.0,6,0.839601
0.0,1,0.839718
0.0,25,0.840914
0.0,34,0.842487
0.0,3,0.842706
0.0,21,0.84372
0.0,4,0.84397
0.0,22,0.845028
0.0,9,0.845515
0.0,11,0.846073
0.0,5,0.846366
0.0,7,0.84676
0.0,14,0.84744
0.0,5,0.847744
0.0,16,0.848549
0.0,6,0.848883
0.0,4,0.84913
0.0,3,0.849332
0.0,11,0.849902
0.0,3,0.850104
0.0,13,0.850769
0.0,18,0.851657
0.0,9,0.852131
0.0,19,0.853051
0.0,4,0.853305
0.0,5,0.853614
0.0,4,0.853862
0.0,6,0.854201
0.0,13,0.854866
0.0,13,0.85551
0.0,4,0.855759
0.0,6,0.856101
0.0,6,0.856439
0.0,3,0.856656
0.0,6,0.856988
0.0,2,0.857147
0.0,5,0.857436
0.0,13,0.858084
0.0,4,0.858332
0.0,5,0.858634
0.0,22,0.859708
0.0,3,0.859915
0.0,2,0.860077
0.0,5,0.860364
0.0,16,0.861146
0.0,3,0.86135
0.0,10,0.861887
0.0,4,0.862145
0.0,4,0.862393
0.0,7,0.862786
0.0,1,0.8629
0.0,2,0.863058
0.0,13,0.863714
0.0,12,0.864325
0.0,24,0.865502
0.0,5,0.865798
1.0,12,0.866386
0.0,4,0.866643
0.0,49,0.868937
0.0,1,0.869056
0.0,21,0.87008
0.0,8,0.870533
0.0,9,0.871006
0.0,11,0.871568
0.0,4,0.871814
0.0,3,0.872014
0.0,26,0.873265
0.0,3,0.873474
0.0,5,0.873779
0.0,10,0.874284
0.0,11,0.87486
0.0,13,0.875533
0.0,16,0.876318
0.0,7,0.876711
0.0,2,0.876869
0.0,16,0.877658
0.0,4,0.877915
0.0,2,0.878074
0.0,9,0.87857
1.0,24,0.879716
0.0,14,0.880401
0.0,3,0.880624
0.0,6,0.88096
0.0,20,0.88198
0.0,3,0.882186
0.0,9,0.88266
0.0,6,0.882998
1.0,8,0.88343
0.0,4,0.883713
0.0,8,0.884136
0.0,20,0.885101
0.0,10,0.885618
0.0,5,0.885912
0.0,17,0.886786
0.0,12,0.887392
0.0,19,0.88831
0.0,5,0.888618
0.0,2,0.888783
0.0,2,0.888941
0.0,5,0.889231
0.0,9,0.889717
0.0,2,0.889879
0.0,5,0.890172
0.0,11,0.890735
0.0,16,0.891532
0.0,15,0.892281
0.0,6,0.892626
0.0,6,0.892961
0.0,8,0.893382
0.0,11,0.893949
0.0,6,0.894292
0.0,4,0.894562
0.0,1,0.894679
0.0,11,0.895241
0.0,4,0.895502
0.0,4,0.895751
0.0,19,0.896665
0.0,13,0.897347
0.0,1,0.897461
0.0,9,0.897941
0.0,15,0.898687
0.0,34,0.900284
1.0,12,0.900894
0.0,22,0.901949
0.0,7,0.902338
0.0,11,0.902923
0.0,12,0.903535
0.0,9,0.904006
0.0,25,0.905204
0.0,17,0.906076
0.0,12,0.906691
0.0,21,0.907704
0.0,6,0.908046
0.0,11,0.908632
0.0,53,0.911057
0.0,1,0.911189
0.0,34,0.912768
0.0,21,0.913802
0.0,2,0.913965
0.0,18,0.914852
0.0,12,0.91545
0.0,12,0.916073
0.0,5,0.916427
0.0,9,0.916911
0.0,2,0.917072
0.0,7,0.917449
0.0,4,0.917711
0.0,15,0.918439
0.0,12,0.919053
0.0,13,0.919725
0.0,9,0.920194
0.0,12,0.920802
0.0,3,0.921003
0.0,4,0.921254
0.0,4,0.921516
0.0,2,0.921676
0.0,6,0.922023
0.0,27,0.923285
0.0,4,0.923548
0.0,6,0.923882
0.0,13,0.924711
0.0,4,0.924961
0.0,7,0.925341
0.0,1,0.925456
0.0,20,0.92641
0.0,14,0.927145
0.0,2,0.927308
0.0,6,0.927666
0.0,8,0.928091
0.0,16,0.928877
0.0,15,0.929634
0.0,4,0.929888
0.0,19,0.930815
0.0,26,0.932088
1.0,9,0.932578
0.0,5,0.932882
0.0,44,0.934935
0.0,20,0.935937
0.0,17,0.936769
0.0,6,0.937107
0.0,6,0.937441
0.0,4,0.937708
0.0,14,0.938412
0.0,7,0.938973
0.0,6,0.939317
0.0,9,0.9398
0.0,4,0.940046
0.0,4,0.9403
0.0,8,0.94074
0.0,6,0.941087
0.0,13,0.941743
0.0,8,0.942163
0.0,15,0.942907
0.0,7,0.943294
0.0,1,0.943405
0.0,1,0.943533
0.0,4,0.943781
0.0,8,0.944199
0.0,7,0.944603
0.0,12,0.945202
0.0,1,0.945314
0.0,8,0.945759
0.0,36,0.947443
0.0,19,0.948375
0.0,2,0.94855
0.0,9,0.94903
0.0,3,0.949231
1.0,15,0.949987
0.0,8,0.950409
0.0,16,0.951196
0.0,13,0.951893
0.0,5,0.952208
0.0,10,0.952731
0.0,17,0.953555
0.0,2,0.95372
0.0,12,0.954327
0.0,20,0.955315
1.0,38,0.957096
0.0,10,0.957633
0.0,11,0.95819
0.0,3,0.95839
0.0,10,0.95891
0.0,5,0.959206
0.0,17,0.960056
0.0,4,0.960307
0.0,6,0.960657
0.0,1,0.960771
0.0,5,0.961058
0.0,31,0.962529
0.0,5,0.962825
0.0,56,0.965432
1.0,8,0.965874
0.0,7,0.966256
0.0,2,0.966412
0.0,14,0.967123
0.0,60,0.969908
0.0,10,0.970461
0.0,15,0.971214
0.0,4,0.971462
0.0,21,0.972462
0.0,8,0.972902
0.0,14,0.97364
1.0,12,0.974234
0.0,13,0.974893
0.0,15,0.975652
0.0,8,0.976085
0.0,16,0.976869
0.0,16,0.977655
0.0,5,0.977952
0.0,4,0.978206
0.0,6,0.978558
0.0,33,0.980086
0.0,9,0.980569
0.0,3,0.980776
0.0,18,0.981664
0.0,14,0.982388
0.0,14,0.983089
0.0,13,0.983757
0.0,16,0.984567
0.0,29,0.985941
0.0,7,0.986351
0.0,13,0.987011
0.0,1,0.987123
0.0,4,0.987366
0.0,15,0.988103
0.0,20,0.989102
0.0,1,0.98922
0.0,11,0.989793
0.0,4,0.990041
0.0,26,0.991273
0.0,28,0.992622
0.0,4,0.992874
0.0,5,0.993164
0.0,26,0.994438
0.0,14,0.995148
0.0,6,0.99548
0.0,4,0.995737
0.0,10,0.996247
0.0,23,0.997371
0.0,10,0.9979
0.0,11,0.998462
0.0,12,0.999076
0.0,2,0.999239
0.0,6,0.999596
0.0,4,0.999854
0.0,9,1.000323
0.0,1,1.000434
0.0,10,1.000954
0.0,6,1.001287
0.0,4,1.001546
0.0,5,1.001849
0.0,6,1.002187
0.0,3,1.002399
0.0,9,1.002874
0.0,4,1.003119
0.0,5,1.003405
0.0,4,1.003664
0.0,9,1.004124
0.0,5,1.004423
1.0,15,1.005198
0.0,6,1.005553
0.0,5,1.005842
0.0,2,1.005998
0.0,6,1.006331
0.0,17,1.007165
0.0,5,1.00746
0.0,10,1.007981
0.0,19,1.008897
0.0,34,1.010536
0.0,9,1.011011
0.0,5,1.011302
0.0,13,1.01196
0.0,6,1.012305
0.0,9,1.012786
0.0,1,1.012906
0.0,7,1.013287
0.0,10,1.01381
0.0,7,1.014187
0.0,13,1.014849
0.0,24,1.016042
0.0,6,1.016376
0.0,9,1.016853
0.0,15,1.017603
0.0,28,1.018937
0.0,1,1.019051
0.0,11,1.019614
0.0,11,1.020171
0.0,7,1.020566
0.0,7,1.020956
0.0,7,1.021336
0.0,6,1.021689
0.0,4,1.021937
0.0,9,1.0224
0.0,1,1.022522
0.0,9,1.023001
0.0,30,1.024438
1.0,14,1.025149
0.0,10,1.025685
0.0,4,1.025955
1.0,29,1.027319
0.0,5,1.027627
0.0,8,1.028056
0.0,2,1.028218
0.0,16,1.029006
0.0,5,1.029298
0.0,10,1.029826
0.0,5,1.030114
0.0,1,1.030225
0.0,10,1.030752
0.0,8,1.031182
0.0,8,1.03163
0.0,5,1.031924
0.0,2,1.032117
0.0,4,1.03236
0.0,3,1.032571
0.0,2,1.032728
0.0,8,1.033144
0.0,2,1.033301
0.0,2,1.033464
0.0,18,1.034369
0.0,1,1.034482
0.0,6,1.034835
0.0,6,1.035169
0.0,6,1.035512
0.0,6,1.035846
0.0,3,1.036053
0.0,14,1.036762
0.0,4,1.037009
0.0,5,1.037298
0.0,5,1.037604
0.0,5,1.037899
0.0,6,1.038233
0.0,1,1.038346
0.0,6,1.038704
0.0,3,1.039082
1.0,12,1.039719
0.0,24,1.040859
0.0,6,1.041194
0.0,5,1.041503
0.0,15,1.042248
0.0,9,1.042729
0.0,23,1.043834
0.0,30,1.045259
0.0,3,1.04547
0.0,18,1.04634
0.0,8,1.046785
0.0,4,1.047038
0.0,10,1.04758
0.0,24,1.048719
0.0,3,1.048921
0.0,11,1.049482
0.0,8,1.049953
0.0,3,1.050156
0.0,1,1.050268
0.0,12,1.050917
0.0,14,1.051619
0.0,1,1.051732
0.0,1,1.051842
0.0,4,1.052096
0.0,13,1.052762
0.0,13,1.053406
0.0,6,1.053761
0.0,9,1.054229
0.0,12,1.054852
0.0,17,1.055704
1.0,15,1.056435
0.0,15,1.057175
0.0,6,1.057537
0.0,14,1.058252
0.0,16,1.059038
0.0,4,1.059286
0.0,19,1.06021
0.0,7,1.060625
0.0,6,1.060962
0.0,22,1.062018
0.0,4,1.062264
0.0,2,1.062423
0.0,14,1.063133
0.0,7,1.063541
0.0,2,1.063702
0.0,10,1.064214
0.0,11,1.064797
0.0,3,1.064999
0.0,21,1.066024
0.0,9,1.066513
0.0,8,1.066944
0.0,13,1.067603
0.0,5,1.067895
0.0,4,1.068148
0.0,9,1.068636
1.0,9,1.069117
0.0,8,1.069566
0.0,5,1.069859
0.0,5,1.070148
0.0,1,1.070259
0.0,7,1.070648
0.0,24,1.071809
0.0,12,1.072413
0.0,2,1.072583
0.0,9,1.073044
0.0,17,1.073879
0.0,18,1.074796
0.0,15,1.075546
0.0,2,1.075703
0.0,15,1.076446
0.0,7,1.076862
0.0,2,1.077027
0.0,13,1.077688
0.0,3,1.077893
0.0,1,1.078003
0.0,1,1.078115
0.0,5,1.078401
0.0,19,1.079328
0.0,2,1.07952
0.0,9,1.079997
0.0,7,1.080376
0.0,2,1.08055
0.0,20,1.081513
0.0,4,1.081766
0.0,5,1.082059
0.0,1,1.082205
0.0,18,1.083088
1.0,18,1.083975
0.0,19,1.084916
0.0,2,1.085081
0.0,16,1.085876
0.0,15,1.086615
0.0,4,1.08686
0.0,4,1.087108
0.0,4,1.08736
0.0,8,1.0878
0.0,4,1.088058
0.0,15,1.088801
0.0,14,1.089485
0.0,13,1.090149
0.0,8,1.090619
0.0,10,1.091134
0.0,2,1.091293
0.0,3,1.09151
0.0,1,1.091624
0.0,18,1.092477
0.0,6,1.092834
0.0,9,1.093311
1.0,14,1.09401
0.0,26,1.095246
0.0,13,1.095917
0.0,26,1.097157
0.0,5,1.09745
0.0,17,1.098288
0.0,4,1.098574
0.0,4,1.098836
0.0,5,1.099129
0.0,4,1.099375
0.0,18,1.100247
0.0,16,1.101046
0.0,13,1.10172
0.0,5,1.10201
0.0,9,1.102473
0.0,7,1.102857
0.0,11,1.10341
0.0,15,1.104176
0.0,1,1.104292
0.0,4,1.10456
0.0,34,1.106148
0.0,4,1.106402
1.0,7,1.106799
0.0,11,1.107356
0.0,9,1.107837
0.0,51,1.110191
0.0,67,1.113307
0.0,5,1.11363
0.0,8,1.11405
0.0,25,1.115263
0.0,16,1.116059
0.0,10,1.116577
0.0,12,1.117189
0.0,13,1.117852
0.0,8,1.118279
0.0,4,1.118538
0.0,2,1.118701
0.0,15,1.119429
0.0,10,1.119962
0.0,4,1.12021
0.0,4,1.120468
0.0,5,1.120765
0.0,28,1.122082
0.0,16,1.122883
0.0,2,1.123045
0.0,6,1.123389
0.0,1,1.123514
0.0,21,1.12453
0.0,8,1.12495
0.0,3,1.125162
0.0,13,1.125829
0.0,7,1.12621
0.0,1,1.126321
0.0,12,1.12693
0.0,2,1.127086
0.0,1,1.127196
0.0,10,1.127723
0.0,8,1.128153
0.0,19,1.129108
0.0,16,1.129904
0.0,16,1.130706
0.0,4,1.130955
0.0,1,1.13107
0.0,8,1.131515
0.0,17,1.132373
0.0,4,1.132629
0.0,31,1.134103
0.0,7,1.134483
0.0,7,1.134885
0.0,25,1.136075
0.0,2,1.136241
0.0,3,1.136444
0.0,19,1.137367
0.0,3,1.137589
0.0,5,1.137877
0.0,5,1.138165
0.0,11,1.138739
0.0,10,1.139256
1.0,18,1.140321
0.0,12,1.140939
0.0,4,1.141184
0.0,19,1.142114
0.0,9,1.142613
0.0,5,1.142906
0.0,2,1.143062
0.0,13,1.143715
0.0,6,1.144049
1.0,31,1.145538
0.0,11,1.146099
0.0,7,1.146472
0.0,9,1.146961
1.0,23,1.148095
0.0,8,1.148538
0.0,2,1.148698
0.0,15,1.149425
0.0,9,1.149913
0.0,12,1.150544
0.0,7,1.150925
0.0,11,1.15148
0.0,5,1.15178
0.0,6,1.152109
0.0,7,1.152507
0.0,9,1.152992
0.0,6,1.153328
0.0,3,1.15354
0.0,4,1.153789
0.0,2,1.153945
0.0,5,1.154235
0.0,8,1.154679
0.0,12,1.155283
0.0,4,1.155546
0.0,18,1.156414
0.0,6,1.156765
0.0,7,1.157139
0.0,4,1.157381
0.0,26,1.158646
0.0,3,1.158852
1.0,14,1.159545
0.0,2,1.159705
0.0,3,1.159903
0.0,6,1.160232
0.0,7,1.160632
0.0,12,1.161249
0.0,10,1.16177
0.0,12,1.162364
0.0,6,1.162714
0.0,6,1.163052
0.0,5,1.163349
0.0,4,1.163611
0.0,8,1.164047
0.0,13,1.164719
0.0,4,1.164968
0.0,2,1.165126
0.0,22,1.166182
1.0,18,1.167077
0.0,4,1.167327
0.0,24,1.168453
0.0,39,1.170304
0.0,9,1.17079
0.0,1,1.170902
0.0,1,1.171012
0.0,1,1.171122
0.0,4,1.171374
0.0,15,1.172132
0.0,3,1.172338
0.0,8,1.172781
0.0,10,1.173348
0.0,1,1.173459
0.0,9,1.173942
0.0,13,1.174623
0.0,1,1.174744
0.0,18,1.175621
0.0,12,1.176221
0.0,1,1.176332
0.0,12,1.176958
0.0,2,1.177123
0.0,23,1.178234
0.0,2,1.178393
0.0,4,1.178655
0.0,9,1.179116
0.0,21,1.180147
0.0,14,1.180862
0.0,1,1.181006
0.0,8,1.181432
0.0,12,1.182042
0.0,3,1.182252
0.0,3,1.182488
0.0,3,1.18273
0.0,5,1.183024
0.0,21,1.184042
0.0,2,1.1842
0.0,9,1.184692
0.0,7,1.185083
1.0,22,1.186161
0.0,4,1.186411
0.0,15,1.187158
0.0,12,1.187781
0.0,12,1.1884
0.0,9,1.188883
0.0,15,1.189626
0.0,15,1.190358
0.0,3,1.190581
0.0,12,1.191193
0.0,6,1.19154
0.0,9,1.192004
0.0,7,1.192378
0.0,4,1.192639
0.0,4,1.192887
0.0,20,1.193861
0.0,16,1.194662
0.0,2,1.194819
0.0,10,1.195326
0.0,26,1.196607
0.0,25,1.197808
0.0,20,1.198791
0.0,10,1.19932
0.0,13,1.199973
0.0,32,1.201472
0.0,10,1.202009
0.0,34,1.203603
0.0,4,1.203859
0.0,19,1.204827
0.0,5,1.205122
0.0,2,1.205284
0.0,4,1.205539
0.0,5,1.205831
0.0,2,1.205987
0.0,4,1.206229
0.0,2,1.206392
0.0,8,1.206844
0.0,1,1.206957
0.0,1,1.20707
0.0,12,1.207681
0.0,5,1.207978
0.0,27,1.209253
1.0,34,1.210888
0.0,20,1.211858
0.0,9,1.21233
0.0,6,1.212685
1.0,10,1.213202
0.0,6,1.21355
0.0,11,1.2141
0.0,1,1.214212
0.0,7,1.214621
1.0,23,1.215735
0.0,6,1.216077
0.0,18,1.216952
0.0,5,1.217309
1.0,47,1.219511
0.0,8,1.219941
0.0,2,1.220104
0.0,5,1.220399
0.0,7,1.220795
0.0,4,1.221044
0.0,2,1.221202
0.0,3,1.221406
1.0,22,1.222454
0.0,13,1.223127
0.0,8,1.223574
0.0,4,1.223819
1.0,22,1.224881
0.0,2,1.225041
0.0,1,1.225153
0.0,11,1.225728
0.0,5,1.226021
0.0,7,1.226403
0.0,7,1.226801
0.0,9,1.227266
0.0,18,1.228144
0.0,9,1.228635
0.0,8,1.229066
0.0,6,1.229399
0.0,2,1.229573
0.0,7,1.229948
0.0,5,1.230239
0.0,15,1.230994
0.0,20,1.231972
0.0,22,1.233066
0.0,8,1.233512
0.0,16,1.234302
0.0,8,1.234749
0.0,1,1.234868
0.0,9,1.235328
0.0,17,1.236168
0.0,3,1.236377
0.0,8,1.236829
0.0,6,1.237164
0.0,13,1.237828
0.0,5,1.238121
0.0,4,1.238364
0.0,6,1.238713
0.0,9,1.239189
0.0,5,1.239501
0.0,38,1.241441
0.0,1,1.241575
0.0,3,1.241779
0.0,4,1.242049
0.0,5,1.242345
0.0,12,1.24296
0.0,5,1.243253
0.0,5,1.243554
0.0,17,1.244375
0.0,8,1.244827
0.0,2,1.244997
0.0,17,1.245826
0.0,3,1.246026
0.0,11,1.246596
0.0,2,1.246758
0.0,11,1.247323
0.0,1,1.247435
0.0,8,1.247869
0.0,11,1.248427
0.0,6,1.248777
0.0,1,1.248892
0.0,2,1.249049
0.0,12,1.24967
0.0,5,1.249963
0.0,7,1.25035
0.0,8,1.250789
0.0,1,1.250901
0.0,2,1.25106
0.0,2,1.251216
0.0,6,1.251559
0.0,8,1.251979
0.0,6,1.252317
0.0,5,1.252625
0.0,8,1.253063
1.0,19,1.253981
0.0,1,1.254094
0.0,37,1.255836
1.0,14,1.256542
0.0,38,1.258309
0.0,1,1.258429
0.0,11,1.258997
0.0,6,1.259337
0.0,1,1.259449
0.0,7,1.259835
0.0,9,1.260295
0.0,17,1.261137
0.0,10,1.261675
0.0,1,1.261789
0.0,6,1.262122
0.0,8,1.262564
0.0,16,1.263348
0.0,2,1.263517
0.0,2,1.263676
0.0,1,1.263787
0.0,52,1.266207
1.0,48,1.268423
0.0,7,1.268833
0.0,14,1.269552
0.0,12,1.270154
0.0,13,1.27081
0.0,4,1.271056
0.0,4,1.271306
0.0,27,1.272615
0.0,2,1.272777
0.0,12,1.273377
0.0,6,1.273724
0.0,2,1.273882
0.0,10,1.2744
0.0,17,1.27525
0.0,1,1.275364
0.0,5,1.275665
0.0,7,1.276046
0.0,13,1.276708
0.0,4,1.27696
0.0,3,1.277162
0.0,8,1.27761
0.0,7,1.277987
0.0,2,1.278142
0.0,8,1.278576
0.0,4,1.278826
0.0,14,1.279534
0.0,30,1.28096
0.0,2,1.281123
0.0,6,1.281454
0.0,11,1.282017
0.0,8,1.282498
0.0,7,1.282902
0.0,4,1.283152
0.0,2,1.283309
0.0,4,1.283571
0.0,6,1.283905
0.0,9,1.284366
1.0,20,1.285361
0.0,3,1.285585
0.0,20,1.286546
0.0,7,1.286931
0.0,13,1.287597
0.0,21,1.288625
0.0,1,1.28874
0.0,11,1.289294
0.0,7,1.289683
0.0,19,1.290622
0.0,22,1.291672
0.0,8,1.292094
0.0,10,1.292627
0.0,35,1.294293
0.0,1,1.294409
0.0,33,1.29599
0.0,7,1.296381
0.0,17,1.297212
0.0,2,1.297372
0.0,17,1.298205
0.0,4,1.298455
0.0,2,1.298635
0.0,10,1.299151
0.0,24,1.30029
0.0,6,1.300639
0.0,15,1.301379
0.0,21,1.302398
0.0,3,1.302623
0.0,27,1.303897
0.0,13,1.304577
0.0,15,1.305335
0.0,21,1.306344
0.0,1,1.306456
0.0,1,1.30658
0.0,10,1.307094
0.0,4,1.307343
0.0,3,1.307563
0.0,3,1.307767
0.0,50,1.310104
0.0,2,1.310264
0.0,1,1.310375
0.0,5,1.310687
0.0,30,1.312148
0.0,6,1.312498
0.0,6,1.312844
0.0,8,1.313266
0.0,11,1.313833
0.0,6,1.314175
0.0,7,1.314581
0.0,12,1.31521
0.0,12,1.315822
0.0,6,1.316157
0.0,11,1.31673
0.0,12,1.317342
0.0,4,1.317603
0.0,1,1.317719
0.0,7,1.318113
0.0,25,1.31934
0.0,9,1.319876
0.0,4,1.320137
0.0,17,1.320984
0.0,7,1.321377
0.0,8,1.32183
0.0,21,1.322864
0.0,21,1.323883
0.0,4,1.324132
0.0,1,1.324243
0.0,11,1.324823
0.0,17,1.325662
0.0,10,1.326195
0.0,12,1.32684
0.0,4,1.327111
0.0,2,1.32727
0.0,32,1.328784
0.0,3,1.32899
0.0,1,1.329102
0.0,4,1.329347
0.0,9,1.329821
0.0,3,1.330022
0.0,29,1.331394
0.0,15,1.33214
0.0,1,1.332255
1.0,10,1.332808
0.0,2,1.333004
0.0,9,1.333468
0.0,7,1.333855
0.0,18,1.334737
0.0,5,1.335027
0.0,1,1.335143
0.0,5,1.335432
0.0,26,1.336681
0.0,1,1.336796
0.0,7,1.337173
0.0,22,1.338229
0.0,13,1.3389
0.0,11,1.339449
0.0,3,1.339662
0.0,5,1.340109
0.0,8,1.340557
0.0,9,1.34104
0.0,17,1.341872
0.0,2,1.342033
0.0,8,1.342452
0.0,1,1.342577
0.0,4,1.342824
0.0,1,1.342939
0.0,11,1.343505
0.0,4,1.343755
0.0,6,1.344095
0.0,14,1.3448
0.0,9,1.345263
0.0,8,1.34571
0.0,11,1.34628
1.0,11,1.346859
0.0,8,1.347281
0.0,4,1.347538
0.0,4,1.347783
0.0,2,1.347941
0.0,2,1.348101
0.0,14,1.348833
0.0,6,1.349172
0.0,1,1.349283
0.0,4,1.349542
0.0,6,1.349878
0.0,16,1.350663
0.0,34,1.352264
0.0,7,1.352659
0.0,4,1.352909
0.0,3,1.353111
0.0,5,1.353408
0.0,5,1.353711
0.0,6,1.354059
0.0,20,1.355036
0.0,13,1.355691
0.0,11,1.356261
0.0,4,1.356529
0.0,5,1.356823
0.0,1,1.356934
0.0,12,1.357545
0.0,9,1.358011
0.0,2,1.358169
0.0,4,1.358414
0.0,8,1.358862
0.0,6,1.3592
0.0,18,1.360082
0.0,4,1.360331
0.0,3,1.360545
0.0,6,1.36088
0.0,4,1.361125
0.0,2,1.361287
0.0,6,1.361636
0.0,8,1.362074
0.0,12,1.362692
0.0,4,1.362937
0.0,6,1.363267
0.0,4,1.363521
0.0,8,1.363959
0.0,2,1.364117
0.0,10,1.364693
0.0,7,1.365136
0.0,12,1.365745
0.0,4,1.365993
0.0,4,1.366236
0.0,11,1.366833
0.0,2,1.366994
0.0,15,1.367741
0.0,1,1.367856
0.0,2,1.368012
0.0,15,1.368759
0.0,8,1.369185
0.0,11,1.369765
0.0,3,1.369979
0.0,9,1.370445
0.0,3,1.370658
0.0,12,1.371256
0.0,4,1.371509
0.0,13,1.372164
0.0,18,1.373072
0.0,7,1.373449
0.0,3,1.37366
0.0,14,1.374341
0.0,7,1.374757
0.0,23,1.375871
0.0,8,1.376291
0.0,22,1.377352
0.0,6,1.377704
0.0,5,1.378003
0.0,5,1.378293
0.0,15,1.379044
0.0,2,1.379201
0.0,8,1.379633
0.0,5,1.379933
0.0,9,1.380398
0.0,6,1.380758
0.0,6,1.381094
0.0,7,1.381471
0.0,14,1.382157
1.0,11,1.382781
0.0,4,1.383034
0.0,1,1.383156
0.0,3,1.383357
0.0,8,1.383793
0.0,9,1.384258
0.0,13,1.384924
0.0,7,1.385311
0.0,16,1.386108
0.0,14,1.38681
0.0,2,1.38697
0.0,2,1.387127
0.0,2,1.387283
0.0,8,1.387725
0.0,17,1.388585
0.0,18,1.389446
0.0,10,1.389963
0.0,31,1.391431
0.0,14,1.392128
0.0,5,1.392417
0.0,4,1.392675
0.0,8,1.393112
0.0,2,1.393272
0.0,5,1.393575
0.0,24,1.394737
0.0,3,1.394939
0.0,1,1.395051
0.0,1,1.39516
0.0,1,1.39527
0.0,5,1.395578
0.0,40,1.397466
1.0,16,1.398262
0.0,7,1.398681
0.0,3,1.398892
0.0,2,1.399047
0.0,14,1.39974
0.0,1,1.399854
0.0,7,1.40023
1.0,16,1.401031
0.0,10,1.401569
0.0,3,1.401772
0.0,6,1.402104
0.0,3,1.402308
0.0,2,1.402466
0.0,8,1.402896
0.0,8,1.403321
0.0,3,1.403542
0.0,3,1.403746
0.0,11,1.404331
0.0,13,1.404999
0.0,1,1.405113
0.0,16,1.4059
0.0,9,1.406378
0.0,6,1.406743
0.0,3,1.40695
0.0,10,1.407459
0.0,18,1.40833
0.0,28,1.409685
1.0,24,1.410825
0.0,6,1.411161
0.0,3,1.411368
0.0,6,1.411722
0.0,12,1.412334
0.0,6,1.412686
0.0,6,1.413022
0.0,7,1.413398
0.0,10,1.413924
0.0,4,1.414179
0.0,19,1.415148
0.0,10,1.415678
0.0,1,1.415792
0.0,2,1.415951
0.0,9,1.416416
0.0,6,1.416772
0.0,9,1.417245
0.0,7,1.417649
0.0,1,1.417761
0.0,3,1.417963
0.0,2,1.418118
0.0,2,1.418273
0.0,3,1.418472
0.0,9,1.418946
0.0,4,1.419194
0.0,4,1.419447
0.0,2,1.419621
0.0,1,1.419736
0.0,17,1.42057
0.0,9,1.421043
0.0,13,1.421699
0.0,1,1.421814
0.0,7,1.422199
0.0,9,1.422681
0.0,4,1.42293
0.0,26,1.424166
0.0,14,1.424883
0.0,8,1.425485
0.0,4,1.425748
0.0,3,1.42595
0.0,10,1.426459
0.0,3,1.426671
0.0,9,1.427137
0.0,6,1.42748
0.0,5,1.427814
0.0,45,1.429898
0.0,25,1.431126
0.0,8,1.431593
0.0,30,1.433046
0.0,6,1.433393
0.0,21,1.434416
0.0,12,1.435032
0.0,2,1.435191
0.0,11,1.435769
0.0,9,1.436261
0.0,6,1.436608
0.0,9,1.437076
0.0,4,1.43732
0.0,9,1.437806
0.0,9,1.438282
0.0,8,1.438747
0.0,16,1.439546
0.0,2,1.439705
0.0,13,1.440538
0.0,1,1.440651
0.0,4,1.440904
0.0,5,1.441199
0.0,4,1.441447
0.0,7,1.441847
0.0,24,1.442992
0.0,6,1.443326
0.0,5,1.443639
0.0,10,1.444157
0.0,4,1.444416
0.0,9,1.444902
0.0,18,1.445779
0.0,5,1.44607
0.0,5,1.446366
0.0,3,1.446588
0.0,12,1.447198
0.0,4,1.447441
0.0,1,1.447565
0.0,27,1.44883
0.0,14,1.449569
0.0,22,1.450629
0.0,16,1.451397
0.0,38,1.453211
0.0,2,1.453376
1.0,9,1.453854
0.0,10,1.45437
0.0,3,1.454599
0.0,19,1.455554
0.0,4,1.455804
0.0,12,1.456398
0.0,1,1.45652
0.0,4,1.456765
0.0,9,1.457237
0.0,11,1.457823
0.0,4,1.458069
0.0,1,1.45818
0.0,18,1.459056
0.0,10,1.459582
0.0,8,1.460014
0.0,1,1.46013
0.0,1,1.460242
0.0,1,1.460354
0.0,4,1.460622
0.0,13,1.461271
0.0,19,1.46219
0.0,6,1.462546
0.0,15,1.463294
0.0,10,1.463823
0.0,21,1.464848
0.0,18,1.465734
0.0,11,1.466303
0.0,28,1.467627
0.0,9,1.468105
1.0,23,1.469204
0.0,4,1.469453
0.0,8,1.469885
0.0,15,1.470637
0.0,10,1.471157
0.0,11,1.471739
1.0,10,1.472257
0.0,6,1.472599
0.0,23,1.473705
0.0,3,1.473914
0.0,25,1.475121
0.0,2,1.475278
0.0,3,1.475478
0.0,1,1.475603
0.0,5,1.475893
0.0,4,1.476149
0.0,9,1.476633
0.0,1,1.476748
1.0,11,1.477297
0.0,20,1.478262
0.0,5,1.478566
0.0,7,1.478958
0.0,19,1.479898
0.0,11,1.48046
0.0,18,1.481335
0.0,1,1.48145
0.0,9,1.481963
0.0,4,1.482218
0.0,2,1.482378
1.0,20,1.483378
0.0,3,1.483596
0.0,6,1.483928
0.0,7,1.484314
0.0,10,1.484851
0.0,20,1.485828
0.0,16,1.486608
0.0,19,1.487554
0.0,14,1.488243
0.0,27,1.489526
0.0,15,1.490268
0.0,4,1.49054
0.0,11,1.491096
0.0,8,1.491534
0.0,14,1.492224
0.0,5,1.492532
0.0,7,1.492916
0.0,6,1.493264
0.0,2,1.493423
0.0,7,1.49382
0.0,3,1.49402
0.0,4,1.494263
0.0,9,1.49476
0.0,9,1.495235
0.0,14,1.495972
0.0,9,1.496439
0.0,1,1.496566
0.0,23,1.497655
0.0,7,1.498045
0.0,3,1.498248
0.0,2,1.498425
0.0,11,1.498997
0.0,20,1.499961
0.0,4,1.500206
0.0,11,1.500782
0.0,9,1.501262
0.0,24,1.502404
0.0,3,1.502618
0.0,3,1.502821
0.0,7,1.503201
0.0,16,1.50402
0.0,13,1.504694
0.0,12,1.505288
0.0,7,1.50568
0.0,1,1.505792
0.0,8,1.506224
0.0,7,1.506648
0.0,13,1.507293
0.0,6,1.507649
0.0,6,1.507984
0.0,28,1.509308
0.0,7,1.509714
0.0,11,1.510267
0.0,7,1.510656
0.0,7,1.511032
0.0,21,1.512079
0.0,8,1.512517
0.0,22,1.513566
0.0,16,1.514347
1.0,25,1.515586
0.0,9,1.516057
1.0,10,1.516573
0.0,3,1.516773
0.0,1,1.516886
0.0,5,1.517189
0.0,17,1.518062
0.0,6,1.518404
0.0,17,1.519228
0.0,17,1.520076
0.0,5,1.520371
0.0,6,1.520722
0.0,7,1.52111
0.0,1,1.521221
0.0,13,1.521877
0.0,24,1.523032
0.0,5,1.523336
0.0,1,1.523449
0.0,10,1.523974
0.0,10,1.524481
0.0,7,1.524876
0.0,4,1.525121
0.0,4,1.525375
0.0,18,1.526284
0.0,11,1.526859
0.0,13,1.527513
0.0,1,1.527626
0.0,5,1.527923
0.0,6,1.528265
0.0,3,1.528488
0.0,4,1.52875
0.0,4,1.528993
0.0,2,1.529148
0.0,13,1.529808
0.0,11,1.530428
0.0,2,1.530607
0.0,4,1.530857
0.0,1,1.530968
0.0,21,1.532021
0.0,3,1.532232
0.0,3,1.532434
0.0,25,1.53368
0.0,21,1.534716
0.0,5,1.535009
0.0,7,1.535386
0.0,8,1.53582
0.0,17,1.536662
0.0,37,1.538383
0.0,8,1.53883
0.0,19,1.53977
0.0,43,1.541769
0.0,3,1.541979
0.0,29,1.54335
0.0,5,1.543713
0.0,16,1.544514
0.0,1,1.54463
0.0,10,1.54515
1.0,7,1.545715
0.0,10,1.546224
0.0,1,1.546337
0.0,13,1.546991
0.0,17,1.547847
0.0,15,1.548591
0.0,2,1.548751
0.0,27,1.550031
0.0,24,1.551186
0.0,5,1.551482
0.0,16,1.552263
0.0,10,1.552795
0.0,7,1.553178
0.0,8,1.553622
0.0,34,1.555209
0.0,1,1.55533
0.0,5,1.55564
0.0,14,1.556343
0.0,2,1.556512
0.0,18,1.557377
0.0,16,1.558174
0.0,8,1.558619
0.0,21,1.559633
0.0,10,1.56014
0.0,7,1.560529
0.0,4,1.560786
0.0,13,1.561443
0.0,4,1.561731
0.0,8,1.562155
0.0,14,1.562851
0.0,17,1.563694
0.0,15,1.564458
0.0,53,1.566977
0.0,10,1.567518
0.0,11,1.568072
0.0,10,1.568595
0.0,4,1.568874
0.0,6,1.569221
0.0,11,1.5698
0.0,5,1.570089
0.0,21,1.571094
0.0,30,1.572533
0.0,4,1.572782
0.0,3,1.572989
0.0,1,1.5731
0.0,5,1.573392
0.0,13,1.574045
0.0,6,1.574382
0.0,24,1.575572
0.0,1,1.575686
0.0,6,1.576029
0.0,12,1.576638
0.0,5,1.576928
0.0,3,1.57713
0.0,10,1.577669
0.0,6,1.578019
0.0,8,1.578446
0.0,4,1.578705
0.0,11,1.579259
0.0,20,1.580236
0.0,9,1.580727
0.0,1,1.580842
0.0,7,1.581222
0.0,5,1.58152
0.0,5,1.581814
0.0,21,1.582824
0.0,4,1.583112
0.0,13,1.583777
0.0,3,1.583984
0.0,14,1.584697
0.0,14,1.585377
0.0,7,1.585778
0.0,1,1.585893
0.0,16,1.5867
0.0,16,1.587473
0.0,7,1.587861
0.0,3,1.588062
0.0,6,1.588405
0.0,10,1.588941
0.0,2,1.589099
0.0,1,1.58921
1.0,14,1.589918
0.0,4,1.590164
0.0,8,1.590593
0.0,4,1.590838
0.0,19,1.591775
0.0,2,1.591935
0.0,3,1.59214
0.0,10,1.592669
0.0,13,1.593307
0.0,21,1.594331
0.0,6,1.594704
0.0,13,1.595345
0.0,9,1.595821
0.0,17,1.596662
0.0,9,1.597137
0.0,14,1.597848
1.0,13,1.598504
0.0,6,1.598838
0.0,15,1.59959
0.0,7,1.599983
0.0,7,1.600365
0.0,2,1.600536
0.0,9,1.601
0.0,17,1.601826
0.0,3,1.602039
0.0,5,1.602337
0.0,7,1.60273
0.0,8,1.603155
0.0,9,1.60364
0.0,5,1.603932
0.0,15,1.604686
0.0,12,1.605297
1.0,25,1.60651
0.0,8,1.60693
0.0,27,1.608216
0.0,1,1.608341
0.0,17,1.609176
0.0,5,1.609468
0.0,8,1.609897
0.0,28,1.611255
0.0,8,1.611696
0.0,14,1.612379
0.0,32,1.613898
0.0,5,1.614195
0.0,18,1.615085
0.0,8,1.615515
0.0,10,1.616032
0.0,46,1.618183
0.0,14,1.618901
1.0,10,1.619429
0.0,5,1.61973
0.0,4,1.619979
0.0,12,1.620586
0.0,12,1.621184
0.0,17,1.622042
0.0,7,1.622424
0.0,2,1.622601
0.0,28,1.623906
0.0,1,1.624021
1.0,15,1.624793
0.0,26,1.626041
0.0,31,1.627519
0.0,12,1.628128
0.0,20,1.62909
0.0,6,1.629428
0.0,10,1.629964
0.0,1,1.63008
0.0,15,1.630836
0.0,4,1.631089
0.0,13,1.63174
0.0,3,1.631941
0.0,11,1.632515
0.0,4,1.632766
0.0,1,1.632879
0.0,1,1.633039
0.0,1,1.633153
0.0,6,1.633485
0.0,6,1.633831
0.0,2,1.633987
0.0,2,1.634145
0.0,3,1.634346
0.0,22,1.635417
0.0,9,1.635927
0.0,28,1.637239
0.0,12,1.637857
0.0,4,1.638112
0.0,7,1.638503
0.0,8,1.638932
0.0,17,1.639767
0.0,22,1.640826
0.0,12,1.641441
0.0,14,1.642143
0.0,9,1.642621
0.0,44,1.644687
0.0,7,1.645073
0.0,4,1.645321
0.0,3,1.645532
0.0,18,1.646401
0.0,4,1.646664
0.0,2,1.646826
0.0,15,1.64758
0.0,21,1.648587
0.0,33,1.650128
0.0,12,1.650754
0.0,11,1.651308
0.0,9,1.651794
0.0,7,1.652178
0.0,19,1.653113
0.0,11,1.65368
1.0,20,1.65466
0.0,6,1.654999
0.0,27,1.656289
0.0,7,1.656688
0.0,6,1.657021
0.0,1,1.657132
0.0,6,1.657691
0.0,8,1.658133
0.0,6,1.658472
0.0,11,1.659037
0.0,4,1.659282
0.0,3,1.659485
0.0,5,1.659784
0.0,2,1.659946
0.0,14,1.66066
0.0,2,1.660824
0.0,7,1.6612
0.0,12,1.661813
0.0,9,1.662277
0.0,11,1.662852
0.0,13,1.663526
0.0,7,1.663904
0.0,4,1.664151
0.0,15,1.664902
0.0,3,1.665104
0.0,2,1.665259
0.0,9,1.66575
0.0,3,1.665956
0.0,4,1.666206
0.0,3,1.666414
0.0,11,1.666986
0.0,7,1.667362
0.0,5,1.667661
0.0,1,1.667773
0.0,13,1.668424
0.0,14,1.669143
0.0,11,1.669714
0.0,1,1.669826
0.0,2,1.669981
0.0,6,1.670312
0.0,9,1.670791
0.0,30,1.672217
1.0,20,1.673192
0.0,12,1.673816
0.0,5,1.674111
0.0,10,1.67466
0.0,20,1.675624
0.0,8,1.676044
0.0,9,1.676528
0.0,3,1.676735
0.0,31,1.678198
0.0,5,1.678498
0.0,9,1.678968
0.0,8,1.679396
0.0,19,1.68033
0.0,17,1.681163
0.0,3,1.681364
0.0,15,1.682121
0.0,8,1.682569
0.0,4,1.682817
0.0,4,1.683096
0.0,1,1.683208
0.0,10,1.683734
1.0,18,1.684618
0.0,5,1.684922
0.0,3,1.685127
0.0,23,1.686248
0.0,15,1.686995
0.0,4,1.687241
0.0,5,1.687554
0.0,22,1.688626
0.0,11,1.689184
0.0,28,1.690525
0.0,5,1.690821
0.0,28,1.692145
0.0,10,1.692668
0.0,6,1.69301
0.0,9,1.693518
0.0,17,1.69435
0.0,9,1.694837
0.0,24,1.696
0.0,24,1.697181
0.0,15,1.69792
0.0,5,1.698214
0.0,16,1.699014
0.0,19,1.699947
0.0,9,1.70041
0.0,5,1.700711
0.0,21,1.701734
0.0,4,1.701995
0.0,6,1.70233
0.0,6,1.70268
0.0,15,1.703405
0.0,13,1.704067
0.0,9,1.704568
0.0,5,1.704863
0.0,10,1.705372
0.0,21,1.706409
0.0,16,1.707209
0.0,10,1.707749
0.0,6,1.708088
0.0,11,1.708655
0.0,6,1.708989
0.0,5,1.70928
0.0,6,1.709633
0.0,2,1.709796
0.0,33,1.711348
0.0,2,1.711517
0.0,5,1.711807
0.0,6,1.712144
0.0,2,1.712307
0.0,16,1.713106
0.0,7,1.7135
0.0,13,1.714144
0.0,11,1.714717
0.0,19,1.715656
0.0,5,1.715947
0.0,6,1.716285
0.0,5,1.716588
0.0,16,1.717357
0.0,4,1.717616
0.0,15,1.718393
0.0,6,1.718744
0.0,4,1.718999
0.0,3,1.719203
0.0,1,1.719313
0.0,2,1.71947
0.0,5,1.719769
0.0,28,1.721127
0.0,7,1.721526
0.0,3,1.721733
0.0,10,1.72224
0.0,1,1.72235
0.0,19,1.723276
0.0,9,1.723758
0.0,4,1.724012
0.0,9,1.724478
0.0,7,1.724876
0.0,21,1.72588
0.0,15,1.726671
0.0,20,1.727649
0.0,18,1.728514
0.0,6,1.728861
0.0,6,1.729202
0.0,2,1.729368
0.0,7,1.729758
0.0,19,1.730673
0.0,7,1.731059
0.0,12,1.73168
0.0,6,1.73202
0.0,8,1.732451
0.0,4,1.732717
0.0,3,1.732918
0.0,8,1.733371
1.0,16,1.734163
0.0,4,1.734412
0.0,4,1.734684
0.0,1,1.734806
0.0,4,1.735053
0.0,4,1.735296
0.0,7,1.735691
0.0,5,1.735982
0.0,7,1.736356
0.0,1,1.73651
0.0,7,1.736898
0.0,2,1.73706
0.0,2,1.737217
0.0,8,1.737683
0.0,5,1.737975
0.0,1,1.738086
0.0,5,1.738377
1.0,19,1.739285
0.0,1,1.739399
0.0,36,1.74111
0.0,3,1.741319
0.0,9,1.741797
0.0,7,1.74218
0.0,5,1.742478
0.0,4,1.742743
0.0,5,1.743046
0.0,14,1.743748
1.0,8,1.744172
0.0,6,1.744528
0.0,33,1.746098
0.0,13,1.746769
0.0,16,1.747558
0.0,15,1.7483
0.0,5,1.748622
0.0,5,1.748917
0.0,1,1.749029
0.0,1,1.749144
0.0,17,1.749976
0.0,6,1.750315
0.0,6,1.750677
0.0,18,1.75159
0.0,6,1.75193
0.0,4,1.752178
0.0,27,1.753468
0.0,34,1.755087
0.0,13,1.755741
0.0,4,1.755996
0.0,2,1.756159
0.0,15,1.756946
0.0,10,1.757463
0.0,3,1.757831
0.0,1,1.757947
0.0,3,1.758148
0.0,13,1.758824
1.0,49,1.761115
0.0,1,1.761232
0.0,6,1.761591
0.0,11,1.762161
0.0,7,1.762558
0.0,27,1.763839
0.0,11,1.764404
0.0,26,1.765672
0.0,12,1.766274
0.0,3,1.766477
0.0,2,1.766663
0.0,17,1.767528
0.0,8,1.767962
0.0,8,1.768391
0.0,14,1.769093
0.0,19,1.770034
0.0,11,1.770618
0.0,5,1.770915
0.0,17,1.771746
0.0,16,1.772544
0.0,9,1.773017
0.0,9,1.773499
0.0,1,1.773614
0.0,9,1.774086
0.0,6,1.77442
0.0,10,1.774957
0.0,5,1.775257
0.0,16,1.776068
0.0,8,1.776513
0.0,7,1.776897
0.0,3,1.777098
0.0,6,1.777436
0.0,11,1.778012
0.0,6,1.778355
0.0,13,1.779023
0.0,5,1.779319
0.0,8,1.779754
0.0,13,1.780401
0.0,1,1.780528
0.0,40,1.782409
0.0,1,1.782542
1.0,26,1.783825
0.0,27,1.785133
0.0,17,1.785959
0.0,13,1.786664
0.0,7,1.787057
0.0,20,1.788029
0.0,2,1.788192
0.0,26,1.78943
0.0,6,1.78979
0.0,15,1.790542
0.0,10,1.791053
0.0,17,1.791898
0.0,17,1.792747
0.0,8,1.793173
0.0,2,1.793329
0.0,32,1.794855
0.0,16,1.795656
0.0,19,1.796586
0.0,58,1.799271
0.0,5,1.799585
0.0,1,1.799702
0.0,11,1.800272
0.0,11,1.800858
0.0,2,1.801021
0.0,28,1.802341
0.0,5,1.802663
0.0,15,1.80341
0.0,9,1.8039
0.0,4,1.804147
0.0,3,1.80435
0.0,4,1.804619
0.0,4,1.804865
0.0,9,1.805347
0.0,4,1.805609
0.0,10,1.806135
0.0,7,1.806531
0.0,3,1.806734
0.0,16,1.807517
0.0,7,1.807909
0.0,16,1.808716
0.0,3,1.808921
0.0,3,1.809121
0.0,1,1.809236
0.0,10,1.809756
0.0,5,1.810046
0.0,13,1.810713
0.0,10,1.81126
0.0,5,1.811566
0.0,3,1.81177
0.0,3,1.811975
0.0,4,1.812222
0.0,2,1.812378
0.0,14,1.813079
0.0,1,1.813195
0.0,1,1.813311
0.0,1,1.813429
0.0,13,1.814095
0.0,2,1.814253
0.0,11,1.814844
0.0,2,1.815002
0.0,5,1.815292
0.0,17,1.816129
0.0,19,1.817096
0.0,5,1.817392
0.0,7,1.817785
0.0,18,1.818661
0.0,16,1.819456
0.0,13,1.820126
0.0,12,1.820745
0.0,2,1.820903
0.0,7,1.82128
0.0,4,1.821544
0.0,14,1.822272
0.0,5,1.822583
0.0,8,1.823013
0.0,10,1.823539
0.0,12,1.824143
0.0,2,1.824307
0.0,4,1.824586
0.0,11,1.825174
0.0,5,1.825465
0.0,2,1.825637
0.0,1,1.825748
0.0,48,1.827965
0.0,10,1.828488
1.0,11,1.829061
0.0,11,1.829626
0.0,6,1.829977
0.0,7,1.830364
0.0,19,1.831301
0.0,13,1.831956
1.0,14,1.832665
0.0,12,1.833315
0.0,5,1.833625
0.0,1,1.833741
0.0,13,1.834387
0.0,25,1.835601
0.0,6,1.835951
0.0,6,1.83629
0.0,24,1.837442
0.0,3,1.837687
0.0,7,1.838076
0.0,10,1.838614
0.0,9,1.839084
0.0,5,1.839377
0.0,7,1.839768
0.0,33,1.841323
0.0,12,1.841949
0.0,3,1.842157
0.0,4,1.842404
0.0,14,1.843109
0.0,19,1.844049
0.0,6,1.844394
0.0,4,1.844671
0.0,11,1.845229
0.0,8,1.845665
0.0,4,1.845911
0.0,7,1.846297
0.0,12,1.846934
0.0,4,1.847182
0.0,1,1.847295
0.0,1,1.847406
0.0,9,1.847891
0.0,7,1.848268
0.0,10,1.84879
0.0,3,1.849003
0.0,19,1.849937
0.0,6,1.850276
0.0,12,1.85089
0.0,1,1.851005
0.0,51,1.853377
0.0,3,1.8536
0.0,6,1.853938
0.0,9,1.854414
0.0,4,1.854687
0.0,11,1.85526
0.0,4,1.855516
0.0,3,1.855726
0.0,2,1.855883
0.0,5,1.85617
0.0,14,1.856875
0.0,14,1.857593
0.0,3,1.857802
0.0,3,1.858006
0.0,12,1.858623
0.0,8,1.859046
0.0,2,1.859205
0.0,2,1.859537
0.0,5,1.859843
0.0,3,1.86005
0.0,12,1.860698
0.0,4,1.860947
0.0,2,1.861108
0.0,16,1.861891
0.0,7,1.862272
0.0,1,1.862386
0.0,11,1.862967
0.0,7,1.863358
0.0,5,1.863662
0.0,22,1.864733
0.0,17,1.865581
0.0,21,1.866616
0.0,7,1.866995
0.0,6,1.867329
0.0,7,1.867716
0.0,5,1.868017
0.0,23,1.869129
0.0,29,1.8705
0.0,18,1.871397
0.0,1,1.871524
0.0,17,1.872344
0.0,9,1.872825
0.0,19,1.873755
1.0,11,1.874326
0.0,26,1.875591
0.0,4,1.875837
0.0,4,1.876084
0.0,5,1.876385
0.0,11,1.876973
0.0,11,1.877547
0.0,5,1.877836
0.0,6,1.878173
0.0,14,1.878885
0.0,8,1.879323
0.0,2,1.879484
0.0,1,1.879611
0.0,1,1.879722
0.0,17,1.880565
0.0,4,1.880815
0.0,22,1.881884
0.0,7,1.882267
0.0,10,1.882803
0.0,26,1.884068
0.0,7,1.884457
0.0,19,1.885409
0.0,20,1.886389
0.0,5,1.886697
0.0,11,1.887271
0.0,5,1.887603
0.0,1,1.887717
0.0,15,1.888453
0.0,3,1.888667
0.0,25,1.889867
0.0,2,1.890029
0.0,15,1.890782
1.0,11,1.89134
0.0,2,1.891513
0.0,16,1.8923
0.0,7,1.892699
1.0,18,1.893595
0.0,5,1.89389
0.0,7,1.89427
0.0,4,1.894536
0.0,3,1.894741
1.0,18,1.89563
0.0,14,1.896328
0.0,5,1.89664
0.0,7,1.897016
0.0,17,1.897853
0.0,3,1.898054
1.0,9,1.89854
0.0,4,1.898791
0.0,8,1.899246
0.0,9,1.899729
0.0,5,1.900022
0.0,11,1.900583
0.0,11,1.901143
0.0,19,1.902098
0.0,13,1.902759
0.0,8,1.903181
0.0,13,1.903842
0.0,7,1.90423
0.0,4,1.904522
0.0,21,1.905541
0.0,8,1.905968
0.0,17,1.906809
0.0,7,1.907194
0.0,24,1.908351
0.0,4,1.90861
0.0,15,1.909338
0.0,10,1.909874
0.0,13,1.910544
0.0,7,1.910926
0.0,5,1.911214
0.0,4,1.91146
0.0,2,1.911629
0.0,2,1.911787
0.0,1,1.911897
0.0,2,1.912053
0.0,21,1.913095
1.0,22,1.914157
0.0,5,1.914446
0.0,14,1.91516
0.0,8,1.915606
0.0,21,1.916615
0.0,24,1.917758
0.0,5,1.918055
0.0,9,1.918552
0.0,12,1.919153
0.0,13,1.919812
0.0,17,1.92065
0.0,5,1.92095
0.0,3,1.92116
0.0,6,1.921508
0.0,5,1.921805
0.0,13,1.922443
0.0,17,1.923278
0.0,2,1.92344
0.0,20,1.924416
0.0,2,1.924599
0.0,6,1.924932
0.0,8,1.925355
0.0,11,1.926069
0.0,15,1.926822
0.0,7,1.927206
0.0,1,1.927317
0.0,4,1.927577
0.0,11,1.928134
0.0,8,1.928572
0.0,12,1.929175
0.0,3,1.929385
0.0,22,1.930438
0.0,16,1.93123
0.0,1,1.931349
0.0,11,1.931928
0.0,9,1.9324
0.0,8,1.932835
0.0,11,1.933386
0.0,4,1.93368
1.0,25,1.934893
0.0,1,1.935008
0.0,25,1.936189
0.0,7,1.936579
0.0,2,1.93674
0.0,9,1.937215
0.0,13,1.937881
0.0,5,1.938175
0.0,3,1.938379
1.0,14,1.939073
0.0,4,1.93932
0.0,8,1.939767
0.0,16,1.940569
0.0,10,1.941087
0.0,19,1.942005
0.0,6,1.942349
0.0,6,1.942697
0.0,4,1.942952
0.0,20,1.943925
0.0,22,1.944987
0.0,6,1.945329
1.0,11,1.945931
0.0,9,1.946401
0.0,7,1.946792
0.0,8,1.947213
0.0,7,1.947608
0.0,7,1.947995
0.0,13,1.948683
0.0,6,1.949024
0.0,1,1.949137
0.0,10,1.949661
0.0,11,1.950211
0.0,16,1.951027
0.0,6,1.951364
0.0,7,1.951774
0.0,11,1.952329
0.0,26,1.953585
0.0,14,1.95429
0.0,6,1.954649
0.0,16,1.95542
0.0,10,1.95594
0.0,3,1.956148
0.0,11,1.956727
0.0,3,1.956932
0.0,1,1.957044
0.0,11,1.957622
0.0,3,1.957826
0.0,20,1.958801
0.0,2,1.958968
0.0,19,1.959899
0.0,9,1.960583
0.0,5,1.960875
0.0,16,1.96167
0.0,13,1.962329
0.0,3,1.962549
0.0,8,1.962974
0.0,4,1.963218
0.0,3,1.963418
0.0,12,1.96403
0.0,2,1.964189
0.0,2,1.964355
0.0,10,1.964895
0.0,2,1.965062
1.0,9,1.965576
0.0,10,1.966085
0.0,5,1.966372
0.0,2,1.966556
1.0,21,1.967579
0.0,7,1.96796
0.0,33,1.9695
0.0,8,1.969936
0.0,5,1.970227
0.0,1,1.970342
0.0,5,1.97066
0.0,8,1.971088
0.0,11,1.971649
0.0,6,1.971985
0.0,10,1.972517
0.0,1,1.972632
0.0,3,1.972841
0.0,1,1.972952
0.0,29,1.974326
0.0,11,1.974907
0.0,3,1.975109
0.0,8,1.975555
0.0,8,1.975993
0.0,13,1.976656
0.0,4,1.976906
0.0,2,1.977062
0.0,8,1.977483
0.0,10,1.978014
0.0,3,1.978218
0.0,3,1.978423
0.0,5,1.978732
0.0,2,1.978895
0.0,1,1.979005
0.0,17,1.979839
0.0,7,1.980221
0.0,5,1.980523
1.0,20,1.981511
0.0,6,1.981848
0.0,8,1.98227
0.0,12,1.98288
0.0,1,1.982991
0.0,4,1.983234
0.0,2,1.983391
0.0,5,1.983733
0.0,8,1.984168
0.0,5,1.984457
0.0,15,1.985208
0.0,3,1.985413
0.0,16,1.986197
0.0,12,1.986826
0.0,12,1.987438
0.0,6,1.987784
0.0,8,1.988209
0.0,3,1.988408
0.0,7,1.988801
0.0,2,1.988966
0.0,7,1.989352
0.0,21,1.990366
0.0,5,1.990674
0.0,23,1.991778
0.0,5,1.992073
0.0,6,1.992416
0.0,8,1.992855
0.0,6,1.993191
0.0,7,1.993577
0.0,12,1.994179
0.0,16,1.994992
0.0,7,1.995388
0.0,4,1.995648
0.0,13,1.996294
0.0,17,1.997123
0.0,6,1.997466
0.0,32,1.998984
0.0,3,1.99919
0.0,5,1.999477
0.0,19,2.000424
0.0,9,2.000925
0.0,5,2.001218
0.0,3,2.001419
0.0,15,2.002162
0.0,9,2.002648
0.0,3,2.002862
0.0,18,2.003759
0.0,5,2.004055
0.0,14,2.00476
0.0,17,2.005601
0.0,8,2.006037
0.0,1,2.006156
0.0,10,2.006685
0.0,4,2.006937
0.0,2,2.007092
0.0,5,2.007378
1.0,19,2.008299
0.0,1,2.008412
0.0,2,2.008587
0.0,11,2.009172
0.0,6,2.009521
0.0,3,2.009722
0.0,1,2.009835
0.0,6,2.010164
0.0,4,2.01041
1.0,16,2.011207
0.0,3,2.011435
0.0,2,2.011603
0.0,5,2.011894
0.0,19,2.012817
0.0,3,2.013018
0.0,5,2.013308
0.0,1,2.013418
0.0,3,2.013638
0.0,1,2.013757
0.0,2,2.013914
0.0,7,2.014317
1.0,36,2.016011
0.0,5,2.016307
0.0,31,2.017811
0.0,4,2.01806
0.0,1,2.018171
0.0,8,2.018605
0.0,15,2.019346
0.0,11,2.01993
0.0,33,2.021473
0.0,5,2.021775
0.0,5,2.022074
0.0,3,2.022278
1.0,24,2.023432
0.0,10,2.023952
0.0,2,2.024109
0.0,7,2.024511
0.0,4,2.024771
0.0,8,2.025194
0.0,11,2.02577
0.0,6,2.02611
0.0,10,2.026635
0.0,23,2.02774
0.0,5,2.02805
0.0,9,2.028544
0.0,4,2.028804
0.0,3,2.029017
0.0,5,2.029315
0.0,5,2.029635
0.0,1,2.029753
0.0,6,2.030088
0.0,4,2.030334
0.0,4,2.030606
0.0,2,2.030774
0.0,5,2.031063
0.0,13,2.031728
0.0,2,2.031896
0.0,2,2.032054
0.0,1,2.032165
0.0,38,2.033959
0.0,4,2.034209
0.0,3,2.034413
0.0,3,2.034636
0.0,11,2.035186
0.0,2,2.035342
0.0,16,2.036138
0.0,7,2.036566
0.0,3,2.036778
0.0,4,2.037026
0.0,1,2.037139
0.0,10,2.037665
0.0,30,2.039062
0.0,4,2.039308
0.0,13,2.039964
0.0,14,2.040676
0.0,12,2.041273
0.0,1,2.041389
0.0,12,2.042
0.0,10,2.042525
0.0,14,2.043222
0.0,7,2.043619
0.0,1,2.043732
0.0,22,2.044792
0.0,4,2.045038
0.0,11,2.045606
0.0,18,2.046483
0.0,9,2.04697
0.0,3,2.047171
0.0,3,2.047371
0.0,6,2.047718
0.0,1,2.047831
0.0,10,2.048347
0.0,6,2.048706
0.0,2,2.048865
0.0,18,2.049754
1.0,34,2.051351
0.0,12,2.051991
0.0,1,2.052104
0.0,2,2.052268
0.0,8,2.052702
0.0,3,2.052907
0.0,15,2.053653
0.0,9,2.054147
0.0,30,2.05558
0.0,4,2.055828
1.0,21,2.056863
0.0,2,2.057032
0.0,28,2.058355
0.0,5,2.058663
0.0,7,2.059046
0.0,5,2.059346
0.0,3,2.059584
0.0,2,2.059747
0.0,15,2.060482
0.0,28,2.061979
0.0,10,2.062515
0.0,1,2.062633
0.0,9,2.063105
0.0,8,2.063538
0.0,24,2.0647
0.0,10,2.065217
0.0,4,2.065472
0.0,10,2.065993
0.0,7,2.066371
0.0,9,2.066851
0.0,9,2.06733
0.0,6,2.06768
1.0,9,2.068164
0.0,16,2.068966
0.0,10,2.069477
0.0,5,2.069776
0.0,11,2.070342
0.0,8,2.070788
0.0,5,2.071078
0.0,8,2.07151
0.0,12,2.072108
0.0,5,2.072399
0.0,13,2.073067
0.0,1,2.073185
0.0,6,2.073544
0.0,22,2.07461
0.0,8,2.07503
0.0,10,2.075554
0.0,3,2.07576
0.0,5,2.076058
0.0,36,2.077743
0.0,33,2.079301
0.0,9,2.079796
0.0,5,2.080089
0.0,13,2.08074
0.0,17,2.081605
0.0,14,2.082302
0.0,13,2.082955
0.0,13,2.083611
0.0,2,2.083819
0.0,5,2.084111
0.0,2,2.084274
0.0,6,2.084644
0.0,11,2.085199
0.0,2,2.085355
0.0,8,2.085819
0.0,3,2.086021
0.0,11,2.086602
0.0,8,2.087055
0.0,11,2.087624
0.0,18,2.088505
0.0,16,2.089293
0.0,20,2.090273
0.0,19,2.091199
0.0,11,2.091767
0.0,15,2.092523
0.0,11,2.093082
0.0,5,2.093374
0.0,3,2.093584
0.0,12,2.094179
0.0,10,2.094719
0.0,12,2.095334
0.0,12,2.095954
0.0,7,2.096333
0.0,7,2.096729
0.0,7,2.09711
0.0,6,2.097449
0.0,13,2.098118
0.0,2,2.098277
0.0,8,2.098718
0.0,8,2.099143
0.0,4,2.099389
0.0,30,2.100832
0.0,1,2.10095
0.0,2,2.101106
0.0,4,2.101352
0.0,11,2.101921
0.0,16,2.102712
0.0,29,2.104091
0.0,4,2.104344
0.0,2,2.104527
0.0,2,2.104684
0.0,10,2.105195
0.0,10,2.10573
0.0,5,2.106027
0.0,4,2.106281
1.0,9,2.106768
0.0,7,2.107152
0.0,5,2.10744
1.0,20,2.108402
0.0,22,2.109502
0.0,2,2.109668
0.0,23,2.110759
0.0,2,2.110918
0.0,1,2.111033
0.0,5,2.111328
0.0,2,2.111486
0.0,18,2.11237
0.0,16,2.11316
0.0,3,2.113364
0.0,3,2.113575
0.0,4,2.113828
0.0,4,2.114075
0.0,10,2.114623
0.0,3,2.114829
0.0,7,2.115208
0.0,4,2.115454
0.0,6,2.115803
0.0,3,2.116004
0.0,5,2.116296
0.0,12,2.11693
0.0,5,2.117249
0.0,3,2.117453
0.0,5,2.117755
0.0,11,2.118314
0.0,4,2.118575
0.0,6,2.118912
0.0,12,2.119524
0.0,13,2.120191
0.0,1,2.120302
0.0,15,2.121053
0.0,9,2.121531
0.0,8,2.121959
0.0,7,2.12234
0.0,4,2.122606
0.0,2,2.122767
0.0,5,2.123059
0.0,4,2.123306
1.0,31,2.124782
0.0,32,2.126312
0.0,8,2.126754
0.0,5,2.127045
0.0,5,2.127334
0.0,9,2.127821
0.0,8,2.128262
0.0,1,2.128371
0.0,9,2.128859
0.0,9,2.129324
0.0,10,2.129848
0.0,16,2.13067
0.0,3,2.130882
0.0,3,2.131082
0.0,17,2.13191
0.0,65,2.134946
0.0,27,2.136236
0.0,11,2.136821
0.0,3,2.137031
0.0,17,2.137861
0.0,20,2.138847
0.0,1,2.138963
0.0,2,2.13913
0.0,5,2.139417
0.0,2,2.139585
0.0,1,2.139703
0.0,5,2.139992
0.0,3,2.14019
0.0,19,2.141121
0.0,23,2.142229
0.0,3,2.142441
0.0,2,2.142612
0.0,8,2.143034
0.0,6,2.143366
0.0,3,2.143578
0.0,3,2.143781
0.0,6,2.144128
0.0,55,2.146669
0.0,6,2.147037
1.0,36,2.148718
0.0,7,2.149095
0.0,13,2.149776
0.0,1,2.149891
0.0,14,2.150598
0.0,1,2.150714
0.0,5,2.151004
0.0,13,2.151653
0.0,24,2.152834
0.0,5,2.153128
0.0,19,2.154045
1.0,21,2.155083
0.0,7,2.155477
0.0,9,2.155958
0.0,4,2.156211
0.0,2,2.156367
1.0,31,2.157836
0.0,6,2.158181
0.0,20,2.159161
0.0,4,2.159409
0.0,9,2.159882
0.0,11,2.160442
0.0,8,2.160881
0.0,21,2.161901
0.0,4,2.162146
0.0,7,2.162534
0.0,4,2.162783
0.0,15,2.163562
0.0,17,2.164384
0.0,12,2.165014
0.0,8,2.165433
0.0,2,2.16577
0.0,5,2.16607
0.0,8,2.166547
0.0,6,2.166882
0.0,3,2.167092
0.0,9,2.167565
0.0,2,2.167722
0.0,1,2.167832
0.0,18,2.168725
0.0,1,2.168839
0.0,24,2.17
0.0,13,2.170653
0.0,12,2.171261
0.0,1,2.171376
0.0,7,2.171768
0.0,1,2.171891
0.0,6,2.172226
0.0,7,2.172627
0.0,3,2.172828
0.0,13,2.173466
0.0,2,2.173632
0.0,10,2.174223
0.0,10,2.174771
0.0,4,2.175019
0.0,7,2.175401
0.0,17,2.176229
0.0,6,2.176583
1.0,14,2.177286
0.0,3,2.177512
0.0,5,2.177805
0.0,5,2.178101
0.0,7,2.178478
0.0,2,2.178653
0.0,1,2.178765
0.0,17,2.179605
0.0,4,2.179875
0.0,1,2.179989
0.0,5,2.18028
0.0,4,2.180542
0.0,21,2.181544
0.0,41,2.183483
0.0,5,2.18379
0.0,13,2.184458
0.0,4,2.184728
0.0,13,2.185406
0.0,14,2.186118
0.0,25,2.187304
0.0,2,2.187464
0.0,3,2.187685
0.0,4,2.187935
0.0,4,2.188203
0.0,26,2.189441
0.0,3,2.189654
0.0,2,2.189813
0.0,4,2.190056
0.0,1,2.190167
0.0,17,2.191095
0.0,5,2.191387
0.0,13,2.192045
0.0,18,2.19292
0.0,1,2.193037
0.0,4,2.193286
0.0,14,2.194014
0.0,9,2.19451
0.0,5,2.194803
0.0,11,2.195353
0.0,1,2.195463
0.0,6,2.195813
0.0,37,2.197552
0.0,5,2.197846
0.0,24,2.198995
0.0,21,2.200024
0.0,18,2.2009
0.0,9,2.201376
1.0,19,2.202308
0.0,4,2.202574
0.0,21,2.203569
0.0,10,2.204096
0.0,4,2.204343
0.0,20,2.205328
0.0,7,2.205718
0.0,6,2.206051
0.0,5,2.206339
0.0,4,2.206602
0.0,1,2.206719
1.0,6,2.207062
0.0,11,2.207649
0.0,8,2.208075
0.0,13,2.208732
0.0,6,2.20907
0.0,1,2.209182
0.0,16,2.209981
0.0,2,2.210143
0.0,7,2.21054
0.0,4,2.21079
0.0,8,2.211216
0.0,5,2.211515
1.0,30,2.212937
0.0,3,2.213141
0.0,6,2.213517
0.0,12,2.214115
0.0,18,2.215005
0.0,13,2.215672
0.0,1,2.215787
0.0,7,2.216166
0.0,5,2.216458
0.0,4,2.216716
0.0,29,2.218081
0.0,8,2.218555
0.0,7,2.218938
0.0,13,2.219592
0.0,2,2.219748
0.0,2,2.219903
0.0,9,2.220368
0.0,6,2.220728
0.0,4,2.220978
0.0,2,2.221145
0.0,5,2.221437
0.0,22,2.222496
0.0,25,2.223717
0.0,26,2.224971
0.0,9,2.225439
0.0,8,2.225869
0.0,9,2.226351
0.0,4,2.226617
0.0,5,2.226908
0.0,6,2.227243
0.0,13,2.227898
0.0,3,2.228099
0.0,4,2.228342
0.0,6,2.228699
0.0,8,2.229133
0.0,1,2.229245
0.0,7,2.229644
0.0,12,2.230247
0.0,3,2.230447
0.0,1,2.230571
0.0,15,2.231293
0.0,12,2.231917
0.0,5,2.232223
0.0,4,2.23247
0.0,35,2.234145
0.0,4,2.234395
0.0,2,2.2346
0.0,5,2.234898
0.0,3,2.2351
0.0,9,2.235584
0.0,6,2.235917
0.0,1,2.236028
0.0,2,2.236184
0.0,6,2.23653
0.0,5,2.236822
0.0,6,2.237167
0.0,21,2.238186
0.0,13,2.238852
0.0,6,2.239185
0.0,14,2.239897
0.0,1,2.240012
0.0,2,2.24017
0.0,7,2.240574
0.0,6,2.240915
0.0,17,2.241741
0.0,2,2.241898
0.0,10,2.242417
0.0,9,2.242908
0.0,9,2.243387
0.0,12,2.244002
0.0,2,2.244161
0.0,6,2.244512
0.0,6,2.244846
0.0,38,2.246666
0.0,8,2.247096
0.0,3,2.2473
0.0,10,2.247828
0.0,7,2.24823
0.0,7,2.24863
0.0,5,2.248928
0.0,4,2.249178
0.0,1,2.249288
0.0,23,2.250376
0.0,24,2.251583
0.0,18,2.252452
0.0,19,2.253376
0.0,1,2.2535
0.0,8,2.253953
0.0,5,2.254241
0.0,3,2.254444
0.0,2,2.254628
0.0,1,2.254739
0.0,8,2.255154
0.0,4,2.255396
0.0,2,2.255566
0.0,7,2.25595
0.0,2,2.256112
0.0,2,2.25627
0.0,44,2.258312
0.0,12,2.258943
0.0,16,2.259745
0.0,10,2.260263
0.0,2,2.26042
0.0,12,2.261028
0.0,11,2.261606
0.0,9,2.262079
0.0,7,2.262465
0.0,1,2.262592
0.0,5,2.262888
0.0,6,2.26322
0.0,17,2.264041
0.0,6,2.26439
0.0,8,2.264865
0.0,13,2.265528
0.0,25,2.2669
0.0,16,2.267726
0.0,10,2.26824
0.0,1,2.268353
0.0,3,2.268574
0.0,15,2.269296
0.0,8,2.269739
0.0,19,2.270679
0.0,6,2.27102
0.0,10,2.271538
0.0,34,2.27314
0.0,20,2.274111
0.0,28,2.275445
0.0,2,2.275636
0.0,22,2.276691
0.0,7,2.277067
0.0,6,2.277401
0.0,4,2.277656
0.0,1,2.277771
0.0,2,2.277935
0.0,1,2.278046
0.0,3,2.278252
0.0,11,2.278828
0.0,7,2.279208
0.0,3,2.279412
0.0,3,2.279623
0.0,12,2.280217
0.0,8,2.280663
0.0,11,2.281224
0.0,4,2.281478
0.0,2,2.28165
0.0,6,2.281984
0.0,6,2.282319
0.0,4,2.28258
0.0,13,2.28322
0.0,29,2.284657
0.0,11,2.285214
0.0,29,2.28661
0.0,6,2.286953
0.0,15,2.287702
0.0,8,2.288124
0.0,2,2.288281
0.0,3,2.288484
0.0,2,2.288656
0.0,10,2.289173
0.0,1,2.289289
0.0,6,2.289637
0.0,1,2.289751
0.0,10,2.290261
0.0,5,2.290564
0.0,10,2.291069
0.0,29,2.29245
0.0,10,2.292984
0.0,14,2.29368
0.0,5,2.293971
0.0,7,2.294357
0.0,11,2.294971
0.0,7,2.295355
0.0,2,2.295525
0.0,21,2.296535
0.0,6,2.296871
0.0,5,2.297173
0.0,14,2.297908
0.0,33,2.299445
0.0,4,2.299706
0.0,15,2.300462
0.0,16,2.30125
0.0,13,2.301904
0.0,6,2.302236
0.0,10,2.302773
0.0,6,2.303115
0.0,2,2.303281
0.0,2,2.303436
0.0,17,2.304278
0.0,4,2.304553
0.0,4,2.304799
0.0,12,2.305409
0.0,2,2.305583
0.0,2,2.305741
0.0,5,2.306041
0.0,12,2.30666
0.0,24,2.307795
0.0,4,2.30805
0.0,7,2.308433
0.0,13,2.309098
0.0,1,2.309212
0.0,9,2.309696
0.0,9,2.310161
0.0,4,2.310407
0.0,5,2.310719
0.0,5,2.311014
0.0,8,2.311446
0.0,5,2.311744
0.0,19,2.312664
0.0,34,2.314278
0.0,5,2.314596
0.0,3,2.314802
0.0,4,2.315048
0.0,6,2.315377
0.0,3,2.315592
0.0,4,2.315837
0.0,1,2.31595
0.0,10,2.316473
0.0,19,2.317409
0.0,2,2.317585
0.0,10,2.3181
0.0,6,2.31843
0.0,18,2.319313
0.0,7,2.319715
0.0,10,2.32023
0.0,6,2.320572
0.0,6,2.320903
0.0,9,2.321364
0.0,2,2.321537
0.0,27,2.322826
0.0,6,2.323164
0.0,14,2.323867
0.0,3,2.324069
0.0,2,2.324228
0.0,6,2.324592
0.0,8,2.325025
1.0,29,2.326404
0.0,6,2.326749
0.0,20,2.327722
0.0,17,2.328573
0.0,13,2.329215
0.0,11,2.329789
0.0,10,2.330313
0.0,35,2.331952
0.0,5,2.332245
0.0,4,2.332499
0.0,30,2.333952
0.0,25,2.335189
0.0,11,2.335775
0.0,1,2.33589
0.0,2,2.336048
0.0,14,2.336756
0.0,15,2.337495
0.0,7,2.33788
0.0,2,2.33804
0.0,6,2.338388
0.0,4,2.33871
0.0,26,2.339943
0.0,5,2.340233
0.0,19,2.341157
0.0,13,2.341853
0.0,7,2.34224
0.0,3,2.342443
0.0,20,2.343394
0.0,1,2.343523
0.0,12,2.344157
0.0,8,2.344607
0.0,9,2.345078
0.0,15,2.345818
0.0,3,2.346019
0.0,1,2.34613
0.0,13,2.346792
0.0,11,2.347356
0.0,3,2.347575
0.0,2,2.347734
0.0,5,2.34802
0.0,1,2.348135
0.0,26,2.349371
0.0,3,2.349597
0.0,9,2.350065
0.0,5,2.350361
0.0,3,2.350575
0.0,4,2.350821
0.0,6,2.351153
0.0,7,2.351542
0.0,18,2.352425
0.0,22,2.353483
0.0,26,2.354738
0.0,4,2.354994
0.0,3,2.355205
0.0,7,2.355599
0.0,1,2.355712
0.0,18,2.35659
0.0,1,2.356703
0.0,5,2.35699
0.0,5,2.35729
0.0,3,2.35751
0.0,8,2.357946
0.0,5,2.358234
0.0,5,2.358534
0.0,8,2.35896
0.0,15,2.359699
0.0,11,2.360266
0.0,2,2.360447
0.0,4,2.360719
0.0,20,2.361689
0.0,9,2.36216
0.0,11,2.362731
0.0,3,2.362941
0.0,9,2.363414
0.0,8,2.363851
0.0,13,2.364517
0.0,8,2.364937
0.0,12,2.365552
0.0,20,2.366548
0.0,13,2.367193
0.0,14,2.368064
0.0,20,2.369058
0.0,14,2.369769
0.0,29,2.371132
0.0,17,2.371981
0.0,14,2.372681
0.0,9,2.373147
0.0,7,2.373543
1.0,54,2.37605
0.0,3,2.37626
1.0,13,2.376924
0.0,17,2.37777
0.0,16,2.378558
0.0,4,2.378803
0.0,6,2.379146
0.0,1,2.37926
0.0,1,2.379372
0.0,1,2.379486
0.0,8,2.379938
0.0,5,2.38023
0.0,13,2.380886
0.0,5,2.381175
0.0,4,2.381418
0.0,7,2.38181
0.0,5,2.382111
0.0,7,2.382503
0.0,6,2.382843
0.0,29,2.384242
0.0,81,2.387999
1.0,25,2.38922
0.0,13,2.389875
0.0,4,2.390121
0.0,10,2.390655
0.0,6,2.391002
0.0,3,2.391207
0.0,1,2.391317
0.0,4,2.391584
1.0,12,2.392179
0.0,6,2.392527
0.0,2,2.392685
0.0,9,2.393163
0.0,21,2.394211
0.0,44,2.396291
0.0,7,2.396691
0.0,3,2.396894
0.0,9,2.397365
0.0,5,2.397674
0.0,8,2.398093
0.0,8,2.398541
0.0,8,2.398969
0.0,9,2.39945
0.0,7,2.399844
0.0,9,2.400315
0.0,19,2.401243
0.0,5,2.401555
0.0,1,2.401667
0.0,5,2.401969
0.0,11,2.402542
0.0,8,2.402963
0.0,10,2.403469
0.0,5,2.403771
0.0,8,2.404199
0.0,8,2.404647
0.0,13,2.405295
0.0,6,2.405643
0.0,14,2.406322
0.0,11,2.406902
0.0,19,2.407869
0.0,7,2.408252
0.0,12,2.408862
0.0,4,2.409107
0.0,9,2.409597
0.0,4,2.409846
0.0,9,2.410321
0.0,2,2.41048
0.0,3,2.410696
0.0,4,2.410947
0.0,11,2.411511
0.0,4,2.411756
0.0,24,2.412916
0.0,8,2.413349
0.0,6,2.413699
0.0,8,2.414118
0.0,2,2.414274
0.0,4,2.414545
0.0,2,2.414702
0.0,9,2.415175
0.0,3,2.41538
0.0,2,2.41555
0.0,39,2.417361
0.0,59,2.42009
0.0,4,2.420352
0.0,21,2.421377
0.0,16,2.422174
0.0,5,2.422468
0.0,19,2.423395
0.0,10,2.423959
0.0,5,2.424252
0.0,15,2.425006
0.0,10,2.425538
0.0,1,2.42565
0.0,4,2.425902
0.0,4,2.426152
0.0,7,2.426719
0.0,13,2.427376
0.0,5,2.42768
0.0,5,2.42797
0.0,4,2.428217
0.0,5,2.428517
0.0,5,2.428819
0.0,2,2.428977
0.0,8,2.429417
0.0,15,2.430162
0.0,4,2.430407
0.0,19,2.431329
0.0,14,2.432068
0.0,11,2.432642
0.0,10,2.433152
1.0,15,2.433896
0.0,10,2.434462
0.0,26,2.435724
1.0,28,2.437049
0.0,4,2.437302
0.0,1,2.437414
0.0,4,2.437683
0.0,1,2.437795
0.0,5,2.43809
0.0,23,2.439178
0.0,16,2.439982
0.0,33,2.441553
0.0,1,2.441668
0.0,24,2.442826
0.0,11,2.443391
0.0,3,2.443612
0.0,21,2.444622
1.0,37,2.446354
0.0,22,2.447413
0.0,5,2.447728
0.0,8,2.448177
0.0,1,2.448296
1.0,21,2.449303
0.0,8,2.449741
0.0,10,2.450247
0.0,18,2.451146
0.0,8,2.451591
0.0,1,2.451708
0.0,7,2.45209
0.0,9,2.452569
0.0,14,2.453272
0.0,3,2.453479
0.0,15,2.454231
0.0,9,2.454723
0.0,3,2.454926
0.0,18,2.455809
0.0,10,2.456328
0.0,11,2.4569
0.0,33,2.458449
0.0,1,2.458581
0.0,5,2.458876
0.0,4,2.459123
0.0,5,2.459424
0.0,2,2.459595
0.0,5,2.459888
0.0,4,2.460132
0.0,2,2.460287
0.0,4,2.460542
0.0,1,2.460656
0.0,9,2.461121
0.0,2,2.461284
0.0,1,2.461401
0.0,15,2.462155
0.0,6,2.462498
0.0,4,2.462749
0.0,12,2.463347
0.0,13,2.464012
0.0,5,2.46431
0.0,5,2.464649
0.0,1,2.464771
0.0,10,2.465286
0.0,2,2.465446
0.0,1,2.465575
0.0,4,2.465819
0.0,4,2.466063
0.0,13,2.466715
0.0,5,2.467018
0.0,32,2.468561
0.0,12,2.469162
0.0,12,2.469792
0.0,15,2.470571
0.0,4,2.470824
0.0,8,2.471245
0.0,3,2.471445
1.0,11,2.472042
0.0,4,2.472301
0.0,10,2.472833
0.0,6,2.473177
0.0,7,2.473579
0.0,1,2.473693
0.0,21,2.474709
0.0,22,2.475788
0.0,20,2.476943
0.0,17,2.477791
0.0,29,2.479171
0.0,1,2.479286
0.0,2,2.479445
0.0,6,2.47979
0.0,14,2.480488
0.0,16,2.48129
0.0,1,2.481401
0.0,3,2.481617
0.0,4,2.481872
0.0,10,2.482378
0.0,43,2.484428
0.0,6,2.484791
0.0,5,2.485084
0.0,6,2.485419
0.0,4,2.485681
0.0,1,2.485799
0.0,13,2.486454
0.0,1,2.486581
0.0,8,2.487006
0.0,11,2.48758
0.0,3,2.487788
0.0,5,2.488079
0.0,1,2.488192
0.0,11,2.488776
0.0,5,2.489076
0.0,5,2.489378
1.0,25,2.490633
0.0,31,2.492125
0.0,13,2.492809
0.0,4,2.493058
0.0,33,2.494631
0.0,1,2.49475
0.0,6,2.495085
0.0,5,2.495378
0.0,2,2.495551
0.0,12,2.496147
0.0,9,2.496623
0.0,10,2.497149
0.0,6,2.497508
0.0,3,2.497715
0.0,1,2.497827
0.0,3,2.498032
0.0,2,2.498191
0.0,6,2.498539
0.0,8,2.498966
0.0,4,2.499216
0.0,5,2.49953
0.0,2,2.49969
0.0,30,2.501112
0.0,33,2.502675
0.0,12,2.503287
0.0,9,2.503772
0.0,22,2.504838
0.0,9,2.505337
0.0,11,2.505925
0.0,3,2.506129
0.0,1,2.506245
0.0,8,2.506676
0.0,11,2.507228
0.0,4,2.507472
0.0,4,2.507745
0.0,2,2.507904
0.0,6,2.508243
0.0,5,2.508556
0.0,1,2.508669
0.0,5,2.508965
0.0,1,2.509076
0.0,6,2.509406
0.0,4,2.509668
0.0,4,2.509913
0.0,11,2.510478
0.0,5,2.510786
0.0,1,2.5109
0.0,14,2.511621
0.0,6,2.511961
0.0,3,2.512162
0.0,4,2.512407
0.0,16,2.513206
0.0,4,2.513455
0.0,1,2.51358
0.0,23,2.514735
0.0,9,2.5152
0.0,9,2.515679
1.0,54,2.518172
0.0,9,2.518672
0.0,3,2.518881
0.0,16,2.519702
0.0,8,2.520126
0.0,5,2.520414
0.0,15,2.521151
0.0,12,2.521781
0.0,18,2.522668
0.0,9,2.523133
0.0,13,2.523783
0.0,6,2.524126
0.0,2,2.524286
0.0,18,2.525205
0.0,4,2.52546
0.0,10,2.525981
0.0,5,2.526274
0.0,5,2.526575
0.0,12,2.527185
0.0,9,2.527682
0.0,11,2.528241
0.0,14,2.528938
0.0,1,2.52905
0.0,6,2.529387
0.0,9,2.529903
0.0,4,2.530158
0.0,11,2.530725
0.0,6,2.531065
0.0,9,2.531543
0.0,15,2.532281
1.0,17,2.533133
0.0,3,2.533337
0.0,14,2.534039
0.0,12,2.534694
0.0,4,2.534951
0.0,14,2.535685
0.0,14,2.536373
0.0,5,2.536675
0.0,15,2.537407
0.0,7,2.537808
0.0,23,2.538918
0.0,5,2.539213
0.0,9,2.539695
0.0,4,2.539939
0.0,1,2.540051
0.0,11,2.540624
0.0,3,2.540828
0.0,5,2.54113
0.0,1,2.54124
0.0,17,2.542072
0.0,5,2.542367
0.0,23,2.543469
0.0,7,2.543875
0.0,42,2.545897
0.0,13,2.546572
0.0,8,2.546997
0.0,12,2.547616
0.0,9,2.548081
0.0,20,2.549044
0.0,3,2.549259
1.0,13,2.549923
0.0,13,2.550571
1.0,8,2.550994
0.0,12,2.551618
0.0,5,2.551913
0.0,13,2.552573
0.0,15,2.553297
1.0,8,2.553724
0.0,14,2.554435
0.0,14,2.555159
0.0,19,2.556079
0.0,4,2.55633
0.0,14,2.557037
0.0,4,2.557287
0.0,6,2.557646
0.0,8,2.558072
0.0,2,2.558231
1.0,21,2.55923
0.0,5,2.559544
0.0,9,2.560038
0.0,1,2.560152
0.0,15,2.5609
0.0,3,2.561102
0.0,8,2.561535
0.0,4,2.561779
0.0,1,2.56189
0.0,4,2.562138
0.0,7,2.562537
0.0,2,2.562696
0.0,5,2.562995
0.0,3,2.563199
0.0,6,2.563548
0.0,10,2.564052
0.0,34,2.565668
0.0,7,2.56605
0.0,22,2.567116
0.0,1,2.567228
0.0,6,2.567574
0.0,14,2.568271
0.0,20,2.569252
0.0,32,2.570763
0.0,2,2.570927
0.0,12,2.571545
0.0,4,2.571795
0.0,8,2.572214
0.0,2,2.572369
0.0,10,2.572891
1.0,21,2.573937
0.0,2,2.574103
0.0,7,2.574481
0.0,6,2.574841
0.0,23,2.575946
0.0,14,2.576855
0.0,28,2.578169
0.0,2,2.578327
0.0,4,2.578595
0.0,4,2.578851
0.0,7,2.57924
0.0,2,2.579396
0.0,14,2.580098
0.0,12,2.580713
0.0,14,2.581414
0.0,9,2.581895
0.0,7,2.582283
0.0,9,2.58277
0.0,15,2.604163
0.0,25,2.64728
0.0,4,2.651568
0.0,10,2.668787
0.0,11,2.684683
0.0,7,2.696558
1.0,17,2.723169
0.0,2,2.725302
0.0,4,2.731549
0.0,7,2.74365
0.0,4,2.75022
0.0,5,2.757448
0.0,3,2.762901
0.0,2,2.962371
0.0,9,2.970754
0.0,8,2.981174
0.0,6,2.992702
0.0,8,3.005254
0.0,12,3.026376
0.0,4,3.032775
0.0,4,3.042862
0.0,9,3.058175
0.0,1,3.059153
0.0,6,3.070302
0.0,2,3.072751
0.0,3,3.078199
0.0,3,3.085239
0.0,4,3.091978
0.0,2,3.095096
0.0,5,3.104463
0.0,1,3.105395
0.0,5,3.117132
0.0,1,3.118085
0.0,3,3.123458
0.0,5,3.131287
0.0,3,3.135969
0.0,4,3.142011
0.0,2,3.145141
0.0,5,3.156792
0.0,2,3.160233
0.0,2,3.163598
0.0,3,3.166897
0.0,2,3.171321
0.0,5,3.181368
0.0,1,3.183341
0.0,7,3.192159
0.0,2,3.194829
0.0,4,3.201939
0.0,4,3.206438
0.0,1,3.210242
0.0,7,3.219689
0.0,1,3.222777
0.0,3,3.228792
0.0,1,3.230539
0.0,1,3.231403
0.0,20,3.263137
0.0,2,3.265779
0.0,7,3.277336
0.0,2,3.279932
0.0,2,3.28268
0.0,4,3.291181
0.0,3,3.295083
0.0,4,3.300534
0.0,6,3.311613
0.0,2,3.3141
0.0,3,3.319467
0.0,1,3.321047
0.0,1,3.321973
0.0,7,3.334824
0.0,1,3.335807
0.0,17,3.370162
0.0,1,3.371716
0.0,2,3.374948
0.0,11,3.3953
0.0,1,3.396281
0.0,6,3.405831
0.0,3,3.412047
0.0,5,3.423593
0.0,4,3.43123
0.0,12,3.451762
1.0,7,3.464838
0.0,2,3.468186
0.0,3,3.471596
0.0,2,3.475062
0.0,2,3.477968
0.0,18,3.510958
0.0,2,3.512997
0.0,5,3.522431
0.0,5,3.529996
0.0,5,3.538333
0.0,4,3.544631
0.0,4,3.551462
0.0,4,3.557683
0.0,27,3.610081
0.0,13,3.635676
0.0,8,3.648504
0.0,8,3.664777
0.0,5,3.673559
0.0,1,3.675143
0.0,2,3.678938
0.0,2,3.681388
0.0,1,3.684836
0.0,1,3.686613
0.0,1,3.687481
0.0,2,3.689942
0.0,1,3.692955
0.0,8,3.705197
0.0,2,3.708776
0.0,1,3.709706
0.0,16,3.734419
0.0,1,3.736249
0.0,2,3.738301
0.0,1,3.742105
0.0,5,3.749663
0.0,2,3.752064
0.0,5,3.763117
0.0,6,3.770818
0.0,6,3.780069
0.0,12,3.803215
0.0,3,3.806471
0.0,11,3.827825
0.0,9,3.839313
1.0,9,3.857868
0.0,6,3.869904
0.0,8,3.884014
0.0,8,3.901152
0.0,2,3.903205
0.0,5,3.913606
0.0,1,3.915475
0.0,7,3.928294
0.0,9,3.946753
0.0,6,3.960009
0.0,16,3.991354
0.0,3,3.994477
0.0,4,3.999957
0.0,3,4.0052
0.0,29,4.05823
0.0,17,4.089306
0.0,6,4.098418
0.0,2,4.102205
0.0,4,4.10952
0.0,1,4.11044
0.0,8,4.124552
0.0,4,4.131943
0.0,4,4.13822
0.0,2,4.141084
0.0,7,4.152637
0.0,6,4.167977
0.0,4,4.173571
0.0,6,4.179678
0.0,6,4.190679
0.0,4,4.195803
0.0,2,4.199937
0.0,4,4.20592
0.0,9,4.220246
0.0,6,4.232447
0.0,6,4.240457
0.0,3,4.245147
0.0,3,4.248616
0.0,2,4.250665
0.0,2,4.254245
0.0,5,4.261276
0.0,1,4.26218
0.0,3,4.265178
0.0,1,4.266208
0.0,3,4.272799
0.0,1,4.274138
0.0,1,4.275439
0.0,4,4.282683
0.0,3,4.2862
0.0,8,4.301101
0.0,1,4.302452
0.0,1,4.303623
0.0,3,4.308258
0.0,2,4.313156
0.0,1,4.314202
0.0,1,4.315417
0.0,3,4.321279
0.0,2,4.325177
0.0,5,4.333804
0.0,10,4.346702
0.0,2,4.352324
0.0,8,4.363067
0.0,3,4.368994
0.0,1,4.370087
0.0,1,4.371767
0.0,4,4.378602
0.0,4,4.38461
0.0,5,4.403817
0.0,7,4.410867
0.0,4,4.420719
0.0,3,4.423343
0.0,4,4.433378
0.0,3,4.43622
0.0,4,4.443213
0.0,5,4.451969
0.0,3,4.459615
0.0,2,4.461425
0.0,4,4.469945
0.0,1,4.471082
0.0,3,4.477359
0.0,3,4.48304
0.0,1,4.484235
0.0,3,4.493987
0.0,2,4.496057
0.0,5,4.508268
0.0,3,4.511507
0.0,5,4.519562
0.0,5,4.528201
0.0,2,4.530189
0.0,5,4.53844
0.0,1,4.540781
0.0,1,4.541899
0.0,2,4.545536
0.0,4,4.552034
0.0,1,4.554665
1.0,15,4.577893
0.0,2,4.581236
0.0,1,4.583071
0.0,1,4.58473
0.0,1,4.586393
0.0,3,4.61502
0.0,6,4.620591
0.0,2,4.622848
0.0,4,4.629527
0.0,9,4.644031
0.0,2,4.649028
0.0,3,4.652441
0.0,1,4.654194
0.0,2,4.65979
0.0,10,4.67393
0.0,2,4.67702
0.0,2,4.680748
0.0,1,4.682037
0.0,2,4.68571
0.0,1,4.687134
0.0,1,4.688872
0.0,2,4.692635
0.0,5,4.70279
0.0,1,4.703831
0.0,1,4.704753
0.0,4,4.712681
0.0,8,4.723694
0.0,3,4.728974
0.0,5,4.736883
0.0,2,4.740615
0.0,1,4.742052
0.0,2,4.74552
0.0,4,4.752069
0.0,1,4.754793
0.0,2,4.75705
0.0,2,4.760362
0.0,1,4.762083
0.0,1,4.765044
0.0,5,4.772049
0.0,1,4.773846
0.0,3,4.778783
0.0,4,4.785304
0.0,6,4.79566
0.0,19,4.825361
0.0,7,4.836844
0.0,15,4.860862
0.0,4,5.056059
0.0,6,5.07127
0.0,2,5.073818
0.0,3,5.078305
0.0,3,5.081889
0.0,5,5.089623
0.0,2,5.093039
0.0,1,5.094713
0.0,1,5.097738
0.0,8,5.10997
0.0,6,5.120481
0.0,1,5.121463
0.0,3,5.126457
0.0,2,5.129619
0.0,1,5.133838
0.0,3,5.136645
0.0,1,5.138173
0.0,7,5.14955
0.0,2,5.152981
0.0,1,5.154655
0.0,2,5.159017
0.0,2,5.161262
0.0,1,5.162998
0.0,3,5.167966
0.0,1,5.171018
0.0,2,5.173071
0.0,2,5.177025
0.0,1,5.178222
0.0,2,5.181596
0.0,4,5.18795
0.0,6,5.198974
0.0,3,5.202648
0.0,1,5.204722
0.0,3,5.212517
0.0,1,5.213627
0.0,8,5.222543
0.0,2,5.224614
0.0,17,5.24208
0.0,2,5.244428
0.0,1,5.245571
0.0,1,5.248901
0.0,1,5.24984
0.0,6,5.255517
0.0,3,5.258974
0.0,2,5.261086
0.0,13,5.275605
0.0,4,5.282266
0.0,2,5.285617
0.0,7,5.297367
0.0,1,5.298712
0.0,2,5.301891
0.0,1,5.304468
0.0,6,5.313339
0.0,1,5.315779
0.0,2,5.31853
0.0,8,5.331571
0.0,2,5.334952
0.0,7,5.355872
0.0,3,5.358866
0.0,6,5.36712
0.0,5,5.375859
0.0,2,5.377973
0.0,1,5.379719
0.0,1,5.38166
0.0,1,5.386801
0.0,4,5.39074
0.0,1,5.392545
0.0,14,5.41924
0.0,2,5.421186
0.0,6,5.434641
0.0,1,5.435817
0.0,7,5.446866
0.0,10,5.464887
0.0,1,5.466438
0.0,3,5.473247
0.0,2,5.47687
0.0,2,5.481019
0.0,6,5.489017
0.0,1,5.492075
0.0,1,5.493088
0.0,3,5.497387
0.0,2,5.500688
0.0,7,5.511675
0.0,4,5.51852
0.0,1,5.520324
0.0,2,5.523738
0.0,2,5.528029
0.0,1,5.5291
0.0,1,5.530082
0.0,1,5.532484
0.0,5,5.540043
0.0,5,5.549082
0.0,1,5.550475
0.0,3,5.555719
0.0,4,5.565103
0.0,1,5.566202
0.0,3,5.57061
0.0,1,5.571739
0.0,1,5.574693
0.0,1,5.575688
0.0,2,5.58
0.0,1,5.581031
0.0,5,5.591346
0.0,2,5.593221
0.0,5,5.602466
0.0,1,5.603442
0.0,4,5.611822
0.0,1,5.612848
0.0,5,5.619329
0.0,4,5.625892
0.0,6,5.637644
0.0,2,5.63967
0.0,9,5.6544
0.0,5,5.663927
0.0,1,5.664944
0.0,3,5.66858
0.0,4,5.675409
0.0,1,5.676983
0.0,2,5.68079
0.0,2,5.683623
0.0,5,5.6919
0.0,1,5.693701
0.0,5,5.701648
0.0,2,5.70591
0.0,4,5.712019
0.0,5,5.721369
0.0,3,5.724673
0.0,7,5.736163
0.0,2,5.73955
0.0,3,5.744552
0.0,1,5.747853
0.0,3,5.751286
0.0,4,5.758873
0.0,1,5.759839
0.0,2,5.762955
0.0,5,5.773561
0.0,3,5.77645
0.0,2,5.779624
0.0,9,5.794645
0.0,4,5.800805
0.0,5,5.809064
0.0,1,5.810802
0.0,7,5.822089
0.0,1,5.823881
0.0,2,5.827207
0.0,2,5.830745
0.0,11,5.848348
0.0,4,5.855623
0.0,1,5.8568
0.0,3,5.862317
0.0,1,5.863647
0.0,1,5.865499
0.0,2,5.870792
0.0,3,5.87374
0.0,4,5.88016
0.0,5,5.889076
0.0,6,5.899119
0.0,3,5.903111
0.0,1,5.906871
0.0,1,5.907912
0.0,8,5.920539
0.0,1,5.921934
0.0,2,5.925242
0.0,7,5.93667
0.0,1,5.938433
0.0,4,5.945621
0.0,3,5.95024
0.0,1,5.951694
0.0,1,5.955058
0.0,3,5.958321
0.0,1,5.960063
0.0,3,5.965746
0.0,3,5.969886
0.0,1,5.971639
0.0,1,5.973246
0.0,1,5.975059
0.0,5,5.9902
0.0,1,5.991409
0.0,1,5.992975
0.0,5,6.003095
0.0,8,6.01484
0.0,3,6.019428
0.0,6,6.029518
0.0,2,6.032469
0.0,1,6.034152
0.0,4,6.040784
0.0,1,6.042464
0.0,1,6.044194
0.0,1,6.046517
0.0,2,6.050391
0.0,2,6.052846
0.0,2,6.057032
0.0,3,6.060834
0.0,3,6.066658
0.0,4,6.072915
0.0,2,6.076314
0.0,7,6.088292
0.0,1,6.089559
0.0,6,6.099386
0.0,2,6.102521
0.0,2,6.10573
0.0,1,6.108427
0.0,3,6.112568
0.0,5,6.119848
0.0,5,6.129921
0.0,9,6.144981
0.0,2,6.147013
0.0,3,6.151796
0.0,1,6.154785
0.0,13,6.175656
0.0,4,6.182321
0.0,11,6.199042
0.0,2,6.2024
0.0,2,6.205807
0.0,1,6.20755
0.0,4,6.214771
0.0,6,6.224144
0.0,1,6.225644
0.0,5,6.233952
0.0,1,6.237035
0.0,3,6.240636
0.0,1,6.243716
0.0,2,6.245806
0.0,3,6.250726
0.0,1,6.252476
0.0,2,6.255721
0.0,7,6.269461
0.0,6,6.276888
0.0,1,6.280021
0.0,2,6.281986
0.0,2,6.285372
0.0,3,6.290331
0.0,1,6.292551
0.0,1,6.293901
0.0,2,6.297213
0.0,3,6.302499
0.0,1,6.303775
0.0,10,6.320129
0.0,2,6.323897
0.0,2,6.326893
0.0,10,6.344362
0.0,2,6.346607
0.0,1,6.348296
0.0,2,6.351754
0.0,1,6.35364
0.0,2,6.356728
0.0,2,6.359974
0.0,1,6.361749
0.0,1,6.363653
0.0,2,6.366761
0.0,1,6.370281
0.0,1,6.371244
0.0,2,6.373455
0.0,2,6.376905
0.0,3,6.381823
0.0,8,6.394979
0.0,2,6.400001
0.0,5,6.406535
0.0,5,6.415637
0.0,3,6.420764
0.0,2,6.423114
0.0,2,6.426416
0.0,2,6.429788
0.0,2,6.433645
0.0,1,6.434906
0.0,1,6.436539
0.0,4,6.442872
0.0,1,6.444466
0.0,1,6.447862
0.0,7,6.45827
0.0,1,6.459804
0.0,6,6.47011
0.0,5,6.478755
0.0,4,6.4842
0.0,1,6.485996
0.0,6,6.499036
0.0,1,6.500043
0.0,5,6.50444
0.0,3,6.509204
0.0,1,6.510196
0.0,15,6.525829
0.0,1,6.526947
0.0,4,6.531567
0.0,2,6.533773
0.0,1,6.534978
0.0,2,6.537472
0.0,3,6.540865
0.0,3,6.544591
0.0,2,6.546817
0.0,2,6.549341
0.0,1,6.550747
0.0,2,6.553071
0.0,1,6.554275
0.0,2,6.556591
0.0,1,6.55797
0.0,1,6.559376
0.0,4,6.564191
0.0,2,6.566597
0.0,7,6.574111
0.0,4,6.579229
0.0,4,6.583973
0.0,2,6.586115
0.0,3,6.59072
0.0,2,6.593136
0.0,3,6.597608
0.0,2,6.601423
0.0,2,6.603912
0.0,14,6.627589
0.0,1,6.628703
0.0,1,6.629803
0.0,10,6.645916
0.0,1,6.647607
0.0,3,6.651935
0.0,3,6.657763
0.0,1,6.658772
0.0,10,6.675049
0.0,3,6.68053
0.0,1,6.682583
0.0,1,6.683712
0.0,2,6.686944
0.0,1,6.688596
0.0,6,6.700022
0.0,2,6.702044
0.0,3,6.706565
0.0,4,6.714427
0.0,2,6.716625
0.0,4,6.725536
0.0,3,6.729552
0.0,1,6.7306
0.0,2,6.733796
0.0,2,6.73691
0.0,2,6.740041
0.0,1,6.741792
0.0,1,6.743197
0.0,5,6.752369
0.0,7,6.763572
0.0,1,6.764861
0.0,1,6.767649
0.0,7,6.779269
0.0,9,6.794381
0.0,1,6.795823
0.0,4,6.801939
0.0,4,6.808537
0.0,5,6.81702
0.0,2,6.820041
0.0,3,6.824757
0.0,4,6.833856
0.0,2,6.8359
0.0,1,6.83709
0.0,1,6.839629
0.0,6,6.850464
0.0,1,6.851443
0.0,9,6.866147
0.0,1,6.867339
0.0,5,6.875148
0.0,4,6.881885
0.0,1,6.883543
0.0,3,6.888517
0.0,1,6.890199
0.0,1,6.894592
0.0,2,6.896603
0.0,4,6.902243
0.0,2,6.905837
0.0,9,6.920166
0.0,4,6.926771
0.0,4,6.933219
0.0,4,6.939813
0.0,10,6.957325
0.0,2,6.959541
0.0,1,6.961215
0.0,2,6.965466
0.0,3,7.014394
0.0,1,7.020335
0.0,1,7.065208
0.0,1,7.070264
0.0,1,7.071306
0.0,2,7.082003
0.0,2,7.13359
0.0,3,7.139928
0.0,2,7.163244
0.0,3,7.168678
0.0,4,7.173766
0.0,1,7.176989
0.0,5,7.183593
0.0,1,7.184847
0.0,1,7.186359
0.0,2,7.190107
0.0,5,7.199192
0.0,1,7.200191
0.0,1,7.201487
0.0,1,7.204007
0.0,5,7.211315
0.0,8,7.225052
0.0,1,7.226222
0.0,1,7.227924
0.0,3,7.232805
0.0,1,7.234554
0.0,3,7.240625
0.0,1,7.241607
0.0,6,7.251233
0.0,1,7.252628
0.0,1,7.254375
0.0,2,7.257751
0.0,1,7.259506
0.0,4,7.26605
0.0,6,7.275722
0.0,4,7.282297
0.0,2,7.285797
0.0,1,7.287457
0.0,1,7.29082
0.0,3,7.294105
0.0,3,7.29917
0.0,2,7.302608
0.0,1,7.304094
0.0,6,7.313904
0.0,3,7.318663
0.0,1,7.320401
0.0,2,7.323774
0.0,1,7.325483
0.0,1,7.327252
0.0,3,7.331221
0.0,1,7.334713
0.0,2,7.33675
0.0,6,7.350022
0.0,2,7.352147
0.0,2,7.354873
0.0,2,7.358125
0.0,5,7.363996
0.0,5,7.372073
0.0,2,7.374831
0.0,3,7.379441
0.0,1,7.38062
0.0,3,7.383643
0.0,1,7.384854
0.0,3,7.388418
0.0,6,7.400276
0.0,1,7.40122
0.0,5,7.412729
0.0,7,7.421321
0.0,3,7.427226
0.0,2,7.431774
0.0,1,7.432682
0.0,3,7.438359
1.0,9,7.457951
0.0,4,7.465901
0.0,9,7.479466
0.0,2,7.481672
0.0,5,7.487811
0.0,3,7.491894
0.0,2,7.494905
0.0,17,7.532292
1.0,28,7.578976
0.0,4,7.586234
0.0,25,7.635602
0.0,8,7.648989
0.0,9,7.665972
0.0,13,7.693559
0.0,8,7.702624
0.0,4,7.706639
0.0,1,7.709062
0.0,14,7.730536
0.0,4,7.740217
0.0,10,7.756932
0.0,6,7.768951
0.0,11,7.791767
0.0,6,7.801724
0.0,5,7.812836
0.0,6,7.820472
0.0,6,7.832821
0.0,5,7.838629
0.0,4,7.842698
0.0,4,7.848803
0.0,2,7.853536
0.0,5,7.860005
0.0,5,7.868515
0.0,3,7.874558
0.0,6,7.882882
0.0,6,7.894663
0.0,9,7.90923
0.0,3,7.912206
0.0,2,7.915792
0.0,8,7.925879
0.0,1,7.928979
0.0,3,7.932881
0.0,1,7.93384
0.0,1,7.934977
1.0,26,7.979204
0.0,1,7.98239
0.0,13,8.003141
0.0,1,8.004948
0.0,15,8.031921
0.0,6,8.043717
0.0,16,8.075763
0.0,2,8.079173
0.0,8,8.092943
0.0,6,8.102038
0.0,11,8.125001
0.0,7,8.138422
0.0,12,8.160024
0.0,4,8.165068
0.0,6,8.173362
1.0,8,8.185045
0.0,7,8.195857
1.0,8,8.208702
0.0,5,8.215483
0.0,19,8.251511
0.0,13,8.272079
0.0,2,8.274349
0.0,1,8.278123
0.0,10,8.297462
0.0,5,8.306882
0.0,8,8.327764
0.0,14,8.350477
0.0,4,8.356864
0.0,1,8.357919
0.0,1,8.360315
0.0,10,8.374844
0.0,1,8.375812
0.0,1,8.377683
0.0,7,8.389673
0.0,1,8.391258
0.0,5,8.39891
0.0,6,8.40944
0.0,11,8.429685
0.0,2,8.43461
0.0,2,8.437579
0.0,1,8.438844
0.0,1,8.439729
0.0,1,8.442458
0.0,1,8.443749
0.0,3,8.44981
0.0,2,8.453195
0.0,6,8.466562
0.0,1,8.467587
0.0,1,8.469223
0.0,3,8.47503
0.0,6,8.483497
0.0,1,8.484869
0.0,2,8.488199
0.0,1,8.489605
0.0,2,8.494105
0.0,9,8.508495
0.0,1,8.509444
0.0,1,8.513401
0.0,1,8.515096
0.0,1,8.515978
0.0,3,8.521416
0.0,4,8.525641
0.0,1,8.528396
0.0,4,8.534122
0.0,7,8.55388
0.0,3,8.55969
0.0,3,8.564806
0.0,4,8.572621
0.0,2,8.578332
0.0,1,8.580771
0.0,9,8.597536
0.0,1,8.598994
0.0,1,8.599928
0.0,3,8.605268
0.0,1,8.609335
0.0,3,8.614144
0.0,14,8.637233
0.0,7,8.649189
0.0,1,8.650692
0.0,1,8.651572
0.0,7,8.665487
0.0,3,8.670548
0.0,2,8.673
0.0,2,8.675698
0.0,9,8.697695
0.0,1,8.701068
0.0,9,8.719462
0.0,7,8.729886
0.0,7,8.744957
1.0,9,8.760947
0.0,3,8.765034
0.0,2,8.767983
0.0,5,8.776249
0.0,1,8.778963
0.0,6,8.785682
0.0,4,8.791255
0.0,4,8.798043
0.0,1,8.799212
0.0,23,8.835716
0.0,1,8.839266
0.0,3,8.842738
0.0,1,8.844025
0.0,3,8.850194
0.0,3,8.854051
0.0,12,8.873693
0.0,8,8.885877
0.0,13,8.9094
0.0,2,8.911589
0.0,5,8.919509
0.0,4,8.928807
0.0,18,8.963509
0.0,1,8.965127
0.0,4,8.971028
0.0,5,8.981964
0.0,1,8.982879
0.0,4,8.98789
0.0,3,8.99317
0.0,3,8.996927
0.0,9,9.011213
0.0,1,9.013968
0.0,2,9.016329
0.0,6,9.028886
0.0,4,9.03686
0.0,2,9.040268
0.0,1,9.041194
0.0,4,9.046897
0.0,2,9.0505
0.0,5,9.058517
0.0,3,9.062649
0.0,11,9.263561
0.0,6,9.275014
0.0,2,9.277401
0.0,3,9.284684
0.0,1,9.286447
0.0,1,9.288629
0.0,2,9.291811
0.0,2,9.294915
0.0,1,9.296525
0.0,9,9.313704
0.0,3,9.319352
0.0,4,9.326945
0.0,1,9.328677
0.0,3,9.334557
0.0,2,9.340301
0.0,1,9.341657
0.0,2,9.344927
0.0,1,9.346263
0.0,3,9.352255
0.0,2,9.356927
0.0,2,9.361174
0.0,4,9.367264
0.0,6,9.378877
0.0,1,9.380602
0.0,1,9.381475
0.0,1,9.385326
0.0,5,9.393873
1.0,7,9.407012
0.0,4,9.41482
0.0,5,9.425546
0.0,3,9.430104
0.0,1,9.432151
0.0,3,9.435688
0.0,1,9.438557
1.0,12,9.464014
0.0,2,9.468771
0.0,3,9.472079
0.0,4,9.478242
0.0,6,9.490885
0.0,1,9.493804
0.0,2,9.496167
0.0,5,9.504568
0.0,4,9.514605
0.0,2,9.517264
0.0,6,9.528589
0.0,1,9.529553
0.0,5,9.536582
0.0,7,9.548888
0.0,7,9.562066
0.0,7,9.575564
0.0,4,9.58153
0.0,5,9.589894
0.0,4,9.598977
0.0,4,9.605101
0.0,2,9.608138
0.0,20,9.646209
0.0,3,9.649978
0.0,2,9.653484
0.0,10,9.674768
0.0,5,9.683554
0.0,3,9.688966
0.0,3,9.694003
0.0,2,9.698596
0.0,2,9.700826
0.0,2,9.704407
0.0,2,9.706564
0.0,2,9.712031
0.0,7,9.724796
0.0,7,9.734818
0.0,4,9.742692
0.0,1,9.744477
0.0,1,9.745358
0.0,1,9.746504
0.0,2,9.75018
0.0,3,9.752956
0.0,2,9.755558
0.0,1,9.758211
0.0,8,9.771458
0.0,2,9.773708
0.0,1,9.7768
0.0,1,9.778612
0.0,6,9.787809
0.0,2,9.792447
0.0,4,9.798154
0.0,1,9.799071
0.0,2,9.801099
0.0,1,9.804757
0.0,2,9.807412
0.0,2,9.812814
0.0,8,9.826175
0.0,2,9.829175
0.0,7,9.840309
0.0,1,9.844098
0.0,2,9.846367
0.0,3,9.852818
0.0,18,9.885674
0.0,2,9.890746
0.0,1,9.891685
0.0,7,9.903517
0.0,1,9.904475
0.0,2,9.908172
0.0,8,9.922804
0.0,5,9.932767
0.0,4,9.940761
0.0,1,9.941678
0.0,1,9.943762
0.0,6,9.959671
0.0,1,9.960629
0.0,8,9.976018
0.0,7,9.990902
0.0,5,10.000518
0.0,7,10.011281
0.0,3,10.017483
0.0,1,10.019108
0.0,6,10.029543
0.0,3,10.035927
0.0,1,10.036849
0.0,7,10.048564
0.0,1,10.049612
0.0,3,10.055781
0.0,5,10.063643
0.0,2,10.068387
0.0,4,10.075608
0.0,1,10.078768
0.0,2,10.081226
0.0,1,10.082444
0.0,1,10.08337
0.0,2,10.085638
0.0,4,10.090795
0.0,1,10.093699
0.0,2,10.09568
0.0,2,10.097849
0.0,1,10.098767
0.0,6,10.109232
0.0,3,10.115358
0.0,5,10.12492
0.0,5,10.133641
0.0,1,10.135014
0.0,3,10.141675
0.0,6,10.153182
0.0,10,10.171546
0.0,3,10.177334
0.0,1,10.178282
0.0,1,10.17968
0.0,36,10.248139
0.0,15,10.275013
0.0,3,10.280287
0.0,1,10.281215
0.0,7,10.291744
0.0,1,10.29496
0.0,1,10.296425
0.0,5,10.304677
0.0,3,10.30984
0.0,4,10.316285
0.0,12,10.336509
0.0,3,10.341138
0.0,5,10.349404
0.0,5,10.360215
0.0,1,10.362164
0.0,1,10.364783
0.0,1,10.366464
0.0,1,10.367343
0.0,3,10.371121
0.0,3,10.376646
0.0,1,10.377859
0.0,2,10.38185
0.0,6,10.394321
0.0,8,10.407959
0.0,7,10.421971
0.0,1,10.425398
0.0,1,10.42634
0.0,3,10.429522
0.0,1,10.430453
0.0,6,10.43999
0.0,1,10.442537
0.0,3,10.445908
0.0,1,10.449011
0.0,1,10.450287
0.0,2,10.454461
0.0,2,10.457129
0.0,1,10.461156
0.0,3,10.465056
0.0,8,10.480701
0.0,1,10.482223
0.0,3,10.485977
0.0,4,10.491236
0.0,1,10.494634
0.0,5,10.503594
0.0,1,10.505244
0.0,1,10.506146
0.0,1,10.508876
0.0,7,10.522249
0.0,1,10.5232
0.0,5,10.531061
0.0,5,10.541656
0.0,3,10.545996
0.0,1,10.546905
0.0,4,10.553168
0.0,7,10.563982
0.0,1,10.567459
0.0,1,10.568945
0.0,3,10.572593
0.0,12,10.597116
0.0,2,10.601675
0.0,4,10.606833
0.0,1,10.607765
0.0,1,10.610198
0.0,2,10.613931
0.0,1,10.615586
0.0,5,10.623863
0.0,4,10.630216
0.0,2,10.632694
0.0,1,10.635255
0.0,4,10.641197
0.0,8,10.656582
0.0,1,10.657539
0.0,4,10.667647
0.0,4,10.67232
0.0,6,10.679671
0.0,12,10.699332
0.0,1,10.703102
0.0,1,10.704568
0.0,2,10.706654
0.0,2,10.711481
0.0,6,10.723622
0.0,1,10.724573
0.0,2,10.747379
0.0,1,10.74942
0.0,3,10.754932
0.0,1,10.756627
0.0,8,10.767881
0.0,11,10.788759
0.0,3,10.794616
0.0,2,10.797147
0.0,1,10.800508
0.0,2,10.802538
0.0,6,10.80882
0.0,2,10.811725
0.0,1,10.812635
0.0,1,10.814683
0.0,14,10.839441
0.0,3,10.842819
0.0,2,10.845603
0.0,4,10.852327
0.0,7,10.864959
0.0,3,10.868482
0.0,1,10.87009
0.0,2,10.872968
0.0,3,10.876756
0.0,1,10.879541
0.0,1,10.883754
0.0,12,10.90506
0.0,1,10.906101
0.0,2,10.908722
0.0,3,10.914156
0.0,6,10.925933
0.0,3,10.931191
0.0,2,10.933875
0.0,3,10.941985
0.0,1,10.944772
0.0,5,10.952062
0.0,3,10.957809
0.0,2,10.960245
0.0,2,10.96562
0.0,2,10.970254
0.0,2,10.972705
0.0,1,10.974771
0.0,2,10.978342
0.0,8,10.992449
0.0,9,11.009481
0.0,2,11.011957
0.0,6,11.024293
0.0,3,11.028993
0.0,4,11.036801
0.0,1,11.037727
0.0,1,11.039958
0.0,5,11.050782
0.0,1,11.051726
0.0,6,11.059317
0.0,6,11.067715
0.0,2,11.072551
0.0,2,11.075074
0.0,2,11.07852
0.0,1,11.080094
0.0,5,11.090234
0.0,9,11.108881
0.0,5,11.11755
0.0,3,11.123598
0.0,1,11.124851
0.0,3,11.130202
0.0,6,11.13841
0.0,5,11.146468
0.0,5,11.157779
0.0,3,11.163449
0.0,1,11.164847
0.0,3,11.352093
0.0,2,11.365644
0.0,2,11.368021
0.0,2,11.370004
0.0,6,11.375771
0.0,2,11.377778
0.0,3,11.380892
0.0,3,11.384276
0.0,3,11.389329
0.0,4,11.396024
0.0,2,11.398841
0.0,2,11.402548
0.0,6,11.410904
0.0,4,11.42059
0.0,3,11.424588
0.0,4,11.433945
0.0,2,11.436563
0.0,2,11.439513
0.0,1,11.44083
0.0,2,11.443691
0.0,10,11.458366
0.0,3,11.4652
0.0,4,11.470061
0.0,2,11.472759
0.0,2,11.47676
0.0,5,11.482864
0.0,1,11.483785
0.0,4,11.491452
0.0,5,11.497975
0.0,5,11.507019
0.0,1,11.509974
0.0,1,11.511706
0.0,1,11.512587
0.0,2,11.514655
0.0,1,11.517797
0.0,7,11.527898
0.0,5,11.539274
0.0,8,11.553749
0.0,3,11.55811
0.0,6,11.568336
0.0,2,11.570808
0.0,2,11.574249
0.0,2,11.576592
0.0,1,11.578606
0.0,4,11.586935
0.0,4,11.594407
0.0,2,11.597051
0.0,3,11.602439
0.0,7,11.611429
0.0,1,11.613121
0.0,3,11.617949
0.0,1,11.62096
0.0,1,11.622677
0.0,1,11.623552
0.0,1,11.625077
0.0,1,11.625993
0.0,1,11.629348
0.0,1,11.630622
0.0,1,11.631484
0.0,9,11.649676
0.0,2,11.654817
0.0,1,11.656512
0.0,1,11.657379
0.0,4,11.662987
0.0,4,11.668996
0.0,1,11.671731
0.0,5,11.679948
0.0,3,11.685265
0.0,5,11.696626
0.0,2,11.699236
0.0,6,11.711143
0.0,2,11.714144
0.0,3,11.718768
0.0,2,11.723542
0.0,2,11.727775
0.0,2,11.73035
0.0,3,11.735146
0.0,2,11.738519
0.0,7,11.752292
0.0,1,11.755267
0.0,2,11.758229
0.0,6,11.76801
0.0,1,11.770778
0.0,4,11.777167
0.0,5,11.790095
0.0,5,11.797077
0.0,1,11.799778
0.0,1,11.801418
0.0,2,11.804351
0.0,1,11.805277
0.0,1,11.809069
0.0,2,11.811428
0.0,1,11.815368
0.0,1,11.817102
0.0,7,11.829901
0.0,1,11.832952
0.0,3,11.837559
0.0,2,11.839683
0.0,1,11.842379
0.0,2,11.844415
0.0,3,11.850081
0.0,1,11.850994
0.0,2,11.85368
0.0,2,11.858172
0.0,1,11.859106
0.0,2,11.861649
0.0,3,11.86552
0.0,4,11.872191
0.0,2,11.876517
0.0,3,11.880011
0.0,2,11.883008
0.0,9,11.898588
0.0,1,11.89956
0.0,2,11.903214
0.0,1,11.90485
0.0,1,11.905724
0.0,4,11.910849
0.0,3,11.915838
0.0,1,11.916773
0.0,2,11.920077
0.0,3,11.924913
0.0,1,11.926205
0.0,6,11.935142
0.0,1,11.937317
0.0,9,11.953999
0.0,1,11.954958
1.0,9,11.973005
0.0,1,11.973987
0.0,3,11.979612
0.0,2,11.984384
0.0,1,11.986749
0.0,3,11.992586
0.0,1,11.994114
0.0,3,11.99766
0.0,1,12.00011
0.0,3,12.005776
0.0,1,12.007622
0.0,1,12.008537
0.0,1,12.012331
0.0,7,12.025066
0.0,1,12.026748
0.0,3,12.031101
0.0,1,12.033344
0.0,3,12.038693
0.0,2,12.041194
0.0,6,12.04907
0.0,2,12.052703
0.0,2,12.054683
0.0,2,12.059397
0.0,1,12.060306
0.0,8,12.074678
0.0,2,12.07944
0.0,1,12.081008
0.0,7,12.092721
0.0,2,12.095255
0.0,4,12.105354
0.0,7,12.119709
0.0,2,12.123198
0.0,7,12.137166
0.0,2,12.139957
0.0,1,12.142117
0.0,2,12.14483
0.0,2,12.147268
0.0,1,12.148221
0.0,12,12.174836
0.0,5,12.184446
0.0,2,12.188363
0.0,1,12.189306
0.0,3,12.195373
0.0,4,12.199914
0.0,1,12.202943
0.0,1,12.204548
0.0,8,12.215918
0.0,2,12.219715
0.0,4,12.226817
0.0,1,12.227781
0.0,1,12.230202
0.0,1,12.231193
0.0,1,12.233319
0.0,1,12.234241
0.0,1,12.238229
0.0,1,12.240051
0.0,4,12.246311
0.0,4,12.254851
0.0,3,12.259072
0.0,2,12.261516
0.0,1,12.26484
0.0,1,12.266652
0.0,2,12.271228
0.0,2,12.273519
0.0,1,12.275111
0.0,1,12.276023
0.0,1,12.277865
0.0,4,12.285151
0.0,4,12.2911
0.0,3,12.295566
0.0,6,12.315933
0.0,1,12.324594
0.0,1,12.326988
0.0,1,12.330412
0.0,3,12.336112
0.0,2,12.339966
0.0,2,12.343169
0.0,3,12.347097
0.0,3,12.352882
0.0,1,12.355179
0.0,1,12.356092
0.0,2,12.359647
0.0,1,12.360873
0.0,1,12.361777
0.0,1,12.363832
0.0,1,12.364721
0.0,8,12.378609
0.0,1,12.38019
0.0,1,12.381078
0.0,4,12.390245
0.0,5,12.398642
0.0,5,12.405864
0.0,7,12.41754
0.0,1,12.419278
0.0,5,12.425995
0.0,3,12.430835
0.0,3,12.433646
0.0,1,12.435803
0.0,3,12.441316
0.0,4,12.447403
0.0,3,12.454118
0.0,8,12.467308
0.0,3,12.473861
0.0,5,12.485312
0.0,2,12.487325
0.0,4,12.493648
0.0,4,12.503303
0.0,1,12.50515
0.0,1,12.506029
0.0,2,12.508506
0.0,4,12.513881
0.0,2,12.518883
0.0,1,12.519778
0.0,6,12.527895
0.0,7,12.541464
0.0,7,12.549074
0.0,2,12.551831
0.0,5,12.560948
0.0,2,12.563113
0.0,1,12.564046
0.0,1,12.565854
0.0,5,12.572742
0.0,2,12.575594
0.0,6,12.587887
0.0,6,12.600126
0.0,15,12.631699
0.0,2,12.634754
0.0,12,12.65658
0.0,3,12.662005
0.0,5,12.675828
0.0,3,12.679997
0.0,2,12.682908
0.0,8,12.699513
0.0,5,12.707099
0.0,1,12.708736
0.0,2,12.711917
0.0,2,12.714074
0.0,2,12.719613
0.0,3,12.725384
0.0,2,12.727389
0.0,5,12.733498
0.0,7,12.743234
0.0,3,12.748157
0.0,1,12.749076
0.0,5,12.757107
0.0,5,12.766766
0.0,6,12.776335
0.0,5,12.786191
0.0,1,12.787987
0.0,1,12.788917
0.0,3,12.794254
0.0,6,12.805357
0.0,7,12.818594
0.0,3,12.824343
0.0,5,12.834987
0.0,3,12.839924
0.0,1,12.843465
0.0,9,12.861237
0.0,5,12.869888
0.0,3,12.873983
0.0,3,12.881101
0.0,8,12.894903
0.0,1,12.89584
0.0,1,12.897935
0.0,4,12.903543
0.0,6,12.919618
0.0,3,12.924767
0.0,2,12.927428
0.0,3,12.933985
0.0,1,12.93696
0.0,1,12.938961
0.0,5,12.946548
0.0,3,12.951173
0.0,4,12.95976
0.0,11,12.978446
0.0,8,12.99259
0.0,1,12.994778
0.0,2,12.998344
0.0,9,13.013119
0.0,1,13.01521
0.0,3,13.019474
0.0,1,13.020853
0.0,2,13.02469
0.0,1,13.026258
0.0,9,13.043201
1.0,22,13.080746
0.0,6,13.0931
0.0,1,13.09521
0.0,1,13.096123
0.0,7,13.11089
0.0,5,13.116878
0.0,2,13.119769
0.0,1,13.121961
0.0,2,13.125959
0.0,1,13.129791
0.0,1,13.131476
0.0,4,13.137898
0.0,7,13.147976
0.0,4,13.154859
0.0,4,13.160814
0.0,7,13.174684
0.0,1,13.175661
0.0,1,13.178272
0.0,1,13.179164
0.0,2,13.181517
0.0,1,13.184166
0.0,1,13.185089
0.0,1,13.187191
0.0,1,13.188106
0.0,6,13.200547
0.0,1,13.202108
0.0,1,13.203017
0.0,15,13.232431
0.0,4,13.237844
0.0,1,13.238767
0.0,4,13.246592
0.0,2,13.2503
0.0,10,13.266351
0.0,1,13.268806
0.0,6,13.467654
0.0,5,13.475538
0.0,2,13.477564
0.0,6,13.483697
0.0,8,13.495944
0.0,3,13.500875
0.0,2,13.503288
0.0,1,13.504232
0.0,4,13.513329
0.0,3,13.517838
0.0,1,13.518848
0.0,5,13.527782
0.0,1,13.529183
0.0,3,13.534708
0.0,1,13.535617
0.0,6,13.547309
0.0,1,13.54908
0.0,1,13.550001
0.0,4,13.555531
0.0,3,13.561227
0.0,4,13.566456
0.0,1,13.568079
0.0,2,13.570249
0.0,21,13.606067
0.0,2,13.60898
0.0,6,13.621331
0.0,4,13.627066
0.0,14,13.653429
0.0,14,13.683148
0.0,8,13.6997
0.0,7,13.71234
0.0,2,13.714842
0.0,24,13.761297
0.0,4,13.767077
1.0,11,13.78609
0.0,13,13.813094
0.0,2,13.815664
0.0,6,13.825338
0.0,3,13.82996
0.0,1,13.833414
0.0,6,13.845358
0.0,3,13.851286
0.0,2,13.853853
0.0,1,13.855868
0.0,1,13.856782
0.0,1,13.859594
0.0,2,13.86212
0.0,7,13.874672
0.0,4,13.881152
0.0,1,13.884392
0.0,2,13.886595
0.0,9,13.904001
0.0,1,13.905299
0.0,3,13.907884
0.0,5,13.91505
0.0,3,13.920057
0.0,1,13.921834
0.0,1,13.924366
0.0,3,13.928785
0.0,1,13.93013
0.0,4,13.936671
0.0,15,13.961784
0.0,4,13.967965
0.0,1,13.96964
0.0,1,13.971811
0.0,1,13.973186
0.0,1,13.974894
0.0,1,13.976573
0.0,5,13.985629
0.0,3,13.989725
0.0,3,13.994763
0.0,3,13.999697
0.0,1,14.001394
0.0,1,14.003082
0.0,9,14.017477
0.0,1,14.019293
0.0,1,14.021678
0.0,4,14.027599
0.0,3,14.033766
0.0,1,14.034748
0.0,2,14.037505
0.0,10,14.053861
0.0,1,14.055611
0.0,1,14.05765
0.0,7,14.069181
0.0,1,14.070357
0.0,2,14.073695
0.0,1,14.075406
0.0,5,14.084715
0.0,2,14.086859
0.0,4,14.093454
0.0,1,14.095252
0.0,4,14.101758
0.0,1,14.10355
0.0,8,14.11642
1.0,8,14.131496
0.0,1,14.13253
0.0,3,14.136174
0.0,1,14.137897
0.0,1,14.141135
0.0,2,14.143133
0.0,4,14.149798
0.0,3,14.154887
0.0,2,14.158234
0.0,3,14.16353
0.0,4,14.172201
0.0,3,14.175078
0.0,8,14.188614
0.0,2,14.191311
0.0,6,14.203506
0.0,3,14.206347
0.0,1,14.207891
0.0,1,14.209561
0.0,1,14.21298
0.0,2,14.214997
0.0,5,14.225253
0.0,2,14.22713
0.0,4,14.233104
0.0,6,14.242989
0.0,2,14.246326
0.0,4,14.252869
0.0,1,14.254669
0.0,3,14.260635
0.0,1,14.261597
0.0,1,14.263045
0.0,2,14.267407
0.0,1,14.268401
0.0,1,14.269982
0.0,1,14.271643
0.0,3,14.276605
0.0,1,14.278368
0.0,4,14.284869
0.0,4,14.29147
0.0,6,14.303025
0.0,1,14.30403
0.0,1,14.304971
0.0,5,14.31432
0.0,6,14.324361
0.0,2,14.326229
0.0,2,14.330078
0.0,5,14.339437
0.0,3,14.342664
0.0,2,14.347009
0.0,4,14.352709
0.0,1,14.354409
0.0,6,14.365055
0.0,3,14.369984
0.0,1,14.371021
0.0,4,14.377664
0.0,9,14.392358
0.0,10,14.408587
0.0,4,14.415241
0.0,1,14.416964
0.0,2,14.420632
0.0,1,14.421951
0.0,2,14.425752
0.0,2,14.428608
0.0,3,14.433431
0.0,1,14.43522
0.0,1,14.437633
0.0,1,14.438653
0.0,5,14.446722
0.0,5,14.454986
0.0,2,14.458259
0.0,2,14.462722
0.0,1,14.463668
0.0,3,14.468594
0.0,5,14.478408
0.0,3,14.481379
0.0,2,14.484639
0.0,2,14.488607
0.0,9,14.502656
0.0,4,14.509192
0.0,1,14.510913
0.0,12,14.530438
0.0,1,14.532117
0.0,7,14.545508
0.0,5,14.551819
0.0,1,14.553416
0.0,1,14.555683
0.0,1,14.556808
0.0,1,14.558561
0.0,2,14.562503
0.0,1,14.563784
0.0,3,14.568679
0.0,1,14.570431
0.0,1,14.572633
0.0,1,14.573807
0.0,11,14.593329
0.0,1,14.594303
0.0,3,14.598611
0.0,1,14.600019
0.0,6,14.609815
0.0,6,14.619682
0.0,6,14.629403
0.0,1,14.631111
0.0,1,14.632888
0.0,1,14.63477
0.0,1,14.636263
0.0,1,14.638049
0.0,1,14.639706
0.0,2,14.643744
0.0,1,14.644838
0.0,5,14.652969
0.0,4,14.65955
0.0,7,14.672112
0.0,6,14.682363
0.0,1,14.683367
0.0,3,14.687711
0.0,1,14.6895
0.0,1,14.691642
0.0,1,14.692797
0.0,1,14.694585
0.0,3,14.699565
0.0,1,14.701344
0.0,3,14.706221
0.0,5,14.714341
0.0,5,14.722624
0.0,7,14.734063
0.0,5,14.744427
0.0,3,14.747336
0.0,2,14.750563
0.0,1,14.753827
0.0,3,14.757202
0.0,4,14.763856
0.0,1,14.76566
0.0,1,14.767305
0.0,3,14.772179
0.0,8,14.785618
0.0,29,14.831901
0.0,1,14.833782
0.0,1,14.835425
0.0,6,14.845253
0.0,1,14.847047
0.0,1,14.848759
0.0,1,14.85066
0.0,5,14.859573
0.0,7,14.870324
0.0,6,14.880412
0.0,1,14.881982
0.0,9,14.896378
1.0,45,14.968844
0.0,1,14.970695
0.0,2,14.97463
0.0,5,14.984546
0.0,2,14.986434
0.0,6,14.996412
0.0,1,14.997389
0.0,1,14.998983
0.0,3,15.004705
0.0,8,15.017222
0.0,5,15.025237
0.0,3,15.030185
0.0,1,15.031875
0.0,3,15.036788
0.0,1,15.038663
0.0,5,15.048246
0.0,2,15.050125
0.0,12,15.06934
0.0,1,15.072541
0.0,2,15.074389
0.0,3,15.079456
0.0,1,15.080974
0.0,2,15.084504
0.0,4,15.090808
0.0,2,15.094172
0.0,3,15.099564
0.0,1,15.100883
0.0,1,15.103588
0.0,8,15.116275
0.0,3,15.13102
0.0,2,15.133118
0.0,1,15.134087
0.0,4,15.137505
0.0,3,15.140694
0.0,3,15.145535
0.0,4,15.1525
0.0,1,15.153806
0.0,4,15.160362
0.0,1,15.16206
0.0,2,15.167098
0.0,2,15.168937
0.0,2,15.172133
0.0,2,15.175429
0.0,3,15.18035
0.0,3,15.185519
0.0,3,15.190352
0.0,2,15.193648
0.0,1,15.19571
0.0,8,15.210032
0.0,1,15.211142
0.0,1,15.212273
0.0,1,15.213924
0.0,5,15.22212
0.0,1,15.223939
0.0,4,15.230479
0.0,4,15.236944
0.0,4,15.243607
0.0,4,15.25225
0.0,6,15.262437
0.0,1,15.263452
0.0,2,15.265367
0.0,3,15.270095
0.0,3,15.27502
0.0,1,15.276739
0.0,4,15.283469
0.0,2,15.287035
0.0,1,15.288363
0.0,5,15.296447
0.0,2,15.299769
0.0,3,15.304637
0.0,3,15.310621
0.0,8,15.322795
0.0,2,15.326586
0.0,1,15.32796
0.0,5,15.336185
0.0,1,15.337909
0.0,6,15.348499
0.0,2,15.351129
0.0,7,15.362592
0.0,1,15.364401
0.0,1,15.367729
0.0,4,15.375473
0.0,2,15.423609
0.0,7,15.502173
0.0,3,15.554376
0.0,2,15.55895
0.0,5,15.567698
0.0,5,15.574259
0.0,1,15.575656
0.0,1,15.577024
0.0,3,15.581323
0.0,2,15.584791
0.0,4,15.591248
0.0,4,15.597809
0.0,22,15.632963
0.0,6,15.642705
0.0,8,15.6565
0.0,5,15.665755
0.0,3,15.668946
0.0,4,15.675429
0.0,7,15.687163
0.0,7,15.698159
0.0,12,15.717723
0.0,18,15.746858
0.0,2,15.750615
0.0,1,15.75193
0.0,1,15.753631
0.0,1,15.755545
0.0,8,15.768534
0.0,4,15.775131
0.0,6,15.785011
0.0,5,15.793058
0.0,4,15.799612
0.0,1,15.801404
0.0,1,15.803079
0.0,4,15.809602
0.0,4,15.816207
0.0,3,15.821131
0.0,4,15.827615
0.0,4,15.834427
0.0,3,15.839004
0.0,10,15.854954
0.0,5,15.863336
1.0,24,15.901901
0.0,3,15.90926
0.0,2,15.91116
0.0,3,15.915219
0.0,4,15.921682
0.0,3,15.926659
0.0,6,15.936559
0.0,1,15.939781
0.0,8,15.951362
0.0,3,15.95701
0.0,9,15.971653
0.0,4,15.977628
0.0,4,15.984261
0.0,1,15.985967
0.0,2,15.991068
0.0,2,15.993005
0.0,1,15.994596
0.0,2,15.997901
0.0,6,16.007604
0.0,1,16.010817
0.0,2,16.012705
0.0,3,16.017427
0.0,8,16.030504
0.0,1,16.032325
0.0,1,16.034798
0.0,3,16.039777
0.0,1,16.040745
0.0,5,16.048424
0.0,1,16.051794
0.0,2,16.053582
0.0,1,16.055201
0.0,3,16.060167
0.0,1,16.061868
0.0,1,16.063562
0.0,1,16.065279
0.0,1,16.067639
0.0,2,16.070296
0.0,2,16.074021
0.0,1,16.075371
0.0,3,16.080261
0.0,1,16.081974
0.0,4,16.0887
0.0,1,16.090248
0.0,1,16.093258
0.0,4,16.098574
0.0,6,16.109178
0.0,1,16.110113
0.0,1,16.11164
0.0,4,16.118141
0.0,3,16.123615
0.0,1,16.124686
0.0,1,16.126371
0.0,1,16.12799
0.0,1,16.130003
0.0,2,16.133068
0.0,3,16.137995
0.0,3,16.143902
0.0,4,16.149282
0.0,1,16.152052
0.0,1,16.153037
0.0,1,16.154404
0.0,7,16.166744
0.0,1,16.167887
0.0,2,16.17216
0.0,1,16.173362
0.0,13,16.193902
0.0,1,16.195198
0.0,1,16.196279
0.0,6,16.205214
0.0,10,16.220535
0.0,2,16.225309
0.0,3,16.228365
0.0,1,16.229339
0.0,2,16.233421
0.0,2,16.235614
0.0,1,16.239215
1.0,6,16.246243
0.0,1,16.248782
0.0,8,16.262415
0.0,2,16.26463
0.0,6,16.273406
0.0,5,16.28366
0.0,1,16.284868
0.0,16,16.308607
0.0,1,16.309823
0.0,7,16.322313
0.0,7,16.332459
0.0,1,16.335415
0.0,4,16.3424
0.0,6,16.351382
0.0,1,16.352366
0.0,3,16.356327
0.0,1,16.359021
0.0,6,16.367895
0.0,5,16.375461
0.0,1,16.376515
0.0,1,16.38002
0.0,9,16.391615
0.0,4,16.398775
0.0,1,16.402275
0.0,1,16.403541
0.0,2,16.405859
0.0,3,16.411598
0.0,11,16.42723
0.0,8,16.437896
0.0,4,16.444599
0.0,9,16.459499
0.0,5,16.467611
0.0,5,16.475643
0.0,1,16.479024
0.0,4,16.493499
0.0,6,16.498913
0.0,4,16.50284
0.0,6,16.512397
0.0,1,16.514116
0.0,1,16.515786
0.0,2,16.519936
0.0,2,16.522532
0.0,2,16.525707
0.0,7,16.537086
0.0,1,16.538875
0.0,2,16.542132
0.0,1,16.544647
0.0,5,16.55206
0.0,5,16.560503
0.0,5,16.568453
0.0,4,16.57504
0.0,3,16.58084
0.0,8,16.595071
0.0,4,16.600612
0.0,14,16.623051
0.0,6,16.632091
0.0,3,16.636913
0.0,2,16.640327
0.0,4,16.647612
0.0,11,16.664729
0.0,1,16.66647
0.0,6,16.674595
0.0,3,16.678262
0.0,6,16.684949
0.0,1,16.685904
0.0,4,16.690445
0.0,1,16.69182
0.0,3,16.695094
0.0,1,16.696189
0.0,21,16.71968
0.0,8,16.732085
0.0,16,16.757813
0.0,6,16.76768
0.0,2,16.771024
0.0,1,16.772813
0.0,1,16.774986
0.0,8,16.787506
0.0,1,16.789251
0.0,3,16.79429
0.0,10,16.810187
0.0,1,16.811946
0.0,11,16.829947
0.0,3,16.835915
0.0,15,16.85931
0.0,1,16.86105
0.0,5,16.869429
0.0,9,16.884043
0.0,5,16.893106
0.0,30,16.939443
0.0,2,16.943373
0.0,11,16.961291
0.0,7,16.971066
0.0,2,16.975649
0.0,17,17.000644
0.0,3,17.006292
0.0,3,17.009062
0.0,14,17.032531
0.0,13,17.053066
0.0,21,17.088657
0.0,7,17.098334
0.0,23,17.136417
0.0,25,17.175879
1.0,8,17.188978
0.0,1,17.190726
0.0,14,17.213631
0.0,1,17.215163
0.0,6,17.22576
0.0,17,17.254953
0.0,2,17.256874
0.0,1,17.257915
0.0,4,17.264179
0.0,8,17.277341
0.0,12,17.296576
0.0,1,17.29842
0.0,3,17.30479
0.0,1,17.30583
0.0,1,17.306909
0.0,2,17.311826
0.0,12,17.330002
0.0,6,17.339578
0.0,1,17.34133
0.0,2,17.344649
0.0,1,17.346368
0.0,11,17.365572
0.0,11,17.382117
0.0,1,17.383879
0.0,5,17.391959
0.0,7,17.403281
0.0,1,17.40509
0.0,5,17.413197
0.0,3,17.418139
0.0,3,17.423151
0.0,2,17.426485
0.0,4,17.434227
0.0,4,17.439604
0.0,5,17.44874
0.0,6,17.457676
0.0,11,17.513483
0.0,4,17.521584
0.0,3,17.571913
0.0,4,17.634307
0.0,1,17.665939
0.0,1,17.667307
0.0,1,17.669075
0.0,1,17.670845
0.0,7,17.682025
0.0,2,17.686104
0.0,4,17.690733
0.0,1,17.692579
0.0,11,17.710032
0.0,7,17.722609
0.0,8,17.741092
0.0,5,17.74591
0.0,1,17.748531
0.0,1,17.749525
0.0,2,17.752459
0.0,3,17.757882
0.0,1,17.759143
0.0,2,17.762486
0.0,3,17.767608
0.0,2,17.771985
0.0,3,17.775784
0.0,1,17.777356
0.0,3,17.782573
0.0,2,17.785781
0.0,1,17.799669
0.0,2,17.80298
0.0,2,17.804837
0.0,2,17.806774
0.0,1,17.807877
0.0,1,17.80889
0.0,1,17.809791
0.0,1,17.810968
0.0,1,17.812238
0.0,5,17.821172
0.0,1,17.823071
0.0,4,17.832755
0.0,2,17.834776
0.0,11,17.852334
0.0,1,17.854126
0.0,1,17.858384
0.0,1,17.859804
0.0,5,17.868165
0.0,4,17.875546
0.0,1,17.880331
0.0,4,17.888019
0.0,4,17.894956
0.0,6,17.905524
0.0,2,17.912327
0.0,8,17.923992
0.0,1,17.92797
0.0,5,17.934228
0.0,6,17.944873
0.0,1,17.947681
0.0,1,17.948665
0.0,1,17.951093
0.0,1,17.952226
0.0,8,17.96569
0.0,2,17.968925
0.0,1,17.971459
0.0,11,17.988796
0.0,3,17.993985
0.0,7,18.005364
0.0,6,18.015146
0.0,3,18.018924
0.0,9,18.029312
0.0,6,18.036278
0.0,6,18.043213
0.0,3,18.047402
0.0,1,18.048736
0.0,1,18.050487
0.0,2,18.053981
0.0,11,18.072078
0.0,3,18.075586
0.0,4,18.081624
0.0,3,18.086522
0.0,5,18.095636
0.0,34,18.150134
0.0,14,18.173048
0.0,3,18.178478
0.0,4,18.184725
0.0,2,18.188358
0.0,4,18.194697
0.0,8,18.207888
0.0,6,18.21815
0.0,3,18.222795
0.0,2,18.226248
0.0,2,18.229795
0.0,8,18.252498
0.0,10,18.263617
0.0,3,18.272424
0.0,5,18.27796
0.0,4,18.287223
0.0,3,18.292946
0.0,5,18.301338
0.0,4,18.308839
0.0,11,18.330457
0.0,14,18.355527
0.0,15,18.383143
0.0,3,18.386801
0.0,8,18.401777
0.0,10,18.415904
0.0,2,18.421026
0.0,25,18.459654
0.0,6,18.469614
0.0,3,18.475051
0.0,3,18.48003
0.0,3,18.484947
0.0,5,18.493025
0.0,4,18.499597
0.0,5,18.507659
0.0,4,18.514238
0.0,5,18.522927
0.0,9,18.537118
0.0,4,18.543635
0.0,7,18.555877
0.0,12,18.574438
0.0,8,18.589894
0.0,27,18.631014
0.0,14,18.655055
0.0,4,18.660816
0.0,3,18.665189
0.0,15,18.689276
0.0,4,18.695765
0.0,3,18.700655
0.0,3,18.708316
0.0,8,18.718977
0.0,11,18.736334
0.0,4,18.742935
0.0,3,18.748599
0.0,13,18.769264
0.0,3,18.773959
0.0,6,18.783792
0.0,17,18.810916
0.0,4,18.818213
0.0,4,18.824209
0.0,7,18.835859
0.0,1,18.837304
0.0,7,18.850862
0.0,2,18.852882
0.0,1,18.854069
0.0,1,18.855738
0.0,2,18.860424
0.0,2,18.86237
0.0,7,18.873931
0.0,1,18.875535
0.0,3,18.880552
0.0,4,18.886991
0.0,1,18.890501
0.0,5,18.897478
0.0,5,18.905607
0.0,2,18.909506
0.0,8,18.92161
0.0,2,18.925899
0.0,7,18.936461
0.0,1,18.938128
0.0,1,18.939884
0.0,3,18.944846
0.0,3,18.949841
0.0,1,18.951539
0.0,8,18.965867
0.0,1,18.966829
0.0,1,18.968406
0.0,10,18.984622
0.0,20,19.017022
0.0,6,19.027057
0.0,1,19.028795
0.0,4,19.035485
0.0,1,19.037102
0.0,9,19.051662
0.0,1,19.053404
0.0,3,19.05831
0.0,2,19.063056
0.0,1,19.064032
0.0,2,19.066713
0.0,3,19.071649
0.0,4,19.078167
0.0,1,19.079887
0.0,3,19.09933
0.0,2,19.10114
0.0,2,19.102891
0.0,3,19.105419
0.0,5,19.114189
1.0,21,19.145639
0.0,8,19.158483
0.0,5,19.166624
0.0,2,19.17016
0.0,4,19.178274
0.0,4,19.183318
0.0,2,19.186733
0.0,1,19.188334
0.0,3,19.193792
0.0,2,19.196702
0.0,1,19.198375
0.0,5,19.208169
0.0,3,19.211524
0.0,1,19.213976
0.0,1,19.215061
0.0,3,19.221071
0.0,1,19.22205
0.0,4,19.228084
0.0,3,19.232992
0.0,1,19.235035
0.0,4,19.241151
0.0,2,19.244874
0.0,2,19.24784
0.0,2,19.252458
0.0,2,19.254406
0.0,2,19.257664
0.0,9,19.272284
0.0,8,19.285654
0.0,2,19.289416
0.0,1,19.290639
0.0,2,19.293924
0.0,5,19.302037
0.0,2,19.305341
0.0,1,19.307101
0.0,6,19.316784
0.0,1,19.318674
0.0,1,19.320147
0.0,5,19.328474
0.0,5,19.336725
0.0,5,19.345104
0.0,3,19.349946
0.0,4,19.359882
0.0,1,19.36082
0.0,3,19.367177
0.0,1,19.36858
0.0,1,19.369899
0.0,1,19.370945
0.0,6,19.379444
0.0,2,19.381486
0.0,1,19.385073
0.0,1,19.3863
0.0,1,19.387425
0.0,5,19.3959
0.0,4,19.400703
0.0,4,19.406249
1.0,12,19.425513
0.0,3,19.428529
0.0,5,19.436898
0.0,5,19.445758
0.0,2,19.448162
0.0,6,19.459376
0.0,3,19.46321
0.0,2,19.465483
0.0,1,19.466859
0.0,5,19.475434
0.0,17,19.501285
0.0,21,19.535206
0.0,8,19.547587
0.0,3,19.553939
0.0,3,19.557518
0.0,19,19.779269
0.0,4,19.782578
0.0,5,19.788097
0.0,2,19.792913
0.0,1,19.794046
0.0,2,19.796412
0.0,4,19.80056
0.0,3,19.8063
0.0,9,19.824834
0.0,1,19.825907
0.0,4,19.829299
0.0,2,19.832195
0.0,1,19.835064
0.0,1,19.836134
0.0,1,19.837423
0.0,2,19.841593
0.0,1,19.842515
0.0,3,19.849698
0.0,1,19.850678
0.0,3,19.853938
0.0,2,19.862365
0.0,2,19.864288
0.0,8,19.874099
0.0,5,19.882178
0.0,3,19.888587
0.0,1,19.889557
0.0,5,19.897326
0.0,1,19.89871
0.0,7,19.911856
0.0,9,19.924917
0.0,6,19.935034
0.0,4,19.940806
0.0,1,19.942436
0.0,1,19.945703
0.0,6,19.957684
0.0,11,19.976974
0.0,2,19.980353
0.0,4,19.986955
0.0,3,19.992631
0.0,3,19.997973
0.0,3,20.002989
0.0,2,20.00516
0.0,1,20.006913
0.0,2,20.012051
0.0,3,20.015316
0.0,1,20.017064
0.0,6,20.026905
0.0,7,20.038893
0.0,4,20.045189
0.0,5,20.054145
0.0,1,20.055213
0.0,2,20.058435
0.0,1,20.060105
0.0,6,20.069779
0.0,2,20.073227
0.0,1,20.075051
1.0,12,20.095036
0.0,2,20.097583
0.0,1,20.099996
0.0,12,20.120513
0.0,4,20.125663
0.0,2,20.129963
0.0,4,20.13626
0.0,4,20.144822
0.0,4,20.149113
0.0,7,20.16207
0.0,5,20.168812
0.0,4,20.176838
0.0,8,20.190403
0.0,5,20.196728
0.0,6,20.206626
0.0,3,20.212608
0.0,5,20.222397
0.0,16,20.245959
0.0,1,20.247721
0.0,6,20.258368
0.0,11,20.277725
0.0,8,20.289547
0.0,4,20.295298
0.0,9,20.309967
0.0,1,20.313578
0.0,12,20.333703
0.0,4,20.337951
0.0,11,20.355637
0.0,17,20.38305
0.0,16,20.413958
0.0,9,20.430412
1.0,17,20.45561
0.0,9,20.470417
0.0,2,20.473833
0.0,13,20.495649
0.0,7,20.507536
0.0,14,20.529229
0.0,20,20.563272
0.0,11,20.580107
0.0,4,20.585782
0.0,2,20.589157
0.0,37,20.650308
0.0,13,20.671218
0.0,10,20.685999
0.0,16,20.711847
0.0,9,20.726516
0.0,26,20.768424
1.0,32,20.822446
0.0,6,20.829973
0.0,2,20.834082
0.0,4,20.840153
0.0,7,20.85336
0.0,5,20.859907
0.0,11,20.879429
0.0,10,20.894225
0.0,4,20.900823
0.0,17,20.929807
0.0,6,20.938398
0.0,12,20.960381
0.0,6,20.967793
0.0,5,20.976148
0.0,11,20.994024
0.0,5,21.002768
0.0,4,21.011244
0.0,6,21.018806
0.0,18,21.048108
0.0,18,21.078336
0.0,2,21.08089
0.0,6,21.092484
0.0,10,21.108831
0.0,13,21.128968
0.0,1,21.129987
0.0,20,21.162102
0.0,7,21.173517
0.0,9,21.188134
0.0,10,21.204344
0.0,3,21.210272
0.0,3,21.214274
0.0,4,21.221256
0.0,10,21.23963
0.0,7,21.250364
0.0,14,21.272149
0.0,2,21.275187
0.0,23,21.312377
0.0,4,21.320899
0.0,2,21.322717
0.0,9,21.337287
0.0,3,21.342288
0.0,6,21.352071
0.0,19,21.382645
0.0,1,21.384482
0.0,3,21.389316
0.0,5,21.399455
0.0,7,21.408901
0.0,10,21.424872
0.0,7,21.436377
0.0,9,21.450915
0.0,8,21.464076
0.0,3,21.468979
0.0,2,21.472592
1.0,14,21.504189
0.0,3,21.507199
0.0,14,21.524759
0.0,12,21.544581
0.0,3,21.549768
0.0,5,21.559134
0.0,4,21.564188
0.0,4,21.570818
0.0,10,21.588759
0.0,5,21.596262
0.0,8,21.609328
0.0,7,21.620764
0.0,8,21.63415
0.0,3,21.638668
0.0,2,21.642634
0.0,6,21.651885
0.0,6,21.663312
0.0,11,21.714274
0.0,4,21.847536
0.0,4,21.850637
0.0,12,21.891067
0.0,10,21.906461
0.0,4,21.912848
0.0,9,21.927843
0.0,6,21.937764
0.0,1,21.939716
0.0,3,21.944853
0.0,2,21.948243
0.0,9,21.962849
0.0,5,21.972479
0.0,14,21.993808
1.0,26,22.036037
0.0,12,22.055739
0.0,9,22.069735
0.0,12,22.093631
0.0,2,22.098581
0.0,11,22.112405
0.0,1,22.115877
0.0,1,22.116823
0.0,18,22.146524
0.0,20,22.182261
0.0,8,22.193518
0.0,3,22.199611
0.0,9,22.215297
0.0,5,22.223441
0.0,8,22.234669
1.0,25,22.278483
0.0,38,22.334563
0.0,11,22.349886
0.0,14,22.371244
0.0,2,22.37384
0.0,8,22.386703
0.0,17,22.414113
0.0,17,22.44166
0.0,5,22.450074
0.0,4,22.459804
0.0,4,22.463775
0.0,18,22.492802
0.0,5,22.501208
0.0,3,22.507037
0.0,7,22.517816
0.0,18,22.54668
0.0,14,22.571587
0.0,3,22.574832
0.0,6,22.585685
0.0,5,22.592802
0.0,11,22.612221
0.0,9,22.62164
0.0,7,22.629371
0.0,6,22.641504
0.0,6,22.648881
0.0,26,22.711691
0.0,13,22.725235
0.0,5,22.733386
0.0,4,22.741155
0.0,6,22.750927
0.0,4,22.757011
0.0,12,22.775748
1.0,41,22.841522
0.0,9,22.856223
1.0,16,22.88364
0.0,11,22.900442
0.0,6,22.909483
0.0,26,22.951588
0.0,12,22.97134
0.0,9,22.985902
0.0,16,23.014281
0.0,7,23.025054
0.0,5,23.031646
0.0,3,23.039329
0.0,9,23.052066
0.0,10,23.069829
0.0,15,23.091716
0.0,3,23.096872
0.0,6,23.106777
0.0,24,23.145638
0.0,13,23.16827
0.0,21,23.200403
0.0,6,23.210325
0.0,9,23.225178
0.0,12,23.245361
0.0,10,23.260741
0.0,6,23.270629
0.0,10,23.286919
0.0,10,23.30523
0.0,6,23.312975
0.0,3,23.31816
0.0,25,23.358368
0.0,16,23.385071
0.0,2,23.387746
0.0,3,23.392817
0.0,6,23.402561
0.0,8,23.415587
0.0,2,23.419459
0.0,12,23.438623
0.0,13,23.459756
0.0,8,23.47398
0.0,4,23.480156
0.0,5,23.487453
0.0,8,23.500387
0.0,7,23.514131
0.0,13,23.534975
0.0,15,23.55765
0.0,9,23.57221
0.0,6,23.582459
0.0,10,23.600413
0.0,14,23.62145
0.0,8,23.633747
0.0,23,23.670681
0.0,6,23.68063
0.0,15,23.704896
0.0,21,23.756778
0.0,2,23.759714
0.0,28,23.990455
0.0,5,23.999149
0.0,5,24.005801
0.0,14,24.029409
1.0,8,24.04164
0.0,9,24.056339
0.0,7,24.068128
0.0,4,24.074238
0.0,3,24.081117
0.0,10,24.095386
0.0,8,24.108991
0.0,2,24.11265
0.0,3,24.117225
0.0,6,24.128137
0.0,13,24.148185
0.0,14,24.170702
0.0,6,24.182193
0.0,3,24.185477
0.0,6,24.195209
1.0,38,24.256511
0.0,14,24.281671
0.0,7,24.29204
0.0,6,24.300912
0.0,29,24.348144
0.0,10,24.365495
0.0,9,24.378701
0.0,13,24.401191
0.0,3,24.405159
0.0,14,24.430346
0.0,13,24.449664
0.0,6,24.459156
0.0,18,24.488417
0.0,8,24.501615
0.0,7,24.514339
0.0,2,24.516366
0.0,3,24.521024
0.0,17,24.548264
0.0,7,24.559659
0.0,8,24.572687
0.0,4,24.581307
0.0,6,24.59108
0.0,23,24.626471
0.0,14,24.649054
0.0,10,24.665295
0.0,3,24.670178
0.0,3,24.675133
0.0,15,24.699095
0.0,18,24.728068
0.0,8,24.741186
0.0,7,24.752449
0.0,5,24.761926
0.0,1,24.762926
0.0,9,24.776777
0.0,16,24.802937
0.0,13,24.82396
0.0,7,24.835458
0.0,20,24.869021
0.0,10,24.884453
0.0,7,24.895126
0.0,11,24.912946
0.0,2,24.917393
0.0,2,24.919595
0.0,8,24.932596
0.0,6,24.943161
0.0,5,24.952451
0.0,6,24.982096
0.0,3,24.984774
0.0,11,24.998246
0.0,9,25.013552
0.0,6,25.022467
0.0,15,25.046602
0.0,21,25.082051
0.0,16,25.106531
0.0,11,25.125083
0.0,15,25.151067
0.0,5,25.158066
0.0,6,25.16787
0.0,6,25.177653
0.0,17,25.205602
0.0,8,25.218637
0.0,22,25.254328
0.0,11,25.272172
0.0,5,25.281246
0.0,5,25.290294
0.0,14,25.311191
0.0,5,25.319901
0.0,13,25.34086
0.0,4,25.349592
0.0,2,25.351475
0.0,5,25.360091
0.0,9,25.374244
0.0,2,25.377271
0.0,10,25.394882
0.0,5,25.401409
0.0,11,25.420552
0.0,1,25.421659
0.0,10,25.439655
0.0,3,25.442479
0.0,10,25.459405
0.0,3,25.46397
0.0,2,25.468766
0.0,9,25.482157
0.0,9,25.496967
0.0,7,25.508872
0.0,21,25.542244
1.0,15,25.568051
0.0,6,25.576482
0.0,5,25.584577
0.0,1,25.587435
0.0,7,25.598047
0.0,6,25.607503
0.0,3,25.6124
0.0,4,25.618986
0.0,9,25.633594
0.0,3,25.638631
0.0,6,25.649631
0.0,2,25.652015
0.0,2,25.655393
0.0,2,25.659604
0.0,2,25.662077
0.0,7,25.673362
0.0,3,25.6786
0.0,4,25.684693
0.0,2,25.688593
0.0,12,25.707135
0.0,1,25.708898
0.0,1,25.710639
0.0,1,25.712622
0.0,2,25.715986
0.0,4,25.722586
0.0,3,25.727311
0.0,1,25.72905
0.0,1,25.730736
0.0,1,25.732616
0.0,4,25.739003
0.0,6,25.750958
0.0,6,25.760985
0.0,4,25.765446
0.0,6,25.775041
0.0,5,25.783383
0.0,2,25.78675
0.0,4,25.79332
0.0,9,25.807509
0.0,1,25.809258
0.0,5,25.817325
0.0,5,25.825441
0.0,10,25.843569
0.0,4,25.848261
0.0,2,25.851936
0.0,2,25.855164
0.0,4,25.861681
0.0,4,25.86844
0.0,4,25.874879
0.0,5,26.074739
0.0,4,26.081429
0.0,2,26.084539
0.0,13,26.102626
0.0,1,26.104455
0.0,4,26.110955
0.0,8,26.124675
0.0,2,26.127302
0.0,3,26.132632
0.0,3,26.137353
0.0,3,26.142601
0.0,2,26.145579
0.0,3,26.150487
0.0,13,26.171178
0.0,4,26.177792
0.0,5,26.186009
0.0,5,26.194299
0.0,2,26.197651
0.0,5,26.205801
0.0,5,26.214188
0.0,7,26.226261
0.0,2,26.22895
0.0,3,26.234045
0.0,7,26.245508
0.0,1,26.24715
0.0,2,26.250516
0.0,6,26.260711
0.0,4,26.268425
0.0,1,26.269418
0.0,7,26.279659
1.0,13,26.300566
0.0,2,26.303877
0.0,1,26.317765
0.0,2,26.327392
0.0,5,26.331778
0.0,12,26.350621
0.0,2,26.354602
0.0,9,26.369197
0.0,2,26.372181
0.0,2,26.377845
0.0,5,26.384462
0.0,1,26.385591
0.0,3,26.390515
0.0,1,26.392308
0.0,7,26.404629
0.0,6,26.414258
0.0,14,26.436009
0.0,8,26.449026
0.0,9,26.46359
0.0,4,26.471838
0.0,18,26.499214
0.0,3,26.504163
0.0,2,26.509078
0.0,12,26.528935
0.0,4,26.533329
0.0,11,26.550917
0.0,5,26.559973
0.0,5,26.568808
0.0,1,26.569801
0.0,4,26.575669
0.0,7,26.588086
0.0,2,26.591722
0.0,2,26.595201
0.0,3,26.600042
0.0,4,26.608463
0.0,2,26.610312
0.0,8,26.623742
0.0,8,26.635856
0.0,7,26.647064
0.0,14,26.669528
0.0,4,26.676081
0.0,2,26.67962
0.0,3,26.684311
0.0,1,26.685976
0.0,1,26.689095
0.0,4,26.694228
0.0,1,26.69606
0.0,2,26.700431
0.0,17,26.726717
0.0,3,26.732632
0.0,15,26.757309
0.0,10,26.772102
0.0,4,26.778118
0.0,5,26.786253
0.0,3,26.791191
0.0,4,26.797758
0.0,1,26.799509
0.0,1,26.801872
0.0,5,26.810057
0.0,7,26.821097
0.0,2,26.824609
0.0,1,26.826209
0.0,4,26.832814
0.0,2,26.837744
0.0,3,26.841047
0.0,2,26.844388
0.0,8,26.857292
0.0,4,26.863854
0.0,1,26.865627
0.0,2,26.868947
0.0,4,26.875836
0.0,2,26.878967
0.0,4,26.8858
0.0,2,26.889593
0.0,2,26.892429
0.0,6,26.90211
0.0,5,26.910431
0.0,1,26.912214
0.0,1,26.913898
0.0,2,26.917167
0.0,3,26.9226
0.0,1,26.923943
0.0,1,26.92565
0.0,2,26.930414
0.0,1,26.931368
0.0,8,26.943623
0.0,3,26.94862
0.0,1,26.950304
0.0,1,26.953861
0.0,5,26.960363
0.0,1,26.962166
0.0,1,26.963838
0.0,7,26.975384
0.0,6,26.984729
0.0,2,26.98857
0.0,3,26.992901
0.0,1,26.994697
0.0,4,27.001333
0.0,4,27.010126
0.0,3,27.01319
0.0,2,27.01636
0.0,4,27.022859
0.0,12,27.042158
0.0,1,27.043896
0.0,3,27.048779
0.0,1,27.050556
0.0,6,27.06045
0.0,1,27.062666
0.0,3,27.067629
0.0,1,27.068847
0.0,6,27.078872
0.0,1,27.080378
0.0,8,27.093273
1.0,19,27.123907
0.0,1,27.125475
0.0,1,27.127217
0.0,6,27.136965
0.0,1,27.13877
0.0,9,27.153255
0.0,2,27.156342
0.0,3,27.161395
0.0,5,27.170522
0.0,1,27.171673
0.0,8,27.184379
0.0,4,27.19136
0.0,1,27.192712
0.0,2,27.195902
0.0,4,27.20255
0.0,7,27.214826
0.0,5,27.223445
0.0,3,27.227158
0.0,2,27.230674
0.0,2,27.233982
0.0,1,27.235718
0.0,3,27.240615
0.0,1,27.243183
0.0,3,27.248274
0.0,2,27.250404
0.0,1,27.252051
0.0,10,27.268231
0.0,1,27.271426
0.0,1,27.272368
0.0,5,27.281133
0.0,2,27.283275
0.0,1,27.284981
0.0,6,27.29543
0.0,1,27.296404
0.0,3,27.301359
0.0,1,27.302932
0.0,6,27.312644
0.0,18,27.34153
0.0,6,27.351523
0.0,1,27.353311
0.0,4,27.36218
0.0,1,27.36324
0.0,1,27.364136
0.0,4,27.369803
0.0,1,27.371529
0.0,1,27.373731
0.0,6,27.382956
0.0,7,27.394265
0.0,4,27.402028
0.0,3,27.405808
0.0,1,27.408839
0.0,9,27.422675
0.0,2,27.425942
0.0,2,27.42939
0.0,3,27.434911
0.0,1,27.435942
0.0,1,27.437604
0.0,4,27.444598
0.0,2,27.447655
0.0,1,27.449321
0.0,9,27.463971
0.0,1,27.467089
0.0,4,27.473032
0.0,4,27.478864
0.0,1,27.480536
0.0,3,27.486004
0.0,1,27.487187
0.0,3,27.492456
0.0,5,27.500225
0.0,1,27.501907
0.0,3,27.506927
0.0,2,27.510262
0.0,5,27.520711
0.0,5,27.526611
0.0,2,27.530892
0.0,2,27.533316
0.0,3,27.538239
0.0,2,27.541835
0.0,6,27.551293
0.0,2,27.554794
0.0,2,27.558105
0.0,3,27.563014
0.0,2,27.568007
0.0,11,27.584128
0.0,3,27.589075
0.0,4,27.59563
0.0,2,27.598868
0.0,3,27.603685
0.0,1,27.605442
0.0,2,27.608699
0.0,2,27.612012
0.0,3,27.61761
0.0,11,27.635622
0.0,2,27.638112
0.0,2,27.642271
0.0,3,27.646295
0.0,3,27.651592
0.0,4,27.660205
0.0,4,27.66475
0.0,1,27.666412
0.0,1,27.6682
0.0,1,27.670639
0.0,3,27.674783
0.0,5,27.682814
0.0,3,27.687663
0.0,1,27.690214
0.0,1,27.691163
0.0,5,27.700043
0.0,4,27.708308
0.0,4,27.712365
0.0,1,27.714043
0.0,6,27.72441
0.0,1,27.725683
0.0,3,27.73055
0.0,6,27.740252
0.0,1,27.741982
0.0,2,27.745445
0.0,2,27.749386
0.0,2,27.752166
0.0,2,27.755646
0.0,1,27.757407
0.0,2,27.782688
0.0,2,27.784776
0.0,2,27.786471
0.0,3,27.789605
0.0,1,27.791134
0.0,3,27.796009
0.0,3,27.800917
0.0,2,27.804626
0.0,6,27.815079
0.0,1,27.816068
0.0,5,27.825047
0.0,7,27.835177
0.0,1,27.83693
0.0,4,27.844789
0.0,1,27.845784
0.0,4,27.851897
0.0,13,27.873876
0.0,1,27.874893
0.0,2,27.878178
0.0,1,27.881075
0.0,4,27.886369
0.0,2,27.889894
0.0,2,27.893092
0.0,1,27.895548
0.0,2,27.897959
0.0,2,27.902383
0.0,1,27.903323
0.0,3,27.907762
0.0,7,27.919147
0.0,11,27.936885
0.0,1,27.938663
0.0,2,27.941877
0.0,1,27.943648
0.0,1,27.945244
0.0,2,27.948625
0.0,1,27.95063
0.0,2,27.954796
0.0,1,27.955751
0.0,1,27.95718
0.0,5,27.965166
0.0,1,27.96805
0.0,5,27.975462
0.0,1,27.976989
0.0,3,27.998707
0.0,3,28.001076
0.0,6,28.038015
0.0,1,28.051347
0.0,6,28.067022
0.0,1,28.067979
0.0,1,28.06877
0.0,1,28.073695
0.0,1,28.079297
0.0,1,28.082229
0.0,2,28.094645
0.0,4,28.11696
0.0,1,28.117903
0.0,2,28.127215
0.0,1,28.128456
0.0,1,28.129334
0.0,3,28.144776
0.0,2,28.151953
0.0,2,28.155627
0.0,5,28.16234
0.0,3,28.180669
0.0,1,28.181838
0.0,2,28.183925
0.0,1,28.185046
0.0,9,28.19747
0.0,11,28.211685
0.0,1,28.212956
0.0,4,28.217168
0.0,1,28.218481
0.0,2,28.220726
0.0,2,28.222986
0.0,1,28.224126
0.0,4,28.231145
0.0,6,28.239093
0.0,1,28.240107
0.0,2,28.241816
0.0,2,28.244544
0.0,5,28.252557
0.0,3,28.257589
0.0,3,28.26281
0.0,2,28.26615
0.0,1,28.26802
0.0,5,28.276484
0.0,1,28.277881
0.0,4,28.284469
0.0,13,28.306326
0.0,1,28.30811
0.0,2,28.311343
0.0,2,28.314631
0.0,16,28.340171
0.0,4,28.346764
0.0,4,28.353388
0.0,4,28.361046
0.0,1,28.362072
0.0,13,28.382648
0.0,1,28.384441
0.0,2,28.387898
0.0,4,28.394442
0.0,1,28.396222
0.0,1,28.397998
0.0,4,28.404512
0.0,1,28.406285
0.0,5,28.414399
0.0,9,28.429085
0.0,3,28.433974
0.0,12,28.454221
0.0,6,28.463604
0.0,4,28.470424
0.0,2,28.473767
0.0,1,28.475545
0.0,3,28.480553
0.0,3,28.485611
0.0,1,28.487338
0.0,3,28.492328
0.0,2,28.495994
0.0,1,28.497623
0.0,3,28.502523
0.0,2,28.506767
0.0,2,28.509342
0.0,5,28.517961
0.0,2,28.521594
0.0,2,28.524398
0.0,3,28.529614
0.0,4,28.535741
0.0,2,28.539074
0.0,11,28.557232
0.0,1,28.558729
0.0,1,28.56041
0.0,7,28.572554
0.0,3,28.577124
0.0,14,28.600075
1.0,23,28.638217
0.0,3,28.64205
0.0,17,28.669206
0.0,1,28.67097
0.0,5,28.679034
0.0,2,28.682603
0.0,3,28.687111
0.0,3,28.692931
0.0,1,28.693879
0.0,2,28.697753
0.0,8,28.710144
0.0,2,28.713964
0.0,1,28.715209
0.0,1,28.716959
0.0,2,28.720315
0.0,1,28.72198
0.0,8,28.735052
0.0,6,28.744823
0.0,3,28.749799
0.0,6,28.75938
0.0,1,28.761079
0.0,1,28.762729
0.0,2,28.767192
0.0,3,28.771089
0.0,4,28.77767
0.0,4,28.784486
0.0,9,28.800801
0.0,5,28.809662
0.0,5,28.815818
0.0,10,28.832305
0.0,7,28.844033
0.0,8,28.85682
0.0,18,28.887475
0.0,19,28.917129
0.0,5,28.924537
0.0,10,28.940683
0.0,7,28.954265
0.0,5,28.960433
0.0,6,28.970279
0.0,8,28.983211
0.0,1,28.984881
0.0,5,28.99321
0.0,9,29.007766
0.0,11,29.025678
0.0,13,29.046753
0.0,8,29.05976
0.0,5,29.067791
0.0,5,29.076734
0.0,1,29.077914
0.0,3,29.082727
0.0,6,29.092469
0.0,13,29.113481
0.0,3,29.118438
0.0,8,29.131557
0.0,7,29.14295
0.0,4,29.151215
0.0,5,29.157769
0.0,1,29.159669
0.0,7,29.170972
0.0,2,29.175467
0.0,9,29.189377
0.0,1,29.190896
0.0,6,29.200637
0.0,2,29.203996
0.0,3,29.209763
0.0,7,29.222178
0.0,3,29.225044
0.0,8,29.238024
0.0,3,29.265873
0.0,1,29.26769
0.0,2,29.269457
0.0,2,29.271239
0.0,1,29.272208
0.0,3,29.274734
0.0,1,29.275917
0.0,1,29.27736
0.0,2,29.280458
0.0,5,29.288673
0.0,4,29.295317
0.0,2,29.298871
0.0,1,29.300452
0.0,5,29.308933
0.0,2,29.311794
0.0,1,29.314041
0.0,1,29.315248
0.0,1,29.316899
0.0,1,29.318585
0.0,10,29.336044
0.0,2,29.338041
0.0,2,29.341217
0.0,2,29.344601
0.0,1,29.346125
0.0,1,29.349036
0.0,1,29.349957
0.0,7,29.36094
0.0,1,29.362628
0.0,1,29.364773
0.0,5,29.372546
0.0,2,29.375881
0.0,3,29.381025
0.0,1,29.382621
0.0,1,29.385077
0.0,6,29.395469
0.0,3,29.398977
0.0,1,29.401423
0.0,1,29.402519
0.0,2,29.405743
0.0,1,29.409097
0.0,3,29.412394
0.0,4,29.419958
0.0,1,29.420938
0.0,6,29.430435
0.0,4,29.437002
0.0,13,29.459021
0.0,8,29.471194
0.0,4,29.477792
0.0,11,29.495713
0.0,8,29.508713
0.0,12,29.527622
0.0,12,29.540908
0.0,6,29.547472
0.0,8,29.556315
0.0,9,29.567567
0.0,3,29.570191
0.0,2,29.572269
0.0,6,29.579136
0.0,21,29.601709
0.0,10,29.612781
0.0,2,29.614972
0.0,3,29.618445
0.0,4,29.625174
0.0,2,29.627051
0.0,4,29.633331
0.0,11,29.651393
0.0,2,29.654758
0.0,1,29.656532
0.0,1,29.658797
0.0,8,29.671125
0.0,1,29.672919
0.0,20,29.704908
0.0,4,29.711576
0.0,3,29.716743
0.0,3,29.722426
0.0,15,29.745749
0.0,3,29.75162
0.0,2,29.754066
0.0,1,29.755834
0.0,5,29.765067
0.0,8,29.777253
0.0,2,29.780601
0.0,1,29.782247
0.0,3,29.787324
0.0,1,29.789071
0.0,14,29.811739
0.0,6,29.8237
0.0,3,29.826596
0.0,4,29.833077
0.0,4,29.839697
0.0,3,29.844538
0.0,6,29.854156
0.0,14,29.87781
0.0,9,29.892371
0.0,1,29.893576
0.0,4,29.90113
0.0,5,29.907907
0.0,4,29.915629
0.0,2,29.917811
0.0,14,29.940348
0.0,1,29.942067
0.0,3,29.94708
0.0,3,29.952623
0.0,6,29.961875
0.0,2,29.965252
0.0,6,29.975096
0.0,4,29.981755
0.0,1,29.983544
0.0,1,29.987038
0.0,6,29.997188
0.0,4,30.001786
0.0,1,30.003465
0.0,2,30.007617
0.0,3,30.011688
0.0,1,30.014014
0.0,5,30.022546
0.0,2,30.025043
0.0,14,30.047715
0.0,9,30.062438
0.0,9,30.077126
0.0,4,30.11035
0.0,4,30.144248
0.0,3,30.150779
0.0,2,30.20087
0.0,1,30.206811
0.0,1,30.214775
0.0,5,30.28444
0.0,2,30.288306
0.0,3,30.291748
0.0,1,30.293086
0.0,2,30.295672
0.0,1,30.298336
0.0,3,30.301575
0.0,1,30.303043
0.0,5,30.311114
0.0,2,30.314459
0.0,4,30.321345
0.0,2,30.324795
0.0,1,30.326508
0.0,2,30.329975
0.0,1,30.331589
0.0,4,30.3381
0.0,7,30.350294
0.0,5,30.358514
0.0,2,30.361212
0.0,3,30.365994
0.0,4,30.37397
0.0,4,30.379288
0.0,2,30.38266
0.0,1,30.384515
0.0,1,30.386227
0.0,2,30.389616
0.0,1,30.391333
0.0,4,30.39892
0.0,5,30.406299
0.0,1,30.408017
0.0,2,30.41163
0.0,2,30.415015
0.0,2,30.418186
0.0,4,30.424706
0.0,6,30.43447
0.0,2,30.437883
0.0,5,30.447442
0.0,2,30.449621
0.0,1,30.451352
0.0,2,30.455698
0.0,1,30.45667
0.0,4,30.463039
0.0,5,30.471301
0.0,7,30.482679
0.0,8,30.49629
0.0,1,30.497364
0.0,3,30.502469
0.0,6,30.51232
0.0,4,30.51899
0.0,1,30.520925
0.0,2,30.524999
0.0,9,30.540887
0.0,2,30.54279
0.0,4,30.548967
0.0,1,30.550702
0.0,5,30.56085
0.0,8,30.571764
0.0,1,30.574797
0.0,2,30.576815
0.0,2,30.580446
0.0,3,30.585635
0.0,1,30.587388
0.0,2,30.590647
0.0,1,30.5924
0.0,5,30.601155
0.0,4,30.60705
0.0,1,30.608832
0.0,3,30.614637
0.0,4,30.621041
0.0,2,30.624067
0.0,1,30.625779
0.0,8,30.639419
0.0,2,30.642267
0.0,1,30.643962
0.0,1,30.645646
0.0,10,30.683578
0.0,1,30.684574
0.0,1,30.685451
0.0,1,30.686396
0.0,2,30.688148
0.0,1,30.689371
0.0,2,30.693664
0.0,6,30.704189
0.0,1,30.705254
0.0,1,30.706185
0.0,2,30.708912
0.0,2,30.713665
0.0,3,30.717228
0.0,5,30.725526
0.0,4,30.732193
0.0,1,30.733918
0.0,1,30.735657
0.0,1,30.737677
0.0,4,30.743847
0.0,1,30.745604
0.0,1,30.747669
0.0,3,30.75366
0.0,7,30.763809
0.0,6,30.774566
0.0,1,30.77557
0.0,13,30.79868
0.0,3,30.801469
0.0,1,30.8029
0.0,4,30.809411
0.0,7,30.821087
0.0,1,30.822635
0.0,5,30.830687
0.0,4,30.83952
0.0,8,30.851266
0.0,1,30.852371
0.0,1,30.85393
0.0,1,30.856006
0.0,6,30.866224
0.0,4,30.872108
0.0,3,30.879275
0.0,2,30.881191
0.0,3,30.885392
0.0,1,30.887134
0.0,1,30.889766
0.0,1,30.890682
0.0,3,30.89554
0.0,2,30.899614
0.0,1,30.900629
0.0,1,30.902327
0.0,1,30.905031
0.0,2,30.907363
0.0,1,30.90967
0.0,1,30.910758
0.0,1,30.912519
0.0,1,30.914227
0.0,5,30.922363
0.0,10,30.938655
0.0,16,30.96486
0.0,3,30.9707
0.0,5,30.978033
0.0,1,30.981023
0.0,1,30.981955
0.0,1,30.983226
0.0,1,30.985005
0.0,1,30.986997
0.0,10,31.003082
0.0,4,31.009833
0.0,7,31.021329
0.0,8,31.03476
0.0,11,31.053884
0.0,15,31.078612
0.0,7,31.087526
0.0,3,31.09247
0.0,1,31.094164
0.0,1,31.09583
0.0,4,31.102925
0.0,2,31.106008
0.0,1,31.109272
0.0,6,31.119437
0.0,8,31.130379
0.0,14,31.152804
0.0,3,31.157833
0.0,2,31.161458
0.0,3,31.166537
0.0,9,31.180971
0.0,6,31.191561
0.0,1,31.192636
0.0,6,31.20222
0.0,2,31.206375
0.0,3,31.21137
0.0,3,31.21639
0.0,1,31.217395
0.0,3,31.222455
0.0,4,31.229213
0.0,2,31.232506
0.0,8,31.245547
0.0,1,31.247229
0.0,1,31.248883
0.0,1,31.250665
0.0,2,31.254004
0.0,4,31.260664
0.0,1,31.262638
0.0,3,31.268632
0.0,6,31.278767
0.0,2,31.280702
0.0,5,31.289191
0.0,4,31.295557
0.0,1,31.29731
0.0,1,31.299614
0.0,3,31.303969
0.0,2,31.307709
0.0,5,31.315475
0.0,2,31.31971
0.0,5,31.329569
0.0,1,31.330769
0.0,3,31.333957
0.0,1,31.336138
0.0,1,31.337528
0.0,1,31.339226
0.0,3,31.344987
0.0,1,31.346031
0.0,3,31.351073
0.0,4,31.357637
0.0,3,31.363018
0.0,1,31.364358
0.0,2,31.367734
0.0,1,31.370659
0.0,1,31.371614
0.0,3,31.376796
0.0,2,31.379683
0.0,5,31.388088
0.0,9,31.40268
0.0,4,31.40938
0.0,5,31.418017
0.0,1,31.419425
0.0,2,31.422773
0.0,4,31.429408
0.0,1,31.431839
0.0,3,31.437818
0.0,2,31.439854
0.0,3,31.44474
0.0,7,31.456218
0.0,6,31.468257
0.0,12,31.48567
1.0,11,31.504799
0.0,13,31.524551
0.0,2,31.528904
0.0,2,31.531251
0.0,6,31.541443
0.0,2,31.544348
0.0,1,31.546181
0.0,3,31.551064
0.0,10,31.567148
0.0,1,31.568978
0.0,10,31.585625
0.0,9,31.601576
0.0,9,31.614793
0.0,36,31.67303
0.0,12,31.692211
0.0,12,31.713251
0.0,2,31.71512
0.0,7,31.7263
0.0,12,31.745634
0.0,9,31.760406
0.0,6,31.770332
0.0,16,31.796082
0.0,5,31.804428
0.0,10,31.820432
0.0,1,31.823798
0.0,3,31.827057
0.0,1,31.828776
0.0,1,31.830412
0.0,2,31.834709
0.0,2,31.837337
0.0,1,31.839046
0.0,3,31.84462
0.0,3,31.849016
0.0,1,31.851038
0.0,1,31.852421
0.0,4,31.860267
0.0,4,31.8656
0.0,9,31.880239
0.0,1,31.882778
0.0,1,31.883828
0.0,1,31.885457
0.0,2,31.889657
0.0,3,31.895009
0.0,3,31.898851
0.0,1,31.900626
0.0,3,31.905789
0.0,3,31.910565
0.0,8,31.923546
0.0,1,31.925126
0.0,4,31.931655
0.0,1,31.933451
0.0,1,31.935757
0.0,3,31.940621
0.0,1,31.941961
0.0,1,31.943739
0.0,2,31.947068
0.0,2,31.950427
0.0,3,31.955308
0.0,8,31.975025
0.0,15,31.999038
0.0,1,32.000553
0.0,6,32.010333
0.0,1,32.01206
0.0,2,32.017085
0.0,4,32.022616
0.0,1,32.024151
0.0,4,32.030864
0.0,2,32.034874
0.0,6,32.044434
0.0,5,32.052641
0.0,2,32.055986
0.0,1,32.057718
0.0,2,32.060987
0.0,1,32.062709
0.0,2,32.066051
0.0,7,32.079647
0.0,1,32.08067
0.0,2,32.082739
0.0,5,32.090854
0.0,10,32.107502
0.0,1,32.109042
0.0,3,32.113976
0.0,5,32.122173
0.0,4,32.128763
0.0,2,32.132043
0.0,2,32.13562
0.0,1,32.137233
0.0,2,32.141009
0.0,5,32.14883
0.0,2,32.152591
0.0,2,32.155605
0.0,4,32.162198
0.0,6,32.172762
0.0,1,32.173833
0.0,6,32.20267
0.0,16,32.391498
0.0,10,32.402807
0.0,1,32.404202
0.0,5,32.409971
0.0,5,32.415831
0.0,1,32.417002
0.0,1,32.418529
0.0,5,32.426183
1.0,14,32.447605
0.0,5,32.456227
0.0,2,32.459619
0.0,5,32.467543
0.0,1,32.469342
0.0,4,32.475694
0.0,3,32.480701
0.0,7,32.492443
0.0,11,32.510305
0.0,7,32.522395
0.0,5,32.532049
0.0,3,32.535273
0.0,6,32.545622
0.0,4,32.55159
0.0,17,32.579799
0.0,4,32.585399
0.0,16,32.611246
0.0,7,32.622511
0.0,19,32.653053
0.0,2,32.656591
0.0,4,32.663054
0.0,13,32.684075
0.0,4,32.69141
0.0,10,32.70719
0.0,9,32.721817
0.0,2,32.725175
0.0,3,32.730286
0.0,5,32.737685
0.0,12,32.750942
0.0,6,32.757689
0.0,8,32.766288
0.0,1,32.767442
0.0,4,32.774473
0.0,1,32.775461
0.0,5,32.78246
0.0,1,32.783418
0.0,2,32.785089
0.0,6,32.790423
0.0,5,32.79798
0.0,1,32.79974
0.0,1,32.801381
0.0,2,32.805711
0.0,7,32.816892
0.0,1,32.818075
0.0,8,32.83095
0.0,1,32.832735
0.0,2,32.836203
0.0,2,32.839736
0.0,5,32.847762
0.0,1,32.849537
0.0,4,32.856056
0.0,5,32.864232
0.0,4,32.870789
0.0,4,32.877248
0.0,2,32.882052
0.0,3,32.885353
0.0,2,32.888682
0.0,10,32.905633
0.0,1,32.906621
0.0,2,32.910983
0.0,2,32.913096
0.0,2,32.916432
0.0,2,32.919938
0.0,8,32.935215
0.0,1,32.936346
0.0,1,32.937301
0.0,1,32.938303
0.0,2,32.941345
0.0,1,32.944716
0.0,4,32.949622
0.0,3,32.95497
0.0,1,32.956357
0.0,1,32.958647
0.0,2,32.961274
0.0,4,32.967776
0.0,3,32.97362
0.0,8,32.98595
0.0,1,32.987618
0.0,5,32.99579
0.0,4,33.003436
0.0,2,33.005758
0.0,4,33.012253
0.0,1,33.014139
0.0,2,33.017593
0.0,10,33.033469
0.0,10,33.051361
0.0,3,33.054462
0.0,2,33.059791
0.0,9,33.074741
0.0,1,33.075807
0.0,1,33.076712
0.0,3,33.081226
0.0,2,33.084392
0.0,11,33.102233
0.0,8,33.115692
0.0,1,33.11701
0.0,1,33.118996
0.0,6,33.128678
0.0,3,33.133467
0.0,3,33.138158
0.0,4,33.14479
0.0,6,33.154682
0.0,2,33.159302
0.0,3,33.163208
0.0,7,33.175171
0.0,5,33.18417
0.0,2,33.186266
0.0,3,33.19163
0.0,1,33.19298
0.0,1,33.194724
0.0,13,33.215787
0.0,2,33.219161
0.0,2,33.222998
0.0,10,33.238964
0.0,3,33.244241
0.0,8,33.25841
0.0,3,33.262074
0.0,1,33.263774
0.0,9,33.278621
0.0,3,33.283771
0.0,6,33.29403
0.0,1,33.295198
0.0,1,33.296923
0.0,2,33.300448
0.0,1,33.301994
0.0,1,33.303647
0.0,3,33.309465
0.0,4,33.315548
0.0,1,33.316985
0.0,1,33.319638
0.0,6,33.329791
0.0,2,33.331796
0.0,3,33.336843
0.0,3,33.341789
0.0,1,33.343526
0.0,5,33.358519
0.0,1,33.361482
0.0,2,33.363629
0.0,5,33.372968
0.0,11,33.391672
0.0,4,33.397792
0.0,6,33.406862
0.0,1,33.408664
0.0,18,33.437618
0.0,1,33.439406
0.0,11,33.458392
0.0,4,33.464773
0.0,6,33.474014
0.0,3,33.478669
0.0,4,33.485338
0.0,2,33.488616
0.0,4,33.4951
0.0,6,33.505514
0.0,2,33.508348
0.0,2,33.513459
0.0,4,33.518281
0.0,1,33.520539
0.0,1,33.521799
0.0,2,33.525412
0.0,5,33.533311
0.0,2,33.536697
0.0,1,33.538414
0.0,2,33.542
0.0,4,33.549829
0.0,1,33.550841
0.0,4,33.556756
0.0,3,33.561696
0.0,1,33.563447
0.0,3,33.568372
0.0,9,33.583192
0.0,4,33.589813
0.0,5,33.597987
0.0,3,33.60297
0.0,1,33.604744
0.0,6,33.615705
0.0,6,33.624655
0.0,4,33.632285
0.0,4,33.63814
0.0,4,33.644571
0.0,10,33.662463
0.0,10,33.67826
0.0,5,33.685726
0.0,8,33.699051
0.0,3,33.703753
0.0,4,33.710391
0.0,1,33.712111
0.0,1,33.713785
0.0,1,33.717092
0.0,1,33.718051
0.0,10,33.734158
0.0,2,33.73693
0.0,19,33.767965
0.0,3,33.773254
0.0,4,33.780153
0.0,2,33.783595
0.0,2,33.787627
0.0,2,33.79024
0.0,10,33.806345
0.0,4,33.814182
0.0,6,33.824209
0.0,17,33.850297
0.0,7,33.861857
0.0,16,33.889621
0.0,13,33.910036
0.0,2,33.911921
0.0,10,33.927809
0.0,8,33.941316
0.0,3,33.946439
1.0,23,33.983249
0.0,4,33.991484
0.0,3,33.99504
0.0,1,33.996788
0.0,7,34.008193
0.0,13,34.03176
0.0,6,34.041428
0.0,2,34.04328
0.0,8,34.057348
0.0,4,34.061945
0.0,3,34.067614
0.0,7,34.07923
0.0,11,34.091679
0.0,10,34.103412
0.0,1,34.104708
0.0,3,34.107684
0.0,4,34.112224
0.0,2,34.114612
0.0,2,34.116975
0.0,1,34.118272
0.0,5,34.12297
0.0,2,34.125188
0.0,3,34.128776
0.0,3,34.132071
0.0,4,34.136313
0.0,5,34.143401
0.0,3,34.145956
0.0,1,34.147008
0.0,3,34.150275
0.0,1,34.151343
0.0,2,34.153645
0.0,1,34.154876
0.0,1,34.156153
0.0,6,34.164536
0.0,3,34.168295
0.0,3,34.172105
0.0,1,34.173935
0.0,6,34.185632
0.0,4,34.190157
0.0,6,34.200514
0.0,9,34.21488
0.0,4,34.221879
0.0,1,34.223238
0.0,1,34.224971
0.0,1,34.226616
0.0,2,34.229958
0.0,4,34.236568
0.0,1,34.240108
0.0,2,34.24191
0.0,1,34.243443
0.0,2,34.246769
0.0,1,34.250104
0.0,1,34.251072
0.0,2,34.253552
0.0,4,34.260165
0.0,2,34.263516
0.0,2,34.266974
0.0,1,34.268615
0.0,3,34.273577
0.0,22,34.471413
0.0,4,34.483827
0.0,2,34.485748
0.0,5,34.491365
0.0,2,34.495047
0.0,9,34.509736
0.0,1,34.510706
0.0,9,34.524577
0.0,2,34.528889
0.0,4,34.534417
0.0,1,34.537094
0.0,7,34.548754
0.0,2,34.550955
0.0,3,34.555821
0.0,3,34.560802
0.0,3,34.565659
0.0,1,34.567369
0.0,1,34.569063
0.0,3,34.573894
0.0,1,34.577593
0.0,7,34.587211
0.0,6,34.597083
0.0,1,34.598843
0.0,2,34.602872
0.0,7,34.613421
0.0,1,34.61513
0.0,2,34.618502
0.0,4,34.625453
0.0,5,34.632991
0.0,1,34.63481
0.0,1,34.637662
0.0,5,34.644634
0.0,4,34.662642
0.0,4,34.666614
0.0,2,34.668396
0.0,6,34.6758
0.0,2,34.679343
0.0,2,34.682765
0.0,1,34.684477
0.0,2,34.688273
0.0,2,34.691162
0.0,1,34.692816
0.0,3,34.69851
0.0,2,34.701186
0.0,4,34.707421
0.0,1,34.709321
0.0,2,34.71259
0.0,5,34.720599
0.0,1,34.722635
0.0,1,34.723955
0.0,2,34.727254
0.0,1,34.728953
0.0,5,34.738311
0.0,10,34.753267
0.0,8,34.766079
0.0,2,34.769409
0.0,2,34.772666
0.0,2,34.776973
0.0,2,34.779551
0.0,4,34.786047
0.0,3,34.791932
0.0,3,34.795934
0.0,1,34.798106
0.0,3,34.802596
0.0,8,34.815884
0.0,4,34.822441
0.0,4,34.828755
0.0,4,34.836673
0.0,1,34.837662
0.0,1,34.838897
0.0,3,34.8438
0.0,2,34.847844
0.0,1,34.84898
0.0,5,34.857224
0.0,8,34.870667
0.0,1,34.871868
0.0,3,34.876765
0.0,4,34.883526
0.0,2,34.886853
0.0,15,34.910833
0.0,7,34.922187
0.0,3,34.927252
0.0,7,34.938608
0.0,6,34.949297
0.0,6,34.959031
0.0,1,34.960003
0.0,1,34.961429
0.0,3,34.966261
0.0,3,34.971282
0.0,3,34.976209
0.0,3,34.981228
0.0,6,34.990937
0.0,1,34.992624
0.0,6,35.0024
0.0,2,35.005796
0.0,1,35.00774
0.0,1,35.009234
0.0,2,35.013605
0.0,1,35.014586
0.0,1,35.016046
0.0,2,35.019609
0.0,1,35.021131
0.0,3,35.027673
0.0,1,35.028627
0.0,4,35.034822
0.0,1,35.036217
0.0,2,35.039478
0.0,1,35.041241
0.0,14,35.063805
0.0,7,35.077213
0.0,3,35.08023
0.0,10,35.096424
0.0,2,35.099864
0.0,1,35.102039
0.0,1,35.103303
0.0,7,35.114757
0.0,2,35.11982
0.0,1,35.12083
0.0,9,35.134331
0.0,8,35.147496
0.0,4,35.163785
0.0,2,35.169668
0.0,1,35.171115
0.0,1,35.17241
0.0,1,35.173553
0.0,1,35.17483
0.0,1,35.17661
0.0,2,35.179274
0.0,1,35.180232
0.0,4,35.184623
0.0,2,35.186972
0.0,1,35.188147
0.0,1,35.189118
0.0,22,35.214375
0.0,3,35.217649
0.0,1,35.218963
0.0,3,35.222516
0.0,3,35.225995
0.0,1,35.227258
0.0,1,35.228508
0.0,4,35.232837
0.0,2,35.234903
0.0,2,35.237263
0.0,2,35.239433
0.0,1,35.252641
0.0,3,35.25577
0.0,2,35.258054
0.0,1,35.25925
0.0,5,35.265981
0.0,2,35.269165
0.0,2,35.276269
0.0,3,35.279258
0.0,16,35.307136
0.0,1,35.314292
0.0,5,35.319429
0.0,5,35.32879
0.0,1,35.329982
0.0,4,35.337352
0.0,3,35.343634
0.0,2,35.352102
0.0,1,35.35358
0.0,8,35.36461
0.0,1,35.36617
0.0,2,35.371545
0.0,2,35.374365
0.0,6,35.385662
0.0,1,35.390724
0.0,7,35.401607
0.0,5,35.410904
0.0,5,35.422937
0.0,1,35.424189
0.0,2,35.426304
0.0,14,35.452572
0.0,1,35.456047
0.0,3,35.462936
0.0,2,35.46522
0.0,1,35.466231
0.0,2,35.471715
0.0,1,35.47283
0.0,6,35.484887
0.0,3,35.492289
0.0,4,35.498319
0.0,4,35.506329
0.0,4,35.513777
0.0,1,35.515106
0.0,1,35.519078
0.0,7,35.530374
0.0,3,35.538138
0.0,11,35.554013
0.0,2,35.558339
0.0,2,35.561565
0.0,3,35.565832
0.0,2,35.568917
0.0,2,35.572543
0.0,1,35.574074
0.0,2,35.577687
0.0,3,35.582479
0.0,1,35.584034
0.0,1,35.585749
0.0,3,35.590058
0.0,1,35.5926
0.0,1,35.593636
0.0,5,35.603055
0.0,1,35.604137
0.0,2,35.608099
0.0,1,35.60913
0.0,1,35.61081
0.0,2,35.615001
0.0,5,35.623279
0.0,1,35.624442
0.0,7,35.635678
0.0,6,35.645625
0.0,1,35.646667
0.0,2,35.651012
0.0,5,35.657893
0.0,1,35.660989
0.0,8,35.672552
0.0,5,35.682262
0.0,2,35.684579
0.0,2,35.687585
0.0,11,35.705589
0.0,1,35.706655
0.0,3,35.711463
0.0,3,35.71687
0.0,3,35.721662
0.0,3,35.726848
0.0,1,35.728535
0.0,1,35.730598
0.0,3,35.735534
0.0,3,35.741532
0.0,1,35.742574
0.0,1,35.743777
0.0,4,35.750512
0.0,1,35.75211
0.0,2,35.75553
0.0,1,35.757236
0.0,1,35.759747
0.0,1,35.76072
0.0,6,35.771014
0.0,3,35.775487
0.0,2,35.779357
0.0,1,35.780515
0.0,1,35.783128
0.0,2,35.786132
0.0,2,35.789565
0.0,3,35.794423
0.0,1,35.795742
0.0,3,35.800939
0.0,5,35.810665
0.0,4,35.815849
0.0,1,35.818988
0.0,2,35.821045
0.0,5,35.830161
0.0,1,35.831193
0.0,2,35.834121
0.0,4,35.840691
0.0,11,35.858915
0.0,2,35.862601
0.0,5,35.869838
0.0,3,35.874635
0.0,2,35.87902
0.0,1,35.880072
0.0,8,35.893369
0.0,1,35.894436
0.0,2,35.898019
0.0,6,35.908401
0.0,3,35.912722
0.0,1,35.91372
0.0,3,35.918835
0.0,2,35.922592
0.0,1,35.923824
0.0,4,35.932548
0.0,6,35.940663
0.0,5,35.948414
0.0,1,35.95006
0.0,1,35.951482
0.0,2,35.954975
0.0,3,35.959029
0.0,1,35.96162
0.0,8,35.973964
0.0,6,35.983251
0.0,3,35.988375
0.0,3,35.993585
0.0,3,36.001064
0.0,1,36.002211
0.0,3,36.005986
0.0,5,36.013799
0.0,6,36.022959
0.0,4,36.031235
0.0,2,36.033175
0.0,1,36.034739
0.0,3,36.040715
0.0,4,36.045775
0.0,8,36.060308
0.0,2,36.062661
0.0,1,36.064973
0.0,6,36.07489
0.0,3,36.078921
0.0,4,36.084622
0.0,1,36.086169
0.0,3,36.091155
0.0,3,36.096221
0.0,4,36.104447
0.0,5,36.111839
0.0,1,36.112962
0.0,4,36.119583
0.0,3,36.123911
0.0,3,36.129952
0.0,2,36.132392
0.0,3,36.136966
0.0,2,36.140586
0.0,1,36.14175
0.0,4,36.148613
0.0,2,36.151974
0.0,4,36.158608
0.0,3,36.163078
0.0,7,36.180548
0.0,1,36.181657
0.0,1,36.183784
0.0,1,36.184799
0.0,8,36.198526
1.0,15,36.223726
0.0,9,36.238138
0.0,2,36.241603
0.0,1,36.243258
0.0,3,36.248514
0.0,1,36.250062
0.0,2,36.253605
0.0,3,36.258628
0.0,5,36.267886
0.0,6,36.277421
0.0,3,36.281322
0.0,1,36.283071
0.0,3,36.28802
0.0,2,36.291592
0.0,1,36.292934
0.0,3,36.29795
0.0,1,36.301008
0.0,1,36.302003
0.0,2,36.305629
0.0,1,36.306701
0.0,4,36.313661
0.0,2,36.31672
0.0,1,36.318147
0.0,4,36.325618
0.0,6,36.335607
0.0,2,36.338433
0.0,1,36.340121
0.0,7,36.352164
0.0,7,36.362632
0.0,1,36.364394
0.0,1,36.366315
0.0,1,36.367901
0.0,4,36.374467
0.0,3,36.380077
0.0,1,36.381256
0.0,8,36.492465
0.0,16,36.596665
0.0,4,36.603311
0.0,8,36.617197
0.0,5,36.625681
0.0,3,36.629647
0.0,3,36.635656
0.0,7,36.645893
0.0,7,36.657452
0.0,8,36.671756
1.0,6,36.680659
0.0,4,36.686756
0.0,7,36.700349
0.0,12,36.717692
0.0,2,36.721007
0.0,3,36.725894
0.0,16,36.751662
0.0,10,36.769975
0.0,6,36.78077
0.0,4,36.786033
0.0,1,36.788757
0.0,1,36.789707
0.0,2,36.794375
0.0,3,36.800709
0.0,12,36.820314
0.0,2,36.825801
0.0,8,36.838054
0.0,4,36.844346
0.0,11,36.863343
0.0,15,36.89221
0.0,1,36.893784
0.0,5,36.89804
0.0,3,36.901037
0.0,4,36.905483
0.0,5,36.912685
0.0,4,36.915934
0.0,2,36.919945
0.0,4,36.923211
0.0,6,36.929677
0.0,6,36.936353
0.0,5,36.941997
0.0,2,36.944008
0.0,9,36.956992
0.0,2,36.960377
0.0,1,36.962059
0.0,14,36.985413
0.0,1,36.986597
0.0,5,36.994703
0.0,12,37.014069
0.0,5,37.02248
0.0,3,37.028443
0.0,2,37.030614
0.0,1,37.032326
0.0,1,37.033994
0.0,5,37.043234
0.0,2,37.045555
0.0,2,37.048862
0.0,3,37.054207
0.0,1,37.055603
0.0,8,37.069118
0.0,5,37.078101
0.0,2,37.080255
0.0,5,37.088896
0.0,2,37.09171
0.0,1,37.0934
0.0,1,37.095165
1.0,7,37.106534
0.0,2,37.110623
0.0,13,37.130895
0.0,5,37.139231
0.0,3,37.144207
0.0,10,37.160524
0.0,13,37.18222
0.0,9,37.196131
0.0,8,37.210677
0.0,5,37.217402
0.0,4,37.225079
0.0,1,37.226059
0.0,5,37.23508
0.0,2,37.237195
0.0,2,37.240694
0.0,3,37.245657
0.0,1,37.247234
0.0,3,37.252224
0.0,2,37.255668
0.0,1,37.257667
0.0,6,37.267104
0.0,7,37.279827
0.0,5,37.286826
0.0,1,37.288663
1.0,20,37.322328
0.0,6,37.332088
0.0,4,37.337327
0.0,1,37.340545
0.0,13,37.361185
1.0,11,37.379341
0.0,16,37.403635
0.0,27,37.44714
0.0,16,37.473232
0.0,15,37.497351
0.0,13,37.519547
0.0,3,37.523591
0.0,30,37.571864
0.0,5,37.580379
0.0,5,37.589985
0.0,5,37.596293
0.0,7,37.607647
0.0,13,37.629104
0.0,5,37.636915
0.0,4,37.643566
0.0,7,37.65558
0.0,7,37.666148
0.0,4,37.670675
0.0,9,37.696239
0.0,1,37.697308
0.0,1,37.698233
0.0,1,37.699111
0.0,2,37.700838
0.0,5,37.705638
0.0,14,37.721338
0.0,1,37.722599
0.0,2,37.724699
0.0,1,37.725845
0.0,2,37.728208
0.0,1,37.729178
0.0,2,37.731236
0.0,2,37.733535
0.0,13,37.754618
0.0,4,37.759099
0.0,2,37.764411
0.0,6,37.772124
0.0,1,37.773825
0.0,2,37.778757
0.0,10,37.794377
0.0,2,37.796685
0.0,3,37.801948
0.0,14,37.825047
0.0,1,37.826062
0.0,1,37.827472
0.0,1,37.829203
0.0,1,37.830883
0.0,3,37.836368
0.0,1,37.837531
0.0,1,37.839254
0.0,2,37.842478
0.0,6,37.85216
0.0,2,37.855894
0.0,1,37.857324
0.0,1,37.859056
0.0,1,37.861532
0.0,1,37.862604
0.0,5,37.870735
0.0,5,37.878908
0.0,2,37.882228
0.0,4,37.888747
0.0,3,37.893661
0.0,8,37.906793
0.0,2,37.910156
0.0,14,37.93261
0.0,5,37.94095
0.0,1,37.943791
0.0,2,37.945933
0.0,1,37.948093
0.0,1,37.94942
0.0,1,37.951062
0.0,2,37.954621
0.0,3,37.959417
0.0,14,37.982014
0.0,5,37.990275
0.0,4,37.998598
0.0,5,38.005304
0.0,13,38.027117
0.0,2,38.029539
0.0,1,38.031185
0.0,1,38.034051
0.0,4,38.040623
0.0,3,38.044618
0.0,2,38.047524
0.0,1,38.049247
0.0,1,38.050901
0.0,1,38.054046
0.0,2,38.055932
0.0,2,38.060021
0.0,1,38.060967
0.0,8,38.074407
0.0,1,38.075807
0.0,1,38.078671
0.0,2,38.080792
0.0,2,38.084598
0.0,2,38.087541
0.0,1,38.089191
0.0,2,38.092608
0.0,3,38.098595
0.0,4,38.104417
0.0,3,38.109481
0.0,1,38.111059
0.0,3,38.117415
0.0,1,38.118391
0.0,3,38.122647
0.0,1,38.124426
0.0,1,38.127381
0.0,2,38.129523
0.0,5,38.137618
0.0,3,38.142688
0.0,3,38.147607
0.0,4,38.154075
0.0,9,38.16863
0.0,1,38.170528
0.0,2,38.173807
0.0,3,38.178807
0.0,2,38.182096
0.0,1,38.184632
0.0,1,38.185602
0.0,8,38.199217
0.0,3,38.203365
0.0,2,38.207175
0.0,2,38.210138
0.0,3,38.215151
0.0,2,38.21851
0.0,1,38.220268
0.0,5,38.228855
0.0,1,38.230295
0.0,3,38.235243
0.0,1,38.23693
0.0,6,38.246569
0.0,7,38.257951
0.0,3,38.26297
0.0,7,38.274354
0.0,1,38.276206
0.0,4,38.282777
0.0,4,38.28969
0.0,1,38.291171
0.0,8,38.304013
0.0,1,38.307513
0.0,4,38.312329
0.0,4,38.32165
0.0,2,38.323547
0.0,1,38.324486
0.0,2,38.327448
0.0,3,38.332377
0.0,5,38.341316
0.0,3,38.345598
0.0,6,38.355468
0.0,6,38.366119
0.0,3,38.370048
0.0,1,38.371803
0.0,1,38.373634
0.0,3,38.378323
0.0,3,38.384379
0.0,9,38.399258
0.0,3,38.402813
0.0,2,38.407655
0.0,2,38.409582
0.0,6,38.421409
0.0,4,38.425811
0.0,1,38.427485
0.0,7,38.441042
0.0,3,38.444068
0.0,2,38.447455
0.0,8,38.460744
0.0,1,38.462236
0.0,2,38.465573
0.0,1,38.46784
0.0,3,38.472254
1.0,15,38.548902
0.0,2,38.612138
0.0,3,38.683744
0.0,1,38.686987
0.0,5,38.694713
0.0,15,38.718046
0.0,3,38.722312
0.0,10,38.738422
0.0,6,38.748264
0.0,3,38.754808
0.0,3,38.758286
0.0,4,38.76478
0.0,5,38.772975
0.0,2,38.776338
0.0,4,38.78413
0.0,1,38.785136
0.0,9,38.79921
0.0,2,38.803375
0.0,4,38.809179
0.0,1,38.810986
0.0,4,38.816885
0.0,2,38.819383
0.0,1,38.820748
0.0,13,38.841139
0.0,1,38.842848
0.0,2,38.846712
0.0,1,38.847978
0.0,1,38.850028
0.0,1,38.851386
0.0,2,38.854747
0.0,2,38.858714
0.0,1,38.859966
0.0,2,38.863202
0.0,4,38.869875
0.0,3,38.87486
0.0,1,38.877471
0.0,2,38.881513
0.0,4,38.886405
0.0,1,38.88813
0.0,2,38.891598
0.0,2,38.895643
0.0,4,38.901247
0.0,1,38.903102
0.0,4,38.910966
0.0,2,38.913088
0.0,1,38.914741
0.0,1,38.916515
0.0,5,38.925714
0.0,1,38.926748
0.0,1,38.92821
0.0,5,38.936364
0.0,4,38.944014
0.0,2,38.946329
0.0,5,38.954882
0.0,1,38.956277
1.0,33,39.010988
0.0,1,39.012157
0.0,7,39.022555
0.0,1,39.024109
0.0,2,39.027394
0.0,5,39.035587
0.0,2,39.039024
0.0,2,39.042396
0.0,6,39.05218
0.0,5,39.060139
0.0,1,39.061913
0.0,7,39.0742
0.0,2,39.076664
0.0,2,39.079985
0.0,9,39.095022
0.0,1,39.096271
0.0,3,39.101243
0.0,5,39.109431
0.0,2,39.112735
0.0,3,39.118262
0.0,2,39.121104
0.0,1,39.12283
0.0,2,39.133992
0.0,3,39.136925
0.0,2,39.138807
0.0,2,39.14109
0.0,2,39.14442
0.0,4,39.151601
0.0,3,39.15601
0.0,7,39.167315
0.0,1,39.170701
0.0,3,39.173959
0.0,3,39.178964
0.0,1,39.180646
0.0,2,39.184626
0.0,9,39.199974
0.0,8,39.211703
0.0,3,39.216697
0.0,9,39.23124
0.0,7,39.242641
0.0,14,39.265624
0.0,4,39.271896
0.0,2,39.275934
0.0,1,39.277034
0.0,2,39.280386
0.0,3,39.285424
0.0,1,39.287364
0.0,1,39.288929
0.0,1,39.290613
0.0,4,39.2971
0.0,2,39.300605
0.0,2,39.303916
0.0,3,39.308826
0.0,2,39.312174
0.0,2,39.315365
0.0,4,39.32423
0.0,1,39.325263
0.0,2,39.327103
0.0,1,39.328591
0.0,2,39.33189
0.0,1,39.333623
0.0,3,39.338962
0.0,3,39.343976
0.0,1,39.345381
0.0,2,39.348967
0.0,1,39.350509
0.0,4,39.357772
0.0,2,39.360475
0.0,7,39.371925
0.0,3,39.377967
0.0,1,39.378951
0.0,13,39.401164
0.0,1,39.402137
0.0,1,39.403264
0.0,1,39.404872
0.0,2,39.408161
0.0,6,39.417822
0.0,2,39.421075
0.0,7,39.432328
0.0,1,39.434058
0.0,4,39.440594
0.0,2,39.444606
0.0,1,39.445793
0.0,1,39.447527
0.0,1,39.449172
0.0,3,39.454185
0.0,2,39.457594
0.0,4,39.464436
0.0,2,39.468443
0.0,4,39.474295
0.0,2,39.47853
0.0,5,39.487822
0.0,5,39.494295
0.0,1,39.4968
0.0,1,39.497806
0.0,3,39.502676
0.0,1,39.504483
0.0,2,39.50812
0.0,9,39.521917
0.0,1,39.523247
0.0,3,39.52839
0.0,8,39.540907
0.0,5,39.547861
0.0,4,39.557155
0.0,1,39.558954
0.0,2,39.561834
0.0,8,39.574782
0.0,1,39.576482
0.0,5,39.582997
0.0,2,39.58553
0.0,9,39.603519
0.0,7,39.618303
0.0,6,39.625624
0.0,6,39.63959
0.0,7,39.65162
0.0,18,39.685001
0.0,7,39.697353
0.0,2,39.699933
0.0,3,39.704924
0.0,13,39.727901
0.0,7,39.741569
0.0,5,39.752818
0.0,7,39.764327
0.0,8,39.777207
0.0,12,39.80027
0.0,3,39.80389
0.0,1,39.806438
0.0,5,39.813842
1.0,13,39.836578
0.0,11,39.855325
0.0,7,39.865118
0.0,12,39.887503
0.0,7,39.898358
0.0,3,39.901642
0.0,8,39.916059
0.0,4,39.921985
0.0,4,39.930442
0.0,7,39.943259
0.0,1,39.945348
0.0,6,39.954872
0.0,7,39.967882
0.0,4,39.972865
0.0,11,39.993287
0.0,5,40.003125
0.0,5,40.011556
0.0,3,40.016077
0.0,15,40.045202
0.0,14,40.071389
0.0,13,40.096186
0.0,3,40.099727
0.0,11,40.122969
0.0,8,40.140048
0.0,5,40.150481
0.0,4,40.155682
0.0,2,40.160116
1.0,55,40.26067
0.0,10,40.279047
0.0,19,40.312741
0.0,1,40.31495
0.0,51,40.415163
0.0,1,40.416175
0.0,7,40.427036
0.0,1,40.430393
0.0,7,40.443038
0.0,3,40.448196
0.0,24,40.487129
0.0,6,40.49566
0.0,20,40.530982
0.0,9,40.545256
0.0,4,40.549822
0.0,2,40.552778
1.0,21,40.652129
0.0,1,40.706263
0.0,4,40.785041
0.0,14,40.805758
0.0,5,40.814897
0.0,16,40.840626
0.0,4,40.845647
0.0,18,40.879622
0.0,3,40.885128
0.0,5,40.892632
0.0,18,40.924154
0.0,12,40.941299
0.0,2,40.944552
0.0,14,40.968827
0.0,9,40.984837
0.0,20,41.020289
0.0,14,41.044422
0.0,8,41.058345
0.0,2,41.061992
0.0,1,41.063806
0.0,2,41.06738
0.0,3,41.072666
0.0,1,41.074319
0.0,5,41.083087
0.0,5,41.092004
0.0,2,41.09561
0.0,8,41.108921
0.0,7,41.122051
0.0,1,41.125114
0.0,2,41.127062
0.0,1,41.128814
0.0,5,41.137635
0.0,4,41.143861
0.0,2,41.146142
0.0,1,41.147202
0.0,11,41.164373
0.0,12,41.183409
0.0,10,41.197787
0.0,20,41.228956
0.0,1,41.230076
0.0,1,41.231083
0.0,1,41.23201
0.0,7,41.244083
0.0,2,41.246115
0.0,2,41.249879
0.0,2,41.251676
0.0,3,41.25597
0.0,1,41.25794
0.0,1,41.260852
0.0,1,41.262373
0.0,6,41.271208
0.0,2,41.273935
0.0,5,41.280678
0.0,2,41.284128
0.0,9,41.297868
0.0,15,41.322369
0.0,7,41.333103
0.0,1,41.334581
0.0,7,41.343363
0.0,3,41.349012
0.0,1,41.350158
0.0,5,41.356817
0.0,1,41.359807
0.0,1,41.361111
0.0,1,41.362079
0.0,1,41.362919
0.0,3,41.367687
1.0,7,41.380123
0.0,4,41.384818
0.0,1,41.38766
0.0,6,41.395638
0.0,3,41.401382
0.0,2,41.403363
0.0,6,41.414448
0.0,6,41.422263
0.0,1,41.424861
0.0,2,41.427144
0.0,1,41.428766
0.0,7,41.440767
0.0,6,41.448297
0.0,1,41.449337
0.0,4,41.455573
0.0,1,41.456705
0.0,2,41.460356
0.0,2,41.46289
0.0,4,41.46932
0.0,9,41.482652
0.0,4,41.488749
0.0,15,41.512303
0.0,7,41.521547
0.0,12,41.540388
0.0,1,41.541506
0.0,2,41.545055
0.0,3,41.548368
0.0,7,41.560092
0.0,2,41.562684
0.0,1,41.563821
0.0,1,41.564773
0.0,2,41.568001
0.0,1,41.568929
0.0,3,41.574279
0.0,3,41.580576
0.0,13,41.599872
0.0,2,41.602672
0.0,1,41.603737
0.0,1,41.606363
0.0,2,41.608511
0.0,7,41.62008
0.0,6,41.628353
0.0,11,41.645672
0.0,1,41.646713
0.0,6,41.657273
0.0,4,41.661947
0.0,3,41.666598
0.0,5,41.674323
0.0,9,41.688181
0.0,20,41.718591
0.0,15,41.742128
0.0,4,41.746938
0.0,24,41.782845
0.0,6,41.791086
0.0,18,41.820477
0.0,18,41.84495
0.0,15,41.868062
1.0,16,41.892358
0.0,5,41.899995
0.0,27,41.939853
0.0,3,41.943524
0.0,20,41.972626
0.0,4,41.979108
0.0,2,41.981215
0.0,6,41.992267
0.0,8,42.003801
0.0,11,42.021536
0.0,1,42.022824
0.0,1,42.024073
0.0,15,42.048265
0.0,5,42.057264
0.0,4,42.064909
0.0,1,42.066259
0.0,8,42.078181
0.0,1,42.079597
0.0,4,42.086922
0.0,6,42.096536
0.0,4,42.103787
0.0,25,42.143054
0.0,24,42.181203
0.0,15,42.206084
0.0,7,42.217188
0.0,15,42.239792
0.0,4,42.247174
0.0,24,42.285217
0.0,3,42.291395
0.0,11,42.309387
0.0,11,42.327317
0.0,5,42.333303
0.0,2,42.338237
0.0,4,42.343028
0.0,4,42.350291
0.0,3,42.355297
0.0,14,42.377846
0.0,7,42.388658
0.0,2,42.393587
0.0,3,42.397394
0.0,8,42.409174
0.0,58,42.518116
1.0,12,42.537366
0.0,7,42.547076
0.0,2,42.550644
0.0,8,42.564941
0.0,17,42.590035
0.0,4,42.597297
0.0,7,42.608064
0.0,7,42.621506
0.0,4,42.626328
0.0,10,42.643025
0.0,2,42.645474
0.0,9,42.661152
0.0,6,42.670762
0.0,32,42.792285
0.0,2,42.798427
1.0,22,42.807837
0.0,7,42.808143
0.0,4,42.808319
0.0,23,42.809038
0.0,11,42.809416
0.0,12,42.809878
1.0,18,42.810441
0.0,23,42.811153
1.0,13,42.811594
0.0,16,42.812101
0.0,18,42.812673
0.0,23,42.813374
0.0,22,42.815089
0.0,5,42.815296
0.0,24,42.818043
1.0,61,42.821833
0.0,10,42.822177
0.0,11,42.822555
0.0,6,42.822786
0.0,4,42.822959
0.0,6,42.823188
0.0,5,42.82339
0.0,23,42.825113
0.0,5,42.825317
1.0,33,42.828311
0.0,4,42.8285
0.0,7,42.82876
1.0,37,42.831868
0.0,10,42.832212
0.0,32,42.833174
1.0,57,42.83788
0.0,39,42.839055
0.0,11,42.839436
0.0,29,42.840313
1.0,56,42.843948
0.0,35,42.847008
0.0,12,42.847419
0.0,15,42.847929
0.0,15,42.848409
0.0,25,42.851178
0.0,6,42.851411
0.0,9,42.851738
0.0,7,42.851995
0.0,15,42.85247
0.0,26,42.855294
1.0,27,42.856118
0.0,8,42.856405
0.0,7,42.858682
0.0,44,42.860918
0.0,10,42.86126
0.0,27,42.86208
1.0,56,42.865734
1.0,75,42.869915
0.0,11,42.870298
0.0,41,42.873512
0.0,27,42.874323
0.0,19,42.876945
0.0,12,42.877369
0.0,13,42.877812
0.0,15,42.878293
0.0,38,42.879924
0.0,5,42.880136
0.0,4,42.880312
0.0,21,42.881754
0.0,28,42.883866
1.0,68,42.887854
1.0,20,42.889288
1.0,34,42.89032
0.0,8,42.891853
1.0,17,42.892389
0.0,23,42.893894
0.0,8,42.894181
0.0,20,42.896044
0.0,28,42.897682
0.0,6,42.897934
0.0,26,42.89998
0.0,5,42.900187
0.0,22,42.90166
0.0,12,42.902059
0.0,14,42.903757
0.0,10,42.904101
1.0,30,42.905794
1.0,26,42.907815
0.0,45,42.910715
0.0,4,42.910894
0.0,9,42.911208
0.0,7,42.911466
1.0,21,42.912122
0.0,20,42.914777
0.0,20,42.915404
1.0,16,42.915926
0.0,20,42.918574
0.0,17,42.919115
0.0,6,42.919347
0.0,16,42.919878
0.0,15,42.920358
0.0,19,42.922981
1.0,39,42.924144
0.0,35,42.927218
0.0,17,42.9278
0.0,13,42.928228
0.0,25,42.931014
1.0,30,42.931926
1.0,55,42.935594
0.0,23,42.936304
0.0,12,42.938728
1.0,34,42.939763
0.0,20,42.940388
0.0,5,42.942622
1.0,22,42.943294
0.0,28,42.944163
1.0,15,42.946676
1.0,28,42.947541
1.0,38,42.950684
1.0,47,42.952085
1.0,15,42.954602
0.0,39,42.955766
0.0,28,42.958639
0.0,19,42.959242
0.0,6,42.959472
0.0,4,42.959659
0.0,15,42.961389
1.0,19,42.962006
0.0,30,42.964464
1.0,65,42.968389
0.0,10,42.969229
1.0,19,42.969833
0.0,7,42.970095
1.0,51,42.973619
0.0,27,42.974453
0.0,30,42.977384
0.0,37,42.978485
1.0,34,42.981549
0.0,8,42.981845
0.0,9,42.982159
0.0,5,42.982363
0.0,10,42.984256
1.0,12,42.985144
0.0,12,42.985556
0.0,18,42.986121
0.0,21,42.988317
0.0,8,42.989101
0.0,25,42.989883
0.0,10,42.990227
1.0,16,42.990746
0.0,5,42.990951
0.0,11,42.99133
0.0,53,42.992916
0.0,36,42.994011
0.0,12,42.99447
0.0,7,42.994749
0.0,6,42.994981
0.0,8,42.99527
0.0,22,42.995958
0.0,5,42.996165
0.0,14,42.996647
0.0,21,42.997317
0.0,22,42.998006
0.0,31,42.998957
0.0,4,42.999136
0.0,26,42.999954
0.0,25,43.000725
0.0,19,43.001318
0.0,4,43.001513
0.0,7,43.001776
0.0,6,43.002021
0.0,35,43.003074
0.0,8,43.003363
0.0,16,43.003885
0.0,9,43.00421
1.0,40,43.005449
0.0,15,43.005944
0.0,6,43.006176
0.0,29,43.007091
0.0,15,43.0076
0.0,19,43.008191
0.0,14,43.008786
0.0,6,43.009021
0.0,11,43.009397
0.0,41,43.010689
0.0,29,43.011565
0.0,10,43.011917
0.0,12,43.012333
0.0,10,43.012693
0.0,10,43.013034
0.0,8,43.013319
0.0,22,43.014
1.0,25,43.014801
0.0,6,43.015054
0.0,26,43.015849
1.0,69,43.017878
0.0,6,43.018114
0.0,8,43.018398
0.0,60,43.020186
0.0,10,43.020548
0.0,5,43.020753
1.0,37,43.021847
0.0,38,43.022992
0.0,16,43.02351
1.0,9,43.023825
0.0,17,43.024359
0.0,14,43.024847
0.0,12,43.025266
0.0,14,43.025731
0.0,8,43.026017
1.0,28,43.02687
0.0,12,43.027278
0.0,11,43.027664
0.0,12,43.028064
0.0,33,43.029051
0.0,21,43.029715
1.0,29,43.030622
0.0,16,43.031129
0.0,11,43.031506
0.0,45,43.032865
0.0,6,43.033099
0.0,11,43.033468
0.0,20,43.034091
1.0,99,43.036972
0.0,24,43.037749
0.0,6,43.037989
0.0,5,43.038192
1.0,58,43.039887
0.0,30,43.040827
1.0,14,43.041281
0.0,23,43.041993
0.0,11,43.042367
0.0,4,43.042566
0.0,5,43.042773
1.0,55,43.04439
0.0,4,43.044591
0.0,10,43.044939
0.0,19,43.045566
0.0,9,43.045886
1.0,10,43.046232
0.0,9,43.046559
1.0,33,43.047551
1.0,19,43.048166
0.0,16,43.048692
0.0,32,43.049649
1.0,18,43.050221
1.0,12,43.050652
0.0,9,43.050986
0.0,9,43.051299
0.0,41,43.052525
0.0,27,43.053373
1.0,41,43.054611
0.0,38,43.055756
0.0,8,43.05606
0.0,10,43.056401
1.0,32,43.05736
1.0,23,43.058085
0.0,41,43.059313
0.0,24,43.060089
0.0,26,43.060919
0.0,9,43.06124
0.0,27,43.062063
0.0,11,43.062433
1.0,16,43.062965
0.0,10,43.063314
0.0,26,43.064119
1.0,35,43.065175
0.0,26,43.06599
0.0,19,43.066617
1.0,71,43.068724
0.0,17,43.069266
1.0,36,43.070337
1.0,34,43.071397
0.0,16,43.071923
0.0,36,43.072999
0.0,27,43.073866
0.0,25,43.074652
1.0,18,43.075221
1.0,21,43.07589
0.0,9,43.076211
1.0,29,43.077122
0.0,10,43.077466
0.0,13,43.077901
1.0,48,43.079348
0.0,27,43.080184
0.0,5,43.080389
0.0,15,43.080891
0.0,10,43.081238
0.0,7,43.081523
0.0,7,43.081787
0.0,15,43.082267
0.0,8,43.082567
0.0,10,43.082909
0.0,32,43.083892
0.0,19,43.08451
0.0,79,43.086821
0.0,21,43.087476
0.0,7,43.087747
0.0,4,43.087923
0.0,16,43.088429
1.0,19,43.089048
0.0,20,43.089704
1.0,24,43.090431
0.0,5,43.090649
0.0,4,43.090825
1.0,30,43.091757
1.0,25,43.092535
0.0,12,43.092933
0.0,15,43.093411
0.0,29,43.094313
0.0,27,43.095172
0.0,12,43.095581
0.0,27,43.096401
1.0,7,43.09668
0.0,5,43.0969
0.0,26,43.097704
0.0,20,43.09832
0.0,9,43.09865
0.0,12,43.099058
0.0,12,43.099477
0.0,18,43.100053
0.0,8,43.100338
0.0,6,43.100583
0.0,13,43.101007
0.0,16,43.101534
1.0,43,43.102827
0.0,13,43.103254
1.0,17,43.103798
1.0,27,43.104665
0.0,7,43.10493
0.0,12,43.105327
1.0,34,43.106339
1.0,10,43.106709
0.0,9,43.10704
1.0,36,43.108119
1.0,44,43.109429
0.0,8,43.109873
0.0,7,43.110175
1.0,15,43.110674
0.0,28,43.111523
0.0,25,43.112293
0.0,9,43.112646
1.0,36,43.113722
0.0,7,43.113982
0.0,34,43.115047
0.0,13,43.115476
0.0,10,43.11583
0.0,6,43.11606
0.0,5,43.116262
0.0,8,43.116564
0.0,8,43.116855
0.0,20,43.117516
0.0,35,43.11859
0.0,17,43.119126
1.0,96,43.121932
0.0,12,43.122347
0.0,17,43.122907
0.0,7,43.123168
0.0,8,43.123454
0.0,32,43.124414
0.0,4,43.124622
1.0,59,43.126365
0.0,40,43.127582
0.0,37,43.128705
1.0,13,43.129132
0.0,17,43.129682
0.0,27,43.130548
0.0,6,43.130783
0.0,10,43.131124
1.0,38,43.132254
0.0,13,43.132714
0.0,18,43.133301
1.0,31,43.134242
1.0,34,43.135291
0.0,19,43.135915
0.0,62,43.137747
0.0,7,43.138012
0.0,76,43.140235
1.0,28,43.141128
0.0,35,43.14218
1.0,50,43.143691
0.0,25,43.144459
0.0,23,43.145183
0.0,23,43.14591
1.0,66,43.147864
1.0,14,43.148332
0.0,10,43.148739
0.0,13,43.149191
0.0,10,43.149547
0.0,9,43.149862
0.0,19,43.150451
0.0,7,43.150724
0.0,7,43.150993
1.0,11,43.151382
0.0,4,43.151591
0.0,6,43.151824
0.0,11,43.152195
0.0,38,43.153331
1.0,24,43.154107
0.0,4,43.154291
0.0,20,43.154937
0.0,43,43.156224
0.0,15,43.156749
0.0,8,43.157038
0.0,37,43.158139
0.0,10,43.158483
1.0,26,43.159317
0.0,6,43.159565
0.0,20,43.160223
0.0,51,43.161765
0.0,9,43.162088
0.0,9,43.16241
0.0,5,43.162629
0.0,31,43.163564
0.0,17,43.164114
0.0,10,43.164475
0.0,12,43.164898
0.0,4,43.165075
0.0,6,43.165308
0.0,9,43.165635
1.0,9,43.165953
0.0,12,43.166359
0.0,9,43.166695
1.0,12,43.167118
0.0,9,43.167435
0.0,22,43.168123
0.0,24,43.168878
0.0,16,43.1694
0.0,42,43.17068
1.0,11,43.171053
0.0,4,43.171228
0.0,6,43.171465
0.0,18,43.172065
0.0,18,43.172652
0.0,25,43.173411
0.0,51,43.174952
1.0,27,43.175787
0.0,8,43.176077
0.0,5,43.176281
0.0,10,43.176643
0.0,8,43.176939
0.0,4,43.177117
0.0,26,43.17794
0.0,11,43.178312
0.0,16,43.178837
0.0,7,43.179098
0.0,4,43.179281
0.0,10,43.179644
0.0,17,43.180205
1.0,75,43.182415
0.0,17,43.182979
0.0,4,43.183158
0.0,12,43.183568
0.0,12,43.183966
0.0,6,43.184197
0.0,20,43.184867
0.0,10,43.185221
1.0,74,43.18738
0.0,10,43.187765
1.0,18,43.188334
0.0,22,43.189025
0.0,12,43.189425
1.0,46,43.190826
1.0,37,43.191934
0.0,63,43.193812
1.0,67,43.195816
0.0,6,43.196056
0.0,16,43.196583
1.0,17,43.197126
1.0,14,43.197603
0.0,14,43.198081
0.0,84,43.200554
1.0,31,43.201512
0.0,21,43.202162
0.0,20,43.202809
0.0,5,43.203032
0.0,17,43.203587
0.0,9,43.203905
1.0,11,43.204273
1.0,40,43.205483
0.0,4,43.205673
0.0,4,43.205871
0.0,7,43.206131
0.0,8,43.20642
0.0,95,43.209208
0.0,15,43.209709
0.0,22,43.210563
1.0,20,43.211226
0.0,9,43.211554
0.0,9,43.211868
1.0,21,43.212523
0.0,22,43.213206
0.0,15,43.213735
0.0,16,43.214241
0.0,31,43.215186
0.0,7,43.215446
0.0,9,43.21578
0.0,10,43.216128
0.0,15,43.216644
0.0,9,43.216959
0.0,16,43.217464
0.0,16,43.217981
0.0,20,43.21863
1.0,17,43.219191
0.0,14,43.219653
0.0,76,43.221892
1.0,15,43.222377
0.0,11,43.222763
0.0,59,43.224534
0.0,7,43.224802
0.0,17,43.225336
1.0,9,43.22566
0.0,16,43.226179
0.0,32,43.227154
0.0,19,43.227755
0.0,6,43.227986
0.0,6,43.228215
0.0,9,43.228553
0.0,21,43.229224
0.0,18,43.229802
0.0,6,43.230033
1.0,78,43.232313
1.0,25,43.233093
0.0,10,43.233435
0.0,11,43.233826
1.0,14,43.234284
0.0,6,43.234559
0.0,7,43.23482
0.0,20,43.235435
0.0,23,43.236146
0.0,8,43.236443
0.0,4,43.236633
1.0,24,43.237388
0.0,7,43.23766
1.0,30,43.238569
0.0,64,43.24043
0.0,16,43.240954
0.0,35,43.242017
0.0,7,43.242301
0.0,22,43.242988
0.0,19,43.243591
0.0,13,43.24402
1.0,58,43.245767
1.0,13,43.246198
1.0,10,43.246556
0.0,14,43.24702
0.0,12,43.247435
0.0,10,43.247789
0.0,18,43.248352
0.0,6,43.248598
1.0,52,43.250146
0.0,16,43.250673
0.0,6,43.250906
0.0,4,43.25108
1.0,16,43.2516
0.0,9,43.251924
0.0,13,43.252352
1.0,32,43.253336
0.0,22,43.254021
0.0,14,43.254481
0.0,10,43.254863
0.0,10,43.25521
0.0,12,43.255619
1.0,59,43.257343
1.0,11,43.257737
0.0,6,43.257971
0.0,6,43.2582
0.0,5,43.258403
0.0,4,43.258593
0.0,5,43.258797
0.0,54,43.260435
0.0,33,43.261436
1.0,31,43.262383
1.0,13,43.262832
1.0,24,43.263592
1.0,46,43.264962
1.0,17,43.265533
0.0,7,43.265795
0.0,10,43.266136
1.0,33,43.267129
0.0,8,43.267425
0.0,5,43.267644
0.0,13,43.268091
0.0,6,43.268322
0.0,33,43.269314
0.0,41,43.270564
0.0,18,43.271136
0.0,5,43.271341
0.0,35,43.272385
0.0,5,43.272614
1.0,41,43.273856
0.0,9,43.274173
0.0,35,43.275238
0.0,16,43.275768
1.0,19,43.276377
0.0,25,43.277149
0.0,31,43.2781
1.0,32,43.279089
0.0,7,43.27935
1.0,14,43.279816
0.0,17,43.280364
0.0,6,43.280616
0.0,37,43.281743
0.0,9,43.282058
0.0,20,43.282691
0.0,4,43.282872
0.0,18,43.28346
0.0,9,43.283805
0.0,56,43.285439
1.0,57,43.287139
0.0,13,43.28758
1.0,23,43.288292
0.0,22,43.289023
0.0,22,43.289712
0.0,13,43.290135
0.0,40,43.291355
0.0,28,43.292213
0.0,21,43.292873
0.0,12,43.293279
0.0,8,43.293621
0.0,6,43.293867
0.0,43,43.295149
0.0,13,43.295589
0.0,16,43.296111
0.0,23,43.296839
0.0,21,43.297499
0.0,13,43.297926
0.0,13,43.298351
1.0,24,43.299115
1.0,57,43.300811
0.0,20,43.301443
0.0,8,43.301762
0.0,5,43.30197
1.0,42,43.303215
0.0,9,43.30354
1.0,14,43.304007
1.0,31,43.304975
0.0,12,43.305378
0.0,11,43.305758
1.0,50,43.307257
0.0,6,43.307502
1.0,28,43.308347
1.0,35,43.30941
1.0,53,43.311047
1.0,30,43.312106
0.0,32,43.313102
0.0,7,43.313367
0.0,36,43.314443
0.0,6,43.314702
0.0,16,43.315236
0.0,21,43.315902
0.0,11,43.316273
0.0,35,43.317333
0.0,8,43.317652
0.0,21,43.318308
0.0,8,43.318615
0.0,51,43.320116
1.0,16,43.320661
0.0,17,43.321205
0.0,8,43.3215
0.0,36,43.322591
0.0,6,43.322829
1.0,19,43.323445
0.0,19,43.324051
1.0,29,43.324945
1.0,32,43.325943
0.0,5,43.326152
0.0,4,43.326329
0.0,5,43.326553
0.0,42,43.327805
0.0,9,43.328127
0.0,18,43.328725
0.0,16,43.329237
1.0,41,43.330456
0.0,6,43.330706
0.0,5,43.330926
0.0,61,43.332723
1.0,46,43.334126
0.0,15,43.334641
0.0,11,43.335011
0.0,21,43.335676
0.0,31,43.336646
1.0,42,43.337897
0.0,13,43.338331
0.0,18,43.338935
0.0,5,43.339152
0.0,17,43.339701
0.0,5,43.339911
0.0,32,43.340872
0.0,12,43.341281
0.0,12,43.341727
0.0,34,43.342755
0.0,39,43.343927
0.0,9,43.34426
0.0,24,43.345023
0.0,5,43.345232
0.0,12,43.345641
0.0,8,43.345928
0.0,8,43.346215
1.0,12,43.346647
0.0,23,43.347372
0.0,6,43.347617
1.0,46,43.348979
0.0,21,43.349656
0.0,42,43.350907
0.0,36,43.35199
0.0,18,43.352596
0.0,9,43.352913
0.0,6,43.353148
0.0,4,43.353321
0.0,12,43.35373
0.0,9,43.354046
0.0,46,43.355445
0.0,4,43.355635
0.0,6,43.355873
1.0,16,43.356381
0.0,21,43.357056
0.0,6,43.357294
0.0,53,43.358874
0.0,13,43.3593
1.0,54,43.360969
0.0,18,43.361555
0.0,4,43.361731
0.0,5,43.361934
0.0,4,43.362108
0.0,17,43.362674
0.0,18,43.363265
0.0,14,43.363738
0.0,4,43.363915
0.0,13,43.364338
1.0,25,43.365129
0.0,42,43.366382
0.0,12,43.366798
0.0,15,43.367279
0.0,10,43.367642
0.0,12,43.368044
0.0,17,43.368616
0.0,8,43.368906
0.0,19,43.369507
0.0,14,43.369963
0.0,14,43.370428
0.0,9,43.370762
0.0,19,43.371372
1.0,47,43.372777
0.0,22,43.373479
0.0,27,43.374307
1.0,18,43.374897
0.0,36,43.376004
0.0,38,43.377151
0.0,6,43.377385
1.0,32,43.378367
1.0,74,43.380546
0.0,4,43.380731
1.0,10,43.381094
0.0,11,43.381468
0.0,21,43.382126
0.0,66,43.384063
0.0,8,43.384358
0.0,20,43.385
0.0,10,43.385344
0.0,17,43.385904
0.0,11,43.386284
0.0,4,43.386479
0.0,8,43.386784
0.0,12,43.387183
1.0,30,43.388091
0.0,48,43.389549
0.0,10,43.389901
0.0,16,43.390411
1.0,17,43.390975
0.0,16,43.391505
0.0,7,43.391772
0.0,16,43.392279
0.0,4,43.392454
0.0,6,43.392698
0.0,5,43.392902
0.0,15,43.393384
0.0,25,43.394207
0.0,9,43.39455
0.0,13,43.394978
1.0,43,43.396262
0.0,4,43.396443
0.0,26,43.397269
1.0,22,43.397961
0.0,8,43.398251
1.0,14,43.398729
0.0,6,43.398967
0.0,4,43.399159
0.0,43,43.400431
1.0,23,43.401153
1.0,11,43.401549
1.0,38,43.40271
0.0,11,43.403083
1.0,34,43.404115
1.0,52,43.405679
1.0,44,43.407014
0.0,5,43.407226
0.0,24,43.407974
0.0,7,43.408234
0.0,11,43.408619
0.0,34,43.409685
0.0,14,43.41015
0.0,6,43.410383
0.0,13,43.410856
0.0,27,43.41169
0.0,7,43.412094
0.0,6,43.41233
1.0,10,43.412692
0.0,10,43.413035
0.0,9,43.413349
1.0,10,43.413703
1.0,32,43.414689
0.0,14,43.415165
0.0,15,43.415656
0.0,36,43.416728
0.0,52,43.418282
0.0,10,43.418644
0.0,19,43.419234
0.0,49,43.420717
1.0,32,43.421683
1.0,32,43.422665
0.0,6,43.422921
0.0,52,43.424438
0.0,9,43.424782
0.0,8,43.425075
1.0,30,43.426006
1.0,13,43.426432
0.0,18,43.427008
0.0,26,43.427833
0.0,17,43.428376
1.0,73,43.430531
1.0,46,43.431894
0.0,40,43.433109
0.0,7,43.433378
0.0,8,43.433677
0.0,37,43.434785
0.0,6,43.435018
0.0,43,43.436312
0.0,17,43.436866
1.0,25,43.437635
1.0,33,43.438663
0.0,10,43.439006
0.0,12,43.439399
1.0,44,43.440725
0.0,11,43.441112
0.0,4,43.44129
0.0,19,43.441892
0.0,11,43.442261
1.0,27,43.443096
0.0,11,43.443496
0.0,21,43.444165
1.0,14,43.444642
1.0,45,43.446014
0.0,6,43.44627
0.0,13,43.446711
0.0,18,43.447275
0.0,5,43.447478
1.0,16,43.447999
1.0,27,43.448845
0.0,13,43.449274
0.0,13,43.449714
0.0,12,43.450111
1.0,25,43.450895
1.0,11,43.451269
1.0,53,43.452855
0.0,12,43.453254
0.0,8,43.453562
0.0,18,43.454153
0.0,21,43.454821
1.0,36,43.4559
0.0,19,43.45652
0.0,35,43.457574
0.0,29,43.458437
1.0,40,43.45967
0.0,5,43.459878
0.0,8,43.460171
0.0,8,43.460456
0.0,11,43.460864
0.0,10,43.461206
0.0,9,43.461544
0.0,35,43.462631
1.0,31,43.463566
0.0,5,43.46377
1.0,32,43.464777
0.0,31,43.465715
0.0,10,43.466057
1.0,17,43.466608
0.0,5,43.466821
0.0,7,43.467083
0.0,26,43.467902
1.0,49,43.469349
0.0,6,43.469598
1.0,49,43.471061
0.0,9,43.471381
1.0,57,43.473086
0.0,6,43.473323
0.0,30,43.474232
1.0,31,43.475197
0.0,9,43.475546
1.0,27,43.476357
0.0,16,43.476879
0.0,18,43.477451
0.0,20,43.47811
0.0,12,43.478523
0.0,7,43.478787
1.0,50,43.480255
0.0,23,43.481011
0.0,26,43.481817
0.0,15,43.482297
0.0,52,43.483862
0.0,9,43.484186
0.0,6,43.484419
0.0,13,43.484879
0.0,7,43.485153
0.0,31,43.486127
0.0,7,43.486415
0.0,10,43.486783
0.0,17,43.487323
0.0,33,43.488331
0.0,41,43.489603
0.0,25,43.490407
0.0,10,43.490799
1.0,60,43.492573
1.0,13,43.493005
0.0,6,43.493235
0.0,64,43.495107
0.0,51,43.496621
0.0,21,43.497294
1.0,40,43.498498
1.0,14,43.498953
0.0,7,43.499217
0.0,14,43.499689
0.0,16,43.500196
0.0,20,43.500827
0.0,18,43.501386
0.0,6,43.501638
1.0,58,43.503345
0.0,16,43.503872
0.0,11,43.504249
0.0,29,43.505159
0.0,13,43.505605
0.0,49,43.507043
1.0,20,43.507705
0.0,6,43.507938
0.0,18,43.508515
0.0,21,43.509159
1.0,14,43.509636
0.0,20,43.51028
0.0,8,43.510611
0.0,30,43.511524
0.0,6,43.511757
0.0,9,43.512345
1.0,15,43.512866
0.0,25,43.513643
0.0,7,43.513902
0.0,19,43.514508
0.0,50,43.516016
0.0,38,43.517153
1.0,9,43.517479
0.0,13,43.517923
1.0,89,43.52053
1.0,31,43.52147
0.0,12,43.52188
0.0,5,43.522083
0.0,18,43.522665
0.0,35,43.523745
0.0,15,43.524235
1.0,57,43.525934
1.0,6,43.526189
0.0,42,43.527442
0.0,47,43.528854
0.0,14,43.529311
0.0,8,43.529617
0.0,14,43.530071
0.0,6,43.530302
0.0,32,43.531282
1.0,16,43.531828
0.0,10,43.532176
1.0,25,43.532946
1.0,58,43.534695
0.0,16,43.535219
0.0,9,43.535547
0.0,13,43.535986
0.0,14,43.536458
0.0,15,43.536969
0.0,6,43.537204
0.0,37,43.53831
0.0,49,43.539798
0.0,16,43.540311
0.0,68,43.542317
0.0,28,43.543181
1.0,21,43.543852
0.0,5,43.544062
0.0,35,43.545138
0.0,13,43.545588
0.0,22,43.546262
0.0,14,43.54675
0.0,16,43.547283
0.0,9,43.547614
0.0,32,43.548581
1.0,17,43.549123
0.0,19,43.549757
0.0,9,43.550076
1.0,33,43.551071
0.0,13,43.551511
0.0,11,43.551893
0.0,14,43.552365
1.0,68,43.554348
0.0,21,43.555055
1.0,37,43.556172
0.0,9,43.556498
1.0,27,43.557322
0.0,15,43.55784
0.0,25,43.558614
0.0,29,43.559481
0.0,10,43.559849
1.0,28,43.560765
1.0,38,43.561904
0.0,15,43.562392
0.0,27,43.56325
0.0,11,43.56364
0.0,57,43.565325
0.0,10,43.565692
1.0,16,43.566203
0.0,16,43.566731
0.0,25,43.567485
0.0,20,43.568132
1.0,40,43.569343
0.0,15,43.56984
0.0,7,43.5701
0.0,34,43.571155
0.0,13,43.571599
0.0,36,43.572666
0.0,9,43.572991
0.0,9,43.573311
1.0,11,43.573703
0.0,10,43.574047
0.0,7,43.574304
1.0,19,43.574914
0.0,44,43.576252
0.0,26,43.577053
0.0,11,43.577422
0.0,22,43.578152
0.0,10,43.578512
0.0,24,43.579267
0.0,19,43.579874
1.0,10,43.580217
0.0,7,43.580476
0.0,13,43.580923
1.0,16,43.581452
0.0,8,43.581754
0.0,21,43.582401
1.0,27,43.583234
0.0,27,43.584093
0.0,14,43.584571
0.0,12,43.58497
1.0,69,43.587002
1.0,29,43.587893
0.0,7,43.588153
0.0,4,43.58833
0.0,10,43.588695
0.0,15,43.589197
0.0,19,43.589806
1.0,51,43.591301
0.0,8,43.591624
0.0,11,43.591999
0.0,7,43.592256
1.0,38,43.593384
0.0,14,43.593863
0.0,4,43.594055
0.0,67,43.59601
0.0,24,43.596781
1.0,30,43.597699
0.0,8,43.597987
0.0,8,43.598274
1.0,28,43.59915
0.0,8,43.599444
0.0,22,43.600132
0.0,9,43.600448
0.0,29,43.601334
0.0,45,43.602702
0.0,14,43.603159
1.0,13,43.603598
1.0,11,43.604014
1.0,18,43.604627
0.0,52,43.606148
0.0,12,43.60657
0.0,85,43.609045
0.0,22,43.609782
0.0,39,43.610979
1.0,30,43.611904
0.0,7,43.612309
0.0,5,43.61253
0.0,7,43.61279
0.0,12,43.613188
0.0,7,43.613446
0.0,20,43.614076
1.0,70,43.616146
0.0,14,43.616616
0.0,24,43.617363
1.0,32,43.618335
1.0,11,43.618718
0.0,4,43.618894
1.0,56,43.620568
1.0,18,43.621138
0.0,6,43.621368
1.0,21,43.622036
0.0,17,43.622604
0.0,4,43.622798
0.0,10,43.62314
0.0,18,43.623717
0.0,6,43.62395
1.0,34,43.624988
0.0,6,43.625235
0.0,6,43.625468
1.0,30,43.626376
1.0,88,43.628943
0.0,6,43.62918
1.0,50,43.630693
0.0,4,43.630875
1.0,21,43.631534
0.0,5,43.63174
0.0,36,43.632844
0.0,8,43.633141
1.0,20,43.63378
0.0,16,43.63429
0.0,20,43.63495
0.0,7,43.635216
0.0,27,43.636068
0.0,10,43.636412
1.0,51,43.637952
0.0,42,43.639207
0.0,12,43.639622
0.0,11,43.639997
1.0,37,43.641137
0.0,30,43.642049
1.0,50,43.643563
0.0,8,43.643853
0.0,35,43.644905
0.0,60,43.646697
1.0,21,43.647346
1.0,20,43.647995
0.0,18,43.648607
1.0,24,43.649341
0.0,20,43.649974
0.0,12,43.650378
0.0,14,43.65087
0.0,69,43.652887
1.0,22,43.653608
1.0,18,43.654191
1.0,26,43.654998
0.0,19,43.655612
0.0,6,43.655851
1.0,46,43.657218
1.0,12,43.657632
0.0,48,43.659063
0.0,20,43.659698
1.0,24,43.660426
0.0,21,43.661137
0.0,31,43.662094
0.0,13,43.662529
0.0,8,43.662818
0.0,7,43.663077
0.0,28,43.663948
0.0,11,43.664342
0.0,6,43.664595
0.0,25,43.665353
0.0,6,43.665599
0.0,17,43.666146
0.0,19,43.666758
0.0,19,43.667349
1.0,28,43.66821
0.0,6,43.668444
1.0,41,43.669708
0.0,29,43.670587
0.0,20,43.671217
0.0,19,43.671846
0.0,15,43.672328
0.0,12,43.672737
1.0,68,43.674754
0.0,11,43.675131
1.0,37,43.676238
0.0,15,43.676744
0.0,49,43.678202
0.0,7,43.678461
0.0,29,43.679362
0.0,7,43.679644
0.0,16,43.680153
0.0,30,43.681061
0.0,8,43.681349
1.0,28,43.682241
0.0,15,43.682741
1.0,28,43.683594
1.0,47,43.685034
0.0,27,43.685868
0.0,42,43.687141
0.0,13,43.687592
0.0,14,43.688047
0.0,12,43.688443
1.0,16,43.688961
0.0,20,43.689615
0.0,8,43.689926
0.0,7,43.690186
0.0,12,43.690596
1.0,55,43.692222
0.0,52,43.693767
0.0,24,43.694527
0.0,11,43.69492
0.0,18,43.695499
1.0,9,43.695819
1.0,19,43.696409
1.0,38,43.697574
1.0,28,43.698431
0.0,20,43.699059
0.0,8,43.699349
0.0,7,43.699632
1.0,30,43.700562
0.0,15,43.701044
1.0,12,43.70144
0.0,17,43.701992
0.0,51,43.703527
1.0,38,43.704666
0.0,7,43.704934
0.0,6,43.705182
0.0,26,43.705987
0.0,19,43.706589
0.0,11,43.706959
0.0,4,43.707137
0.0,4,43.707321
0.0,19,43.70795
0.0,6,43.708189
0.0,19,43.708796
1.0,27,43.709624
0.0,12,43.710034
0.0,58,43.711792
0.0,9,43.712109
1.0,17,43.71279
0.0,6,43.713028
0.0,16,43.713576
0.0,39,43.714752
0.0,4,43.71493
0.0,13,43.715366
0.0,6,43.715631
0.0,10,43.715981
0.0,6,43.716212
1.0,18,43.716791
0.0,9,43.717107
0.0,28,43.717976
0.0,34,43.719021
1.0,24,43.719771
1.0,40,43.720998
0.0,34,43.722026
0.0,10,43.72237
1.0,21,43.723046
0.0,7,43.723325
0.0,44,43.724657
0.0,5,43.724861
0.0,38,43.726013
1.0,28,43.726893
0.0,4,43.727071
0.0,18,43.727652
0.0,16,43.728176
0.0,7,43.728438
0.0,19,43.729049
1.0,23,43.729772
1.0,77,43.73205
0.0,9,43.732371
0.0,8,43.73267
0.0,12,43.733072
0.0,10,43.733426
0.0,18,43.734035
0.0,14,43.734508
0.0,21,43.735158
1.0,43,43.73648
0.0,30,43.737393
1.0,60,43.739181
0.0,47,43.740577
0.0,9,43.740898
0.0,14,43.741375
0.0,10,43.741757
0.0,34,43.74278
1.0,26,43.743593
0.0,6,43.743829
0.0,33,43.744859
0.0,17,43.745395
0.0,7,43.745669
0.0,7,43.745929
0.0,25,43.746725
0.0,9,43.747049
1.0,24,43.747797
0.0,12,43.748196
1.0,22,43.748895
0.0,5,43.749104
0.0,4,43.749281
0.0,11,43.749683
0.0,12,43.750082
1.0,46,43.751449
0.0,10,43.75183
0.0,29,43.752718
1.0,32,43.753688
0.0,6,43.753929
0.0,17,43.75451
1.0,15,43.754995
0.0,7,43.755254
0.0,32,43.756222
0.0,16,43.756759
0.0,9,43.757097
0.0,5,43.7573
0.0,15,43.7578
0.0,4,43.757975
0.0,29,43.758856
0.0,5,43.759069
0.0,5,43.759275
0.0,37,43.760424
0.0,15,43.760921
0.0,6,43.761191
0.0,16,43.761758
0.0,35,43.762837
0.0,23,43.763563
1.0,76,43.765832
1.0,23,43.766551
0.0,8,43.76685
0.0,6,43.767085
0.0,16,43.767627
0.0,6,43.767859
0.0,10,43.768201
0.0,13,43.768637
1.0,16,43.769146
1.0,20,43.769797
0.0,27,43.770653
0.0,16,43.771164
0.0,15,43.771659
1.0,48,43.773102
1.0,16,43.773628
0.0,11,43.774
1.0,23,43.774738
0.0,4,43.774932
0.0,34,43.775962
0.0,6,43.776194
0.0,19,43.776797
0.0,13,43.777235
0.0,20,43.777881
0.0,7,43.778142
1.0,29,43.779024
0.0,27,43.779867
0.0,57,43.781568
0.0,10,43.781911
0.0,10,43.782263
1.0,23,43.783008
0.0,35,43.784061
0.0,12,43.784461
0.0,34,43.785538
0.0,12,43.785941
0.0,7,43.786201
1.0,45,43.787551
0.0,10,43.787899
0.0,18,43.788496
0.0,16,43.789009
0.0,44,43.790326
0.0,20,43.790982
0.0,65,43.792899
0.0,10,43.793267
0.0,19,43.79388
1.0,21,43.794555
1.0,10,43.794899
0.0,8,43.795186
0.0,11,43.795582
0.0,5,43.79579
0.0,7,43.796073
0.0,11,43.796446
0.0,4,43.796632
1.0,60,43.798397
0.0,12,43.79882
0.0,15,43.799306
0.0,19,43.799917
1.0,30,43.80084
1.0,33,43.801868
1.0,35,43.802925
0.0,28,43.803819
0.0,9,43.804141
1.0,27,43.804983
0.0,4,43.805162
1.0,16,43.805686
0.0,13,43.806126
0.0,38,43.807271
0.0,12,43.807693
0.0,4,43.807871
0.0,24,43.808625
0.0,57,43.810327
0.0,27,43.811203
1.0,13,43.811669
1.0,39,43.812861
0.0,20,43.813613
0.0,28,43.814473
0.0,7,43.814756
0.0,28,43.815614
0.0,27,43.816426
1.0,30,43.817368
0.0,34,43.818394
0.0,20,43.819027
0.0,8,43.819325
0.0,17,43.819884
1.0,17,43.820443
0.0,4,43.820635
0.0,9,43.820951
0.0,4,43.821125
1.0,51,43.82267
0.0,15,43.823154
0.0,8,43.823445
0.0,14,43.823913
0.0,24,43.824677
0.0,8,43.824984
0.0,7,43.825249
1.0,42,43.826501
0.0,7,43.826761
0.0,8,43.827047
0.0,13,43.827481
1.0,17,43.828057
0.0,28,43.828914
1.0,14,43.829368
1.0,20,43.830019
0.0,20,43.830673
0.0,13,43.8311
0.0,32,43.832067
0.0,7,43.832327
0.0,12,43.832748
0.0,9,43.833068
0.0,16,43.833611
0.0,6,43.833845
1.0,29,43.834738
0.0,42,43.836019
0.0,11,43.836392
1.0,13,43.836834
1.0,81,43.839207
1.0,34,43.840239
0.0,22,43.840963
0.0,68,43.842946
1.0,15,43.843442
0.0,13,43.843922
0.0,17,43.844463
0.0,11,43.844853
0.0,18,43.845416
0.0,20,43.846065
1.0,39,43.847239
0.0,8,43.847543
1.0,36,43.848625
0.0,4,43.848807
0.0,19,43.849412
0.0,15,43.849915
0.0,22,43.850599
0.0,5,43.850803
0.0,8,43.851097
1.0,70,43.853176
0.0,36,43.854298
0.0,11,43.854696
1.0,21,43.855349
1.0,20,43.855985
0.0,13,43.856425
1.0,13,43.856866
0.0,18,43.857445
1.0,37,43.858567
1.0,21,43.859231
0.0,31,43.860208
0.0,5,43.860418
0.0,11,43.860798
0.0,34,43.861869
1.0,40,43.863082
1.0,52,43.86464
0.0,17,43.86521
0.0,36,43.866292
0.0,64,43.8682
1.0,17,43.86876
0.0,17,43.869294
0.0,16,43.86983
0.0,27,43.870672
1.0,70,43.87275
0.0,17,43.873297
0.0,7,43.873571
1.0,44,43.874883
0.0,4,43.875067
0.0,20,43.875731
0.0,4,43.875909
0.0,26,43.876706
1.0,35,43.877766
0.0,13,43.878199
0.0,18,43.878785
1.0,21,43.879434
0.0,8,43.879736
0.0,6,43.879969
0.0,12,43.880376
0.0,17,43.880942
0.0,7,43.881203
1.0,81,43.883576
0.0,11,43.883953
0.0,10,43.884299
0.0,4,43.884473
0.0,20,43.885112
1.0,62,43.886952
0.0,13,43.887381
1.0,32,43.888358
0.0,12,43.888801
0.0,67,43.890755
0.0,11,43.89114
0.0,4,43.891338
0.0,7,43.89162
0.0,11,43.891991
0.0,11,43.892365
0.0,40,43.893572
0.0,8,43.893865
0.0,23,43.894602
0.0,19,43.895199
0.0,36,43.896287
0.0,10,43.896648
1.0,13,43.897089
1.0,22,43.897784
1.0,29,43.898665
0.0,13,43.899103
0.0,18,43.899715
0.0,11,43.900088
0.0,8,43.900379
0.0,17,43.900927
0.0,4,43.901103
0.0,5,43.901306
0.0,11,43.901703
1.0,28,43.902588
0.0,14,43.903043
0.0,9,43.903357
0.0,22,43.904054
0.0,6,43.90429
0.0,9,43.90465
0.0,6,43.904891
0.0,12,43.905287
0.0,19,43.905892
1.0,39,43.907058
0.0,20,43.907706
0.0,26,43.908488
0.0,13,43.908923
0.0,11,43.909305
0.0,8,43.909611
0.0,17,43.91016
0.0,9,43.910475
1.0,30,43.911415
0.0,4,43.911606
0.0,8,43.911904
0.0,19,43.912542
0.0,13,43.91297
0.0,22,43.913793
0.0,12,43.914193
1.0,17,43.914798
0.0,15,43.915306
1.0,94,43.918058
0.0,6,43.918296
0.0,25,43.919072
0.0,34,43.920136
0.0,16,43.920666
0.0,6,43.9209
0.0,12,43.921301
0.0,17,43.921853
1.0,76,43.924106
1.0,27,43.924951
0.0,12,43.925352
0.0,26,43.926178
0.0,49,43.927643
1.0,15,43.928136
0.0,24,43.928911
0.0,25,43.929688
0.0,19,43.930285
0.0,33,43.931317
1.0,34,43.93235
1.0,27,43.933181
1.0,22,43.93391
0.0,20,43.934557
0.0,21,43.935204
0.0,15,43.935701
0.0,21,43.936365
0.0,78,43.93867
0.0,8,43.938989
0.0,5,43.939201
0.0,4,43.939377
0.0,13,43.939821
0.0,29,43.940706
1.0,87,43.943268
1.0,21,43.943953
0.0,11,43.944356
0.0,100,43.947301
0.0,16,43.947834
1.0,31,43.948779
0.0,9,43.949103
1.0,13,43.949574
0.0,6,43.949809
0.0,12,43.950205
1.0,22,43.95089
0.0,11,43.951265
0.0,8,43.951576
0.0,7,43.95186
0.0,15,43.952348
0.0,4,43.952537
0.0,25,43.953296
0.0,14,43.953765
0.0,10,43.954118
0.0,13,43.954571
1.0,30,43.955478
0.0,11,43.955863
1.0,24,43.956615
1.0,10,43.956967
0.0,17,43.957534
0.0,13,43.957968
1.0,17,43.958518
1.0,16,43.959028
1.0,18,43.959625
0.0,9,43.959955
0.0,42,43.961207
0.0,10,43.961601
0.0,33,43.962648
0.0,46,43.964013
0.0,4,43.96419
0.0,7,43.964459
1.0,73,43.966638
0.0,4,43.966818
0.0,21,43.967484
0.0,18,43.968072
0.0,11,43.968444
0.0,6,43.968687
0.0,24,43.969423
0.0,47,43.970853
0.0,11,43.971227
0.0,14,43.971701
1.0,27,43.972546
1.0,22,43.973257
0.0,31,43.9742
1.0,18,43.974792
0.0,29,43.975721
0.0,13,43.976152
0.0,6,43.976384
1.0,31,43.977325
0.0,37,43.978466
0.0,31,43.979409
0.0,24,43.980168
0.0,4,43.980347
0.0,11,43.980764
0.0,5,43.980969
0.0,21,43.981634
1.0,10,43.981979
1.0,23,43.982707
0.0,13,43.98314
0.0,19,43.983762
1.0,33,43.98477
0.0,6,43.985003
0.0,13,43.985441
0.0,15,43.985952
0.0,39,43.987118
0.0,6,43.98735
0.0,10,43.987707
1.0,28,43.988612
0.0,18,43.98918
0.0,11,43.989571
0.0,25,43.990332
1.0,34,43.991399
0.0,6,43.991649
0.0,10,43.991993
0.0,43,43.993279
0.0,19,43.9939
0.0,18,43.994465
0.0,16,43.994992
0.0,44,43.996327
0.0,41,43.997568
0.0,26,43.99837
1.0,51,43.999925
0.0,14,44.000381
1.0,16,44.000916
0.0,6,44.001153
1.0,35,44.002219
0.0,8,44.00252
1.0,17,44.003057
1.0,13,44.003505
0.0,17,44.00408
0.0,12,44.004479
0.0,12,44.004896
1.0,9,44.005212
0.0,13,44.005655
1.0,10,44.00601
1.0,12,44.006412
0.0,8,44.006724
0.0,38,44.007859
0.0,9,44.008176
0.0,32,44.009184
0.0,18,44.009771
0.0,19,44.010366
0.0,20,44.010997
0.0,17,44.0116
1.0,25,44.012863
0.0,26,44.013677
0.0,9,44.013999
0.0,34,44.015172
0.0,4,44.01535
1.0,18,44.015933
0.0,5,44.016139
0.0,23,44.016888
0.0,13,44.017321
0.0,13,44.017762
0.0,4,44.017939
1.0,25,44.018709
0.0,14,44.019176
0.0,4,44.019369
1.0,56,44.021021
0.0,13,44.021457
0.0,22,44.022175
0.0,29,44.023057
1.0,21,44.023719
0.0,14,44.024182
1.0,47,44.025621
0.0,65,44.027547
0.0,16,44.028061
0.0,12,44.028458
0.0,4,44.028641
0.0,8,44.028927
0.0,8,44.029224
0.0,4,44.029399
0.0,14,44.029882
0.0,10,44.030228
0.0,36,44.031348
0.0,31,44.032329
0.0,11,44.032718
1.0,17,44.033255
1.0,16,44.033781
0.0,41,44.035045
1.0,23,44.035766
1.0,11,44.036136
0.0,11,44.036514
0.0,8,44.036802
1.0,30,44.037728
0.0,7,44.03799
1.0,39,44.039189
0.0,10,44.03956
0.0,29,44.040466
0.0,16,44.040986
1.0,26,44.041788
1.0,40,44.043023
0.0,10,44.043369
0.0,10,44.043727
0.0,10,44.044069
0.0,31,44.045029
0.0,18,44.045623
0.0,4,44.0458
0.0,22,44.04647
1.0,33,44.047469
1.0,18,44.048077
1.0,18,44.048656
0.0,7,44.048916
0.0,4,44.049091
0.0,40,44.050293
0.0,17,44.050862
0.0,17,44.051399
0.0,27,44.052226
0.0,21,44.052922
1.0,53,44.054475
0.0,36,44.055609
1.0,10,44.055959
0.0,23,44.056674
1.0,16,44.057182
0.0,6,44.057414
1.0,89,44.060027
0.0,12,44.060442
0.0,21,44.061111
0.0,71,44.063236
0.0,12,44.063658
0.0,15,44.064137
1.0,21,44.064802
1.0,48,44.066239
1.0,53,44.067801
1.0,21,44.068486
0.0,30,44.069408
0.0,65,44.071342
0.0,19,44.071954
0.0,29,44.072837
0.0,11,44.07322
0.0,8,44.073548
0.0,18,44.074128
0.0,11,44.074514
0.0,36,44.075633
0.0,26,44.076442
0.0,25,44.077213
0.0,25,44.077983
0.0,7,44.078254
0.0,11,44.078661
1.0,52,44.080189
0.0,36,44.081304
0.0,11,44.081697
0.0,12,44.082097
0.0,28,44.082947
0.0,6,44.08318
0.0,17,44.083766
0.0,11,44.084146
0.0,10,44.084486
1.0,23,44.085209
0.0,37,44.086332
0.0,11,44.086726
0.0,7,44.086986
0.0,12,44.087381
0.0,10,44.087736
0.0,9,44.08805
0.0,9,44.088365
0.0,17,44.088927
0.0,24,44.089687
0.0,9,44.090003
0.0,7,44.090261
0.0,68,44.092272
0.0,15,44.092772
0.0,8,44.093059
0.0,5,44.093261
0.0,5,44.093463
1.0,34,44.094544
0.0,34,44.095571
1.0,8,44.095859
0.0,18,44.096435
0.0,20,44.097085
0.0,16,44.09761
0.0,6,44.097842
1.0,17,44.098376
1.0,18,44.098963
1.0,23,44.09969
0.0,13,44.100118
0.0,16,44.100636
0.0,6,44.100866
0.0,13,44.101289
0.0,5,44.101514
0.0,11,44.10191
0.0,17,44.102452
1.0,30,44.103355
0.0,17,44.103909
0.0,39,44.105119
0.0,27,44.105953
1.0,9,44.10627
0.0,12,44.106705
0.0,22,44.107401
0.0,5,44.107622
1.0,38,44.108752
1.0,18,44.109328
1.0,36,44.110454
1.0,13,44.110893
0.0,25,44.111702
0.0,8,44.111992
0.0,6,44.112224
0.0,8,44.112534
0.0,5,44.112744
0.0,26,44.113574
0.0,13,44.114001
0.0,7,44.114376
0.0,12,44.114795
0.0,18,44.115376
0.0,18,44.115967
0.0,4,44.116145
0.0,8,44.11643
1.0,36,44.11754
1.0,28,44.11842
0.0,9,44.118749
1.0,23,44.119453
0.0,67,44.121428
0.0,10,44.121792
0.0,6,44.122024
0.0,12,44.122421
0.0,17,44.122981
0.0,8,44.123287
0.0,4,44.123466
0.0,19,44.124074
1.0,13,44.12452
1.0,45,44.12587
0.0,5,44.12609
0.0,15,44.126587
0.0,10,44.12693
0.0,8,44.127217
0.0,25,44.128005
0.0,6,44.128252
0.0,18,44.128837
0.0,63,44.130697
0.0,17,44.131265
1.0,11,44.131653
1.0,48,44.133072
0.0,26,44.133919
0.0,16,44.134431
0.0,12,44.134851
1.0,24,44.135605
0.0,5,44.135812
1.0,52,44.137358
1.0,27,44.138203
1.0,8,44.138507
0.0,5,44.138715
1.0,10,44.139072
0.0,28,44.139933
0.0,17,44.14047
0.0,7,44.140748
0.0,5,44.140954
0.0,28,44.14183
0.0,6,44.142063
1.0,20,44.142695
0.0,8,44.142984
0.0,14,44.143448
0.0,7,44.143726
1.0,38,44.144891
0.0,60,44.146669
0.0,15,44.147158
1.0,90,44.149805
1.0,29,44.150694
0.0,33,44.151725
0.0,9,44.152047
0.0,25,44.152816
0.0,11,44.153188
0.0,29,44.154087
0.0,15,44.154616
0.0,24,44.15535
0.0,20,44.155985
0.0,4,44.156163
0.0,9,44.156497
0.0,4,44.15668
0.0,29,44.157591
1.0,16,44.158105
1.0,17,44.158654
0.0,28,44.15956
0.0,28,44.160404
0.0,20,44.161037
0.0,64,44.162991
0.0,20,44.163633
0.0,23,44.164354
0.0,9,44.164725
0.0,10,44.16507
1.0,25,44.165847
0.0,16,44.166355
0.0,10,44.166721
0.0,4,44.166901
1.0,38,44.168061
1.0,14,44.168528
0.0,7,44.168788
0.0,25,44.169588
0.0,100,44.172535
1.0,25,44.173305
1.0,27,44.174137
1.0,16,44.174684
1.0,34,44.175734
0.0,4,44.175911
0.0,7,44.17617
0.0,14,44.176634
1.0,14,44.177099
0.0,11,44.177475
0.0,17,44.178032
0.0,9,44.178347
1.0,13,44.178787
0.0,12,44.179184
0.0,67,44.181172
0.0,20,44.181812
0.0,18,44.182394
0.0,5,44.182615
0.0,12,44.183018
0.0,4,44.183194
1.0,32,44.184162
0.0,16,44.184705
0.0,24,44.185464
0.0,10,44.185822
0.0,10,44.186166
1.0,9,44.186481
0.0,12,44.186891
1.0,30,44.187822
0.0,60,44.189606
1.0,34,44.190666
1.0,92,44.193356
1.0,25,44.19414
0.0,27,44.194987
1.0,66,44.196933
1.0,34,44.19799
0.0,26,44.198802
0.0,17,44.19934
0.0,4,44.19953
0.0,6,44.199763
1.0,19,44.200366
0.0,27,44.201228
1.0,39,44.202392
0.0,22,44.203095
0.0,9,44.203429
0.0,18,44.204011
0.0,11,44.204382
0.0,13,44.20483
0.0,6,44.205063
0.0,27,44.205911
1.0,41,44.207154
0.0,11,44.207542
0.0,12,44.20795
0.0,4,44.208128
1.0,48,44.209601
0.0,5,44.209808
0.0,36,44.210911
1.0,20,44.211556
0.0,22,44.212275
1.0,36,44.213364
1.0,18,44.213973
1.0,15,44.214459
0.0,17,44.215013
0.0,4,44.215189
0.0,26,44.216128
1.0,68,44.218115
0.0,12,44.218539
0.0,6,44.218786
1.0,29,44.219676
0.0,28,44.220529
0.0,12,44.220938
0.0,12,44.221355
0.0,42,44.222617
1.0,49,44.224072
0.0,5,44.224297
1.0,8,44.224606
0.0,5,44.224811
1.0,55,44.226424
0.0,9,44.226758
0.0,19,44.227349
1.0,34,44.228396
1.0,14,44.228876
0.0,33,44.229904
0.0,8,44.230193
1.0,19,44.230795
0.0,26,44.231623
0.0,19,44.232218
0.0,14,44.232683
1.0,9,44.232996
0.0,14,44.233446
0.0,11,44.233838
0.0,44,44.235197
0.0,18,44.23583
0.0,10,44.236196
0.0,16,44.23674
0.0,23,44.237456
1.0,65,44.239383
0.0,4,44.239617
0.0,74,44.241795
0.0,14,44.242299
0.0,4,44.242474
0.0,8,44.242777
0.0,12,44.243174
1.0,28,44.244032
1.0,32,44.245021
1.0,10,44.245371
0.0,7,44.245647
1.0,53,44.2472
0.0,11,44.247606
0.0,29,44.248476
0.0,15,44.24897
1.0,56,44.250645
0.0,16,44.251161
0.0,22,44.251844
0.0,6,44.252083
0.0,12,44.252484
0.0,9,44.252832
0.0,7,44.25309
0.0,19,44.253691
1.0,31,44.254645
0.0,21,44.255317
0.0,13,44.255759
0.0,8,44.256047
1.0,56,44.257706
1.0,19,44.258305
1.0,23,44.259022
0.0,71,44.261107
0.0,13,44.261553
0.0,25,44.262355
0.0,6,44.262619
0.0,32,44.263591
0.0,26,44.264381
1.0,21,44.265068
0.0,36,44.266172
1.0,31,44.267116
1.0,59,44.268884
0.0,8,44.269182
0.0,21,44.269841
0.0,21,44.270515
0.0,41,44.271731
1.0,11,44.272101
0.0,12,44.272511
1.0,42,44.273787
0.0,8,44.274078
0.0,66,44.276045
0.0,8,44.276338
1.0,36,44.277416
0.0,13,44.277864
1.0,16,44.278396
0.0,50,44.279878
0.0,10,44.280221
0.0,31,44.281193
0.0,4,44.281373
1.0,40,44.282573
0.0,12,44.282976
0.0,32,44.283984
0.0,4,44.284162
0.0,7,44.28442
0.0,63,44.286294
0.0,27,44.287131
1.0,73,44.289279
0.0,33,44.290281
0.0,41,44.291539
0.0,17,44.292079
1.0,61,44.293887
0.0,16,44.294403
0.0,17,44.294962
0.0,32,44.295934
0.0,10,44.296281
0.0,6,44.29653
0.0,7,44.296794
0.0,4,44.296969
0.0,5,44.297172
0.0,21,44.297828
0.0,27,44.298668
0.0,10,44.299028
0.0,13,44.299457
1.0,30,44.300359
0.0,29,44.301255
0.0,53,44.302824
0.0,38,44.303973
1.0,21,44.304672
1.0,11,44.305045
0.0,10,44.305386
0.0,16,44.305904
0.0,21,44.30658
1.0,35,44.307655
0.0,18,44.308218
0.0,14,44.308685
1.0,31,44.30965
0.0,26,44.310436
0.0,11,44.31082
0.0,6,44.311052
0.0,6,44.311284
1.0,28,44.312208
0.0,41,44.313436
0.0,36,44.314552
0.0,33,44.315566
0.0,9,44.315881
0.0,24,44.316634
0.0,9,44.316956
0.0,6,44.317189
0.0,9,44.317532
0.0,14,44.317985
0.0,14,44.318436
0.0,26,44.319247
1.0,72,44.321367
1.0,37,44.322522
0.0,31,44.323449
0.0,17,44.323995
0.0,8,44.324292
1.0,21,44.32499
1.0,31,44.325926
0.0,20,44.326677
1.0,35,44.327744
1.0,75,44.329953
0.0,10,44.330306
0.0,8,44.330608
0.0,69,44.332629
1.0,16,44.333171
1.0,67,44.335169
1.0,43,44.336457
0.0,21,44.337122
0.0,9,44.337448
0.0,28,44.338326
0.0,16,44.338852
1.0,40,44.340052
1.0,25,44.340857
0.0,7,44.34112
0.0,5,44.341323
0.0,16,44.341845
0.0,25,44.342633
0.0,22,44.343337
0.0,12,44.343751
0.0,10,44.344094
1.0,7,44.344352
0.0,42,44.345658
0.0,4,44.345838
1.0,57,44.347512
1.0,24,44.348275
0.0,14,44.348749
0.0,25,44.349523
0.0,38,44.350685
1.0,36,44.351768
0.0,10,44.352112
1.0,28,44.352979
0.0,9,44.353315
0.0,15,44.353817
0.0,17,44.354352
0.0,4,44.354551
0.0,12,44.354951
1.0,12,44.355361
0.0,17,44.355935
0.0,16,44.35645
0.0,8,44.35675
0.0,18,44.357316
0.0,9,44.357644
0.0,30,44.358598
0.0,4,44.358776
1.0,30,44.359692
0.0,15,44.360178
0.0,19,44.360803
1.0,18,44.361389
0.0,7,44.36166
0.0,31,44.362635
0.0,9,44.362957
0.0,20,44.363602
0.0,6,44.363837
0.0,64,44.365722
1.0,56,44.367393
0.0,4,44.367584
0.0,9,44.367899
0.0,25,44.368701
0.0,19,44.369299
0.0,6,44.369542
1.0,21,44.37019
0.0,10,44.370548
0.0,18,44.371127
0.0,44,44.372445
0.0,9,44.372777
0.0,29,44.373678
0.0,32,44.374673
0.0,11,44.375048
0.0,19,44.375648
0.0,22,44.376336
0.0,15,44.37684
0.0,14,44.377295
0.0,61,44.379113
0.0,22,44.379812
0.0,28,44.380671
0.0,9,44.380988
0.0,15,44.38148
0.0,12,44.381907
0.0,30,44.382827
0.0,13,44.383253
0.0,6,44.383483
0.0,26,44.384311
0.0,17,44.384878
0.0,7,44.385139
0.0,19,44.385747
0.0,20,44.386371
0.0,12,44.386798
0.0,7,44.387061
0.0,31,44.388021
0.0,16,44.388545
0.0,9,44.388861
0.0,31,44.389824
0.0,33,44.390828
1.0,9,44.391145
0.0,36,44.39225
0.0,13,44.392697
0.0,26,44.393538
0.0,6,44.393771
0.0,7,44.394028
0.0,15,44.394546
0.0,15,44.395051
0.0,17,44.395601
0.0,10,44.395944
0.0,26,44.396746
1.0,13,44.397187
1.0,40,44.398422
0.0,5,44.398643
0.0,25,44.399402
0.0,22,44.40012
0.0,10,44.40047
0.0,4,44.400659
1.0,20,44.40128
0.0,17,44.401829
0.0,11,44.40221
0.0,9,44.402556
0.0,28,44.403406
0.0,29,44.404289
0.0,7,44.404572
0.0,25,44.405363
0.0,19,44.40597
0.0,30,44.40688
0.0,8,44.407169
0.0,10,44.407535
0.0,4,44.407729
0.0,10,44.408077
1.0,27,44.408909
0.0,10,44.409254
0.0,17,44.409803
0.0,24,44.410591
0.0,11,44.410964
0.0,21,44.411623
0.0,12,44.412019
0.0,9,44.412367
0.0,13,44.412822
1.0,21,44.413507
0.0,8,44.413798
0.0,6,44.414033
0.0,8,44.414318
0.0,23,44.415055
1.0,21,44.415743
0.0,17,44.416283
0.0,31,44.417226
0.0,51,44.418773
1.0,44,44.42008
0.0,31,44.421059
0.0,41,44.422282
0.0,8,44.422587
0.0,24,44.423346
1.0,53,44.424946
0.0,8,44.425235
0.0,23,44.425969
0.0,16,44.42664
0.0,6,44.426874
0.0,7,44.427134
1.0,14,44.427598
0.0,11,44.427969
0.0,14,44.428434
0.0,12,44.428868
0.0,19,44.429459
0.0,28,44.430308
0.0,17,44.43087
0.0,22,44.431582
1.0,12,44.431983
0.0,10,44.432325
0.0,11,44.432712
1.0,19,44.433311
0.0,7,44.433587
0.0,12,44.434008
0.0,21,44.43468
1.0,45,44.436014
1.0,15,44.436517
0.0,16,44.437042
0.0,13,44.437468
1.0,32,44.438433
0.0,20,44.439096
0.0,12,44.439509
1.0,59,44.44124
0.0,16,44.441785
0.0,19,44.44238
0.0,34,44.443481
0.0,23,44.444222
0.0,10,44.444597
0.0,33,44.445592
0.0,25,44.446355
0.0,11,44.44675
0.0,15,44.447277
0.0,5,44.44748
0.0,7,44.44775
0.0,12,44.448147
0.0,29,44.449041
0.0,26,44.449883
0.0,4,44.450061
0.0,30,44.450979
1.0,14,44.451433
1.0,85,44.453936
1.0,30,44.454895
0.0,19,44.455505
0.0,5,44.455714
0.0,16,44.456219
0.0,24,44.456975
0.0,16,44.4575
1.0,33,44.458503
0.0,24,44.459238
1.0,52,44.460809
0.0,9,44.461131
0.0,17,44.461677
1.0,48,44.463164
1.0,22,44.463862
0.0,13,44.464288
0.0,53,44.465876
1.0,11,44.466259
1.0,14,44.466729
0.0,14,44.467184
1.0,9,44.467519
0.0,6,44.467755
0.0,16,44.468288
1.0,38,44.469428
0.0,19,44.470034
1.0,7,44.470303
0.0,23,44.471043
1.0,10,44.471388
0.0,6,44.471636
0.0,8,44.471923
0.0,12,44.472323
1.0,55,44.473959
0.0,9,44.47428
1.0,14,44.47476
0.0,8,44.475047
0.0,9,44.47536
0.0,6,44.47561
0.0,36,44.476721
1.0,30,44.477634
0.0,100,44.480556
0.0,8,44.480859
0.0,5,44.481066
0.0,15,44.481579
0.0,8,44.481868
1.0,11,44.482237
0.0,14,44.482705
0.0,38,44.483865
0.0,13,44.484297
0.0,5,44.484522
0.0,9,44.48484
0.0,18,44.485405
0.0,26,44.48622
1.0,14,44.486701
0.0,6,44.486935
0.0,15,44.487414
0.0,9,44.48774
0.0,9,44.488053
0.0,12,44.488449
0.0,6,44.488702
0.0,18,44.489289
0.0,10,44.489646
0.0,7,44.489907
1.0,47,44.491299
1.0,15,44.491815
0.0,24,44.492563
0.0,30,44.493459
1.0,52,44.495033
0.0,25,44.495802
0.0,12,44.4962
0.0,10,44.496567
0.0,14,44.497046
0.0,5,44.49725
0.0,10,44.497602
0.0,6,44.497833
0.0,7,44.49809
0.0,13,44.498528
1.0,20,44.499159
0.0,39,44.500345
0.0,32,44.501319
1.0,20,44.501992
0.0,9,44.502314
0.0,11,44.502699
1.0,73,44.504877
0.0,15,44.505366
0.0,16,44.505888
1.0,51,44.507413
0.0,7,44.507689
0.0,24,44.50842
0.0,5,44.508637
1.0,47,44.510044
0.0,17,44.5106
0.0,17,44.511135
1.0,27,44.51197
0.0,15,44.512525
1.0,56,44.514155
1.0,34,44.515222
1.0,42,44.516468
0.0,7,44.516745
0.0,13,44.517182
1.0,47,44.518617
1.0,14,44.519073
0.0,14,44.519547
0.0,35,44.520622
0.0,51,44.522125
0.0,13,44.522581
0.0,15,44.52309
0.0,9,44.523404
0.0,19,44.52401
0.0,18,44.524601
0.0,11,44.524986
0.0,10,44.52535
0.0,13,44.525789
0.0,26,44.52659
0.0,8,44.527005
0.0,15,44.527513
1.0,13,44.527962
1.0,40,44.52916
0.0,13,44.5296
0.0,4,44.529778
0.0,26,44.530624
0.0,14,44.531083
0.0,4,44.531259
0.0,10,44.531614
0.0,26,44.532409
0.0,40,44.533641
1.0,9,44.533963
0.0,25,44.534744
1.0,23,44.535462
0.0,13,44.535903
0.0,24,44.536659
0.0,12,44.537059
1.0,14,44.537523
1.0,12,44.537935
0.0,19,44.538567
0.0,19,44.539169
0.0,47,44.540582
0.0,23,44.541352
1.0,23,44.542078
0.0,16,44.542605
1.0,22,44.543298
0.0,11,44.543721
0.0,4,44.5439
0.0,14,44.544358
0.0,41,44.545599
0.0,20,44.546236
0.0,8,44.54656
0.0,44,44.54786
0.0,12,44.548263
0.0,6,44.548514
1.0,30,44.549443
0.0,12,44.549857
0.0,21,44.550518
0.0,12,44.550924
1.0,50,44.552425
0.0,9,44.55276
0.0,24,44.553506
1.0,25,44.554299
0.0,19,44.554924
0.0,14,44.555378
1.0,29,44.556269
1.0,27,44.557128
1.0,35,44.55818
1.0,17,44.55874
1.0,12,44.559147
0.0,4,44.559325
1.0,12,44.559756
0.0,55,44.561376
0.0,48,44.562872
1.0,77,44.565171
0.0,11,44.56556
0.0,12,44.565957
0.0,13,44.566382
1.0,11,44.56678
1.0,10,44.567128
0.0,7,44.567405
0.0,24,44.56815
0.0,12,44.568564
0.0,9,44.568882
0.0,17,44.569432
0.0,8,44.569757
0.0,33,44.570762
0.0,10,44.571107
0.0,13,44.571545
0.0,31,44.572515
0.0,10,44.572863
0.0,6,44.573093
0.0,8,44.573378
0.0,12,44.573788
0.0,18,44.574365
0.0,6,44.574622
1.0,15,44.575129
0.0,18,44.575708
0.0,32,44.576679
0.0,64,44.578587
0.0,17,44.579129
0.0,18,44.579719
0.0,15,44.580222
0.0,6,44.580457
0.0,6,44.580702
0.0,17,44.581239
0.0,16,44.581759
1.0,9,44.582087
1.0,28,44.582984
1.0,44,44.584283
0.0,25,44.585098
0.0,20,44.585738
0.0,14,44.586193
0.0,4,44.586369
0.0,8,44.586671
0.0,6,44.586902
0.0,5,44.587113
1.0,29,44.588029
0.0,11,44.588403
1.0,22,44.589093
0.0,18,44.589679
0.0,14,44.590159
0.0,50,44.591645
1.0,22,44.592332
0.0,9,44.592669
0.0,16,44.593197
0.0,7,44.593457
0.0,61,44.595269
1.0,17,44.595849
0.0,8,44.596139
0.0,8,44.596431
1.0,24,44.597179
0.0,19,44.5978
0.0,4,44.597991
0.0,12,44.598395
0.0,29,44.599292
1.0,23,44.600011
0.0,4,44.600194
0.0,29,44.601107
0.0,31,44.602051
0.0,9,44.602368
0.0,12,44.602784
0.0,26,44.603633
0.0,12,44.604037
1.0,11,44.604413
0.0,16,44.604946
1.0,44,44.606284
0.0,30,44.607207
1.0,52,44.60878
0.0,17,44.609329
0.0,13,44.609768
0.0,8,44.610055
0.0,35,44.611134
0.0,24,44.611891
1.0,69,44.613982
0.0,6,44.614219
0.0,10,44.614584
0.0,13,44.615012
0.0,6,44.615243
0.0,7,44.615512
1.0,39,44.616714
0.0,39,44.617879
0.0,16,44.618393
0.0,14,44.618891
0.0,21,44.619562
0.0,5,44.619768
0.0,16,44.620278
0.0,38,44.621439
0.0,4,44.621632
0.0,15,44.622133
0.0,7,44.622395
1.0,14,44.622867
0.0,5,44.623074
0.0,28,44.623947
0.0,22,44.624676
0.0,33,44.625672
0.0,13,44.626103
0.0,11,44.626487
1.0,34,44.62755
0.0,4,44.627839
0.0,13,44.628266
0.0,6,44.628512
0.0,22,44.629205
1.0,41,44.630447
0.0,22,44.631136
0.0,32,44.632137
0.0,16,44.632662
0.0,24,44.633388
0.0,9,44.633714
0.0,7,44.633976
1.0,26,44.634816
0.0,15,44.635299
0.0,14,44.635764
0.0,31,44.636715
0.0,14,44.637175
0.0,26,44.638021
0.0,40,44.639215
0.0,21,44.639897
1.0,31,44.640844
0.0,12,44.641242
0.0,24,44.641994
0.0,25,44.642791
1.0,19,44.643386
0.0,100,44.646324
0.0,10,44.646688
0.0,17,44.647239
1.0,37,44.648387
0.0,24,44.649133
0.0,17,44.649693
1.0,33,44.650716
0.0,28,44.651571
1.0,51,44.6531
0.0,9,44.653422
0.0,37,44.654552
0.0,17,44.655101
1.0,27,44.655952
0.0,25,44.656736
1.0,18,44.657301
0.0,7,44.657581
1.0,9,44.657902
0.0,11,44.658292
0.0,9,44.658624
0.0,16,44.659139
1.0,10,44.65948
0.0,8,44.659778
0.0,8,44.660065
0.0,25,44.660869
1.0,29,44.661764
0.0,53,44.66336
1.0,30,44.664302
0.0,28,44.665167
0.0,7,44.665428
1.0,29,44.666345
0.0,37,44.667457
0.0,24,44.668208
0.0,8,44.668514
0.0,14,44.668991
0.0,8,44.669277
0.0,4,44.669451
0.0,22,44.670137
0.0,8,44.670423
0.0,14,44.670901
1.0,22,44.671615
0.0,33,44.672619
0.0,25,44.67338
0.0,11,44.673771
0.0,22,44.67447
0.0,21,44.675143
0.0,30,44.676057
1.0,34,44.677095
0.0,14,44.677568
0.0,9,44.677883
0.0,11,44.678251
0.0,5,44.678452
0.0,7,44.67873
0.0,6,44.678966
1.0,20,44.679621
0.0,10,44.679965
0.0,19,44.680571
0.0,11,44.68094
1.0,38,44.682104
0.0,7,44.682367
1.0,21,44.683033
0.0,38,44.684175
0.0,6,44.684422
0.0,9,44.684782
0.0,31,44.685727
0.0,5,44.68593
0.0,7,44.686188
1.0,9,44.686517
0.0,41,44.687766
0.0,22,44.688447
1.0,43,44.689761
0.0,17,44.690304
0.0,14,44.69081
0.0,7,44.69107
0.0,23,44.691784
0.0,12,44.692196
0.0,15,44.692731
0.0,26,44.693535
1.0,40,44.69474
0.0,9,44.695075
0.0,4,44.695252
0.0,11,44.695637
0.0,11,44.69601
0.0,6,44.69624
0.0,18,44.696816
0.0,18,44.697392
0.0,26,44.698216
0.0,11,44.698606
0.0,10,44.698951
0.0,18,44.699524
0.0,14,44.699989
0.0,33,44.701009
0.0,60,44.702785
1.0,49,44.704258
1.0,56,44.705947
0.0,7,44.70621
0.0,10,44.706571
1.0,15,44.707051
1.0,12,44.707447
0.0,5,44.707662
1.0,18,44.70825
0.0,7,44.70853
0.0,13,44.708959
0.0,28,44.709812
0.0,15,44.710294
0.0,15,44.710801
1.0,30,44.711734
0.0,12,44.712137
0.0,14,44.712626
0.0,5,44.712831
0.0,7,44.713092
0.0,28,44.713976
0.0,100,44.716913
0.0,15,44.717409
0.0,17,44.717961
1.0,23,44.718686
0.0,9,44.719021
0.0,17,44.719574
0.0,21,44.720226
0.0,30,44.721146
1.0,9,44.721468
0.0,42,44.722745
0.0,13,44.723175
0.0,6,44.723407
0.0,6,44.723652
1.0,48,44.725106
0.0,12,44.725524
0.0,17,44.726057
0.0,14,44.726535
1.0,24,44.727297
0.0,8,44.727599
1.0,46,44.729085
0.0,51,44.730639
0.0,11,44.731014
0.0,24,44.731763
0.0,4,44.731946
0.0,10,44.732306
0.0,12,44.732725
1.0,51,44.734225
0.0,11,44.734633
0.0,10,44.734983
0.0,19,44.73561
0.0,7,44.735876
0.0,34,44.736892
0.0,17,44.737446
0.0,5,44.737666
1.0,22,44.738348
1.0,17,44.738904
0.0,19,44.73951
0.0,6,44.739751
0.0,12,44.740155
0.0,5,44.740359
0.0,6,44.740622
0.0,9,44.740938
1.0,51,44.742445
0.0,18,44.743047
1.0,11,44.743424
0.0,7,44.743696
0.0,34,44.744734
0.0,10,44.745089
1.0,59,44.746851
0.0,39,44.748027
0.0,6,44.748265
0.0,33,44.74928
0.0,26,44.750081
0.0,18,44.750689
0.0,7,44.750954
0.0,27,44.751792
0.0,5,44.751998
0.0,20,44.752631
0.0,7,44.752897
0.0,18,44.753485
0.0,5,44.75372
0.0,4,44.753896
1.0,28,44.754767
0.0,5,44.754972
1.0,14,44.755428
0.0,6,44.755681
0.0,14,44.756145
0.0,46,44.757545
0.0,17,44.758086
1.0,29,44.759004
0.0,35,44.76006
1.0,27,44.760898
0.0,23,44.761642
0.0,6,44.761875
1.0,28,44.762767
0.0,8,44.763057
0.0,25,44.763855
0.0,16,44.764373
0.0,6,44.764627
0.0,36,44.765708
0.0,23,44.766426
0.0,6,44.766695
1.0,68,44.768687
0.0,7,44.768954
0.0,50,44.770446
1.0,28,44.771314
0.0,4,44.771505
0.0,34,44.772559
0.0,9,44.77288
0.0,5,44.773082
1.0,51,44.774636
0.0,58,44.776331
0.0,24,44.777097
0.0,46,44.778481
0.0,7,44.778754
0.0,16,44.779275
0.0,21,44.779961
0.0,9,44.78028
1.0,6,44.780534
0.0,10,44.780878
1.0,33,44.781881
0.0,7,44.782147
0.0,17,44.782722
0.0,26,44.783522
0.0,16,44.784029
0.0,12,44.784435
1.0,22,44.785166
0.0,6,44.785401
0.0,17,44.785958
1.0,40,44.787162
0.0,5,44.78737
1.0,81,44.789785
1.0,28,44.790681
0.0,11,44.791055
0.0,38,44.79219
0.0,16,44.792734
0.0,23,44.793464
0.0,72,44.795587
0.0,8,44.795882
0.0,20,44.796514
0.0,11,44.796884
0.0,6,44.797113
0.0,15,44.797616
0.0,24,44.798375
1.0,24,44.799129
0.0,7,44.799392
1.0,68,44.801414
0.0,14,44.801886
1.0,36,44.80298
0.0,7,44.803261
0.0,7,44.803537
1.0,19,44.804131
1.0,28,44.804994
0.0,29,44.805914
1.0,10,44.806262
0.0,25,44.807039
0.0,19,44.807644
0.0,8,44.807944
0.0,43,44.809247
0.0,11,44.809631
0.0,8,44.809919
1.0,23,44.810651
0.0,7,44.81093
0.0,17,44.811472
1.0,72,44.81365
0.0,30,44.81459
0.0,28,44.815437
0.0,39,44.816649
0.0,14,44.817109
0.0,12,44.817519
0.0,11,44.81789
0.0,8,44.818185
0.0,22,44.81891
0.0,9,44.819228
0.0,17,44.819778
1.0,40,44.820982
0.0,9,44.821319
0.0,23,44.822042
0.0,10,44.822385
0.0,20,44.823022
0.0,10,44.823376
0.0,7,44.823653
0.0,7,44.82393
0.0,9,44.824249
0.0,22,44.82495
1.0,16,44.825462
0.0,5,44.825676
0.0,7,44.825946
0.0,20,44.826592
0.0,16,44.827107
1.0,57,44.828795
0.0,5,44.829018
0.0,25,44.829927
0.0,18,44.830501
0.0,25,44.831274
1.0,52,44.832831
0.0,33,44.833828
0.0,39,44.835025
1.0,30,44.835932
0.0,16,44.83645
0.0,15,44.836967
1.0,48,44.838375
1.0,52,44.839935
0.0,40,44.841131
0.0,5,44.841338
0.0,14,44.841817
0.0,50,44.843306
0.0,34,44.844339
1.0,24,44.845102
0.0,12,44.845514
0.0,9,44.845829
0.0,20,44.846445
0.0,45,44.84785
1.0,14,44.848307
1.0,30,44.849229
0.0,6,44.849466
0.0,6,44.849724
0.0,6,44.84996
0.0,6,44.850191
0.0,20,44.850825
0.0,12,44.851223
0.0,10,44.851577
0.0,8,44.851874
0.0,11,44.852247
1.0,26,44.853073
0.0,7,44.853334
1.0,25,44.854103
0.0,8,44.854401
0.0,28,44.855294
0.0,20,44.855932
0.0,9,44.856245
0.0,9,44.856571
0.0,46,44.857944
0.0,18,44.858521
0.0,7,44.85878
1.0,39,44.859965
0.0,17,44.860545
0.0,21,44.861191
0.0,54,44.862849
0.0,54,44.864421
0.0,11,44.864823
0.0,21,44.865475
0.0,38,44.866648
0.0,31,44.867589
0.0,30,44.868538
0.0,10,44.868884
0.0,4,44.869059
0.0,14,44.869522
0.0,5,44.869726
0.0,17,44.870261
0.0,8,44.870571
0.0,14,44.871048
0.0,20,44.871683
0.0,15,44.872167
0.0,13,44.872602
0.0,13,44.873039
0.0,4,44.873216
0.0,20,44.873876
0.0,4,44.874053
0.0,19,44.874666
1.0,9,44.874981
0.0,22,44.875684
1.0,39,44.876879
0.0,11,44.87725
0.0,5,44.877453
0.0,6,44.877696
0.0,11,44.878069
1.0,32,44.879059
1.0,61,44.880851
0.0,59,44.882608
1.0,84,44.885083
0.0,14,44.88556
0.0,11,44.885942
0.0,15,44.88643
1.0,22,44.887136
0.0,14,44.887606
0.0,5,44.88781
0.0,24,44.888557
0.0,19,44.889176
0.0,21,44.88984
0.0,26,44.890635
0.0,8,44.890925
0.0,7,44.891193
0.0,9,44.891541
0.0,17,44.892099
0.0,22,44.892788
0.0,11,44.893158
0.0,30,44.894096
0.0,30,44.895021
0.0,27,44.895849
0.0,11,44.89623
1.0,11,44.896618
0.0,12,44.897039
0.0,8,44.897327
1.0,32,44.898293
0.0,22,44.898992
0.0,6,44.899242
0.0,5,44.899451
0.0,25,44.900221
0.0,6,44.900452
0.0,6,44.900693
0.0,15,44.901172
0.0,4,44.901355
0.0,5,44.901577
1.0,39,44.902757
0.0,12,44.903157
0.0,8,44.903442
0.0,11,44.903826
0.0,4,44.904013
0.0,18,44.904624
0.0,22,44.905301
1.0,20,44.905937
0.0,7,44.906197
1.0,21,44.90687
1.0,10,44.907237
0.0,15,44.907735
0.0,9,44.90805
0.0,24,44.908787
0.0,6,44.909021
0.0,13,44.909457
1.0,15,44.909983
0.0,41,44.911196
1.0,13,44.911645
1.0,77,44.913955
0.0,13,44.914396
0.0,4,44.914596
0.0,10,44.914962
0.0,9,44.915277
0.0,19,44.915885
0.0,13,44.916311
0.0,18,44.916896
0.0,8,44.917188
0.0,22,44.9179
1.0,38,44.919028
0.0,6,44.919262
1.0,20,44.919923
0.0,8,44.920218
0.0,15,44.92071
0.0,4,44.920885
1.0,75,44.923104
0.0,23,44.923826
0.0,11,44.924195
0.0,9,44.924529
0.0,22,44.925231
0.0,35,44.926284
1.0,32,44.927259
0.0,15,44.927764
0.0,5,44.927988
1.0,25,44.928765
0.0,13,44.929193
0.0,65,44.931256
1.0,21,44.931928
0.0,35,44.933011
0.0,8,44.933304
0.0,22,44.933996
1.0,90,44.936627
0.0,26,44.937422
0.0,13,44.937874
0.0,11,44.938266
1.0,13,44.938708
0.0,35,44.93976
0.0,16,44.94028
0.0,8,44.940598
0.0,35,44.941658
0.0,7,44.941921
0.0,19,44.942523
1.0,16,44.943045
0.0,42,44.944319
1.0,49,44.945804
1.0,60,44.947595
1.0,19,44.948201
1.0,23,44.948957
0.0,5,44.949164
0.0,32,44.95014
0.0,12,44.95056
0.0,8,44.950854
1.0,26,44.951683
0.0,10,44.952029
0.0,4,44.952205
0.0,15,44.952698
0.0,6,44.95293
0.0,11,44.95331
0.0,27,44.954166
0.0,18,44.954757
0.0,16,44.955265
0.0,13,44.955711
0.0,32,44.956712
0.0,25,44.957475
0.0,6,44.957722
0.0,14,44.958179
0.0,6,44.958422
1.0,49,44.959912
0.0,4,44.960091
0.0,55,44.961766
0.0,10,44.962116
0.0,5,44.962319
0.0,13,44.962758
0.0,12,44.963193
0.0,11,44.96359
0.0,21,44.964266
0.0,14,44.964746
0.0,10,44.96509
1.0,14,44.965558
0.0,6,44.965791
0.0,23,44.966521
0.0,11,44.966914
0.0,12,44.967314
0.0,13,44.967757
0.0,42,44.969017
0.0,26,44.969847
1.0,15,44.970331
0.0,8,44.970631
1.0,40,44.971842
0.0,23,44.972584
1.0,33,44.973584
0.0,27,44.974428
1.0,34,44.975483
1.0,23,44.976205
1.0,42,44.977499
0.0,9,44.977822
0.0,23,44.978539
0.0,9,44.978854
0.0,35,44.97994
0.0,31,44.980931
1.0,14,44.981424
1.0,40,44.982668
1.0,29,44.983589
0.0,26,44.9844
0.0,9,44.984759
0.0,7,44.985024
0.0,8,44.985309
0.0,7,44.985584
1.0,82,44.987955
0.0,10,44.988313
0.0,10,44.988683
0.0,38,44.989841
0.0,45,44.991176
1.0,8,44.991466
1.0,23,44.992184
0.0,37,44.993292
0.0,12,44.993709
0.0,8,44.994002
1.0,33,44.995004
1.0,11,44.995376
0.0,8,44.995679
0.0,56,44.997374
1.0,17,44.997933
0.0,5,44.998139
1.0,16,44.998662
0.0,6,44.9989
0.0,41,45.000141
0.0,18,45.000718
1.0,29,45.00161
0.0,9,45.001943
0.0,29,45.002824
1.0,32,45.003797
0.0,9,45.004119
0.0,17,45.004701
1.0,13,45.005131
0.0,100,45.008083
1.0,64,45.010013
0.0,25,45.010791
1.0,15,45.011273
0.0,9,45.011613
0.0,15,45.012117
0.0,20,45.012755
0.0,6,45.013022
1.0,21,45.013693
0.0,5,45.013898
1.0,72,45.016037
0.0,6,45.016275
1.0,35,45.017357
0.0,7,45.017636
1.0,41,45.018848
0.0,6,45.019082
0.0,16,45.019619
1.0,27,45.020461
0.0,22,45.021148
0.0,6,45.02138
1.0,12,45.021801
0.0,35,45.02288
1.0,35,45.023931
1.0,87,45.026496
1.0,14,45.026968
0.0,5,45.027177
0.0,17,45.02777
0.0,6,45.028004
0.0,41,45.029223
0.0,9,45.029565
0.0,5,45.029773
1.0,20,45.030419
1.0,54,45.032014
0.0,19,45.032649
0.0,29,45.033552
1.0,33,45.034551
1.0,84,45.037021
1.0,35,45.038119
1.0,27,45.038952
0.0,55,45.040608
0.0,11,45.040984
1.0,51,45.042507
0.0,4,45.042688
0.0,6,45.042936
0.0,8,45.04323
1.0,81,45.045766
1.0,20,45.046402
1.0,53,45.047984
0.0,14,45.048458
0.0,19,45.049059
0.0,5,45.049264
0.0,23,45.049984
0.0,7,45.050255
0.0,8,45.050556
0.0,8,45.050858
0.0,12,45.051258
0.0,13,45.051697
0.0,16,45.052205
0.0,27,45.053045
0.0,11,45.053437
1.0,43,45.054728
0.0,22,45.055412
0.0,10,45.055778
1.0,25,45.056574
0.0,21,45.057218
0.0,35,45.058275
0.0,13,45.058721
1.0,23,45.059427
1.0,53,45.061003
0.0,17,45.061582
1.0,76,45.063849
0.0,15,45.064343
0.0,9,45.064682
0.0,39,45.065852
0.0,11,45.066235
1.0,22,45.06693
0.0,20,45.067569
0.0,42,45.068822
0.0,8,45.069128
0.0,11,45.069517
0.0,34,45.07054
1.0,19,45.071132
0.0,16,45.071669
0.0,8,45.071978
0.0,12,45.072379
0.0,5,45.072594
0.0,19,45.07319
1.0,47,45.074612
0.0,8,45.074907
0.0,5,45.07511
0.0,23,45.07583
0.0,19,45.076418
0.0,6,45.076669
0.0,42,45.077938
0.0,18,45.078514
0.0,5,45.078719
0.0,4,45.078894
0.0,38,45.080064
0.0,7,45.080328
0.0,9,45.080659
0.0,8,45.080946
0.0,29,45.081833
1.0,17,45.082394
0.0,37,45.083547
1.0,22,45.084223
0.0,17,45.084791
0.0,8,45.085099
1.0,24,45.085848
0.0,24,45.086594
0.0,40,45.087813
1.0,70,45.089863
0.0,46,45.091248
0.0,26,45.092053
0.0,4,45.09223
0.0,28,45.09312
0.0,13,45.09357
1.0,25,45.094332
0.0,15,45.094835
0.0,5,45.095042
0.0,10,45.095394
0.0,6,45.095644
0.0,9,45.09598
1.0,22,45.096669
0.0,32,45.097632
0.0,16,45.098168
0.0,32,45.099134
1.0,35,45.10018
0.0,29,45.101094
0.0,34,45.10212
0.0,8,45.102408
1.0,19,45.103025
0.0,5,45.103234
1.0,44,45.104578
0.0,15,45.105059
0.0,22,45.105761
0.0,6,45.105999
0.0,7,45.106278
0.0,10,45.106634
0.0,5,45.10684
0.0,14,45.10729
0.0,7,45.107562
1.0,20,45.108192
0.0,10,45.108564
0.0,6,45.108799
0.0,4,45.108977
1.0,10,45.109319
0.0,20,45.109954
1.0,7,45.110214
0.0,21,45.110884
0.0,26,45.111712
0.0,26,45.112515
0.0,15,45.112997
0.0,19,45.113657
0.0,18,45.114267
1.0,24,45.115019
0.0,14,45.115471
1.0,23,45.116201
0.0,20,45.116842
0.0,6,45.117074
0.0,9,45.117387
0.0,14,45.117855
0.0,22,45.118552
0.0,4,45.118731
0.0,12,45.119133
0.0,82,45.121547
1.0,41,45.122767
1.0,14,45.123221
0.0,8,45.123524
1.0,40,45.124752
1.0,36,45.125826
0.0,8,45.126116
0.0,31,45.127085
1.0,24,45.127834
0.0,15,45.128315
0.0,9,45.128641
0.0,6,45.128883
0.0,52,45.130427
0.0,9,45.130755
0.0,31,45.13171
1.0,8,45.132001
0.0,8,45.132302
0.0,14,45.132766
0.0,15,45.133245
0.0,4,45.133419
0.0,7,45.13369
0.0,33,45.134706
0.0,9,45.135022
0.0,11,45.13539
0.0,5,45.135607
0.0,16,45.136113
1.0,20,45.136757
0.0,6,45.137006
0.0,6,45.137242
0.0,12,45.137654
1.0,19,45.138246
1.0,9,45.138573
0.0,11,45.138945
0.0,26,45.13978
1.0,18,45.140348
1.0,33,45.141339
0.0,14,45.141826
0.0,13,45.142272
0.0,12,45.142688
0.0,8,45.142978
0.0,28,45.143832
1.0,31,45.14495
1.0,26,45.14576
0.0,55,45.147399
0.0,11,45.147797
1.0,15,45.14828
1.0,40,45.149475
0.0,36,45.150591
0.0,17,45.151134
1.0,37,45.152255
0.0,4,45.152448
1.0,11,45.152834
0.0,26,45.153639
0.0,22,45.154315
0.0,10,45.154719
0.0,7,45.154997
0.0,15,45.155485
1.0,20,45.156121
1.0,52,45.157675
0.0,18,45.158268
0.0,18,45.158848
0.0,18,45.159413
0.0,9,45.159753
0.0,7,45.160019
0.0,4,45.160197
0.0,14,45.160685
0.0,14,45.161141
0.0,28,45.162
0.0,12,45.16241
0.0,7,45.1627
0.0,6,45.162936
0.0,26,45.163778
0.0,17,45.164315
1.0,26,45.165137
0.0,39,45.166331
0.0,15,45.166826
1.0,7,45.167086
0.0,20,45.167735
0.0,7,45.167999
0.0,7,45.168276
0.0,17,45.168825
0.0,22,45.169512
0.0,11,45.169884
0.0,15,45.170391
1.0,23,45.17113
1.0,40,45.17232
0.0,19,45.172955
0.0,26,45.173766
0.0,13,45.174192
0.0,7,45.17445
0.0,6,45.1747
0.0,20,45.175334
0.0,5,45.175558
1.0,16,45.176073
0.0,11,45.176443
0.0,19,45.177046
1.0,33,45.178061
0.0,16,45.178609
0.0,25,45.179368
0.0,5,45.179589
0.0,7,45.179848
1.0,30,45.180771
0.0,8,45.181083
0.0,11,45.181454
1.0,18,45.182034
1.0,29,45.182932
0.0,26,45.183764
1.0,20,45.184388
0.0,18,45.184977
0.0,54,45.186606
0.0,16,45.187121
0.0,46,45.188524
0.0,4,45.188721
1.0,16,45.189234
0.0,18,45.189814
0.0,38,45.190975
0.0,30,45.191897
1.0,19,45.192499
1.0,27,45.193331
1.0,49,45.194816
1.0,54,45.196441
0.0,8,45.196742
0.0,11,45.197113
1.0,44,45.198425
0.0,12,45.198858
0.0,16,45.199373
0.0,13,45.199816
0.0,21,45.200465
0.0,6,45.200708
0.0,7,45.200976
1.0,29,45.201889
0.0,18,45.202457
1.0,18,45.20303
0.0,5,45.203234
0.0,23,45.203972
0.0,7,45.204253
1.0,15,45.204757
0.0,11,45.205128
0.0,9,45.205441
0.0,5,45.205658
0.0,27,45.206517
0.0,21,45.207188
0.0,23,45.207908
0.0,6,45.208141
1.0,70,45.210207
0.0,45,45.211579
1.0,60,45.213365
0.0,13,45.21382
0.0,7,45.214084
0.0,18,45.214693
0.0,21,45.215345
0.0,6,45.215591
0.0,9,45.215907
1.0,60,45.217702
0.0,8,45.217993
0.0,31,45.218938
1.0,13,45.219385
0.0,19,45.220014
0.0,9,45.220331
0.0,10,45.220687
0.0,23,45.221396
0.0,15,45.221909
0.0,10,45.222275
0.0,14,45.222741
1.0,18,45.223307
1.0,84,45.225803
1.0,15,45.22629
1.0,13,45.22674
0.0,13,45.227175
0.0,39,45.228359
0.0,6,45.228604
1.0,73,45.230762
1.0,40,45.231972
0.0,12,45.232379
0.0,23,45.233112
0.0,22,45.233805
0.0,21,45.234461
0.0,10,45.234827
0.0,36,45.235932
1.0,52,45.237471
0.0,6,45.237738
0.0,20,45.238359
0.0,4,45.238546
0.0,4,45.238722
1.0,91,45.241374
1.0,14,45.241848
1.0,34,45.242888
0.0,22,45.243581
0.0,4,45.243756
0.0,24,45.244485
0.0,16,45.245025
0.0,8,45.24533
0.0,13,45.24578
0.0,24,45.246639
1.0,18,45.247207
1.0,21,45.247885
1.0,37,45.249007
0.0,36,45.250094
0.0,4,45.250274
1.0,8,45.250592
0.0,34,45.251614
0.0,12,45.252012
0.0,6,45.252243
0.0,11,45.252634
0.0,8,45.252924
0.0,4,45.2531
1.0,42,45.254361
0.0,5,45.254586
1.0,64,45.256469
1.0,24,45.257211
0.0,11,45.257602
1.0,34,45.25865
0.0,13,45.259077
1.0,18,45.259653
0.0,8,45.25994
0.0,7,45.260206
0.0,4,45.260384
1.0,49,45.261853
0.0,4,45.26203
1.0,29,45.262921
0.0,9,45.263252
0.0,11,45.26368
0.0,15,45.264161
0.0,11,45.26455
0.0,25,45.265312
1.0,46,45.266712
0.0,30,45.267621
0.0,27,45.268449
1.0,19,45.269074
0.0,67,45.271058
0.0,16,45.271593
0.0,50,45.273053
0.0,12,45.273463
0.0,6,45.273711
0.0,8,45.274016
1.0,39,45.275187
0.0,9,45.275516
1.0,56,45.277179
0.0,13,45.277623
0.0,5,45.277826
0.0,16,45.27834
1.0,23,45.279081
0.0,9,45.2794
1.0,53,45.280967
1.0,16,45.281483
0.0,8,45.281788
1.0,37,45.28289
0.0,22,45.283594
0.0,16,45.284125
0.0,59,45.285862
0.0,4,45.286047
0.0,7,45.286311
1.0,57,45.287992
1.0,17,45.288542
0.0,13,45.28898
0.0,17,45.289553
1.0,32,45.290517
0.0,14,45.290971
0.0,27,45.291824
0.0,23,45.292545
0.0,22,45.293223
0.0,4,45.293399
0.0,6,45.293646
1.0,98,45.296529
0.0,4,45.296722
0.0,8,45.297011
0.0,15,45.297523
1.0,68,45.299487
1.0,25,45.300286
0.0,12,45.300703
0.0,8,45.300991
0.0,4,45.301167
0.0,40,45.302382
1.0,15,45.302886
0.0,22,45.303575
0.0,5,45.303778
0.0,36,45.304872
0.0,12,45.305293
0.0,30,45.306204
1.0,20,45.306836
0.0,13,45.307273
0.0,8,45.307593
1.0,14,45.30806
0.0,11,45.308429
0.0,11,45.308812
0.0,22,45.309505
1.0,9,45.309829
1.0,24,45.310627
0.0,10,45.310969
0.0,17,45.311519
0.0,6,45.31175
1.0,9,45.312075
0.0,16,45.312618
0.0,5,45.312841
0.0,12,45.313238
0.0,10,45.313629
0.0,27,45.314446
0.0,17,45.315037
1.0,23,45.315763
0.0,7,45.316023
0.0,17,45.316569
0.0,25,45.317339
0.0,24,45.318093
0.0,7,45.318355
0.0,10,45.318708
0.0,14,45.31916
0.0,15,45.319665
1.0,62,45.321482
0.0,34,45.322539
0.0,21,45.323196
0.0,25,45.32397
0.0,5,45.324174
0.0,8,45.32446
0.0,6,45.324715
0.0,6,45.32495
0.0,6,45.325196
0.0,10,45.325556
0.0,10,45.325898
1.0,28,45.326749
0.0,10,45.327097
1.0,42,45.328367
0.0,10,45.328726
1.0,7,45.328985
0.0,8,45.329271
1.0,19,45.329891
0.0,5,45.330112
1.0,12,45.330528
0.0,5,45.330732
0.0,12,45.331127
0.0,12,45.33154
1.0,47,45.332955
0.0,33,45.333954
0.0,10,45.334297
0.0,18,45.334891
0.0,14,45.335367
0.0,13,45.335809
0.0,13,45.336234
0.0,36,45.337318
0.0,4,45.337511
0.0,6,45.337747
1.0,51,45.339257
0.0,10,45.339619
0.0,7,45.339888
0.0,7,45.340163
0.0,13,45.340605
0.0,59,45.342328
1.0,12,45.342761
0.0,8,45.343055
0.0,11,45.343425
1.0,52,45.344976
0.0,4,45.345159
0.0,10,45.345537
0.0,13,45.345965
0.0,24,45.346822
0.0,4,45.347
1.0,94,45.349757
1.0,17,45.350331
1.0,22,45.351045
0.0,35,45.352105
0.0,55,45.35377
0.0,20,45.354391
0.0,8,45.354698
0.0,8,45.354995
0.0,10,45.355355
0.0,17,45.355915
1.0,12,45.356315
0.0,6,45.356558
0.0,19,45.357151
0.0,8,45.357449
0.0,17,45.358006
1.0,9,45.358342
1.0,7,45.358616
1.0,41,45.359847
0.0,15,45.360354
0.0,11,45.360758
0.0,9,45.361075
0.0,6,45.361305
0.0,10,45.361662
0.0,10,45.362005
0.0,41,45.363261
1.0,73,45.365458
0.0,23,45.366196
0.0,25,45.366977
1.0,15,45.367471
0.0,17,45.368041
0.0,9,45.368361
1.0,77,45.370661
0.0,4,45.370841
0.0,12,45.37124
0.0,4,45.371415
0.0,10,45.371771
0.0,23,45.372488
1.0,54,45.374106
0.0,11,45.374478
0.0,9,45.374816
0.0,14,45.375283
0.0,20,45.375927
0.0,4,45.376103
0.0,25,45.376877
0.0,43,45.37818
0.0,38,45.379322
0.0,7,45.379594
0.0,7,45.379856
0.0,5,45.380067
0.0,7,45.38033
0.0,39,45.381527
0.0,36,45.38262
0.0,19,45.383239
0.0,12,45.38365
0.0,9,45.383967
1.0,52,45.385533
0.0,7,45.385799
0.0,24,45.386546
0.0,8,45.386834
0.0,14,45.387286
0.0,11,45.387681
1.0,26,45.388508
0.0,6,45.388742
0.0,28,45.389598
0.0,13,45.390035
0.0,18,45.390654
0.0,24,45.391388
0.0,40,45.392607
1.0,83,45.395063
0.0,5,45.395274
0.0,30,45.396193
0.0,10,45.396551
0.0,32,45.39753
0.0,15,45.398038
1.0,45,45.399379
1.0,18,45.399961
0.0,44,45.401312
0.0,14,45.401782
0.0,24,45.402538
1.0,31,45.403507
0.0,8,45.403797
1.0,20,45.404413
0.0,9,45.404752
1.0,31,45.405723
0.0,29,45.406619
0.0,11,45.406991
1.0,48,45.408436
1.0,46,45.409814
0.0,9,45.410139
0.0,6,45.410374
0.0,4,45.410577
0.0,28,45.411446
1.0,57,45.413151
0.0,32,45.414165
1.0,32,45.415156
1.0,55,45.416804
0.0,32,45.417779
0.0,12,45.418199
1.0,37,45.419313
1.0,30,45.420235
0.0,7,45.420514
0.0,35,45.42159
1.0,21,45.422239
0.0,37,45.423382
0.0,40,45.424598
0.0,8,45.424887
0.0,9,45.425211
0.0,11,45.425599
1.0,17,45.426161
0.0,8,45.426447
1.0,14,45.426911
1.0,30,45.42783
0.0,19,45.428446
0.0,45,45.429785
0.0,40,45.431011
0.0,18,45.431594
0.0,6,45.431826
0.0,16,45.432331
0.0,8,45.432636
0.0,13,45.433072
0.0,5,45.433287
0.0,8,45.433589
0.0,10,45.433933
0.0,10,45.434275
0.0,57,45.435993
0.0,4,45.436173
0.0,17,45.436724
0.0,16,45.437232
0.0,6,45.437462
0.0,6,45.437707
1.0,25,45.438513
0.0,20,45.439141
0.0,29,45.440023
0.0,34,45.441088
0.0,15,45.441587
0.0,32,45.442558
0.0,25,45.443351
1.0,21,45.444023
0.0,7,45.444283
1.0,36,45.445387
0.0,100,45.448337
0.0,9,45.448694
0.0,7,45.448955
1.0,27,45.44978
1.0,9,45.450098
0.0,11,45.450478
0.0,8,45.4508
0.0,7,45.451064
0.0,27,45.451894
1.0,47,45.453318
0.0,14,45.453793
1.0,22,45.454471
0.0,5,45.454808
0.0,6,45.45504
1.0,47,45.456455
0.0,9,45.456787
1.0,12,45.457186
0.0,8,45.457471
1.0,48,45.458923
0.0,20,45.459556
1.0,95,45.462313
1.0,10,45.462677
0.0,30,45.463617
0.0,15,45.464134
0.0,12,45.464555
0.0,5,45.464792
0.0,9,45.465107
1.0,36,45.466221
0.0,21,45.466893
1.0,64,45.468792
0.0,18,45.469363
1.0,41,45.4706
1.0,56,45.472258
1.0,56,45.473961
0.0,17,45.474521
0.0,22,45.475194
0.0,9,45.475527
1.0,31,45.47648
1.0,73,45.478628
0.0,19,45.479244
0.0,16,45.479769
0.0,20,45.48039
0.0,8,45.480697
0.0,12,45.481112
0.0,4,45.48129
0.0,7,45.481568
1.0,33,45.482555
0.0,53,45.484133
0.0,26,45.48494
1.0,32,45.485915
0.0,6,45.486149
0.0,30,45.487075
0.0,32,45.488041
0.0,4,45.488226
0.0,23,45.488966
0.0,4,45.489143
0.0,12,45.489553
0.0,11,45.489923
0.0,29,45.490809
0.0,9,45.491143
0.0,4,45.491323
0.0,8,45.491628
1.0,18,45.492195
0.0,30,45.493111
0.0,35,45.494194
0.0,21,45.494865
0.0,11,45.495234
0.0,5,45.495436
1.0,24,45.496198
0.0,12,45.49663
0.0,18,45.497196
0.0,37,45.498309
0.0,4,45.498498
0.0,14,45.498976
0.0,7,45.499235
1.0,10,45.49959
0.0,14,45.500044
0.0,17,45.500593
0.0,17,45.501158
0.0,6,45.501392
0.0,24,45.502144
0.0,44,45.503447
1.0,27,45.504297
0.0,17,45.504856
0.0,5,45.50506
0.0,21,45.505724
0.0,14,45.506187
0.0,46,45.507573
0.0,9,45.507888
0.0,8,45.508175
0.0,41,45.509418
0.0,14,45.509886
0.0,40,45.51108
0.0,18,45.511687
0.0,22,45.512358
0.0,6,45.512601
1.0,41,45.513882
0.0,23,45.51461
0.0,19,45.5152
0.0,22,45.515896
0.0,10,45.516243
0.0,12,45.516683
0.0,11,45.517054
0.0,10,45.517392
1.0,20,45.518023
1.0,28,45.518909
0.0,5,45.519116
1.0,45,45.520427
0.0,22,45.521143
0.0,20,45.52179
0.0,24,45.522531
1.0,14,45.522983
1.0,18,45.523573
1.0,8,45.523865
0.0,7,45.52414
0.0,10,45.524481
1.0,19,45.52509
0.0,14,45.525562
0.0,37,45.526699
0.0,11,45.527072
0.0,9,45.527385
0.0,28,45.528246
0.0,6,45.528483
0.0,4,45.528685
0.0,21,45.529339
0.0,28,45.530191
0.0,10,45.53055
0.0,48,45.531993
0.0,26,45.53279
1.0,15,45.533281
1.0,23,45.534023
1.0,35,45.535079
0.0,4,45.535256
0.0,5,45.535457
0.0,6,45.535704
0.0,14,45.536168
0.0,23,45.536906
0.0,13,45.537333
0.0,17,45.537883
1.0,25,45.538666
0.0,11,45.539057
1.0,10,45.539399
0.0,7,45.539673
0.0,22,45.540346
0.0,17,45.540905
0.0,27,45.541761
0.0,12,45.542162
1.0,7,45.54242
0.0,8,45.542718
0.0,6,45.54295
1.0,14,45.543411
0.0,8,45.543717
0.0,13,45.544163
0.0,8,45.544448
1.0,39,45.545625
0.0,7,45.545894
0.0,13,45.546323
1.0,59,45.548069
1.0,10,45.548426
0.0,12,45.548856
0.0,9,45.549176
1.0,16,45.549702
1.0,50,45.551191
0.0,23,45.551924
0.0,6,45.552156
0.0,10,45.552509
0.0,16,45.553016
0.0,7,45.553284
0.0,12,45.553705
0.0,12,45.554126
0.0,6,45.554358
1.0,50,45.555851
0.0,11,45.556345
0.0,5,45.556583
0.0,14,45.557039
0.0,19,45.557648
0.0,32,45.558628
1.0,24,45.559385
0.0,25,45.560262
1.0,30,45.56119
0.0,11,45.561601
0.0,12,45.561999
0.0,6,45.56223
0.0,63,45.564141
0.0,13,45.564595
1.0,14,45.565051
0.0,9,45.565365
1.0,24,45.566122
0.0,4,45.566302
1.0,31,45.567264
0.0,6,45.567511
0.0,28,45.568364
0.0,5,45.568584
0.0,17,45.569144
0.0,8,45.569431
0.0,9,45.569759
0.0,52,45.571297
0.0,41,45.572552
0.0,13,45.572979
0.0,24,45.57374
0.0,24,45.574516
0.0,14,45.574969
0.0,20,45.575602
0.0,30,45.576556
0.0,11,45.576933
0.0,26,45.577732
0.0,8,45.578019
0.0,14,45.578482
0.0,4,45.578671
0.0,24,45.579428
0.0,27,45.580258
0.0,15,45.580755
0.0,14,45.581223
0.0,10,45.58161
0.0,25,45.582368
0.0,13,45.582808
1.0,64,45.584726
0.0,43,45.586016
1.0,14,45.586481
0.0,11,45.586866
0.0,8,45.587154
0.0,15,45.587649
0.0,4,45.587827
0.0,7,45.588084
0.0,11,45.588461
0.0,21,45.589148
0.0,8,45.589439
1.0,12,45.589855
0.0,49,45.591309
0.0,28,45.592207
1.0,28,45.593064
0.0,17,45.593628
0.0,9,45.593963
0.0,11,45.594336
1.0,16,45.594865
0.0,24,45.595613
0.0,8,45.595904
0.0,16,45.596423
0.0,32,45.597396
0.0,13,45.597839
0.0,24,45.598594
0.0,16,45.599129
0.0,22,45.599825
0.0,17,45.600361
1.0,27,45.601199
0.0,18,45.601821
0.0,10,45.602167
1.0,17,45.602717
0.0,10,45.603062
0.0,19,45.603683
1.0,16,45.604218
0.0,19,45.604835
0.0,11,45.605206
0.0,6,45.605436
0.0,31,45.606387
1.0,20,45.607031
0.0,9,45.607346
0.0,12,45.607791
1.0,27,45.608629
0.0,10,45.608979
0.0,34,45.61003
0.0,15,45.610522
0.0,8,45.61081
0.0,12,45.611218
0.0,14,45.611724
0.0,6,45.611959
0.0,42,45.6132
0.0,31,45.614215
0.0,16,45.614753
1.0,20,45.615374
0.0,58,45.617119
0.0,17,45.617676
0.0,7,45.617937
0.0,13,45.618362
1.0,16,45.618909
1.0,49,45.620357
1.0,19,45.620971
0.0,5,45.62118
0.0,42,45.622462
0.0,18,45.623039
0.0,13,45.623476
0.0,10,45.623852
0.0,10,45.6242
0.0,5,45.624403
1.0,60,45.626201
0.0,14,45.626696
1.0,24,45.627429
1.0,29,45.628318
0.0,72,45.630441
0.0,10,45.6308
1.0,16,45.631322
1.0,10,45.631686
0.0,13,45.632135
0.0,15,45.632629
1.0,72,45.634782
1.0,30,45.635703
1.0,69,45.63775
0.0,12,45.638154
0.0,25,45.638934
0.0,9,45.639256
0.0,14,45.639756
0.0,21,45.640403
1.0,13,45.640842
0.0,28,45.641716
0.0,5,45.641935
0.0,8,45.642224
0.0,5,45.642427
0.0,8,45.642725
1.0,30,45.643634
0.0,22,45.644339
0.0,22,45.645048
0.0,11,45.645418
0.0,22,45.6461
0.0,14,45.646581
1.0,9,45.646917
0.0,5,45.647125
0.0,15,45.64762
0.0,16,45.64813
0.0,7,45.648386
0.0,34,45.649443
0.0,14,45.649913
0.0,23,45.650631
0.0,4,45.650808
0.0,40,45.652029
0.0,6,45.652265
1.0,32,45.653237
0.0,23,45.653972
0.0,16,45.654531
1.0,45,45.655858
0.0,26,45.656817
0.0,16,45.657335
0.0,11,45.657717
0.0,9,45.658031
0.0,31,45.658978
0.0,10,45.659339
0.0,41,45.660585
0.0,4,45.660762
1.0,24,45.661514
0.0,19,45.662134
0.0,11,45.662519
0.0,17,45.663055
0.0,12,45.663451
0.0,15,45.663983
1.0,31,45.66496
0.0,12,45.665359
0.0,6,45.665602
0.0,14,45.666054
0.0,10,45.666404
0.0,21,45.66709
1.0,24,45.667837
0.0,34,45.668868
0.0,6,45.669104
0.0,25,45.669897
0.0,16,45.670408
0.0,4,45.670598
0.0,27,45.671418
0.0,20,45.672071
0.0,19,45.672678
1.0,45,45.674006
0.0,19,45.674648
1.0,10,45.674993
1.0,17,45.67554
0.0,8,45.675827
0.0,49,45.677299
1.0,13,45.67774
0.0,13,45.678165
1.0,93,45.680891
1.0,43,45.682199
1.0,52,45.683734
1.0,16,45.68427
0.0,26,45.685086
1.0,20,45.68572
0.0,10,45.686064
0.0,44,45.687393
1.0,10,45.687751
0.0,7,45.68801
0.0,8,45.688295
0.0,29,45.689207
1.0,9,45.689542
0.0,7,45.689803
1.0,29,45.690684
1.0,35,45.691757
1.0,80,45.694087
1.0,22,45.69481
1.0,34,45.695826
1.0,32,45.69681
1.0,20,45.697452
0.0,11,45.697833
0.0,14,45.698285
0.0,24,45.699042
0.0,4,45.699222
0.0,10,45.699597
1.0,15,45.70008
0.0,17,45.700658
0.0,28,45.701522
0.0,8,45.701826
0.0,27,45.702662
0.0,41,45.703885
0.0,25,45.704691
0.0,45,45.706015
1.0,45,45.707379
0.0,10,45.707737
1.0,28,45.708589
0.0,10,45.708945
0.0,31,45.709906
0.0,7,45.710166
1.0,20,45.710797
1.0,51,45.712321
0.0,4,45.712513
0.0,26,45.713293
0.0,36,45.714419
0.0,18,45.715026
1.0,37,45.716127
0.0,17,45.716692
0.0,14,45.717167
0.0,13,45.717607
0.0,19,45.718197
0.0,15,45.718692
0.0,8,45.718987
0.0,9,45.719319
0.0,24,45.720066
0.0,9,45.72038
1.0,16,45.720906
0.0,9,45.721222
0.0,5,45.721434
1.0,9,45.721777
0.0,17,45.722325
1.0,28,45.723182
0.0,39,45.724375
0.0,11,45.724776
0.0,5,45.724981
0.0,15,45.725458
1.0,68,45.727469
1.0,17,45.728018
1.0,41,45.729264
1.0,60,45.731032
0.0,29,45.731948
0.0,49,45.733388
0.0,40,45.734633
0.0,9,45.734954
0.0,13,45.73538
0.0,13,45.735818
0.0,5,45.736023
1.0,26,45.736854
1.0,32,45.737826
0.0,20,45.738445
1.0,11,45.738835
1.0,22,45.739555
0.0,18,45.740122
0.0,6,45.740353
1.0,41,45.741591
0.0,7,45.74187
1.0,26,45.742675
0.0,8,45.742964
0.0,6,45.743195
0.0,18,45.743773
0.0,10,45.744127
1.0,13,45.744597
0.0,7,45.744858
0.0,49,45.746292
0.0,15,45.746801
1.0,13,45.747248
0.0,16,45.747767
0.0,10,45.748109
0.0,9,45.748421
0.0,8,45.748723
0.0,21,45.749387
0.0,7,45.749676
1.0,40,45.750866
0.0,57,45.752567
0.0,13,45.752993
0.0,43,45.754278
1.0,9,45.754632
0.0,9,45.754962
1.0,63,45.756871
0.0,10,45.757272
0.0,19,45.757889
0.0,8,45.758185
0.0,6,45.758418
0.0,22,45.759118
0.0,12,45.759549
0.0,18,45.76013
1.0,20,45.760793
0.0,17,45.761539
1.0,20,45.762168
0.0,4,45.762347
1.0,17,45.762905
0.0,31,45.76385
1.0,47,45.765285
1.0,27,45.766182
0.0,26,45.766994
0.0,5,45.767201
0.0,20,45.767839
0.0,7,45.768105
0.0,5,45.768309
0.0,14,45.7688
1.0,46,45.770159
0.0,30,45.771104
0.0,13,45.771544
0.0,14,45.771998
0.0,17,45.772546
0.0,26,45.773342
1.0,10,45.773719
0.0,8,45.774008
0.0,20,45.774651
0.0,31,45.775597
0.0,22,45.776298
0.0,35,45.77735
0.0,6,45.777596
0.0,8,45.777891
0.0,35,45.778971
0.0,27,45.779801
0.0,43,45.781104
1.0,9,45.781425
0.0,4,45.781616
0.0,4,45.781792
0.0,11,45.782161
0.0,11,45.782545
0.0,24,45.783303
0.0,9,45.783634
0.0,45,45.784966
0.0,8,45.785264
0.0,4,45.785441
0.0,17,45.786012
1.0,47,45.787405
0.0,7,45.787688
1.0,29,45.788599
0.0,9,45.788918
0.0,24,45.78966
0.0,6,45.789892
0.0,13,45.790327
0.0,9,45.790677
0.0,9,45.790998
1.0,23,45.791712
0.0,6,45.791943
0.0,20,45.792577
0.0,23,45.793293
0.0,21,45.793972
0.0,34,45.795003
0.0,30,45.795948
0.0,13,45.796378
0.0,9,45.796708
1.0,53,45.79827
0.0,13,45.798734
0.0,11,45.799106
0.0,18,45.799683
0.0,10,45.800026
0.0,6,45.800266
0.0,20,45.800926
0.0,14,45.801382
0.0,4,45.801568
0.0,44,45.802876
0.0,50,45.804363
0.0,17,45.804922
0.0,6,45.805162
0.0,11,45.80555
0.0,21,45.806222
1.0,16,45.806751
0.0,5,45.806957
0.0,41,45.808201
0.0,8,45.808508
0.0,6,45.808742
0.0,12,45.809139
0.0,24,45.809878
0.0,33,45.810908
1.0,44,45.812208
0.0,4,45.812385
0.0,21,45.813075
0.0,26,45.813882
0.0,16,45.814426
0.0,12,45.814848
0.0,23,45.815618
0.0,27,45.816461
0.0,29,45.817344
0.0,16,45.817878
0.0,12,45.818297
0.0,16,45.818827
0.0,10,45.819173
1.0,97,45.822017
0.0,26,45.822835
0.0,8,45.823143
1.0,34,45.82417
0.0,13,45.82462
0.0,8,45.824908
0.0,12,45.825316
0.0,21,45.826006
1.0,36,45.827091
0.0,12,45.8275
0.0,11,45.827882
0.0,48,45.829326
0.0,4,45.829513
0.0,7,45.829773
1.0,19,45.830376
1.0,9,45.830728
0.0,21,45.831381
0.0,18,45.831957
0.0,12,45.832356
0.0,5,45.832575
0.0,5,45.832787
1.0,45,45.834145
0.0,25,45.834931
1.0,42,45.836216
0.0,17,45.836773
0.0,20,45.837395
1.0,36,45.838523
0.0,8,45.838816
0.0,9,45.83913
0.0,5,45.839332
0.0,20,45.83996
0.0,5,45.840172
1.0,28,45.841057
1.0,49,45.842506
0.0,10,45.842862
0.0,17,45.843421
0.0,15,45.843915
0.0,15,45.844396
1.0,21,45.84507
0.0,8,45.845368
1.0,20,45.846025
0.0,9,45.846343
0.0,10,45.846703
1.0,12,45.847101
0.0,9,45.847414
0.0,19,45.848032
1.0,18,45.848634
1.0,48,45.850044
1.0,14,45.850529
0.0,28,45.851397
0.0,18,45.851975
1.0,23,45.852707
1.0,28,45.853591
1.0,24,45.854327
0.0,8,45.854637
0.0,18,45.855214
0.0,14,45.855686
0.0,17,45.856246
0.0,5,45.856451
0.0,5,45.856668
0.0,16,45.857176
0.0,13,45.857619
0.0,6,45.857859
0.0,31,45.858823
0.0,12,45.859222
0.0,12,45.859632
0.0,16,45.860148
0.0,23,45.860893
0.0,14,45.861542
0.0,7,45.861802
0.0,11,45.862169
0.0,12,45.862582
0.0,5,45.862794
0.0,34,45.863836
0.0,5,45.86404
1.0,48,45.865515
0.0,61,45.867312
0.0,24,45.868085
0.0,5,45.868294
0.0,28,45.869151
1.0,14,45.869616
1.0,23,45.870328
1.0,28,45.871206
0.0,13,45.871647
0.0,10,45.871989
0.0,4,45.872163
0.0,25,45.872947
0.0,10,45.873311
0.0,10,45.873668
0.0,24,45.874395
1.0,7,45.874677
0.0,20,45.875307
0.0,18,45.875908
0.0,5,45.876114
0.0,13,45.876552
0.0,9,45.876867
0.0,7,45.877124
0.0,18,45.877709
1.0,27,45.878564
0.0,6,45.878798
1.0,25,45.879568
1.0,34,45.880606
0.0,8,45.880915
0.0,50,45.882374
0.0,32,45.883377
0.0,22,45.884068
0.0,31,45.885014
0.0,4,45.8852
1.0,45,45.886569
0.0,6,45.886802
0.0,18,45.887361
0.0,59,45.889117
0.0,48,45.890559
0.0,19,45.891173
0.0,8,45.891461
1.0,56,45.893113
0.0,32,45.894104
0.0,15,45.894613
0.0,18,45.89518
0.0,22,45.895899
0.0,14,45.896355
0.0,8,45.896657
1.0,19,45.897249
0.0,7,45.897518
0.0,9,45.897842
0.0,13,45.89827
0.0,11,45.898674
0.0,13,45.899099
0.0,5,45.899302
1.0,34,45.90033
0.0,15,45.900846
1.0,31,45.901783
0.0,8,45.902072
0.0,45,45.90343
0.0,5,45.903649
0.0,9,45.903964
1.0,21,45.904631
0.0,18,45.905203
0.0,21,45.905889
0.0,7,45.90615
0.0,11,45.906534
1.0,16,45.907043
0.0,23,45.907769
0.0,22,45.90851
1.0,34,45.909534
1.0,17,45.910074
0.0,13,45.910526
0.0,18,45.911105
0.0,18,45.911682
0.0,5,45.911886
0.0,14,45.912337
0.0,6,45.912585
0.0,13,45.913021
0.0,16,45.913564
0.0,24,45.914292
1.0,7,45.914607
0.0,26,45.915405
0.0,32,45.916394
0.0,16,45.916919
0.0,12,45.917318
0.0,8,45.917624
0.0,28,45.91851
0.0,17,45.919049
1.0,26,45.919847
0.0,25,45.920637
0.0,24,45.92139
1.0,82,45.923798
0.0,37,45.924918
0.0,11,45.925298
0.0,12,45.925712
0.0,8,45.926016
0.0,7,45.926276
0.0,18,45.926853
0.0,8,45.92714
1.0,10,45.927482
1.0,8,45.927788
1.0,76,45.930005
0.0,14,45.930499
0.0,22,45.931199
0.0,28,45.932046
0.0,17,45.932603
0.0,19,45.933217
0.0,17,45.933769
0.0,20,45.934384
0.0,56,45.936067
0.0,6,45.936303
0.0,4,45.936478
0.0,100,45.939402
0.0,18,45.939988
0.0,17,45.940567
0.0,21,45.941221
0.0,6,45.941451
0.0,43,45.942739
0.0,4,45.942919
0.0,48,45.944346
0.0,6,45.944602
0.0,31,45.945553
0.0,4,45.945737
1.0,36,45.946815
0.0,18,45.947378
0.0,17,45.94794
0.0,20,45.948597
0.0,21,45.949244
0.0,6,45.949473
1.0,19,45.950083
0.0,9,45.950402
1.0,59,45.952155
0.0,27,45.953017
0.0,10,45.953366
0.0,36,45.954441
1.0,11,45.954834
0.0,4,45.955018
0.0,6,45.955251
0.0,35,45.95632
0.0,13,45.95676
0.0,27,45.957599
0.0,24,45.95836
0.0,49,45.959809
0.0,10,45.960162
0.0,6,45.960396
0.0,29,45.961302
1.0,30,45.962212
0.0,19,45.962846
0.0,22,45.963735
0.0,17,45.964276
0.0,27,45.965154
1.0,36,45.966241
0.0,10,45.966602
1.0,35,45.967661
0.0,36,45.968774
1.0,32,45.969738
0.0,6,45.96998
0.0,32,45.970988
1.0,19,45.971594
0.0,10,45.971939
0.0,8,45.972225
0.0,16,45.972764
1.0,17,45.973321
0.0,15,45.973822
0.0,4,45.974
0.0,13,45.974423
0.0,9,45.97476
1.0,20,45.975392
1.0,38,45.976559
1.0,27,45.977372
0.0,18,45.977981
1.0,26,45.97879
0.0,10,45.979134
0.0,18,45.97971
0.0,11,45.980091
0.0,9,45.980422
0.0,12,45.980856
1.0,41,45.982067
0.0,52,45.983639
0.0,24,45.984371
0.0,8,45.984683
0.0,6,45.984922
1.0,59,45.986677
0.0,26,45.987474
0.0,15,45.987973
0.0,4,45.988169
0.0,20,45.988807
0.0,21,45.989455
0.0,4,45.98964
0.0,12,45.990048
1.0,25,45.990863
1.0,27,45.99169
0.0,7,45.99195
0.0,9,45.992263
0.0,12,45.992687
0.0,5,45.992909
0.0,5,45.993117
1.0,58,45.994827
0.0,6,45.995069
0.0,21,45.995752
0.0,8,45.99604
0.0,17,45.996591
1.0,49,45.998062
1.0,19,45.998677
1.0,17,45.999214
1.0,81,46.001611
1.0,13,46.002043
0.0,19,46.002663
0.0,4,46.002856
0.0,12,46.003258
0.0,25,46.004032
0.0,26,46.004855
0.0,19,46.00547
0.0,5,46.005687
0.0,20,46.00631
0.0,11,46.006696
1.0,83,46.00913
1.0,19,46.009745
0.0,13,46.010193
0.0,16,46.010726
0.0,28,46.011581
0.0,7,46.011842
1.0,35,46.012927
0.0,12,46.013332
0.0,15,46.013827
0.0,15,46.014308
0.0,51,46.015899
0.0,15,46.016385
0.0,11,46.016766
0.0,10,46.017109
1.0,68,46.019124
0.0,27,46.019971
0.0,18,46.020574
0.0,10,46.020917
0.0,6,46.021147
0.0,8,46.021432
1.0,26,46.022244
0.0,14,46.022738
1.0,13,46.023172
0.0,24,46.023916
1.0,35,46.024986
0.0,30,46.025929
0.0,6,46.026163
0.0,8,46.026449
0.0,11,46.026829
0.0,50,46.028327
0.0,12,46.02874
1.0,45,46.030083
1.0,31,46.031043
1.0,15,46.031539
1.0,25,46.032308
0.0,10,46.03268
0.0,11,46.033057
0.0,6,46.033288
1.0,19,46.033893
0.0,23,46.034625
0.0,17,46.035178
0.0,4,46.035375
0.0,11,46.035761
1.0,16,46.03627
0.0,8,46.03657
0.0,16,46.037082
0.0,19,46.037722
0.0,23,46.038432
0.0,16,46.038952
0.0,5,46.039156
1.0,34,46.040207
1.0,14,46.040679
1.0,12,46.041077
1.0,42,46.042329
0.0,7,46.042607
0.0,31,46.043568
0.0,11,46.043941
0.0,4,46.044115
0.0,22,46.044822
0.0,42,46.046094
1.0,24,46.046845
0.0,9,46.047171
0.0,8,46.047462
0.0,17,46.048025
0.0,16,46.048546
0.0,10,46.04889
0.0,8,46.049175
1.0,60,46.050972
0.0,14,46.05143
0.0,11,46.051813
0.0,30,46.05276
0.0,16,46.053274
0.0,7,46.053544
0.0,51,46.05507
1.0,10,46.055422
1.0,14,46.055889
0.0,7,46.056149
1.0,55,46.057785
0.0,6,46.05802
0.0,4,46.058196
1.0,36,46.05927
0.0,23,46.060018
0.0,7,46.060285
1.0,10,46.060642
0.0,5,46.060846
0.0,6,46.061103
1.0,12,46.061512
0.0,100,46.064472
0.0,8,46.065001
1.0,22,46.065711
0.0,16,46.06622
0.0,4,46.066394
0.0,13,46.066833
0.0,29,46.06775
0.0,15,46.068236
1.0,14,46.068698
0.0,11,46.06907
1.0,9,46.069384
0.0,30,46.070323
1.0,18,46.070904
0.0,46,46.072271
0.0,13,46.072719
0.0,5,46.072925
1.0,57,46.074603
1.0,21,46.075277
0.0,19,46.075883
0.0,24,46.076626
0.0,7,46.076885
0.0,23,46.07761
1.0,24,46.07834
1.0,27,46.079164
0.0,4,46.079342
0.0,10,46.079706
1.0,53,46.081285
1.0,19,46.081891
1.0,40,46.083125
0.0,28,46.083979
0.0,33,46.084994
1.0,39,46.086173
0.0,5,46.086377
0.0,14,46.086844
0.0,38,46.087986
0.0,9,46.088302
1.0,13,46.08874
0.0,16,46.089249
1.0,21,46.089936
1.0,23,46.090663
0.0,29,46.091537
0.0,15,46.092029
1.0,22,46.092752
1.0,12,46.093152
1.0,31,46.094082
0.0,15,46.094596
0.0,24,46.09535
0.0,27,46.096171
0.0,16,46.09669
0.0,35,46.097753
0.0,18,46.098318
0.0,12,46.098728
1.0,47,46.100146
0.0,26,46.100947
0.0,9,46.101263
1.0,11,46.101644
0.0,8,46.101943
0.0,35,46.103014
0.0,4,46.103191
0.0,6,46.103419
1.0,19,46.10402
0.0,12,46.104428
0.0,12,46.104868
0.0,47,46.106246
0.0,18,46.106835
0.0,15,46.107336
0.0,14,46.107806
0.0,10,46.108148
0.0,20,46.10878
0.0,15,46.109268
0.0,24,46.110039
0.0,6,46.110272
0.0,4,46.110447
0.0,6,46.110691
0.0,34,46.111712
0.0,20,46.112355
0.0,100,46.115333
1.0,16,46.115863
0.0,9,46.116179
1.0,14,46.11665
1.0,23,46.117381
0.0,21,46.118045
0.0,10,46.118386
0.0,4,46.118576
0.0,5,46.11878
0.0,8,46.119066
0.0,6,46.119303
0.0,28,46.120181
0.0,9,46.120512
0.0,14,46.120964
0.0,19,46.121566
0.0,38,46.122728
0.0,6,46.122961
0.0,30,46.123862
0.0,34,46.124931
1.0,70,46.126979
0.0,37,46.128104
0.0,4,46.128281
1.0,36,46.129367
0.0,14,46.12987
1.0,13,46.130298
1.0,15,46.130795
0.0,31,46.131737
0.0,6,46.131988
0.0,5,46.132192
1.0,17,46.132749
1.0,6,46.132983
1.0,58,46.134717
0.0,9,46.13504
0.0,15,46.135531
0.0,4,46.135707
1.0,33,46.13671
0.0,6,46.13696
0.0,23,46.137679
0.0,14,46.138129
0.0,61,46.139956
0.0,17,46.140508
1.0,12,46.140906
0.0,14,46.141356
1.0,73,46.143509
0.0,5,46.143717
0.0,23,46.144444
0.0,37,46.14559
0.0,6,46.145823
1.0,14,46.146276
0.0,27,46.147135
1.0,80,46.14948
0.0,18,46.150079
0.0,31,46.151016
0.0,26,46.151839
0.0,20,46.152464
1.0,14,46.152929
0.0,11,46.153299
0.0,9,46.153625
0.0,24,46.154379
0.0,13,46.154846
0.0,6,46.155079
0.0,26,46.155872
0.0,15,46.156363
1.0,17,46.15694
1.0,13,46.157371
0.0,21,46.158036
0.0,46,46.159424
1.0,58,46.161127
1.0,13,46.161577
1.0,14,46.162053
0.0,10,46.162396
0.0,17,46.162947
0.0,16,46.163455
0.0,8,46.163757
0.0,8,46.164051
1.0,21,46.164779
0.0,11,46.16515
0.0,22,46.165838
0.0,16,46.166354
1.0,13,46.166992
0.0,12,46.167395
1.0,73,46.169569
0.0,28,46.170415
0.0,10,46.170772
0.0,9,46.171088
0.0,6,46.171327
0.0,5,46.171544
0.0,4,46.171735
0.0,8,46.172027
0.0,24,46.172773
0.0,27,46.1736
1.0,11,46.173981
1.0,18,46.174589
0.0,21,46.175241
0.0,4,46.175417
1.0,30,46.176338
0.0,10,46.176703
1.0,43,46.177999
0.0,11,46.178373
0.0,16,46.17891
1.0,17,46.179474
0.0,21,46.180138
1.0,24,46.18088
0.0,15,46.181374
1.0,21,46.182057
0.0,17,46.182611
1.0,76,46.18486
1.0,11,46.185238
0.0,8,46.185535
0.0,32,46.186521
0.0,4,46.186701
0.0,6,46.186936
0.0,7,46.187195
1.0,29,46.188079
0.0,9,46.188394
1.0,37,46.189546
1.0,10,46.189893
0.0,6,46.190124
0.0,23,46.190841
1.0,15,46.191335
0.0,22,46.192061
0.0,31,46.193007
0.0,9,46.193322
0.0,15,46.19383
0.0,22,46.194553
0.0,20,46.195175
0.0,24,46.19592
0.0,33,46.196941
0.0,32,46.197907
0.0,6,46.198141
0.0,37,46.199285
0.0,11,46.199675
0.0,19,46.200269
0.0,16,46.200791
0.0,24,46.201548
0.0,4,46.201732
0.0,15,46.202213
0.0,10,46.202567
1.0,31,46.203507
0.0,26,46.204324
0.0,4,46.204519
0.0,32,46.205474
0.0,30,46.2064
1.0,10,46.206764
1.0,9,46.207082
0.0,5,46.207285
0.0,14,46.20775
1.0,24,46.208485
0.0,7,46.208762
0.0,9,46.209095
0.0,15,46.209594
0.0,20,46.210212
0.0,15,46.210703
0.0,17,46.211252
0.0,9,46.211638
0.0,18,46.21221
1.0,44,46.213532
0.0,15,46.214036
0.0,10,46.214385
0.0,30,46.21534
0.0,23,46.216069
1.0,62,46.217895
1.0,56,46.219577
0.0,12,46.219982
0.0,33,46.220984
0.0,10,46.221333
1.0,42,46.222624
1.0,96,46.225421
0.0,18,46.226016
1.0,27,46.226858
1.0,18,46.227423
0.0,33,46.228421
0.0,5,46.228643
0.0,6,46.228879
0.0,40,46.23009
0.0,5,46.230295
0.0,12,46.230705
1.0,66,46.232658
0.0,5,46.232866
0.0,16,46.233379
0.0,19,46.233997
0.0,6,46.234248
0.0,10,46.234612
0.0,10,46.234954
1.0,34,46.235982
0.0,18,46.236569
0.0,9,46.236887
0.0,8,46.237173
0.0,29,46.238049
0.0,9,46.238373
0.0,39,46.239576
1.0,11,46.23995
0.0,12,46.240345
0.0,14,46.240815
1.0,24,46.241591
1.0,39,46.242754
1.0,17,46.243296
0.0,19,46.243933
0.0,11,46.244308
0.0,24,46.245059
0.0,26,46.245867
0.0,9,46.246188
0.0,7,46.246449
0.0,63,46.248289
0.0,19,46.248933
0.0,19,46.249543
0.0,18,46.250107
1.0,58,46.251845
1.0,33,46.252845
0.0,4,46.253024
0.0,17,46.253586
0.0,21,46.254261
0.0,14,46.254741
0.0,18,46.255307
0.0,19,46.255923
0.0,42,46.257197
0.0,6,46.25743
0.0,5,46.257645
0.0,12,46.258044
0.0,10,46.258397
1.0,21,46.259085
0.0,20,46.259724
0.0,33,46.260723
1.0,45,46.26208
0.0,23,46.262802
0.0,14,46.263263
0.0,9,46.263596
1.0,22,46.264293
0.0,29,46.265224
0.0,5,46.265429
0.0,10,46.265793
0.0,19,46.266397
0.0,21,46.267082
1.0,38,46.268388
0.0,15,46.268906
1.0,21,46.269567
0.0,21,46.27021
1.0,16,46.270739
0.0,10,46.271087
0.0,28,46.271961
1.0,24,46.272704
0.0,24,46.273448
1.0,38,46.274626
0.0,14,46.275079
0.0,18,46.275656
1.0,11,46.276037
0.0,9,46.276367
1.0,33,46.277363
1.0,26,46.278167
1.0,11,46.278561
0.0,46,46.279932
1.0,42,46.28118
0.0,6,46.281436
0.0,29,46.282319
0.0,9,46.28265
1.0,55,46.284282
1.0,54,46.285886
1.0,25,46.286683
1.0,24,46.287416
1.0,28,46.288277
1.0,12,46.288696
0.0,4,46.288875
0.0,19,46.289499
0.0,15,46.289983
0.0,15,46.290464
0.0,5,46.290679
0.0,25,46.291451
0.0,4,46.291641
0.0,15,46.292145
0.0,22,46.292834
0.0,29,46.293723
0.0,24,46.294475
0.0,7,46.294758
0.0,10,46.295099
1.0,8,46.295384
0.0,4,46.295572
0.0,13,46.295996
0.0,8,46.296292
0.0,31,46.297254
0.0,4,46.297431
0.0,11,46.297811
1.0,26,46.29861
0.0,16,46.299132
0.0,26,46.299953
0.0,49,46.3014
0.0,16,46.301946
1.0,36,46.303024
1.0,63,46.304904
1.0,33,46.305898
0.0,22,46.306618
0.0,17,46.307159
0.0,13,46.307595
0.0,7,46.307855
0.0,43,46.309133
0.0,17,46.309709
0.0,37,46.31081
1.0,10,46.311163
0.0,5,46.31137
0.0,27,46.312225
0.0,7,46.312485
1.0,16,46.313006
0.0,7,46.313264
0.0,14,46.313738
0.0,68,46.315783
1.0,39,46.316991
0.0,11,46.317366
1.0,37,46.318468
0.0,15,46.318973
0.0,4,46.319151
0.0,11,46.319557
0.0,9,46.319873
1.0,14,46.320324
1.0,48,46.321764
0.0,6,46.322001
0.0,12,46.322398
1.0,49,46.323857
1.0,20,46.324521
1.0,18,46.325085
1.0,76,46.327314
1.0,33,46.328308
0.0,14,46.328791
0.0,19,46.329409
1.0,11,46.329794
1.0,24,46.330539
1.0,52,46.332091
0.0,11,46.332464
0.0,5,46.33268
0.0,18,46.333243
1.0,17,46.333804
0.0,23,46.334557
1.0,12,46.334958
0.0,26,46.335757
1.0,65,46.33769
1.0,44,46.339014
0.0,37,46.340125
0.0,15,46.340621
0.0,18,46.341196
0.0,11,46.341594
0.0,12,46.342017
0.0,25,46.342789
0.0,7,46.343049
0.0,22,46.343745
0.0,29,46.344663
0.0,9,46.344979
0.0,25,46.345745
0.0,7,46.346007
0.0,18,46.346612
0.0,14,46.347088
0.0,17,46.347635
0.0,31,46.34858
0.0,14,46.349054
1.0,52,46.350591
1.0,47,46.351991
1.0,46,46.353345
0.0,10,46.353713
0.0,14,46.354188
1.0,18,46.354779
0.0,4,46.354956
1.0,42,46.356207
1.0,76,46.35843
0.0,8,46.358745
1.0,11,46.359123
0.0,11,46.359524
1.0,15,46.360008
0.0,5,46.360211
0.0,21,46.360872
0.0,35,46.361972
0.0,6,46.362208
0.0,20,46.36284
0.0,32,46.363819
1.0,15,46.364327
0.0,25,46.365148
0.0,29,46.366037
1.0,11,46.366419
1.0,19,46.367032
1.0,10,46.367374
0.0,8,46.367673
0.0,39,46.368849
0.0,6,46.369099
0.0,6,46.369333
1.0,12,46.36974
0.0,34,46.370758
0.0,10,46.371112
1.0,28,46.372004
0.0,50,46.373465
0.0,22,46.374215
0.0,32,46.375191
0.0,5,46.375569
0.0,8,46.375859
0.0,5,46.37607
0.0,18,46.376676
0.0,5,46.376886
0.0,26,46.377687
0.0,18,46.378253
0.0,14,46.378734
0.0,21,46.379411
0.0,9,46.379741
0.0,16,46.38025
1.0,28,46.381122
0.0,7,46.381388
1.0,15,46.381886
0.0,7,46.382146
0.0,12,46.382557
0.0,8,46.382844
0.0,15,46.383324
1.0,13,46.383772
1.0,7,46.384052
0.0,29,46.384954
1.0,32,46.385923
0.0,20,46.386576
0.0,12,46.38698
1.0,27,46.387804
1.0,58,46.38954
0.0,5,46.389748
0.0,23,46.390447
1.0,16,46.390972
0.0,23,46.391733
1.0,32,46.392707
0.0,12,46.393106
0.0,8,46.393395
1.0,42,46.394698
0.0,69,46.396748
0.0,41,46.397969
0.0,11,46.39834
0.0,6,46.398597
0.0,52,46.400146
0.0,14,46.400616
0.0,8,46.400905
0.0,4,46.40109
0.0,4,46.401268
1.0,27,46.402106
0.0,28,46.402966
0.0,6,46.403199
0.0,6,46.403434
0.0,43,46.404764
1.0,64,46.406654
0.0,7,46.406925
1.0,12,46.407323
0.0,66,46.409276
1.0,15,46.409776
1.0,75,46.411999
1.0,16,46.412529
0.0,7,46.412789
0.0,19,46.413381
0.0,21,46.414074
1.0,40,46.415313
0.0,42,46.416592
0.0,9,46.416913
0.0,6,46.417145
0.0,28,46.417997
0.0,17,46.418558
0.0,47,46.419964
1.0,18,46.420546
1.0,46,46.421955
1.0,22,46.422652
0.0,8,46.422939
0.0,11,46.423308
1.0,9,46.423646
0.0,37,46.424789
1.0,10,46.425134
1.0,17,46.425684
0.0,16,46.426205
0.0,13,46.426655
0.0,27,46.427472
0.0,28,46.428324
1.0,70,46.430406
0.0,5,46.430631
0.0,9,46.430949
0.0,28,46.431849
0.0,12,46.432251
1.0,24,46.432999
0.0,12,46.433402
0.0,17,46.433979
0.0,5,46.434191
0.0,29,46.435085
0.0,9,46.435401
1.0,24,46.436157
1.0,31,46.437113
0.0,5,46.437318
1.0,16,46.437841
0.0,19,46.43844
1.0,67,46.440425
1.0,43,46.441764
0.0,13,46.442196
0.0,43,46.44348
0.0,37,46.444639
1.0,100,46.447583
1.0,37,46.448706
0.0,36,46.449808
0.0,20,46.450431
0.0,66,46.452407
0.0,7,46.452686
0.0,6,46.452918
0.0,12,46.453316
0.0,23,46.454063
0.0,100,46.456994
0.0,17,46.457551
0.0,14,46.458007
1.0,26,46.458836
0.0,14,46.4593
1.0,56,46.461004
0.0,6,46.461241
0.0,8,46.461574
1.0,36,46.462663
0.0,4,46.462842
0.0,22,46.463542
0.0,34,46.464607
1.0,32,46.465612
0.0,8,46.46591
0.0,5,46.466117
0.0,26,46.46693
0.0,22,46.467621
0.0,7,46.46788
1.0,58,46.46962
0.0,30,46.470538
0.0,7,46.470799
0.0,14,46.471262
0.0,6,46.47152
1.0,67,46.47351
0.0,5,46.473722
1.0,52,46.47528
0.0,6,46.475526
0.0,6,46.475758
0.0,6,46.475993
0.0,20,46.476642
0.0,8,46.476948
0.0,12,46.47735
0.0,16,46.477872
1.0,13,46.478299
1.0,46,46.479704
1.0,59,46.481441
0.0,16,46.481985
0.0,32,46.482956
0.0,4,46.483133
1.0,56,46.484829
0.0,27,46.485661
0.0,31,46.486634
1.0,14,46.487278
0.0,4,46.487455
0.0,21,46.488109
1.0,11,46.488487
0.0,21,46.489178
0.0,19,46.489786
0.0,6,46.490018
0.0,9,46.490331
0.0,23,46.491056
1.0,30,46.492007
0.0,6,46.492242
0.0,12,46.492654
1.0,66,46.494618
0.0,6,46.494854
0.0,9,46.495167
1.0,33,46.496163
0.0,9,46.496484
0.0,8,46.49679
0.0,17,46.497323
0.0,27,46.498147
0.0,22,46.498854
0.0,55,46.500483
0.0,13,46.500926
0.0,25,46.501744
0.0,35,46.502795
0.0,11,46.503166
0.0,45,46.50455
0.0,19,46.505147
0.0,66,46.507082
0.0,15,46.507581
0.0,7,46.507841
1.0,52,46.5094
0.0,53,46.510976
0.0,9,46.511299
0.0,9,46.51166
0.0,14,46.512117
1.0,80,46.514454
1.0,11,46.514859
0.0,8,46.515147
0.0,25,46.515956
0.0,48,46.517407
0.0,16,46.517932
0.0,8,46.518219
1.0,23,46.518951
1.0,27,46.519803
0.0,12,46.520201
1.0,14,46.520667
0.0,18,46.521246
1.0,24,46.521997
0.0,6,46.522229
0.0,10,46.522588
0.0,20,46.523209
1.0,31,46.524184
0.0,9,46.524522
1.0,31,46.525444
0.0,18,46.526029
0.0,33,46.527035
0.0,8,46.527327
0.0,55,46.528978
0.0,7,46.529247
0.0,32,46.530235
1.0,19,46.5309
1.0,18,46.531505
0.0,90,46.534145
0.0,15,46.534689
0.0,9,46.535006
0.0,14,46.535455
0.0,11,46.535832
0.0,45,46.537177
1.0,48,46.538665
0.0,41,46.539904
0.0,19,46.540509
1.0,35,46.541564
1.0,70,46.543604
0.0,8,46.543916
1.0,37,46.54503
1.0,26,46.54583
1.0,62,46.547668
0.0,24,46.548405
0.0,16,46.548948
1.0,46,46.550344
0.0,7,46.550622
0.0,9,46.550946
0.0,19,46.551577
1.0,24,46.55231
0.0,4,46.552486
0.0,29,46.553373
0.0,15,46.553887
0.0,8,46.554177
1.0,53,46.555748
0.0,15,46.556238
0.0,40,46.557447
1.0,55,46.559093
1.0,13,46.559538
0.0,6,46.559769
1.0,14,46.560219
0.0,35,46.561283
0.0,9,46.561632
0.0,100,46.564567
0.0,29,46.56548
0.0,5,46.565704
0.0,9,46.566032
0.0,7,46.566294
0.0,10,46.566656
1.0,32,46.567616
1.0,28,46.56847
0.0,5,46.56869
1.0,52,46.570232
1.0,33,46.571244
1.0,35,46.572315
0.0,42,46.573589
0.0,8,46.573897
1.0,12,46.574298
0.0,7,46.57458
0.0,14,46.575032
0.0,7,46.575289
0.0,7,46.57556
0.0,49,46.577033
0.0,9,46.57735
1.0,18,46.577925
0.0,9,46.578251
0.0,7,46.578528
1.0,44,46.579841
0.0,8,46.580129
0.0,8,46.580414
0.0,14,46.580888
0.0,7,46.58115
0.0,32,46.582142
1.0,26,46.582942
1.0,25,46.583746
0.0,19,46.584344
1.0,20,46.584983
0.0,15,46.585465
1.0,41,46.586731
0.0,16,46.587246
0.0,12,46.587658
1.0,9,46.587976
0.0,18,46.588578
0.0,18,46.589149
0.0,21,46.589811
0.0,14,46.590264
0.0,9,46.590597
0.0,8,46.590888
0.0,14,46.591362
0.0,13,46.591804
0.0,18,46.592366
0.0,12,46.592952
0.0,16,46.593481
0.0,20,46.59414
0.0,19,46.594752
0.0,19,46.595344
0.0,14,46.595825
0.0,8,46.59612
0.0,15,46.596633
0.0,42,46.597879
0.0,12,46.598289
0.0,11,46.598691
0.0,22,46.59937
0.0,7,46.599645
0.0,8,46.599934
1.0,33,46.600942
0.0,27,46.6018
1.0,25,46.602571
0.0,8,46.602858
0.0,23,46.603593
0.0,14,46.604055
0.0,24,46.604811
0.0,27,46.60565
0.0,26,46.606464
0.0,25,46.607234
0.0,17,46.60779
1.0,20,46.608426
0.0,15,46.608926
0.0,27,46.609758
1.0,20,46.610381
0.0,18,46.610987
0.0,32,46.611963
0.0,41,46.613194
0.0,63,46.615077
0.0,18,46.615709
0.0,25,46.616505
0.0,27,46.617323
0.0,17,46.617879
1.0,29,46.618784
0.0,8,46.619074
0.0,9,46.619388
0.0,6,46.619635
0.0,22,46.62031
1.0,33,46.621339
1.0,16,46.621869
0.0,5,46.622076
0.0,28,46.622931
1.0,72,46.625086
0.0,17,46.625654
0.0,6,46.625891
0.0,35,46.626963
0.0,5,46.627169
1.0,34,46.628208
0.0,14,46.628827
1.0,19,46.629422
0.0,32,46.630387
0.0,6,46.63064
1.0,52,46.632188
1.0,32,46.633165
0.0,18,46.633756
1.0,12,46.634155
0.0,6,46.634386
1.0,20,46.635025
0.0,16,46.635556
0.0,14,46.636016
1.0,18,46.636615
0.0,18,46.637178
0.0,20,46.637815
0.0,14,46.638282
1.0,35,46.639371
0.0,23,46.640095
0.0,4,46.640272
0.0,8,46.640581
0.0,7,46.640844
0.0,12,46.641263
1.0,17,46.641819
0.0,21,46.642465
0.0,7,46.642732
0.0,4,46.642909
0.0,7,46.643177
0.0,10,46.643538
1.0,52,46.645084
0.0,36,46.646199
0.0,13,46.64664
0.0,15,46.647123
0.0,10,46.647464
0.0,31,46.648429
0.0,24,46.649184
1.0,21,46.649849
0.0,10,46.650191
0.0,100,46.653134
1.0,68,46.655171
0.0,6,46.655414
0.0,6,46.655664
0.0,13,46.656112
0.0,15,46.656609
0.0,6,46.656842
1.0,10,46.657182
0.0,44,46.658525
0.0,25,46.659308
1.0,28,46.660168
1.0,44,46.661515
0.0,20,46.66214
0.0,7,46.662398
0.0,47,46.663847
0.0,6,46.664082
1.0,44,46.665394
0.0,26,46.666257
0.0,11,46.666646
0.0,18,46.667208
0.0,35,46.668286
0.0,8,46.668597
0.0,9,46.668914
0.0,6,46.669145
0.0,7,46.669403
0.0,8,46.669704
0.0,14,46.670158
0.0,10,46.670531
0.0,6,46.67078
1.0,14,46.67124
0.0,36,46.672321
0.0,25,46.673113
0.0,12,46.673549
0.0,4,46.673728
1.0,16,46.674236
0.0,4,46.67441
0.0,13,46.67486
1.0,63,46.676743
1.0,15,46.677231
0.0,10,46.677592
0.0,34,46.678654
0.0,74,46.680839
0.0,38,46.681985
1.0,22,46.68268
0.0,10,46.683035
0.0,7,46.683313
0.0,9,46.683645
0.0,43,46.684937
0.0,19,46.685556
0.0,13,46.686008
0.0,5,46.686212
0.0,17,46.686764
0.0,10,46.687106
1.0,17,46.687656
1.0,15,46.688164
1.0,15,46.688673
0.0,40,46.689868
1.0,17,46.69042
0.0,11,46.690811
0.0,15,46.691314
0.0,20,46.69195
0.0,35,46.69302
0.0,20,46.693858
0.0,8,46.694148
0.0,4,46.694323
0.0,13,46.694767
0.0,31,46.695734
0.0,5,46.695944
0.0,14,46.696396
0.0,8,46.696698
0.0,17,46.697233
0.0,20,46.697877
0.0,5,46.698084
0.0,17,46.698661
0.0,9,46.698976
0.0,10,46.699315
0.0,11,46.699696
0.0,36,46.700806
1.0,23,46.701547
0.0,7,46.701806
0.0,20,46.702421
0.0,22,46.703122
0.0,17,46.703691
0.0,13,46.704117
0.0,18,46.704701
0.0,6,46.704932
0.0,9,46.705254
1.0,42,46.706541
0.0,19,46.707131
0.0,8,46.707417
1.0,19,46.708034
0.0,7,46.708309
0.0,32,46.709277
0.0,9,46.709604
0.0,22,46.710286
0.0,6,46.710538
0.0,5,46.710756
0.0,17,46.711297
0.0,8,46.711597
0.0,27,46.712403
0.0,40,46.71364
1.0,64,46.715537
0.0,13,46.716003
0.0,20,46.716639
0.0,14,46.717092
0.0,50,46.718608
0.0,21,46.719255
0.0,16,46.719773
1.0,10,46.720125
0.0,31,46.721104
1.0,19,46.72171
0.0,10,46.722052
0.0,12,46.72245
0.0,12,46.722871
0.0,11,46.72326
0.0,9,46.723587
1.0,23,46.724289
0.0,13,46.724739
0.0,18,46.725318
0.0,61,46.727126
0.0,6,46.727362
1.0,24,46.728119
0.0,15,46.728634
0.0,6,46.728868
0.0,47,46.73025
0.0,12,46.730671
0.0,14,46.731126
0.0,8,46.731411
0.0,29,46.732291
0.0,8,46.732603
0.0,52,46.734144
0.0,31,46.735103
0.0,5,46.735312
0.0,22,46.736016
0.0,10,46.73636
0.0,14,46.736829
0.0,18,46.737396
1.0,45,46.738769
0.0,28,46.73962
0.0,8,46.739916
0.0,72,46.742012
0.0,7,46.742275
0.0,16,46.742825
0.0,14,46.743284
0.0,5,46.743488
0.0,38,46.744639
1.0,76,46.746863
0.0,14,46.747327
0.0,47,46.74875
0.0,12,46.749151
0.0,15,46.749643
0.0,11,46.750026
0.0,7,46.750302
0.0,43,46.751591
0.0,13,46.752018
0.0,25,46.752818
0.0,12,46.753222
0.0,13,46.75366
0.0,6,46.753891
0.0,7,46.754148
0.0,5,46.754349
0.0,12,46.754779
0.0,6,46.755015
0.0,25,46.755812
0.0,27,46.756643
0.0,61,46.758447
0.0,32,46.759414
1.0,18,46.760005
0.0,9,46.760338
0.0,14,46.760813
0.0,23,46.761522
0.0,14,46.761973
1.0,8,46.762269
0.0,14,46.762745
0.0,22,46.76344
0.0,5,46.763655
0.0,19,46.764248
0.0,40,46.765482
0.0,19,46.766123
0.0,15,46.766619
0.0,29,46.767512
0.0,27,46.76835
0.0,11,46.768735
0.0,16,46.76924
0.0,13,46.769683
0.0,14,46.770156
0.0,52,46.771689
0.0,10,46.772032
1.0,36,46.773141
1.0,15,46.773638
0.0,57,46.775334
1.0,31,46.776273
0.0,4,46.776449
0.0,36,46.77755
0.0,4,46.777729
0.0,5,46.777935
0.0,20,46.778567
0.0,23,46.779266
0.0,34,46.780324
0.0,15,46.780826
0.0,8,46.781113
1.0,65,46.783024
0.0,64,46.784912
1.0,39,46.786091
1.0,32,46.787069
0.0,17,46.787643
0.0,25,46.788417
0.0,5,46.788635
0.0,20,46.789254
0.0,6,46.789503
1.0,42,46.790781
0.0,21,46.791427
1.0,46,46.792844
0.0,13,46.793272
0.0,8,46.793746
1.0,23,46.794458
0.0,12,46.794881
0.0,22,46.795592
0.0,24,46.796324
0.0,22,46.797022
0.0,9,46.797356
0.0,13,46.797814
0.0,11,46.798185
0.0,25,46.798958
1.0,32,46.799953
1.0,27,46.800793
1.0,12,46.801192
0.0,29,46.802082
0.0,6,46.802331
0.0,6,46.802598
0.0,29,46.803463
0.0,7,46.803731
0.0,17,46.804271
1.0,31,46.805253
0.0,16,46.805784
0.0,12,46.806184
0.0,6,46.806414
1.0,33,46.807435
1.0,17,46.807992
0.0,9,46.808309
0.0,17,46.808859
0.0,4,46.809036
0.0,9,46.809357
0.0,5,46.809575
0.0,25,46.810359
0.0,5,46.810578
0.0,14,46.811031
0.0,6,46.811262
0.0,19,46.811875
1.0,27,46.812735
0.0,15,46.813217
0.0,11,46.813598
1.0,34,46.814643
0.0,34,46.815689
0.0,12,46.81612
1.0,29,46.817018
0.0,10,46.817383
0.0,12,46.817809
1.0,32,46.818779
1.0,13,46.81921
0.0,5,46.819422
0.0,37,46.820569
0.0,17,46.821107
1.0,34,46.822145
1.0,77,46.824418
1.0,19,46.825065
0.0,100,46.827999
0.0,7,46.828266
1.0,62,46.830113
0.0,4,46.830294
1.0,48,46.831728
1.0,48,46.833172
1.0,27,46.834
0.0,23,46.834758
0.0,7,46.835027
0.0,41,46.83624
0.0,7,46.836513
0.0,4,46.836693
0.0,36,46.837799
1.0,32,46.838767
0.0,12,46.839168
0.0,28,46.840057
0.0,20,46.840699
1.0,52,46.842243
0.0,15,46.842749
0.0,14,46.843202
0.0,4,46.843377
0.0,38,46.844548
0.0,38,46.845701
0.0,24,46.846428
0.0,14,46.846908
0.0,13,46.847341
0.0,14,46.847825
1.0,9,46.84814
0.0,18,46.848718
0.0,14,46.849178
0.0,66,46.851134
0.0,32,46.852114
0.0,11,46.852525
1.0,7,46.852788
0.0,18,46.85335
0.0,7,46.85362
1.0,9,46.853935
0.0,4,46.854111
0.0,9,46.854434
0.0,63,46.856317
0.0,10,46.856688
1.0,22,46.85739
0.0,13,46.85783
0.0,37,46.858939
0.0,11,46.85936
0.0,26,46.860181
0.0,38,46.861316
1.0,52,46.862894
0.0,9,46.863212
0.0,44,46.864548
0.0,60,46.866357
1.0,15,46.86687
1.0,38,46.868026
0.0,7,46.868287
0.0,31,46.869238
0.0,15,46.869754
0.0,18,46.870324
0.0,9,46.870654
0.0,50,46.87213
0.0,18,46.872735
0.0,18,46.8733
1.0,88,46.87589
0.0,22,46.876595
0.0,15,46.877085
0.0,16,46.877629
0.0,10,46.877979
0.0,12,46.878381
0.0,10,46.87874
0.0,6,46.878973
1.0,14,46.879427
0.0,12,46.879848
0.0,55,46.881496
1.0,39,46.882695
0.0,15,46.883183
0.0,29,46.884065
0.0,5,46.884269
0.0,31,46.885238
0.0,10,46.885618
1.0,11,46.88599
0.0,12,46.886386
0.0,21,46.887053
0.0,7,46.88732
0.0,21,46.888018
0.0,19,46.888629
0.0,11,46.888999
1.0,14,46.889452
0.0,6,46.889702
1.0,9,46.890023
0.0,11,46.890414
1.0,53,46.891982
0.0,30,46.892917
0.0,8,46.893206
0.0,18,46.893783
0.0,5,46.893988
0.0,11,46.894358
0.0,26,46.8952
1.0,43,46.896678
0.0,8,46.896969
0.0,5,46.89718
0.0,25,46.897961
1.0,25,46.898735
1.0,76,46.90098
0.0,8,46.901271
1.0,47,46.902695
0.0,23,46.903404
1.0,29,46.904281
1.0,55,46.905933
0.0,29,46.906822
1.0,25,46.90761
0.0,12,46.908013
0.0,5,46.908216
0.0,14,46.908683
0.0,20,46.9093
1.0,14,46.909778
0.0,5,46.91
1.0,52,46.911543
0.0,16,46.912061
0.0,9,46.912392
0.0,8,46.912716
0.0,11,46.913086
1.0,15,46.913577
0.0,5,46.913781
0.0,6,46.914012
0.0,9,46.914326
0.0,100,46.9173
0.0,42,46.918604
0.0,11,46.918976
0.0,11,46.919347
0.0,25,46.920149
0.0,9,46.920466
1.0,15,46.920961
0.0,26,46.92176
0.0,16,46.922292
0.0,8,46.922617
0.0,8,46.922907
0.0,32,46.923872
0.0,21,46.924555
0.0,6,46.924806
0.0,15,46.925292
0.0,10,46.925647
0.0,11,46.92606
1.0,13,46.926483
0.0,6,46.92673
0.0,17,46.927279
0.0,35,46.928327
0.0,8,46.928629
1.0,38,46.929772
0.0,5,46.929991
1.0,54,46.931573
1.0,46,46.932975
0.0,18,46.933556
0.0,24,46.934284
1.0,12,46.934717
0.0,7,46.934992
0.0,4,46.93517
0.0,15,46.935663
1.0,11,46.936032
1.0,56,46.937705
0.0,23,46.938406
0.0,36,46.939505
0.0,18,46.940095
0.0,10,46.940438
0.0,6,46.940683
1.0,14,46.941136
0.0,6,46.941366
1.0,12,46.941778
0.0,13,46.942225
0.0,16,46.942756
1.0,38,46.943888
1.0,35,46.944987
0.0,10,46.945334
0.0,5,46.94555
0.0,13,46.945975
1.0,25,46.946752
0.0,7,46.947019
1.0,42,46.948282
0.0,7,46.948557
0.0,21,46.949203
1.0,16,46.94975
1.0,32,46.950724
1.0,20,46.951342
0.0,11,46.951731
1.0,32,46.952728
0.0,7,46.952989
0.0,13,46.953414
0.0,8,46.953712
0.0,39,46.954914
0.0,28,46.955771
0.0,30,46.956685
1.0,19,46.957302
1.0,28,46.95816
0.0,17,46.958711
0.0,38,46.959882
0.0,11,46.960257
0.0,9,46.960587
0.0,22,46.961258
0.0,6,46.961498
0.0,5,46.961713
0.0,7,46.961974
0.0,13,46.962422
0.0,15,46.962919
1.0,30,46.963825
0.0,14,46.964291
0.0,4,46.964469
0.0,11,46.964884
1.0,41,46.966131
1.0,15,46.966633
1.0,59,46.968373
0.0,19,46.968987
0.0,7,46.969256
1.0,14,46.969728
0.0,27,46.970574
0.0,37,46.971684
0.0,10,46.972032
0.0,23,46.972772
1.0,21,46.973419
0.0,16,46.973939
1.0,84,46.976388
0.0,31,46.977365
0.0,14,46.977841
1.0,34,46.978863
1.0,72,46.980984
0.0,4,46.981164
0.0,8,46.981451
0.0,6,46.9817
0.0,55,46.983333
1.0,27,46.984171
1.0,28,46.985049
0.0,55,46.986671
0.0,19,46.98729
0.0,33,46.988286
0.0,29,46.989186
0.0,11,46.989587
1.0,29,46.990479
1.0,24,46.99122
0.0,23,46.991965
0.0,8,46.992259
0.0,26,46.993059
0.0,23,46.993773
1.0,26,46.994612
0.0,10,46.994972
1.0,23,46.995689
0.0,7,46.995949
0.0,32,46.997101
1.0,22,46.997815
1.0,24,46.998562
0.0,21,46.999224
1.0,31,47.000168
1.0,32,47.001135
1.0,60,47.002931
0.0,9,47.003249
0.0,12,47.003656
0.0,48,47.005089
0.0,10,47.005435
1.0,20,47.006066
0.0,14,47.006542
1.0,20,47.007187
0.0,16,47.007711
0.0,29,47.008594
0.0,7,47.008862
1.0,80,47.011198
0.0,26,47.012035
0.0,14,47.012502
0.0,14,47.012957
0.0,19,47.013558
0.0,25,47.014349
0.0,9,47.014691
0.0,39,47.015851
0.0,45,47.017257
0.0,6,47.017505
0.0,54,47.019093
0.0,13,47.019553
0.0,43,47.020827
0.0,11,47.021208
0.0,7,47.02147
0.0,21,47.022148
0.0,11,47.022567
0.0,8,47.022855
0.0,26,47.023665
0.0,9,47.023987
0.0,30,47.024927
1.0,18,47.025505
0.0,12,47.025904
0.0,33,47.026934
0.0,6,47.027169
0.0,10,47.027521
0.0,23,47.028226
1.0,15,47.028736
0.0,28,47.029621
1.0,32,47.030594
1.0,15,47.031085
0.0,5,47.031291
1.0,34,47.032322
0.0,17,47.032878
0.0,21,47.033549
0.0,50,47.035055
0.0,9,47.035373
0.0,34,47.036412
1.0,14,47.036906
1.0,24,47.037652
1.0,62,47.039507
0.0,48,47.040942
0.0,10,47.041305
0.0,100,47.044251
0.0,21,47.04493
1.0,58,47.046675
0.0,16,47.047191
0.0,20,47.047865
0.0,44,47.049205
0.0,50,47.050691
0.0,46,47.052077
1.0,15,47.052573
0.0,19,47.053169
0.0,6,47.053408
0.0,12,47.053824
0.0,6,47.054074
1.0,45,47.055415
0.0,9,47.055753
0.0,15,47.056242
1.0,31,47.057207
0.0,20,47.057842
0.0,35,47.058929
0.0,37,47.060034
0.0,7,47.060293
0.0,32,47.061293
0.0,7,47.061575
0.0,12,47.061975
0.0,12,47.062375
0.0,12,47.062788
0.0,9,47.063107
0.0,30,47.064046
1.0,14,47.064525
0.0,53,47.066086
0.0,44,47.06743
0.0,22,47.06813
0.0,4,47.068311
1.0,13,47.068771
0.0,8,47.069063
0.0,30,47.069977
0.0,10,47.070322
0.0,6,47.070576
0.0,7,47.07084
1.0,43,47.072133
0.0,6,47.072367
0.0,12,47.072777
1.0,26,47.073591
0.0,18,47.07418
0.0,12,47.074604
0.0,9,47.074922
0.0,30,47.075847
0.0,19,47.076467
0.0,8,47.076771
0.0,7,47.077032
0.0,4,47.077207
1.0,91,47.079896
0.0,6,47.080133
0.0,6,47.080365
0.0,6,47.080621
0.0,15,47.081123
0.0,24,47.081872
0.0,25,47.082644
0.0,13,47.083085
0.0,8,47.083376
1.0,6,47.083624
0.0,16,47.084139
1.0,47,47.08555
0.0,22,47.086256
1.0,40,47.087455
0.0,5,47.08767
1.0,31,47.088634
1.0,38,47.089765
0.0,8,47.090054
0.0,48,47.091515
1.0,44,47.092823
0.0,41,47.094074
1.0,38,47.095225
1.0,30,47.096175
0.0,31,47.097126
0.0,48,47.098592
0.0,7,47.098861
0.0,17,47.099397
0.0,18,47.099974
0.0,19,47.100596
0.0,5,47.100817
0.0,7,47.101083
0.0,20,47.101717
0.0,19,47.102313
0.0,19,47.102934
0.0,4,47.103114
0.0,12,47.103547
0.0,4,47.103895
0.0,8,47.104199
0.0,24,47.104951
1.0,28,47.105823
0.0,14,47.106301
0.0,32,47.107268
1.0,32,47.108261
0.0,15,47.108765
0.0,16,47.10927
1.0,11,47.10965
0.0,10,47.109992
0.0,11,47.110369
0.0,21,47.111058
1.0,36,47.112138
0.0,42,47.113415
1.0,36,47.114515
0.0,5,47.114721
0.0,20,47.115349
0.0,6,47.115594
1.0,19,47.116244
0.0,12,47.116659
0.0,12,47.117054
1.0,18,47.117628
1.0,18,47.118217
1.0,11,47.118609
0.0,34,47.119625
1.0,17,47.120168
0.0,8,47.12046
0.0,12,47.120895
0.0,30,47.121804
0.0,4,47.12198
0.0,34,47.123011
0.0,52,47.124571
1.0,21,47.125229
0.0,24,47.125999
0.0,11,47.126372
0.0,6,47.126619
0.0,16,47.127127
1.0,37,47.128257
0.0,24,47.12901
0.0,13,47.129434
0.0,10,47.129787
0.0,29,47.130701
0.0,8,47.130993
1.0,44,47.132278
0.0,5,47.132485
0.0,11,47.132879
0.0,18,47.133465
0.0,12,47.133874
0.0,11,47.134245
0.0,8,47.134554
0.0,7,47.134814
0.0,15,47.135306
0.0,6,47.135566
0.0,23,47.136272
1.0,44,47.137595
1.0,37,47.138732
0.0,27,47.139558
1.0,28,47.140414
0.0,10,47.140795
0.0,41,47.142004
1.0,32,47.142997
0.0,7,47.143266
0.0,4,47.143442
0.0,7,47.143715
1.0,48,47.145139
0.0,6,47.145378
0.0,59,47.147109
1.0,20,47.147756
0.0,56,47.149409
0.0,13,47.149851
1.0,28,47.150756
1.0,10,47.151101
1.0,8,47.151386
0.0,17,47.151933
0.0,10,47.152279
0.0,5,47.152503
1.0,13,47.152952
0.0,12,47.153357
0.0,9,47.153685
1.0,37,47.154795
0.0,12,47.155208
0.0,15,47.155708
0.0,14,47.156164
0.0,25,47.156932
0.0,56,47.15861
1.0,60,47.160376
0.0,16,47.160911
0.0,40,47.162089
0.0,5,47.1623
1.0,10,47.162668
0.0,20,47.163306
1.0,10,47.163659
0.0,11,47.164029
0.0,16,47.164557
0.0,37,47.16569
0.0,38,47.166857
0.0,43,47.168156
0.0,18,47.16874
1.0,14,47.16919
1.0,26,47.169997
0.0,5,47.170219
0.0,13,47.170663
0.0,20,47.171279
0.0,15,47.171769
1.0,39,47.172961
0.0,4,47.173142
0.0,6,47.173373
0.0,16,47.17389
0.0,7,47.17415
0.0,4,47.174323
0.0,6,47.174576
0.0,7,47.174845
0.0,12,47.175262
0.0,5,47.17547
0.0,14,47.175934
1.0,11,47.176302
0.0,6,47.176548
0.0,27,47.177402
0.0,13,47.177864
0.0,13,47.178294
0.0,8,47.178596
0.0,12,47.178993
0.0,18,47.179568
0.0,46,47.180952
0.0,21,47.181614
0.0,19,47.182213
0.0,31,47.183177
0.0,44,47.184473
0.0,6,47.184733
0.0,20,47.185374
0.0,34,47.186398
0.0,4,47.186589
0.0,13,47.187016
0.0,22,47.187717
0.0,5,47.18794
0.0,21,47.188602
0.0,10,47.188944
0.0,7,47.189201
1.0,31,47.190176
0.0,35,47.191233
1.0,66,47.193205
0.0,7,47.193471
0.0,12,47.193876
0.0,31,47.194837
0.0,7,47.195116
0.0,8,47.195409
0.0,5,47.195626
0.0,11,47.195997
0.0,7,47.196256
0.0,6,47.196487
0.0,15,47.196986
0.0,11,47.197367
0.0,34,47.198431
0.0,20,47.199065
0.0,11,47.199438
0.0,30,47.200376
1.0,24,47.201125
0.0,10,47.201468
0.0,36,47.202583
0.0,25,47.203361
0.0,6,47.203605
0.0,8,47.204057
1.0,20,47.204714
0.0,12,47.205121
1.0,34,47.206158
0.0,32,47.207141
0.0,8,47.207447
0.0,38,47.208616
0.0,29,47.209505
0.0,10,47.209867
1.0,28,47.210732
0.0,6,47.210965
1.0,59,47.212739
1.0,30,47.213649
0.0,21,47.214301
0.0,31,47.215295
1.0,18,47.215872
0.0,20,47.216538
0.0,14,47.217002
0.0,19,47.217631
1.0,42,47.21888
0.0,29,47.219793
0.0,7,47.22006
0.0,14,47.220527
0.0,38,47.221656
1.0,45,47.22302
0.0,4,47.223199
0.0,10,47.223551
0.0,13,47.223977
1.0,12,47.224383
0.0,22,47.22511
0.0,27,47.225939
1.0,19,47.226544
1.0,52,47.228098
1.0,63,47.229987
0.0,5,47.230198
1.0,21,47.23086
0.0,28,47.231723
1.0,13,47.232172
0.0,12,47.232591
0.0,6,47.232824
0.0,35,47.233873
0.0,17,47.234424
0.0,34,47.235482
0.0,10,47.235836
1.0,15,47.236315
0.0,32,47.237313
0.0,28,47.238179
0.0,20,47.23882
0.0,16,47.239341
1.0,37,47.240474
0.0,13,47.240916
0.0,7,47.241175
0.0,10,47.24153
0.0,19,47.242155
0.0,19,47.242769
1.0,35,47.24382
0.0,11,47.2442
0.0,13,47.244658
0.0,8,47.24495
0.0,20,47.245585
0.0,15,47.246068
1.0,52,47.247649
0.0,49,47.249101
0.0,16,47.24966
0.0,14,47.250121
0.0,13,47.250564
0.0,4,47.250741
0.0,8,47.251028
0.0,6,47.251258
0.0,9,47.251595
0.0,6,47.251831
0.0,9,47.252162
0.0,15,47.252661
1.0,42,47.253914
0.0,10,47.254265
0.0,11,47.254695
0.0,29,47.255582
1.0,23,47.256283
1.0,50,47.257797
1.0,47,47.259197
0.0,7,47.259474
0.0,14,47.259954
0.0,46,47.261322
1.0,25,47.26212
0.0,8,47.26241
0.0,14,47.262881
0.0,26,47.263682
0.0,16,47.264218
0.0,6,47.264456
0.0,42,47.265715
1.0,26,47.266567
1.0,82,47.268991
0.0,8,47.269293
0.0,19,47.269916
0.0,21,47.270579
0.0,23,47.271294
1.0,14,47.271767
0.0,11,47.272156
0.0,8,47.272443
1.0,29,47.273327
0.0,11,47.273722
1.0,7,47.273987
0.0,4,47.274176
0.0,11,47.274575
1.0,32,47.27554
0.0,11,47.275912
0.0,7,47.276181
1.0,19,47.276801
0.0,53,47.278343
0.0,32,47.279351
0.0,19,47.279962
1.0,45,47.281307
1.0,22,47.282009
1.0,53,47.283583
0.0,8,47.28389
0.0,9,47.28421
0.0,15,47.284716
0.0,7,47.284977
0.0,30,47.285888
1.0,30,47.286839
0.0,4,47.287018
0.0,5,47.287222
0.0,20,47.287855
1.0,15,47.288337
1.0,52,47.289907
0.0,12,47.290307
0.0,34,47.291355
0.0,5,47.291575
0.0,14,47.292031
1.0,33,47.293023
0.0,27,47.293879
0.0,27,47.294727
0.0,89,47.297308
0.0,24,47.298059
0.0,11,47.298441
0.0,29,47.299353
1.0,28,47.300213
1.0,8,47.300514
1.0,45,47.301887
1.0,12,47.302289
0.0,5,47.302504
0.0,7,47.302765
0.0,9,47.303078
0.0,8,47.303375
0.0,25,47.304172
1.0,75,47.306393
1.0,19,47.307012
1.0,29,47.30791
1.0,11,47.308294
1.0,32,47.309579
1.0,70,47.311685
1.0,16,47.312238
0.0,18,47.312836
0.0,12,47.313242
0.0,5,47.313446
0.0,16,47.313963
1.0,39,47.31513
0.0,4,47.315307
0.0,9,47.315634
1.0,36,47.316771
0.0,11,47.317185
0.0,8,47.317471
0.0,15,47.319296
1.0,36,47.320389
0.0,9,47.320733
0.0,5,47.320939
1.0,25,47.321704
1.0,10,47.322047
0.0,24,47.322806
0.0,34,47.323848
0.0,5,47.324052
1.0,12,47.324447
0.0,10,47.324809
0.0,20,47.325435
0.0,29,47.326321
1.0,32,47.327286
0.0,4,47.327467
0.0,4,47.327655
0.0,11,47.328027
0.0,11,47.328413
0.0,28,47.329268
0.0,16,47.329788
0.0,6,47.330027
0.0,15,47.330545
0.0,13,47.330971
0.0,7,47.331228
0.0,24,47.331968
0.0,21,47.332643
0.0,6,47.332923
1.0,12,47.333324
0.0,8,47.333623
0.0,4,47.333798
0.0,13,47.334222
0.0,9,47.334558
0.0,8,47.334853
0.0,52,47.336396
0.0,21,47.337057
1.0,32,47.338061
0.0,15,47.338562
0.0,9,47.338876
1.0,30,47.339792
0.0,19,47.34041
1.0,10,47.340771
0.0,24,47.341512
1.0,20,47.342136
0.0,13,47.3426
0.0,28,47.34345
1.0,18,47.344023
1.0,21,47.344704
1.0,21,47.345381
0.0,36,47.346459
0.0,12,47.346869
0.0,20,47.347518
0.0,13,47.347964
1.0,18,47.348542
0.0,8,47.348829
1.0,34,47.349856
1.0,52,47.351397
1.0,52,47.352961
0.0,9,47.353283
0.0,15,47.353778
0.0,16,47.35429
1.0,22,47.35505
0.0,15,47.355568
0.0,23,47.356271
0.0,16,47.356792
0.0,11,47.357171
0.0,8,47.35746
0.0,18,47.358052
0.0,41,47.359272
0.0,15,47.359777
0.0,16,47.360312
0.0,29,47.361196
1.0,22,47.361885
1.0,11,47.362267
0.0,4,47.362446
0.0,4,47.362645
0.0,13,47.363074
0.0,9,47.363388
0.0,12,47.363798
0.0,42,47.365059
0.0,9,47.365397
0.0,24,47.366139
0.0,24,47.366918
0.0,7,47.367188
0.0,4,47.367364
0.0,26,47.36817
0.0,15,47.368666
1.0,7,47.368925
0.0,12,47.369321
1.0,34,47.370374
0.0,14,47.370848
0.0,8,47.371137
0.0,13,47.371572
0.0,12,47.371971
0.0,19,47.372591
0.0,33,47.373588
1.0,33,47.374599
0.0,27,47.375441
0.0,30,47.37635
1.0,10,47.376708
0.0,14,47.377172
0.0,15,47.377671
0.0,12,47.378073
1.0,31,47.379014
0.0,7,47.379274
0.0,13,47.379724
0.0,8,47.380015
0.0,11,47.380408
0.0,5,47.380628
0.0,26,47.381417
1.0,17,47.381977
0.0,7,47.382244
1.0,22,47.382976
0.0,47,47.38436
0.0,35,47.38545
0.0,34,47.38647
0.0,29,47.387378
1.0,26,47.388201
0.0,14,47.388671
0.0,12,47.38907
0.0,4,47.389245
0.0,9,47.389582
0.0,38,47.390743
0.0,27,47.39157
0.0,25,47.392347
0.0,11,47.392741
0.0,17,47.39328
0.0,17,47.393827
0.0,28,47.394703
0.0,18,47.395294
0.0,16,47.395816
1.0,53,47.397387
0.0,24,47.398158
0.0,4,47.398335
0.0,12,47.398749
0.0,7,47.39901
0.0,10,47.399358
0.0,19,47.399974
0.0,8,47.40028
0.0,4,47.400456
1.0,46,47.40182
1.0,39,47.403016
1.0,45,47.404354
0.0,25,47.4052
0.0,31,47.406161
0.0,49,47.407645
0.0,16,47.408157
0.0,6,47.408387
0.0,4,47.408736
0.0,25,47.409536
1.0,23,47.410264
0.0,18,47.410846
0.0,16,47.411355
1.0,11,47.411742
0.0,9,47.412065
0.0,4,47.412255
0.0,48,47.41368
0.0,31,47.41464
1.0,9,47.414975
1.0,64,47.416895
0.0,8,47.417192
0.0,4,47.41737
0.0,6,47.417632
1.0,16,47.418143
0.0,22,47.418833
0.0,22,47.419533
0.0,7,47.419811
0.0,23,47.420532
0.0,37,47.421649
0.0,17,47.422212
0.0,24,47.422968
0.0,8,47.423256
0.0,21,47.423915
0.0,5,47.424124
0.0,9,47.424445
1.0,21,47.42514
0.0,23,47.425862
1.0,11,47.426235
0.0,13,47.426687
0.0,5,47.426896
0.0,12,47.427313
0.0,5,47.427532
0.0,23,47.428238
1.0,39,47.429416
0.0,12,47.42985
1.0,19,47.430444
0.0,12,47.430859
0.0,9,47.431175
0.0,10,47.431531
1.0,10,47.431884
0.0,11,47.432278
1.0,11,47.432666
0.0,8,47.432954
0.0,7,47.433213
0.0,9,47.433539
1.0,24,47.43428
1.0,48,47.435744
0.0,22,47.436421
0.0,4,47.436619
1.0,58,47.438329
0.0,5,47.438549
0.0,5,47.438752
0.0,7,47.439016
0.0,10,47.439363
0.0,12,47.439794
0.0,6,47.440027
0.0,9,47.440343
1.0,60,47.442127
0.0,15,47.442634
1.0,8,47.442922
1.0,74,47.445104
0.0,7,47.44537
1.0,78,47.44768
0.0,32,47.448652
0.0,4,47.44883
0.0,20,47.449465
0.0,100,47.452419
0.0,5,47.452647
1.0,34,47.453666
0.0,8,47.453964
1.0,42,47.455263
1.0,23,47.455983
1.0,6,47.456217
1.0,83,47.458661
0.0,10,47.459023
1.0,35,47.460099
0.0,15,47.460598
0.0,45,47.461954
1.0,40,47.463151
1.0,7,47.463412
1.0,22,47.464115
0.0,9,47.464449
0.0,5,47.464679
0.0,39,47.465836
0.0,4,47.466012
0.0,14,47.466477
1.0,14,47.467007
0.0,7,47.467268
0.0,4,47.467443
0.0,17,47.467991
0.0,32,47.468969
0.0,37,47.470099
0.0,9,47.470416
0.0,38,47.471579
1.0,20,47.472229
0.0,29,47.473118
0.0,27,47.47396
0.0,43,47.475278
1.0,12,47.47569
0.0,4,47.475867
0.0,7,47.476124
1.0,25,47.476929
0.0,31,47.477875
0.0,25,47.478652
0.0,10,47.479005
0.0,11,47.479395
0.0,5,47.479617
0.0,12,47.480016
1.0,57,47.481704
0.0,24,47.482467
0.0,6,47.482743
0.0,5,47.482947
1.0,54,47.484554
0.0,4,47.484737
0.0,20,47.485378
1.0,29,47.486259
0.0,25,47.487052
0.0,16,47.487602
0.0,12,47.488002
0.0,28,47.488855
0.0,11,47.489233
0.0,9,47.489564
0.0,47,47.490975
0.0,28,47.491837
0.0,17,47.492397
0.0,8,47.492701
1.0,49,47.494148
0.0,25,47.494963
0.0,30,47.495877
0.0,19,47.496471
1.0,36,47.497594
1.0,26,47.498385
0.0,18,47.498965
0.0,7,47.499234
0.0,11,47.499634
0.0,9,47.499954
1.0,53,47.501518
0.0,9,47.501846
0.0,11,47.502236
1.0,52,47.503777
0.0,14,47.504242
1.0,79,47.506608
0.0,60,47.508389
0.0,19,47.509007
0.0,24,47.509776
0.0,18,47.510347
0.0,4,47.510537
0.0,8,47.510826
0.0,8,47.511111
1.0,15,47.511806
1.0,15,47.512315
0.0,17,47.51287
1.0,14,47.513323
1.0,7,47.513595
0.0,17,47.514139
0.0,8,47.514432
0.0,6,47.514701
0.0,11,47.51509
0.0,16,47.515609
0.0,10,47.51595
0.0,13,47.516373
0.0,5,47.516603
0.0,10,47.516991
0.0,11,47.517382
0.0,4,47.517571
1.0,26,47.518361
0.0,46,47.519745
1.0,34,47.520772
0.0,13,47.521197
0.0,7,47.521456
0.0,20,47.522113
0.0,9,47.522433
0.0,26,47.523232
0.0,5,47.523437
0.0,29,47.52433
0.0,9,47.524704
0.0,9,47.525024
0.0,9,47.52534
0.0,22,47.526026
1.0,29,47.526935
0.0,10,47.527284
0.0,22,47.527972
0.0,15,47.528451
1.0,16,47.528977
0.0,58,47.530707
0.0,7,47.53097
0.0,24,47.531722
1.0,20,47.532368
1.0,36,47.533446
0.0,15,47.533947
0.0,13,47.534394
0.0,23,47.535129
1.0,19,47.535734
0.0,9,47.536047
0.0,15,47.536552
0.0,18,47.53714
0.0,19,47.537743
0.0,5,47.537947
0.0,7,47.538203
0.0,9,47.53853
1.0,12,47.538936
1.0,22,47.539662
0.0,9,47.53998
0.0,21,47.540642
0.0,6,47.540874
0.0,11,47.541242
0.0,33,47.542266
0.0,5,47.542472
0.0,9,47.5428
0.0,9,47.543114
0.0,7,47.543372
0.0,20,47.544015
0.0,15,47.544525
1.0,38,47.545661
0.0,9,47.545975
0.0,10,47.546318
0.0,100,47.549285
0.0,12,47.549729
0.0,26,47.550524
1.0,20,47.551139
0.0,30,47.55208
0.0,27,47.552912
0.0,10,47.553255
0.0,26,47.554059
1.0,20,47.554731
0.0,20,47.555348
0.0,9,47.555674
0.0,27,47.556503
0.0,7,47.556771
0.0,18,47.557357
0.0,22,47.558044
0.0,11,47.558414
1.0,57,47.560121
1.0,23,47.560842
0.0,10,47.561186
0.0,9,47.561522
0.0,10,47.561883
0.0,13,47.562311
0.0,4,47.562486
0.0,5,47.562704
1.0,16,47.56321
1.0,23,47.563939
0.0,27,47.56482
1.0,14,47.565277
0.0,4,47.565453
0.0,17,47.565999
1.0,11,47.566376
1.0,37,47.567559
0.0,22,47.568233
0.0,14,47.568701
1.0,46,47.5701
0.0,22,47.570797
1.0,56,47.572459
0.0,23,47.57318
1.0,15,47.573675
0.0,29,47.574602
0.0,28,47.575445
0.0,31,47.576388
0.0,12,47.576807
0.0,4,47.577004
1.0,18,47.577581
0.0,22,47.578256
0.0,5,47.578459
0.0,10,47.578822
0.0,12,47.57924
1.0,25,47.580018
0.0,5,47.580222
0.0,5,47.580422
0.0,17,47.580972
0.0,7,47.581233
0.0,9,47.581569
0.0,36,47.58267
1.0,13,47.583098
0.0,28,47.583961
0.0,5,47.584181
0.0,15,47.584691
0.0,5,47.584896
0.0,15,47.585374
0.0,17,47.58592
0.0,23,47.586653
1.0,7,47.586917
0.0,19,47.587535
0.0,10,47.587877
0.0,12,47.588271
0.0,22,47.588969
0.0,53,47.590553
0.0,15,47.591034
0.0,18,47.591624
0.0,12,47.592038
0.0,12,47.592436
0.0,26,47.593232
0.0,6,47.593465
0.0,9,47.593797
0.0,12,47.594216
1.0,11,47.594616
0.0,6,47.594849
0.0,12,47.595244
0.0,4,47.595418
1.0,29,47.59631
1.0,33,47.597341
1.0,13,47.597781
0.0,7,47.598041
0.0,31,47.598988
0.0,8,47.599296
0.0,9,47.59963
0.0,6,47.599863
0.0,17,47.600397
0.0,35,47.601456
0.0,7,47.601744
0.0,5,47.601952
0.0,5,47.60216
0.0,31,47.603099
0.0,24,47.603854
0.0,29,47.604772
0.0,17,47.605309
1.0,17,47.605858
1.0,20,47.606503
0.0,32,47.607484
0.0,51,47.609002
0.0,7,47.60928
0.0,34,47.61031
0.0,14,47.610779
1.0,38,47.611952
0.0,21,47.612807
0.0,4,47.612985
0.0,10,47.613327
0.0,4,47.613513
0.0,12,47.613922
0.0,11,47.614299
0.0,17,47.614878
1.0,28,47.615736
0.0,10,47.616081
1.0,19,47.6167
1.0,51,47.618255
0.0,15,47.618765
0.0,27,47.619619
0.0,6,47.619852
1.0,60,47.621624
0.0,7,47.621909
0.0,10,47.622251
0.0,35,47.623298
0.0,13,47.623746
0.0,13,47.624191
1.0,26,47.625046
0.0,19,47.625655
1.0,44,47.626988
0.0,16,47.627513
0.0,5,47.627718
0.0,10,47.628061
0.0,14,47.628527
0.0,46,47.629915
0.0,12,47.630315
1.0,22,47.631009
0.0,6,47.631251
0.0,5,47.631457
0.0,7,47.631729
1.0,32,47.63272
0.0,25,47.633477
0.0,21,47.634164
0.0,10,47.634537
1.0,48,47.635948
0.0,15,47.636444
1.0,38,47.637622
0.0,66,47.639593
0.0,36,47.640678
0.0,7,47.640939
0.0,9,47.641263
1.0,31,47.642226
0.0,46,47.643597
0.0,10,47.64395
0.0,4,47.64414
0.0,22,47.644846
1.0,45,47.646187
0.0,36,47.647293
0.0,8,47.647595
0.0,10,47.647938
0.0,8,47.648225
0.0,11,47.648619
0.0,14,47.649081
0.0,31,47.650045
0.0,5,47.65025
1.0,66,47.652207
0.0,5,47.652417
0.0,9,47.652747
1.0,26,47.65355
0.0,34,47.654618
0.0,35,47.655671
0.0,19,47.656274
0.0,28,47.657155
0.0,6,47.657389
0.0,30,47.6583
0.0,19,47.658924
1.0,59,47.660685
0.0,6,47.660921
1.0,12,47.66133
1.0,31,47.662292
0.0,35,47.663348
1.0,45,47.664745
1.0,28,47.665603
0.0,23,47.666321
0.0,8,47.66663
1.0,6,47.666867
0.0,23,47.667619
1.0,14,47.668073
0.0,29,47.668992
0.0,10,47.669344
0.0,6,47.66959
0.0,9,47.669907
0.0,7,47.670166
0.0,19,47.670769
1.0,37,47.671912
0.0,67,47.673887
0.0,17,47.674449
0.0,31,47.675399
0.0,21,47.676073
0.0,32,47.677059
1.0,74,47.679245
1.0,16,47.679776
0.0,8,47.680063
0.0,10,47.680403
1.0,34,47.681444
0.0,25,47.68225
0.0,6,47.682483
0.0,6,47.682728
0.0,8,47.683015
0.0,17,47.683573
0.0,21,47.684247
0.0,23,47.684977
0.0,4,47.685153
1.0,60,47.686935
0.0,19,47.687548
1.0,94,47.690284
0.0,15,47.690785
0.0,8,47.691084
0.0,10,47.691444
0.0,37,47.692583
0.0,8,47.692872
1.0,36,47.69396
0.0,4,47.694139
0.0,29,47.695049
0.0,8,47.695338
0.0,12,47.695746
1.0,19,47.696353
0.0,8,47.696663
0.0,14,47.697125
0.0,4,47.6973
0.0,16,47.697822
0.0,27,47.698664
0.0,7,47.698943
1.0,41,47.700158
0.0,39,47.701334
0.0,6,47.701597
0.0,13,47.702027
0.0,35,47.703076
1.0,12,47.703485
0.0,21,47.704173
0.0,19,47.704794
0.0,8,47.705082
1.0,18,47.705656
0.0,71,47.707741
0.0,18,47.70831
1.0,24,47.709074
1.0,62,47.710911
0.0,4,47.711097
1.0,15,47.711614
0.0,4,47.711795
1.0,40,47.712984
0.0,19,47.713602
0.0,4,47.713782
0.0,14,47.714255
0.0,15,47.714761
0.0,28,47.715614
0.0,14,47.716083
0.0,7,47.716348
0.0,13,47.716798
0.0,9,47.717148
0.0,23,47.717867
0.0,5,47.718073
0.0,25,47.718866
0.0,6,47.71912
0.0,14,47.719756
0.0,25,47.720528
0.0,33,47.721534
0.0,43,47.722807
0.0,19,47.723406
0.0,14,47.723891
0.0,13,47.724323
0.0,38,47.725456
0.0,24,47.726209
0.0,8,47.726515
0.0,6,47.726763
0.0,24,47.7275
0.0,11,47.72787
0.0,37,47.729001
0.0,24,47.72975
0.0,6,47.72998
0.0,12,47.730375
0.0,47,47.731809
0.0,100,47.734744
0.0,9,47.735068
0.0,9,47.735381
0.0,9,47.73571
1.0,25,47.73651
0.0,10,47.736857
0.0,8,47.737142
0.0,24,47.737884
1.0,43,47.739187
0.0,10,47.73955
0.0,37,47.740643
0.0,17,47.741194
1.0,16,47.741736
1.0,54,47.74332
1.0,33,47.744346
1.0,32,47.745321
0.0,31,47.746276
0.0,23,47.747017
1.0,19,47.747624
1.0,30,47.748538
0.0,10,47.748885
0.0,6,47.749132
0.0,9,47.749445
0.0,19,47.750046
0.0,4,47.750222
1.0,44,47.751567
0.0,18,47.752134
0.0,5,47.752337
0.0,7,47.752605
0.0,11,47.752973
0.0,5,47.753177
1.0,8,47.753473
0.0,13,47.753937
1.0,54,47.755518
0.0,21,47.75618
1.0,12,47.756614
0.0,22,47.757287
0.0,9,47.757613
1.0,13,47.758038
0.0,5,47.75825
0.0,10,47.758625
0.0,17,47.759167
0.0,18,47.759743
1.0,54,47.761351
1.0,27,47.762186
0.0,13,47.762628
0.0,21,47.763286
0.0,5,47.763503
0.0,15,47.764008
0.0,12,47.764406
0.0,9,47.764743
0.0,14,47.765197
0.0,32,47.766177
1.0,29,47.767085
0.0,28,47.767976
0.0,45,47.769339
0.0,16,47.769863
1.0,43,47.771147
0.0,27,47.772
0.0,10,47.772342
0.0,14,47.772814
0.0,10,47.773167
0.0,4,47.773345
0.0,37,47.774468
0.0,29,47.775353
0.0,16,47.775887
0.0,11,47.77628
1.0,29,47.777163
0.0,23,47.777881
0.0,88,47.780427
0.0,5,47.78066
1.0,13,47.781091
0.0,29,47.781996
0.0,8,47.782285
0.0,7,47.782557
1.0,30,47.783466
0.0,35,47.784556
0.0,18,47.785153
0.0,27,47.785994
0.0,23,47.786736
0.0,11,47.787106
0.0,4,47.787282
0.0,34,47.788314
0.0,16,47.78885
1.0,69,47.790866
0.0,34,47.791908
0.0,28,47.792763
1.0,42,47.794054
0.0,8,47.794344
1.0,8,47.794654
0.0,24,47.795389
0.0,31,47.796359
0.0,27,47.79719
0.0,47,47.798619
1.0,34,47.79964
0.0,8,47.799929
0.0,31,47.800898
0.0,30,47.801814
0.0,21,47.802459
0.0,4,47.802645
1.0,37,47.803797
0.0,13,47.804226
0.0,22,47.80492
1.0,18,47.805503
0.0,12,47.805909
1.0,42,47.807171
1.0,34,47.808217
0.0,19,47.80883
0.0,11,47.8092
1.0,18,47.809774
1.0,44,47.811106
0.0,18,47.811685
1.0,22,47.812356
0.0,5,47.812575
0.0,40,47.813792
1.0,13,47.814222
0.0,30,47.815144
0.0,4,47.815329
1.0,34,47.816376
0.0,11,47.816764
0.0,11,47.817134
1.0,59,47.818938
1.0,26,47.819753
0.0,8,47.820045
0.0,45,47.8214
0.0,18,47.821978
0.0,16,47.822501
1.0,48,47.823946
0.0,9,47.824263
1.0,78,47.826569
1.0,18,47.827137
0.0,15,47.82764
0.0,41,47.828881
1.0,53,47.830449
0.0,10,47.830828
0.0,20,47.831449
1.0,24,47.832373
0.0,6,47.832634
1.0,20,47.833282
1.0,48,47.834717
0.0,8,47.835012
0.0,26,47.835824
0.0,9,47.836141
0.0,7,47.8364
0.0,36,47.837481
0.0,21,47.83817
0.0,8,47.83846
1.0,49,47.839913
0.0,9,47.84024
0.0,7,47.840529
0.0,28,47.841378
0.0,14,47.841845
1.0,13,47.84227
0.0,17,47.842835
0.0,25,47.843627
1.0,66,47.845578
0.0,17,47.846127
0.0,9,47.84644
0.0,17,47.846991
1.0,10,47.847335
0.0,7,47.847615
1.0,31,47.848584
0.0,6,47.848818
0.0,39,47.849989
0.0,14,47.850465
0.0,16,47.85101
0.0,27,47.851837
1.0,9,47.852153
0.0,14,47.852635
1.0,31,47.853598
0.0,67,47.855587
0.0,41,47.856817
0.0,25,47.857603
1.0,36,47.858712
0.0,7,47.858974
1.0,59,47.860721
0.0,10,47.861069
0.0,21,47.861728
0.0,10,47.862071
0.0,5,47.862274
1.0,7,47.862558
0.0,14,47.863037
0.0,23,47.863756
0.0,19,47.864351
0.0,10,47.864718
0.0,40,47.86594
0.0,10,47.866284
0.0,5,47.866486
0.0,8,47.866788
1.0,13,47.867215
0.0,14,47.867735
0.0,16,47.86827
0.0,6,47.868516
0.0,8,47.868804
0.0,15,47.869283
0.0,4,47.869457
1.0,18,47.870043
0.0,19,47.870678
0.0,12,47.871079
0.0,4,47.871253
0.0,5,47.871457
0.0,6,47.871697
1.0,28,47.872564
0.0,14,47.873044
0.0,27,47.873876
0.0,23,47.874608
0.0,5,47.874821
0.0,15,47.875308
1.0,48,47.876756
1.0,25,47.877544
0.0,9,47.877866
0.0,10,47.878224
0.0,9,47.878553
0.0,11,47.878924
0.0,10,47.879265
1.0,20,47.879911
1.0,21,47.880604
0.0,13,47.881031
1.0,44,47.882338
0.0,24,47.883107
0.0,10,47.883452
0.0,48,47.884894
0.0,14,47.885371
0.0,5,47.885592
1.0,24,47.886322
1.0,14,47.886793
1.0,32,47.887786
0.0,23,47.888509
1.0,21,47.889159
0.0,12,47.88957
0.0,21,47.890236
0.0,27,47.891086
0.0,8,47.891375
1.0,24,47.892127
0.0,7,47.892395
0.0,19,47.893028
0.0,14,47.893483
1.0,11,47.89387
0.0,9,47.894186
0.0,15,47.894701
0.0,100,47.897666
0.0,27,47.898502
0.0,11,47.898875
0.0,17,47.899411
0.0,17,47.899974
0.0,14,47.900453
1.0,46,47.901819
0.0,14,47.902285
0.0,11,47.902675
1.0,9,47.903008
0.0,9,47.903326
1.0,43,47.904633
0.0,6,47.90487
0.0,30,47.905803
0.0,27,47.906635
0.0,14,47.907099
0.0,7,47.90736
0.0,54,47.908968
1.0,77,47.911236
0.0,19,47.911847
0.0,9,47.912175
1.0,24,47.912963
1.0,33,47.913962
0.0,27,47.914813
0.0,28,47.915696
0.0,12,47.916098
0.0,22,47.916791
0.0,7,47.917059
0.0,24,47.917854
0.0,14,47.91831
0.0,11,47.918695
1.0,14,47.919151
0.0,5,47.919353
0.0,8,47.919662
0.0,12,47.920067
0.0,4,47.920264
0.0,5,47.920469
1.0,64,47.92236
0.0,18,47.922981
0.0,18,47.923561
0.0,5,47.923765
0.0,11,47.924135
1.0,41,47.925403
1.0,70,47.927482
0.0,19,47.928117
1.0,40,47.929314
0.0,18,47.929922
0.0,12,47.930329
0.0,15,47.93083
0.0,9,47.931146
0.0,18,47.931726
0.0,22,47.932663
1.0,36,47.93374
0.0,10,47.934086
0.0,15,47.934711
0.0,9,47.935048
0.0,4,47.935226
1.0,35,47.93627
1.0,58,47.937987
0.0,32,47.93896
1.0,24,47.939711
0.0,33,47.940731
0.0,12,47.941128
1.0,83,47.943565
0.0,10,47.943913
0.0,19,47.944533
0.0,9,47.944853
0.0,12,47.945268
1.0,24,47.946006
1.0,17,47.94659
0.0,11,47.946972
1.0,29,47.947878
0.0,36,47.948955
0.0,4,47.949132
1.0,86,47.951643
0.0,13,47.952087
0.0,5,47.952303
1.0,39,47.953466
1.0,20,47.954095
1.0,73,47.956242
0.0,13,47.956694
1.0,31,47.957656
0.0,14,47.95811
0.0,64,47.960006
0.0,12,47.960405
0.0,12,47.960817
0.0,12,47.961214
0.0,11,47.961603
1.0,38,47.962765
0.0,22,47.963442
0.0,8,47.963738
0.0,7,47.963999
0.0,8,47.964293
0.0,43,47.965611
0.0,30,47.966522
0.0,8,47.966817
0.0,10,47.967162
1.0,41,47.968427
0.0,11,47.968814
0.0,12,47.969222
1.0,38,47.970374
0.0,5,47.970595
0.0,5,47.970798
0.0,12,47.971194
0.0,21,47.971866
0.0,7,47.97214
0.0,9,47.972456
0.0,19,47.973057
0.0,7,47.973316
0.0,18,47.973896
0.0,16,47.974434
0.0,14,47.974933
0.0,23,47.975653
0.0,16,47.97616
0.0,9,47.976474
0.0,10,47.97684
0.0,26,47.97766
0.0,21,47.978304
0.0,8,47.978606
1.0,8,47.978895
0.0,25,47.979691
1.0,15,47.980179
0.0,5,47.980381
1.0,20,47.981015
0.0,8,47.981303
1.0,29,47.982218
0.0,26,47.983022
0.0,13,47.983447
0.0,19,47.984059
1.0,13,47.984511
1.0,19,47.985129
1.0,29,47.986006
1.0,23,47.986735
0.0,15,47.987242
0.0,5,47.987444
0.0,16,47.987963
0.0,25,47.988734
0.0,5,47.988946
0.0,13,47.989374
0.0,12,47.989791
0.0,6,47.990024
0.0,24,47.990764
0.0,7,47.991026
1.0,21,47.991695
1.0,7,47.991973
0.0,20,47.992615
0.0,48,47.994026
0.0,9,47.99436
0.0,13,47.994832
0.0,46,47.996179
1.0,27,47.997038
0.0,4,47.997218
0.0,18,47.997795
0.0,18,47.998357
0.0,37,47.999502
0.0,13,47.99995
0.0,10,48.000293
0.0,33,48.001289
0.0,21,48.001978
0.0,10,48.002326
1.0,25,48.00315
0.0,8,48.003436
1.0,10,48.003799
0.0,18,48.00437
0.0,17,48.004947
0.0,8,48.005236
0.0,13,48.005673
1.0,12,48.00607
0.0,8,48.006366
1.0,24,48.007135
0.0,15,48.007632
0.0,18,48.008195
0.0,16,48.008721
0.0,4,48.0089
1.0,12,48.009315
0.0,4,48.009505
0.0,5,48.00971
0.0,4,48.009886
1.0,39,48.011048
0.0,66,48.013009
0.0,9,48.013327
0.0,20,48.013975
0.0,19,48.014612
0.0,20,48.015233
0.0,14,48.015701
1.0,15,48.016193
0.0,13,48.016636
1.0,39,48.017857
1.0,86,48.020372
0.0,8,48.020676
0.0,10,48.021022
0.0,6,48.02126
0.0,30,48.022216
0.0,25,48.022985
0.0,18,48.023569
0.0,9,48.023891
1.0,18,48.024469
1.0,32,48.025439
0.0,18,48.026025
0.0,9,48.026347
0.0,38,48.027524
1.0,15,48.028006
0.0,22,48.028705
0.0,15,48.029213
0.0,11,48.029601
0.0,6,48.029834
0.0,33,48.030822
0.0,11,48.031204
1.0,24,48.031973
0.0,8,48.032445
0.0,31,48.033393
0.0,8,48.033703
0.0,48,48.035146
0.0,14,48.035617
0.0,9,48.035943
1.0,39,48.037133
0.0,8,48.037423
0.0,7,48.037697
1.0,16,48.038209
0.0,41,48.039459
0.0,18,48.04004
0.0,9,48.040356
1.0,13,48.040804
0.0,27,48.041665
0.0,5,48.041871
0.0,16,48.042381
0.0,8,48.04268
0.0,12,48.043079
0.0,14,48.04356
0.0,4,48.043751
0.0,12,48.044154
0.0,11,48.044547
1.0,6,48.044782
0.0,11,48.045152
0.0,46,48.046555
0.0,13,48.046985
0.0,9,48.047299
1.0,37,48.048419
0.0,8,48.04874
1.0,27,48.049575
1.0,35,48.050627
0.0,15,48.051132
1.0,65,48.053036
0.0,47,48.054466
0.0,5,48.054691
1.0,16,48.055201
0.0,9,48.055532
0.0,13,48.055971
1.0,30,48.056906
0.0,10,48.05725
0.0,16,48.057773
0.0,10,48.058128
0.0,18,48.058744
1.0,37,48.059854
0.0,13,48.060282
0.0,18,48.060874
0.0,52,48.062429
0.0,70,48.064538
0.0,11,48.064915
0.0,10,48.065256
1.0,42,48.066556
0.0,13,48.066987
0.0,18,48.067569
0.0,12,48.068015
0.0,24,48.068767
0.0,5,48.068972
0.0,38,48.070107
0.0,23,48.070853
0.0,28,48.071716
1.0,23,48.072419
1.0,64,48.074306
0.0,30,48.075228
0.0,16,48.075768
1.0,99,48.078686
0.0,5,48.078898
0.0,6,48.07913
0.0,8,48.079414
0.0,6,48.079662
1.0,100,48.082594
0.0,26,48.08342
0.0,23,48.084146
0.0,13,48.084595
1.0,88,48.093375
0.0,33,48.094448
0.0,4,48.094679
0.0,22,48.095389
1.0,41,48.096639
0.0,20,48.097265
1.0,15,48.097781
0.0,6,48.098019
1.0,17,48.098571
0.0,6,48.098804
0.0,20,48.099419
0.0,21,48.100099
0.0,71,48.102203
0.0,7,48.102471
0.0,5,48.102688
0.0,61,48.104511
1.0,8,48.10481
1.0,6,48.105045
0.0,10,48.105409
0.0,5,48.105626
0.0,7,48.105916
0.0,18,48.106478
0.0,7,48.106753
0.0,9,48.107074
1.0,25,48.107892
0.0,5,48.108101
0.0,16,48.108628
0.0,5,48.108833
0.0,16,48.10934
0.0,4,48.109536
1.0,40,48.110759
0.0,23,48.111471
1.0,13,48.111908
0.0,10,48.112263
1.0,18,48.112881
0.0,11,48.113256
1.0,24,48.114003
0.0,30,48.114943
0.0,27,48.115798
0.0,15,48.116279
0.0,7,48.116552
0.0,20,48.117182
0.0,14,48.117687
0.0,26,48.118521
1.0,26,48.119313
0.0,24,48.120089
1.0,16,48.12062
0.0,17,48.12116
1.0,17,48.121711
1.0,19,48.12233
1.0,10,48.122695
0.0,77,48.124967
0.0,7,48.125235
0.0,14,48.1257
0.0,5,48.125905
1.0,33,48.126912
0.0,7,48.127179
0.0,7,48.12746
0.0,9,48.127786
1.0,16,48.128295
0.0,4,48.12847
0.0,40,48.1297
1.0,45,48.131035
1.0,20,48.131678
0.0,32,48.132658
0.0,42,48.133928
1.0,28,48.134807
0.0,14,48.135269
0.0,23,48.136004
1.0,40,48.137207
0.0,13,48.137663
0.0,21,48.138316
0.0,36,48.139392
0.0,13,48.139845
1.0,20,48.140503
1.0,14,48.140961
1.0,64,48.142884
0.0,58,48.144607
0.0,15,48.145115
0.0,37,48.14623
0.0,11,48.146801
0.0,14,48.147267
0.0,7,48.147542
0.0,24,48.148277
0.0,23,48.148993
1.0,7,48.149254
0.0,9,48.149596
1.0,20,48.150244
0.0,12,48.150658
0.0,13,48.151082
0.0,10,48.151421
0.0,11,48.151803
0.0,11,48.152181
0.0,23,48.152938
0.0,18,48.153513
1.0,36,48.154609
1.0,39,48.155793
0.0,18,48.156358
0.0,4,48.156548
0.0,8,48.15684
0.0,10,48.157191
0.0,6,48.157424
1.0,13,48.157864
1.0,14,48.158316
1.0,13,48.158755
0.0,11,48.159126
1.0,10,48.159479
0.0,20,48.160135
0.0,12,48.160547
0.0,17,48.161081
1.0,11,48.161448
0.0,23,48.162174
0.0,13,48.162635
0.0,24,48.163364
0.0,7,48.163635
0.0,37,48.164756
0.0,4,48.164948
0.0,56,48.166591
0.0,8,48.166889
0.0,7,48.16715
0.0,6,48.167393
1.0,18,48.168009
0.0,8,48.168296
0.0,20,48.16893
0.0,18,48.169514
0.0,5,48.169735
0.0,10,48.170081
0.0,9,48.170395
0.0,10,48.170751
0.0,72,48.172864
1.0,14,48.173326
0.0,28,48.174189
1.0,41,48.175439
0.0,18,48.176016
0.0,27,48.176856
0.0,25,48.177651
1.0,33,48.178646
0.0,13,48.179074
0.0,13,48.179521
0.0,10,48.179885
0.0,8,48.180172
1.0,15,48.180667
0.0,5,48.180871
1.0,27,48.181704
0.0,13,48.182152
0.0,6,48.182385
0.0,9,48.182715
0.0,16,48.183223
0.0,23,48.183939
0.0,7,48.184208
0.0,12,48.184634
1.0,25,48.185394
0.0,13,48.185832
1.0,11,48.186201
1.0,15,48.186708
0.0,36,48.187811
0.0,33,48.188803
0.0,6,48.189044
1.0,50,48.190527
0.0,12,48.190928
0.0,11,48.191296
0.0,18,48.191885
0.0,21,48.192567
0.0,7,48.192828
1.0,36,48.1939
0.0,26,48.194761
0.0,16,48.195274
0.0,8,48.195574
0.0,27,48.196388
0.0,5,48.196613
0.0,15,48.197117
0.0,52,48.198654
0.0,53,48.20025
0.0,23,48.200969
0.0,8,48.201257
1.0,87,48.203808
0.0,6,48.204057
1.0,14,48.204556
0.0,23,48.205257
0.0,21,48.205914
0.0,9,48.206231
1.0,12,48.206659
0.0,6,48.206907
1.0,26,48.207706
0.0,27,48.208532
0.0,23,48.209251
0.0,24,48.210016
0.0,7,48.210275
0.0,18,48.210852
0.0,10,48.211196
0.0,6,48.211435
0.0,36,48.212549
0.0,12,48.212948
1.0,52,48.214513
1.0,18,48.215079
1.0,16,48.215597
0.0,8,48.215886
0.0,12,48.216296
1.0,38,48.217461
0.0,34,48.218525
0.0,20,48.219175
0.0,21,48.219842
0.0,40,48.221029
0.0,38,48.222192
0.0,6,48.222429
1.0,28,48.223281
0.0,7,48.223555
0.0,18,48.224146
1.0,20,48.2248
0.0,35,48.225847
1.0,38,48.227018
1.0,26,48.227818
0.0,10,48.228161
0.0,11,48.228546
1.0,25,48.229319
0.0,15,48.229834
0.0,34,48.230854
1.0,33,48.231878
0.0,16,48.232392
0.0,35,48.233438
0.0,10,48.233804
0.0,6,48.234055
1.0,27,48.234898
0.0,7,48.23516
0.0,10,48.235511
0.0,16,48.236021
0.0,11,48.236402
1.0,33,48.237422
0.0,16,48.237944
0.0,45,48.239306
0.0,6,48.239556
0.0,45,48.240886
0.0,14,48.241351
0.0,28,48.242213
0.0,6,48.242446
0.0,8,48.242746
0.0,7,48.243006
0.0,7,48.243264
0.0,21,48.243954
0.0,12,48.24436
1.0,55,48.245987
0.0,18,48.246576
1.0,31,48.247718
0.0,18,48.248283
1.0,21,48.248963
0.0,36,48.250067
0.0,11,48.250439
0.0,14,48.250908
0.0,9,48.251233
0.0,22,48.251942
0.0,10,48.252287
0.0,17,48.252867
1.0,46,48.254257
0.0,9,48.254632
0.0,16,48.255141
1.0,41,48.256367
0.0,17,48.256929
0.0,10,48.257274
1.0,13,48.25771
0.0,8,48.257997
1.0,26,48.258824
0.0,11,48.259202
0.0,10,48.259557
0.0,9,48.259873
0.0,20,48.260502
0.0,6,48.260738
0.0,16,48.261272
0.0,15,48.261773
0.0,4,48.26195
0.0,16,48.262458
0.0,11,48.26284
0.0,27,48.263681
0.0,22,48.264384
0.0,41,48.265619
0.0,10,48.265976
0.0,6,48.266213
0.0,4,48.266389
0.0,15,48.266905
0.0,16,48.267416
0.0,14,48.267882
0.0,52,48.26948
0.0,36,48.270576
0.0,9,48.270901
0.0,4,48.271079
1.0,39,48.272267
1.0,9,48.2726
0.0,4,48.272778
0.0,18,48.273351
0.0,22,48.274069
0.0,11,48.274441
0.0,8,48.274752
0.0,12,48.275152
0.0,26,48.275967
0.0,37,48.277102
1.0,17,48.277659
1.0,15,48.278149
0.0,6,48.278387
0.0,18,48.278992
0.0,20,48.279628
0.0,15,48.280113
0.0,14,48.280583
0.0,18,48.281178
0.0,8,48.281471
0.0,28,48.282326
0.0,4,48.282515
0.0,13,48.282943
0.0,14,48.283411
0.0,51,48.28496
0.0,23,48.285691
0.0,12,48.286097
0.0,11,48.286505
0.0,10,48.286851
0.0,44,48.288157
0.0,7,48.288421
0.0,18,48.289039
1.0,44,48.290348
1.0,17,48.290919
0.0,17,48.291484
0.0,7,48.291758
0.0,25,48.292533
0.0,51,48.29408
0.0,16,48.294619
0.0,12,48.295018
0.0,22,48.295718
1.0,11,48.296098
0.0,40,48.297314
0.0,18,48.297895
1.0,94,48.30066
0.0,21,48.301338
1.0,37,48.302447
0.0,11,48.302835
1.0,28,48.303734
1.0,52,48.305268
0.0,17,48.305836
0.0,22,48.306551
0.0,21,48.3072
0.0,53,48.308813
0.0,20,48.30944
1.0,28,48.310299
0.0,7,48.310585
0.0,9,48.310922
0.0,4,48.3111
1.0,21,48.311765
0.0,10,48.312111
1.0,16,48.312634
1.0,20,48.31327
1.0,48,48.31473
0.0,24,48.315472
1.0,7,48.315749
0.0,40,48.316958
0.0,24,48.317704
1.0,15,48.318238
0.0,8,48.318546
0.0,6,48.318782
0.0,33,48.319774
0.0,7,48.320034
0.0,8,48.320323
1.0,31,48.321306
1.0,39,48.322473
0.0,4,48.322659
1.0,22,48.323346
0.0,33,48.324366
0.0,4,48.324564
0.0,6,48.324795
0.0,7,48.325052
1.0,13,48.325496
0.0,6,48.325742
0.0,8,48.326049
1.0,62,48.327885
0.0,20,48.328548
0.0,6,48.328783
1.0,81,48.331168
0.0,91,48.333849
0.0,15,48.334338
1.0,32,48.335354
0.0,16,48.335903
0.0,30,48.336818
0.0,5,48.337022
0.0,9,48.337334
0.0,10,48.337697
0.0,64,48.339597
1.0,63,48.341456
1.0,11,48.341843
0.0,5,48.342048
1.0,70,48.344124
0.0,15,48.344636
0.0,30,48.345578
0.0,23,48.346291
0.0,15,48.346786
0.0,10,48.34713
0.0,19,48.347749
0.0,18,48.348341
1.0,47,48.349748
1.0,25,48.350536
0.0,9,48.351048
0.0,10,48.351391
1.0,57,48.353086
0.0,24,48.353838
1.0,14,48.35429
0.0,13,48.354737
0.0,13,48.355174
1.0,13,48.35562
0.0,11,48.356013
0.0,12,48.35641
0.0,6,48.356651
0.0,9,48.356964
1.0,16,48.357472
0.0,29,48.358387
1.0,14,48.358854
0.0,26,48.359658
1.0,20,48.360287
0.0,9,48.36062
0.0,9,48.360955
0.0,13,48.361378
0.0,31,48.362312
0.0,8,48.362623
0.0,8,48.362927
0.0,8,48.363219
0.0,8,48.363518
0.0,8,48.363806
0.0,7,48.364062
1.0,32,48.365039
0.0,10,48.365389
0.0,4,48.365581
0.0,16,48.366092
1.0,18,48.366664
0.0,46,48.368025
0.0,4,48.368243
0.0,6,48.368474
1.0,19,48.36908
1.0,48,48.37053
1.0,17,48.371094
0.0,9,48.371409
0.0,7,48.371681
1.0,17,48.372216
0.0,16,48.372752
0.0,50,48.374234
1.0,23,48.374966
0.0,11,48.375346
0.0,37,48.376462
0.0,29,48.377339
0.0,35,48.378422
0.0,17,48.378974
0.0,34,48.379998
0.0,16,48.380528
0.0,23,48.381231
0.0,7,48.381499
0.0,24,48.382226
0.0,8,48.382537
1.0,23,48.383266
0.0,54,48.384868
0.0,14,48.385345
0.0,13,48.385789
0.0,8,48.386078
0.0,26,48.386875
0.0,33,48.387883
1.0,18,48.388472
0.0,18,48.389049
1.0,67,48.391036
0.0,5,48.391246
1.0,39,48.392409
0.0,23,48.393155
1.0,70,48.395205
0.0,7,48.395484
0.0,100,48.398406
0.0,6,48.39866
1.0,15,48.39914
1.0,26,48.399946
1.0,47,48.401356
0.0,5,48.401574
1.0,20,48.402191
0.0,8,48.402488
0.0,75,48.40471
0.0,13,48.405149
0.0,18,48.405738
0.0,11,48.406113
0.0,12,48.406522
0.0,6,48.406753
0.0,4,48.406927
0.0,12,48.407326
0.0,10,48.407689
0.0,29,48.408599
0.0,5,48.408803
0.0,24,48.40954
0.0,16,48.410091
0.0,30,48.411026
0.0,14,48.411479
1.0,17,48.412028
0.0,7,48.412289
0.0,87,48.414856
0.0,9,48.415183
0.0,41,48.416413
0.0,9,48.416744
1.0,50,48.41827
1.0,20,48.418907
0.0,4,48.419084
0.0,5,48.419285
0.0,8,48.419583
0.0,4,48.41976
0.0,4,48.419943
0.0,6,48.420176
1.0,25,48.420971
0.0,11,48.421343
0.0,21,48.422001
1.0,23,48.42275
0.0,5,48.422957
0.0,20,48.423592
0.0,29,48.424453
0.0,20,48.425107
0.0,10,48.425472
0.0,34,48.426499
0.0,17,48.427039
0.0,5,48.427243
0.0,8,48.427551
0.0,13,48.427998
0.0,10,48.428341
0.0,12,48.428754
0.0,15,48.429233
0.0,20,48.429874
0.0,5,48.430081
1.0,37,48.431213
0.0,13,48.431652
0.0,19,48.432243
0.0,8,48.432554
0.0,11,48.432928
0.0,9,48.433255
0.0,19,48.433859
0.0,5,48.434062
0.0,5,48.434263
0.0,4,48.434436
0.0,25,48.43525
0.0,22,48.435944
0.0,16,48.43645
0.0,11,48.436832
0.0,5,48.437037
0.0,29,48.437933
1.0,28,48.438812
0.0,17,48.43935
1.0,19,48.439965
1.0,28,48.440848
1.0,28,48.441707
1.0,33,48.442729
0.0,20,48.443354
0.0,10,48.443708
0.0,33,48.444715
0.0,4,48.444901
0.0,26,48.445724
1.0,23,48.446428
0.0,6,48.446674
0.0,11,48.447045
0.0,14,48.447521
0.0,15,48.448026
0.0,6,48.448259
0.0,21,48.448923
0.0,10,48.449268
0.0,7,48.449538
1.0,23,48.450254
1.0,59,48.452002
0.0,15,48.452725
0.0,9,48.453049
0.0,5,48.453253
0.0,4,48.453427
1.0,61,48.455251
0.0,37,48.456367
0.0,4,48.456561
1.0,17,48.457101
0.0,23,48.457848
0.0,6,48.458086
1.0,12,48.458486
1.0,19,48.459092
0.0,24,48.459843
0.0,19,48.460461
1.0,14,48.460928
0.0,25,48.461702
1.0,23,48.462419
0.0,21,48.463109
0.0,12,48.463523
0.0,33,48.464523
0.0,11,48.464906
0.0,14,48.465379
0.0,22,48.466074
1.0,20,48.466708
0.0,12,48.467109
0.0,11,48.467497
0.0,13,48.467949
0.0,37,48.469098
1.0,18,48.469683
0.0,7,48.46995
0.0,25,48.470751
0.0,63,48.472605
0.0,10,48.472972
0.0,6,48.473207
1.0,75,48.475428
0.0,9,48.475763
0.0,10,48.476107
0.0,5,48.476313
0.0,14,48.476782
0.0,6,48.477015
1.0,16,48.477546
0.0,21,48.478221
0.0,33,48.479217
1.0,47,48.48065
0.0,13,48.481083
0.0,14,48.481546
1.0,23,48.482252
0.0,52,48.483824
0.0,27,48.484667
0.0,6,48.484909
1.0,31,48.485872
0.0,28,48.486731
0.0,8,48.487019
0.0,9,48.487342
0.0,33,48.48836
0.0,29,48.489248
1.0,83,48.491699
1.0,20,48.492335
1.0,41,48.493589
1.0,10,48.493935
1.0,74,48.49613
0.0,9,48.496451
0.0,11,48.496836
1.0,17,48.497385
0.0,7,48.497661
0.0,12,48.498081
0.0,21,48.498745
0.0,17,48.499281
0.0,20,48.499924
0.0,8,48.500217
0.0,12,48.500653
0.0,22,48.501329
0.0,6,48.501572
0.0,37,48.502706
0.0,31,48.503649
0.0,7,48.503908
0.0,11,48.504277
0.0,34,48.505341
1.0,56,48.507
1.0,52,48.508578
0.0,10,48.508927
0.0,30,48.509851
0.0,13,48.5103
1.0,15,48.510806
0.0,23,48.511521
0.0,10,48.511866
0.0,24,48.512631
0.0,16,48.513166
0.0,19,48.513773
0.0,5,48.513977
1.0,41,48.515226
1.0,57,48.516935
0.0,9,48.517262
0.0,21,48.517951
1.0,24,48.518739
0.0,13,48.519166
1.0,8,48.519452
0.0,10,48.519815
0.0,5,48.520022
0.0,13,48.52047
0.0,10,48.520827
0.0,8,48.521112
1.0,30,48.522022
0.0,10,48.522375
1.0,38,48.523554
1.0,15,48.52404
0.0,37,48.52517
0.0,25,48.525968
0.0,35,48.527017
0.0,32,48.528017
0.0,24,48.528767
1.0,52,48.530326
0.0,18,48.530919
1.0,36,48.531995
0.0,7,48.532264
1.0,16,48.532812
0.0,21,48.533464
0.0,18,48.534044
0.0,17,48.53461
0.0,5,48.534822
0.0,18,48.535409
0.0,5,48.535626
0.0,24,48.536358
0.0,9,48.536688
0.0,18,48.537262
0.0,6,48.537508
0.0,59,48.539252
1.0,50,48.540775
0.0,15,48.541261
0.0,15,48.541754
1.0,64,48.543666
0.0,43,48.544966
0.0,15,48.545466
0.0,65,48.547376
0.0,15,48.547883
0.0,23,48.548607
0.0,6,48.54884
0.0,24,48.549592
0.0,13,48.550041
0.0,28,48.550905
0.0,22,48.551594
1.0,50,48.553079
1.0,7,48.553344
0.0,6,48.55359
0.0,24,48.554323
1.0,18,48.554929
0.0,24,48.555702
0.0,17,48.556242
1.0,54,48.557859
0.0,10,48.558209
0.0,10,48.558567
1.0,13,48.558994
0.0,14,48.559447
0.0,21,48.560136
0.0,26,48.561141
0.0,17,48.56169
0.0,17,48.562237
0.0,28,48.563113
0.0,22,48.563833
1.0,15,48.564313
1.0,10,48.564687
0.0,20,48.565329
0.0,15,48.565824
1.0,38,48.566961
0.0,13,48.567398
0.0,23,48.56813
0.0,27,48.568995
0.0,4,48.569171
0.0,8,48.569459
1.0,8,48.569763
1.0,23,48.570487
0.0,43,48.57177
0.0,12,48.57218
0.0,8,48.57247
0.0,30,48.57338
0.0,6,48.573624
0.0,11,48.573993
1.0,23,48.574729
0.0,13,48.575166
1.0,52,48.576715
0.0,8,48.577006
1.0,22,48.577716
0.0,5,48.577925
0.0,6,48.578156
0.0,12,48.578566
1.0,38,48.579706
0.0,23,48.580434
0.0,15,48.58093
0.0,8,48.581217
1.0,17,48.581761
0.0,18,48.582337
0.0,33,48.583352
0.0,4,48.583541
0.0,7,48.5838
0.0,100,48.58675
0.0,24,48.587511
1.0,37,48.588635
1.0,50,48.590126
0.0,7,48.590391
0.0,6,48.590638
0.0,29,48.59151
1.0,11,48.591881
0.0,7,48.592149
0.0,9,48.592479
0.0,15,48.592994
0.0,8,48.593281
1.0,55,48.594928
0.0,5,48.595138
0.0,26,48.595935
1.0,10,48.596278
0.0,9,48.596605
0.0,18,48.597181
0.0,42,48.598447
0.0,6,48.598693
0.0,15,48.599174
0.0,56,48.600855
0.0,38,48.601991
0.0,100,48.604965
0.0,9,48.605296
0.0,35,48.606344
1.0,22,48.607045
1.0,8,48.60734
0.0,9,48.607672
0.0,22,48.608349
0.0,19,48.608959
0.0,8,48.609246
0.0,8,48.609555
1.0,22,48.610258
1.0,25,48.611033
0.0,6,48.611265
0.0,5,48.611466
0.0,15,48.611964
0.0,9,48.612284
0.0,32,48.613273
1.0,25,48.614043
0.0,6,48.614276
1.0,22,48.614998
0.0,13,48.615429
1.0,15,48.615919
0.0,24,48.616661
0.0,4,48.616838
1.0,6,48.617077
0.0,13,48.617518
1.0,64,48.619412
1.0,16,48.619948
0.0,25,48.620746
1.0,31,48.621678
1.0,33,48.622703
1.0,61,48.62448
0.0,16,48.625032
0.0,6,48.625266
0.0,4,48.625442
0.0,14,48.625905
0.0,31,48.626842
0.0,9,48.627166
0.0,36,48.628276
1.0,15,48.628772
0.0,7,48.629032
1.0,53,48.630626
0.0,10,48.630971
1.0,8,48.631256
0.0,13,48.631692
0.0,12,48.6321
0.0,5,48.632307
0.0,12,48.632726
0.0,5,48.632931
0.0,10,48.633271
0.0,34,48.63429
0.0,17,48.634864
0.0,44,48.636183
0.0,58,48.637911
0.0,8,48.638201
1.0,9,48.638531
0.0,30,48.639435
0.0,6,48.639681
1.0,16,48.640207
0.0,8,48.640505
1.0,29,48.641372
0.0,24,48.642131
1.0,33,48.643149
1.0,59,48.644921
0.0,16,48.645437
0.0,6,48.645679
0.0,8,48.645965
0.0,4,48.646139
0.0,10,48.646481
0.0,23,48.64723
0.0,20,48.64787
0.0,5,48.648074
0.0,4,48.648247
0.0,24,48.648993
0.0,47,48.65041
1.0,65,48.652329
1.0,29,48.653243
0.0,39,48.654417
1.0,38,48.655595
1.0,20,48.656216
0.0,8,48.656515
0.0,4,48.656698
1.0,17,48.657256
1.0,23,48.657974
0.0,9,48.65829
0.0,13,48.658731
0.0,15,48.659221
0.0,8,48.659522
0.0,7,48.659801
0.0,34,48.660828
0.0,7,48.661252
0.0,17,48.661821
0.0,100,48.66478
0.0,8,48.665081
1.0,21,48.665739
1.0,39,48.666912
0.0,21,48.667597
0.0,9,48.667914
0.0,25,48.668718
0.0,4,48.668896
0.0,6,48.669129
0.0,20,48.669774
0.0,7,48.670051
0.0,13,48.670477
0.0,9,48.670806
1.0,18,48.67137
0.0,6,48.671618
0.0,10,48.671972
1.0,72,48.674081
0.0,19,48.674716
0.0,10,48.675077
0.0,5,48.675281
1.0,27,48.676106
1.0,43,48.677417
0.0,33,48.678416
0.0,20,48.679056
0.0,10,48.679409
0.0,5,48.679628
1.0,9,48.679966
1.0,8,48.680254
0.0,26,48.681054
0.0,5,48.681258
1.0,52,48.682832
0.0,10,48.683178
0.0,6,48.683409
0.0,18,48.683987
0.0,10,48.684341
0.0,4,48.684541
0.0,29,48.685436
0.0,21,48.686095
0.0,6,48.686328
1.0,36,48.68745
0.0,12,48.687863
0.0,16,48.688372
1.0,26,48.689183
1.0,56,48.69086
1.0,41,48.692115
0.0,18,48.692706
0.0,23,48.693409
0.0,13,48.693848
0.0,11,48.694229
0.0,12,48.694682
1.0,33,48.695681
0.0,6,48.695913
1.0,50,48.697411
0.0,8,48.697717
0.0,26,48.698514
1.0,18,48.69909
0.0,67,48.701081
0.0,28,48.701955
1.0,24,48.702727
1.0,14,48.703183
0.0,10,48.703537
0.0,16,48.704058
0.0,31,48.705015
0.0,10,48.70536
0.0,5,48.705574
0.0,7,48.705833
0.0,5,48.706035
1.0,24,48.706796
0.0,8,48.707091
0.0,10,48.707451
1.0,12,48.70786
0.0,10,48.708204
0.0,58,48.709957
0.0,23,48.710685
0.0,10,48.711029
0.0,16,48.71156
0.0,39,48.712749
1.0,52,48.714282
0.0,13,48.714753
0.0,11,48.715128
0.0,11,48.715509
0.0,9,48.715827
0.0,21,48.716521
0.0,7,48.716788
0.0,20,48.717431
0.0,5,48.717649
0.0,11,48.71802
0.0,17,48.71857
0.0,20,48.71924
0.0,4,48.719419
0.0,13,48.719864
1.0,18,48.720432
0.0,45,48.721785
0.0,39,48.722965
1.0,15,48.72345
0.0,9,48.723775
1.0,46,48.725169
0.0,7,48.725438
1.0,13,48.725876
0.0,10,48.726219
0.0,22,48.726909
0.0,4,48.727093
0.0,23,48.727835
1.0,7,48.728098
1.0,45,48.729431
0.0,4,48.72963
1.0,50,48.731122
0.0,26,48.731927
0.0,17,48.732503
0.0,44,48.733827
0.0,25,48.734623
0.0,26,48.735438
0.0,20,48.736075
0.0,11,48.736448
0.0,24,48.737207
1.0,15,48.737725
0.0,10,48.738074
0.0,6,48.738305
0.0,13,48.738747
0.0,8,48.739036
1.0,32,48.740028
0.0,5,48.740238
0.0,5,48.740443
0.0,10,48.740801
1.0,41,48.742022
0.0,13,48.742458
0.0,9,48.742806
0.0,20,48.743429
1.0,58,48.745168
0.0,7,48.745433
0.0,24,48.746177
0.0,14,48.746648
0.0,30,48.747571
0.0,10,48.747921
1.0,24,48.748667
0.0,11,48.74904
0.0,21,48.749709
1.0,80,48.752065
0.0,4,48.752249
0.0,10,48.752628
0.0,7,48.752905
1.0,38,48.75404
1.0,30,48.754982
1.0,10,48.75535
0.0,18,48.755928
0.0,22,48.756621
0.0,15,48.757113
1.0,49,48.758577
0.0,5,48.758783
0.0,38,48.759943
1.0,16,48.760461
0.0,4,48.76065
0.0,13,48.761079
0.0,41,48.762485
0.0,32,48.763476
1.0,22,48.764163
0.0,100,48.7671
0.0,12,48.767536
0.0,59,48.769286
0.0,7,48.769569
0.0,19,48.770185
0.0,7,48.770445
1.0,32,48.771406
0.0,14,48.771875
1.0,31,48.772863
0.0,23,48.773577
0.0,56,48.775242
0.0,6,48.775478
0.0,19,48.77608
0.0,66,48.778039
0.0,6,48.778275
0.0,5,48.778478
0.0,36,48.779578
0.0,5,48.779788
0.0,13,48.780236
0.0,6,48.780468
0.0,17,48.781016
1.0,35,48.782078
0.0,23,48.782824
0.0,5,48.783029
0.0,25,48.783798
0.0,22,48.784481
1.0,18,48.785092
1.0,62,48.786919
0.0,23,48.787659
0.0,11,48.78803
1.0,16,48.78855
0.0,36,48.789662
1.0,19,48.790278
0.0,14,48.790748
0.0,12,48.791145
0.0,10,48.791487
0.0,40,48.792721
0.0,12,48.793124
0.0,19,48.793728
0.0,13,48.794156
0.0,24,48.794938
1.0,39,48.796102
0.0,23,48.79683
1.0,40,48.798046
0.0,11,48.798418
0.0,29,48.799308
0.0,20,48.799968
0.0,32,48.800935
1.0,49,48.802402
0.0,27,48.803242
1.0,23,48.803959
1.0,22,48.804675
1.0,12,48.8051
1.0,56,48.806755
0.0,5,48.806963
1.0,22,48.807675
0.0,7,48.807937
0.0,10,48.808279
0.0,12,48.808691
0.0,17,48.809233
0.0,5,48.809438
0.0,35,48.810523
0.0,11,48.810893
0.0,7,48.811151
0.0,14,48.811616
0.0,6,48.811858
1.0,32,48.812851
1.0,30,48.813762
0.0,10,48.814107
1.0,44,48.815449
0.0,16,48.815971
0.0,5,48.816175
1.0,17,48.816735
1.0,28,48.817617
0.0,15,48.818101
1.0,18,48.818681
0.0,17,48.819263
1.0,24,48.820035
0.0,18,48.820616
0.0,6,48.820848
0.0,8,48.821132
0.0,18,48.821726
0.0,18,48.822313
0.0,7,48.822591
0.0,7,48.822853
1.0,43,48.824129
1.0,21,48.824829
0.0,7,48.825095
0.0,13,48.825529
0.0,23,48.826229
0.0,9,48.826559
0.0,16,48.827079
0.0,14,48.827564
0.0,40,48.828747
0.0,24,48.829486
0.0,12,48.829916
0.0,9,48.830231
0.0,8,48.830533
0.0,6,48.830764
0.0,16,48.831268
0.0,6,48.831509
0.0,25,48.832298
0.0,6,48.83255
0.0,46,48.833904
1.0,36,48.83503
0.0,20,48.835664
0.0,10,48.836005
1.0,17,48.836555
0.0,30,48.83748
1.0,18,48.838057
0.0,25,48.838824
0.0,22,48.839525
0.0,43,48.840793
0.0,9,48.841107
1.0,44,48.842433
1.0,26,48.843239
0.0,8,48.843537
0.0,41,48.844777
1.0,16,48.845288
0.0,23,48.846
1.0,94,48.84875
0.0,10,48.849104
0.0,73,48.851242
1.0,13,48.851691
0.0,15,48.852195
0.0,13,48.852639
0.0,19,48.853231
1.0,61,48.85507
0.0,7,48.855332
1.0,18,48.855908
0.0,11,48.856279
0.0,14,48.856759
1.0,50,48.858251
0.0,17,48.858804
1.0,23,48.859539
1.0,100,48.869104
0.0,8,48.869483
0.0,73,48.871647
0.0,18,48.872222
0.0,27,48.873047
1.0,12,48.873451
0.0,6,48.873701
1.0,10,48.874065
0.0,12,48.874464
1.0,11,48.874848
1.0,18,48.875411
0.0,60,48.87721
0.0,15,48.877716
0.0,22,48.878399
0.0,28,48.879446
0.0,66,48.881394
1.0,58,48.883124
0.0,22,48.883834
0.0,6,48.884089
0.0,14,48.884563
1.0,42,48.885818
1.0,56,48.887484
0.0,18,48.888101
0.0,24,48.888879
0.0,20,48.889522
0.0,5,48.889728
1.0,27,48.890556
1.0,36,48.891671
0.0,12,48.892075
0.0,6,48.892306
0.0,9,48.892631
0.0,37,48.893757
1.0,79,48.896095
0.0,6,48.896355
0.0,24,48.897104
0.0,9,48.89742
0.0,9,48.897749
0.0,53,48.899335
0.0,7,48.899617
0.0,10,48.899961
0.0,15,48.90044
0.0,9,48.900778
0.0,16,48.901313
0.0,4,48.901503
0.0,8,48.901795
0.0,8,48.902081
1.0,11,48.90245
1.0,36,48.903558
0.0,9,48.903898
0.0,21,48.904567
1.0,18,48.905134
0.0,11,48.90552
0.0,5,48.905733
0.0,29,48.906645
0.0,6,48.906879
0.0,9,48.907194
0.0,30,48.908118
0.0,8,48.908412
0.0,5,48.90864
0.0,20,48.909284
0.0,31,48.910227
0.0,9,48.910561
0.0,46,48.911956
1.0,51,48.91347
0.0,11,48.913879
1.0,50,48.915352
0.0,18,48.915953
0.0,8,48.916262
0.0,19,48.916873
1.0,19,48.917468
0.0,15,48.917965
0.0,4,48.91815
0.0,17,48.918735
0.0,13,48.919205
1.0,26,48.920012
0.0,36,48.921109
1.0,34,48.922158
0.0,25,48.922933
1.0,28,48.923825
0.0,4,48.924005
1.0,17,48.924561
0.0,26,48.925354
0.0,6,48.925612
1.0,35,48.926692
0.0,6,48.926926
0.0,16,48.927434
0.0,13,48.927875
0.0,13,48.928314
1.0,22,48.929014
0.0,4,48.929192
0.0,14,48.929662
1.0,9,48.929976
0.0,18,48.930561
0.0,10,48.930913
1.0,51,48.932432
0.0,8,48.932735
0.0,17,48.933288
0.0,28,48.934186
1.0,83,48.936654
0.0,5,48.936865
0.0,25,48.937635
0.0,15,48.938126
0.0,14,48.938597
0.0,11,48.938972
0.0,15,48.939451
1.0,38,48.940609
1.0,26,48.941423
0.0,10,48.941782
0.0,38,48.942916
0.0,21,48.943606
0.0,5,48.943816
0.0,9,48.94413
0.0,12,48.944549
0.0,100,48.94747
0.0,17,48.948036
0.0,18,48.948623
0.0,44,48.949938
1.0,47,48.951362
0.0,25,48.952142
0.0,38,48.953285
0.0,20,48.953933
0.0,21,48.954604
0.0,4,48.954781
1.0,77,48.957051
1.0,27,48.957889
0.0,14,48.95837
1.0,17,48.958945
0.0,13,48.959376
1.0,28,48.960234
0.0,9,48.960572
0.0,36,48.961679
0.0,11,48.962052
1.0,18,48.962628
0.0,27,48.963475
0.0,13,48.963923
0.0,29,48.964812
0.0,11,48.965183
0.0,5,48.965391
0.0,9,48.965729
0.0,23,48.966457
0.0,17,48.967003
0.0,4,48.967178
1.0,69,48.96926
0.0,6,48.969512
0.0,20,48.970132
0.0,14,48.970608
0.0,14,48.971085
0.0,21,48.971754
0.0,6,48.971987
0.0,5,48.972192
0.0,4,48.972367
0.0,13,48.972806
0.0,37,48.973961
0.0,48,48.975395
0.0,11,48.975792
0.0,15,48.976298
1.0,55,48.977934
0.0,5,48.978148
0.0,7,48.97842
0.0,6,48.978666
0.0,5,48.979043
0.0,36,48.980133
1.0,17,48.980695
0.0,16,48.981225
0.0,11,48.981616
1.0,20,48.982235
1.0,20,48.98287
0.0,9,48.983195
0.0,7,48.98347
0.0,25,48.984257
0.0,66,48.986217
0.0,37,48.987318
0.0,75,48.989534
1.0,29,48.990413
1.0,51,48.991949
0.0,16,48.992461
1.0,31,48.993419
0.0,12,48.99384
0.0,10,48.994184
1.0,35,48.995237
0.0,9,48.995577
1.0,36,48.996676
0.0,10,48.99702
0.0,11,48.997389
0.0,14,48.997856
0.0,8,48.998154
0.0,5,48.998359
0.0,6,48.998604
0.0,11,48.998977
0.0,10,48.999318
0.0,36,49.000394
1.0,65,49.002321
0.0,12,49.002732
0.0,22,49.003436
0.0,11,49.003826
0.0,11,49.004196
0.0,12,49.004611
0.0,10,49.004952
0.0,14,49.005412
0.0,44,49.006746
1.0,28,49.0076
0.0,26,49.008401
1.0,26,49.009208
0.0,13,49.00965
0.0,10,49.009993
1.0,10,49.010338
0.0,18,49.010941
0.0,18,49.011524
0.0,13,49.012415
1.0,26,49.013244
0.0,6,49.01348
0.0,4,49.013674
0.0,4,49.013849
0.0,7,49.014109
1.0,18,49.014691
1.0,43,49.01599
0.0,7,49.016255
0.0,12,49.016664
0.0,27,49.017471
0.0,5,49.017687
0.0,31,49.018657
0.0,16,49.019197
0.0,14,49.019671
0.0,17,49.020208
0.0,6,49.020447
1.0,41,49.021739
0.0,13,49.022165
0.0,9,49.022479
0.0,27,49.023318
0.0,19,49.023947
0.0,8,49.024236
1.0,21,49.024901
0.0,12,49.02531
0.0,9,49.025644
0.0,21,49.026314
0.0,7,49.026585
0.0,22,49.027258
0.0,41,49.028521
0.0,28,49.029381
0.0,8,49.029682
0.0,4,49.029858
0.0,31,49.030809
0.0,12,49.031226
0.0,6,49.031455
0.0,7,49.031726
0.0,4,49.031902
0.0,30,49.032818
1.0,21,49.033508
0.0,23,49.03421
0.0,11,49.0346
0.0,18,49.035169
1.0,46,49.036569
0.0,10,49.036915
0.0,8,49.0372
0.0,30,49.038124
1.0,32,49.039147
0.0,27,49.039979
1.0,11,49.040361
0.0,8,49.040663
0.0,6,49.040915
0.0,16,49.041421
0.0,4,49.041611
0.0,5,49.041815
0.0,77,49.044078
1.0,15,49.044583
0.0,5,49.044786
0.0,24,49.045541
1.0,42,49.046799
0.0,15,49.04728
0.0,10,49.047643
1.0,31,49.048606
0.0,27,49.049423
0.0,27,49.050257
0.0,18,49.05086
1.0,32,49.051831
0.0,10,49.052173
0.0,7,49.052431
0.0,8,49.052738
0.0,19,49.053353
1.0,58,49.055061
0.0,10,49.055413
1.0,31,49.05637
0.0,9,49.056699
0.0,7,49.05696
0.0,17,49.057511
1.0,11,49.057896
1.0,15,49.058398
0.0,36,49.059478
0.0,4,49.059667
0.0,9,49.059981
1.0,10,49.060333
0.0,33,49.061364
1.0,40,49.062575
0.0,4,49.062757
0.0,10,49.063117
0.0,18,49.0637
0.0,52,49.065233
0.0,5,49.065441
0.0,36,49.066545
0.0,12,49.066943
0.0,38,49.068103
0.0,49,49.069596
1.0,24,49.070342
1.0,40,49.071552
1.0,24,49.072283
0.0,15,49.072789
0.0,37,49.073925
0.0,14,49.074379
0.0,10,49.074744
1.0,16,49.075265
0.0,18,49.075855
0.0,6,49.076088
1.0,28,49.076942
0.0,6,49.077174
0.0,9,49.077509
1.0,13,49.077959
0.0,7,49.078225
1.0,45,49.079568
0.0,100,49.082705
1.0,13,49.083169
0.0,21,49.083836
0.0,53,49.085403
0.0,5,49.085628
0.0,9,49.085946
0.0,14,49.086399
0.0,71,49.088507
0.0,18,49.089094
1.0,16,49.089617
0.0,5,49.089824
0.0,5,49.090038
0.0,8,49.090327
0.0,10,49.090705
0.0,37,49.091819
0.0,15,49.092301
1.0,19,49.092934
0.0,27,49.09377
0.0,25,49.094548
0.0,11,49.094926
0.0,19,49.095556
0.0,10,49.095902
1.0,15,49.09638
0.0,18,49.096962
1.0,26,49.097775
0.0,15,49.098278
0.0,7,49.098549
1.0,52,49.100078
0.0,26,49.10089
0.0,17,49.101429
0.0,4,49.101619
0.0,10,49.10196
1.0,28,49.102842
0.0,12,49.10325
0.0,6,49.103482
1.0,50,49.104976
0.0,62,49.106818
1.0,28,49.107689
0.0,17,49.108251
0.0,8,49.108551
0.0,22,49.109227
0.0,24,49.109986
1.0,40,49.1112
0.0,64,49.113112
0.0,6,49.11335
0.0,4,49.113541
0.0,13,49.113967
0.0,15,49.114443
1.0,12,49.114869
1.0,77,49.117129
0.0,10,49.117486
0.0,11,49.117891
0.0,9,49.118209
1.0,97,49.121079
0.0,10,49.121427
0.0,47,49.122837
0.0,5,49.123061
0.0,10,49.123404
0.0,4,49.123595
0.0,5,49.1238
0.0,4,49.123974
0.0,44,49.125298
0.0,15,49.125818
0.0,67,49.127801
1.0,32,49.128776
0.0,5,49.128981
0.0,7,49.12924
0.0,9,49.129571
1.0,19,49.130178
0.0,20,49.130834
1.0,35,49.131892
1.0,24,49.132667
1.0,42,49.133921
0.0,10,49.134266
0.0,8,49.134578
0.0,16,49.135101
0.0,23,49.135838
0.0,21,49.136486
1.0,49,49.137972
0.0,4,49.138153
0.0,6,49.138385
0.0,7,49.138655
0.0,19,49.139244
0.0,8,49.139545
0.0,5,49.139757
0.0,4,49.139935
0.0,48,49.141372
0.0,13,49.141816
0.0,7,49.142077
1.0,53,49.143677
0.0,31,49.14463
1.0,18,49.145223
0.0,15,49.145727
1.0,17,49.146266
0.0,8,49.146564
0.0,6,49.146796
1.0,20,49.147421
0.0,17,49.147998
0.0,11,49.148371
0.0,8,49.148669
0.0,27,49.149487
0.0,67,49.151482
0.0,11,49.15187
0.0,8,49.152165
0.0,16,49.152695
0.0,25,49.15348
0.0,10,49.153839
0.0,21,49.154486
0.0,27,49.155353
1.0,36,49.156439
0.0,32,49.157417
0.0,12,49.157852
0.0,6,49.158086
0.0,32,49.159048
0.0,31,49.160006
0.0,5,49.160214
0.0,26,49.161035
1.0,97,49.163883
0.0,11,49.164257
0.0,17,49.16483
0.0,16,49.165365
0.0,21,49.166034
0.0,4,49.166212
0.0,16,49.166734
0.0,12,49.167143
1.0,35,49.168208
1.0,15,49.168705
0.0,25,49.169511
1.0,33,49.170538
0.0,19,49.171133
0.0,33,49.172137
0.0,12,49.172571
1.0,41,49.173812
0.0,7,49.174074
0.0,29,49.174979
0.0,10,49.175347
0.0,25,49.176124
1.0,25,49.176903
0.0,11,49.177286
0.0,6,49.177549
0.0,5,49.177769
1.0,14,49.178223
0.0,6,49.178454
0.0,52,49.180017
0.0,33,49.181014
0.0,14,49.181468
1.0,34,49.182548
0.0,66,49.184475
0.0,23,49.185225
0.0,16,49.18592
1.0,22,49.186608
1.0,12,49.187019
0.0,5,49.187227
0.0,12,49.187657
0.0,7,49.187917
0.0,17,49.188449
1.0,30,49.189363
1.0,18,49.189969
0.0,7,49.190231
1.0,10,49.190586
0.0,39,49.191758
1.0,35,49.192831
1.0,50,49.19431
0.0,12,49.194735
0.0,11,49.195128
0.0,10,49.195471
0.0,24,49.19621
0.0,16,49.196739
0.0,12,49.197158
0.0,41,49.198422
1.0,54,49.20005
0.0,5,49.200258
0.0,17,49.200806
0.0,7,49.201067
0.0,6,49.201297
0.0,9,49.201632
0.0,41,49.202873
0.0,9,49.203192
0.0,58,49.204948
0.0,11,49.205325
0.0,11,49.205709
1.0,26,49.206501
1.0,40,49.207725
0.0,100,49.210662
0.0,5,49.210871
1.0,32,49.211848
0.0,14,49.212331
0.0,10,49.212687
0.0,22,49.213361
0.0,27,49.214197
0.0,22,49.214934
0.0,33,49.215935
0.0,12,49.216333
0.0,15,49.216839
0.0,6,49.217093
0.0,39,49.218261
0.0,30,49.219185
0.0,38,49.220393
0.0,5,49.220611
0.0,7,49.220871
1.0,9,49.221185
0.0,10,49.221551
0.0,28,49.222431
0.0,36,49.223518
0.0,36,49.224648
0.0,9,49.22497
0.0,12,49.225365
0.0,5,49.225582
0.0,9,49.225895
1.0,77,49.228144
0.0,32,49.229124
1.0,41,49.230352
0.0,5,49.23057
0.0,11,49.23094
0.0,36,49.232056
0.0,26,49.232864
0.0,9,49.23318
0.0,26,49.233992
1.0,63,49.235878
0.0,13,49.236312
0.0,12,49.236733
0.0,37,49.237854
0.0,21,49.238509
0.0,6,49.238744
1.0,14,49.239209
0.0,4,49.239387
1.0,14,49.239866
0.0,18,49.240433
1.0,48,49.241874
0.0,30,49.242794
0.0,32,49.243766
0.0,34,49.244834
0.0,8,49.245123
0.0,14,49.245589
0.0,4,49.245766
0.0,7,49.246025
0.0,17,49.246586
0.0,16,49.247122
0.0,81,49.249521
0.0,11,49.249898
0.0,7,49.250156
0.0,80,49.252522
0.0,10,49.252871
0.0,27,49.253707
1.0,14,49.25419
0.0,4,49.254371
0.0,9,49.254709
0.0,8,49.254997
1.0,24,49.255744
1.0,33,49.25675
1.0,19,49.257354
0.0,5,49.257572
1.0,57,49.259267
1.0,24,49.260025
0.0,19,49.26063
1.0,16,49.261149
0.0,15,49.261652
0.0,12,49.262062
0.0,13,49.262487
0.0,21,49.263143
0.0,6,49.263373
1.0,8,49.263684
1.0,55,49.265309
0.0,21,49.265975
0.0,7,49.266244
1.0,53,49.267824
0.0,4,49.268001
0.0,30,49.268919
0.0,6,49.269173
0.0,10,49.269561
0.0,4,49.269739
0.0,6,49.26997
1.0,77,49.272246
1.0,54,49.273849
0.0,6,49.274086
1.0,12,49.274513
0.0,15,49.274994
0.0,35,49.276048
0.0,4,49.276226
0.0,20,49.276866
0.0,7,49.277125
0.0,57,49.278799
0.0,5,49.279007
0.0,7,49.279279
1.0,13,49.279719
0.0,11,49.28009
1.0,27,49.280922
1.0,18,49.281532
0.0,8,49.28183
0.0,13,49.282254
0.0,21,49.282907
0.0,21,49.28358
0.0,10,49.283926
0.0,17,49.284506
0.0,18,49.285088
0.0,27,49.285917
0.0,21,49.286759
0.0,17,49.28733
0.0,22,49.288022
0.0,11,49.288392
0.0,27,49.289236
1.0,35,49.290303
0.0,11,49.290688
1.0,18,49.291252
0.0,36,49.292375
0.0,16,49.292903
0.0,26,49.293705
1.0,71,49.295826
0.0,4,49.296008
0.0,20,49.296653
0.0,35,49.297744
0.0,12,49.298144
0.0,28,49.299013
0.0,4,49.299194
1.0,10,49.299576
1.0,6,49.299811
0.0,10,49.300153
0.0,8,49.300439
1.0,30,49.301358
0.0,9,49.301695
0.0,6,49.301946
1.0,28,49.302807
0.0,6,49.30304
0.0,11,49.303409
0.0,4,49.303599
0.0,9,49.303925
1.0,19,49.304569
0.0,30,49.305466
0.0,18,49.306043
1.0,45,49.307412
1.0,27,49.308246
0.0,19,49.308864
0.0,7,49.309145
0.0,64,49.311026
0.0,12,49.31144
1.0,15,49.311969
1.0,29,49.312855
0.0,16,49.313365
0.0,9,49.313703
0.0,10,49.314054
1.0,19,49.314692
1.0,32,49.315665
0.0,31,49.316632
1.0,28,49.317504
0.0,13,49.317933
0.0,17,49.318471
0.0,25,49.319283
0.0,32,49.320296
0.0,31,49.32125
0.0,12,49.321672
0.0,5,49.32188
0.0,25,49.32266
1.0,19,49.323252
0.0,9,49.32359
1.0,81,49.325992
0.0,21,49.326675
0.0,11,49.327052
0.0,6,49.327284
0.0,14,49.327751
0.0,10,49.328094
0.0,8,49.328381
0.0,66,49.330353
0.0,12,49.33077
1.0,37,49.33192
1.0,31,49.332866
0.0,5,49.333072
0.0,7,49.333331
0.0,7,49.333615
0.0,9,49.333938
0.0,20,49.334592
0.0,7,49.334853
0.0,11,49.335221
0.0,6,49.335451
0.0,9,49.335779
0.0,24,49.33654
1.0,36,49.337623
0.0,23,49.338327
0.0,8,49.338637
0.0,29,49.339539
0.0,19,49.340133
0.0,13,49.340571
1.0,17,49.341119
0.0,6,49.341353
0.0,69,49.343382
0.0,8,49.343694
0.0,10,49.344065
0.0,5,49.344272
0.0,4,49.344448
0.0,6,49.344698
0.0,11,49.345069
0.0,43,49.34636
0.0,14,49.34684
1.0,14,49.347295
0.0,5,49.347512
0.0,5,49.347716
0.0,22,49.348396
0.0,5,49.348616
0.0,32,49.349599
1.0,39,49.35076
0.0,4,49.350943
1.0,34,49.352002
0.0,5,49.352209
0.0,30,49.353151
0.0,48,49.354616
1.0,19,49.355209
0.0,39,49.35639
0.0,10,49.35676
0.0,10,49.357105
0.0,10,49.357448
1.0,39,49.358635
0.0,5,49.358845
1.0,13,49.359283
0.0,20,49.359919
0.0,11,49.360289
0.0,17,49.360851
1.0,21,49.361549
0.0,14,49.362009
1.0,14,49.362462
0.0,11,49.362842
0.0,10,49.363192
0.0,12,49.363615
0.0,35,49.364688
1.0,60,49.36647
0.0,30,49.367387
0.0,4,49.367578
0.0,21,49.368233
1.0,13,49.368679
0.0,17,49.369231
1.0,25,49.370043
0.0,39,49.371245
0.0,21,49.371921
0.0,19,49.372525
0.0,35,49.373611
0.0,25,49.374377
1.0,17,49.374939
0.0,11,49.375313
0.0,6,49.375561
1.0,20,49.376196
0.0,6,49.376441
0.0,57,49.378123
0.0,11,49.378515
0.0,15,49.379014
0.0,15,49.379508
0.0,24,49.38024
0.0,39,49.381444
0.0,11,49.381837
0.0,11,49.382208
0.0,11,49.38259
0.0,9,49.382906
0.0,100,49.385877
0.0,19,49.386509
0.0,11,49.387049
1.0,66,49.388994
0.0,18,49.389577
0.0,7,49.389838
0.0,11,49.390208
0.0,10,49.390563
0.0,10,49.390916
1.0,26,49.391734
0.0,45,49.393061
0.0,10,49.393411
1.0,34,49.394467
0.0,17,49.395022
1.0,60,49.396801
0.0,70,49.398855
0.0,26,49.399655
0.0,22,49.40033
0.0,15,49.400835
0.0,6,49.401092
0.0,8,49.401381
0.0,11,49.40177
1.0,33,49.402759
0.0,9,49.403085
0.0,17,49.403672
1.0,47,49.405054
0.0,28,49.405922
0.0,11,49.406307
0.0,6,49.40655
1.0,26,49.407334
0.0,25,49.408116
0.0,43,49.409424
0.0,12,49.409841
0.0,22,49.410535
0.0,7,49.410799
0.0,29,49.411708
1.0,24,49.412439
1.0,10,49.412795
0.0,27,49.413671
0.0,48,49.415084
0.0,7,49.41535
0.0,10,49.415715
0.0,9,49.41604
0.0,54,49.417631
1.0,68,49.419648
0.0,7,49.419945
1.0,31,49.420897
0.0,27,49.421743
0.0,36,49.42282
1.0,32,49.423816
1.0,29,49.424705
1.0,22,49.425391
0.0,11,49.425783
1.0,17,49.426333
0.0,10,49.426689
0.0,31,49.427624
0.0,58,49.429337
0.0,4,49.429531
0.0,13,49.429955
1.0,37,49.431098
0.0,20,49.431735
0.0,21,49.43238
1.0,57,49.434075
0.0,9,49.434392
0.0,17,49.434948
0.0,10,49.435299
0.0,7,49.435577
1.0,17,49.436127
0.0,4,49.436303
1.0,20,49.436934
1.0,20,49.437566
0.0,10,49.437921
0.0,9,49.43824
1.0,20,49.438885
1.0,28,49.439736
0.0,22,49.440419
1.0,18,49.441026
0.0,12,49.441426
0.0,7,49.441698
1.0,18,49.442261
0.0,10,49.442616
0.0,22,49.443307
1.0,15,49.443813
0.0,12,49.444212
0.0,20,49.444851
0.0,15,49.445343
0.0,14,49.445821
0.0,29,49.446714
0.0,52,49.448272
1.0,39,49.44944
0.0,8,49.449744
0.0,21,49.450404
0.0,19,49.451026
1.0,13,49.451451
0.0,14,49.451917
0.0,7,49.452177
0.0,39,49.453375
0.0,55,49.455004
0.0,13,49.455444
0.0,14,49.455924
1.0,27,49.456751
0.0,28,49.457613
0.0,8,49.457907
0.0,58,49.459614
0.0,31,49.46058
0.0,7,49.460846
0.0,7,49.461106
1.0,16,49.461627
0.0,19,49.46222
0.0,15,49.462721
0.0,6,49.462957
0.0,11,49.463349
0.0,34,49.464371
0.0,32,49.465359
0.0,46,49.46676
0.0,9,49.467074
1.0,35,49.468139
0.0,41,49.469368
0.0,4,49.469561
0.0,23,49.470311
1.0,18,49.470905
0.0,10,49.471248
1.0,39,49.472409
0.0,24,49.473192
0.0,4,49.473374
0.0,11,49.473762
0.0,13,49.474189
0.0,10,49.47455
0.0,8,49.474838
0.0,7,49.475105
0.0,15,49.475629
0.0,5,49.475839
0.0,39,49.476995
1.0,13,49.477423
0.0,18,49.478013
1.0,26,49.478827
0.0,8,49.479116
0.0,17,49.479664
0.0,14,49.480118
1.0,62,49.481964
0.0,5,49.482172
0.0,5,49.482374
0.0,5,49.482591
0.0,27,49.483442
1.0,26,49.484244
0.0,7,49.484523
1.0,22,49.485209
1.0,72,49.487311
1.0,53,49.488909
0.0,35,49.489966
0.0,9,49.490291
0.0,23,49.491226
1.0,12,49.491644
0.0,11,49.492018
0.0,36,49.493135
0.0,34,49.494175
1.0,13,49.494623
0.0,19,49.495231
1.0,16,49.495793
1.0,94,49.498551
1.0,17,49.499094
0.0,5,49.499297
1.0,50,49.500831
0.0,11,49.501209
1.0,20,49.501847
0.0,17,49.502388
0.0,49,49.50388
0.0,13,49.50431
0.0,26,49.505135
0.0,5,49.505363
0.0,10,49.505728
0.0,27,49.506555
1.0,25,49.507313
0.0,11,49.507713
0.0,24,49.508475
0.0,8,49.508774
0.0,4,49.508949
1.0,21,49.509608
0.0,8,49.509905
0.0,13,49.510334
0.0,14,49.51081
1.0,34,49.51183
0.0,14,49.512287
0.0,5,49.512509
0.0,31,49.513521
1.0,16,49.514033
0.0,7,49.514294
0.0,24,49.515063
0.0,19,49.515702
1.0,22,49.516379
0.0,100,49.519309
1.0,23,49.520084
0.0,7,49.520349
0.0,22,49.521049
1.0,16,49.521571
1.0,10,49.521913
0.0,13,49.522347
0.0,37,49.523473
0.0,19,49.524077
0.0,24,49.524838
0.0,11,49.525238
0.0,55,49.526856
0.0,15,49.52735
1.0,29,49.528262
0.0,22,49.528955
0.0,15,49.529438
1.0,21,49.530114
0.0,20,49.530775
0.0,16,49.531284
0.0,15,49.53178
0.0,19,49.532382
1.0,50,49.533897
0.0,10,49.534241
0.0,4,49.534416
0.0,14,49.534904
0.0,9,49.535224
0.0,20,49.535868
1.0,18,49.536433
0.0,17,49.536987
0.0,11,49.53737
0.0,17,49.537935
0.0,14,49.538391
0.0,25,49.539164
0.0,26,49.539978
0.0,5,49.540205
1.0,12,49.540623
1.0,27,49.541439
0.0,18,49.54202
0.0,5,49.542233
1.0,20,49.542908
0.0,14,49.543366
0.0,4,49.543553
0.0,13,49.543979
0.0,19,49.544599
1.0,56,49.546264
1.0,10,49.546623
1.0,26,49.547421
0.0,44,49.548749
1.0,70,49.550819
0.0,4,49.551
0.0,28,49.551851
0.0,15,49.552345
0.0,63,49.554209
0.0,25,49.555029
0.0,16,49.555555
1.0,10,49.555897
1.0,8,49.556182
0.0,25,49.556963
1.0,44,49.558305
0.0,10,49.558665
1.0,66,49.560631
0.0,35,49.561683
0.0,11,49.562066
0.0,8,49.562379
1.0,34,49.563408
0.0,6,49.563655
0.0,8,49.563942
1.0,38,49.565122
0.0,15,49.56562
1.0,7,49.565879
0.0,9,49.566192
0.0,8,49.566477
1.0,21,49.567153
0.0,6,49.567407
1.0,7,49.567683
0.0,10,49.568027
1.0,10,49.568369
1.0,24,49.569113
0.0,20,49.569782
0.0,16,49.570336
0.0,4,49.570526
1.0,10,49.57087
0.0,18,49.571434
0.0,11,49.571827
0.0,34,49.572884
0.0,50,49.574357
0.0,16,49.574906
0.0,4,49.575084
0.0,4,49.575259
0.0,16,49.575785
0.0,4,49.575961
