#{"t_start": 1522757469.7346623, "env_id": "MyFrozenLake-v0"}
r,l,t
0.0,11,0.033738
0.0,6,0.03412
0.0,5,0.03441
0.0,15,0.035159
0.0,4,0.035408
0.0,9,0.035905
0.0,6,0.036245
0.0,1,0.036359
0.0,8,0.036796
0.0,27,0.038074
0.0,11,0.038642
0.0,46,0.040785
0.0,8,0.041213
0.0,1,0.041327
0.0,5,0.041618
0.0,3,0.041835
0.0,4,0.042084
0.0,15,0.042832
0.0,1,0.042948
0.0,6,0.043282
0.0,2,0.043439
0.0,9,0.043915
0.0,6,0.044255
0.0,10,0.044781
0.0,6,0.045122
0.0,12,0.045726
0.0,5,0.046031
0.0,2,0.046189
0.0,18,0.047068
0.0,2,0.047227
0.0,2,0.047384
0.0,18,0.048265
0.0,6,0.0486
0.0,2,0.048757
0.0,1,0.048878
1.0,14,0.049563
0.0,14,0.05027
0.0,20,0.05123
0.0,2,0.051391
0.0,5,0.051681
0.0,18,0.052552
0.0,22,0.053601
0.0,6,0.053948
0.0,6,0.054285
0.0,5,0.054574
0.0,5,0.054877
0.0,10,0.055389
0.0,2,0.055547
0.0,8,0.055981
1.0,13,0.056623
0.0,7,0.057012
0.0,7,0.05739
1.0,10,0.057914
0.0,5,0.058204
0.0,2,0.05836
0.0,11,0.058928
0.0,3,0.059131
0.0,5,0.059424
0.0,1,0.059537
0.0,2,0.059699
0.0,1,0.059826
0.0,5,0.060118
0.0,5,0.060406
0.0,1,0.060517
0.0,1,0.060627
0.0,8,0.061065
0.0,1,0.061177
0.0,3,0.061381
0.0,2,0.061537
0.0,12,0.062149
0.0,4,0.062398
0.0,2,0.062555
0.0,3,0.062755
0.0,3,0.06297
0.0,19,0.06389
0.0,10,0.064408
0.0,13,0.065063
0.0,43,0.067044
0.0,3,0.06725
1.0,18,0.06813
0.0,15,0.068876
0.0,6,0.069212
0.0,10,0.069726
0.0,13,0.070394
0.0,9,0.070876
0.0,4,0.071123
0.0,12,0.071722
0.0,1,0.071846
0.0,6,0.072183
0.0,26,0.073405
0.0,21,0.074415
0.0,11,0.07499
0.0,11,0.075552
0.0,6,0.075901
0.0,9,0.076372
0.0,15,0.07712
0.0,9,0.077589
0.0,7,0.077983
0.0,7,0.078361
0.0,31,0.079818
0.0,7,0.080201
0.0,3,0.080402
0.0,22,0.081455
0.0,12,0.082069
0.0,7,0.082447
0.0,2,0.082604
0.0,3,0.082814
0.0,5,0.083114
0.0,1,0.083227
0.0,8,0.083648
0.0,2,0.083819
1.0,10,0.084334
0.0,5,0.084625
0.0,3,0.084838
0.0,8,0.085264
0.0,14,0.08597
0.0,13,0.086617
0.0,6,0.086965
0.0,11,0.087524
0.0,4,0.087779
0.0,10,0.0883
0.0,3,0.088501
0.0,5,0.088804
0.0,4,0.089054
0.0,5,0.089349
0.0,4,0.089594
0.0,12,0.090214
0.0,4,0.090463
0.0,6,0.090805
0.0,12,0.091405
0.0,6,0.091738
0.0,43,0.093724
0.0,3,0.093937
0.0,22,0.094998
0.0,19,0.095921
0.0,8,0.096351
0.0,5,0.09664
0.0,8,0.097075
0.0,26,0.098302
0.0,4,0.098555
0.0,6,0.0989
0.0,2,0.099059
0.0,2,0.099215
0.0,6,0.09955
0.0,3,0.099751
0.0,3,0.099968
0.0,1,0.100081
0.0,6,0.10042
0.0,9,0.100899
0.0,2,0.101058
0.0,3,0.101262
0.0,1,0.101372
0.0,7,0.101753
0.0,16,0.10255
0.0,14,0.103247
0.0,18,0.104128
0.0,7,0.104507
0.0,7,0.104898
0.0,5,0.105192
0.0,4,0.10544
0.0,3,0.10564
0.0,4,0.105899
0.0,22,0.106944
0.0,6,0.107278
0.0,19,0.108198
0.0,7,0.108582
0.0,12,0.109195
0.0,5,0.109488
0.0,8,0.109933
0.0,10,0.11045
0.0,13,0.111108
0.0,13,0.111752
0.0,5,0.112056
1.0,10,0.11257
0.0,11,0.113144
0.0,3,0.113349
0.0,3,0.113551
0.0,4,0.113806
0.0,5,0.114098
0.0,4,0.114348
0.0,2,0.114504
0.0,10,0.115026
0.0,12,0.115633
0.0,1,0.115745
0.0,4,0.116
0.0,11,0.116556
0.0,3,0.116757
0.0,6,0.117105
0.0,3,0.117309
0.0,6,0.117645
0.0,7,0.118038
0.0,7,0.118422
0.0,4,0.118667
0.0,16,0.119455
0.0,5,0.119746
0.0,1,0.119874
0.0,3,0.120074
0.0,7,0.120455
0.0,10,0.120981
0.0,5,0.121272
0.0,2,0.121429
0.0,2,0.121585
0.0,5,0.121891
0.0,8,0.122322
0.0,2,0.122482
0.0,4,0.122728
1.0,8,0.123165
0.0,1,0.123276
0.0,17,0.124107
0.0,11,0.124662
0.0,18,0.12554
0.0,2,0.1257
0.0,5,0.126001
0.0,5,0.126291
0.0,11,0.126853
0.0,9,0.127324
0.0,1,0.127435
0.0,9,0.127915
0.0,25,0.129099
0.0,2,0.129257
0.0,10,0.129787
0.0,5,0.130082
0.0,6,0.130422
0.0,9,0.1309
0.0,5,0.131191
0.0,8,0.131612
0.0,18,0.132483
0.0,4,0.132735
0.0,8,0.133166
0.0,2,0.133384
0.0,5,0.133675
0.0,10,0.134201
0.0,9,0.134671
0.0,10,0.135194
0.0,3,0.135402
0.0,4,0.135649
0.0,10,0.136169
0.0,2,0.13633
0.0,2,0.136487
0.0,2,0.136642
0.0,16,0.137431
0.0,2,0.137591
0.0,9,0.138077
0.0,10,0.138591
0.0,3,0.138805
0.0,1,0.138917
0.0,14,0.139608
0.0,3,0.139828
0.0,7,0.140211
0.0,6,0.140544
0.0,3,0.140762
0.0,14,0.141466
0.0,9,0.141945
0.0,5,0.142235
0.0,7,0.142616
0.0,5,0.142917
0.0,11,0.143473
0.0,4,0.143718
0.0,7,0.14411
0.0,3,0.144312
0.0,11,0.144877
0.0,10,0.14539
0.0,2,0.145547
0.0,9,0.146026
0.0,6,0.146364
0.0,2,0.146521
0.0,14,0.147216
0.0,10,0.147728
0.0,8,0.148166
0.0,12,0.14878
0.0,1,0.148897
0.0,11,0.14945
0.0,7,0.149845
0.0,4,0.150092
0.0,53,0.152524
0.0,18,0.153403
0.0,19,0.154328
0.0,7,0.154714
0.0,35,0.156355
0.0,5,0.15665
0.0,11,0.157214
0.0,3,0.157421
0.0,7,0.157808
0.0,2,0.157967
0.0,5,0.158258
0.0,1,0.158369
0.0,16,0.159159
0.0,2,0.15932
0.0,3,0.15952
0.0,5,0.159829
0.0,8,0.160251
0.0,4,0.160497
0.0,14,0.161201
0.0,4,0.161452
0.0,6,0.1618
0.0,4,0.162051
0.0,3,0.162255
0.0,1,0.162365
0.0,24,0.163515
0.0,5,0.163822
0.0,2,0.163981
0.0,15,0.164718
0.0,5,0.165019
0.0,24,0.166162
0.0,10,0.166675
0.0,10,0.167198
0.0,3,0.167401
0.0,5,0.167694
0.0,18,0.168578
0.0,2,0.168738
0.0,5,0.169046
0.0,3,0.169251
0.0,4,0.1695
1.0,19,0.170427
0.0,5,0.17072
0.0,11,0.171282
0.0,8,0.171705
0.0,9,0.172182
0.0,6,0.17252
0.0,1,0.172634
0.0,4,0.172893
0.0,18,0.17378
0.0,19,0.174694
1.0,27,0.175976
0.0,1,0.176089
0.0,1,0.176203
0.0,2,0.176359
0.0,3,0.176559
0.0,2,0.176716
0.0,7,0.177107
0.0,2,0.177269
0.0,2,0.177426
0.0,4,0.177671
0.0,11,0.17824
0.0,12,0.17885
0.0,2,0.179009
0.0,14,0.179697
0.0,15,0.18044
0.0,9,0.180923
0.0,13,0.181569
0.0,20,0.182533
0.0,4,0.182794
0.0,2,0.182953
0.0,9,0.183419
0.0,6,0.183752
0.0,5,0.184054
0.0,15,0.184798
0.0,10,0.185308
0.0,8,0.185734
0.0,1,0.185853
0.0,9,0.186326
1.0,10,0.186847
0.0,3,0.187052
0.0,3,0.187254
0.0,1,0.187368
0.0,10,0.1879
0.0,12,0.188502
1.0,15,0.189251
0.0,6,0.189587
0.0,9,0.190075
0.0,19,0.190994
1.0,9,0.191462
0.0,10,0.191987
1.0,19,0.192908
0.0,19,0.193829
0.0,3,0.194036
0.0,7,0.194416
0.0,8,0.194853
0.0,18,0.195716
0.0,10,0.196244
0.0,6,0.196581
0.0,47,0.198752
0.0,18,0.19963
0.0,3,0.199851
0.0,2,0.20001
0.0,11,0.200566
0.0,2,0.200724
0.0,10,0.201244
0.0,3,0.201447
0.0,23,0.202545
0.0,1,0.202659
0.0,13,0.20331
0.0,24,0.204461
0.0,14,0.205162
0.0,3,0.205365
0.0,13,0.206017
0.0,7,0.206397
0.0,8,0.206831
0.0,14,0.207521
0.0,11,0.208091
0.0,5,0.208382
0.0,7,0.208758
0.0,13,0.209411
0.0,2,0.209568
0.0,11,0.210143
0.0,17,0.210976
0.0,14,0.211671
0.0,4,0.211929
0.0,26,0.213161
0.0,11,0.213717
0.0,3,0.213928
1.0,25,0.215112
0.0,5,0.215405
1.0,10,0.215933
0.0,2,0.21609
0.0,21,0.217095
0.0,4,0.217353
0.0,15,0.218091
0.0,10,0.218606
0.0,7,0.218997
0.0,4,0.219245
0.0,8,0.219667
0.0,9,0.220153
0.0,3,0.220359
0.0,5,0.220652
0.0,7,0.22104
0.0,7,0.221424
0.0,14,0.222122
0.0,15,0.222866
0.0,24,0.224007
0.0,6,0.224343
0.0,3,0.224545
0.0,1,0.224655
0.0,7,0.225049
0.0,8,0.22547
0.0,1,0.225581
0.0,9,0.226059
1.0,22,0.227116
0.0,5,0.227411
0.0,25,0.228596
0.0,11,0.229166
0.0,10,0.229678
0.0,11,0.23025
0.0,9,0.230721
0.0,8,0.231155
0.0,5,0.231449
0.0,6,0.231793
0.0,4,0.232044
0.0,6,0.232381
0.0,19,0.233297
0.0,3,0.233558
0.0,7,0.233962
0.0,5,0.234253
0.0,2,0.234413
0.0,11,0.234983
0.0,8,0.235406
0.0,7,0.235796
0.0,5,0.236087
0.0,5,0.236376
0.0,24,0.23752
0.0,15,0.238261
0.0,6,0.238595
0.0,10,0.239118
0.0,13,0.23976
0.0,4,0.240022
0.0,15,0.240751
0.0,2,0.24092
0.0,11,0.241475
0.0,5,0.24177
0.0,4,0.242019
0.0,2,0.242175
0.0,4,0.242419
0.0,3,0.242621
0.0,6,0.242973
0.0,9,0.243439
0.0,17,0.244275
0.0,16,0.245065
0.0,7,0.245448
0.0,6,0.245793
0.0,18,0.246654
0.0,30,0.248076
0.0,6,0.248411
0.0,4,0.248658
0.0,4,0.248916
0.0,6,0.249251
0.0,10,0.249776
0.0,9,0.250251
0.0,18,0.251126
0.0,16,0.251918
0.0,6,0.252253
0.0,2,0.252412
0.0,3,0.252614
0.0,7,0.253003
0.0,2,0.253163
0.0,4,0.253412
0.0,8,0.253844
0.0,1,0.253959
0.0,8,0.254385
0.0,4,0.254629
0.0,5,0.25493
0.0,3,0.255135
0.0,9,0.255603
0.0,3,0.255817
0.0,6,0.256151
0.0,6,0.256487
0.0,6,0.25683
0.0,15,0.257569
0.0,4,0.257827
0.0,12,0.25843
0.0,5,0.258719
0.0,6,0.259062
0.0,1,0.259176
0.0,5,0.259478
0.0,5,0.259784
0.0,7,0.260165
0.0,28,0.261478
0.0,10,0.262008
0.0,1,0.26212
0.0,9,0.262588
0.0,1,0.262699
0.0,1,0.262819
0.0,8,0.263242
0.0,19,0.264162
0.0,13,0.264816
0.0,10,0.265326
0.0,8,0.265749
0.0,11,0.266309
0.0,3,0.266509
0.0,4,0.266758
0.0,18,0.26763
0.0,9,0.268111
0.0,13,0.268761
0.0,1,0.268883
0.0,4,0.269129
0.0,4,0.269372
0.0,8,0.269817
0.0,3,0.27002
0.0,18,0.270903
0.0,4,0.271152
0.0,11,0.271712
0.0,7,0.2721
0.0,7,0.272477
0.0,20,0.273439
0.0,4,0.273686
0.0,4,0.273946
0.0,4,0.274196
0.0,5,0.274488
0.0,12,0.275099
0.0,5,0.275392
1.0,33,0.276935
0.0,9,0.277408
0.0,27,0.278674
0.0,9,0.279155
0.0,7,0.279536
0.0,20,0.280508
0.0,6,0.280856
0.0,13,0.281497
0.0,9,0.281971
0.0,35,0.283587
0.0,17,0.284416
0.0,2,0.284574
1.0,30,0.285987
0.0,11,0.286553
0.0,11,0.287121
0.0,13,0.287777
0.0,4,0.288028
0.0,5,0.288318
0.0,8,0.288739
0.0,12,0.289344
0.0,24,0.290493
0.0,1,0.290606
0.0,12,0.291222
0.0,5,0.291517
0.0,6,0.291871
0.0,2,0.292031
0.0,11,0.292585
0.0,4,0.292844
0.0,2,0.293005
0.0,25,0.29419
0.0,5,0.29448
0.0,18,0.295359
0.0,5,0.29565
0.0,11,0.296214
0.0,1,0.296329
0.0,22,0.297377
0.0,11,0.297944
0.0,11,0.298504
0.0,11,0.29907
0.0,8,0.299494
0.0,9,0.299978
0.0,6,0.300318
0.0,5,0.300612
0.0,1,0.300726
0.0,19,0.30164
0.0,15,0.302385
0.0,3,0.302588
0.0,7,0.302988
0.0,56,0.305563
0.0,9,0.30605
0.0,2,0.306211
0.0,1,0.306322
0.0,1,0.306432
0.0,2,0.306589
0.0,3,0.306801
0.0,4,0.307048
1.0,32,0.308536
0.0,7,0.308926
0.0,26,0.310151
0.0,6,0.310491
0.0,17,0.311322
0.0,5,0.311616
0.0,20,0.312574
0.0,19,0.313494
0.0,3,0.313697
0.0,22,0.314739
0.0,23,0.31584
0.0,24,0.31698
0.0,1,0.317092
0.0,3,0.317296
0.0,13,0.31795
0.0,6,0.318286
0.0,6,0.31862
1.0,18,0.319494
0.0,8,0.319933
0.0,1,0.320046
0.0,15,0.320792
0.0,4,0.321043
0.0,3,0.321244
0.0,4,0.32149
0.0,5,0.321789
0.0,5,0.322079
0.0,5,0.322368
0.0,10,0.322889
1.0,10,0.323404
0.0,3,0.323609
0.0,3,0.323827
0.0,3,0.324031
0.0,7,0.324427
0.0,4,0.324673
0.0,6,0.32502
0.0,12,0.325628
0.0,1,0.325739
0.0,4,0.325993
0.0,5,0.326284
0.0,6,0.326617
0.0,6,0.326962
0.0,6,0.327299
0.0,11,0.327868
0.0,15,0.328601
0.0,11,0.329175
0.0,4,0.329424
0.0,2,0.329581
0.0,8,0.330021
0.0,5,0.330312
0.0,12,0.330927
0.0,18,0.33181
0.0,4,0.332061
0.0,5,0.332352
0.0,8,0.332787
0.0,10,0.333301
0.0,6,0.333697
0.0,9,0.334172
0.0,3,0.334378
0.0,17,0.335204
0.0,2,0.335365
0.0,1,0.335474
0.0,30,0.336894
0.0,9,0.337365
0.0,3,0.337567
0.0,14,0.338269
0.0,6,0.338603
0.0,15,0.339348
0.0,2,0.339509
0.0,15,0.340254
0.0,23,0.34135
0.0,13,0.34201
0.0,5,0.342301
0.0,6,0.342633
0.0,3,0.342844
0.0,4,0.34309
0.0,3,0.343291
0.0,26,0.344525
0.0,35,0.346167
0.0,17,0.347002
0.0,5,0.347299
0.0,3,0.347504
0.0,10,0.34803
0.0,4,0.348279
0.0,11,0.348844
0.0,1,0.348959
0.0,4,0.349217
0.0,3,0.349418
0.0,7,0.349816
0.0,2,0.349975
0.0,10,0.350484
0.0,9,0.350965
0.0,5,0.351255
0.0,8,0.351678
0.0,9,0.352154
0.0,7,0.352531
0.0,1,0.352642
0.0,7,0.35303
0.0,46,0.355151
0.0,13,0.355812
0.0,5,0.356104
0.0,12,0.356701
0.0,10,0.357224
0.0,8,0.357647
0.0,5,0.357947
0.0,5,0.358241
0.0,15,0.358983
0.0,3,0.359187
0.0,8,0.359607
0.0,2,0.359777
0.0,6,0.360112
0.0,5,0.360403
0.0,2,0.360563
0.0,7,0.360955
0.0,4,0.361204
0.0,2,0.36136
0.0,10,0.361882
0.0,1,0.361994
0.0,11,0.362545
0.0,5,0.362846
0.0,5,0.363138
0.0,12,0.363733
0.0,14,0.364423
0.0,9,0.364901
0.0,5,0.365191
0.0,7,0.365568
0.0,4,0.365825
0.0,2,0.365985
0.0,17,0.366812
0.0,5,0.367106
0.0,9,0.367572
0.0,5,0.367874
0.0,13,0.368516
0.0,11,0.369083
0.0,1,0.369197
0.0,18,0.370082
0.0,11,0.370637
0.0,3,0.370851
0.0,4,0.371098
0.0,9,0.371564
0.0,5,0.371869
1.0,31,0.373314
0.0,11,0.373888
0.0,6,0.374225
1.0,13,0.374882
0.0,7,0.375262
0.0,5,0.375555
0.0,2,0.375711
0.0,6,0.376052
0.0,6,0.37639
0.0,5,0.376682
0.0,3,0.376895
0.0,1,0.377009
0.0,12,0.377611
0.0,4,0.377866
0.0,4,0.378117
0.0,4,0.378362
0.0,1,0.378472
0.0,3,0.378674
0.0,1,0.378795
0.0,4,0.379054
0.0,6,0.379391
0.0,6,0.379724
0.0,12,0.380333
0.0,2,0.380492
0.0,23,0.381589
0.0,8,0.382022
0.0,5,0.382312
0.0,14,0.383013
0.0,1,0.383125
0.0,1,0.383236
0.0,3,0.383438
0.0,1,0.383547
0.0,10,0.384067
0.0,2,0.384225
0.0,5,0.384517
0.0,2,0.384673
0.0,1,0.384792
0.0,1,0.384912
1.0,43,0.386899
0.0,6,0.387234
0.0,5,0.387524
0.0,9,0.387999
0.0,9,0.388465
0.0,4,0.388712
0.0,7,0.389102
1.0,12,0.389704
0.0,9,0.390187
0.0,3,0.39039
0.0,3,0.390593
0.0,1,0.390704
0.0,3,0.390919
0.0,11,0.391474
0.0,1,0.391584
0.0,5,0.391886
0.0,8,0.392313
0.0,2,0.39247
1.0,7,0.392862
0.0,9,0.393333
0.0,5,0.393625
1.0,16,0.394415
0.0,3,0.39462
0.0,9,0.395101
0.0,7,0.395483
0.0,8,0.395914
0.0,6,0.396248
0.0,7,0.396631
0.0,3,0.396842
0.0,2,0.397003
0.0,11,0.397552
0.0,6,0.3979
0.0,22,0.398947
0.0,4,0.399194
0.0,17,0.400033
0.0,28,0.401348
0.0,4,0.401596
1.0,12,0.402207
0.0,4,0.402452
0.0,25,0.403636
0.0,7,0.404038
0.0,3,0.404241
0.0,7,0.404617
0.0,11,0.405182
0.0,9,0.405648
0.0,3,0.405864
0.0,2,0.406022
0.0,1,0.406133
0.0,13,0.406783
0.0,14,0.407475
0.0,6,0.407819
0.0,13,0.408468
0.0,4,0.408713
0.0,3,0.408925
0.0,11,0.409484
0.0,8,0.409928
0.0,1,0.410043
0.0,5,0.410336
0.0,9,0.410813
0.0,15,0.41155
0.0,13,0.412204
0.0,3,0.412406
0.0,6,0.41274
0.0,5,0.413039
1.0,6,0.413372
0.0,3,0.413573
0.0,1,0.413683
0.0,8,0.414118
0.0,18,0.415001
0.0,1,0.415115
0.0,27,0.416387
0.0,20,0.417351
0.0,18,0.418229
0.0,1,0.418344
0.0,4,0.418591
0.0,4,0.418849
0.0,6,0.419187
0.0,5,0.419478
0.0,5,0.41978
0.0,7,0.420164
0.0,4,0.420411
0.0,28,0.421726
0.0,14,0.422426
0.0,8,0.422868
0.0,6,0.423208
0.0,7,0.423589
1.0,11,0.424161
0.0,2,0.424318
0.0,7,0.424696
0.0,12,0.42531
0.0,3,0.425515
0.0,3,0.425717
1.0,10,0.426236
0.0,8,0.426657
0.0,3,0.42687
0.0,4,0.427115
0.0,7,0.427495
0.0,11,0.428065
0.0,2,0.428224
0.0,10,0.428739
0.0,7,0.429127
0.0,5,0.42942
0.0,7,0.429828
0.0,9,0.430301
0.0,1,0.430415
0.0,4,0.430663
0.0,9,0.431143
0.0,6,0.431482
0.0,9,0.43196
0.0,4,0.432211
0.0,19,0.433138
0.0,3,0.433342
1.0,27,0.434681
0.0,7,0.435072
0.0,8,0.435498
1.0,12,0.436109
0.0,3,0.436314
0.0,3,0.436515
0.0,11,0.437081
0.0,2,0.437242
0.0,2,0.437397
0.0,10,0.437919
0.0,2,0.438078
0.0,10,0.43859
0.0,4,0.438845
1.0,7,0.439226
0.0,27,0.440495
0.0,12,0.441113
0.0,23,0.442207
0.0,3,0.442409
0.0,4,0.442654
0.0,6,0.442999
0.0,44,0.445025
0.0,4,0.445272
0.0,2,0.445431
0.0,4,0.44568
0.0,4,0.445939
0.0,4,0.446184
0.0,3,0.446387
0.0,9,0.44686
1.0,37,0.448574
0.0,6,0.448921
0.0,10,0.449434
0.0,2,0.449591
0.0,5,0.449902
0.0,3,0.450105
0.0,3,0.450306
0.0,2,0.450461
0.0,7,0.450849
0.0,11,0.451407
1.0,34,0.452997
0.0,25,0.454188
0.0,12,0.454799
0.0,1,0.454913
0.0,12,0.455513
0.0,5,0.455812
0.0,19,0.456723
0.0,2,0.45689
0.0,8,0.457317
0.0,14,0.458024
0.0,11,0.45858
0.0,7,0.458973
0.0,17,0.459813
0.0,6,0.46015
0.0,6,0.460491
0.0,4,0.46074
0.0,10,0.461261
0.0,2,0.461418
0.0,3,0.461622
0.0,13,0.462276
0.0,9,0.462748
0.0,17,0.463588
0.0,21,0.4646
0.0,1,0.464715
0.0,7,0.465102
0.0,4,0.465348
0.0,10,0.465871
0.0,2,0.466032
0.0,4,0.46628
0.0,14,0.466981
0.0,13,0.467623
0.0,8,0.468059
0.0,8,0.468482
1.0,20,0.469449
0.0,3,0.469651
0.0,2,0.469824
0.0,1,0.469938
0.0,5,0.470229
0.0,3,0.47043
0.0,2,0.470588
0.0,11,0.471153
0.0,4,0.471402
0.0,21,0.472412
0.0,4,0.472659
0.0,1,0.472779
0.0,7,0.47316
0.0,4,0.473404
0.0,1,0.473516
0.0,13,0.474172
0.0,8,0.474597
0.0,6,0.474939
0.0,16,0.475721
0.0,12,0.47633
0.0,4,0.476581
0.0,1,0.476693
0.0,10,0.477218
0.0,10,0.47773
0.0,2,0.477895
0.0,35,0.479516
0.0,18,0.480402
0.0,7,0.480795
0.0,4,0.481041
0.0,6,0.481375
0.0,6,0.48171
0.0,8,0.482144
0.0,12,0.482742
0.0,5,0.48304
0.0,4,0.483286
0.0,6,0.483629
0.0,2,0.483799
0.0,9,0.484264
0.0,4,0.484512
0.0,1,0.484622
0.0,4,0.484881
0.0,10,0.485393
0.0,8,0.485826
0.0,3,0.486031
0.0,11,0.486582
0.0,9,0.487056
0.0,5,0.487349
0.0,12,0.487963
0.0,25,0.489153
0.0,2,0.489313
1.0,17,0.490155
0.0,3,0.490371
0.0,3,0.490575
0.0,8,0.49101
0.0,5,0.491303
0.0,13,0.491956
0.0,3,0.492158
1.0,6,0.492497
0.0,2,0.492655
0.0,8,0.493093
0.0,2,0.493254
0.0,2,0.493409
0.0,9,0.493888
0.0,8,0.494315
0.0,6,0.494648
0.0,19,0.495564
0.0,2,0.495724
0.0,6,0.496069
0.0,4,0.496317
0.0,23,0.49741
0.0,3,0.497612
0.0,5,0.497912
0.0,17,0.498732
0.0,15,0.499467
0.0,2,0.499626
0.0,5,0.499936
0.0,9,0.500401
0.0,6,0.500738
0.0,12,0.501343
0.0,14,0.502049
0.0,1,0.502162
0.0,1,0.502272
0.0,2,0.50243
0.0,7,0.502822
0.0,11,0.503382
0.0,1,0.503493
0.0,8,0.503928
0.0,5,0.504221
1.0,24,0.505363
0.0,12,0.505985
0.0,12,0.506589
0.0,6,0.506934
0.0,2,0.507095
0.0,7,0.507473
0.0,11,0.50804
0.0,12,0.50864
0.0,6,0.50899
0.0,11,0.509552
0.0,7,0.509948
0.0,3,0.510153
0.0,3,0.510354
0.0,19,0.511275
0.0,3,0.511482
0.0,25,0.512666
0.0,13,0.513325
0.0,6,0.513666
0.0,3,0.513878
0.0,10,0.514389
0.0,16,0.515189
0.0,2,0.515348
0.0,6,0.515682
1.0,6,0.516029
0.0,8,0.516451
0.0,32,0.517957
0.0,3,0.518161
1.0,16,0.518952
0.0,8,0.519377
0.0,10,0.519904
0.0,23,0.521007
0.0,5,0.521303
0.0,8,0.521724
0.0,23,0.522823
0.0,1,0.522938
0.0,5,0.523231
0.0,4,0.52348
0.0,10,0.524
0.0,7,0.524386
1.0,9,0.524866
0.0,6,0.525205
0.0,3,0.525407
0.0,3,0.525614
1.0,20,0.526578
0.0,8,0.527014
0.0,11,0.52757
0.0,8,0.528008
0.0,4,0.528256
0.0,5,0.528547
0.0,7,0.528938
0.0,7,0.529317
0.0,18,0.530201
0.0,1,0.530318
1.0,16,0.531098
0.0,12,0.5317
0.0,1,0.531821
0.0,7,0.532201
0.0,27,0.533476
0.0,21,0.53456
0.0,15,0.535308
0.0,3,0.535517
0.0,1,0.53563
0.0,6,0.535977
0.0,6,0.536316
0.0,1,0.536429
0.0,15,0.537173
0.0,4,0.537426
0.0,20,0.538393
0.0,3,0.538598
0.0,1,0.538709
0.0,2,0.53888
0.0,10,0.539395
0.0,21,0.540409
0.0,7,0.540801
0.0,3,0.541006
0.0,3,0.541207
0.0,13,0.541862
0.0,1,0.541985
0.0,23,0.54309
0.0,10,0.543603
0.0,12,0.544215
0.0,4,0.544463
0.0,26,0.545697
0.0,3,0.54591
0.0,7,0.54629
0.0,5,0.546579
0.0,2,0.546735
0.0,5,0.547032
0.0,12,0.547633
0.0,2,0.547803
0.0,34,0.549386
0.0,4,0.549634
0.0,10,0.550168
0.0,2,0.550328
0.0,7,0.550708
0.0,1,0.550828
0.0,7,0.551209
0.0,14,0.55191
0.0,7,0.552296
0.0,2,0.552452
0.0,13,0.55311
0.0,7,0.553489
0.0,1,0.5536
0.0,2,0.553758
1.0,10,0.554281
0.0,8,0.554706
0.0,8,0.555142
0.0,1,0.555254
0.0,1,0.555365
0.0,6,0.555699
0.0,5,0.555999
0.0,12,0.556602
0.0,6,0.556948
0.0,8,0.557371
0.0,9,0.55785
0.0,16,0.55863
0.0,2,0.558799
0.0,5,0.55909
0.0,11,0.559649
1.0,12,0.560266
0.0,4,0.560518
1.0,20,0.56148
0.0,10,0.562002
0.0,5,0.562297
0.0,13,0.562951
0.0,14,0.56364
0.0,18,0.564518
1.0,13,0.56518
0.0,5,0.56547
1.0,13,0.566122
0.0,12,0.566721
0.0,16,0.567502
0.0,10,0.568031
0.0,4,0.568277
0.0,7,0.568661
0.0,8,0.569101
0.0,5,0.569391
0.0,5,0.569683
0.0,15,0.570434
0.0,2,0.570592
0.0,4,0.57085
0.0,11,0.571415
0.0,18,0.572295
0.0,2,0.572454
0.0,2,0.572611
0.0,3,0.572822
0.0,22,0.573872
0.0,2,0.57403
0.0,4,0.574276
0.0,3,0.574479
0.0,3,0.57468
0.0,3,0.574892
0.0,2,0.575053
0.0,2,0.575209
0.0,5,0.575497
0.0,6,0.575841
0.0,3,0.576046
0.0,7,0.576423
0.0,16,0.577205
0.0,8,0.577632
0.0,5,0.577936
0.0,9,0.578401
0.0,5,0.578693
0.0,4,0.578948
0.0,4,0.579195
0.0,3,0.579396
0.0,6,0.579728
0.0,4,0.579992
0.0,10,0.580504
0.0,6,0.580857
0.0,7,0.581241
0.0,4,0.58149
0.0,5,0.581789
0.0,5,0.582084
0.0,44,0.584111
0.0,3,0.584313
0.0,3,0.584514
0.0,5,0.584815
0.0,18,0.585681
0.0,8,0.586116
0.0,9,0.58659
0.0,2,0.58675
0.0,14,0.587448
0.0,14,0.588153
1.0,17,0.588988
0.0,3,0.589191
0.0,1,0.589301
0.0,7,0.589682
0.0,3,0.589901
0.0,7,0.590278
0.0,13,0.590934
0.0,36,0.592607
0.0,9,0.593091
0.0,5,0.593388
0.0,5,0.593685
0.0,4,0.593942
0.0,1,0.594055
0.0,3,0.594256
0.0,13,0.594914
0.0,8,0.595343
0.0,4,0.595592
0.0,10,0.596121
0.0,7,0.596505
0.0,10,0.59703
0.0,19,0.597949
0.0,13,0.598591
0.0,17,0.599428
0.0,1,0.599541
0.0,14,0.600243
0.0,4,0.600493
0.0,13,0.601149
0.0,4,0.601397
0.0,11,0.601969
0.0,17,0.602806
0.0,2,0.602967
0.0,11,0.603523
0.0,13,0.604208
0.0,9,0.604686
0.0,4,0.604946
0.0,4,0.605194
0.0,11,0.605752
0.0,25,0.606948
0.0,2,0.607111
0.0,16,0.607901
0.0,4,0.608158
0.0,19,0.609087
0.0,4,0.609338
0.0,7,0.609721
0.0,7,0.610115
0.0,4,0.610362
0.0,6,0.6107
0.0,11,0.611272
0.0,6,0.611611
1.0,12,0.612228
0.0,4,0.612476
0.0,24,0.613627
1.0,16,0.614423
0.0,4,0.614671
0.0,1,0.614792
0.0,17,0.615619
0.0,1,0.615731
0.0,5,0.61603
0.0,6,0.61637
0.0,16,0.617161
0.0,9,0.617636
0.0,21,0.618653
0.0,1,0.618776
0.0,3,0.61898
0.0,21,0.619998
0.0,2,0.62016
0.0,2,0.620319
0.0,9,0.6208
0.0,3,0.621003
0.0,18,0.621883
0.0,2,0.622044
0.0,3,0.62225
0.0,5,0.622541
0.0,5,0.622846
0.0,11,0.623409
0.0,8,0.623846
0.0,2,0.624007
0.0,27,0.625288
0.0,5,0.625582
0.0,5,0.625884
0.0,8,0.626315
0.0,7,0.6267
0.0,4,0.626957
0.0,7,0.627342
0.0,4,0.627591
0.0,4,0.627851
0.0,5,0.628146
0.0,2,0.628304
0.0,2,0.628464
0.0,7,0.628854
0.0,5,0.629148
0.0,2,0.629305
0.0,31,0.630773
1.0,13,0.631422
0.0,5,0.631716
0.0,4,0.631973
0.0,6,0.632311
0.0,3,0.632514
0.0,7,0.632903
0.0,13,0.633553
1.0,6,0.633961
0.0,4,0.634209
0.0,8,0.634632
0.0,8,0.63507
0.0,22,0.636129
0.0,2,0.636289
0.0,1,0.636402
0.0,2,0.636559
0.0,2,0.636715
0.0,2,0.636882
0.0,15,0.637625
0.0,10,0.638147
0.0,4,0.638395
0.0,1,0.638505
0.0,5,0.638805
0.0,11,0.639366
0.0,20,0.640347
0.0,3,0.640551
0.0,15,0.641301
0.0,14,0.642002
0.0,8,0.642429
0.0,1,0.64254
1.0,14,0.643238
0.0,6,0.643572
0.0,3,0.643785
0.0,12,0.644392
0.0,9,0.64487
0.0,14,0.645556
0.0,6,0.645905
0.0,7,0.646284
0.0,25,0.647472
0.0,11,0.64805
0.0,1,0.648162
0.0,7,0.648543
0.0,12,0.649158
0.0,4,0.649408
0.0,7,0.649803
0.0,2,0.649964
0.0,11,0.65052
0.0,3,0.650724
0.0,1,0.650843
0.0,3,0.651046
0.0,13,0.651686
1.0,16,0.65248
0.0,4,0.65273
0.0,4,0.652987
0.0,1,0.653102
0.0,9,0.653569
0.0,19,0.654498
0.0,9,0.654979
1.0,30,0.656392
0.0,1,0.656503
0.0,25,0.657687
0.0,3,0.657902
1.0,10,0.658412
1.0,7,0.658802
1.0,21,0.65982
0.0,12,0.660425
0.0,21,0.661426
0.0,5,0.661717
0.0,37,0.663442
0.0,4,0.663691
0.0,4,0.663953
0.0,10,0.664467
0.0,24,0.665615
0.0,8,0.666049
0.0,4,0.666295
0.0,25,0.667474
0.0,4,0.667723
0.0,2,0.66789
0.0,1,0.668001
0.0,2,0.668159
0.0,8,0.668582
0.0,12,0.669189
0.0,3,0.669393
0.0,18,0.670279
0.0,4,0.670526
0.0,4,0.670789
0.0,12,0.671391
0.0,15,0.672133
0.0,3,0.672336
0.0,10,0.672856
0.0,1,0.67297
0.0,5,0.673261
0.0,5,0.67355
0.0,9,0.67403
0.0,5,0.67432
0.0,9,0.674799
0.0,17,0.675625
0.0,4,0.675884
0.0,1,0.675997
0.0,9,0.676465
0.0,3,0.676667
0.0,6,0.677016
0.0,6,0.677351
0.0,7,0.677728
0.0,2,0.677894
0.0,18,0.678752
0.0,2,0.678923
0.0,3,0.679126
0.0,1,0.679236
0.0,6,0.679572
0.0,4,0.679834
0.0,32,0.681324
0.0,2,0.681483
0.0,1,0.681597
0.0,12,0.682214
0.0,5,0.682507
0.0,2,0.682666
1.0,15,0.683415
0.0,16,0.684205
0.0,4,0.684453
0.0,7,0.684846
0.0,4,0.685097
0.0,21,0.686105
0.0,11,0.686663
0.0,5,0.686966
0.0,5,0.68726
0.0,8,0.687682
0.0,2,0.687854
0.0,1,0.687965
0.0,4,0.68821
0.0,5,0.688498
0.0,3,0.688701
0.0,12,0.689307
0.0,5,0.689599
0.0,4,0.689863
0.0,4,0.690112
0.0,13,0.690754
1.0,61,0.693539
0.0,6,0.693886
0.0,23,0.694983
0.0,5,0.695279
1.0,12,0.695886
0.0,16,0.696661
0.0,9,0.697137
0.0,7,0.69752
1.0,15,0.698261
0.0,8,0.698691
0.0,3,0.698902
0.0,6,0.69924
0.0,14,0.699945
0.0,9,0.700416
0.0,1,0.700527
1.0,14,0.701236
0.0,7,0.701617
0.0,1,0.701728
0.0,6,0.702075
0.0,2,0.702235
0.0,16,0.703024
1.0,8,0.70345
1.0,27,0.704718
0.0,16,0.705497
0.0,12,0.706106
0.0,5,0.706397
0.0,23,0.707491
0.0,3,0.707694
0.0,13,0.708346
0.0,10,0.708874
0.0,4,0.709123
0.0,5,0.709414
0.0,2,0.709573
0.0,4,0.709834
0.0,14,0.710519
0.0,7,0.710907
0.0,14,0.711594
0.0,2,0.71175
1.0,13,0.712402
0.0,3,0.712601
0.0,10,0.713123
0.0,8,0.713549
0.0,10,0.714067
0.0,5,0.714357
0.0,3,0.71456
0.0,10,0.715079
0.0,4,0.715325
0.0,15,0.716069
0.0,8,0.716495
0.0,22,0.717547
0.0,10,0.718073
0.0,3,0.718279
0.0,2,0.718436
0.0,7,0.718828
0.0,11,0.719385
0.0,9,0.719868
0.0,5,0.720175
0.0,16,0.720959
0.0,15,0.721691
0.0,12,0.722302
0.0,3,0.722507
0.0,6,0.722851
0.0,9,0.72332
0.0,3,0.72352
0.0,27,0.724794
0.0,3,0.724997
0.0,3,0.725198
0.0,13,0.725849
0.0,7,0.726233
0.0,7,0.726614
0.0,13,0.727272
0.0,4,0.72752
0.0,6,0.727865
0.0,9,0.728331
0.0,28,0.729658
0.0,6,0.730016
0.0,19,0.730941
0.0,33,0.732475
0.0,8,0.732912
0.0,7,0.733294
0.0,1,0.733406
0.0,6,0.733738
1.0,29,0.735188
0.0,3,0.735392
0.0,34,0.736979
0.0,4,0.73723
0.0,3,0.737431
0.0,12,0.738039
0.0,9,0.73851
0.0,11,0.739081
0.0,14,0.739779
0.0,18,0.740642
0.0,2,0.740811
0.0,2,0.740968
0.0,4,0.741219
0.0,6,0.741558
0.0,2,0.741716
0.0,6,0.742063
0.0,2,0.74222
0.0,7,0.7426
0.0,13,0.743256
0.0,18,0.744144
0.0,1,0.744257
0.0,1,0.744367
0.0,9,0.74485
1.0,17,0.745677
0.0,8,0.74611
0.0,28,0.747427
0.0,3,0.747631
0.0,8,0.748064
0.0,9,0.748533
0.0,10,0.749059
0.0,5,0.749351
0.0,3,0.749552
0.0,5,0.749859
0.0,6,0.750194
0.0,3,0.750397
0.0,2,0.750553
0.0,1,0.750666
0.0,1,0.750787
0.0,5,0.75108
0.0,8,0.751507
0.0,5,0.751807
0.0,9,0.752277
0.0,6,0.75261
0.0,4,0.752866
0.0,9,0.753335
0.0,4,0.75358
0.0,19,0.754498
0.0,2,0.754656
0.0,3,0.754868
0.0,15,0.755599
0.0,14,0.756295
0.0,3,0.756497
0.0,7,0.756895
0.0,1,0.75701
0.0,8,0.757433
0.0,9,0.757916
0.0,8,0.758342
0.0,10,0.75886
0.0,3,0.759064
0.0,9,0.75953
0.0,3,0.759732
0.0,8,0.760173
0.0,3,0.760378
0.0,3,0.760581
0.0,6,0.760928
0.0,15,0.761655
0.0,1,0.761774
0.0,14,0.762461
0.0,7,0.762854
1.0,14,0.763541
0.0,6,0.76389
0.0,1,0.764004
1.0,15,0.764738
0.0,5,0.765035
0.0,5,0.765325
0.0,8,0.765747
0.0,3,0.765961
0.0,17,0.766787
0.0,4,0.767036
0.0,5,0.767325
0.0,3,0.767532
0.0,1,0.767641
0.0,4,0.767899
0.0,5,0.768189
0.0,3,0.76839
0.0,2,0.768548
0.0,18,0.76942
0.0,2,0.769578
0.0,10,0.77011
0.0,23,0.77121
0.0,6,0.771546
0.0,6,0.771897
0.0,3,0.7721
0.0,11,0.772656
0.0,4,0.772912
0.0,7,0.773292
0.0,20,0.774253
0.0,14,0.774951
1.0,34,0.776534
0.0,2,0.776691
0.0,5,0.77699
0.0,40,0.778845
0.0,16,0.779628
0.0,10,0.780156
0.0,8,0.780581
0.0,15,0.78133
0.0,13,0.781987
0.0,2,0.782148
0.0,10,0.78266
0.0,2,0.782826
0.0,5,0.78312
0.0,9,0.783588
0.0,2,0.783745
0.0,5,0.784046
0.0,36,0.785715
0.0,19,0.786636
0.0,21,0.787641
0.0,8,0.788075
0.0,4,0.788322
0.0,3,0.788526
0.0,4,0.788784
0.0,8,0.789212
0.0,22,0.79028
0.0,2,0.790438
0.0,1,0.790548
0.0,3,0.79075
0.0,1,0.790872
0.0,2,0.791029
0.0,7,0.791409
0.0,7,0.7918
0.0,3,0.792002
0.0,8,0.792426
0.0,3,0.792629
0.0,11,0.793196
0.0,4,0.793442
0.0,9,0.793927
0.0,18,0.794802
0.0,9,0.795269
0.0,3,0.795469
0.0,13,0.796124
0.0,16,0.796906
0.0,15,0.797636
0.0,34,0.799227
0.0,7,0.799607
0.0,8,0.800049
0.0,4,0.8003
0.0,1,0.800412
0.0,11,0.800974
0.0,15,0.801708
0.0,11,0.802275
0.0,5,0.802569
0.0,29,0.803945
0.0,12,0.804553
0.0,42,0.806493
0.0,7,0.806882
0.0,3,0.807084
0.0,20,0.808046
0.0,3,0.808253
0.0,15,0.808991
0.0,6,0.809332
0.0,3,0.809532
0.0,3,0.809733
0.0,7,0.810124
0.0,8,0.810545
0.0,5,0.81085
1.0,14,0.811535
0.0,12,0.812145
0.0,22,0.813197
0.0,7,0.81358
0.0,3,0.813792
0.0,67,0.81684
0.0,5,0.817131
0.0,12,0.817725
0.0,11,0.818288
1.0,6,0.818625
0.0,9,0.819102
0.0,28,0.820423
0.0,11,0.820993
0.0,5,0.821285
0.0,22,0.822334
0.0,3,0.822537
0.0,1,0.822647
0.0,15,0.82339
0.0,26,0.82462
0.0,1,0.824735
0.0,4,0.824992
0.0,8,0.825414
0.0,4,0.825659
0.0,13,0.826315
0.0,4,0.826561
0.0,6,0.826905
0.0,6,0.827242
1.0,12,0.827852
0.0,9,0.828322
0.0,2,0.828481
0.0,1,0.828591
0.0,16,0.829376
0.0,21,0.830392
0.0,7,0.830779
0.0,10,0.831297
0.0,15,0.832039
0.0,15,0.832778
0.0,24,0.833916
0.0,2,0.834132
0.0,2,0.834292
0.0,8,0.834721
0.0,4,0.834981
0.0,4,0.835227
0.0,5,0.835515
0.0,7,0.835908
0.0,4,0.836157
0.0,1,0.836267
0.0,3,0.836467
0.0,3,0.836667
0.0,4,0.836922
0.0,17,0.837735
0.0,5,0.838032
0.0,19,0.838949
0.0,21,0.839958
0.0,14,0.840642
0.0,16,0.84143
0.0,11,0.842
0.0,5,0.842293
0.0,6,0.842629
0.0,12,0.843239
0.0,8,0.843661
0.0,5,0.843962
0.0,1,0.84409
0.0,7,0.844468
0.0,19,0.845386
0.0,3,0.845589
0.0,31,0.84705
0.0,2,0.847211
0.0,17,0.848041
0.0,7,0.848423
0.0,6,0.848762
0.0,2,0.848933
0.0,2,0.849089
0.0,3,0.849292
0.0,5,0.84958
0.0,4,0.849844
0.0,9,0.850312
0.0,17,0.851142
0.0,4,0.851388
0.0,10,0.851914
0.0,9,0.852384
0.0,4,0.852632
0.0,8,0.853067
0.0,13,0.853714
0.0,8,0.854147
0.0,23,0.855239
0.0,5,0.85553
0.0,1,0.855643
0.0,4,0.855901
0.0,1,0.856015
0.0,3,0.856217
0.0,3,0.856417
0.0,3,0.85662
0.0,24,0.857752
0.0,13,0.858403
0.0,12,0.859015
0.0,11,0.859573
0.0,5,0.859883
0.0,18,0.860744
0.0,6,0.861087
0.0,14,0.861785
0.0,17,0.862603
1.0,12,0.863211
0.0,19,0.864132
0.0,24,0.86527
0.0,4,0.865519
0.0,31,0.866976
0.0,4,0.867224
0.0,5,0.867511
0.0,13,0.868165
0.0,9,0.868656
0.0,39,0.870474
0.0,18,0.871357
0.0,5,0.871649
0.0,6,0.871994
0.0,1,0.872106
0.0,7,0.872485
0.0,1,0.872596
0.0,29,0.873971
0.0,12,0.874568
0.0,35,0.876205
1.0,8,0.876629
0.0,16,0.87742
0.0,7,0.87781
1.0,33,0.879359
0.0,4,0.879605
0.0,1,0.879715
0.0,2,0.879889
0.0,16,0.88067
0.0,7,0.881063
0.0,11,0.881616
0.0,2,0.881784
0.0,8,0.882205
0.0,7,0.882588
0.0,2,0.882744
0.0,3,0.882955
0.0,3,0.883155
0.0,14,0.883854
0.0,2,0.884012
0.0,3,0.884216
0.0,9,0.884679
0.0,12,0.885286
0.0,5,0.885579
0.0,4,0.885838
0.0,6,0.886175
0.0,7,0.88655
0.0,3,0.886755
0.0,7,0.887145
0.0,5,0.887439
0.0,6,0.887784
0.0,6,0.888119
0.0,20,0.889082
0.0,3,0.889287
0.0,6,0.889621
0.0,10,0.890147
0.0,5,0.890437
0.0,3,0.890641
0.0,5,0.890942
1.0,30,0.892346
0.0,17,0.893178
0.0,3,0.893384
0.0,26,0.894609
0.0,16,0.895402
0.0,6,0.895738
1.0,18,0.896609
0.0,9,0.897088
0.0,2,0.897247
0.0,9,0.897712
0.0,23,0.898816
0.0,3,0.899022
0.0,8,0.899443
0.0,7,0.899841
0.0,15,0.900573
0.0,8,0.901005
0.0,3,0.901207
0.0,3,0.901408
0.0,1,0.901518
0.0,9,0.902002
0.0,18,0.902876
0.0,6,0.903212
0.0,3,0.903413
0.0,4,0.903658
0.0,5,0.903959
0.0,7,0.904341
1.0,24,0.90548
0.0,11,0.906045
0.0,10,0.906557
0.0,8,0.906988
0.0,1,0.907103
0.0,2,0.907261
0.0,5,0.90755
0.0,40,0.909396
0.0,25,0.910586
0.0,4,0.910845
0.0,6,0.911179
0.0,2,0.911335
0.0,3,0.911534
0.0,9,0.912014
0.0,4,0.91226
0.0,9,0.912724
0.0,4,0.912979
0.0,3,0.913181
0.0,1,0.913291
0.0,8,0.913718
0.0,12,0.914326
0.0,8,0.914754
0.0,12,0.915365
0.0,5,0.915653
0.0,3,0.915865
0.0,8,0.916288
0.0,14,0.916982
0.0,11,0.91754
1.0,8,0.917975
0.0,5,0.91827
0.0,5,0.91856
0.0,20,0.919513
0.0,5,0.919823
0.0,17,0.920642
0.0,3,0.920862
0.0,11,0.921422
0.0,18,0.922297
0.0,4,0.922548
0.0,2,0.922704
0.0,4,0.922958
0.0,3,0.923161
0.0,4,0.923408
0.0,8,0.923843
0.0,8,0.924267
0.0,3,0.924468
0.0,5,0.924757
0.0,10,0.925283
0.0,10,0.925805
0.0,2,0.925965
0.0,14,0.926653
0.0,9,0.927131
0.0,16,0.927919
0.0,6,0.928259
1.0,6,0.928596
0.0,5,0.928895
0.0,4,0.929142
0.0,3,0.929346
0.0,3,0.929546
0.0,4,0.929808
0.0,1,0.929921
0.0,3,0.930122
0.0,2,0.930281
0.0,2,0.930437
0.0,10,0.930957
0.0,5,0.931251
0.0,7,0.931632
0.0,8,0.932061
0.0,4,0.932307
0.0,9,0.932786
0.0,13,0.93343
0.0,8,0.933864
0.0,6,0.9342
0.0,6,0.934595
0.0,2,0.934752
0.0,3,0.934962
0.0,10,0.935471
0.0,8,0.935907
0.0,14,0.936596
0.0,7,0.936986
0.0,1,0.937099
0.0,6,0.937434
0.0,8,0.937865
0.0,13,0.93851
0.0,8,0.938944
0.0,7,0.93932
0.0,7,0.939695
0.0,21,0.940702
0.0,9,0.941182
0.0,8,0.941608
0.0,5,0.941912
0.0,4,0.942158
0.0,13,0.942814
1.0,8,0.943238
0.0,2,0.943393
0.0,6,0.943724
0.0,1,0.943843
0.0,5,0.944133
0.0,7,0.94451
0.0,4,0.944759
0.0,2,0.944928
0.0,1,0.945038
1.0,22,0.946084
0.0,4,0.946332
1.0,8,0.946754
0.0,1,0.946874
0.0,2,0.947031
0.0,1,0.94714
0.0,1,0.94725
0.0,1,0.947359
0.0,3,0.94756
0.0,4,0.947814
0.0,1,0.947926
0.0,3,0.948127
0.0,1,0.948237
0.0,2,0.948396
0.0,3,0.948596
0.0,9,0.949074
0.0,4,0.949323
0.0,17,0.950161
0.0,5,0.950453
0.0,13,0.951105
0.0,28,0.952421
0.0,6,0.952762
0.0,5,0.953066
0.0,10,0.953577
1.0,17,0.95441
0.0,3,0.954613
0.0,1,0.954726
0.0,3,0.954937
0.0,2,0.955094
0.0,1,0.955205
0.0,4,0.955464
0.0,2,0.955623
0.0,1,0.955733
0.0,6,0.956077
0.0,1,0.956189
0.0,17,0.957016
0.0,4,0.957263
0.0,30,0.958666
0.0,2,0.958835
0.0,5,0.959128
0.0,13,0.959786
0.0,4,0.960038
0.0,9,0.960505
0.0,14,0.961205
0.0,2,0.961365
0.0,3,0.961567
0.0,12,0.962173
0.0,8,0.962593
0.0,4,0.962852
0.0,4,0.963101
0.0,9,0.963573
0.0,6,0.963922
0.0,1,0.964036
0.0,3,0.964236
0.0,9,0.964704
0.0,17,0.96553
0.0,12,0.966137
1.0,18,0.967017
0.0,4,0.967265
0.0,8,0.967687
0.0,5,0.967986
0.0,30,0.969393
0.0,5,0.969683
0.0,3,0.969904
0.0,3,0.970106
0.0,5,0.970397
0.0,5,0.970686
0.0,6,0.971033
0.0,7,0.971415
0.0,2,0.971571
0.0,3,0.971782
0.0,2,0.971939
0.0,7,0.97232
0.0,5,0.972608
0.0,1,0.97272
1.0,27,0.97399
0.0,2,0.974147
0.0,35,0.975771
1.0,12,0.976377
0.0,3,0.976577
0.0,3,0.976787
0.0,7,0.977167
0.0,15,0.97791
0.0,22,0.978962
0.0,8,0.979389
0.0,10,0.979914
0.0,3,0.980119
0.0,21,0.981127
0.0,5,0.981422
0.0,1,0.981533
0.0,6,0.98188
0.0,1,0.981992
0.0,23,0.983093
0.0,11,0.983652
0.0,4,0.983912
0.0,3,0.984118
0.0,8,0.984539
0.0,18,0.985418
0.0,6,0.985755
1.0,11,0.98632
0.0,4,0.986563
1.0,16,0.987349
0.0,11,0.987922
0.0,6,0.988257
0.0,1,0.98837
0.0,3,0.988574
0.0,7,0.988963
1.0,14,0.98965
0.0,18,0.990527
0.0,5,0.990832
0.0,1,0.990947
0.0,4,0.991195
0.0,6,0.991534
0.0,6,0.991877
0.0,3,0.992081
0.0,5,0.992371
0.0,3,0.992576
0.0,6,0.992925
0.0,6,0.993263
0.0,3,0.993464
0.0,2,0.99362
0.0,7,0.994011
0.0,4,0.994258
0.0,2,0.994414
0.0,10,0.994936
0.0,9,0.995408
0.0,6,0.995745
0.0,11,0.996314
0.0,9,0.99679
0.0,4,0.997039
0.0,7,0.997421
0.0,4,0.997669
0.0,34,0.999259
0.0,4,0.999507
0.0,10,1.000039
0.0,12,1.000643
0.0,6,1.00099
0.0,10,1.001506
0.0,8,1.00194
0.0,13,1.002586
0.0,5,1.002887
0.0,3,1.003089
0.0,10,1.003595
0.0,5,1.003901
0.0,10,1.004413
0.0,8,1.004852
0.0,2,1.005009
0.0,2,1.005168
0.0,1,1.005278
0.0,29,1.006636
0.0,9,1.007123
0.0,9,1.007592
0.0,11,1.008158
0.0,8,1.008584
0.0,1,1.008694
0.0,47,1.010874
0.0,11,1.011434
0.0,5,1.011723
0.0,7,1.012112
0.0,12,1.012711
0.0,3,1.012924
0.0,20,1.013887
0.0,23,1.014989
0.0,11,1.015547
0.0,9,1.016027
0.0,6,1.016363
0.0,10,1.016887
0.0,4,1.017136
0.0,7,1.017514
0.0,7,1.017906
0.0,5,1.018197
0.0,6,1.018533
0.0,11,1.019099
0.0,6,1.019437
0.0,4,1.019681
0.0,1,1.019807
0.0,11,1.020363
0.0,6,1.020696
0.0,10,1.021215
0.0,8,1.021636
0.0,3,1.021851
0.0,10,1.022362
0.0,7,1.022738
0.0,8,1.02317
0.0,3,1.023376
0.0,1,1.023488
0.0,8,1.023922
0.0,3,1.024124
0.0,11,1.024677
0.0,7,1.025064
0.0,3,1.025267
0.0,15,1.026015
0.0,4,1.026265
0.0,16,1.027053
0.0,4,1.0273
0.0,15,1.028045
0.0,6,1.028379
0.0,5,1.028672
0.0,3,1.028885
0.0,8,1.02931
0.0,5,1.029605
0.0,12,1.030219
0.0,3,1.030422
0.0,1,1.030533
0.0,4,1.030791
0.0,7,1.031175
1.0,13,1.031833
0.0,3,1.032035
0.0,3,1.032236
0.0,6,1.032569
0.0,7,1.032961
0.0,2,1.03312
0.0,2,1.033277
0.0,8,1.033701
0.0,6,1.03405
0.0,1,1.034165
0.0,33,1.035708
0.0,14,1.036469
0.0,4,1.036719
0.0,13,1.037375
1.0,21,1.038384
0.0,6,1.038719
0.0,11,1.039285
0.0,8,1.039711
0.0,11,1.040292
0.0,11,1.040864
0.0,6,1.041204
0.0,5,1.041495
0.0,7,1.041886
0.0,15,1.042624
0.0,25,1.043821
0.0,3,1.044028
0.0,3,1.044229
0.0,8,1.044655
0.0,13,1.045314
0.0,25,1.046501
0.0,11,1.047069
0.0,23,1.048164
0.0,4,1.04841
0.0,22,1.049465
0.0,1,1.049577
0.0,11,1.050153
1.0,8,1.050583
0.0,9,1.051063
1.0,12,1.051662
0.0,5,1.051962
0.0,8,1.052387
0.0,6,1.052724
0.0,5,1.053022
0.0,5,1.053312
0.0,3,1.053515
0.0,3,1.053716
0.0,9,1.05419
0.0,5,1.054481
0.0,3,1.054681
0.0,3,1.054895
0.0,2,1.055053
1.0,10,1.055563
1.0,16,1.05635
0.0,11,1.056916
0.0,3,1.057117
0.0,29,1.058474
0.0,19,1.059396
0.0,8,1.059839
0.0,3,1.060042
0.0,20,1.061004
0.0,18,1.061879
0.0,2,1.062038
0.0,2,1.062196
0.0,20,1.063157
0.0,7,1.063535
0.0,1,1.063645
0.0,2,1.063814
0.0,10,1.064327
0.0,10,1.064854
0.0,1,1.064966
0.0,8,1.06539
0.0,5,1.065682
0.0,25,1.066871
0.0,36,1.068527
0.0,4,1.068787
1.0,12,1.069388
0.0,15,1.070134
1.0,23,1.071245
0.0,4,1.071493
0.0,3,1.071699
0.0,10,1.072224
0.0,6,1.072563
0.0,15,1.073306
0.0,13,1.07396
1.0,17,1.074795
0.0,4,1.075042
0.0,8,1.075468
0.0,13,1.07612
0.0,9,1.076585
0.0,11,1.077153
0.0,8,1.07758
0.0,2,1.077736
1.0,25,1.07893
0.0,14,1.079624
0.0,4,1.079891
0.0,7,1.080276
0.0,9,1.080743
0.0,7,1.081137
0.0,2,1.081297
0.0,2,1.081457
0.0,2,1.081616
1.0,20,1.082583
0.0,7,1.082981
0.0,14,1.083675
0.0,6,1.084026
0.0,16,1.084819
0.0,5,1.085111
0.0,2,1.085268
0.0,16,1.086053
0.0,5,1.086348
0.0,2,1.086504
0.0,1,1.086614
0.0,11,1.087182
0.0,2,1.08734
1.0,27,1.088606
0.0,19,1.089539
0.0,2,1.0897
1.0,10,1.090228
0.0,5,1.090519
0.0,9,1.091001
0.0,18,1.091882
0.0,13,1.092532
0.0,5,1.092835
0.0,6,1.093175
0.0,2,1.093336
1.0,9,1.093815
0.0,8,1.094239
1.0,13,1.0949
0.0,12,1.095505
0.0,5,1.095807
0.0,2,1.095965
1.0,19,1.096892
0.0,7,1.097292
0.0,4,1.097539
0.0,8,1.097979
0.0,6,1.098318
0.0,9,1.098793
0.0,3,1.098996
0.0,2,1.099152
0.0,1,1.099265
0.0,6,1.099598
0.0,9,1.100083
0.0,22,1.101139
0.0,7,1.101519
0.0,5,1.101818
0.0,2,1.101976
0.0,3,1.102177
0.0,5,1.102468
0.0,3,1.102669
0.0,4,1.102926
0.0,5,1.103216
0.0,5,1.103508
0.0,4,1.103753
0.0,10,1.104278
0.0,8,1.104703
0.0,2,1.104871
0.0,7,1.105252
0.0,3,1.105452
0.0,3,1.105655
0.0,1,1.105775
0.0,1,1.105888
0.0,1,1.105999
0.0,19,1.106924
0.0,21,1.107933
0.0,3,1.108136
0.0,8,1.108558
0.0,2,1.108714
0.0,1,1.108835
0.0,4,1.109085
0.0,2,1.109241
0.0,7,1.109618
0.0,3,1.109838
0.0,14,1.110524
0.0,3,1.110729
0.0,9,1.111207
0.0,2,1.111366
0.0,15,1.112115
0.0,10,1.11263
0.0,12,1.113244
0.0,18,1.114129
0.0,13,1.11479
0.0,6,1.115127
0.0,6,1.11546
0.0,10,1.11598
0.0,2,1.116137
0.0,4,1.116385
0.0,9,1.11686
0.0,2,1.117017
0.0,10,1.11753
0.0,15,1.118275
0.0,6,1.118613
0.0,8,1.119048
0.0,15,1.119799
0.0,1,1.119911
0.0,24,1.121056
0.0,13,1.121704
0.0,6,1.122048
0.0,10,1.122565
0.0,18,1.123443
0.0,3,1.123649
0.0,14,1.124348
0.0,21,1.125361
0.0,5,1.125652
0.0,15,1.126398
0.0,4,1.126648
0.0,8,1.127081
0.0,11,1.12764
0.0,7,1.128034
0.0,8,1.128459
0.0,3,1.128659
0.0,5,1.128963
0.0,9,1.129433
0.0,1,1.129545
0.0,2,1.129702
0.0,14,1.130407
0.0,6,1.130741
0.0,3,1.130952
0.0,32,1.132445
0.0,1,1.132557
0.0,4,1.132814
0.0,10,1.133331
0.0,5,1.133621
0.0,13,1.134279
0.0,3,1.134485
0.0,1,1.134595
0.0,1,1.134706
0.0,23,1.135813
0.0,8,1.136238
0.0,4,1.136548
0.0,16,1.137343
0.0,8,1.137783
0.0,9,1.138253
0.0,1,1.138366
0.0,11,1.13894
0.0,11,1.139501
0.0,18,1.140385
1.0,16,1.141174
0.0,4,1.141419
0.0,11,1.141987
0.0,14,1.142671
0.0,2,1.142843
0.0,5,1.143139
1.0,15,1.143886
0.0,7,1.144271
0.0,6,1.144604
0.0,3,1.144819
0.0,32,1.146317
0.0,8,1.146739
0.0,6,1.147081
0.0,6,1.147418
0.0,4,1.147662
0.0,47,1.149835
0.0,6,1.150174
1.0,11,1.150734
0.0,29,1.152101
0.0,44,1.154138
0.0,5,1.15443
0.0,2,1.154588
0.0,5,1.154892
0.0,22,1.155951
0.0,13,1.156593
1.0,14,1.157289
0.0,10,1.157817
0.0,3,1.158023
0.0,1,1.158134
0.0,14,1.158833
0.0,13,1.159474
0.0,10,1.160003
0.0,5,1.160295
0.0,11,1.160858
0.0,1,1.160973
0.0,5,1.161266
0.0,2,1.161424
0.0,14,1.162124
0.0,6,1.162462
0.0,24,1.163603
0.0,8,1.164041
0.0,18,1.164921
0.0,8,1.165343
1.0,21,1.16636
0.0,1,1.166472
0.0,4,1.166719
0.0,5,1.167019
0.0,15,1.167751
0.0,8,1.168186
0.0,27,1.16946
0.0,9,1.16995
0.0,11,1.170507
0.0,13,1.171164
0.0,3,1.171366
0.0,6,1.171702
0.0,15,1.17244
0.0,2,1.172602
0.0,8,1.17304
0.0,6,1.173377
0.0,1,1.17349
0.0,3,1.173692
0.0,9,1.174173
0.0,4,1.174422
1.0,25,1.175607
0.0,4,1.175864
0.0,9,1.176334
0.0,13,1.176988
0.0,8,1.177418
0.0,3,1.177621
0.0,6,1.177971
0.0,11,1.178525
0.0,3,1.178729
0.0,10,1.179252
0.0,12,1.179873
0.0,4,1.180119
0.0,32,1.18161
0.0,10,1.182136
0.0,9,1.182611
0.0,11,1.18318
0.0,8,1.183605
0.0,3,1.183818
0.0,7,1.184201
0.0,11,1.184754
0.0,4,1.185011
0.0,8,1.185499
0.0,3,1.185701
0.0,2,1.185891
0.0,2,1.186048
0.0,11,1.186685
0.0,4,1.186955
0.0,4,1.187202
0.0,7,1.18758
0.0,5,1.187882
0.0,5,1.18819
0.0,2,1.188348
0.0,7,1.188727
0.0,7,1.189119
0.0,4,1.18937
0.0,4,1.189615
0.0,3,1.189836
0.0,3,1.190039
0.0,3,1.190239
0.0,2,1.190396
0.0,18,1.191279
0.0,2,1.191441
0.0,5,1.191733
0.0,6,1.19208
0.0,2,1.192241
0.0,14,1.19294
0.0,12,1.193548
0.0,2,1.193708
0.0,8,1.194141
0.0,12,1.194745
0.0,10,1.195267
0.0,9,1.195741
0.0,1,1.195862
0.0,7,1.196241
0.0,3,1.196447
0.0,7,1.196838
0.0,2,1.196996
0.0,7,1.197377
0.0,11,1.197944
0.0,3,1.198146
0.0,26,1.199371
1.0,13,1.200035
0.0,4,1.200282
0.0,9,1.200747
0.0,36,1.202435
0.0,28,1.203759
0.0,7,1.204157
0.0,2,1.204314
0.0,10,1.204836
0.0,5,1.205131
1.0,7,1.205509
0.0,4,1.205753
0.0,11,1.206318
0.0,3,1.206524
0.0,18,1.207404
0.0,5,1.207695
0.0,8,1.208131
0.0,4,1.208379
0.0,7,1.208758
0.0,1,1.208881
0.0,6,1.209214
0.0,7,1.209592
0.0,4,1.209855
0.0,3,1.210062
0.0,4,1.21031
1.0,30,1.211717
1.0,9,1.212196
0.0,25,1.21338
0.0,8,1.21382
0.0,6,1.214155
0.0,1,1.214268
0.0,8,1.214689
0.0,8,1.215125
0.0,18,1.216
0.0,8,1.216429
1.0,19,1.217356
1.0,18,1.21823
0.0,5,1.218519
0.0,4,1.218776
0.0,11,1.21933
0.0,2,1.219488
0.0,6,1.219843
0.0,4,1.220089
0.0,3,1.22029
0.0,7,1.220671
0.0,7,1.221063
0.0,14,1.221755
0.0,5,1.222057
0.0,9,1.222522
0.0,20,1.22349
0.0,3,1.223694
1.0,15,1.224433
0.0,15,1.225176
1.0,10,1.225688
0.0,16,1.22648
0.0,6,1.226834
0.0,10,1.227348
0.0,4,1.227592
1.0,14,1.228288
0.0,24,1.229429
0.0,9,1.229918
0.0,10,1.230429
0.0,28,1.231751
0.0,8,1.232184
0.0,23,1.233281
0.0,21,1.234291
0.0,3,1.234499
0.0,11,1.235066
0.0,3,1.235268
0.0,4,1.235513
0.0,2,1.235671
0.0,6,1.236015
0.0,4,1.236261
0.0,3,1.23646
0.0,11,1.237033
0.0,3,1.237235
0.0,4,1.237481
0.0,5,1.237779
1.0,9,1.238252
0.0,7,1.238631
0.0,3,1.238843
0.0,9,1.239311
0.0,3,1.239511
0.0,3,1.239714
0.0,13,1.240369
0.0,3,1.240572
0.0,3,1.240846
0.0,2,1.241008
0.0,2,1.241164
0.0,2,1.24132
0.0,8,1.241742
0.0,38,1.243518
0.0,2,1.243676
0.0,16,1.244466
0.0,18,1.245346
0.0,18,1.246229
1.0,6,1.246568
0.0,5,1.246875
0.0,9,1.247345
0.0,5,1.247638
0.0,6,1.247988
0.0,24,1.249131
0.0,5,1.249426
0.0,9,1.249911
0.0,4,1.250159
0.0,27,1.25143
0.0,8,1.251863
0.0,5,1.252153
0.0,11,1.252709
0.0,3,1.252923
0.0,7,1.253304
0.0,4,1.253549
0.0,10,1.254073
0.0,12,1.254681
0.0,6,1.255025
0.0,4,1.255275
0.0,5,1.255568
0.0,2,1.255727
0.0,4,1.255982
0.0,5,1.256276
0.0,19,1.257198
0.0,4,1.257448
0.0,4,1.257693
0.0,3,1.257905
0.0,8,1.258327
0.0,22,1.25939
0.0,5,1.259682
0.0,22,1.260748
0.0,5,1.26105
0.0,8,1.261477
0.0,4,1.261725
0.0,11,1.262293
0.0,19,1.263216
0.0,6,1.263551
0.0,3,1.263755
0.0,5,1.264059
0.0,5,1.264349
0.0,12,1.26496
0.0,21,1.266042
0.0,5,1.266364
0.0,5,1.266657
0.0,7,1.267053
0.0,1,1.267168
0.0,5,1.26746
0.0,2,1.267621
0.0,12,1.268242
0.0,2,1.268403
0.0,2,1.268561
0.0,4,1.268822
0.0,17,1.26965
0.0,5,1.269965
0.0,7,1.270351
0.0,5,1.270649
0.0,13,1.271309
1.0,10,1.271837
0.0,3,1.272043
1.0,8,1.272472
0.0,7,1.272866
0.0,18,1.273741
0.0,7,1.274137
0.0,24,1.27529
0.0,4,1.275544
0.0,11,1.276116
0.0,6,1.276455
0.0,6,1.276806
1.0,8,1.277238
0.0,9,1.277716
0.0,3,1.277932
0.0,2,1.278092
1.0,11,1.278657
0.0,2,1.278827
1.0,7,1.279211
0.0,9,1.279681
0.0,4,1.279948
0.0,6,1.280289
0.0,6,1.280631
0.0,8,1.281072
0.0,4,1.281323
0.0,7,1.281703
0.0,3,1.281919
0.0,8,1.282346
0.0,2,1.282506
0.0,23,1.283608
0.0,24,1.284775
1.0,19,1.285698
0.0,4,1.285955
0.0,6,1.286297
0.0,6,1.286634
0.0,5,1.286942
0.0,5,1.287237
0.0,1,1.287351
0.0,8,1.287785
1.0,10,1.288305
0.0,10,1.28883
0.0,44,1.290893
0.0,4,1.291147
0.0,4,1.291399
0.0,7,1.291793
0.0,1,1.291909
0.0,7,1.292295
0.0,2,1.292453
0.0,12,1.293071
0.0,5,1.293367
0.0,6,1.293705
0.0,2,1.293874
0.0,8,1.294302
0.0,9,1.29478
0.0,18,1.295653
0.0,12,1.296269
0.0,17,1.297105
0.0,21,1.298116
0.0,6,1.298459
0.0,31,1.299939
0.0,17,1.300782
0.0,35,1.302421
0.0,14,1.303137
0.0,6,1.303476
0.0,7,1.303873
0.0,9,1.304348
0.0,2,1.304508
0.0,11,1.305084
0.0,10,1.305612
0.0,1,1.305725
0.0,6,1.306077
0.0,10,1.3066
0.0,4,1.30686
0.0,15,1.307611
0.0,7,1.308007
0.0,10,1.308523
0.0,8,1.308966
0.0,2,1.309128
0.0,1,1.309239
0.0,3,1.309445
0.0,3,1.30965
0.0,19,1.310584
0.0,6,1.310943
0.0,3,1.311151
0.0,3,1.311353
0.0,6,1.311692
0.0,5,1.311995
0.0,7,1.312379
0.0,5,1.31267
0.0,11,1.313239
0.0,6,1.313577
0.0,11,1.314148
0.0,10,1.314667
0.0,12,1.315281
0.0,2,1.315443
0.0,2,1.315603
0.0,15,1.316354
0.0,9,1.31684
0.0,21,1.317853
0.0,9,1.318329
0.0,16,1.319126
0.0,3,1.319331
0.0,21,1.320359
0.0,9,1.320847
0.0,3,1.321052
0.0,1,1.321163
0.0,1,1.321274
0.0,21,1.322296
0.0,3,1.322501
0.0,1,1.322613
0.0,3,1.322829
0.0,5,1.323123
0.0,10,1.323641
0.0,9,1.324122
0.0,2,1.324284
0.0,11,1.324857
0.0,11,1.325421
0.0,16,1.326218
0.0,9,1.32669
0.0,11,1.327264
0.0,14,1.327969
0.0,15,1.328706
0.0,9,1.329191
0.0,7,1.329579
0.0,5,1.329888
0.0,1,1.330001
0.0,1,1.330115
0.0,6,1.330456
0.0,3,1.330662
0.0,9,1.331142
0.0,16,1.331935
0.0,8,1.332364
0.0,16,1.333162
0.0,13,1.333826
0.0,24,1.334976
0.0,6,1.335318
1.0,17,1.336163
0.0,5,1.336457
0.0,26,1.337693
0.0,20,1.338677
0.0,8,1.339122
0.0,1,1.339235
0.0,12,1.339856
0.0,6,1.340195
1.0,19,1.341123
0.0,18,1.34201
0.0,20,1.342982
0.0,4,1.343233
0.0,11,1.343865
0.0,3,1.344071
1.0,16,1.344866
0.0,10,1.345386
0.0,9,1.345871
0.0,6,1.346211
0.0,6,1.346553
0.0,5,1.346857
0.0,2,1.347016
0.0,4,1.347264
0.0,7,1.34765
0.0,5,1.347956
0.0,1,1.348069
0.0,4,1.348317
0.0,1,1.348428
0.0,6,1.348773
0.0,4,1.349023
0.0,1,1.349134
0.0,2,1.349292
0.0,4,1.349543
0.0,7,1.349945
0.0,3,1.35015
1.0,8,1.35058
1.0,44,1.352628
0.0,51,1.355012
0.0,5,1.355312
1.0,31,1.356783
0.0,1,1.356896
0.0,3,1.357099
0.0,11,1.357658
0.0,23,1.35876
0.0,10,1.35929
0.0,1,1.359401
0.0,22,1.36046
0.0,17,1.3613
0.0,12,1.361922
0.0,33,1.363474
0.0,4,1.363723
0.0,1,1.363844
0.0,13,1.3645
0.0,17,1.365342
0.0,6,1.36568
0.0,2,1.365849
0.0,7,1.36623
0.0,12,1.366839
0.0,1,1.366952
0.0,9,1.367427
0.0,18,1.368311
0.0,20,1.369289
0.0,5,1.369589
0.0,13,1.370255
0.0,20,1.371223
0.0,4,1.371473
0.0,9,1.371953
0.0,12,1.372556
0.0,7,1.372953
0.0,14,1.373649
0.0,6,1.373998
0.0,4,1.374248
0.0,4,1.374495
0.0,10,1.375026
1.0,10,1.375543
0.0,1,1.375654
0.0,4,1.375911
0.0,13,1.376567
0.0,9,1.377055
0.0,11,1.377618
0.0,5,1.377926
0.0,2,1.378087
0.0,4,1.378334
0.0,13,1.378998
0.0,11,1.379565
0.0,1,1.379679
1.0,13,1.380348
0.0,2,1.380506
1.0,10,1.38103
0.0,4,1.381278
0.0,11,1.381852
0.0,7,1.382236
0.0,3,1.382442
0.0,2,1.382603
0.0,7,1.382993
0.0,2,1.383153
0.0,1,1.383266
0.0,23,1.384368
0.0,15,1.385117
0.0,11,1.385683
0.0,4,1.385941
0.0,9,1.386415
0.0,13,1.387078
0.0,1,1.387193
0.0,6,1.38753
0.0,3,1.387732
0.0,10,1.388255
0.0,16,1.389056
0.0,18,1.389946
0.0,8,1.390378
0.0,2,1.390536
1.0,9,1.391015
1.0,9,1.391487
0.0,5,1.391794
0.0,4,1.392042
0.0,33,1.393594
0.0,28,1.394943
0.0,7,1.395342
0.0,4,1.395589
0.0,23,1.396699
0.0,5,1.397008
0.0,25,1.398206
0.0,10,1.398725
0.0,3,1.398937
0.0,3,1.399141
0.0,8,1.399567
0.0,24,1.400721
0.0,13,1.401382
0.0,2,1.401541
0.0,4,1.401798
0.0,2,1.401957
1.0,17,1.402792
0.0,2,1.402951
1.0,9,1.403421
0.0,7,1.403818
0.0,2,1.403978
0.0,6,1.404314
0.0,4,1.404564
0.0,3,1.404774
0.0,14,1.405477
0.0,14,1.406183
0.0,1,1.406299
1.0,13,1.406958
1.0,18,1.407849
0.0,6,1.408191
0.0,6,1.408528
0.0,5,1.408834
0.0,9,1.409306
0.0,3,1.409508
0.0,6,1.409863
0.0,4,1.410113
0.0,5,1.410408
0.0,1,1.41052
0.0,10,1.411057
0.0,4,1.411308
0.0,7,1.411693
0.0,2,1.411862
0.0,8,1.412294
0.0,27,1.413591
0.0,2,1.413751
1.0,14,1.414458
0.0,3,1.414663
0.0,6,1.415011
0.0,10,1.415535
0.0,4,1.415795
0.0,8,1.416225
0.0,13,1.416885
0.0,8,1.417312
0.0,15,1.418059
0.0,1,1.418175
0.0,15,1.418927
0.0,10,1.419447
1.0,17,1.420292
0.0,6,1.420634
0.0,8,1.421072
0.0,7,1.421454
0.0,3,1.421658
0.0,18,1.422547
0.0,8,1.422988
0.0,11,1.423556
0.0,5,1.423862
0.0,4,1.424111
0.0,16,1.424905
0.0,7,1.425288
0.0,3,1.425494
0.0,9,1.425981
0.0,13,1.426649
0.0,3,1.426864
0.0,5,1.427161
0.0,1,1.427273
0.0,13,1.427941
0.0,10,1.428466
0.0,4,1.428717
0.0,18,1.429607
0.0,4,1.429876
0.0,5,1.430173
0.0,5,1.430466
0.0,9,1.430956
0.0,9,1.431431
0.0,2,1.431591
0.0,35,1.433249
0.0,3,1.433456
0.0,17,1.434302
0.0,3,1.43451
0.0,6,1.434858
0.0,7,1.435243
0.0,13,1.435907
0.0,15,1.436648
0.0,6,1.436996
0.0,2,1.437158
0.0,7,1.437543
0.0,4,1.437805
0.0,17,1.438634
0.0,2,1.438806
0.0,5,1.439102
0.0,7,1.439485
0.0,4,1.439732
0.0,1,1.43986
0.0,9,1.440332
0.0,3,1.440535
0.0,37,1.442282
0.0,5,1.442582
0.0,2,1.442742
0.0,31,1.444217
0.0,10,1.444735
0.0,6,1.445083
0.0,18,1.446022
0.0,1,1.446136
0.0,30,1.447545
0.0,14,1.448251
0.0,6,1.448589
0.0,1,1.448702
0.0,7,1.449095
0.0,19,1.450024
0.0,4,1.450274
0.0,1,1.450385
0.0,1,1.450496
0.0,8,1.450934
1.0,18,1.45182
0.0,22,1.452877
0.0,2,1.453037
0.0,5,1.453327
0.0,5,1.453617
0.0,11,1.454188
0.0,11,1.454754
0.0,14,1.45546
0.0,9,1.455941
0.0,5,1.456233
0.0,13,1.456892
0.0,4,1.457145
0.0,4,1.457392
0.0,4,1.457642
0.0,4,1.457901
0.0,10,1.458414
0.0,1,1.458526
0.0,9,1.459006
0.0,3,1.459211
0.0,21,1.460239
1.0,6,1.460583
0.0,3,1.460797
1.0,50,1.463104
0.0,12,1.463711
0.0,1,1.463833
0.0,8,1.464259
0.0,2,1.464419
0.0,14,1.465127
0.0,18,1.466007
0.0,6,1.466344
0.0,4,1.466593
0.0,3,1.466806
0.0,23,1.467903
0.0,5,1.468195
0.0,6,1.46853
0.0,14,1.469227
0.0,9,1.469705
0.0,10,1.470232
0.0,5,1.470525
0.0,7,1.470916
0.0,8,1.471344
0.0,2,1.471503
0.0,5,1.471803
0.0,5,1.472096
0.0,1,1.472207
0.0,2,1.472367
0.0,12,1.472985
0.0,2,1.473147
0.0,2,1.473306
1.0,11,1.473879
0.0,5,1.474177
0.0,1,1.474289
0.0,17,1.475128
0.0,8,1.475554
0.0,13,1.476216
0.0,5,1.476509
0.0,2,1.476667
0.0,13,1.477327
0.0,2,1.477486
0.0,26,1.47872
0.0,6,1.479066
0.0,2,1.479228
0.0,3,1.479429
0.0,7,1.479826
0.0,1,1.479941
0.0,6,1.480278
0.0,37,1.482014
0.0,10,1.482531
0.0,7,1.482926
0.0,5,1.483218
1.0,14,1.483924
0.0,10,1.484438
0.0,37,1.486164
0.0,7,1.486548
0.0,5,1.486853
0.0,5,1.487153
0.0,5,1.487448
0.0,1,1.487559
0.0,4,1.48782
1.0,19,1.488735
0.0,7,1.489123
0.0,27,1.490407
0.0,8,1.49085
0.0,12,1.491452
0.0,9,1.491935
0.0,9,1.49241
0.0,8,1.49285
0.0,1,1.492963
0.0,1,1.493073
0.0,3,1.493278
0.0,4,1.493527
0.0,1,1.493638
0.0,17,1.49448
0.0,6,1.494829
0.0,7,1.49521
0.0,5,1.4955
0.0,8,1.495937
0.0,6,1.496273
0.0,21,1.497291
0.0,7,1.497676
0.0,8,1.498116
0.0,4,1.498364
0.0,2,1.498522
0.0,4,1.498779
0.0,4,1.499032
0.0,3,1.499237
0.0,1,1.499349
0.0,1,1.499462
0.0,1,1.499573
1.0,26,1.500827
0.0,3,1.50103
0.0,13,1.501679
0.0,2,1.501849
0.0,4,1.5021
0.0,1,1.502211
0.0,2,1.502371
0.0,2,1.502528
0.0,2,1.502685
0.0,5,1.502992
0.0,2,1.503152
0.0,14,1.503857
0.0,1,1.503973
0.0,2,1.50413
0.0,9,1.504597
0.0,2,1.504754
0.0,21,1.505779
0.0,17,1.506606
0.0,3,1.506821
0.0,25,1.508018
0.0,6,1.508362
0.0,1,1.508474
0.0,1,1.508584
0.0,11,1.509157
0.0,16,1.509953
0.0,11,1.510519
0.0,1,1.510633
0.0,6,1.51098
0.0,4,1.511228
0.0,7,1.511611
0.0,5,1.511914
0.0,6,1.512251
0.0,8,1.512677
0.0,1,1.512799
0.0,1,1.512914
0.0,10,1.513434
0.0,13,1.514089
0.0,3,1.514297
0.0,4,1.514543
0.0,12,1.515162
0.0,12,1.515775
0.0,9,1.516244
0.0,12,1.516865
0.0,4,1.517118
0.0,3,1.517322
0.0,18,1.518202
0.0,7,1.518587
0.0,4,1.51885
0.0,17,1.519672
0.0,5,1.519981
0.0,2,1.52014
0.0,14,1.52084
0.0,5,1.521137
0.0,9,1.521612
0.0,1,1.521724
0.0,3,1.521935
0.0,3,1.522138
0.0,10,1.522658
0.0,5,1.52296
0.0,5,1.523256
1.0,21,1.524273
0.0,5,1.524566
1.0,18,1.525448
0.0,1,1.52556
0.0,1,1.525671
0.0,12,1.526289
0.0,7,1.52667
0.0,5,1.526974
0.0,19,1.5279
0.0,7,1.528286
0.0,23,1.52939
0.0,9,1.529883
0.0,3,1.530087
0.0,4,1.530336
0.0,5,1.530627
0.0,2,1.530798
0.0,52,1.533194
0.0,6,1.533533
1.0,16,1.534319
0.0,34,1.535932
0.0,31,1.537394
0.0,12,1.538013
0.0,9,1.538487
0.0,3,1.53869
0.0,14,1.539392
0.0,3,1.539596
0.0,1,1.53971
0.0,4,1.539976
0.0,6,1.540313
0.0,4,1.540564
0.0,10,1.541091
0.0,4,1.541344
0.0,8,1.541793
0.0,12,1.542399
0.0,10,1.542934
0.0,3,1.54314
0.0,3,1.543342
0.0,3,1.543547
0.0,7,1.543945
0.0,2,1.544105
0.0,6,1.54444
0.0,1,1.544552
0.0,1,1.544665
0.0,3,1.54488
0.0,4,1.54513
0.0,1,1.545303
0.0,2,1.545463
0.0,4,1.54571
0.0,3,1.545925
0.0,6,1.546266
0.0,3,1.546469
0.0,6,1.546823
0.0,7,1.547212
0.0,8,1.547637
0.0,3,1.547857
0.0,5,1.548149
0.0,4,1.548398
0.0,5,1.54869
0.0,7,1.549084
0.0,1,1.549198
0.0,1,1.549309
0.0,14,1.55002
0.0,18,1.550896
0.0,5,1.551188
0.0,5,1.551487
1.0,22,1.552546
0.0,18,1.553436
0.0,8,1.553874
0.0,19,1.554802
0.0,4,1.555054
0.0,3,1.555257
0.0,5,1.555551
0.0,11,1.556126
0.0,14,1.55684
0.0,2,1.557002
0.0,4,1.557251
1.0,30,1.55866
0.0,21,1.559675
0.0,10,1.56021
0.0,8,1.560642
0.0,3,1.560859
0.0,4,1.561111
0.0,4,1.561358
0.0,1,1.56147
0.0,4,1.561717
0.0,29,1.563104
0.0,11,1.563681
0.0,7,1.564073
0.0,3,1.564277
0.0,11,1.564852
0.0,2,1.565011
0.0,3,1.565213
0.0,18,1.566102
1.0,17,1.56694
0.0,6,1.56728
0.0,4,1.56753
0.0,12,1.568145
0.0,12,1.568748
0.0,6,1.569095
0.0,2,1.569255
0.0,7,1.569638
0.0,2,1.569814
0.0,40,1.571669
0.0,7,1.572062
0.0,1,1.572177
0.0,6,1.572513
0.0,9,1.572993
0.0,9,1.573465
0.0,19,1.574392
0.0,4,1.574642
0.0,4,1.574901
0.0,9,1.575374
0.0,3,1.575576
0.0,12,1.576189
0.0,10,1.576706
0.0,13,1.577363
1.0,21,1.578384
0.0,20,1.579348
1.0,22,1.580411
0.0,11,1.580984
0.0,7,1.581371
0.0,5,1.581665
0.0,5,1.581971
0.0,24,1.583122
0.0,11,1.583692
0.0,5,1.583995
0.0,9,1.58447
0.0,1,1.584581
0.0,2,1.584739
0.0,4,1.584994
0.0,17,1.585829
0.0,15,1.58657
0.0,8,1.587012
0.0,7,1.587397
0.0,8,1.587836
0.0,7,1.588222
0.0,15,1.588973
0.0,7,1.589358
0.0,8,1.589803
0.0,23,1.590911
0.0,3,1.591115
0.0,9,1.591585
0.0,28,1.592924
0.0,4,1.593174
0.0,4,1.593421
0.0,8,1.593858
0.0,2,1.594018
0.0,8,1.594446
0.0,1,1.594558
0.0,4,1.594817
0.0,7,1.595201
0.0,2,1.595359
0.0,3,1.595564
0.0,1,1.595675
0.0,4,1.595933
0.0,1,1.596045
1.0,21,1.597063
0.0,6,1.597399
0.0,5,1.597693
0.0,2,1.597862
0.0,9,1.598335
0.0,4,1.598583
0.0,1,1.598695
0.0,1,1.598815
0.0,3,1.599019
0.0,3,1.59922
0.0,2,1.599377
0.0,7,1.599756
0.0,12,1.600379
0.0,22,1.601444
0.0,9,1.601931
0.0,26,1.603172
0.0,6,1.603518
0.0,6,1.603874
0.0,9,1.604347
0.0,7,1.604729
0.0,2,1.604898
0.0,5,1.605191
0.0,6,1.605527
0.0,12,1.606146
0.0,4,1.606398
0.0,13,1.607058
0.0,13,1.607707
0.0,47,1.6099
0.0,8,1.610331
0.0,2,1.61049
0.0,6,1.610836
0.0,13,1.611487
0.0,6,1.611839
0.0,18,1.61271
1.0,8,1.613151
1.0,8,1.613578
0.0,25,1.614762
0.0,12,1.615375
0.0,5,1.615669
0.0,4,1.615932
0.0,10,1.61645
0.0,12,1.617062
0.0,22,1.618122
0.0,6,1.61846
0.0,24,1.619609
0.0,5,1.619921
0.0,9,1.62039
0.0,10,1.620919
0.0,2,1.621082
0.0,3,1.621282
0.0,21,1.622299
1.0,9,1.622779
0.0,5,1.623072
0.0,10,1.623591
0.0,5,1.623896
0.0,3,1.6241
0.0,3,1.624306
0.0,5,1.624601
0.0,22,1.625662
0.0,6,1.626012
0.0,5,1.626308
0.0,5,1.626599
0.0,2,1.626756
0.0,5,1.627059
0.0,5,1.62735
0.0,11,1.627917
0.0,7,1.628306
0.0,3,1.628513
0.0,4,1.62876
0.0,7,1.629156
0.0,13,1.629823
0.0,3,1.630027
0.0,1,1.630138
0.0,4,1.630385
0.0,6,1.630724
0.0,10,1.631249
0.0,9,1.631723
0.0,7,1.632112
0.0,9,1.632584
0.0,3,1.632798
0.0,1,1.632911
0.0,7,1.63329
0.0,4,1.633539
0.0,1,1.633651
0.0,7,1.634045
0.0,10,1.634564
0.0,13,1.635223
0.0,3,1.635428
0.0,7,1.635819
0.0,29,1.637191
0.0,8,1.637615
0.0,12,1.638234
0.0,5,1.638527
0.0,8,1.638963
0.0,6,1.639299
0.0,15,1.640054
1.0,32,1.641558
0.0,7,1.641953
0.0,1,1.642065
0.0,8,1.642493
0.0,13,1.643153
0.0,6,1.643494
0.0,11,1.644072
0.0,13,1.644718
1.0,20,1.645682
0.0,11,1.646317
0.0,3,1.646521
0.0,7,1.646914
0.0,10,1.647432
0.0,6,1.64778
0.0,18,1.648648
0.0,21,1.649657
0.0,17,1.650498
0.0,6,1.650845
1.0,38,1.652609
0.0,11,1.653182
0.0,18,1.654063
0.0,9,1.65454
0.0,2,1.654699
0.0,1,1.65482
0.0,11,1.655376
0.0,4,1.655623
0.0,32,1.657137
0.0,11,1.657697
1.0,29,1.659066
0.0,10,1.659584
0.0,8,1.660025
1.0,13,1.660678
0.0,13,1.661336
0.0,12,1.661964
0.0,6,1.662302
0.0,3,1.662507
0.0,1,1.662619
0.0,11,1.66319
0.0,12,1.663812
0.0,9,1.664286
0.0,5,1.664577
0.0,11,1.66515
0.0,4,1.6654
0.0,7,1.665793
0.0,11,1.666361
0.0,8,1.666795
0.0,6,1.667136
0.0,16,1.667925
0.0,4,1.668175
0.0,13,1.668835
0.0,8,1.669266
0.0,10,1.6698
0.0,4,1.670049
0.0,2,1.670209
0.0,5,1.670503
0.0,5,1.670805
0.0,1,1.670921
0.0,3,1.671124
0.0,16,1.671914
0.0,10,1.672433
0.0,7,1.67283
0.0,9,1.673302
0.0,10,1.673828
0.0,1,1.673941
0.0,21,1.674958
0.0,3,1.675162
0.0,6,1.675498
0.0,3,1.675702
0.0,6,1.676047
0.0,10,1.676564
0.0,9,1.677049
0.0,10,1.677565
0.0,2,1.677722
0.0,5,1.678024
0.0,3,1.678227
0.0,1,1.678338
0.0,3,1.678539
0.0,31,1.680009
0.0,3,1.680214
0.0,10,1.680728
0.0,3,1.680944
0.0,15,1.681684
0.0,3,1.681902
0.0,8,1.68233
0.0,28,1.683657
0.0,7,1.684052
0.0,12,1.684658
0.0,6,1.685004
0.0,8,1.685429
1.0,6,1.685775
0.0,4,1.686026
0.0,2,1.686186
0.0,5,1.686477
0.0,5,1.686779
0.0,6,1.687124
1.0,22,1.688179
1.0,22,1.689242
0.0,13,1.689915
0.0,3,1.69012
0.0,5,1.690415
0.0,4,1.690665
0.0,1,1.690786
0.0,10,1.691302
0.0,14,1.692004
0.0,5,1.692302
0.0,5,1.692592
0.0,10,1.693118
0.0,19,1.694046
0.0,6,1.694388
0.0,55,1.696921
0.0,5,1.697217
0.0,5,1.69751
0.0,14,1.698218
0.0,16,1.699015
0.0,1,1.699128
0.0,8,1.699554
0.0,4,1.699819
0.0,8,1.700248
0.0,10,1.700759
0.0,9,1.701242
0.0,14,1.701949
0.0,8,1.702377
0.0,4,1.702625
0.0,12,1.703238
0.0,18,1.704124
0.0,13,1.70479
0.0,7,1.705173
0.0,9,1.705648
0.0,7,1.706041
1.0,9,1.706512
0.0,4,1.706762
0.0,5,1.707064
0.0,6,1.707401
0.0,1,1.707512
0.0,19,1.708439
0.0,4,1.708688
0.0,5,1.708993
0.0,4,1.709245
0.0,9,1.709714
0.0,10,1.710244
0.0,7,1.710631
0.0,9,1.71111
0.0,3,1.711313
0.0,17,1.712146
0.0,1,1.712259
0.0,3,1.712465
0.0,2,1.712625
0.0,5,1.712927
0.0,2,1.713087
0.0,2,1.713248
0.0,5,1.713539
0.0,35,1.715176
0.0,13,1.715833
0.0,2,1.715995
0.0,5,1.716287
0.0,10,1.716819
1.0,11,1.717378
0.0,15,1.71812
0.0,3,1.718323
0.0,20,1.719293
0.0,30,1.720721
0.0,7,1.721117
0.0,10,1.721636
0.0,7,1.722027
0.0,27,1.72331
0.0,7,1.723695
0.0,7,1.724093
0.0,12,1.724702
0.0,7,1.725093
0.0,13,1.725742
0.0,3,1.725954
0.0,14,1.726649
0.0,16,1.727442
0.0,2,1.727601
0.0,4,1.727861
0.0,17,1.728692
0.0,10,1.729218
0.0,3,1.729425
0.0,9,1.729911
0.0,6,1.730252
0.0,11,1.730825
0.0,14,1.731518
0.0,5,1.731822
0.0,7,1.732203
0.0,5,1.732495
0.0,3,1.732697
0.0,6,1.733042
0.0,11,1.733603
0.0,3,1.733816
0.0,5,1.734112
0.0,7,1.73449
0.0,7,1.734886
0.0,4,1.735138
0.0,10,1.735656
0.0,6,1.736005
0.0,7,1.736386
0.0,11,1.736957
0.0,2,1.737119
0.0,18,1.738003
0.0,2,1.738162
0.0,2,1.738322
0.0,5,1.738612
0.0,7,1.739005
0.0,3,1.739211
0.0,6,1.739547
0.0,3,1.739752
0.0,14,1.740463
0.0,6,1.740812
0.0,36,1.742487
0.0,4,1.742737
0.0,13,1.743393
0.0,1,1.743506
0.0,12,1.744124
0.0,9,1.744597
1.0,11,1.745167
0.0,7,1.745556
0.0,1,1.74567
0.0,2,1.74584
0.0,17,1.746668
0.0,7,1.747061
0.0,6,1.747403
0.0,1,1.747516
0.0,6,1.747863
0.0,6,1.7482
0.0,4,1.748447
0.0,48,1.750755
0.0,21,1.751776
0.0,11,1.752342
0.0,13,1.752999
0.0,8,1.753428
0.0,7,1.753819
0.0,1,1.753932
0.0,9,1.7544
0.0,5,1.754694
0.0,8,1.755129
0.0,9,1.755599
0.0,4,1.755861
0.0,1,1.755974
0.0,20,1.756945
0.0,26,1.758176
0.0,26,1.759409
0.0,14,1.760121
0.0,8,1.760553
0.0,6,1.760905
0.0,26,1.762148
0.0,11,1.762713
0.0,29,1.764095
0.0,13,1.764751
0.0,11,1.765318
0.0,10,1.765847
0.0,10,1.76636
0.0,26,1.767594
0.0,12,1.768212
0.0,10,1.76873
0.0,1,1.768851
0.0,8,1.769275
0.0,10,1.769803
0.0,2,1.769989
0.0,7,1.770372
0.0,15,1.771121
0.0,4,1.771373
0.0,8,1.771806
0.0,4,1.772054
0.0,4,1.772301
0.0,10,1.772829
0.0,10,1.773346
0.0,20,1.774314
0.0,16,1.775103
0.0,6,1.775443
0.0,4,1.77569
0.0,2,1.775859
0.0,4,1.776106
0.0,8,1.776537
0.0,16,1.777326
0.0,5,1.77762
0.0,6,1.777967
0.0,6,1.778307
0.0,7,1.778687
0.0,6,1.779035
0.0,9,1.779508
0.0,1,1.779619
0.0,16,1.780415
0.0,10,1.780945
0.0,4,1.781199
0.0,5,1.78149
0.0,13,1.782162
0.0,11,1.782724
0.0,13,1.783381
0.0,2,1.783544
0.0,7,1.783935
0.0,8,1.784367
0.0,19,1.785295
0.0,6,1.785634
0.0,13,1.786294
1.0,46,1.788428
1.0,13,1.789091
0.0,4,1.789341
0.0,8,1.789778
0.0,17,1.790611
0.0,7,1.791007
0.0,7,1.791397
0.0,7,1.791786
0.0,6,1.792127
1.0,12,1.792738
0.0,3,1.792951
0.0,3,1.793158
0.0,1,1.793272
0.0,4,1.793521
0.0,6,1.793868
0.0,13,1.79452
0.0,9,1.795002
0.0,5,1.795295
0.0,3,1.795497
0.0,3,1.795699
0.0,16,1.796489
0.0,6,1.796839
0.0,18,1.797712
0.0,4,1.797975
0.0,5,1.798271
0.0,8,1.798701
0.0,13,1.79936
0.0,12,1.799986
0.0,9,1.800457
0.0,1,1.800568
1.0,20,1.801535
0.0,7,1.801929
0.0,6,1.802267
0.0,4,1.802515
0.0,9,1.802998
0.0,7,1.803385
0.0,9,1.803875
0.0,2,1.804035
0.0,8,1.80446
0.0,17,1.805298
0.0,7,1.805681
0.0,4,1.805939
0.0,3,1.806146
0.0,3,1.806349
0.0,4,1.806595
0.0,4,1.806857
0.0,4,1.807108
0.0,1,1.807221
0.0,5,1.807513
0.0,1,1.807624
0.0,3,1.807836
0.0,9,1.80831
0.0,10,1.808838
0.0,8,1.809264
0.0,4,1.809511
0.0,6,1.809868
0.0,2,1.810028
0.0,12,1.810627
0.0,5,1.810928
0.0,2,1.811089
0.0,6,1.811424
0.0,19,1.812344
0.0,4,1.812592
0.0,12,1.813204
0.0,4,1.813452
0.0,6,1.813798
0.0,30,1.815218
0.0,10,1.815735
0.0,6,1.816077
0.0,3,1.816284
0.0,17,1.817124
0.0,4,1.817376
0.0,4,1.817626
0.0,2,1.817795
0.0,1,1.817907
0.0,9,1.818377
0.0,11,1.818946
0.0,6,1.819284
0.0,1,1.819398
0.0,15,1.820154
0.0,14,1.820862
0.0,4,1.821113
0.0,12,1.821718
0.0,14,1.822417
0.0,2,1.822577
0.0,15,1.823321
0.0,5,1.823614
0.0,8,1.824051
0.0,10,1.824605
0.0,7,1.824998
0.0,2,1.825158
0.0,7,1.825544
0.0,11,1.826117
0.0,5,1.826409
0.0,4,1.82666
0.0,3,1.826879
0.0,9,1.827353
0.0,7,1.827737
0.0,3,1.827947
0.0,5,1.828242
0.0,14,1.828949
0.0,5,1.829245
0.0,8,1.829669
0.0,17,1.830517
0.0,2,1.830678
0.0,8,1.831114
0.0,23,1.83222
0.0,3,1.832424
0.0,6,1.832774
0.0,12,1.833382
0.0,1,1.833496
0.0,5,1.833802
0.0,2,1.833964
0.0,18,1.834848
0.0,5,1.835141
0.0,4,1.835389
0.0,1,1.8355
0.0,4,1.835747
0.0,1,1.83587
0.0,5,1.836162
0.0,11,1.836725
0.0,4,1.836982
0.0,19,1.837905
0.0,10,1.83842
0.0,1,1.838531
0.0,2,1.838689
0.0,18,1.839576
0.0,3,1.8398
0.0,4,1.84005
0.0,4,1.8403
0.0,2,1.840456
0.0,4,1.840706
0.0,20,1.84168
0.0,9,1.842167
0.0,6,1.842511
0.0,1,1.842623
0.0,10,1.843149
0.0,3,1.843357
0.0,5,1.843648
0.0,13,1.84431
0.0,4,1.844562
0.0,16,1.845361
0.0,1,1.845477
0.0,2,1.845635
0.0,11,1.846204
0.0,19,1.847127
0.0,11,1.847689
0.0,2,1.84786
0.0,7,1.848245
0.0,7,1.848631
0.0,10,1.849222
0.0,1,1.849336
0.0,5,1.849632
0.0,5,1.849943
0.0,7,1.850328
0.0,15,1.851077
1.0,9,1.85155
0.0,15,1.8523
0.0,4,1.852553
0.0,9,1.853034
0.0,7,1.85342
0.0,6,1.853756
1.0,12,1.854367
0.0,5,1.854657
0.0,12,1.855275
0.0,8,1.855706
0.0,7,1.856098
0.0,3,1.856303
0.0,2,1.856462
0.0,2,1.856619
0.0,15,1.857362
0.0,15,1.858116
0.0,13,1.858776
0.0,5,1.85907
0.0,1,1.859184
0.0,6,1.85952
0.0,9,1.860007
0.0,10,1.860529
0.0,8,1.860968
0.0,9,1.861442
0.0,4,1.861691
0.0,4,1.861953
0.0,5,1.862249
0.0,6,1.862587
1.0,17,1.86343
0.0,4,1.863678
0.0,12,1.864297
0.0,21,1.865314
0.0,1,1.86543
1.0,8,1.865869
0.0,5,1.866164
0.0,14,1.86687
0.0,13,1.867522
0.0,24,1.86867
0.0,5,1.868978
0.0,16,1.869757
0.0,10,1.870292
0.0,3,1.870498
0.0,6,1.870846
0.0,5,1.871139
0.0,20,1.872108
0.0,6,1.872446
0.0,2,1.872603
0.0,4,1.87286
0.0,2,1.87302
0.0,11,1.873582
0.0,3,1.873796
0.0,7,1.874178
0.0,6,1.874517
0.0,29,1.875897
0.0,3,1.876102
0.0,4,1.876349
0.0,11,1.876922
0.0,9,1.877397
0.0,8,1.877841
0.0,2,1.878001
0.0,15,1.878744
0.0,3,1.87896
0.0,1,1.879071
0.0,2,1.879229
0.0,1,1.87934
0.0,8,1.879783
0.0,19,1.880702
0.0,4,1.88096
0.0,6,1.881296
0.0,9,1.881778
0.0,2,1.881937
0.0,7,1.882318
0.0,14,1.883031
0.0,7,1.883411
0.0,13,1.88407
0.0,3,1.884277
0.0,2,1.884434
0.0,5,1.884727
0.0,3,1.88494
0.0,5,1.885233
0.0,2,1.885393
0.0,11,1.885966
0.0,18,1.88685
0.0,15,1.887589
0.0,1,1.887701
0.0,21,1.88871
0.0,5,1.889016
0.0,15,1.889755
0.0,5,1.890081
0.0,8,1.890506
0.0,7,1.890903
0.0,14,1.891597
0.0,13,1.892261
0.0,17,1.893101
0.0,7,1.893483
0.0,6,1.89383
0.0,8,1.894262
0.0,5,1.894554
0.0,20,1.895525
0.0,5,1.895833
0.0,13,1.896483
0.0,2,1.896645
0.0,1,1.896757
0.0,5,1.89706
0.0,1,1.897172
0.0,7,1.897555
0.0,17,1.898397
0.0,9,1.898885
0.0,4,1.899136
0.0,18,1.900026
0.0,6,1.900364
0.0,8,1.900799
0.0,2,1.900959
0.0,6,1.901298
0.0,4,1.901544
0.0,9,1.902026
0.0,2,1.902186
0.0,18,1.903069
0.0,4,1.903318
0.0,8,1.903746
0.0,8,1.904183
0.0,4,1.90443
0.0,6,1.904779
0.0,4,1.905032
0.0,3,1.905236
0.0,1,1.90535
0.0,4,1.905597
0.0,14,1.906304
0.0,2,1.906463
0.0,10,1.906994
0.0,14,1.907696
0.0,1,1.907819
0.0,5,1.908113
0.0,3,1.908318
0.0,11,1.908894
0.0,19,1.909825
0.0,4,1.910075
0.0,10,1.910585
0.0,6,1.910941
0.0,3,1.911147
0.0,4,1.911396
0.0,5,1.91169
0.0,10,1.912212
0.0,8,1.912637
0.0,4,1.912896
0.0,11,1.913457
0.0,15,1.914208
0.0,3,1.914413
0.0,1,1.914524
0.0,5,1.914829
0.0,18,1.9157
0.0,11,1.916271
0.0,7,1.916655
0.0,7,1.917051
0.0,6,1.917394
0.0,11,1.917968
0.0,2,1.918127
0.0,12,1.918732
0.0,5,1.919038
0.0,7,1.91942
1.0,11,1.919997
0.0,6,1.920341
0.0,2,1.920499
0.0,5,1.9208
0.0,3,1.921008
0.0,9,1.921479
0.0,20,1.922453
0.0,8,1.922894
0.0,12,1.9235
0.0,3,1.923704
0.0,10,1.924228
0.0,26,1.925459
0.0,18,1.926343
0.0,9,1.926825
0.0,10,1.927343
0.0,9,1.927826
0.0,19,1.92874
0.0,8,1.929174
0.0,11,1.929739
0.0,5,1.930046
0.0,4,1.930294
0.0,15,1.931042
0.0,3,1.931247
0.0,9,1.931719
0.0,9,1.932204
0.0,2,1.932364
0.0,1,1.932474
0.0,6,1.932822
0.0,3,1.933026
0.0,2,1.933184
0.0,3,1.933389
0.0,11,1.933961
1.0,17,1.934805
0.0,16,1.935587
0.0,7,1.935984
0.0,6,1.936326
0.0,2,1.936486
0.0,1,1.936596
0.0,10,1.937124
0.0,4,1.937373
0.0,12,1.937986
0.0,5,1.938278
0.0,10,1.938807
0.0,11,1.939366
0.0,7,1.939746
0.0,11,1.940318
0.0,3,1.940523
0.0,8,1.940961
0.0,5,1.94126
0.0,4,1.941511
0.0,3,1.941717
0.0,2,1.941885
0.0,5,1.942178
0.0,4,1.942428
0.0,48,1.944648
0.0,9,1.945136
0.0,9,1.945611
0.0,16,1.946403
0.0,1,1.946517
0.0,3,1.94672
0.0,14,1.947422
1.0,16,1.94822
0.0,4,1.948469
0.0,4,1.948722
0.0,26,1.950032
1.0,17,1.950871
0.0,11,1.951439
0.0,13,1.952098
0.0,2,1.95226
0.0,36,1.953955
0.0,3,1.954161
0.0,3,1.954364
0.0,10,1.954891
0.0,15,1.955632
0.0,9,1.956115
0.0,7,1.956501
0.0,12,1.957118
0.0,3,1.957326
0.0,23,1.958426
0.0,2,1.958589
0.0,13,1.95925
0.0,9,1.959724
0.0,2,1.959899
0.0,6,1.960236
0.0,7,1.96062
0.0,4,1.960881
1.0,9,1.961354
0.0,3,1.961557
0.0,2,1.961716
0.0,13,1.962377
0.0,17,1.963214
0.0,2,1.963377
0.0,3,1.963582
0.0,19,1.964509
0.0,9,1.964996
0.0,11,1.965556
0.0,6,1.965904
0.0,20,1.966876
0.0,3,1.96708
0.0,5,1.967371
0.0,2,1.967528
0.0,6,1.96788
0.0,4,1.968129
0.0,5,1.968423
0.0,2,1.968583
0.0,5,1.968886
0.0,11,1.96945
0.0,4,1.969701
0.0,4,1.969966
0.0,6,1.970308
0.0,7,1.970692
0.0,12,1.97131
0.0,2,1.971473
0.0,10,1.972007
0.0,4,1.972259
0.0,7,1.972641
0.0,6,1.972989
0.0,10,1.973508
0.0,5,1.97381
0.0,7,1.974195
0.0,2,1.974354
0.0,6,1.974688
0.0,3,1.974907
0.0,9,1.975406
0.0,2,1.975567
0.0,2,1.975725
0.0,7,1.976114
0.0,8,1.976541
0.0,7,1.976938
0.0,12,1.977545
0.0,3,1.977747
0.0,14,1.978448
0.0,20,1.979422
0.0,8,1.979871
0.0,3,1.980076
0.0,5,1.980369
0.0,10,1.980897
0.0,8,1.981325
0.0,9,1.981809
0.0,6,1.982151
0.0,3,1.982352
0.0,13,1.983011
0.0,8,1.98344
0.0,21,1.98446
0.0,14,1.985168
0.0,14,1.985877
0.0,4,1.986126
0.0,23,1.987234
1.0,12,1.987854
0.0,8,1.988279
0.0,6,1.988617
0.0,10,1.98915
0.0,7,1.989535
0.0,4,1.9898
0.0,2,1.989963
0.0,7,1.990344
0.0,15,1.991096
0.0,9,1.991572
0.0,18,1.992454
0.0,2,1.992614
0.0,6,1.992969
0.0,1,1.993083
1.0,11,1.993644
0.0,10,1.994171
0.0,4,1.994423
0.0,3,1.994628
0.0,2,1.994797
0.0,2,1.994958
0.0,1,1.995069
0.0,3,1.995274
0.0,3,1.995479
0.0,3,1.995686
0.0,28,1.997024
0.0,18,1.997912
0.0,3,1.998117
1.0,13,1.99878
0.0,1,1.998894
0.0,1,1.999006
0.0,1,1.999116
0.0,8,1.999545
0.0,3,1.999747
0.0,4,2.000027
1.0,14,2.000724
0.0,14,2.001427
0.0,7,2.001819
0.0,22,2.002875
0.0,6,2.003212
0.0,6,2.003548
0.0,13,2.004215
0.0,5,2.004512
0.0,1,2.004624
0.0,2,2.004794
0.0,29,2.006165
0.0,1,2.00628
0.0,4,2.006529
0.0,9,2.007015
0.0,16,2.007812
0.0,6,2.008151
0.0,6,2.00849
0.0,22,2.00955
0.0,5,2.009864
1.0,7,2.010252
0.0,10,2.010777
0.0,18,2.011655
0.0,1,2.011775
0.0,9,2.012248
0.0,1,2.01236
0.0,23,2.013466
0.0,19,2.0144
0.0,7,2.014794
0.0,6,2.015134
0.0,7,2.015515
0.0,3,2.01572
0.0,13,2.016382
0.0,6,2.01672
0.0,3,2.016932
0.0,7,2.017314
0.0,8,2.017737
1.0,9,2.018213
0.0,2,2.018371
0.0,2,2.018529
0.0,9,2.019009
0.0,12,2.019609
0.0,3,2.019828
0.0,4,2.020077
0.0,3,2.020281
0.0,1,2.020392
0.0,7,2.020778
0.0,21,2.021793
0.0,24,2.022941
0.0,10,2.023458
0.0,3,2.02366
0.0,4,2.023917
0.0,19,2.024844
1.0,15,2.025577
0.0,6,2.025925
0.0,1,2.026038
1.0,11,2.026593
0.0,14,2.027297
0.0,10,2.027827
0.0,22,2.028886
0.0,3,2.02909
0.0,2,2.029247
0.0,1,2.029358
0.0,5,2.029649
0.0,23,2.030757
0.0,3,2.030971
0.0,13,2.031617
0.0,10,2.032149
1.0,9,2.032617
0.0,12,2.033234
0.0,3,2.033439
0.0,1,2.033552
0.0,35,2.0352
0.0,3,2.035409
0.0,9,2.035891
0.0,12,2.036494
0.0,25,2.037691
0.0,19,2.038619
0.0,1,2.038733
0.0,4,2.03899
0.0,8,2.039417
0.0,3,2.039621
0.0,28,2.04097
0.0,35,2.042616
0.0,1,2.04273
0.0,6,2.043078
0.0,3,2.043283
0.0,19,2.044208
0.0,4,2.044457
0.0,5,2.044748
0.0,7,2.045148
0.0,5,2.045439
0.0,8,2.045881
0.0,3,2.046086
0.0,1,2.046197
0.0,17,2.047035
0.0,3,2.047239
0.0,9,2.047708
0.0,9,2.048189
0.0,4,2.048441
0.0,3,2.048644
0.0,2,2.048814
0.0,8,2.049242
0.0,19,2.050252
0.0,19,2.051183
1.0,20,2.052151
0.0,2,2.052312
0.0,62,2.055163
0.0,6,2.055502
0.0,7,2.055897
0.0,13,2.05655
0.0,1,2.056664
0.0,11,2.057236
0.0,4,2.057484
0.0,5,2.057784
0.0,1,2.057897
0.0,17,2.058726
0.0,4,2.058983
0.0,18,2.059871
0.0,8,2.0603
0.0,1,2.060413
0.0,3,2.060617
0.0,6,2.060963
0.0,1,2.061077
0.0,9,2.061546
0.0,14,2.062252
0.0,9,2.062723
0.0,17,2.063551
0.0,8,2.063987
0.0,5,2.064284
0.0,6,2.064623
0.0,3,2.064838
0.0,29,2.066203
0.0,2,2.066364
0.0,1,2.066476
0.0,3,2.066681
0.0,5,2.066985
0.0,11,2.067548
0.0,28,2.068878
0.0,8,2.06931
0.0,3,2.069513
0.0,17,2.070358
0.0,23,2.071458
0.0,10,2.07199
0.0,11,2.072548
0.0,5,2.07285
0.0,3,2.073055
0.0,13,2.073699
0.0,12,2.074311
0.0,1,2.074426
0.0,1,2.074539
0.0,8,2.074981
0.0,3,2.075185
0.0,3,2.075386
1.0,18,2.076262
0.0,8,2.076686
0.0,2,2.076858
0.0,8,2.077283
0.0,9,2.07775
0.0,12,2.078367
0.0,5,2.078665
0.0,2,2.078838
1.0,16,2.079615
0.0,5,2.079922
0.0,6,2.080263
1.0,11,2.080831
1.0,18,2.081698
0.0,22,2.082757
0.0,20,2.083732
0.0,3,2.083942
0.0,9,2.084413
0.0,4,2.084658
0.0,23,2.085755
0.0,4,2.086013
0.0,9,2.086479
0.0,1,2.08659
0.0,24,2.087746
0.0,2,2.087912
0.0,21,2.088924
0.0,1,2.089037
0.0,6,2.089375
0.0,15,2.090128
0.0,4,2.090381
0.0,8,2.090816
0.0,8,2.091244
0.0,1,2.091358
0.0,2,2.091516
0.0,4,2.091761
0.0,11,2.092328
0.0,5,2.092622
0.0,4,2.092883
0.0,10,2.093397
0.0,6,2.093734
0.0,9,2.094213
0.0,27,2.09549
0.0,5,2.095798
0.0,9,2.096267
0.0,3,2.09647
0.0,4,2.096717
0.0,6,2.097064
0.0,19,2.097998
0.0,5,2.098293
0.0,5,2.098588
0.0,7,2.098983
0.0,1,2.099096
0.0,9,2.099562
0.0,16,2.100362
0.0,3,2.100566
0.0,43,2.102548
0.0,4,2.102808
0.0,2,2.102968
0.0,5,2.103257
0.0,3,2.103458
1.0,9,2.103937
0.0,7,2.104319
0.0,2,2.104476
0.0,2,2.104636
0.0,5,2.104941
0.0,5,2.105236
0.0,5,2.105532
0.0,3,2.105737
0.0,11,2.106307
0.0,8,2.106732
0.0,3,2.106944
0.0,5,2.10724
0.0,3,2.107442
0.0,7,2.107834
0.0,10,2.108351
0.0,2,2.108508
0.0,6,2.108857
0.0,10,2.109372
0.0,4,2.109619
0.0,7,2.110017
0.0,6,2.110357
1.0,16,2.111143
0.0,12,2.111747
1.0,10,2.112267
0.0,4,2.112516
0.0,3,2.112718
0.0,15,2.113464
1.0,18,2.114346
0.0,2,2.114504
1.0,9,2.114985
0.0,2,2.115143
0.0,14,2.11585
0.0,9,2.116327
0.0,12,2.116943
0.0,23,2.118054
0.0,5,2.118349
1.0,11,2.118919
0.0,3,2.119125
0.0,14,2.119837
0.0,10,2.120353
0.0,7,2.120752
0.0,9,2.121237
0.0,2,2.121396
0.0,3,2.121598
0.0,18,2.122477
0.0,15,2.123231
0.0,2,2.123393
0.0,6,2.123728
0.0,5,2.124032
0.0,5,2.124328
0.0,1,2.124442
0.0,1,2.124554
0.0,5,2.124857
0.0,9,2.125326
0.0,2,2.125486
0.0,9,2.125968
0.0,18,2.126848
0.0,1,2.126964
0.0,5,2.127256
0.0,2,2.127412
0.0,4,2.127661
0.0,12,2.12828
1.0,16,2.129072
0.0,7,2.129454
0.0,13,2.130119
0.0,9,2.130592
1.0,21,2.13161
0.0,17,2.132452
1.0,20,2.13342
0.0,4,2.133667
0.0,3,2.13388
0.0,15,2.134623
0.0,1,2.134737
0.0,3,2.134946
0.0,12,2.135548
0.0,22,2.136608
0.0,14,2.137314
0.0,5,2.137611
0.0,19,2.138528
0.0,7,2.138923
0.0,6,2.139263
0.0,4,2.139509
0.0,6,2.139866
0.0,8,2.140293
1.0,25,2.141478
1.0,13,2.142138
0.0,4,2.142388
0.0,5,2.142677
0.0,13,2.143332
0.0,4,2.143585
0.0,8,2.144021
0.0,11,2.144583
0.0,2,2.144742
0.0,12,2.145355
0.0,10,2.145882
1.0,21,2.146905
0.0,11,2.147467
0.0,33,2.149026
0.0,8,2.149452
0.0,10,2.149986
1.0,12,2.150591
0.0,6,2.150937
0.0,1,2.151052
0.0,8,2.151481
0.0,15,2.152229
0.0,5,2.152523
1.0,27,2.15381
0.0,9,2.154281
0.0,5,2.154577
0.0,1,2.154689
0.0,12,2.155382
0.0,10,2.155913
0.0,5,2.15621
1.0,11,2.156783
0.0,4,2.157032
0.0,16,2.15783
1.0,22,2.158903
0.0,3,2.159108
0.0,19,2.160039
0.0,5,2.160336
0.0,3,2.160538
0.0,18,2.161425
0.0,2,2.161588
0.0,3,2.161805
0.0,5,2.1621
0.0,6,2.162443
0.0,20,2.163419
0.0,9,2.163903
0.0,4,2.164152
0.0,8,2.164587
0.0,7,2.164982
0.0,1,2.165095
0.0,5,2.165386
0.0,1,2.1655
1.0,12,2.166116
0.0,11,2.166677
0.0,1,2.166803
0.0,4,2.167054
0.0,19,2.167994
0.0,9,2.168473
0.0,9,2.168959
0.0,8,2.169389
0.0,5,2.169682
0.0,18,2.170573
0.0,5,2.170879
0.0,12,2.17149
0.0,7,2.171885
0.0,3,2.172092
1.0,6,2.17243
0.0,21,2.173456
0.0,5,2.173753
0.0,11,2.174332
0.0,5,2.174625
0.0,9,2.175109
0.0,9,2.175585
0.0,5,2.175894
0.0,7,2.17628
0.0,1,2.176392
0.0,6,2.176732
0.0,8,2.177169
0.0,4,2.177422
0.0,7,2.177818
0.0,7,2.178207
0.0,3,2.178414
0.0,12,2.179028
0.0,9,2.179505
0.0,8,2.17995
0.0,7,2.180334
0.0,3,2.180539
0.0,6,2.180888
0.0,3,2.181093
0.0,4,2.181344
0.0,4,2.181595
0.0,12,2.182218
1.0,9,2.182696
0.0,6,2.183044
0.0,1,2.183157
1.0,10,2.183674
0.0,27,2.184978
0.0,4,2.185232
0.0,14,2.185942
0.0,19,2.186876
0.0,6,2.187219
0.0,2,2.18738
0.0,7,2.187779
0.0,8,2.18821
0.0,7,2.188596
0.0,14,2.189313
0.0,13,2.189984
0.0,12,2.190599
0.0,1,2.190714
0.0,2,2.190886
0.0,15,2.191633
0.0,5,2.191938
0.0,9,2.19241
0.0,1,2.192525
0.0,2,2.192683
0.0,12,2.193307
0.0,12,2.193936
0.0,7,2.19432
0.0,3,2.194523
0.0,12,2.195145
0.0,1,2.195261
0.0,8,2.195692
0.0,16,2.196493
0.0,3,2.1967
0.0,1,2.196822
0.0,6,2.197161
0.0,7,2.197543
1.0,10,2.198073
0.0,1,2.198185
0.0,8,2.198612
0.0,6,2.198965
0.0,31,2.200449
0.0,4,2.200701
0.0,1,2.200823
0.0,5,2.201118
0.0,8,2.201551
0.0,6,2.201903
0.0,6,2.202245
0.0,9,2.20272
0.0,2,2.202892
0.0,4,2.203141
0.0,10,2.203657
0.0,9,2.204151
0.0,23,2.205262
0.0,5,2.205559
0.0,18,2.206447
0.0,1,2.206561
0.0,4,2.206826
0.0,1,2.20694
1.0,21,2.207964
0.0,6,2.208302
1.0,31,2.209782
0.0,7,2.210166
0.0,9,2.210643
0.0,25,2.211853
0.0,4,2.212104
0.0,35,2.213739
0.0,18,2.214624
0.0,4,2.214885
0.0,6,2.215224
0.0,15,2.215977
0.0,4,2.21623
0.0,1,2.216342
0.0,6,2.216681
0.0,5,2.216985
0.0,12,2.217591
0.0,6,2.21794
0.0,9,2.218412
0.0,11,2.218988
0.0,4,2.219238
0.0,11,2.219818
0.0,6,2.220158
0.0,2,2.220317
0.0,1,2.220428
0.0,6,2.220773
0.0,3,2.220979
0.0,8,2.221404
0.0,12,2.222018
0.0,5,2.222312
0.0,4,2.222566
0.0,23,2.223672
0.0,8,2.224114
0.0,5,2.224413
0.0,18,2.225296
0.0,2,2.225457
0.0,6,2.225803
0.0,29,2.227185
0.0,8,2.227618
0.0,11,2.228195
0.0,14,2.228903
0.0,14,2.2296
0.0,7,2.230003
0.0,1,2.230118
0.0,1,2.230231
0.0,4,2.230477
0.0,1,2.230591
0.0,26,2.231845
0.0,4,2.232095
0.0,5,2.232387
0.0,4,2.232637
0.0,10,2.233167
0.0,8,2.233594
0.0,8,2.234034
0.0,2,2.234197
0.0,3,2.234398
0.0,5,2.234694
0.0,7,2.235085
1.0,9,2.235561
0.0,6,2.235907
0.0,5,2.236202
0.0,21,2.237219
0.0,7,2.237608
0.0,2,2.237774
0.0,14,2.238474
0.0,2,2.238636
0.0,1,2.238748
0.0,15,2.239499
0.0,6,2.239855
0.0,5,2.240151
0.0,3,2.240353
0.0,4,2.2406
0.0,1,2.240713
0.0,1,2.240837
0.0,26,2.242082
0.0,5,2.242377
0.0,1,2.242488
0.0,8,2.242933
0.0,7,2.243315
0.0,7,2.243693
0.0,8,2.244134
0.0,2,2.244295
0.0,1,2.244407
0.0,8,2.244844
0.0,2,2.245004
0.0,2,2.245162
0.0,7,2.245548
0.0,1,2.24566
0.0,10,2.246189
0.0,3,2.246393
0.0,2,2.246553
1.0,10,2.247088
0.0,2,2.247248
0.0,2,2.247405
0.0,3,2.247607
0.0,2,2.247778
0.0,1,2.247893
0.0,1,2.248006
0.0,1,2.248118
0.0,5,2.248412
0.0,14,2.249125
0.0,4,2.249378
0.0,7,2.249781
0.0,9,2.250254
0.0,6,2.250591
0.0,43,2.252592
0.0,11,2.253169
0.0,14,2.253883
0.0,20,2.254858
0.0,3,2.255121
0.0,4,2.255371
0.0,1,2.255485
0.0,6,2.255835
0.0,6,2.256176
0.0,3,2.256379
0.0,22,2.257445
0.0,11,2.258024
0.0,2,2.258188
0.0,8,2.25862
0.0,12,2.25924
0.0,3,2.259446
0.0,4,2.259693
0.0,13,2.260357
0.0,13,2.261019
0.0,11,2.261582
0.0,4,2.261841
0.0,7,2.262223
0.0,15,2.262978
0.0,8,2.263407
0.0,1,2.263519
0.0,2,2.263681
1.0,7,2.264078
0.0,8,2.264507
0.0,3,2.264714
0.0,3,2.264929
0.0,5,2.265223
0.0,2,2.265385
0.0,8,2.265827
0.0,2,2.265988
0.0,1,2.266098
0.0,7,2.266482
0.0,22,2.267543
0.0,1,2.267657
0.0,11,2.268229
0.0,3,2.268433
0.0,6,2.268784
0.0,8,2.269209
0.0,3,2.269411
0.0,4,2.269657
0.0,10,2.27019
0.0,3,2.270399
0.0,15,2.271143
0.0,22,2.272209
0.0,7,2.27259
0.0,3,2.272804
0.0,12,2.273413
0.0,11,2.273986
0.0,8,2.274415
0.0,4,2.274662
0.0,7,2.27506
0.0,52,2.277461
0.0,10,2.277993
0.0,7,2.278382
0.0,17,2.279222
0.0,8,2.279653
0.0,14,2.280363
0.0,10,2.280898
0.0,5,2.281193
0.0,4,2.281443
0.0,25,2.28264
0.0,11,2.283218
0.0,6,2.28356
0.0,7,2.283952
0.0,1,2.284068
0.0,20,2.285036
0.0,3,2.28524
0.0,1,2.285352
0.0,3,2.285553
0.0,21,2.286574
0.0,5,2.286885
0.0,24,2.288041
0.0,9,2.288514
0.0,4,2.288772
0.0,8,2.289203
0.0,9,2.289675
0.0,1,2.289805
0.0,10,2.290321
0.0,6,2.290658
0.0,2,2.290827
0.0,7,2.291214
0.0,3,2.291417
0.0,1,2.291531
0.0,5,2.291834
0.0,4,2.292083
0.0,6,2.292421
0.0,23,2.293518
0.0,4,2.293775
0.0,11,2.294338
0.0,19,2.295273
0.0,3,2.295482
0.0,11,2.296053
0.0,15,2.296797
0.0,11,2.29736
0.0,11,2.297929
0.0,9,2.298403
0.0,29,2.299792
0.0,6,2.300131
0.0,5,2.300426
0.0,2,2.300585
0.0,3,2.300798
0.0,4,2.301046
0.0,10,2.30156
0.0,5,2.301865
0.0,14,2.302557
0.0,12,2.30317
0.0,8,2.303595
0.0,2,2.303753
0.0,3,2.303967
0.0,6,2.304302
0.0,5,2.304592
0.0,7,2.304984
0.0,11,2.30555
0.0,7,2.305944
0.0,4,2.306197
0.0,15,2.306945
0.0,7,2.307329
0.0,18,2.308221
0.0,3,2.308426
0.0,6,2.308777
0.0,13,2.309427
0.0,7,2.309825
0.0,3,2.310031
0.0,6,2.310369
0.0,3,2.310571
0.0,5,2.310874
0.0,3,2.31108
0.0,1,2.31119
0.0,21,2.312196
0.0,7,2.312579
0.0,1,2.31269
0.0,2,2.312861
0.0,5,2.313156
0.0,3,2.313363
1.0,16,2.314156
0.0,8,2.314581
0.0,4,2.314842
0.0,12,2.31545
0.0,8,2.315886
0.0,5,2.316183
0.0,8,2.31661
0.0,5,2.316913
0.0,21,2.317926
0.0,5,2.318221
0.0,16,2.319018
0.0,1,2.319132
0.0,13,2.319795
0.0,9,2.320268
0.0,8,2.320691
0.0,13,2.321348
0.0,4,2.321599
0.0,6,2.321946
0.0,31,2.323408
0.0,5,2.323706
0.0,26,2.324959
0.0,3,2.328597
0.0,5,2.334782
0.0,8,2.344583
0.0,5,2.350739
0.0,1,2.352028
0.0,1,2.353311
0.0,3,2.357035
0.0,2,2.359532
0.0,5,2.365682
0.0,6,2.373055
0.0,4,2.37798
0.0,5,2.384138
0.0,3,2.387879
0.0,3,2.391701
0.0,8,2.401523
0.0,1,2.402825
0.0,3,2.406551
0.0,7,2.415169
0.0,4,2.419993
0.0,2,2.42234
0.0,1,2.423548
0.0,2,2.425906
0.0,1,2.427116
0.0,2,2.429464
0.0,9,2.439804
0.0,6,2.446709
0.0,3,2.450216
0.0,13,2.465126
0.0,2,2.467478
0.0,1,2.468686
0.0,2,2.471042
0.0,7,2.479086
0.0,2,2.481443
0.0,8,2.490668
0.0,3,2.494179
0.0,2,2.496533
0.0,6,2.503252
0.0,3,2.50676
0.0,12,2.520574
0.0,4,2.525253
0.0,1,2.526466
0.0,2,2.528841
0.0,2,2.531208
0.0,1,2.532422
0.0,6,2.539385
0.0,6,2.546337
0.0,1,2.547554
0.0,8,2.556796
0.0,7,2.564963
0.0,2,2.567316
0.0,2,2.569755
0.0,14,2.585859
0.0,7,2.594034
0.0,3,2.597542
0.0,1,2.598756
0.0,4,2.603415
0.0,4,2.608068
0.0,1,2.60921
0.0,6,2.616084
0.0,2,2.618449
0.0,3,2.621979
0.0,2,2.624344
0.0,6,2.631294
0.0,6,2.638231
0.0,3,2.641733
0.0,1,2.642952
0.0,3,2.646555
0.0,1,2.647784
0.0,1,2.648925
0.0,9,2.659237
0.0,4,2.663893
0.0,2,2.66625
0.0,1,2.667461
0.0,1,2.668675
0.0,13,2.683637
0.0,6,2.69067
0.0,1,2.691893
0.0,2,2.694249
0.0,2,2.696519
0.0,1,2.697735
0.0,2,2.700023
0.0,3,2.703524
0.0,1,2.704736
0.0,12,2.718544
0.0,3,2.722062
0.0,3,2.725565
0.0,1,2.726785
0.0,5,2.732511
0.0,7,2.74059
0.0,7,2.748685
0.0,1,2.749911
0.0,9,2.760331
0.0,12,2.774067
0.0,3,2.77758
0.0,1,2.778805
0.0,4,2.783467
0.0,1,2.78462
0.0,1,2.785841
0.0,8,2.795076
0.0,3,2.798582
0.0,5,2.804391
0.0,7,2.812476
0.0,3,2.816008
0.0,1,2.817223
0.0,3,2.820737
0.0,4,2.825402
0.0,1,2.826616
0.0,1,2.827839
0.0,1,2.829051
0.0,1,2.830266
0.0,1,2.831479
0.0,5,2.837311
0.0,1,2.838532
0.0,3,2.84206
0.0,1,2.843274
0.0,1,2.84449
0.0,3,2.848011
0.0,1,2.849224
0.0,3,2.852738
0.0,1,2.85396
0.0,1,2.855171
0.0,3,2.858684
0.0,2,2.861052
0.0,1,2.862262
0.0,1,2.863477
0.0,1,2.864629
0.0,1,2.865852
0.0,4,2.870516
0.0,6,2.877459
0.0,1,2.878679
0.0,5,2.88448
0.0,1,2.885693
0.0,4,2.89028
0.0,1,2.89149
0.0,1,2.8927
0.0,6,2.899648
0.0,1,2.900878
0.0,2,2.903235
0.0,1,2.904447
0.0,1,2.905659
0.0,2,2.908026
0.0,2,2.910393
0.0,5,2.91619
0.0,2,2.918544
0.0,2,2.920915
0.0,1,2.922125
0.0,1,2.923361
0.0,3,2.926791
0.0,5,2.932531
0.0,15,2.949715
0.0,5,2.95552
0.0,2,2.957888
0.0,5,2.963695
0.0,2,2.966059
0.0,3,2.969563
0.0,6,2.97651
0.0,5,2.982319
0.0,3,2.985836
0.0,2,2.988198
0.0,5,2.994
0.0,1,2.995218
0.0,1,2.996433
0.0,2,2.998804
0.0,5,3.004602
0.0,5,3.010494
0.0,5,3.016293
0.0,1,3.017503
0.0,1,3.018712
0.0,2,3.021082
0.0,3,3.024583
0.0,11,3.037246
0.0,3,3.040617
0.0,1,3.041838
0.0,1,3.043054
0.0,3,3.046549
0.0,6,3.053574
0.0,2,3.055952
0.0,7,3.064058
0.0,1,3.065277
0.0,7,3.07331
0.0,1,3.074529
0.0,1,3.075742
0.0,1,3.076959
0.0,4,3.081612
0.0,2,3.083978
0.0,1,3.085191
0.0,6,3.092141
0.0,3,3.095658
0.0,2,3.098026
0.0,2,3.100385
0.0,10,3.111936
0.0,2,3.114301
0.0,5,3.120116
0.0,4,3.124713
0.0,1,3.125937
0.0,4,3.130591
0.0,1,3.131814
0.0,4,3.136545
0.0,1,3.137758
0.0,12,3.151564
0.0,6,3.18638
0.0,1,3.190356
0.0,4,3.247652
0.0,7,3.34305
0.0,1,3.344187
0.0,7,3.352198
0.0,1,3.353414
0.0,5,3.359232
0.0,8,3.368486
0.0,4,3.373152
0.0,5,3.378963
0.0,7,3.38705
0.0,34,3.426208
0.0,1,3.427426
0.0,6,3.434382
0.0,1,3.4356
0.0,2,3.437971
0.0,3,3.441497
0.0,18,3.462167
0.0,1,3.463389
0.0,2,3.465746
0.0,1,3.466968
0.0,4,3.471713
0.0,2,3.473998
0.0,4,3.478637
0.0,4,3.483308
0.0,7,3.49139
0.0,1,3.492603
0.0,1,3.493824
0.0,4,3.498467
0.0,6,3.50534
0.0,1,3.506558
0.0,5,3.512363
0.0,2,3.514727
0.0,14,3.530864
0.0,2,3.533231
0.0,2,3.535594
0.0,6,3.542707
0.0,3,3.546444
0.0,3,3.549961
0.0,3,3.553413
0.0,7,3.561527
0.0,3,3.56504
0.0,8,3.574265
0.0,4,3.57892
0.0,4,3.583433
0.0,1,3.584646
0.0,2,3.587015
0.0,4,3.591687
0.0,2,3.594058
0.0,4,3.598718
0.0,5,3.604538
0.0,2,3.606921
0.0,1,3.608134
0.0,2,3.610534
0.0,2,3.612909
0.0,1,3.614125
0.0,3,3.617638
0.0,1,3.618863
0.0,2,3.621222
0.0,1,3.622433
0.0,3,3.62595
0.0,4,3.630605
0.0,1,3.631827
0.0,7,3.640083
0.0,1,3.641307
0.0,2,3.64367
0.0,1,3.644891
0.0,7,3.652998
0.0,8,3.662251
0.0,3,3.665755
0.0,3,3.669207
0.0,4,3.673785
0.0,1,3.675004
0.0,2,3.677357
0.0,5,3.683166
0.0,7,3.691271
0.0,9,3.701638
0.0,3,3.705145
0.0,2,3.707444
0.0,2,3.709816
0.0,5,3.715604
0.0,3,3.719196
0.0,11,3.731933
0.0,6,3.738894
0.0,3,3.742408
0.0,1,3.743622
0.0,5,3.74938
0.0,10,3.760919
0.0,1,3.762139
0.0,1,3.763354
0.0,1,3.764569
0.0,1,3.765796
0.0,5,3.771589
0.0,1,3.772813
0.0,1,3.774027
0.0,2,3.77638
0.0,1,3.777586
0.0,5,3.783384
0.0,4,3.788042
0.0,1,3.789255
0.0,9,3.799624
0.0,1,3.800852
0.0,6,3.807655
0.0,1,3.808878
0.0,13,3.823823
0.0,3,3.827333
0.0,12,3.841175
0.0,3,3.844694
0.0,3,3.848194
0.0,1,3.8494
0.0,1,3.850617
0.0,1,3.85184
0.0,3,3.855344
0.0,11,3.868018
0.0,5,3.873829
0.0,7,3.882014
0.0,5,3.88781
0.0,1,3.889023
0.0,5,3.894832
0.0,3,3.898337
0.0,1,3.899546
0.0,12,3.91338
1.0,21,3.9376
0.0,6,3.944639
0.0,12,3.95854
0.0,3,3.962056
0.0,1,3.963269
0.0,2,3.965628
0.0,6,3.972564
0.0,3,3.976074
0.0,3,3.979576
0.0,3,3.983093
0.0,9,3.993467
0.0,1,3.994706
0.0,5,4.000547
0.0,1,4.001789
0.0,6,4.008824
0.0,1,4.01004
0.0,4,4.01468
0.0,2,4.017043
0.0,1,4.018255
0.0,21,4.042368
0.0,10,4.053913
0.0,7,4.062037
0.0,8,4.071295
0.0,2,4.073659
0.0,2,4.076032
0.0,7,4.084114
0.0,7,4.092247
0.0,4,4.096907
0.0,10,4.108419
0.0,3,4.111936
1.0,15,4.129171
0.0,1,4.130393
0.0,2,4.132756
0.0,14,4.148927
0.0,7,4.157046
0.0,4,4.161704
0.0,6,4.168664
0.0,6,4.175625
0.0,13,4.190682
0.0,2,4.19305
0.0,2,4.195405
0.0,8,4.204713
0.0,3,4.208227
0.0,4,4.212881
0.0,3,4.216379
0.0,4,4.221038
0.0,4,4.225683
0.0,4,4.230359
0.0,17,4.249957
0.0,1,4.251178
0.0,2,4.253624
0.0,6,4.260575
0.0,1,4.2618
0.0,4,4.26645
0.0,5,4.272169
0.0,1,4.273462
0.0,2,4.275831
0.0,11,4.288666
0.0,1,4.289901
0.0,1,4.291126
0.0,7,4.299224
0.0,6,4.306172
0.0,1,4.307391
0.0,2,4.309756
0.0,4,4.314528
0.0,2,4.316886
0.0,6,4.323773
1.0,9,4.334146
0.0,3,4.337658
0.0,3,4.34117
0.0,5,4.34696
0.0,11,4.35961
1.0,10,4.371147
0.0,2,4.373598
0.0,4,4.378266
0.0,3,4.381786
0.0,3,4.385217
0.0,4,4.389891
0.0,1,4.391107
0.0,1,4.39232
0.0,4,4.396982
0.0,2,4.399334
0.0,27,4.430404
0.0,4,4.43508
0.0,20,4.457999
0.0,4,4.462661
0.0,10,4.474314
0.0,7,4.482482
0.0,6,4.489421
0.0,7,4.497506
0.0,3,4.50102
0.0,1,4.502233
0.0,25,4.531065
0.0,4,4.535727
0.0,7,4.543863
0.0,2,4.546232
0.0,13,4.561236
0.0,11,4.57395
0.0,7,4.582067
0.0,7,4.590014
0.0,7,4.598096
0.0,9,4.608408
0.0,13,4.623372
0.0,10,4.635034
0.0,10,4.64659
0.0,3,4.65012
0.0,1,4.651338
0.0,10,4.662895
0.0,4,4.667548
0.0,5,4.673353
0.0,4,4.678022
0.0,9,4.688408
0.0,1,4.689624
0.0,3,4.693145
0.0,8,4.702404
0.0,9,4.712822
0.0,13,4.727882
0.0,2,4.730247
0.0,2,4.732616
0.0,4,4.737281
0.0,7,4.74553
1.0,12,4.759375
0.0,7,4.767498
0.0,6,4.774465
0.0,1,4.775689
0.0,10,4.787153
0.0,9,4.797658
0.0,7,4.805848
0.0,1,4.80706
0.0,3,4.810565
0.0,15,4.827803
0.0,2,4.830165
0.0,6,4.83711
0.0,6,4.843989
0.0,7,4.852082
0.0,16,4.870603
0.0,5,4.876423
1.0,12,4.890274
1.0,21,4.914435
0.0,7,4.922543
0.0,7,4.930658
0.0,11,4.943334
0.0,8,4.952564
0.0,1,4.953789
0.0,1,4.955009
0.0,12,4.96882
0.0,2,4.971187
0.0,2,4.97354
0.0,3,4.97705
0.0,4,4.981695
0.0,5,4.987429
0.0,6,4.994393
0.0,1,4.99561
0.0,17,5.015167
0.0,1,5.016388
0.0,2,5.018742
0.0,5,5.024544
0.0,1,5.025758
0.0,2,5.028126
0.0,1,5.02936
0.0,11,5.041962
0.0,2,5.044323
0.0,1,5.045534
0.0,3,5.049051
0.0,1,5.05027
0.0,3,5.05379
0.0,2,5.05616
0.0,6,5.063119
0.0,12,5.076881
0.0,1,5.078101
0.0,9,5.088487
0.0,4,5.093151
0.0,1,5.094387
0.0,6,5.101266
0.0,1,5.102478
0.0,12,5.116389
0.0,11,5.129071
0.0,1,5.130296
0.0,7,5.138327
0.0,2,5.14069
0.0,13,5.155729
0.0,5,5.161535
0.0,5,5.167346
0.0,1,5.168557
0.0,3,5.172078
0.0,7,5.180173
0.0,3,5.183681
0.0,2,5.186051
0.0,3,5.189559
0.0,13,5.27772
0.0,13,5.389397
0.0,4,5.394053
0.0,14,5.410145
0.0,5,5.41595
0.0,14,5.432101
0.0,13,5.447015
0.0,16,5.465404
0.0,8,5.474649
0.0,5,5.480405
0.0,2,5.482772
0.0,4,5.487422
0.0,11,5.500125
0.0,12,5.514027
0.0,18,5.534683
0.0,19,5.556607
0.0,4,5.561377
0.0,8,5.570617
0.0,1,5.571848
0.0,1,5.573064
0.0,7,5.581162
0.0,2,5.583531
0.0,17,5.603081
0.0,3,5.6066
0.0,1,5.607825
0.0,5,5.613626
0.0,5,5.619528
0.0,3,5.622966
0.0,3,5.626474
0.0,2,5.628839
0.0,5,5.634712
0.0,4,5.639368
0.0,7,5.647445
0.0,2,5.649731
0.0,2,5.652102
0.0,5,5.657813
0.0,9,5.668172
0.0,9,5.678558
0.0,5,5.684374
0.0,1,5.685587
0.0,17,5.705185
0.0,2,5.707551
0.0,3,5.711068
0.0,5,5.71687
1.0,33,5.754662
0.0,9,5.765059
0.0,2,5.76742
0.0,8,5.776656
0.0,1,5.777884
1.0,11,5.79057
0.0,2,5.792943
0.0,4,5.797673
0.0,13,5.812719
0.0,4,5.81737
0.0,17,5.836917
0.0,11,5.8496
1.0,23,5.876088
0.0,14,5.892174
0.0,1,5.893396
0.0,5,5.899049
0.0,8,5.908193
0.0,32,5.94498
0.0,4,5.949632
0.0,1,5.950864
0.0,6,5.957843
0.0,9,5.968302
1.0,16,5.986694
1.0,7,5.994817
0.0,8,6.004189
0.0,20,6.027205
0.0,10,6.038727
0.0,5,6.044585
0.0,7,6.052687
0.0,6,6.059725
0.0,1,6.060954
0.0,9,6.071105
0.0,5,6.076982
0.0,4,6.081627
0.0,17,6.101236
0.0,14,6.117329
0.0,6,6.12427
0.0,3,6.127784
0.0,2,6.130219
0.0,4,6.134872
0.0,5,6.140596
0.0,6,6.147532
0.0,1,6.148748
0.0,2,6.151117
0.0,4,6.155777
0.0,1,6.156987
0.0,1,6.158202
0.0,4,6.162861
0.0,1,6.164075
0.0,1,6.165287
0.0,3,6.168799
0.0,4,6.173537
0.0,1,6.17476
0.0,1,6.175986
0.0,15,6.193271
0.0,3,6.196795
0.0,3,6.200394
0.0,3,6.203891
0.0,3,6.207335
0.0,1,6.208546
0.0,2,6.210921
0.0,3,6.214432
0.0,2,6.216804
0.0,1,6.21802
0.0,4,6.222757
0.0,2,6.225127
0.0,1,6.226351
0.0,6,6.233307
0.0,1,6.234525
0.0,3,6.238047
0.0,3,6.241555
0.0,5,6.247361
0.0,1,6.248577
0.0,4,6.253247
0.0,5,6.258965
0.0,1,6.26018
0.0,1,6.261391
0.0,1,6.262604
0.0,6,6.269548
0.0,13,6.284493
0.0,2,6.286862
0.0,1,6.288073
0.0,3,6.291588
0.0,3,6.295111
0.0,3,6.298618
0.0,2,6.300991
0.0,3,6.30458
0.0,1,6.305803
0.0,2,6.308159
0.0,3,6.311669
0.0,3,6.315181
0.0,3,6.318673
0.0,1,6.319893
0.0,1,6.321108
0.0,3,6.32461
0.0,3,6.328196
0.0,5,6.333982
0.0,3,6.337486
0.0,4,6.342197
0.0,3,6.345692
0.0,1,6.34691
0.0,3,6.35034
0.0,2,6.352692
0.0,3,6.356202
0.0,6,6.363143
0.0,7,6.371244
0.0,4,6.375812
0.0,2,6.37817
0.0,1,6.379378
0.0,8,6.388515
0.0,4,6.393099
0.0,5,6.398834
0.0,6,6.405781
0.0,5,6.411607
0.0,5,6.417436
0.0,1,6.418652
0.0,3,6.422168
0.0,2,6.424528
0.0,3,6.428044
0.0,3,6.431552
0.0,1,6.432773
0.0,3,6.436362
0.0,18,6.457028
0.0,1,6.458242
0.0,1,6.459452
0.0,3,6.4629
0.0,3,6.466402
0.0,2,6.468786
0.0,1,6.470011
0.0,7,6.478013
0.0,7,6.486169
0.0,1,6.487318
0.0,1,6.488452
0.0,3,6.491973
0.0,1,6.493186
0.0,2,6.495542
0.0,4,6.500201
0.0,3,6.503698
0.0,11,6.516401
0.0,3,6.519919
0.0,6,6.526723
0.0,4,6.531378
0.0,9,6.54177
0.0,16,6.560253
0.0,3,6.563771
0.0,4,6.568434
0.0,13,6.58342
0.0,1,6.584636
0.0,5,6.590446
0.0,3,6.593973
0.0,1,6.595188
0.0,4,6.599845
0.0,1,6.601061
0.0,1,6.602273
0.0,2,6.60457
1.0,8,6.613812
0.0,3,6.617408
0.0,8,6.626563
0.0,1,6.627786
0.0,5,6.63366
0.0,2,6.636111
0.0,2,6.638468
0.0,3,6.641986
0.0,2,6.644432
0.0,7,6.652515
0.0,1,6.653731
0.0,4,6.658828
0.0,1,6.660058
0.0,1,6.661273
0.0,2,6.663632
0.0,1,6.664851
0.0,4,6.669491
0.0,2,6.671865
0.0,1,6.67308
0.0,6,6.68005
0.0,4,6.684707
0.0,1,6.68593
0.0,1,6.687149
0.0,8,6.696323
0.0,3,6.699843
0.0,12,6.713651
0.0,8,6.722899
0.0,2,6.725264
0.0,10,6.736796
0.0,7,6.744978
0.0,1,6.746192
0.0,3,6.749687
0.0,3,6.753294
0.0,2,6.755661
0.0,11,6.768409
0.0,9,6.778808
0.0,5,6.784609
0.0,4,6.789277
1.0,10,6.800833
0.0,2,6.803197
0.0,2,6.805566
0.0,3,6.809082
0.0,4,6.813593
0.0,2,6.815961
0.0,2,6.818323
0.0,7,6.826411
0.0,15,6.843647
0.0,3,6.847162
0.0,1,6.848384
0.0,3,6.851817
0.0,6,6.85875
0.0,4,6.863271
0.0,3,6.866784
0.0,6,6.87381
0.0,9,6.884203
0.0,10,6.8957
0.0,6,6.902644
0.0,1,6.903872
0.0,2,6.906315
0.0,19,6.9282
0.0,4,6.932867
0.0,1,6.934082
0.0,9,6.944492
0.0,13,6.959502
0.0,5,6.965311
0.0,3,6.968915
0.0,7,6.977
0.0,1,6.978214
0.0,1,6.979422
0.0,2,6.981794
0.0,2,6.984149
0.0,5,6.989954
0.0,1,6.991163
0.0,6,6.998102
0.0,23,7.024576
0.0,8,7.033832
0.0,17,7.05346
0.0,1,7.054608
0.0,7,7.062719
0.0,3,7.066234
0.0,3,7.069735
0.0,10,7.081345
0.0,18,7.102034
0.0,6,7.108975
0.0,5,7.114805
0.0,23,7.141111
0.0,12,7.1549
0.0,13,7.16987
0.0,10,7.181281
0.0,2,7.183635
0.0,12,7.19751
0.0,43,7.357719
0.0,1,7.367276
0.0,7,7.430333
0.0,3,7.433645
0.0,24,7.460194
0.0,7,7.468276
0.0,2,7.470574
0.0,7,7.47867
0.0,26,7.508582
0.0,11,7.521254
0.0,6,7.528199
0.0,10,7.539806
0.0,10,7.55127
0.0,13,7.566302
0.0,6,7.573249
0.0,5,7.578957
0.0,27,7.609953
0.0,9,7.62037
0.0,6,7.627321
0.0,6,7.634288
0.0,5,7.640097
0.0,14,7.656269
0.0,3,7.659783
0.0,2,7.662061
0.0,3,7.665559
0.0,4,7.670215
0.0,4,7.674866
0.0,20,7.697838
0.0,4,7.702587
0.0,20,7.725554
0.0,4,7.730224
0.0,7,7.738309
0.0,6,7.745266
0.0,5,7.751067
0.0,1,7.752285
0.0,1,7.7535
0.0,6,7.760453
0.0,4,7.765127
0.0,6,7.772006
0.0,6,7.779018
0.0,14,7.795124
0.0,13,7.828971
0.0,5,7.835061
0.0,3,7.838596
0.0,7,7.851596
0.0,21,7.885616
0.0,12,7.90593
0.0,1,7.90726
0.0,5,7.918117
0.0,2,7.920597
0.0,15,7.945674
0.0,3,7.949296
0.0,5,7.95616
0.0,1,7.957518
0.0,12,7.97139
0.0,4,7.97617
0.0,6,7.983128
0.0,7,7.991303
0.0,12,8.00511
0.0,8,8.014497
0.0,1,8.015714
0.0,6,8.022679
0.0,4,8.027427
0.0,5,8.033233
0.0,2,8.035587
0.0,2,8.03796
0.0,2,8.040325
0.0,7,8.04843
0.0,3,8.051957
0.0,3,8.055544
0.0,5,8.061276
1.0,15,8.078586
0.0,3,8.082185
0.0,1,8.0834
0.0,1,8.084616
0.0,3,8.08813
0.0,3,8.091718
0.0,5,8.097426
0.0,1,8.098641
0.0,2,8.101015
0.0,3,8.104517
0.0,5,8.110347
0.0,2,8.112703
0.0,2,8.115069
0.0,5,8.120869
0.0,6,8.127825
0.0,15,8.145166
0.0,2,8.147521
0.0,8,8.156747
0.0,8,8.165847
0.0,1,8.167064
0.0,1,8.16828
0.0,11,8.18097
0.0,2,8.183402
0.0,1,8.184618
0.0,1,8.185842
0.0,7,8.193951
0.0,2,8.196318
0.0,12,8.210141
0.0,3,8.213729
0.0,3,8.217159
1.0,17,8.236671
0.0,5,8.242473
0.0,4,8.247132
0.0,2,8.249503
0.0,1,8.250718
0.0,1,8.251939
0.0,3,8.255455
0.0,1,8.256599
0.0,4,8.261265
0.0,4,8.265927
0.0,1,8.267148
0.0,1,8.268361
0.0,1,8.269577
0.0,4,8.274107
0.0,4,8.278762
0.0,5,8.284556
0.0,4,8.289283
0.0,3,8.292802
0.0,3,8.296313
0.0,4,8.300966
0.0,6,8.307909
0.0,4,8.312575
0.0,1,8.313804
0.0,3,8.317403
0.0,6,8.324268
0.0,4,8.328928
0.0,5,8.33474
0.0,3,8.338265
0.0,4,8.342931
0.0,2,8.345292
0.0,5,8.351104
0.0,1,8.352409
0.0,5,8.358126
1.0,7,8.366149
0.0,3,8.369592
0.0,5,8.375416
0.0,2,8.377789
0.0,7,8.385886
0.0,13,8.400947
0.0,16,8.419378
0.0,12,8.433234
0.0,1,8.434451
0.0,3,8.437979
0.0,1,8.439193
0.0,9,8.449563
0.0,18,8.470238
0.0,11,8.482913
0.0,7,8.491025
0.0,13,8.506017
1.0,7,8.514125
0.0,12,8.528145
0.0,4,8.532887
0.0,14,8.549015
1.0,9,8.559401
0.0,2,8.561771
0.0,3,8.565279
0.0,1,8.566492
0.0,2,8.568947
0.0,1,8.570165
0.0,8,8.579391
0.0,9,8.589778
0.0,6,8.596724
0.0,8,8.605976
0.0,7,8.614166
0.0,2,8.616531
0.0,1,8.617748
0.0,20,8.640665
0.0,5,8.646465
0.0,1,8.647693
0.0,3,8.65113
0.0,6,8.658072
0.0,10,8.669584
0.0,1,8.670814
0.0,6,8.677772
0.0,1,8.679042
0.0,8,8.688285
0.0,1,8.689502
0.0,1,8.690718
0.0,4,8.695372
0.0,1,8.696603
0.0,6,8.703573
0.0,6,8.71057
0.0,10,8.722131
0.0,11,8.734773
0.0,3,8.73837
0.0,8,8.747641
0.0,6,8.75463
0.0,3,8.758142
0.0,3,8.761731
0.0,3,8.765161
0.0,14,8.781248
0.0,1,8.782515
0.0,1,8.783745
0.0,10,8.79527
0.0,7,8.803416
0.0,2,8.805799
0.0,4,8.810452
0.0,6,8.817318
0.0,1,8.818546
0.0,8,8.827863
1.0,27,8.858757
0.0,8,8.868029
0.0,37,8.910785
1.0,11,8.923553
0.0,19,8.945442
1.0,10,8.95693
0.0,13,8.971933
0.0,4,8.976591
0.0,6,8.983638
0.0,13,8.998682
0.0,3,9.002199
0.0,16,9.020511
0.0,15,9.037779
0.0,3,9.041377
0.0,7,9.049467
1.0,12,9.063268
0.0,4,9.067931
0.0,6,9.074811
0.0,16,9.093237
0.0,1,9.094452
0.0,11,9.107193
0.0,1,9.10841
0.0,5,9.114378
0.0,5,9.120188
1.0,14,9.136271
0.0,1,9.137483
0.0,8,9.146798
0.0,7,9.154899
0.0,2,9.157269
0.0,10,9.168855
0.0,5,9.174667
0.0,3,9.178178
0.0,12,9.192014
0.0,13,9.207022
0.0,12,9.220847
0.0,8,9.23016
0.0,3,9.233599
0.0,7,9.241754
1.0,12,9.255569
0.0,6,9.262525
0.0,6,9.269467
0.0,6,9.276438
0.0,4,9.28111
0.0,17,9.477301
0.0,6,9.483877
0.0,3,9.487192
0.0,18,9.507517
0.0,13,9.522477
0.0,3,9.526186
0.0,4,9.530856
1.0,14,9.547025
0.0,4,9.551669
0.0,2,9.554037
0.0,6,9.560971
0.0,7,9.569044
0.0,4,9.573691
0.0,9,9.584161
0.0,1,9.585389
0.0,9,9.595627
0.0,2,9.598001
0.0,9,9.608308
0.0,2,9.610683
0.0,6,9.617709
0.0,7,9.6258
0.0,6,9.632824
0.0,8,9.642112
0.0,12,9.655935
0.0,7,9.664029
0.0,17,9.683626
0.0,8,9.692902
0.0,1,9.694125
0.0,2,9.696533
0.0,1,9.697746
0.0,3,9.70129
0.0,4,9.705955
0.0,7,9.714057
0.0,6,9.721023
0.0,6,9.727969
0.0,8,9.737265
0.0,6,9.744212
0.0,2,9.746569
0.0,5,9.752379
0.0,4,9.757051
0.0,5,9.762887
0.0,6,9.769868
0.0,1,9.771086
0.0,7,9.779185
0.0,1,9.7804
0.0,6,9.787366
0.0,1,9.788585
0.0,4,9.793271
0.0,1,9.794487
0.0,5,9.800334
0.0,1,9.801473
0.0,1,9.802682
0.0,2,9.805063
0.0,22,9.830418
0.0,4,9.835143
0.0,3,9.838691
0.0,5,9.844493
0.0,4,9.849152
0.0,7,9.857181
0.0,2,9.859539
0.0,5,9.865352
0.0,5,9.871168
0.0,10,9.882496
0.0,4,9.887166
0.0,1,9.888384
1.0,16,9.906809
0.0,1,9.908022
0.0,2,9.910387
0.0,3,9.913894
0.0,1,9.915102
0.0,1,9.916403
0.0,2,9.918807
0.0,4,9.923488
0.0,5,9.929321
0.0,2,9.931686
0.0,1,9.932959
0.0,1,9.93419
0.0,5,9.93999
0.0,1,9.941207
0.0,7,9.949294
0.0,1,9.950512
0.0,3,9.95403
0.0,1,9.955243
0.0,2,9.957597
0.0,2,9.959971
0.0,6,9.966934
0.0,3,9.970453
0.0,1,9.971668
0.0,1,9.972894
0.0,1,9.974108
0.0,2,9.976471
0.0,2,9.978842
0.0,7,9.986885
0.0,2,9.989256
0.0,1,9.990473
0.0,3,9.993991
0.0,4,9.998569
0.0,1,9.999792
0.0,5,10.005589
0.0,2,10.00796
0.0,4,10.012684
0.0,1,10.013902
0.0,5,10.019699
0.0,3,10.023219
0.0,1,10.024435
0.0,3,10.027951
0.0,1,10.029161
0.0,1,10.030391
0.0,2,10.032672
0.0,5,10.038538
0.0,1,10.039753
0.0,5,10.045581
0.0,13,10.060626
0.0,4,10.065368
0.0,1,10.066585
0.0,2,10.068959
0.0,1,10.070174
0.0,6,10.077116
0.0,16,10.0955
0.0,2,10.097869
0.0,12,10.111664
0.0,4,10.116325
0.0,3,10.119842
0.0,1,10.121058
0.0,5,10.126872
0.0,4,10.131534
0.0,6,10.13848
0.0,6,10.145452
0.0,6,10.152417
0.0,18,10.173199
0.0,3,10.176698
0.0,1,10.177979
0.0,3,10.18151
0.0,1,10.182724
0.0,1,10.183947
0.0,2,10.186324
0.0,1,10.187457
0.0,1,10.188671
0.0,3,10.192185
0.0,2,10.194547
0.0,4,10.199218
0.0,4,10.203903
0.0,4,10.208565
0.0,1,10.209795
0.0,3,10.213317
0.0,1,10.21453
0.0,1,10.215744
0.0,1,10.216961
0.0,1,10.218169
0.0,15,10.235432
0.0,2,10.237804
0.0,3,10.241316
0.0,7,10.249413
1.0,10,10.260959
0.0,5,10.266773
0.0,7,10.274958
0.0,2,10.277317
0.0,10,10.288952
0.0,4,10.293605
0.0,1,10.294831
0.0,4,10.29957
0.0,3,10.303143
0.0,8,10.312234
0.0,8,10.321516
0.0,2,10.32389
0.0,7,10.331982
0.0,9,10.342379
0.0,5,10.348185
0.0,6,10.355136
0.0,5,10.360983
0.0,2,10.363349
0.0,4,10.368033
0.0,8,10.377305
0.0,8,10.386559
0.0,4,10.391227
0.0,11,10.403926
0.0,1,10.40515
0.0,5,10.411005
0.0,1,10.412219
0.0,1,10.413481
0.0,3,10.417143
0.0,7,10.425243
0.0,3,10.42874
0.0,4,10.433391
0.0,1,10.434603
0.0,3,10.438125
0.0,5,10.443938
0.0,3,10.447448
0.0,1,10.448661
0.0,4,10.45335
0.0,1,10.454487
0.0,1,10.455696
0.0,2,10.45807
0.0,1,10.459287
0.0,10,10.470846
0.0,5,10.476675
0.0,3,10.480222
0.0,2,10.482616
0.0,3,10.48613
0.0,5,10.491888
0.0,1,10.493105
0.0,4,10.497773
0.0,4,10.502424
0.0,1,10.503636
0.0,3,10.507146
0.0,1,10.50836
0.0,5,10.51416
0.0,3,10.517671
0.0,1,10.518891
0.0,5,10.524685
0.0,1,10.525907
0.0,3,10.529417
0.0,3,10.532936
0.0,1,10.534149
0.0,1,10.535453
0.0,2,10.537822
0.0,1,10.539034
0.0,1,10.540251
0.0,5,10.54596
0.0,5,10.551785
0.0,9,10.562237
0.0,3,10.565742
0.0,4,10.570405
0.0,1,10.57162
0.0,1,10.572842
0.0,5,10.578637
0.0,7,10.586824
0.0,2,10.589185
0.0,4,10.593844
0.0,1,10.595057
0.0,2,10.597419
0.0,1,10.598632
0.0,3,10.602156
0.0,2,10.604522
0.0,1,10.605736
0.0,1,10.606961
0.0,8,10.616198
0.0,6,10.623221
0.0,6,10.630154
0.0,3,10.633668
0.0,15,10.650941
0.0,1,10.652157
0.0,1,10.65337
0.0,1,10.654583
0.0,1,10.655808
0.0,2,10.658167
0.0,3,10.661665
0.0,8,10.671067
0.0,1,10.672286
0.0,2,10.674656
0.0,3,10.678178
0.0,16,10.69658
0.0,1,10.697808
0.0,2,10.700174
0.0,1,10.701391
0.0,1,10.702603
0.0,2,10.705053
0.0,1,10.706276
0.0,1,10.70751
0.0,6,10.714417
0.0,3,10.717927
0.0,3,10.721375
0.0,1,10.722635
0.0,2,10.725031
0.0,6,10.731985
0.0,1,10.733198
0.0,8,10.742423
0.0,2,10.744788
0.0,4,10.749435
0.0,6,10.756405
0.0,1,10.757638
0.0,2,10.760017
0.0,2,10.762382
0.0,1,10.763596
0.0,1,10.76484
0.0,1,10.766059
0.0,5,10.771885
0.0,2,10.774248
0.0,6,10.781216
0.0,8,10.790511
0.0,10,10.801971
0.0,1,10.803186
0.0,4,10.807838
0.0,11,10.820582
0.0,2,10.822955
0.0,2,10.825317
0.0,7,10.833406
0.0,3,10.836985
0.0,7,10.845086
0.0,1,10.846388
0.0,3,10.849891
0.0,5,10.855616
0.0,8,10.864864
0.0,9,10.875168
0.0,14,10.891362
0.0,9,10.901737
0.0,24,10.929354
0.0,9,10.940099
0.0,8,10.949358
1.0,24,10.976955
0.0,9,10.987344
0.0,1,10.988557
0.0,6,10.995513
0.0,1,10.996727
0.0,7,11.004849
0.0,5,11.010589
0.0,2,11.012962
0.0,5,11.018758
0.0,10,11.030385
0.0,5,11.036173
0.0,1,11.037412
0.0,2,11.039762
0.0,14,11.055888
0.0,7,11.063975
1.0,15,11.081216
0.0,9,11.091598
0.0,4,11.096274
0.0,3,11.099797
0.0,8,11.109044
0.0,13,11.124029
0.0,6,11.130976
0.0,2,11.13334
0.0,10,11.144945
0.0,5,11.150734
0.0,3,11.154248
0.0,7,11.162336
0.0,1,11.163553
0.0,1,11.164775
0.0,2,11.167137
0.0,4,11.171713
0.0,7,11.179804
0.0,6,11.186823
0.0,17,11.206734
0.0,10,11.218274
0.0,4,11.222886
0.0,2,11.225257
0.0,6,11.232227
0.0,5,11.238045
0.0,4,11.242711
0.0,2,11.245082
0.0,2,11.247447
0.0,16,11.282125
0.0,10,11.299586
0.0,5,11.310277
0.0,11,11.347127
0.0,3,11.397679
0.0,4,11.477721
0.0,1,11.497749
0.0,1,11.511623
0.0,11,11.523431
0.0,1,11.524646
0.0,3,11.528271
0.0,4,11.532868
0.0,4,11.53753
0.0,3,11.541089
0.0,2,11.543462
0.0,3,11.546914
0.0,1,11.548193
0.0,8,11.557462
0.0,3,11.56092
0.0,2,11.563286
0.0,2,11.565654
0.0,17,11.58522
0.0,4,11.58988
0.0,5,11.595681
0.0,3,11.599208
0.0,2,11.601575
0.0,9,11.612
0.0,11,11.624705
0.0,1,11.625993
0.0,2,11.628368
0.0,3,11.631895
0.0,1,11.63311
0.0,2,11.635473
0.0,10,11.647021
0.0,2,11.649383
0.0,23,11.67581
0.0,1,11.677026
0.0,1,11.678241
0.0,2,11.680604
0.0,2,11.682981
0.0,2,11.685431
0.0,1,11.68664
0.0,1,11.687864
0.0,10,11.699412
0.0,3,11.70295
0.0,2,11.705314
0.0,1,11.706607
0.0,1,11.70783
0.0,1,11.709049
0.0,5,11.714912
0.0,1,11.716149
0.0,1,11.717367
0.0,7,11.725497
0.0,5,11.73139
0.0,1,11.732611
0.0,1,11.733835
0.0,1,11.735051
0.0,2,11.737417
0.0,1,11.738632
0.0,7,11.746762
0.0,3,11.750438
0.0,1,11.751655
1.0,27,11.782683
0.0,5,11.78851
0.0,4,11.793169
0.0,2,11.795377
0.0,1,11.796589
0.0,5,11.802406
0.0,2,11.80479
1.0,17,11.824261
1.0,14,11.840364
0.0,7,11.848458
0.0,5,11.854392
0.0,3,11.857923
0.0,6,11.864968
0.0,7,11.873075
0.0,21,11.897287
0.0,7,11.905368
0.0,9,11.915667
0.0,3,11.91918
0.0,29,11.952398
0.0,5,11.958215
0.0,4,11.962882
0.0,12,11.976715
0.0,14,11.992844
0.0,1,11.994058
0.0,16,12.012468
0.0,9,12.022804
0.0,2,12.025167
0.0,3,12.028523
1.0,6,12.035567
1.0,13,12.050621
0.0,6,12.057583
0.0,5,12.063432
1.0,14,12.079551
0.0,6,12.086508
0.0,3,12.090019
0.0,5,12.095812
0.0,5,12.101685
0.0,4,12.10634
0.0,2,12.108698
0.0,5,12.114426
0.0,1,12.115648
0.0,9,12.12613
0.0,4,12.130734
0.0,6,12.13769
1.0,18,12.158471
0.0,8,12.167717
0.0,15,12.184953
0.0,13,12.200621
0.0,5,12.206451
0.0,1,12.207605
0.0,2,12.21005
0.0,1,12.211264
0.0,12,12.225083
0.0,6,12.232048
0.0,1,12.233263
0.0,6,12.240225
0.0,1,12.24144
0.0,6,12.248398
0.0,14,12.264586
0.0,1,12.265824
0.0,1,12.267108
0.0,3,12.270737
0.0,9,12.280963
0.0,2,12.283323
0.0,8,12.292625
0.0,2,12.294991
0.0,16,12.31331
0.0,7,12.321479
0.0,20,12.344443
0.0,6,12.351406
0.0,5,12.357218
0.0,8,12.366456
0.0,7,12.374511
0.0,10,12.386135
0.0,7,12.394303
0.0,5,12.400202
0.0,2,12.402565
0.0,2,12.404943
0.0,3,12.408463
0.0,5,12.414195
1.0,24,12.441707
1.0,19,12.463531
0.0,4,12.468186
0.0,5,12.47399
0.0,4,12.478647
0.0,7,12.486687
0.0,8,12.495939
0.0,15,12.513174
0.0,4,12.517835
0.0,7,12.526005
0.0,4,12.530593
0.0,7,12.538683
0.0,9,12.549139
0.0,2,12.551512
0.0,2,12.553876
0.0,8,12.56302
0.0,6,12.569952
0.0,4,12.574594
0.0,5,12.580396
0.0,6,12.587333
0.0,1,12.588547
0.0,1,12.589758
0.0,4,12.594416
0.0,3,12.597931
0.0,3,12.601449
0.0,2,12.603823
0.0,7,12.612015
0.0,18,12.632691
0.0,7,12.64087
0.0,3,12.644373
0.0,6,12.651313
0.0,8,12.660557
0.0,16,12.678972
0.0,10,12.690521
0.0,4,12.695188
1.0,13,12.710163
0.0,6,12.717107
0.0,1,12.718408
0.0,3,12.721889
0.0,10,12.733349
0.0,3,12.736858
0.0,4,12.741357
0.0,8,12.750579
0.0,2,12.752956
0.0,12,12.766708
0.0,7,12.774824
0.0,7,12.782932
0.0,3,12.78644
0.0,6,12.7934
0.0,12,12.807449
0.0,8,12.81669
0.0,5,12.822584
0.0,7,12.830697
0.0,7,12.838814
0.0,3,12.842332
0.0,3,12.845835
0.0,1,12.847102
0.0,5,12.853017
0.0,14,12.869092
0.0,5,12.874897
0.0,6,12.881836
0.0,4,12.886667
0.0,2,12.889048
0.0,1,12.890265
0.0,3,12.89379
0.0,1,12.895009
0.0,1,12.896222
0.0,1,12.897443
0.0,2,12.899824
0.0,2,12.902191
0.0,1,12.903403
0.0,11,12.916089
0.0,7,12.924116
0.0,11,12.936742
0.0,4,12.941402
0.0,1,12.942617
0.0,2,12.944986
0.0,9,12.955389
0.0,2,12.957833
0.0,2,12.960208
0.0,1,12.96142
0.0,2,12.96379
0.0,9,12.974174
0.0,3,12.977674
0.0,5,12.983474
0.0,4,12.988132
0.0,1,12.989366
0.0,1,12.990505
0.0,1,12.991713
0.0,3,12.995215
0.0,1,12.996424
0.0,6,13.003374
0.0,6,13.010353
0.0,8,13.019576
0.0,8,13.028825
0.0,1,13.030047
0.0,1,13.031263
0.0,19,13.053184
0.0,12,13.067004
0.0,8,13.076324
0.0,3,13.079841
0.0,1,13.081059
0.0,13,13.09613
0.0,25,13.124786
0.0,4,13.129514
0.0,1,13.13073
0.0,15,13.148066
0.0,2,13.150439
0.0,6,13.157406
0.0,4,13.162083
0.0,2,13.164526
0.0,2,13.166887
0.0,2,13.169173
0.0,3,13.172678
0.0,4,13.177416
0.0,5,13.183213
0.0,4,13.18805
0.0,5,13.194309
0.0,7,13.202948
0.0,1,13.204173
0.0,16,13.222654
0.0,2,13.225033
0.0,19,13.246883
0.0,6,13.253834
0.0,5,13.259631
0.0,2,13.262005
0.0,10,13.273592
1.0,14,13.289706
0.0,6,13.296662
0.0,1,13.297893
0.0,1,13.299105
0.0,1,13.30041
0.0,3,13.304025
0.0,3,13.30758
0.0,4,13.312268
0.0,4,13.316942
0.0,1,13.31816
0.0,4,13.322826
0.0,3,13.326416
0.0,8,13.33557
0.0,3,13.33908
0.0,2,13.341302
0.0,1,13.342533
0.0,5,13.348341
0.0,2,13.350693
0.0,6,13.35757
0.0,3,13.361086
0.0,2,13.363443
0.0,4,13.368106
0.0,2,13.370334
0.0,1,13.38775
0.0,4,13.467719
0.0,1,13.477273
0.0,2,13.517722
0.0,2,13.547723
0.0,4,13.557516
0.0,12,13.57077
0.0,3,13.574271
0.0,4,13.57892
0.0,7,13.586854
0.0,1,13.588064
0.0,1,13.589276
0.0,4,13.59394
0.0,1,13.595155
0.0,1,13.596369
0.0,2,13.598726
0.0,1,13.59995
0.0,6,13.606893
0.0,10,13.61851
0.0,1,13.61973
0.0,2,13.622108
0.0,1,13.623335
0.0,10,13.634871
0.0,8,13.64402
0.0,12,13.657813
0.0,1,13.659026
0.0,1,13.660239
0.0,2,13.662593
0.0,1,13.663815
0.0,1,13.665026
0.0,4,13.669587
0.0,3,13.673105
0.0,3,13.676607
0.0,3,13.680132
0.0,1,13.681358
0.0,5,13.687147
0.0,8,13.696385
0.0,3,13.699905
0.0,8,13.709149
0.0,6,13.716261
0.0,4,13.720929
0.0,5,13.726719
0.0,1,13.727945
0.0,5,13.733746
0.0,5,13.739404
0.0,1,13.740625
0.0,3,13.744165
0.0,8,13.753385
0.0,1,13.754599
1.0,8,13.763846
0.0,1,13.765059
0.0,3,13.768568
0.0,2,13.770948
0.0,1,13.772155
0.0,1,13.773455
0.0,1,13.77467
0.0,7,13.782772
0.0,5,13.788569
0.0,5,13.794374
0.0,1,13.795589
0.0,10,13.807008
0.0,4,13.811666
0.0,1,13.812946
0.0,3,13.816463
0.0,3,13.819981
0.0,10,13.831606
0.0,6,13.838644
0.0,1,13.839873
0.0,6,13.846749
0.0,5,13.852573
0.0,4,13.857249
0.0,14,13.873352
0.0,1,13.874568
0.0,4,13.879237
0.0,1,13.880457
0.0,1,13.88167
0.0,4,13.886429
0.0,1,13.887643
0.0,1,13.888866
1.0,7,13.896952
0.0,1,13.898163
0.0,1,13.899381
0.0,1,13.9006
0.0,11,13.913292
0.0,2,13.915716
0.0,1,13.916947
0.0,1,13.918158
0.0,1,13.919375
0.0,1,13.920594
0.0,1,13.921817
0.0,1,13.923033
0.0,6,13.929983
0.0,4,13.934635
0.0,1,13.935858
0.0,1,13.937071
0.0,2,13.939433
0.0,1,13.940649
0.0,1,13.941874
0.0,1,13.943091
0.0,2,13.945455
0.0,4,13.950054
0.0,1,13.951189
0.0,3,13.954682
0.0,3,13.958193
0.0,8,13.967424
0.0,2,13.969801
0.0,4,13.974459
0.0,1,13.975607
0.0,1,13.976829
0.0,1,13.978046
0.0,5,13.983861
0.0,5,13.989672
0.0,2,13.992051
0.0,5,13.997847
0.0,3,14.001357
0.0,6,14.008309
0.0,1,14.009528
0.0,2,14.011904
0.0,2,14.014273
0.0,3,14.017857
0.0,3,14.021363
0.0,6,14.028311
0.0,10,14.039866
0.0,1,14.041088
0.0,4,14.04574
0.0,2,14.048113
0.0,2,14.05054
0.0,2,14.052918
0.0,2,14.055363
0.0,4,14.060058
0.0,4,14.064723
0.0,1,14.065942
0.0,1,14.067157
0.0,1,14.068372
0.0,2,14.070736
0.0,1,14.072023
0.0,1,14.073242
0.0,1,14.074455
0.0,1,14.075674
0.0,4,14.08034
0.0,1,14.081552
0.0,1,14.082776
0.0,1,14.083991
0.0,3,14.087554
0.0,9,14.097964
0.0,3,14.101484
0.0,1,14.102695
0.0,2,14.105061
0.0,2,14.107422
0.0,3,14.110952
0.0,1,14.112162
0.0,6,14.119115
0.0,5,14.125098
0.0,4,14.129754
0.0,6,14.136705
0.0,2,14.139075
0.0,2,14.141439
0.0,1,14.14265
0.0,5,14.148541
0.0,1,14.149758
0.0,2,14.152128
0.0,1,14.153344
0.0,2,14.155702
0.0,1,14.15691
0.0,6,14.163805
0.0,14,14.179846
0.0,1,14.181066
0.0,14,14.19726
0.0,6,14.204216
0.0,2,14.206576
0.0,4,14.211253
0.0,8,14.220518
0.0,3,14.224045
0.0,4,14.228703
1.0,10,14.240263
0.0,4,14.24493
0.0,3,14.248442
0.0,2,14.250817
0.0,2,14.253181
0.0,7,14.261353
0.0,3,14.264875
0.0,4,14.269526
0.0,3,14.27304
0.0,2,14.275397
0.0,1,14.276606
0.0,3,14.280055
0.0,4,14.284546
0.0,6,14.291429
0.0,15,14.308681
0.0,1,14.309904
0.0,2,14.312276
0.0,3,14.315795
0.0,6,14.32268
0.0,11,14.335371
0.0,7,14.343464
0.0,1,14.344696
0.0,5,14.350422
0.0,7,14.358501
0.0,13,14.373449
0.0,3,14.376963
0.0,8,14.386192
0.0,3,14.389696
0.0,7,14.397801
0.0,1,14.399019
0.0,4,14.403773
0.0,11,14.416551
0.0,4,14.421212
0.0,5,14.427012
0.0,4,14.431669
0.0,4,14.436328
0.0,3,14.43984
0.0,7,14.447937
0.0,7,14.455956
0.0,5,14.461746
0.0,3,14.465259
0.0,7,14.473338
0.0,3,14.476847
0.0,2,14.479202
0.0,1,14.480413
0.0,9,14.490705
0.0,1,14.491928
0.0,6,14.498879
0.0,6,14.505831
0.0,6,14.512804
0.0,4,14.517456
1.0,20,14.540433
0.0,2,14.542802
0.0,2,14.545218
0.0,2,14.547577
0.0,5,14.553258
0.0,8,14.562495
0.0,2,14.564863
0.0,2,14.567228
0.0,21,14.591276
0.0,9,14.601671
0.0,5,14.607437
0.0,9,14.617848
0.0,2,14.62022
0.0,6,14.627177
0.0,5,14.632989
0.0,8,14.642239
0.0,9,14.652526
0.0,5,14.65832
0.0,4,14.663002
0.0,3,14.666583
0.0,6,14.673522
0.0,4,14.678177
0.0,4,14.682831
0.0,7,14.690999
0.0,3,14.694518
0.0,5,14.700354
0.0,7,14.708435
0.0,1,14.709651
0.0,17,14.72921
0.0,3,14.732722
0.0,2,14.735089
0.0,6,14.742118
0.0,2,14.744559
0.0,2,14.746887
0.0,3,14.750356
0.0,8,14.759591
0.0,3,14.763108
0.0,1,14.764321
0.0,3,14.76784
0.0,6,14.774797
0.0,7,14.782903
0.0,4,14.787562
0.0,10,14.799263
0.0,4,14.803931
0.0,1,14.805148
0.0,1,14.806362
0.0,2,14.808725
0.0,1,14.809948
0.0,2,14.812311
0.0,6,14.819189
0.0,2,14.821549
0.0,11,14.834213
0.0,2,14.836567
0.0,2,14.838936
0.0,2,14.841309
0.0,3,14.844815
0.0,2,14.847174
0.0,2,14.849533
0.0,1,14.850754
0.0,1,14.851973
0.0,1,14.853185
0.0,3,14.856688
0.0,14,14.872861
0.0,5,14.878584
0.0,1,14.879813
0.0,1,14.881032
0.0,2,14.883388
0.0,4,14.888054
0.0,2,14.890491
0.0,1,14.891704
0.0,2,14.894068
0.0,4,14.89857
0.0,6,14.905524
0.0,1,14.906742
0.0,2,14.909107
1.0,9,14.919594
0.0,5,14.925477
0.0,1,14.92669
0.0,1,14.927909
0.0,3,14.931275
0.0,4,14.935927
0.0,3,14.939437
0.0,6,14.946382
0.0,4,14.951033
0.0,7,14.959111
0.0,8,14.968269
0.0,5,14.974022
0.0,1,14.975245
0.0,1,14.97646
0.0,2,14.978841
0.0,2,14.981209
0.0,11,14.993917
0.0,9,15.004404
0.0,2,15.006778
0.0,7,15.014955
0.0,3,15.018456
0.0,1,15.019668
0.0,1,15.020894
0.0,1,15.02211
0.0,2,15.02447
0.0,12,15.038286
0.0,1,15.039502
0.0,6,15.04645
0.0,2,15.048733
0.0,7,15.056879
0.0,3,15.060383
0.0,9,15.070804
0.0,3,15.074408
0.0,6,15.08127
0.0,9,15.091637
0.0,2,15.094006
0.0,8,15.103245
0.0,4,15.107815
0.0,4,15.112463
1.0,18,15.133139
0.0,6,15.14011
0.0,13,15.155163
0.0,8,15.164417
0.0,6,15.171375
0.0,3,15.174902
0.0,3,15.178409
0.0,9,15.188828
0.0,8,15.198025
0.0,7,15.20613
0.0,2,15.208496
0.0,12,15.222323
0.0,2,15.224682
0.0,6,15.231719
0.0,1,15.23294
0.0,1,15.234152
0.0,2,15.236516
0.0,4,15.241178
0.0,3,15.244683
1.0,13,15.259676
1.0,10,15.271144
0.0,6,15.278171
0.0,3,15.281678
0.0,1,15.282896
0.0,6,15.289864
0.0,2,15.292229
0.0,1,15.29344
0.0,9,15.303842
0.0,5,15.309645
0.0,3,15.313183
0.0,3,15.316734
0.0,11,15.329424
0.0,3,15.332944
1.0,7,15.341041
0.0,19,15.363021
0.0,1,15.364236
0.0,7,15.372368
0.0,1,15.373584
0.0,3,15.377114
0.0,7,15.385235
0.0,6,15.392345
0.0,2,15.3947
0.0,4,15.399381
0.0,5,15.405218
0.0,20,15.604084
0.0,4,15.608488
0.0,4,15.613183
0.0,4,15.61784
0.0,3,15.621343
0.0,13,15.636316
0.0,3,15.639889
0.0,1,15.641052
0.0,6,15.648011
0.0,7,15.656112
0.0,2,15.658481
0.0,10,15.670003
0.0,3,15.673585
0.0,9,15.683956
0.0,1,15.685233
0.0,2,15.687594
0.0,4,15.692258
0.0,5,15.69805
0.0,1,15.699262
0.0,1,15.700479
0.0,1,15.7017
0.0,1,15.702909
0.0,1,15.704051
0.0,4,15.70871
0.0,1,15.709935
0.0,1,15.71115
0.0,4,15.715829
0.0,6,15.722869
0.0,4,15.727515
0.0,3,15.731029
0.0,3,15.734532
0.0,3,15.73805
0.0,5,15.743861
0.0,9,15.754248
0.0,4,15.758905
0.0,1,15.760126
0.0,1,15.761343
0.0,2,15.763701
0.0,3,15.767216
0.0,5,15.773026
0.0,2,15.775407
0.0,1,15.776626
0.0,5,15.78245
0.0,9,15.792783
0.0,1,15.794129
0.0,20,15.817146
0.0,1,15.818387
0.0,8,15.827551
0.0,2,15.829923
0.0,3,15.833433
0.0,3,15.836951
0.0,1,15.838163
0.0,6,15.845122
0.0,3,15.848709
0.0,1,15.849913
0.0,1,15.851068
0.0,5,15.856719
0.0,3,15.860244
0.0,1,15.861456
0.0,1,15.862671
0.0,1,15.863895
0.0,1,15.86511
0.0,6,15.872076
0.0,3,15.875595
0.0,7,15.883717
0.0,1,15.884943
0.0,3,15.888457
0.0,2,15.890832
0.0,6,15.897866
0.0,6,15.904916
0.0,3,15.908289
0.0,1,15.909497
0.0,3,15.913015
0.0,1,15.914227
0.0,2,15.916581
0.0,1,15.917802
0.0,4,15.922462
0.0,1,15.923683
0.0,3,15.927206
0.0,2,15.929564
0.0,1,15.930792
0.0,6,15.937733
0.0,1,15.938956
0.0,5,15.94477
0.0,4,15.949419
0.0,1,15.950634
0.0,1,15.951855
0.0,3,15.955359
0.0,1,15.956573
0.0,11,15.96924
0.0,4,15.973907
0.0,1,15.975124
0.0,1,15.976342
0.0,1,15.977554
0.0,2,15.979927
0.0,7,15.988014
0.0,2,15.990374
0.0,1,15.991587
0.0,1,15.992816
0.0,1,15.994032
0.0,3,15.997541
0.0,1,15.99876
0.0,1,16.000041
0.0,1,16.001265
0.0,4,16.005944
0.0,2,16.008312
0.0,3,16.011837
0.0,4,16.016571
0.0,1,16.017797
0.0,4,16.022396
0.0,4,16.027061
0.0,1,16.028281
0.0,1,16.029493
0.0,4,16.034153
0.0,4,16.038744
0.0,2,16.041036
0.0,7,16.049122
0.0,2,16.05157
0.0,3,16.055087
0.0,3,16.058589
0.0,3,16.062117
0.0,3,16.065627
0.0,3,16.069169
0.0,10,16.080686
0.0,1,16.08191
0.0,2,16.084128
0.0,1,16.085352
0.0,12,16.099177
0.0,2,16.101613
0.0,3,16.105132
0.0,10,16.116677
0.0,4,16.12144
0.0,2,16.12381
0.0,2,16.126168
0.0,1,16.127378
0.0,4,16.132039
0.0,4,16.136687
0.0,3,16.14021
0.0,4,16.14487
0.0,3,16.148369
0.0,1,16.149586
0.0,2,16.151963
0.0,3,16.155478
0.0,1,16.156687
0.0,1,16.15791
0.0,4,16.162427
0.0,3,16.165941
0.0,2,16.168303
0.0,1,16.169529
0.0,2,16.171907
0.0,8,16.18117
0.0,5,16.186834
0.0,2,16.189198
0.0,2,16.191565
0.0,4,16.196231
0.0,10,16.207856
0.0,2,16.210227
0.0,3,16.213737
0.0,3,16.217256
0.0,9,16.227641
0.0,9,16.238125
0.0,3,16.241671
0.0,8,16.250949
0.0,5,16.256752
0.0,7,16.264872
0.0,4,16.269522
0.0,1,16.270741
0.0,5,16.276546
0.0,1,16.277771
0.0,6,16.284813
0.0,1,16.286026
0.0,3,16.289525
0.0,1,16.290741
0.0,1,16.291963
0.0,3,16.295404
0.0,12,16.309215
0.0,5,16.315022
0.0,6,16.321974
0.0,1,16.323192
0.0,5,16.328988
0.0,9,16.339395
0.0,5,16.345289
0.0,4,16.349961
0.0,1,16.351183
0.0,2,16.35354
0.0,9,16.363872
0.0,3,16.367373
0.0,15,16.384577
0.0,12,16.398422
0.0,3,16.401955
0.0,11,16.414564
0.0,1,16.41579
0.0,3,16.41939
0.0,1,16.420604
1.0,8,16.429834
0.0,5,16.435563
0.0,5,16.441371
0.0,7,16.449458
0.0,4,16.454129
0.0,14,16.470207
0.0,6,16.477174
0.0,4,16.481847
0.0,2,16.484214
0.0,3,16.487714
0.0,11,16.500405
1.0,14,16.516566
0.0,5,16.522373
0.0,7,16.530462
0.0,11,16.54317
0.0,4,16.547664
0.0,7,16.555698
0.0,4,16.560289
0.0,4,16.564944
0.0,4,16.569595
0.0,4,16.574265
0.0,3,16.577785
0.0,6,16.584812
0.0,4,16.589478
0.0,5,16.595279
0.0,3,16.598796
0.0,6,16.605829
0.0,17,16.625411
0.0,5,16.631211
0.0,16,16.649621
0.0,9,16.660154
0.0,5,16.666027
0.0,1,16.667297
0.0,4,16.671974
0.0,2,16.674353
0.0,1,16.675564
0.0,13,16.690521
0.0,2,16.692893
0.0,3,16.696396
0.0,1,16.697607
0.0,5,16.703421
0.0,1,16.704635
0.0,1,16.705863
0.0,1,16.707079
0.0,1,16.708307
0.0,4,16.71298
0.0,3,16.716506
0.0,4,16.721182
0.0,3,16.724699
0.0,2,16.726987
0.0,7,16.735114
0.0,1,16.736413
0.0,4,16.740996
0.0,4,16.745729
0.0,4,16.75045
0.0,1,16.751691
0.0,2,16.754016
0.0,1,16.755232
0.0,2,16.757589
0.0,3,16.761116
0.0,1,16.762328
0.0,8,16.771576
0.0,5,16.777558
0.0,4,16.78215
0.0,3,16.785675
0.0,2,16.788045
0.0,9,16.798417
0.0,3,16.801936
0.0,2,16.810452
0.0,1,16.811669
1.0,10,16.823206
0.0,4,16.827859
0.0,2,16.830221
0.0,1,16.831432
0.0,1,16.832649
0.0,1,16.833869
0.0,4,16.838521
0.0,3,16.84204
0.0,4,16.846693
0.0,2,16.849061
0.0,3,16.852575
0.0,1,16.853803
0.0,5,16.859629
0.0,3,16.863178
0.0,1,16.864398
0.0,4,16.869076
0.0,3,16.872594
0.0,1,16.873877
0.0,13,16.888864
0.0,5,16.894678
0.0,1,16.895906
0.0,8,16.90517
0.0,1,16.906385
0.0,1,16.9076
0.0,6,16.914634
0.0,4,16.919329
0.0,3,16.922773
0.0,3,16.926361
0.0,8,16.935591
0.0,6,16.942541
0.0,1,16.943756
0.0,1,16.944978
0.0,4,16.949709
0.0,2,16.951999
0.0,2,16.954355
0.0,5,16.960163
1.0,7,16.968249
0.0,1,16.969462
0.0,3,16.97299
0.0,2,16.975358
0.0,3,16.978945
0.0,10,16.990482
0.0,2,16.992856
0.0,10,17.004403
0.0,7,17.012503
0.0,6,17.019453
0.0,6,17.026349
0.0,2,17.028715
0.0,1,17.029942
0.0,1,17.03116
0.0,1,17.032375
0.0,5,17.038183
0.0,1,17.039398
0.0,1,17.040616
0.0,4,17.045357
0.0,1,17.046572
0.0,4,17.051238
0.0,2,17.0536
0.0,2,17.055987
0.0,5,17.061721
0.0,2,17.064101
0.0,3,17.067518
0.0,4,17.072053
0.0,4,17.076711
0.0,7,17.084822
0.0,1,17.08604
0.0,3,17.089544
0.0,3,17.093069
0.0,1,17.094291
0.0,3,17.097816
0.0,5,17.103622
0.0,10,17.115176
0.0,4,17.119839
0.0,8,17.129087
0.0,7,17.137266
0.0,3,17.140793
0.0,6,17.147826
0.0,1,17.149038
0.0,1,17.150255
0.0,5,17.156059
0.0,5,17.161871
0.0,3,17.165377
0.0,1,17.166589
0.0,1,17.16782
0.0,1,17.169036
0.0,7,17.177129
0.0,5,17.183033
0.0,7,17.191231
0.0,2,17.193597
0.0,2,17.196057
0.0,1,17.197269
0.0,1,17.198484
0.0,3,17.202002
0.0,9,17.212326
0.0,17,17.231867
1.0,32,17.268522
0.0,14,17.284672
0.0,3,17.288191
0.0,15,17.305459
0.0,8,17.314644
1.0,16,17.333162
0.0,11,17.345917
0.0,1,17.347142
0.0,12,17.361047
0.0,6,17.367986
0.0,3,17.371578
0.0,4,17.376231
0.0,2,17.378586
0.0,12,17.392422
0.0,1,17.393639
0.0,14,17.409848
0.0,1,17.411069
0.0,7,17.41917
0.0,1,17.420322
0.0,4,17.424906
0.0,1,17.426123
0.0,2,17.428486
0.0,6,17.435379
0.0,3,17.438889
0.0,11,17.451595
0.0,1,17.452819
0.0,4,17.497719
0.0,1,17.502204
0.0,1,17.503143
0.0,6,17.57031
0.0,1,17.587672
0.0,3,17.637718
0.0,2,17.64101
0.0,1,17.641841
0.0,1,17.642718
0.0,4,17.646988
0.0,4,17.651398
0.0,5,17.656908
0.0,2,17.659153
0.0,2,17.661402
0.0,1,17.662549
0.0,1,17.663706
0.0,18,17.684443
0.0,4,17.689103
0.0,8,17.698442
0.0,7,17.706528
0.0,2,17.708896
0.0,2,17.711257
0.0,1,17.712466
0.0,3,17.715982
1.0,21,17.740137
0.0,1,17.741352
0.0,5,17.747161
0.0,1,17.748444
0.0,11,17.760917
0.0,4,17.765567
0.0,5,17.771372
0.0,4,17.776031
0.0,3,17.779526
0.0,9,17.789907
0.0,4,17.794557
0.0,1,17.79578
0.0,2,17.798224
0.0,7,17.80631
0.0,2,17.808669
1.0,8,17.817919
0.0,3,17.821539
0.0,1,17.822751
0.0,1,17.823975
0.0,1,17.825188
0.0,4,17.829843
0.0,4,17.834582
0.0,4,17.839245
0.0,1,17.84046
0.0,2,17.842827
0.0,9,17.853215
0.0,4,17.857949
0.0,16,17.879453
0.0,2,17.881913
0.0,7,17.890026
0.0,11,17.902682
0.0,13,17.91773
0.0,6,17.924694
0.0,4,17.929373
0.0,4,17.933962
0.0,8,17.943241
0.0,1,17.944459
0.0,2,17.946833
0.0,3,17.950428
0.0,4,17.95514
0.0,5,17.96096
0.0,4,17.965519
0.0,1,17.966656
0.0,7,17.97474
0.0,12,17.988688
0.0,2,17.991078
0.0,1,17.992298
0.0,1,17.993515
0.0,1,17.994729
0.0,3,17.998246
0.0,1,17.99946
0.0,6,18.006354
0.0,1,18.007571
0.0,1,18.008824
0.0,2,18.011194
0.0,3,18.0147
0.0,8,18.023973
0.0,2,18.026336
0.0,3,18.029854
0.0,2,18.032212
0.0,9,18.042684
0.0,5,18.048486
0.0,3,18.052001
0.0,11,18.064681
0.0,2,18.067055
0.0,5,18.072865
0.0,5,18.078663
0.0,1,18.079958
0.0,2,18.082361
0.0,1,18.08358
0.0,1,18.08481
0.0,3,18.088321
0.0,5,18.094134
0.0,3,18.097656
0.0,2,18.100034
0.0,1,18.101249
0.0,3,18.104776
0.0,1,18.105986
0.0,3,18.109506
0.0,2,18.11188
0.0,4,18.116524
0.0,2,18.118887
0.0,2,18.121249
0.0,3,18.124749
0.0,9,18.134988
0.0,19,18.156831
0.0,1,18.158052
0.0,2,18.160419
0.0,1,18.161632
0.0,1,18.162859
0.0,1,18.164077
0.0,1,18.16529
0.0,1,18.166509
0.0,1,18.167725
0.0,4,18.172406
0.0,2,18.174783
0.0,2,18.177145
0.0,2,18.179511
0.0,4,18.18426
0.0,18,18.204972
0.0,2,18.207336
0.0,1,18.208551
0.0,1,18.209775
0.0,1,18.210995
0.0,1,18.21221
0.0,4,18.216873
0.0,1,18.218086
0.0,1,18.219297
0.0,3,18.222825
0.0,1,18.224037
0.0,2,18.226389
0.0,4,18.23105
0.0,5,18.236858
0.0,11,18.249457
0.0,6,18.256347
0.0,8,18.265594
0.0,2,18.267968
0.0,1,18.269181
0.0,3,18.272694
0.0,2,18.275066
0.0,5,18.28073
0.0,2,18.28317
0.0,2,18.285537
0.0,3,18.289061
0.0,7,18.297179
0.0,1,18.298397
0.0,2,18.300776
0.0,4,18.305506
1.0,9,18.315896
0.0,1,18.317109
0.0,2,18.319474
1.0,11,18.332062
0.0,4,18.336707
0.0,2,18.339074
0.0,5,18.344874
0.0,1,18.346087
0.0,2,18.348443
0.0,1,18.349654
0.0,3,18.35317
0.0,5,18.358986
0.0,12,18.372846
0.0,1,18.374062
0.0,3,18.37757
0.0,2,18.379951
0.0,3,18.383459
0.0,2,18.385898
0.0,1,18.387117
0.0,6,18.394087
0.0,2,18.396455
0.0,3,18.399982
0.0,1,18.401197
0.0,1,18.402408
0.0,5,18.408221
1.0,11,18.420821
0.0,5,18.426607
0.0,5,18.43242
0.0,9,18.442882
0.0,13,18.457847
0.0,6,18.464722
0.0,3,18.468242
0.0,7,18.476336
0.0,18,18.49708
0.0,14,18.51324
0.0,6,18.520124
0.0,17,18.539678
0.0,3,18.543215
0.0,7,18.551316
0.0,4,18.556064
0.0,3,18.559657
0.0,3,18.563181
0.0,3,18.566676
0.0,10,18.578223
0.0,7,18.586249
0.0,2,18.588612
0.0,3,18.592131
0.0,6,18.599128
0.0,6,18.606205
0.0,5,18.612016
1.0,8,18.621254
0.0,6,18.628196
0.0,16,18.646563
0.0,6,18.65351
0.0,2,18.655882
0.0,7,18.663972
0.0,6,18.670936
0.0,9,18.68133
0.0,1,18.682545
0.0,5,18.688365
0.0,15,18.705609
0.0,4,18.710286
0.0,11,18.722881
0.0,22,18.748146
0.0,2,18.750596
0.0,10,18.762168
0.0,3,18.765679
0.0,5,18.771437
0.0,8,18.780681
0.0,4,18.785347
0.0,6,18.792312
0.0,1,18.793534
0.0,1,18.794752
0.0,11,18.80746
0.0,5,18.81328
0.0,4,18.817942
0.0,11,18.830539
0.0,3,18.834056
0.0,11,18.846708
0.0,4,18.851543
0.0,1,18.852761
0.0,9,18.863157
0.0,3,18.866753
0.0,11,18.879419
0.0,13,18.894379
0.0,6,18.901332
0.0,9,18.911716
0.0,3,18.915224
0.0,20,18.938208
0.0,8,18.947449
0.0,3,18.950979
0.0,12,18.964838
0.0,8,18.974034
0.0,3,18.977548
0.0,14,18.993673
0.0,8,19.002943
0.0,5,19.008823
0.0,12,19.022654
0.0,3,19.026164
0.0,6,19.033108
0.0,10,19.04464
0.0,4,19.049316
0.0,1,19.050614
0.0,5,19.056461
0.0,2,19.058839
0.0,10,19.070319
0.0,5,19.076132
0.0,1,19.077364
1.0,12,19.091182
0.0,21,19.115311
0.0,2,19.11776
0.0,1,19.119038
0.0,5,19.124869
0.0,8,19.134029
0.0,8,19.143269
0.0,8,19.152505
0.0,5,19.158309
0.0,9,19.168692
0.0,1,19.16992
0.0,14,19.186106
0.0,4,19.190774
0.0,7,19.198853
0.0,3,19.20229
0.0,5,19.20801
0.0,5,19.213813
0.0,2,19.216175
0.0,4,19.220834
0.0,7,19.228987
0.0,19,19.250845
0.0,7,19.258944
0.0,2,19.261306
0.0,9,19.271684
0.0,7,19.279804
0.0,1,19.281027
0.0,4,19.285752
0.0,4,19.290347
0.0,5,19.296144
0.0,9,19.306445
0.0,4,19.311029
0.0,5,19.316823
0.0,2,19.319181
0.0,1,19.320397
0.0,14,19.336502
0.0,3,19.340103
0.0,9,19.350515
0.0,7,19.358613
0.0,11,19.371287
0.0,3,19.374799
0.0,7,19.382819
0.0,3,19.386333
0.0,3,19.389841
0.0,6,19.396784
0.0,3,19.400368
0.0,9,19.410702
0.0,2,19.413077
0.0,2,19.415442
0.0,2,19.41782
0.0,7,19.425959
0.0,5,19.431758
0.0,1,19.432978
0.0,1,19.434189
0.0,13,19.449124
0.0,1,19.45048
0.0,2,19.452853
0.0,6,19.459726
0.0,1,19.46095
0.0,18,19.481655
0.0,2,19.484036
0.0,6,19.490987
0.0,6,19.510177
0.0,1,19.510962
0.0,5,19.560334
0.0,6,19.580177
0.0,2,19.607079
0.0,3,19.667717
0.0,8,19.688758
0.0,21,19.712873
0.0,4,19.717521
0.0,3,19.721116
0.0,8,19.730379
0.0,3,19.733907
0.0,19,19.755667
0.0,3,19.759179
0.0,10,19.770709
0.0,5,19.77652
0.0,4,19.781114
0.0,2,19.783478
0.0,4,19.788128
0.0,50,19.845604
0.0,6,19.85258
0.0,4,19.85725
0.0,3,19.860854
0.0,3,19.864367
0.0,2,19.866724
0.0,6,19.873662
0.0,5,19.879401
0.0,3,19.882914
0.0,2,19.885275
0.0,6,19.892219
0.0,9,19.902529
0.0,1,19.903747
0.0,25,19.932365
0.0,8,19.94163
0.0,1,19.942859
0.0,15,19.960128
0.0,6,19.967232
0.0,4,19.971886
0.0,7,19.979906
0.0,19,20.001714
0.0,7,20.009819
0.0,18,20.030451
0.0,9,20.040806
0.0,1,20.042022
0.0,1,20.04324
0.0,6,20.050112
0.0,1,20.051344
0.0,6,20.058208
0.0,1,20.059424
0.0,2,20.061798
0.0,7,20.069877
0.0,3,20.073409
0.0,13,20.088485
0.0,14,20.104611
0.0,7,20.11272
0.0,12,20.126558
0.0,1,20.127785
0.0,10,20.139392
0.0,8,20.148624
0.0,5,20.154364
0.0,7,20.162461
0.0,2,20.164747
0.0,8,20.174008
0.0,6,20.18104
0.0,15,20.198398
0.0,1,20.199616
0.0,5,20.205438
0.0,1,20.206651
0.0,4,20.211313
0.0,8,20.220624
0.0,3,20.224138
0.0,12,20.238909
0.0,3,20.242193
0.0,8,20.250863
0.0,4,20.255503
0.0,4,20.260159
0.0,6,20.267107
0.0,4,20.271762
0.0,7,20.27986
0.0,8,20.28916
0.0,5,20.29482
0.0,9,20.305188
0.0,7,20.313284
0.0,1,20.3145
0.0,13,20.329478
0.0,1,20.330699
0.0,6,20.33756
0.0,8,20.346808
1.0,22,20.372129
0.0,5,20.377944
0.0,2,20.380317
0.0,2,20.382672
1.0,8,20.391932
0.0,5,20.397807
0.0,2,20.400172
0.0,18,20.420888
0.0,1,20.422102
0.0,9,20.432626
0.0,4,20.437391
0.0,3,20.440836
0.0,1,20.442048
0.0,2,20.444407
0.0,3,20.447921
0.0,4,20.452504
0.0,7,20.460683
0.0,3,20.464196
0.0,4,20.468845
0.0,4,20.473499
0.0,1,20.474712
0.0,3,20.478221
0.0,3,20.481724
0.0,2,20.484094
0.0,1,20.485307
0.0,13,20.500438
0.0,4,20.505161
0.0,3,20.508514
0.0,10,20.520064
0.0,3,20.523576
0.0,4,20.528246
0.0,2,20.530677
0.0,3,20.534189
0.0,4,20.538857
0.0,11,20.551567
0.0,7,20.559689
0.0,4,20.56436
0.0,21,20.588512
0.0,2,20.59089
0.0,1,20.592099
0.0,4,20.596694
0.0,12,20.610533
0.0,3,20.614133
0.0,5,20.619963
0.0,5,20.625761
0.0,3,20.629279
0.0,3,20.632801
0.0,3,20.636299
0.0,6,20.643244
0.0,8,20.652319
0.0,5,20.658127
0.0,1,20.659357
0.0,4,20.66402
0.0,6,20.670963
0.0,1,20.672186
0.0,3,20.67568
0.0,24,20.70331
0.0,9,20.713677
0.0,1,20.714953
0.0,4,20.719606
0.0,10,20.731176
0.0,1,20.732395
0.0,3,20.735914
0.0,1,20.737127
0.0,1,20.738358
0.0,6,20.745306
0.0,1,20.746523
0.0,2,20.748889
0.0,6,20.755827
0.0,1,20.75704
0.0,1,20.758251
0.0,1,20.759465
0.0,4,20.764133
0.0,1,20.765359
0.0,6,20.772305
0.0,3,20.775821
0.0,18,20.796535
0.0,2,20.798912
0.0,6,20.805824
0.0,4,20.810486
0.0,12,20.824316
0.0,2,20.826746
0.0,4,20.831424
0.0,3,20.834943
1.0,16,20.853339
0.0,12,20.86727
0.0,9,20.877652
0.0,1,20.878883
0.0,12,20.892698
0.0,1,20.893923
0.0,12,20.907665
0.0,17,20.927302
0.0,6,20.934339
0.0,4,20.938987
0.0,4,20.94364
0.0,1,20.944865
0.0,9,20.95517
0.0,2,20.957377
0.0,8,20.966677
0.0,3,20.970201
0.0,8,20.979439
0.0,7,20.987407
0.0,10,20.998963
0.0,5,21.004785
0.0,6,21.011813
0.0,1,21.013026
0.0,1,21.014242
0.0,2,21.016597
0.0,5,21.022356
0.0,1,21.023576
0.0,11,21.036189
0.0,1,21.037398
0.0,12,21.05122
0.0,9,21.061488
0.0,1,21.062757
0.0,5,21.068586
0.0,8,21.077872
0.0,16,21.096347
0.0,2,21.098702
0.0,4,21.103439
0.0,10,21.114962
0.0,2,21.117327
0.0,3,21.120841
0.0,2,21.123198
0.0,2,21.125554
0.0,3,21.129061
0.0,2,21.13142
0.0,1,21.132629
0.0,5,21.138432
0.0,5,21.144245
0.0,2,21.146519
0.0,2,21.148887
0.0,1,21.150032
0.0,8,21.159264
0.0,8,21.168507
0.0,3,21.172106
0.0,1,21.173345
0.0,2,21.175631
0.0,4,21.18032
0.0,2,21.182681
0.0,6,21.189623
0.0,1,21.190853
0.0,6,21.19782
0.0,11,21.210482
0.0,4,21.215133
0.0,7,21.223237
0.0,3,21.226733
0.0,1,21.227949
0.0,1,21.229158
0.0,1,21.230404
0.0,2,21.232777
0.0,7,21.240954
0.0,3,21.24446
0.0,9,21.254863
0.0,4,21.259515
0.0,8,21.268771
0.0,6,21.275808
0.0,5,21.281617
0.0,10,21.293159
0.0,1,21.294377
0.0,5,21.300183
0.0,3,21.30369
0.0,3,21.307205
0.0,1,21.308411
0.0,2,21.310787
0.0,4,21.315439
0.0,6,21.322331
0.0,1,21.32355
0.0,6,21.330524
0.0,3,21.334037
0.0,7,21.342128
0.0,3,21.345754
0.0,2,21.34823
0.0,9,21.358647
0.0,7,21.366835
0.0,1,21.368049
0.0,2,21.370409
0.0,2,21.372829
0.0,3,21.376327
0.0,3,21.379834
0.0,4,21.384492
0.0,1,21.385705
0.0,3,21.389224
0.0,6,21.409618
0.0,4,21.41453
0.0,3,21.41807
0.0,5,21.428977
0.0,1,21.430318
0.0,3,21.433868
0.0,11,21.451575
0.0,2,21.454051
0.0,5,21.462858
0.0,3,21.466466
0.0,12,21.486529
0.0,5,21.495403
0.0,5,21.504423
0.0,1,21.505824
0.0,1,21.507108
0.0,1,21.510781
0.0,1,21.512197
0.0,10,21.52789
0.0,6,21.562305
0.0,21,21.731655
0.0,9,21.742047
0.0,3,21.745566
0.0,8,21.754804
0.0,14,21.770865
0.0,8,21.780129
0.0,2,21.782495
0.0,4,21.787152
0.0,12,21.800887
0.0,18,21.821516
0.0,3,21.82495
0.0,2,21.827306
0.0,4,21.832123
0.0,10,21.843597
0.0,12,21.857495
0.0,3,21.86102
0.0,7,21.869195
0.0,18,21.889947
0.0,9,21.90042
0.0,9,21.910806
0.0,36,21.952165
0.0,2,21.954383
0.0,14,21.970521
0.0,8,21.979778
0.0,3,21.98336
0.0,3,21.98687
0.0,3,21.990467
0.0,16,22.008812
0.0,8,22.017988
0.0,19,22.039867
0.0,9,22.05026
0.0,12,22.064012
0.0,7,22.072102
0.0,5,22.077917
0.0,5,22.083678
0.0,21,22.107799
0.0,21,22.131943
0.0,14,22.148036
0.0,3,22.151541
0.0,3,22.155148
0.0,5,22.160962
0.0,3,22.164474
0.0,3,22.168001
0.0,4,22.172591
0.0,12,22.18632
0.0,18,22.207507
0.0,3,22.211033
0.0,17,22.230582
0.0,17,22.250201
0.0,10,22.26174
0.0,1,22.262961
0.0,19,22.284961
0.0,1,22.286189
0.0,12,22.300004
0.0,14,22.316128
0.0,11,22.328851
0.0,3,22.332371
0.0,25,22.361106
0.0,14,22.377239
0.0,6,22.384194
0.0,2,22.38656
0.0,3,22.390084
0.0,3,22.393596
0.0,6,22.400485
0.0,33,22.438212
0.0,5,22.444036
0.0,7,22.452145
0.0,4,22.456887
0.0,6,22.463772
0.0,19,22.485584
0.0,9,22.495971
0.0,23,22.522416
0.0,1,22.523638
0.0,5,22.529532
0.0,1,22.530758
0.0,1,22.531986
0.0,2,22.534439
0.0,2,22.536812
0.0,3,22.540332
0.0,8,22.549564
0.0,3,22.553082
0.0,8,22.562102
0.0,9,22.572503
0.0,4,22.577159
0.0,2,22.579617
0.0,2,22.582034
0.0,2,22.584389
0.0,1,22.5856
0.0,1,22.586826
0.0,1,22.58806
0.0,4,22.592738
0.0,8,22.602004
0.0,1,22.603221
0.0,7,22.611351
0.0,5,22.617184
0.0,14,22.63327
0.0,7,22.641448
0.0,8,22.650599
0.0,7,22.658773
0.0,4,22.663424
0.0,1,22.664641
0.0,3,22.66816
0.0,10,22.679782
0.0,4,22.684443
0.0,5,22.690173
0.0,5,22.695816
0.0,4,22.700467
0.0,12,22.714269
0.0,3,22.717783
0.0,12,22.731612
0.0,10,22.743158
0.0,4,22.747986
0.0,19,22.769817
0.0,14,22.785928
0.0,5,22.791734
0.0,22,22.817064
0.0,3,22.820589
0.0,6,22.827561
0.0,1,22.828786
0.0,8,22.838031
0.0,11,22.850681
0.0,3,22.854211
0.0,7,22.862295
0.0,5,22.868098
0.0,16,22.886685
0.0,11,22.899543
0.0,8,22.908785
0.0,4,22.913509
0.0,15,22.930744
0.0,9,22.941128
0.0,9,22.951416
0.0,10,22.962975
0.0,14,22.97912
0.0,8,22.988324
0.0,8,22.997578
0.0,11,23.01033
0.0,4,23.014993
0.0,13,23.029979
0.0,23,23.056451
0.0,7,23.064513
0.0,3,23.068038
0.0,4,23.072698
0.0,7,23.08081
0.0,10,23.092352
0.0,3,23.095868
0.0,25,23.124482
0.0,16,23.142906
0.0,2,23.145273
0.0,2,23.147638
0.0,2,23.150017
0.0,2,23.152458
0.0,10,23.164001
0.0,3,23.167584
0.0,4,23.172249
0.0,3,23.175663
0.0,1,23.176883
0.0,6,23.183832
0.0,6,23.190704
0.0,3,23.194211
0.0,1,23.195425
0.0,1,23.196638
0.0,3,23.20016
0.0,7,23.208255
0.0,3,23.211779
0.0,7,23.219808
0.0,5,23.225686
0.0,3,23.229196
0.0,5,23.235003
0.0,2,23.237365
0.0,4,23.242029
0.0,12,23.255859
0.0,2,23.258295
0.0,6,23.26534
0.0,3,23.268852
0.0,12,23.282594
0.0,5,23.288402
0.0,3,23.291922
0.0,5,23.297709
0.0,10,23.309232
0.0,9,23.319625
0.0,10,23.331187
0.0,5,23.337
0.0,6,23.343962
0.0,7,23.352067
0.0,68,23.429876
0.0,22,23.455302
0.0,2,23.457689
0.0,14,23.473888
0.0,10,23.485418
0.0,11,23.498102
0.0,2,23.500469
0.0,4,23.505132
0.0,7,23.513164
0.0,13,23.528128
0.0,1,23.529427
0.0,7,23.53753
0.0,6,23.544476
0.0,6,23.551427
0.0,5,23.557272
0.0,7,23.565428
0.0,2,23.567803
0.0,1,23.569011
0.0,9,23.579387
0.0,10,23.742178
0.0,6,23.771982
0.0,4,23.776384
0.0,11,23.788538
0.0,4,23.7932
0.0,11,23.805869
0.0,1,23.807139
0.0,1,23.808362
0.0,9,23.818759
0.0,6,23.825726
0.0,4,23.830388
0.0,4,23.835053
0.0,6,23.842005
0.0,11,23.854537
0.0,8,23.863636
0.0,4,23.868318
0.0,13,23.883144
0.0,1,23.884453
0.0,16,23.902861
0.0,4,23.907511
0.0,7,23.91567
0.0,4,23.920342
0.0,7,23.92843
0.0,5,23.934247
0.0,10,23.945687
0.0,8,23.954879
0.0,4,23.959535
0.0,10,23.971061
0.0,17,23.990609
0.0,2,23.992987
0.0,5,23.998798
0.0,1,24.000012
0.0,14,24.016123
0.0,1,24.017393
1.0,14,24.033513
0.0,8,24.042661
0.0,8,24.051924
0.0,4,24.056581
0.0,4,24.061296
0.0,1,24.062512
0.0,4,24.067175
0.0,5,24.072988
0.0,5,24.078805
0.0,1,24.080028
0.0,6,24.086964
0.0,1,24.088177
0.0,1,24.089389
0.0,3,24.092914
0.0,15,24.110155
0.0,1,24.111378
0.0,4,24.116202
0.0,6,24.123249
0.0,3,24.12676
0.0,5,24.132577
0.0,1,24.133805
0.0,9,24.144125
0.0,7,24.152155
0.0,1,24.15346
0.0,1,24.154671
0.0,4,24.159344
0.0,5,24.165064
0.0,1,24.166284
0.0,10,24.177823
0.0,2,24.180188
0.0,1,24.181399
0.0,2,24.183759
0.0,3,24.18721
0.0,5,24.192868
0.0,2,24.195226
0.0,2,24.197582
0.0,1,24.198804
0.0,8,24.208061
0.0,16,24.226457
0.0,8,24.235798
0.0,2,24.238163
0.0,5,24.243972
0.0,4,24.248631
0.0,2,24.251005
0.0,5,24.25683
0.0,2,24.259198
0.0,7,24.267285
0.0,2,24.26964
0.0,5,24.275384
0.0,13,24.29035
0.0,7,24.29845
0.0,1,24.299597
0.0,10,24.311146
1.0,9,24.321492
0.0,10,24.333028
0.0,2,24.335445
0.0,4,24.340043
0.0,2,24.342402
0.0,1,24.343615
0.0,1,24.344839
0.0,9,24.355246
0.0,1,24.356463
0.0,1,24.357677
0.0,2,24.36005
0.0,5,24.36586
0.0,2,24.368216
0.0,5,24.374026
0.0,1,24.375246
0.0,1,24.376459
0.0,8,24.385653
0.0,5,24.391478
0.0,9,24.401876
0.0,3,24.405385
0.0,5,24.411192
0.0,4,24.415861
0.0,1,24.417074
0.0,1,24.418295
0.0,2,24.42059
0.0,1,24.421809
0.0,1,24.423026
0.0,14,24.439213
0.0,1,24.440488
0.0,4,24.445174
0.0,1,24.446392
0.0,3,24.449915
0.0,19,24.471704
0.0,2,24.474078
0.0,2,24.476443
0.0,3,24.479962
0.0,2,24.482405
0.0,10,24.493844
0.0,4,24.498573
0.0,2,24.500955
0.0,2,24.503333
0.0,12,24.517065
0.0,2,24.51943
0.0,6,24.526385
0.0,3,24.52991
0.0,1,24.531125
0.0,1,24.532341
0.0,5,24.538159
0.0,10,24.549701
0.0,3,24.553294
0.0,1,24.55451
0.0,1,24.555727
0.0,2,24.558098
0.0,8,24.56735
0.0,4,24.57201
0.0,3,24.575516
0.0,5,24.581335
0.0,10,24.592898
0.0,3,24.596425
0.0,1,24.597639
0.0,6,24.604622
0.0,5,24.610451
0.0,4,24.615047
0.0,9,24.625465
0.0,1,24.626613
0.0,2,24.628981
0.0,1,24.630205
0.0,7,24.638295
0.0,10,24.649848
0.0,4,24.654562
0.0,7,24.662656
0.0,3,24.666173
0.0,4,24.670837
0.0,8,24.680082
0.0,2,24.682444
0.0,3,24.685957
0.0,1,24.687171
0.0,8,24.696419
0.0,3,24.699938
0.0,5,24.705735
0.0,3,24.709249
0.0,2,24.711615
0.0,10,24.723148
0.0,4,24.727729
0.0,22,24.752996
0.0,3,24.756512
0.0,1,24.757725
0.0,1,24.758947
0.0,2,24.761378
0.0,9,24.771791
0.0,9,24.782187
0.0,1,24.783397
0.0,5,24.789207
0.0,8,24.798473
0.0,3,24.802011
0.0,1,24.803226
0.0,4,24.807896
0.0,2,24.810269
0.0,3,24.813783
0.0,3,24.817364
0.0,2,24.819719
0.0,1,24.82091
0.0,3,24.824371
0.0,5,24.830177
0.0,3,24.833679
0.0,1,24.834901
0.0,1,24.836118
0.0,11,24.848812
0.0,2,24.851179
0.0,3,24.854678
0.0,3,24.858192
0.0,2,24.860553
0.0,1,24.861826
0.0,1,24.863057
0.0,4,24.867711
0.0,3,24.871234
0.0,3,24.87474
0.0,2,24.877109
0.0,9,24.887517
0.0,6,24.894404
0.0,5,24.90024
0.0,9,24.910562
0.0,3,24.914085
0.0,10,24.925632
0.0,2,24.92801
0.0,5,24.93383
0.0,1,24.935047
0.0,3,24.938548
0.0,1,24.939762
0.0,4,24.944422
0.0,7,24.952518
0.0,1,24.953732
0.0,2,24.956099
0.0,1,24.95732
0.0,5,24.963118
0.0,4,24.967837
0.0,1,24.969052
0.0,3,24.972567
0.0,1,24.973791
0.0,2,24.976153
0.0,1,24.97745
0.0,3,24.980895
0.0,3,24.984394
0.0,11,24.997087
0.0,1,24.998388
0.0,1,25.010251
0.0,1,25.011685
0.0,1,25.012848
0.0,3,25.021974
0.0,1,25.023291
0.0,8,25.032506
0.0,1,25.033732
0.0,4,25.043182
0.0,5,25.049079
0.0,2,25.056602
0.0,11,25.07019
0.0,3,25.079313
0.0,6,25.086358
0.0,7,25.099568
0.0,1,25.100913
0.0,8,25.111963
0.0,4,25.122139
0.0,3,25.12574
0.0,6,25.132726
0.0,1,25.139066
0.0,2,25.141609
0.0,4,25.146296
0.0,4,25.150989
0.0,2,25.156578
0.0,3,25.160209
0.0,4,25.164904
0.0,4,25.169581
0.0,3,25.173118
0.0,2,25.175487
0.0,1,25.176704
0.0,9,25.187164
0.0,3,25.19053
0.0,6,25.198121
0.0,2,25.200525
0.0,3,25.204054
0.0,5,25.209865
0.0,3,25.21337
0.0,1,25.214589
0.0,2,25.216965
0.0,1,25.218185
0.0,1,25.219398
0.0,11,25.232072
0.0,2,25.234438
0.0,1,25.235654
0.0,1,25.236879
0.0,1,25.238096
0.0,1,25.239338
0.0,3,25.242785
0.0,3,25.24629
0.0,4,25.250951
0.0,5,25.256742
0.0,2,25.259109
0.0,3,25.262625
0.0,4,25.267275
0.0,3,25.270797
0.0,1,25.272011
0.0,5,25.277728
0.0,2,25.2801
0.0,2,25.282457
0.0,1,25.283669
0.0,9,25.294057
0.0,3,25.297575
0.0,1,25.2988
0.0,1,25.30002
0.0,2,25.302382
0.0,1,25.303597
0.0,7,25.311706
0.0,2,25.314074
0.0,6,25.32103
0.0,1,25.322244
0.0,1,25.323455
0.0,3,25.326907
0.0,13,25.341826
0.0,3,25.345332
0.0,3,25.348846
0.0,4,25.35359
0.0,10,25.365116
0.0,6,25.372144
0.0,1,25.37336
0.0,5,25.379159
0.0,6,25.386105
0.0,2,25.388469
0.0,4,25.393053
0.0,2,25.395414
0.0,2,25.397862
0.0,9,25.408257
0.0,2,25.410623
0.0,1,25.411849
0.0,4,25.416431
0.0,3,25.419948
0.0,8,25.429179
0.0,1,25.430398
0.0,2,25.432758
0.0,1,25.43398
0.0,1,25.435192
0.0,5,25.440999
0.0,12,25.454805
0.0,2,25.457165
0.0,4,25.461749
0.0,4,25.466411
0.0,3,25.469931
0.0,1,25.471144
0.0,1,25.47236
0.0,1,25.473573
0.0,3,25.477092
0.0,1,25.478301
0.0,2,25.480665
0.0,1,25.481888
0.0,1,25.483104
0.0,8,25.492342
0.0,4,25.497
0.0,7,25.505177
0.0,1,25.506396
0.0,6,25.513369
0.0,3,25.516891
0.0,3,25.520404
0.0,9,25.530818
0.0,3,25.534351
0.0,4,25.539001
0.0,6,25.546026
0.0,5,25.551832
0.0,4,25.556567
0.0,3,25.560012
0.0,1,25.561229
0.0,3,25.564755
0.0,1,25.565979
0.0,3,25.569495
0.0,2,25.571869
0.0,3,25.575393
0.0,2,25.57775
0.0,1,25.578971
0.0,4,25.583643
0.0,1,25.584866
0.0,2,25.587253
0.0,3,25.590758
0.0,6,25.597711
0.0,8,25.607054
0.0,2,25.609419
0.0,4,25.614081
0.0,1,25.61531
0.0,2,25.617675
0.0,1,25.618892
0.0,2,25.621256
0.0,5,25.657722
0.0,5,25.742311
0.0,7,25.761588
0.0,5,25.797647
0.0,5,25.814052
0.0,7,25.821715
0.0,3,25.825053
0.0,1,25.826209
0.0,4,25.830618
0.0,1,25.831778
0.0,1,25.833005
0.0,5,25.838858
0.0,3,25.842362
1.0,21,25.866529
0.0,3,25.870058
0.0,6,25.877017
0.0,5,25.882836
0.0,5,25.888732
0.0,4,25.893404
0.0,9,25.903826
0.0,4,25.90848
0.0,4,25.91314
0.0,1,25.914442
0.0,2,25.916812
0.0,2,25.91917
0.0,1,25.920389
0.0,2,25.922751
0.0,5,25.928565
0.0,3,25.932086
0.0,1,25.933385
0.0,1,25.934594
0.0,1,25.93582
0.0,4,25.940471
0.0,4,25.945129
0.0,5,25.95087
0.0,4,25.955522
0.0,5,25.961321
0.0,1,25.962552
0.0,1,25.963771
0.0,3,25.967277
0.0,10,25.978807
0.0,1,25.980026
0.0,1,25.981241
0.0,2,25.983597
0.0,1,25.984875
0.0,8,25.994143
0.0,1,25.995446
0.0,8,26.00469
0.0,4,26.009292
0.0,1,26.010439
0.0,7,26.018549
0.0,1,26.01978
0.0,3,26.023381
0.0,2,26.025739
0.0,15,26.043007
0.0,1,26.044224
0.0,3,26.047727
0.0,3,26.051245
0.0,1,26.052459
0.0,1,26.053673
0.0,1,26.054895
0.0,2,26.057256
0.0,1,26.058468
0.0,4,26.063135
0.0,4,26.067729
0.0,9,26.078114
0.0,9,26.088503
0.0,5,26.094404
0.0,1,26.095624
0.0,7,26.103878
0.0,3,26.107384
0.0,3,26.11092
0.0,1,26.112136
0.0,3,26.115606
0.0,1,26.116844
0.0,1,26.118064
0.0,2,26.120432
0.0,5,26.12609
0.0,4,26.130708
0.0,2,26.133084
0.0,2,26.135448
0.0,2,26.137825
0.0,8,26.147155
0.0,3,26.15059
0.0,8,26.159846
0.0,1,26.161061
0.0,5,26.166864
0.0,2,26.169225
0.0,1,26.17044
0.0,4,26.175052
0.0,6,26.18194
0.0,2,26.184324
0.0,1,26.185542
0.0,6,26.192583
0.0,3,26.196185
0.0,1,26.197399
0.0,8,26.20665
0.0,2,26.209026
0.0,1,26.210244
0.0,3,26.213756
0.0,1,26.214979
0.0,3,26.218432
0.0,3,26.221957
0.0,1,26.223172
0.0,2,26.225527
0.0,7,26.233694
0.0,4,26.23835
0.0,1,26.239564
0.0,1,26.240792
0.0,9,26.251168
0.0,6,26.258221
0.0,1,26.259438
0.0,5,26.265257
0.0,1,26.266473
0.0,1,26.267687
0.0,5,26.273505
0.0,1,26.274718
0.0,2,26.277094
0.0,6,26.284059
0.0,5,26.289879
0.0,2,26.292254
0.0,1,26.293468
0.0,7,26.301646
0.0,14,26.31781
0.0,1,26.319028
0.0,7,26.327114
0.0,1,26.328415
0.0,4,26.332984
0.0,1,26.334203
0.0,2,26.336577
0.0,3,26.340098
0.0,1,26.341313
0.0,4,26.346051
0.0,3,26.349557
0.0,2,26.351926
0.0,1,26.353144
0.0,4,26.357802
0.0,1,26.359011
0.0,1,26.360229
0.0,3,26.363732
0.0,4,26.368379
0.0,4,26.373034
0.0,1,26.374251
0.0,3,26.377775
0.0,1,26.378991
0.0,7,26.387113
0.0,7,26.395164
0.0,1,26.396438
0.0,1,26.397675
0.0,1,26.398902
0.0,4,26.403569
0.0,1,26.404801
0.0,2,26.407163
0.0,2,26.409525
0.0,5,26.415329
0.0,3,26.41884
0.0,1,26.420056
0.0,4,26.424699
0.0,6,26.431651
0.0,1,26.432878
0.0,1,26.434091
0.0,11,26.446737
0.0,8,26.455978
0.0,1,26.457197
0.0,3,26.460711
0.0,3,26.464228
0.0,1,26.465445
0.0,5,26.471346
0.0,2,26.473709
0.0,1,26.474933
0.0,3,26.478443
0.0,2,26.480819
0.0,1,26.482033
0.0,1,26.483246
0.0,7,26.491341
0.0,5,26.497156
0.0,3,26.50082
0.0,10,26.51227
0.0,5,26.518063
0.0,1,26.519282
0.0,11,26.531999
0.0,14,26.54813
0.0,4,26.552824
0.0,19,26.574807
0.0,8,26.584187
0.0,13,26.599156
0.0,7,26.607269
0.0,1,26.608482
0.0,8,26.617808
0.0,1,26.619024
0.0,1,26.62024
0.0,21,26.644271
0.0,1,26.64549
0.0,1,26.646705
0.0,5,26.652514
0.0,17,26.672134
0.0,1,26.673444
0.0,7,26.681535
0.0,14,26.697652
0.0,4,26.702332
0.0,4,26.706988
1.0,8,26.716243
0.0,3,26.719847
0.0,3,26.723441
0.0,4,26.728034
0.0,3,26.73154
0.0,2,26.733909
0.0,13,26.748882
0.0,1,26.750102
0.0,3,26.753611
0.0,1,26.754834
0.0,1,26.756052
0.0,3,26.759556
0.0,11,26.772186
0.0,12,26.786011
0.0,23,26.81228
0.0,3,26.815801
0.0,10,26.82734
0.0,2,26.829705
0.0,3,26.833221
0.0,13,26.848184
0.0,14,26.864302
0.0,5,26.870117
0.0,3,26.873714
0.0,2,26.876162
0.0,7,26.884457
0.0,2,26.886845
0.0,9,26.897164
0.0,6,26.904135
0.0,7,26.912276
0.0,13,26.92724
0.0,4,26.931946
0.0,7,26.94004
0.0,6,26.946987
0.0,2,26.949365
0.0,7,26.957472
0.0,4,26.962081
0.0,5,26.967908
0.0,8,26.977007
0.0,9,26.987396
0.0,5,26.993206
0.0,10,27.004738
0.0,4,27.009402
0.0,6,27.016351
0.0,19,27.03832
0.0,14,27.054451
0.0,7,27.062479
0.0,23,27.0889
0.0,4,27.093567
0.0,9,27.103973
0.0,3,27.107483
0.0,11,27.120208
0.0,4,27.124865
0.0,12,27.138676
0.0,5,27.144567
0.0,7,27.152659
0.0,5,27.158544
0.0,8,27.167696
0.0,5,27.173584
0.0,6,27.180554
0.0,4,27.18523
0.0,3,27.188746
0.0,3,27.192358
0.0,10,27.203817
0.0,3,27.207331
0.0,15,27.224598
0.0,3,27.228048
0.0,4,27.232719
0.0,6,27.23967
0.0,7,27.247865
0.0,7,27.255964
0.0,5,27.261777
0.0,3,27.265363
0.0,10,27.27689
0.0,5,27.282693
0.0,5,27.288502
0.0,5,27.294309
0.0,5,27.300199
0.0,7,27.308353
0.0,3,27.311881
0.0,8,27.321124
0.0,13,27.336137
0.0,1,27.337365
0.0,12,27.351165
0.0,2,27.353521
0.0,3,27.35703
1.0,8,27.366273
0.0,1,27.367488
0.0,1,27.368698
0.0,3,27.372212
0.0,1,27.373426
0.0,1,27.374639
0.0,1,27.375866
0.0,1,27.377083
0.0,2,27.379457
0.0,7,27.387563
0.0,5,27.393398
0.0,2,27.395758
0.0,7,27.403884
0.0,6,27.410951
0.0,4,27.415602
0.0,7,27.423776
0.0,2,27.426132
0.0,7,27.434166
0.0,8,27.443323
0.0,2,27.445682
0.0,5,27.451504
1.0,6,27.458443
0.0,6,27.465327
0.0,1,27.466542
0.0,5,27.472364
0.0,2,27.474726
0.0,5,27.480538
0.0,1,27.481754
0.0,2,27.484127
0.0,2,27.486576
0.0,5,27.492387
0.0,22,27.51767
0.0,1,27.518949
0.0,1,27.520189
0.0,2,27.522548
0.0,3,27.526058
0.0,7,27.534148
0.0,8,27.543403
0.0,10,27.555022
0.0,11,27.567706
0.0,1,27.568932
0.0,3,27.572449
0.0,5,27.578254
0.0,2,27.580621
0.0,3,27.584152
0.0,7,27.592333
0.0,7,27.600456
0.0,5,27.606193
0.0,4,27.61085
0.0,4,27.615499
0.0,2,27.617866
0.0,4,27.622668
0.0,3,27.626184
0.0,4,27.630843
0.0,2,27.633202
0.0,1,27.634411
0.0,1,27.635623
0.0,4,27.640283
0.0,3,27.643802
0.0,4,27.648459
0.0,6,27.655343
0.0,1,27.656561
0.0,2,27.658933
0.0,1,27.660149
0.0,5,27.665963
0.0,7,27.757651
0.0,1,27.760278
0.0,3,27.817721
0.0,3,27.852187
0.0,6,27.858641
0.0,1,27.85979
0.0,5,27.865669
0.0,3,27.869236
0.0,7,27.877326
0.0,4,27.881986
0.0,2,27.884347
0.0,3,27.887866
0.0,1,27.889078
0.0,3,27.892592
0.0,1,27.893816
0.0,11,27.90651
0.0,3,27.910029
0.0,6,27.917045
0.0,5,27.922887
0.0,4,27.927537
0.0,7,27.935643
0.0,1,27.936873
0.0,1,27.938087
0.0,3,27.941599
0.0,15,27.958999
0.0,5,27.964899
0.0,1,27.966119
1.0,22,27.991437
0.0,3,27.994961
0.0,1,27.996174
0.0,7,28.004283
0.0,6,28.011235
0.0,3,28.014738
0.0,7,28.022877
0.0,6,28.029863
0.0,2,28.032226
0.0,8,28.041482
0.0,1,28.042785
0.0,24,28.070363
0.0,4,28.075022
1.0,19,28.09693
0.0,2,28.099308
0.0,1,28.100587
0.0,1,28.101821
0.0,5,28.107626
1.0,26,28.137607
0.0,7,28.145799
0.0,14,28.161974
0.0,5,28.167776
0.0,10,28.179379
0.0,7,28.187476
0.0,6,28.194445
0.0,6,28.201349
0.0,1,28.202564
0.0,4,28.207229
0.0,2,28.209582
0.0,3,28.213102
0.0,3,28.216618
0.0,9,28.227019
0.0,3,28.230528
0.0,1,28.23174
0.0,1,28.23296
0.0,2,28.235324
0.0,1,28.236537
0.0,3,28.240059
0.0,2,28.242423
0.0,1,28.243636
0.0,5,28.249459
0.0,11,28.262078
0.0,3,28.26559
0.0,3,28.26905
0.0,4,28.273624
0.0,4,28.278279
0.0,3,28.281711
0.0,1,28.282932
0.0,4,28.287578
0.0,3,28.291097
0.0,2,28.293453
0.0,11,28.306126
0.0,2,28.308494
0.0,2,28.310871
0.0,5,28.316661
0.0,3,28.320098
0.0,4,28.324745
0.0,2,28.327115
0.0,2,28.329475
0.0,1,28.330697
0.0,4,28.335367
0.0,5,28.341171
0.0,3,28.344523
0.0,1,28.345735
0.0,1,28.346955
0.0,7,28.354958
0.0,2,28.357317
0.0,2,28.359675
0.0,1,28.360901
0.0,5,28.366691
0.0,2,28.36906
0.0,1,28.370281
0.0,2,28.372639
0.0,3,28.376154
0.0,4,28.380887
0.0,5,28.386542
0.0,3,28.390057
0.0,1,28.391274
0.0,5,28.397094
0.0,3,28.400611
0.0,2,28.402977
0.0,3,28.406483
0.0,3,28.409993
0.0,5,28.415717
0.0,3,28.419227
0.0,1,28.420495
0.0,2,28.42287
0.0,6,28.429827
0.0,4,28.434484
0.0,4,28.439144
0.0,6,28.44613
0.0,5,28.452078
0.0,3,28.455587
0.0,2,28.457961
0.0,2,28.460344
0.0,1,28.461552
0.0,13,28.476526
0.0,1,28.477739
0.0,1,28.47896
0.0,1,28.480174
0.0,4,28.484827
0.0,12,28.498654
0.0,3,28.502181
0.0,10,28.513825
0.0,6,28.520803
0.0,1,28.522019
0.0,1,28.523281
0.0,7,28.531381
0.0,2,28.533735
0.0,1,28.534955
0.0,3,28.538456
0.0,3,28.542051
0.0,3,28.545549
0.0,3,28.548984
0.0,1,28.5502
0.0,2,28.552559
0.0,1,28.55378
0.0,2,28.556135
0.0,3,28.559641
0.0,3,28.563159
0.0,3,28.566669
0.0,1,28.567888
0.0,1,28.569102
0.0,4,28.573775
0.0,2,28.576143
0.0,2,28.578586
0.0,2,28.580959
0.0,1,28.582177
0.0,1,28.583388
0.0,3,28.586903
0.0,1,28.588117
0.0,2,28.590486
0.0,8,28.599726
0.0,2,28.602108
0.0,11,28.614799
0.0,2,28.617158
0.0,4,28.621742
0.0,5,28.627545
0.0,1,28.628827
0.0,1,28.630071
0.0,2,28.632437
0.0,3,28.63595
0.0,2,28.638396
0.0,4,28.642974
0.0,2,28.645333
0.0,5,28.651129
0.0,1,28.652429
0.0,8,28.661662
0.0,8,28.670986
0.0,3,28.674497
0.0,1,28.675705
0.0,4,28.680366
0.0,2,28.682731
0.0,2,28.685099
0.0,3,28.688518
0.0,4,28.693123
0.0,6,28.700023
0.0,5,28.705829
0.0,5,28.711715
0.0,3,28.715223
0.0,5,28.721026
0.0,3,28.724526
0.0,3,28.728036
0.0,1,28.729298
0.0,1,28.730523
0.0,2,28.732891
0.0,7,28.740975
0.0,5,28.746782
0.0,7,28.754955
0.0,5,28.760772
0.0,1,28.761988
0.0,1,28.763204
0.0,3,28.766725
0.0,3,28.770251
0.0,6,28.777217
0.0,6,28.784185
0.0,1,28.785406
0.0,3,28.788927
0.0,3,28.792527
0.0,1,28.793739
0.0,3,28.797176
0.0,2,28.799537
0.0,4,28.804204
0.0,1,28.805415
0.0,3,28.808933
0.0,2,28.811389
0.0,4,28.815967
0.0,3,28.819473
0.0,3,28.822925
0.0,1,28.824138
0.0,7,28.832235
0.0,1,28.833503
0.0,9,28.843911
0.0,7,28.852014
0.0,2,28.854389
0.0,6,28.861347
0.0,3,28.864874
0.0,2,28.867236
0.0,4,28.871909
0.0,1,28.873126
0.0,4,28.877804
0.0,4,28.882472
0.0,1,28.883687
0.0,10,28.895244
0.0,12,28.909057
0.0,1,28.910279
0.0,10,28.921824
0.0,5,28.927626
0.0,3,28.931145
0.0,2,28.93352
0.0,4,28.938178
0.0,18,28.958927
0.0,4,28.9636
0.0,1,28.964826
0.0,6,28.97188
0.0,4,28.976524
0.0,13,28.991382
0.0,3,28.994902
0.0,5,29.000725
0.0,12,29.014628
0.0,14,29.030833
1.0,10,29.042374
0.0,3,29.045893
0.0,4,29.050545
0.0,4,29.055208
0.0,1,29.056418
0.0,2,29.05879
0.0,5,29.064593
0.0,5,29.070492
0.0,3,29.074004
0.0,3,29.07759
0.0,1,29.078813
0.0,19,29.10079
0.0,10,29.112276
0.0,4,29.11694
0.0,7,29.124965
0.0,1,29.126181
0.0,4,29.13085
0.0,25,29.159624
0.0,15,29.176972
0.0,2,29.179342
0.0,5,29.185147
0.0,3,29.188742
0.0,1,29.189913
0.0,5,29.195693
0.0,6,29.202664
0.0,2,29.205043
0.0,9,29.215452
0.0,4,29.220056
0.0,4,29.224739
0.0,3,29.228267
0.0,4,29.232943
0.0,5,29.238739
0.0,3,29.242261
0.0,8,29.251439
0.0,3,29.254949
0.0,6,29.261908
0.0,2,29.26427
0.0,7,29.272378
0.0,12,29.286266
0.0,2,29.288638
0.0,6,29.295546
0.0,17,29.315193
0.0,6,29.322146
0.0,23,29.348552
0.0,7,29.356652
1.0,28,29.388862
0.0,13,29.403836
0.0,3,29.407342
0.0,9,29.417717
0.0,15,29.434963
0.0,11,29.447637
0.0,8,29.456825
0.0,4,29.46148
0.0,6,29.468421
0.0,7,29.47652
0.0,1,29.477736
0.0,14,29.493862
0.0,2,29.496221
0.0,1,29.497488
0.0,3,29.501021
0.0,1,29.502234
0.0,1,29.503447
0.0,2,29.505836
0.0,1,29.507058
0.0,5,29.512878
0.0,3,29.516393
0.0,1,29.517624
0.0,2,29.520008
0.0,4,29.524683
0.0,1,29.525904
0.0,1,29.527122
0.0,2,29.529484
0.0,3,29.533004
1.0,11,29.545595
0.0,3,29.549108
0.0,1,29.550413
0.0,2,29.552791
0.0,5,29.558631
0.0,10,29.570203
0.0,6,29.577151
0.0,1,29.578456
0.0,1,29.579669
0.0,2,29.582042
0.0,7,29.590128
0.0,4,29.594873
0.0,4,29.599522
0.0,3,29.603112
0.0,3,29.606552
0.0,1,29.607774
0.0,11,29.620435
0.0,3,29.623947
0.0,1,29.625157
0.0,6,29.632195
0.0,6,29.639128
0.0,1,29.640434
0.0,4,29.645091
0.0,3,29.648596
0.0,11,29.661274
0.0,2,29.663629
0.0,5,29.669505
0.0,13,29.684453
0.0,3,29.687897
0.0,1,29.689113
0.0,4,29.693864
0.0,7,29.701972
0.0,1,29.703188
0.0,3,29.706754
0.0,2,29.716639
0.0,10,29.787647
0.0,3,29.847719
0.0,1,29.857275
0.0,1,29.877672
0.0,12,29.905473
0.0,20,29.928162
0.0,2,29.930528
0.0,2,29.932907
1.0,17,29.952508
0.0,8,29.961778
0.0,3,29.965294
1.0,14,29.981529
0.0,6,29.988473
0.0,17,30.008181
1.0,19,30.030025
0.0,5,30.035843
0.0,7,30.043874
0.0,11,30.056553
0.0,16,30.075183
0.0,6,30.082128
0.0,2,30.084586
0.0,9,30.09502
0.0,7,30.103101
0.0,11,30.115857
0.0,2,30.118215
0.0,4,30.122871
0.0,6,30.129821
0.0,13,30.144867
0.0,2,30.147224
0.0,16,30.165668
0.0,3,30.16918
0.0,2,30.171545
0.0,4,30.176226
0.0,13,30.1917
0.0,3,30.195453
0.0,2,30.197835
0.0,3,30.201346
0.0,6,30.208295
0.0,4,30.212883
0.0,3,30.216381
0.0,12,30.230101
0.0,4,30.234757
0.0,2,30.23713
0.0,2,30.239489
0.0,1,30.240703
0.0,2,30.243072
0.0,2,30.245435
0.0,2,30.247807
0.0,3,30.251341
0.0,2,30.253698
0.0,3,30.257198
0.0,11,30.269886
0.0,3,30.273392
0.0,4,30.278052
0.0,2,30.280411
0.0,3,30.283927
0.0,5,30.289721
0.0,10,30.301281
0.0,1,30.302555
0.0,1,30.303803
0.0,1,30.305024
0.0,3,30.308537
0.0,7,30.316654
0.0,3,30.320182
0.0,2,30.322545
0.0,1,30.323761
0.0,2,30.326127
0.0,3,30.329575
0.0,2,30.331948
0.0,3,30.335451
0.0,1,30.336668
0.0,1,30.337893
0.0,5,30.343701
0.0,1,30.344924
0.0,9,30.355313
0.0,7,30.363482
0.0,4,30.368164
0.0,6,30.375116
0.0,1,30.37635
0.0,2,30.378627
1.0,7,30.386715
0.0,6,30.393658
0.0,2,30.396029
0.0,2,30.39838
0.0,4,30.403037
0.0,7,30.411198
0.0,1,30.412412
0.0,1,30.413624
0.0,1,30.414847
0.0,8,30.424113
0.0,8,30.433299
0.0,5,30.439108
0.0,6,30.446076
0.0,5,30.45189
0.0,4,30.456541
0.0,2,30.458912
0.0,15,30.476004
0.0,1,30.47722
0.0,3,30.48073
0.0,1,30.481953
0.0,2,30.484314
0.0,2,30.486757
0.0,3,30.490282
0.0,1,30.491495
0.0,3,30.495008
0.0,5,30.500843
0.0,4,30.505512
0.0,2,30.507945
0.0,4,30.512683
0.0,1,30.513902
0.0,2,30.516268
0.0,1,30.517478
0.0,7,30.525558
0.0,1,30.526783
0.0,4,30.531507
0.0,1,30.532718
0.0,2,30.535081
0.0,1,30.536298
0.0,1,30.537506
0.0,1,30.538719
0.0,6,30.545656
0.0,1,30.546878
0.0,7,30.554961
0.0,1,30.556171
0.0,4,30.560831
0.0,4,30.565573
0.0,2,30.568016
0.0,6,30.574973
0.0,1,30.57619
0.0,1,30.577402
0.0,8,30.586651
0.0,2,30.589031
0.0,9,30.599417
0.0,9,30.609813
0.0,6,30.616845
0.0,5,30.622587
0.0,4,30.627254
0.0,12,30.641093
0.0,3,30.644544
0.0,16,30.662884
0.0,5,30.668678
0.0,5,30.674497
0.0,1,30.675712
0.0,17,30.695282
0.0,3,30.6988
0.0,10,30.710414
0.0,3,30.713848
0.0,5,30.719642
0.0,3,30.723161
1.0,6,30.73012
0.0,3,30.733629
0.0,2,30.736004
0.0,5,30.741833
0.0,5,30.74764
0.0,1,30.748869
0.0,9,30.759268
0.0,4,30.764008
0.0,1,30.765222
0.0,10,30.776736
0.0,9,30.787111
0.0,4,30.791858
0.0,2,30.79422
0.0,7,30.802302
0.0,3,30.805829
0.0,4,30.810496
0.0,6,30.817431
0.0,2,30.819806
0.0,5,30.825606
0.0,10,30.837146
0.0,7,30.845237
0.0,1,30.846453
0.0,4,30.851111
0.0,5,30.856919
0.0,1,30.858138
0.0,5,30.863953
0.0,3,30.867459
0.0,8,30.876679
0.0,1,30.8779
0.0,2,30.880189
0.0,4,30.88476
0.0,11,30.897454
0.0,1,30.898679
0.0,10,30.910245
0.0,9,30.920722
1.0,16,30.939126
0.0,8,30.948439
0.0,1,30.949654
0.0,3,30.953167
0.0,5,30.95896
0.0,1,30.960173
0.0,8,30.96939
0.0,1,30.970608
0.0,8,30.979846
0.0,1,30.981063
0.0,3,30.984567
0.0,6,30.991532
0.0,21,31.015844
0.0,1,31.017061
0.0,1,31.018293
0.0,3,31.021826
0.0,1,31.023036
0.0,1,31.024247
0.0,1,31.025459
0.0,3,31.028972
0.0,4,31.0337
0.0,2,31.035983
0.0,4,31.040627
0.0,2,31.042997
0.0,7,31.051111
0.0,3,31.054702
0.0,19,31.076543
0.0,1,31.077772
0.0,1,31.078985
0.0,5,31.084802
0.0,1,31.086021
0.0,9,31.096401
0.0,3,31.099993
0.0,7,31.108081
0.0,2,31.110453
0.0,1,31.111606
0.0,2,31.113976
0.0,1,31.115193
0.0,2,31.117549
0.0,7,31.125654
0.0,3,31.129177
0.0,1,31.130391
0.0,7,31.138498
0.0,1,31.139715
0.0,2,31.14209
0.0,1,31.143318
0.0,2,31.145678
0.0,1,31.146897
0.0,3,31.150401
0.0,1,31.151613
0.0,1,31.152835
0.0,2,31.155195
0.0,3,31.158693
1.0,8,31.168011
0.0,1,31.169223
0.0,5,31.175024
0.0,8,31.184247
0.0,6,31.191106
0.0,4,31.19569
0.0,3,31.199201
0.0,6,31.206245
0.0,2,31.208518
0.0,7,31.216541
0.0,11,31.229234
0.0,5,31.234955
0.0,26,31.264698
0.0,9,31.275164
0.0,2,31.277528
0.0,5,31.283267
0.0,2,31.285632
0.0,9,31.296106
0.0,4,31.300778
0.0,1,31.30199
0.0,7,31.310093
0.0,2,31.312391
0.0,3,31.315898
0.0,3,31.319402
0.0,5,31.325206
0.0,6,31.332155
0.0,2,31.334523
0.0,2,31.336887
0.0,3,31.340319
0.0,3,31.343893
0.0,3,31.347391
0.0,3,31.350911
0.0,1,31.352126
0.0,11,31.364734
0.0,3,31.368246
0.0,2,31.370607
0.0,12,31.384411
0.0,1,31.385629
0.0,2,31.388001
0.0,1,31.389219
0.0,6,31.396168
1.0,13,31.411257
0.0,3,31.414776
0.0,11,31.427451
0.0,3,31.430917
0.0,4,31.435579
0.0,7,31.443693
0.0,1,31.444916
0.0,4,31.449385
0.0,1,31.450655
0.0,1,31.451897
0.0,7,31.460012
0.0,3,31.463523
0.0,1,31.464736
0.0,2,31.467108
0.0,4,31.471776
0.0,1,31.472986
0.0,1,31.474201
0.0,1,31.47541
0.0,3,31.478753
0.0,5,31.48456
0.0,3,31.48807
0.0,1,31.489282
0.0,1,31.490504
0.0,5,31.49631
0.0,2,31.498674
0.0,2,31.501048
0.0,15,31.518381
0.0,4,31.523058
0.0,1,31.524281
0.0,2,31.526654
0.0,9,31.53707
0.0,3,31.55283
0.0,1,31.560436
0.0,5,31.566434
0.0,3,31.57002
0.0,2,31.572435
0.0,1,31.573647
0.0,3,31.577145
0.0,10,31.588713
0.0,1,31.589912
0.0,1,31.591132
0.0,1,31.592346
0.0,5,31.598118
0.0,3,31.601618
0.0,7,31.609673
0.0,2,31.612036
0.0,2,31.614386
0.0,1,31.615592
1.0,7,31.623709
0.0,4,31.628355
0.0,1,31.629565
0.0,1,31.630796
0.0,1,31.632005
0.0,1,31.633219
0.0,3,31.636724
0.0,1,31.637944
0.0,8,31.647172
0.0,3,31.650681
0.0,2,31.653052
0.0,7,31.661138
0.0,6,31.668237
0.0,3,31.671751
0.0,10,31.68327
0.0,2,31.685627
0.0,2,31.687997
0.0,6,31.694956
0.0,3,31.69846
0.0,2,31.700832
0.0,1,31.702067
0.0,3,31.705579
0.0,5,31.711399
0.0,1,31.712611
0.0,1,31.713837
0.0,4,31.718484
0.0,4,31.723145
0.0,4,31.727811
0.0,23,31.771415
0.0,2,31.807079
0.0,1,31.827748
0.0,1,31.847745
0.0,2,31.887718
0.0,9,31.943034
0.0,2,31.94539
0.0,1,31.946663
0.0,1,31.947917
0.0,2,31.950295
0.0,3,31.953823
0.0,1,31.955036
0.0,6,31.961975
0.0,1,31.96319
0.0,8,31.972445
0.0,1,31.973587
0.0,2,31.975948
0.0,6,31.9829
0.0,15,32.000155
0.0,4,32.004823
0.0,2,32.007181
0.0,2,32.009533
0.0,10,32.021144
0.0,1,32.022371
0.0,5,32.028237
0.0,2,32.0306
0.0,6,32.037657
0.0,13,32.052702
0.0,2,32.055165
0.0,4,32.059839
0.0,4,32.064597
0.0,2,32.067003
0.0,1,32.068218
0.0,4,32.072894
0.0,2,32.075264
0.0,8,32.084516
0.0,4,32.089051
0.0,1,32.090267
0.0,4,32.094928
0.0,2,32.097291
0.0,13,32.11234
0.0,6,32.119285
0.0,2,32.121651
0.0,1,32.122878
0.0,7,32.13097
0.0,1,32.132188
0.0,5,32.137983
0.0,24,32.165374
0.0,2,32.16782
0.0,5,32.173611
0.0,6,32.180558
0.0,3,32.184075
0.0,8,32.193332
0.0,12,32.207124
0.0,3,32.210703
0.0,1,32.211927
0.0,2,32.214292
0.0,11,32.226811
0.0,1,32.228026
0.0,20,32.250993
0.0,7,32.259089
0.0,12,32.273006
0.0,18,32.293806
0.0,5,32.299682
0.0,7,32.307815
0.0,2,32.310179
0.0,1,32.311393
0.0,1,32.312666
0.0,15,32.329953
0.0,5,32.335753
0.0,1,32.336979
0.0,2,32.339432
0.0,6,32.346387
0.0,1,32.347606
0.0,4,32.352275
0.0,7,32.360369
0.0,4,32.365036
0.0,3,32.368545
0.0,1,32.369756
0.0,5,32.375562
0.0,1,32.376787
0.0,9,32.387252
0.0,4,32.391917
0.0,9,32.402319
0.0,5,32.408133
0.0,3,32.411735
0.0,8,32.420978
0.0,24,32.448521
0.0,3,32.451974
0.0,3,32.45549
0.0,8,32.464676
0.0,6,32.471627
1.0,20,32.494668
0.0,2,32.497042
0.0,4,32.501685
0.0,3,32.505192
0.0,5,32.510993
0.0,4,32.515672
0.0,7,32.523718
0.0,11,32.536451
0.0,3,32.539927
0.0,2,32.5423
0.0,10,32.55393
0.0,3,32.557442
0.0,3,32.561031
1.0,7,32.569132
0.0,8,32.578382
0.0,11,32.591058
0.0,1,32.592278
0.0,10,32.603819
0.0,14,32.620131
0.0,1,32.621369
1.0,7,32.629462
0.0,4,32.634143
0.0,13,32.649153
0.0,49,32.705405
0.0,2,32.707785
0.0,4,32.712459
0.0,4,32.717135
0.0,18,32.737835
0.0,11,32.750586
0.0,11,32.763262
0.0,18,32.784
0.0,7,32.792129
0.0,7,32.800167
0.0,5,32.805978
0.0,3,32.809479
0.0,14,32.825575
0.0,11,32.838251
0.0,6,32.845199
0.0,4,32.849856
0.0,20,32.87286
1.0,25,32.901606
0.0,12,32.915447
0.0,7,32.923556
0.0,7,32.931739
0.0,7,32.939797
0.0,10,32.951418
0.0,10,32.96297
0.0,23,32.989403
1.0,11,33.002114
0.0,12,33.01603
0.0,1,33.017243
0.0,3,33.020746
0.0,1,33.021968
0.0,11,33.034639
0.0,3,33.038223
0.0,6,33.045175
0.0,6,33.05213
0.0,4,33.05683
0.0,2,33.0592
0.0,1,33.060417
0.0,6,33.06736
0.0,4,33.072031
0.0,7,33.080125
0.0,6,33.087077
0.0,8,33.096325
0.0,3,33.09984
0.0,2,33.102199
0.0,1,33.10341
0.0,7,33.111511
0.0,7,33.119612
0.0,1,33.120844
0.0,2,33.123206
0.0,1,33.124417
0.0,5,33.130232
0.0,4,33.134894
0.0,3,33.138483
0.0,1,33.139695
0.0,5,33.145514
0.0,1,33.146726
0.0,1,33.147948
0.0,5,33.15384
0.0,6,33.160796
1.0,20,33.183655
0.0,5,33.189548
0.0,1,33.190776
0.0,4,33.19542
0.0,9,33.205832
0.0,5,33.21165
0.0,4,33.216322
0.0,3,33.219852
0.0,2,33.222218
0.0,9,33.232716
0.0,2,33.235087
0.0,4,33.239824
0.0,5,33.245627
0.0,1,33.246855
0.0,3,33.250362
0.0,2,33.252728
0.0,5,33.258528
0.0,8,33.267785
0.0,1,33.268999
0.0,11,33.281678
0.0,1,33.282901
0.0,3,33.28642
0.0,2,33.288796
0.0,4,33.293457
0.0,3,33.296972
0.0,1,33.298188
0.0,1,33.299396
0.0,4,33.30407
0.0,1,33.305288
0.0,1,33.306503
0.0,1,33.307718
0.0,1,33.30894
0.0,6,33.315889
0.0,1,33.317106
0.0,9,33.3275
0.0,3,33.331017
0.0,1,33.332229
0.0,5,33.338035
0.0,4,33.342758
0.0,6,33.349725
0.0,9,33.360147
0.0,2,33.362516
0.0,4,33.367185
0.0,2,33.369546
0.0,9,33.379952
0.0,3,33.38346
0.0,1,33.38467
0.0,7,33.39279
0.0,15,33.410126
0.0,9,33.420614
0.0,1,33.421841
0.0,1,33.423056
0.0,3,33.426563
0.0,6,33.433517
0.0,3,33.437038
0.0,1,33.438253
0.0,2,33.44062
0.0,3,33.444192
0.0,1,33.445403
0.0,10,33.456983
0.0,1,33.458205
0.0,6,33.465175
0.0,4,33.469844
0.0,5,33.475734
0.0,5,33.481543
0.0,7,33.48955
0.0,5,33.495355
0.0,5,33.501159
0.0,3,33.504665
0.0,2,33.507032
0.0,8,33.516262
0.0,5,33.522077
0.0,5,33.527739
0.0,5,33.533572
0.0,1,33.534804
0.0,4,33.539405
0.0,3,33.542924
0.0,7,33.551101
0.0,10,33.562717
0.0,7,33.570837
0.0,1,33.572087
0.0,7,33.580176
0.0,7,33.588265
0.0,11,33.600962
0.0,2,33.603333
0.0,3,33.606861
0.0,3,33.610379
0.0,3,33.613899
0.0,5,33.619649
0.0,3,33.623166
0.0,1,33.624381
0.0,14,33.640481
0.0,16,33.65892
0.0,9,33.669307
0.0,26,33.6992
0.0,6,33.706158
0.0,1,33.707444
0.0,14,33.723484
0.0,14,33.739586
0.0,1,33.740819
0.0,1,33.742037
0.0,4,33.746706
0.0,3,33.75014
0.0,2,33.752506
0.0,1,33.753716
0.0,7,33.761824
0.0,3,33.765343
0.0,3,33.76885
0.0,1,33.770069
0.0,2,33.772431
0.0,4,33.777092
0.0,1,33.778389
0.0,10,33.789865
0.0,2,33.79223
0.0,10,33.967717
0.0,2,33.982112
0.0,3,33.985453
0.0,1,33.986663
0.0,3,33.990178
0.0,7,33.998273
0.0,2,34.000648
0.0,1,34.001876
0.0,2,34.004248
0.0,7,34.012348
0.0,2,34.014715
0.0,1,34.015937
0.0,6,34.0229
0.0,4,34.027548
0.0,6,34.034496
1.0,14,34.038401
0.0,3,34.038575
0.0,6,34.038818
0.0,8,34.039108
0.0,2,34.039227
0.0,9,34.039542
0.0,1,34.039631
0.0,1,34.039722
1.0,12,34.040133
0.0,2,34.040254
0.0,1,34.040345
0.0,1,34.040435
0.0,4,34.040609
1.0,7,34.040882
0.0,3,34.041031
0.0,11,34.041403
0.0,8,34.04169
0.0,1,34.041833
0.0,3,34.041984
0.0,3,34.042132
0.0,1,34.042221
0.0,3,34.042369
0.0,1,34.042459
0.0,5,34.042662
0.0,6,34.042905
0.0,1,34.042996
0.0,5,34.043199
0.0,1,34.043289
0.0,2,34.043407
1.0,34,34.044431
0.0,1,34.044524
0.0,6,34.044754
0.0,3,34.044914
0.0,6,34.045145
0.0,6,34.045374
0.0,1,34.045465
0.0,9,34.045796
1.0,6,34.046029
0.0,1,34.046119
0.0,13,34.046542
0.0,6,34.046785
0.0,1,34.046877
0.0,9,34.04719
0.0,2,34.047308
0.0,4,34.047483
0.0,5,34.047686
0.0,6,34.047929
0.0,11,34.048301
0.0,3,34.048449
0.0,1,34.048539
0.0,2,34.048657
0.0,1,34.048746
0.0,1,34.048845
0.0,1,34.048935
0.0,3,34.049082
0.0,3,34.049228
0.0,2,34.049346
0.0,4,34.04952
0.0,3,34.049666
0.0,6,34.049916
0.0,3,34.050065
0.0,4,34.05024
0.0,10,34.05058
0.0,1,34.050669
0.0,1,34.050759
0.0,1,34.050861
0.0,10,34.051201
0.0,8,34.051488
0.0,2,34.051607
0.0,1,34.051697
0.0,3,34.051857
0.0,11,34.05223
0.0,6,34.05246
0.0,3,34.052607
0.0,3,34.052754
0.0,2,34.052886
0.0,1,34.052975
0.0,1,34.053065
0.0,12,34.05346
0.0,10,34.053816
0.0,10,34.054159
0.0,5,34.054363
0.0,17,34.054915
0.0,1,34.055007
0.0,9,34.055322
0.0,1,34.055412
0.0,2,34.05553
0.0,11,34.055916
0.0,4,34.056093
0.0,25,34.056865
1.0,16,34.057376
0.0,16,34.057903
0.0,1,34.057995
0.0,4,34.058172
0.0,21,34.058829
0.0,1,34.058921
0.0,13,34.059345
0.0,3,34.059493
0.0,4,34.059668
0.0,3,34.059834
0.0,3,34.059983
0.0,13,34.060409
0.0,3,34.060556
0.0,4,34.06073
0.0,9,34.061052
0.0,1,34.061144
0.0,8,34.06143
0.0,1,34.061522
0.0,4,34.061695
0.0,1,34.061799
0.0,1,34.061891
0.0,1,34.06198
1.0,14,34.062432
0.0,3,34.06258
0.0,5,34.062793
0.0,1,34.062885
0.0,3,34.063032
0.0,2,34.06315
0.0,5,34.063352
0.0,1,34.063442
0.0,1,34.063531
0.0,27,34.064365
0.0,2,34.064487
0.0,13,34.064926
0.0,6,34.065159
0.0,1,34.06525
0.0,13,34.065672
0.0,3,34.065835
0.0,16,34.066345
0.0,11,34.066719
0.0,3,34.066878
1.0,12,34.067278
0.0,1,34.067368
0.0,1,34.067458
0.0,1,34.067547
0.0,1,34.067636
0.0,6,34.06788
0.0,1,34.067972
0.0,6,34.068202
0.0,12,34.068604
0.0,19,34.069208
0.0,1,34.069299
0.0,1,34.06939
0.0,3,34.069536
0.0,7,34.069812
0.0,8,34.070102
0.0,6,34.070333
0.0,11,34.070701
0.0,1,34.070802
0.0,9,34.071121
0.0,3,34.071268
0.0,11,34.071637
0.0,1,34.071727
0.0,1,34.071829
0.0,3,34.071977
0.0,3,34.072125
0.0,1,34.072214
0.0,1,34.072304
0.0,3,34.07245
0.0,8,34.072735
0.0,8,34.073029
0.0,3,34.073177
0.0,3,34.073324
1.0,20,34.073961
0.0,30,34.074873
0.0,14,34.075329
0.0,8,34.075615
0.0,1,34.075705
0.0,5,34.07592
0.0,2,34.076041
0.0,2,34.076176
0.0,1,34.076267
0.0,4,34.076441
0.0,10,34.076793
0.0,1,34.076887
0.0,1,34.076977
0.0,1,34.077066
0.0,1,34.077156
0.0,8,34.077442
0.0,1,34.077532
0.0,1,34.077621
0.0,1,34.07771
0.0,1,34.077812
0.0,10,34.078155
0.0,1,34.078245
0.0,2,34.078364
0.0,1,34.078453
0.0,1,34.078542
0.0,4,34.078716
0.0,6,34.078957
0.0,9,34.079271
0.0,7,34.079531
0.0,1,34.079621
0.0,10,34.079982
0.0,6,34.080214
0.0,1,34.080304
0.0,1,34.080394
0.0,1,34.080483
0.0,5,34.080685
0.0,1,34.080787
0.0,2,34.080908
0.0,5,34.081111
0.0,3,34.081259
0.0,7,34.081519
0.0,8,34.08182
1.0,11,34.082192
0.0,2,34.082312
0.0,1,34.082402
0.0,3,34.082548
1.0,28,34.083403
0.0,2,34.083524
0.0,6,34.083756
0.0,13,34.084195
0.0,1,34.084285
0.0,4,34.084459
0.0,4,34.084635
0.0,7,34.084906
0.0,4,34.085082
0.0,7,34.08534
1.0,14,34.085809
0.0,1,34.0859
0.0,1,34.085992
1.0,8,34.086277
0.0,1,34.086367
1.0,13,34.086806
0.0,3,34.086955
0.0,3,34.087101
0.0,7,34.08736
0.0,3,34.087507
0.0,4,34.087681
0.0,11,34.088064
0.0,5,34.088269
0.0,1,34.088359
1.0,12,34.088758
0.0,1,34.088861
0.0,1,34.088951
0.0,6,34.089182
0.0,1,34.089271
0.0,1,34.089361
0.0,2,34.089478
0.0,13,34.089921
0.0,5,34.090126
0.0,8,34.090411
0.0,12,34.090823
0.0,26,34.091606
1.0,10,34.091964
0.0,7,34.092224
0.0,1,34.092314
0.0,11,34.092683
0.0,3,34.092842
0.0,2,34.092963
0.0,1,34.093052
0.0,1,34.093141
0.0,1,34.093231
1.0,13,34.093653
0.0,4,34.093843
0.0,1,34.093934
0.0,12,34.094333
0.0,1,34.094423
0.0,4,34.094598
0.0,4,34.094783
0.0,3,34.094932
0.0,1,34.095022
0.0,8,34.095308
0.0,1,34.095397
0.0,3,34.095544
0.0,1,34.095634
0.0,1,34.095724
1.0,10,34.096078
0.0,1,34.09617
0.0,2,34.09629
0.0,6,34.096523
0.0,1,34.096614
0.0,1,34.096703
0.0,1,34.096804
0.0,1,34.096896
0.0,20,34.097511
0.0,13,34.09795
0.0,4,34.098128
0.0,4,34.098303
0.0,7,34.098562
0.0,3,34.098709
0.0,2,34.09884
0.0,19,34.099433
0.0,1,34.099524
0.0,3,34.099671
0.0,1,34.099761
0.0,3,34.099927
1.0,6,34.100158
0.0,1,34.100249
0.0,2,34.100368
0.0,4,34.100542
0.0,1,34.100631
0.0,1,34.100721
0.0,3,34.100878
0.0,3,34.101028
0.0,14,34.101479
0.0,4,34.101655
0.0,5,34.101875
0.0,1,34.101966
0.0,15,34.102446
0.0,3,34.102595
0.0,3,34.102742
0.0,3,34.102898
0.0,3,34.103045
0.0,9,34.103361
0.0,5,34.103563
0.0,2,34.103683
0.0,6,34.10393
0.0,3,34.104079
0.0,16,34.104588
0.0,3,34.104736
0.0,1,34.104835
0.0,3,34.104983
0.0,1,34.105073
0.0,5,34.105276
0.0,2,34.105395
0.0,3,34.105542
0.0,4,34.105717
0.0,1,34.105819
0.0,1,34.10591
0.0,1,34.106
0.0,3,34.106146
0.0,1,34.106235
0.0,6,34.106464
0.0,1,34.106554
0.0,1,34.106644
0.0,3,34.106802
0.0,3,34.106951
0.0,1,34.107041
0.0,1,34.107131
0.0,4,34.107306
0.0,4,34.107481
0.0,2,34.107601
0.0,5,34.107819
0.0,3,34.107968
0.0,10,34.108309
0.0,6,34.108541
0.0,5,34.108743
0.0,4,34.108928
0.0,5,34.10913
0.0,9,34.109443
0.0,2,34.109562
0.0,1,34.109652
0.0,9,34.109986
0.0,3,34.110135
0.0,2,34.110254
0.0,1,34.110343
0.0,1,34.110432
0.0,8,34.110717
0.0,1,34.110818
0.0,1,34.110909
0.0,10,34.111248
0.0,1,34.111338
0.0,10,34.111678
0.0,5,34.111898
0.0,1,34.11199
0.0,14,34.112445
0.0,10,34.112798
0.0,5,34.113002
0.0,1,34.113092
1.0,26,34.113897
0.0,4,34.114074
0.0,1,34.114164
0.0,1,34.114254
0.0,3,34.114401
0.0,2,34.11452
0.0,1,34.11461
0.0,1,34.114699
0.0,3,34.114859
0.0,1,34.114949
0.0,1,34.115038
0.0,20,34.115656
0.0,1,34.115746
0.0,9,34.116071
0.0,2,34.11619
1.0,16,34.116696
0.0,19,34.117304
0.0,3,34.117452
0.0,1,34.117542
0.0,1,34.117631
0.0,21,34.118293
0.0,1,34.118385
0.0,1,34.118474
0.0,1,34.118564
0.0,4,34.118738
0.0,2,34.118867
0.0,5,34.119071
0.0,9,34.119386
0.0,3,34.119534
0.0,1,34.119623
0.0,2,34.119742
0.0,2,34.119877
0.0,16,34.120385
0.0,1,34.120476
0.0,9,34.120802
0.0,4,34.120979
1.0,12,34.121378
0.0,1,34.121468
0.0,1,34.121557
0.0,1,34.121646
0.0,1,34.121735
0.0,6,34.121975
0.0,1,34.122066
0.0,4,34.122241
0.0,3,34.122387
0.0,1,34.122478
0.0,3,34.122625
0.0,7,34.122896
0.0,2,34.123017
0.0,9,34.123342
0.0,4,34.123518
0.0,1,34.123607
0.0,18,34.12419
0.0,3,34.124338
0.0,14,34.124802
0.0,1,34.124894
0.0,1,34.124984
0.0,4,34.125158
0.0,4,34.125333
0.0,4,34.125507
0.0,16,34.12603
0.0,11,34.126401
0.0,1,34.126492
0.0,3,34.126637
0.0,6,34.12688
0.0,1,34.126971
1.0,28,34.127827
0.0,7,34.128087
0.0,1,34.128176
0.0,2,34.128294
0.0,1,34.128384
0.0,1,34.128473
0.0,6,34.128704
0.0,4,34.128891
0.0,5,34.129096
0.0,2,34.129214
0.0,14,34.129666
1.0,26,34.130467
0.0,2,34.130588
0.0,2,34.130707
0.0,5,34.130922
0.0,1,34.131014
0.0,3,34.131161
0.0,7,34.131418
0.0,1,34.131509
0.0,3,34.131655
0.0,6,34.131901
0.0,11,34.132275
0.0,4,34.13245
0.0,12,34.13286
0.0,9,34.133178
0.0,5,34.13338
0.0,9,34.133695
0.0,2,34.133828
0.0,2,34.133949
0.0,11,34.134318
0.0,1,34.134408
0.0,18,34.134984
0.0,2,34.135105
0.0,1,34.135194
0.0,4,34.135369
0.0,5,34.135571
0.0,3,34.13572
0.0,2,34.13585
0.0,1,34.135942
0.0,7,34.136199
0.0,1,34.136289
1.0,6,34.136517
0.0,13,34.136955
0.0,2,34.137076
0.0,2,34.137194
1.0,20,34.137824
0.0,9,34.138141
0.0,7,34.138505
0.0,10,34.138862
0.0,2,34.138983
0.0,1,34.139072
0.0,2,34.13919
0.0,6,34.13942
0.0,2,34.139538
0.0,3,34.139683
0.0,1,34.139789
0.0,4,34.139966
1.0,9,34.14028
0.0,9,34.140594
0.0,2,34.140712
0.0,8,34.141009
0.0,6,34.14124
0.0,9,34.141552
0.0,15,34.142046
0.0,6,34.142279
0.0,1,34.142368
1.0,17,34.142918
0.0,11,34.143289
0.0,1,34.143378
0.0,4,34.143551
0.0,5,34.143753
0.0,1,34.143857
0.0,17,34.144392
0.0,2,34.14451
0.0,1,34.144599
0.0,1,34.144687
0.0,4,34.144874
0.0,5,34.145077
0.0,1,34.145166
1.0,28,34.146017
0.0,1,34.146109
0.0,3,34.146254
0.0,5,34.146455
0.0,3,34.146601
0.0,1,34.14669
0.0,5,34.146903
0.0,3,34.147051
0.0,1,34.14714
0.0,23,34.147857
0.0,1,34.147949
0.0,6,34.148179
0.0,1,34.148268
0.0,1,34.148357
0.0,5,34.148557
0.0,9,34.148884
0.0,1,34.148975
0.0,8,34.149261
0.0,4,34.149435
0.0,18,34.150021
0.0,1,34.150113
0.0,2,34.150234
0.0,3,34.150379
0.0,1,34.150468
0.0,2,34.150586
0.0,2,34.150704
0.0,3,34.150862
0.0,1,34.150953
0.0,1,34.151042
0.0,6,34.151273
0.0,1,34.151362
0.0,1,34.151451
0.0,1,34.15154
0.0,15,34.152034
0.0,1,34.152125
0.0,3,34.152272
0.0,1,34.15236
0.0,3,34.152506
0.0,1,34.152595
0.0,3,34.152741
0.0,9,34.153062
0.0,3,34.153209
0.0,14,34.153658
0.0,2,34.15379
0.0,11,34.154159
0.0,1,34.154248
0.0,7,34.154505
0.0,2,34.154623
0.0,4,34.15481
0.0,1,34.154901
0.0,1,34.15499
0.0,9,34.155303
0.0,12,34.155696
0.0,1,34.155798
1.0,24,34.156527
0.0,10,34.156883
0.0,8,34.157169
0.0,2,34.157288
0.0,2,34.157406
0.0,3,34.157552
0.0,10,34.157906
0.0,1,34.157997
0.0,2,34.158116
0.0,1,34.158205
0.0,5,34.158406
0.0,1,34.158496
0.0,7,34.158752
0.0,5,34.158965
1.0,10,34.159305
0.0,1,34.159395
0.0,1,34.159484
1.0,6,34.159713
0.0,8,34.160015
0.0,1,34.160106
0.0,1,34.160195
0.0,4,34.160369
0.0,1,34.160458
0.0,1,34.160547
0.0,1,34.160637
0.0,1,34.160726
0.0,1,34.160824
0.0,10,34.161169
0.0,3,34.161316
0.0,2,34.161434
0.0,4,34.161607
0.0,24,34.162353
0.0,4,34.162529
0.0,3,34.162675
0.0,7,34.162945
0.0,4,34.163121
0.0,1,34.163211
1.0,17,34.163745
0.0,1,34.163846
0.0,2,34.163965
0.0,1,34.164054
0.0,3,34.1642
0.0,1,34.164289
0.0,29,34.165167
0.0,1,34.165258
0.0,1,34.165347
0.0,6,34.165575
0.0,2,34.165694
0.0,1,34.165797
0.0,4,34.165972
0.0,10,34.166312
0.0,4,34.166486
0.0,2,34.166603
0.0,6,34.166843
0.0,1,34.166934
0.0,4,34.167107
0.0,2,34.167225
0.0,4,34.1674
0.0,1,34.167489
0.0,3,34.167634
0.0,1,34.167724
0.0,1,34.167825
0.0,1,34.167917
0.0,3,34.168064
0.0,22,34.168735
0.0,11,34.169113
0.0,1,34.169205
0.0,3,34.169353
0.0,2,34.169471
0.0,1,34.169561
0.0,3,34.169707
0.0,7,34.169983
0.0,1,34.170075
0.0,1,34.170164
0.0,2,34.170282
0.0,1,34.170371
0.0,7,34.170629
0.0,2,34.170748
1.0,11,34.171128
0.0,3,34.171276
0.0,3,34.171423
0.0,2,34.171542
0.0,4,34.171716
0.0,1,34.17182
0.0,1,34.171911
0.0,1,34.172
0.0,5,34.172203
0.0,6,34.172434
1.0,12,34.172842
0.0,4,34.17302
1.0,13,34.173444
0.0,10,34.173814
0.0,4,34.173992
0.0,1,34.174082
0.0,1,34.174172
0.0,1,34.174261
0.0,4,34.174436
0.0,13,34.174876
0.0,2,34.174997
0.0,7,34.175256
0.0,4,34.17543
0.0,11,34.175814
0.0,1,34.175906
0.0,2,34.176025
0.0,8,34.17631
0.0,9,34.176625
0.0,1,34.176715
0.0,1,34.176815
0.0,1,34.176906
0.0,1,34.176996
0.0,2,34.177114
0.0,4,34.177289
0.0,7,34.177547
0.0,1,34.177637
0.0,1,34.177726
0.0,6,34.177968
0.0,1,34.178059
0.0,1,34.178149
0.0,3,34.178294
1.0,8,34.178581
0.0,1,34.178673
0.0,1,34.178772
0.0,6,34.179006
0.0,3,34.179154
0.0,11,34.179521
0.0,3,34.179667
0.0,7,34.179943
0.0,1,34.180035
0.0,1,34.180125
0.0,1,34.180214
0.0,8,34.1805
0.0,2,34.180618
0.0,8,34.180918
0.0,3,34.181068
0.0,2,34.181187
0.0,1,34.181276
0.0,5,34.181478
0.0,1,34.181568
0.0,5,34.181781
0.0,1,34.181874
0.0,7,34.182132
0.0,1,34.182223
0.0,8,34.182509
0.0,3,34.182657
0.0,4,34.182843
0.0,15,34.183327
1.0,6,34.183557
0.0,5,34.183759
0.0,3,34.18392
0.0,8,34.18421
0.0,1,34.1843
1.0,11,34.184671
0.0,1,34.184762
0.0,4,34.18495
0.0,2,34.185069
0.0,5,34.185273
0.0,2,34.185391
0.0,3,34.185537
0.0,5,34.18574
0.0,15,34.186232
0.0,18,34.186808
0.0,11,34.187182
0.0,3,34.187329
0.0,2,34.187447
0.0,5,34.187649
0.0,2,34.18778
0.0,1,34.187872
0.0,9,34.188188
0.0,8,34.188474
0.0,2,34.188594
0.0,5,34.188808
0.0,1,34.1889
1.0,16,34.189408
0.0,20,34.190046
0.0,1,34.190139
1.0,12,34.190537
0.0,5,34.190741
0.0,1,34.19084
0.0,1,34.19093
0.0,1,34.19102
0.0,4,34.191194
0.0,7,34.191452
0.0,1,34.191542
1.0,23,34.192261
0.0,4,34.192438
0.0,6,34.19267
0.0,4,34.192858
0.0,10,34.193201
0.0,17,34.193738
0.0,10,34.194091
0.0,3,34.194239
0.0,4,34.194415
0.0,5,34.194617
0.0,1,34.194706
0.0,2,34.194836
0.0,1,34.194927
0.0,3,34.195074
0.0,1,34.195163
0.0,5,34.195366
0.0,1,34.195456
0.0,3,34.195602
0.0,7,34.195876
0.0,1,34.195968
0.0,6,34.196199
0.0,6,34.196429
0.0,5,34.196631
0.0,1,34.196721
0.0,1,34.196821
0.0,1,34.196912
0.0,1,34.197001
0.0,11,34.197369
0.0,5,34.197572
0.0,3,34.197722
1.0,8,34.19802
0.0,15,34.198502
0.0,1,34.198592
0.0,1,34.198682
1.0,13,34.199122
0.0,11,34.199493
0.0,1,34.199584
0.0,3,34.199731
0.0,5,34.199949
0.0,1,34.200041
0.0,2,34.20016
0.0,1,34.200249
0.0,1,34.200339
0.0,3,34.200485
0.0,13,34.200926
0.0,16,34.201434
0.0,1,34.201524
0.0,1,34.201614
0.0,2,34.201732
0.0,1,34.201833
0.0,2,34.201953
0.0,2,34.202071
0.0,5,34.202273
0.0,14,34.202724
0.0,5,34.202937
0.0,2,34.203058
0.0,1,34.203148
0.0,2,34.203266
0.0,1,34.203356
1.0,13,34.203802
0.0,1,34.203895
0.0,4,34.20407
0.0,3,34.204217
0.0,2,34.204335
0.0,1,34.204425
0.0,1,34.204515
0.0,4,34.20469
1.0,17,34.205235
0.0,5,34.205441
0.0,1,34.20553
0.0,2,34.205649
0.0,16,34.206172
0.0,2,34.206293
0.0,1,34.206383
0.0,1,34.206473
0.0,1,34.206563
0.0,3,34.20671
0.0,1,34.20681
0.0,6,34.207042
0.0,1,34.207133
1.0,7,34.207391
0.0,1,34.207481
0.0,1,34.207571
0.0,7,34.207843
0.0,7,34.208104
0.0,2,34.208223
0.0,7,34.208481
0.0,8,34.208776
0.0,5,34.208982
0.0,3,34.209128
0.0,1,34.209218
0.0,3,34.209363
0.0,5,34.209565
0.0,1,34.209655
0.0,1,34.209745
0.0,1,34.20985
0.0,1,34.20994
0.0,11,34.210308
0.0,2,34.210427
0.0,10,34.210776
0.0,2,34.210898
0.0,2,34.211017
0.0,13,34.211441
0.0,2,34.21156
0.0,1,34.211649
1.0,15,34.212143
0.0,8,34.212431
0.0,4,34.212605
0.0,8,34.212906
0.0,3,34.213054
0.0,5,34.213257
0.0,3,34.213403
0.0,3,34.213549
0.0,1,34.213639
0.0,12,34.214051
1.0,10,34.214396
0.0,5,34.2146
0.0,1,34.214689
0.0,14,34.215152
0.0,3,34.215301
0.0,3,34.215448
0.0,4,34.215621
0.0,1,34.215712
0.0,1,34.215815
0.0,6,34.216048
0.0,1,34.216138
0.0,1,34.216228
0.0,7,34.216484
0.0,1,34.216574
0.0,5,34.216786
0.0,1,34.216878
1.0,14,34.217329
0.0,1,34.217422
0.0,1,34.217511
0.0,1,34.2176
0.0,4,34.217785
0.0,11,34.218156
0.0,5,34.218358
0.0,2,34.218476
0.0,8,34.21876
0.0,4,34.218946
0.0,1,34.219035
0.0,1,34.219125
0.0,1,34.219214
0.0,4,34.219388
0.0,1,34.219477
0.0,5,34.219679
0.0,6,34.219926
0.0,4,34.220121
1.0,9,34.220435
0.0,8,34.220722
0.0,2,34.220852
0.0,8,34.22114
0.0,14,34.221598
0.0,17,34.222152
0.0,5,34.22236
0.0,1,34.222452
0.0,3,34.2226
0.0,7,34.222875
0.0,11,34.223247
0.0,1,34.223338
0.0,1,34.223428
0.0,3,34.223577
0.0,4,34.223753
0.0,1,34.223854
0.0,4,34.224031
1.0,12,34.224432
0.0,1,34.224525
0.0,5,34.22473
0.0,1,34.224829
0.0,1,34.224921
0.0,4,34.225097
0.0,31,34.226048
0.0,3,34.226198
0.0,4,34.226375
0.0,3,34.226524
0.0,4,34.226701
1.0,18,34.227281
0.0,2,34.227404
0.0,1,34.227494
0.0,2,34.227614
0.0,3,34.227771
0.0,10,34.228122
0.0,1,34.228213
0.0,19,34.22882
0.0,3,34.22897
0.0,7,34.229233
0.0,20,34.229879
0.0,1,34.229973
0.0,1,34.230064
1.0,11,34.230438
0.0,3,34.230587
0.0,3,34.230736
0.0,7,34.231004
0.0,1,34.231096
0.0,1,34.231187
0.0,1,34.231277
0.0,7,34.231538
0.0,7,34.231811
0.0,1,34.231904
0.0,3,34.232052
0.0,3,34.2322
0.0,7,34.232462
0.0,1,34.232556
0.0,9,34.232888
0.0,1,34.232981
0.0,5,34.233186
0.0,1,34.233277
0.0,5,34.233483
0.0,9,34.233813
0.0,3,34.233963
0.0,5,34.234169
0.0,1,34.23426
0.0,4,34.234435
0.0,8,34.234726
0.0,4,34.234913
0.0,1,34.235006
0.0,9,34.235323
0.0,1,34.235414
0.0,4,34.235591
0.0,1,34.235682
0.0,1,34.235784
0.0,5,34.235991
0.0,7,34.236252
0.0,1,34.236342
0.0,2,34.236461
0.0,1,34.236552
0.0,1,34.236641
0.0,6,34.236886
1.0,23,34.237599
0.0,5,34.237816
0.0,1,34.237908
0.0,1,34.237999
0.0,1,34.238091
1.0,12,34.238495
0.0,4,34.23873
0.0,27,34.239583
0.0,1,34.239676
0.0,1,34.23978
0.0,4,34.23996
0.0,3,34.240108
0.0,6,34.24034
0.0,3,34.240488
0.0,14,34.240955
0.0,6,34.241189
0.0,5,34.241393
0.0,3,34.24154
0.0,6,34.241782
0.0,4,34.241964
0.0,12,34.242366
0.0,3,34.242515
0.0,7,34.242787
1.0,7,34.243051
0.0,4,34.243228
0.0,3,34.243376
0.0,1,34.243466
0.0,7,34.243728
0.0,1,34.243826
0.0,2,34.243947
0.0,1,34.244036
0.0,4,34.244213
0.0,4,34.244389
0.0,1,34.244479
0.0,1,34.244569
0.0,3,34.244716
0.0,1,34.244816
0.0,13,34.245247
0.0,10,34.245592
1.0,23,34.246317
0.0,1,34.24641
0.0,1,34.2465
0.0,2,34.246619
0.0,17,34.247175
0.0,4,34.247353
0.0,1,34.247444
0.0,1,34.247534
0.0,6,34.247777
0.0,1,34.24787
0.0,3,34.248018
0.0,1,34.248108
0.0,1,34.248198
0.0,4,34.248373
0.0,9,34.248691
0.0,5,34.248907
0.0,1,34.248999
0.0,5,34.249203
0.0,1,34.249294
0.0,12,34.249695
0.0,9,34.250031
0.0,5,34.250237
0.0,13,34.250669
0.0,17,34.251225
0.0,3,34.251375
0.0,2,34.251495
0.0,7,34.251757
0.0,1,34.251858
0.0,2,34.251978
0.0,11,34.252351
0.0,6,34.252584
0.0,1,34.252674
0.0,4,34.252862
0.0,7,34.253123
0.0,8,34.253413
0.0,19,34.254028
0.0,6,34.254263
0.0,8,34.254551
0.0,1,34.254642
0.0,1,34.254732
0.0,1,34.25483
0.0,1,34.254921
0.0,4,34.255097
0.0,1,34.255187
0.0,2,34.255307
1.0,7,34.255568
0.0,1,34.255658
0.0,1,34.255749
0.0,1,34.255849
0.0,2,34.255968
0.0,4,34.256143
0.0,7,34.256402
0.0,1,34.256493
0.0,2,34.256613
1.0,7,34.256888
0.0,4,34.257066
1.0,13,34.257498
0.0,3,34.257647
0.0,1,34.257736
0.0,5,34.257948
0.0,36,34.259041
0.0,17,34.259583
0.0,6,34.25984
0.0,2,34.259962
0.0,4,34.260139
0.0,5,34.260343
0.0,12,34.260743
0.0,5,34.260955
0.0,1,34.261046
0.0,8,34.261333
0.0,11,34.261706
1.0,6,34.26195
0.0,6,34.262186
0.0,4,34.262362
0.0,1,34.262453
0.0,2,34.262572
0.0,9,34.262904
0.0,8,34.263195
0.0,1,34.263285
0.0,12,34.263685
1.0,25,34.264468
0.0,1,34.264561
0.0,7,34.264834
0.0,3,34.264983
0.0,1,34.265073
0.0,1,34.265163
0.0,3,34.265311
0.0,9,34.265627
0.0,1,34.265718
0.0,4,34.265904
0.0,8,34.266194
0.0,1,34.266285
0.0,1,34.266375
0.0,1,34.266465
0.0,16,34.26699
0.0,4,34.267168
0.0,2,34.267288
0.0,11,34.267662
0.0,1,34.267753
0.0,21,34.268419
0.0,1,34.26851
0.0,5,34.268713
0.0,1,34.268815
0.0,3,34.268965
0.0,11,34.26934
0.0,1,34.26943
1.0,22,34.270133
0.0,8,34.270424
0.0,7,34.270685
0.0,3,34.270844
0.0,5,34.271054
0.0,1,34.271144
0.0,21,34.271811
0.0,1,34.271903
0.0,2,34.272023
0.0,6,34.272255
0.0,2,34.272375
0.0,3,34.272522
0.0,5,34.272726
0.0,1,34.272826
0.0,1,34.272917
0.0,1,34.273019
0.0,7,34.273281
0.0,4,34.273457
0.0,1,34.273547
0.0,6,34.27379
0.0,1,34.273881
0.0,1,34.273971
0.0,1,34.27406
0.0,4,34.274236
0.0,1,34.274325
0.0,3,34.274472
0.0,2,34.274591
0.0,11,34.274977
0.0,4,34.275156
0.0,1,34.275246
0.0,2,34.275365
0.0,1,34.275455
1.0,15,34.275953
0.0,4,34.276131
0.0,3,34.27628
0.0,1,34.276369
0.0,1,34.276459
1.0,12,34.276872
0.0,5,34.277079
0.0,8,34.277367
0.0,3,34.277516
0.0,1,34.277606
0.0,5,34.277824
0.0,1,34.277916
0.0,17,34.278458
0.0,7,34.278718
1.0,9,34.279046
0.0,5,34.279251
0.0,4,34.279428
0.0,1,34.279519
0.0,1,34.279608
0.0,9,34.279943
0.0,5,34.280151
0.0,18,34.28072
0.0,1,34.280822
0.0,1,34.280913
0.0,1,34.281003
0.0,1,34.281092
0.0,3,34.28124
0.0,1,34.281329
0.0,3,34.281477
0.0,5,34.28168
0.0,2,34.281811
0.0,3,34.28196
0.0,4,34.282136
0.0,1,34.282226
1.0,13,34.282654
1.0,17,34.283203
0.0,13,34.283637
0.0,1,34.283728
0.0,1,34.283828
0.0,3,34.283976
0.0,2,34.284096
0.0,3,34.284243
0.0,1,34.284333
0.0,2,34.284451
0.0,1,34.284542
0.0,4,34.284716
0.0,1,34.284816
0.0,1,34.284906
0.0,4,34.285083
0.0,4,34.285257
0.0,1,34.285347
0.0,12,34.285747
0.0,1,34.285847
0.0,4,34.286023
1.0,7,34.286284
0.0,1,34.286374
0.0,7,34.286634
0.0,3,34.286793
0.0,3,34.286943
0.0,8,34.287231
0.0,13,34.287662
0.0,1,34.287751
0.0,1,34.287853
0.0,9,34.28817
1.0,30,34.28909
0.0,7,34.289353
0.0,4,34.289531
0.0,9,34.289871
0.0,5,34.290078
0.0,4,34.290253
0.0,9,34.290571
0.0,5,34.290785
0.0,5,34.290992
0.0,8,34.291282
1.0,10,34.291628
0.0,6,34.291873
0.0,1,34.291965
0.0,2,34.292083
0.0,2,34.292202
1.0,12,34.292603
1.0,11,34.292992
0.0,1,34.293086
0.0,1,34.293176
0.0,2,34.293296
0.0,1,34.293387
0.0,6,34.29362
0.0,7,34.293894
0.0,6,34.294129
0.0,3,34.294278
0.0,4,34.294453
0.0,17,34.29501
0.0,6,34.295245
0.0,1,34.295337
0.0,21,34.296003
0.0,3,34.296154
0.0,6,34.296388
1.0,9,34.296706
0.0,6,34.29695
0.0,1,34.297043
0.0,8,34.297332
0.0,2,34.297452
0.0,2,34.297572
0.0,2,34.297692
1.0,8,34.297991
0.0,2,34.298114
0.0,3,34.298262
0.0,7,34.298523
0.0,4,34.2987
1.0,21,34.299366
1.0,16,34.2999
0.0,1,34.299995
0.0,1,34.300086
0.0,4,34.300263
0.0,3,34.300411
0.0,3,34.30056
0.0,2,34.300679
0.0,1,34.300779
0.0,1,34.300871
0.0,4,34.301048
0.0,1,34.301142
0.0,1,34.301232
1.0,6,34.301464
0.0,3,34.301613
0.0,7,34.301888
0.0,3,34.302038
0.0,3,34.302187
1.0,9,34.302506
0.0,1,34.302598
0.0,2,34.302718
0.0,1,34.302818
0.0,1,34.302911
0.0,17,34.303449
0.0,3,34.3036
0.0,21,34.304264
0.0,1,34.304358
0.0,1,34.304449
0.0,17,34.305005
0.0,2,34.305128
0.0,1,34.305218
0.0,7,34.30548
0.0,43,34.306775
0.0,1,34.306869
0.0,7,34.307132
0.0,1,34.307223
0.0,2,34.307343
0.0,19,34.307952
0.0,4,34.308132
0.0,7,34.308392
0.0,3,34.308542
1.0,22,34.309234
0.0,2,34.309357
0.0,2,34.309477
0.0,1,34.309568
1.0,23,34.310294
0.0,3,34.310447
0.0,3,34.310595
0.0,1,34.310686
0.0,1,34.310787
0.0,6,34.311024
0.0,1,34.311115
0.0,8,34.311404
0.0,3,34.311552
0.0,1,34.311642
1.0,19,34.312252
0.0,1,34.312345
0.0,3,34.312493
0.0,1,34.312584
0.0,1,34.312674
0.0,1,34.312772
0.0,1,34.312866
0.0,3,34.313014
0.0,3,34.313163
0.0,3,34.313312
0.0,8,34.313601
1.0,10,34.313962
0.0,3,34.314112
0.0,1,34.314203
0.0,4,34.314379
0.0,9,34.314697
0.0,6,34.314941
0.0,1,34.315034
1.0,15,34.315522
0.0,10,34.31588
0.0,21,34.316536
0.0,3,34.316685
0.0,7,34.316959
0.0,1,34.317052
0.0,6,34.317285
0.0,2,34.317406
0.0,1,34.317497
0.0,1,34.317587
0.0,12,34.318
0.0,14,34.31846
0.0,1,34.318552
0.0,3,34.3187
0.0,3,34.318858
0.0,1,34.31895
0.0,7,34.31921
0.0,14,34.319671
0.0,3,34.319841
0.0,4,34.320019
0.0,6,34.320252
0.0,1,34.320343
0.0,2,34.320463
0.0,1,34.320553
0.0,2,34.320673
0.0,1,34.320771
0.0,2,34.320895
0.0,9,34.321216
0.0,3,34.321365
0.0,1,34.321456
0.0,1,34.321547
0.0,1,34.321637
0.0,1,34.321727
0.0,3,34.321884
0.0,2,34.322006
0.0,1,34.322097
0.0,1,34.322188
0.0,4,34.322365
0.0,11,34.322736
0.0,1,34.322837
0.0,2,34.322958
0.0,4,34.323135
0.0,6,34.323383
0.0,2,34.323504
0.0,4,34.32368
0.0,4,34.323869
1.0,20,34.324499
0.0,1,34.324591
0.0,3,34.32474
0.0,6,34.324982
0.0,4,34.32516
0.0,6,34.325394
0.0,3,34.325542
0.0,1,34.325633
0.0,13,34.326075
0.0,14,34.326536
0.0,1,34.326627
1.0,6,34.326874
0.0,1,34.326966
0.0,1,34.327057
0.0,1,34.327147
0.0,5,34.327352
0.0,1,34.327443
1.0,17,34.327997
0.0,3,34.328148
0.0,6,34.328382
0.0,1,34.328472
0.0,1,34.328563
0.0,2,34.328682
0.0,1,34.328785
0.0,1,34.328878
0.0,4,34.329055
1.0,14,34.329514
0.0,5,34.32972
0.0,8,34.330024
0.0,1,34.330117
0.0,14,34.330574
0.0,1,34.330665
0.0,2,34.330796
0.0,1,34.330888
0.0,3,34.331037
0.0,15,34.331526
0.0,1,34.331617
1.0,12,34.332034
1.0,20,34.332664
0.0,2,34.332796
0.0,1,34.332888
0.0,1,34.332979
0.0,5,34.333184
0.0,2,34.333304
0.0,7,34.333564
1.0,7,34.333839
0.0,7,34.334101
0.0,1,34.334193
0.0,2,34.334313
0.0,3,34.334461
0.0,2,34.334581
1.0,28,34.335447
0.0,1,34.335541
0.0,3,34.33569
0.0,2,34.335821
0.0,2,34.335942
0.0,15,34.336426
0.0,4,34.336607
0.0,5,34.336824
0.0,3,34.336975
0.0,4,34.337152
0.0,3,34.3373
0.0,3,34.337447
0.0,1,34.337539
0.0,1,34.337629
0.0,8,34.337933
0.0,2,34.338056
0.0,3,34.338204
0.0,1,34.338294
0.0,3,34.338443
0.0,1,34.338533
0.0,2,34.338709
0.0,3,34.338868
0.0,3,34.339017
0.0,1,34.339107
0.0,3,34.339254
0.0,1,34.339343
0.0,2,34.339463
1.0,12,34.33988
0.0,1,34.339973
0.0,1,34.340064
0.0,8,34.340354
0.0,4,34.34053
0.0,5,34.340735
0.0,5,34.340948
0.0,1,34.34104
0.0,1,34.34113
0.0,15,34.341614
0.0,7,34.341885
0.0,7,34.342148
0.0,5,34.342352
0.0,3,34.342499
0.0,1,34.342589
0.0,2,34.342708
0.0,3,34.342865
0.0,4,34.343042
0.0,8,34.34333
0.0,4,34.343505
0.0,1,34.343595
0.0,1,34.343684
0.0,6,34.343929
0.0,7,34.344193
0.0,1,34.344283
0.0,4,34.344458
0.0,2,34.344577
0.0,1,34.344667
1.0,10,34.345022
0.0,1,34.345114
0.0,1,34.345205
0.0,2,34.345324
0.0,8,34.345611
0.0,2,34.34573
0.0,4,34.345914
0.0,2,34.346035
0.0,1,34.346125
0.0,9,34.346441
0.0,8,34.346729
0.0,12,34.347141
0.0,3,34.347291
0.0,23,34.348015
0.0,5,34.348221
0.0,1,34.348312
0.0,8,34.348599
0.0,3,34.348747
0.0,1,34.348846
0.0,1,34.348936
1.0,11,34.349307
1.0,14,34.349782
0.0,2,34.349906
0.0,2,34.350026
0.0,1,34.350115
0.0,2,34.350235
0.0,1,34.350325
0.0,9,34.35064
0.0,2,34.350759
0.0,1,34.35086
0.0,1,34.35095
0.0,2,34.351068
0.0,5,34.351271
0.0,2,34.35139
0.0,4,34.351565
0.0,1,34.351655
0.0,4,34.351841
0.0,1,34.351933
0.0,7,34.352193
0.0,1,34.352283
0.0,5,34.352487
0.0,7,34.352747
0.0,7,34.353018
1.0,14,34.353475
0.0,1,34.353565
0.0,5,34.353779
0.0,2,34.3539
0.0,3,34.354048
0.0,4,34.354225
0.0,2,34.354345
0.0,7,34.354603
0.0,1,34.354693
0.0,1,34.354793
0.0,1,34.354884
0.0,1,34.354973
0.0,5,34.355177
0.0,7,34.355438
0.0,1,34.355529
0.0,6,34.355761
0.0,5,34.355977
0.0,4,34.356153
0.0,1,34.356243
0.0,3,34.356391
0.0,5,34.356595
0.0,1,34.356685
1.0,19,34.357296
0.0,1,34.357388
0.0,1,34.357478
0.0,1,34.357568
0.0,1,34.357657
0.0,7,34.35793
0.0,1,34.358023
0.0,1,34.358113
0.0,13,34.358542
0.0,3,34.358691
0.0,1,34.358794
0.0,2,34.358915
0.0,5,34.359122
0.0,7,34.359382
0.0,1,34.359473
0.0,3,34.35962
0.0,6,34.359869
1.0,11,34.360244
0.0,4,34.36042
0.0,4,34.360596
0.0,3,34.360744
0.0,12,34.361152
0.0,1,34.361242
0.0,3,34.361389
0.0,1,34.361479
0.0,6,34.361712
0.0,3,34.361872
0.0,1,34.361964
0.0,7,34.362225
0.0,3,34.362372
0.0,1,34.362462
0.0,5,34.362665
0.0,1,34.362755
0.0,1,34.362856
0.0,1,34.362946
0.0,4,34.363121
0.0,1,34.363211
0.0,8,34.363499
0.0,2,34.363619
0.0,3,34.363775
0.0,1,34.363868
0.0,1,34.363957
0.0,8,34.364247
0.0,1,34.364338
0.0,1,34.364427
0.0,1,34.364516
0.0,21,34.365185
0.0,3,34.365335
0.0,5,34.36554
0.0,6,34.365781
0.0,2,34.365903
0.0,1,34.365993
0.0,6,34.366226
0.0,4,34.366401
0.0,2,34.366521
0.0,3,34.366668
0.0,15,34.367167
0.0,1,34.367259
0.0,13,34.367689
0.0,9,34.368018
0.0,1,34.368111
0.0,1,34.368201
0.0,4,34.368376
0.0,9,34.368692
0.0,3,34.36885
0.0,2,34.368971
0.0,8,34.369273
0.0,18,34.369861
0.0,17,34.370407
0.0,4,34.370582
0.0,4,34.370759
0.0,5,34.370976
1.0,20,34.371605
0.0,1,34.371695
0.0,1,34.371796
0.0,1,34.371887
1.0,9,34.372205
0.0,4,34.372382
0.0,1,34.372472
0.0,1,34.372562
1.0,8,34.372863
1.0,11,34.373235
0.0,1,34.373327
0.0,6,34.373558
0.0,1,34.373649
0.0,4,34.37384
0.0,4,34.374019
0.0,2,34.374137
0.0,6,34.374369
0.0,1,34.374459
0.0,5,34.374662
0.0,1,34.374752
0.0,4,34.374939
0.0,10,34.375282
0.0,1,34.375373
0.0,1,34.375462
0.0,1,34.375551
0.0,19,34.37616
0.0,2,34.376283
0.0,1,34.376373
0.0,1,34.376462
0.0,5,34.376665
0.0,1,34.376756
0.0,1,34.376858
0.0,7,34.377119
0.0,7,34.377379
1.0,9,34.377696
0.0,1,34.377797
0.0,7,34.378058
0.0,1,34.378148
0.0,4,34.378323
0.0,1,34.378412
0.0,3,34.378558
1.0,17,34.37911
1.0,32,34.380099
0.0,12,34.380505
0.0,8,34.380805
0.0,1,34.380896
0.0,3,34.381044
0.0,5,34.381248
0.0,1,34.381338
0.0,1,34.381428
0.0,1,34.381517
0.0,3,34.381663
0.0,5,34.381879
0.0,1,34.38197
1.0,9,34.382287
0.0,2,34.382406
0.0,5,34.382609
0.0,1,34.382699
0.0,1,34.382801
0.0,2,34.382921
0.0,4,34.383096
0.0,10,34.38344
0.0,3,34.383588
0.0,1,34.383678
0.0,28,34.384545
0.0,3,34.384694
0.0,1,34.384794
0.0,1,34.384885
1.0,9,34.385203
0.0,7,34.385463
0.0,4,34.385639
0.0,3,34.385799
0.0,8,34.386089
0.0,1,34.386179
0.0,1,34.386269
0.0,14,34.386724
0.0,13,34.387164
0.0,1,34.387256
0.0,2,34.387375
0.0,5,34.387579
0.0,4,34.387755
0.0,4,34.38794
0.0,1,34.38803
0.0,2,34.388149
0.0,4,34.388326
0.0,1,34.388415
0.0,9,34.38873
0.0,1,34.388834
0.0,1,34.388925
0.0,1,34.389015
1.0,13,34.389445
0.0,1,34.389536
0.0,3,34.389683
0.0,4,34.389876
0.0,1,34.389969
0.0,18,34.390537
0.0,11,34.390922
0.0,1,34.391014
0.0,6,34.391247
0.0,8,34.391534
0.0,3,34.391682
1.0,10,34.392039
0.0,5,34.392247
0.0,5,34.392451
0.0,2,34.39257
0.0,1,34.39266
0.0,1,34.392749
0.0,3,34.392906
0.0,5,34.393112
0.0,3,34.393259
0.0,1,34.393349
0.0,10,34.393694
0.0,3,34.393854
0.0,1,34.393946
0.0,5,34.39415
0.0,1,34.394239
0.0,3,34.394386
0.0,3,34.394534
0.0,1,34.394624
0.0,5,34.394841
0.0,1,34.394933
0.0,1,34.395023
0.0,3,34.39517
0.0,5,34.395374
0.0,1,34.395463
0.0,1,34.395553
0.0,4,34.395729
0.0,10,34.39608
0.0,15,34.396564
0.0,3,34.396712
1.0,8,34.39701
0.0,1,34.397102
0.0,1,34.397193
0.0,3,34.397339
0.0,2,34.397458
0.0,1,34.397548
0.0,1,34.397637
0.0,1,34.397727
0.0,1,34.397829
0.0,1,34.397921
0.0,2,34.398039
0.0,11,34.398411
1.0,20,34.399051
0.0,8,34.399341
0.0,4,34.399519
0.0,12,34.399936
0.0,19,34.400538
0.0,1,34.40063
0.0,17,34.401189
0.0,11,34.401563
0.0,13,34.402006
0.0,6,34.402241
0.0,1,34.402333
0.0,10,34.402675
0.0,1,34.402776
0.0,3,34.402926
0.0,2,34.403046
0.0,19,34.403641
0.0,1,34.403732
0.0,9,34.404067
0.0,10,34.404416
0.0,5,34.40462
0.0,4,34.404808
0.0,12,34.405209
0.0,7,34.405469
0.0,1,34.405559
0.0,1,34.40565
0.0,3,34.405809
0.0,1,34.405902
0.0,13,34.40633
0.0,1,34.406421
0.0,12,34.406833
0.0,5,34.407041
0.0,1,34.407132
1.0,8,34.407421
0.0,1,34.407511
0.0,4,34.407687
0.0,6,34.407931
0.0,3,34.408082
0.0,1,34.408174
0.0,1,34.408265
0.0,1,34.408355
0.0,1,34.408445
0.0,1,34.408536
0.0,8,34.408837
0.0,1,34.408929
0.0,10,34.409276
0.0,2,34.409396
0.0,13,34.409844
0.0,9,34.410164
0.0,1,34.410255
0.0,2,34.410375
0.0,13,34.410818
0.0,3,34.410968
0.0,1,34.411058
0.0,4,34.411234
0.0,1,34.411325
0.0,10,34.411668
0.0,1,34.411759
0.0,9,34.412086
0.0,8,34.412376
0.0,12,34.412786
0.0,5,34.412993
0.0,3,34.413142
0.0,5,34.413346
0.0,2,34.413465
0.0,1,34.413555
0.0,6,34.413798
1.0,18,34.414371
0.0,10,34.414717
0.0,1,34.414819
0.0,1,34.414911
0.0,2,34.415031
0.0,3,34.415178
0.0,1,34.415269
0.0,3,34.415417
0.0,5,34.415622
0.0,4,34.415811
0.0,5,34.416019
0.0,5,34.416225
0.0,4,34.416401
0.0,4,34.416577
0.0,9,34.416906
0.0,8,34.417197
1.0,8,34.417488
0.0,1,34.417579
0.0,2,34.417699
0.0,1,34.4178
0.0,1,34.417892
0.0,1,34.417983
0.0,5,34.418187
1.0,35,34.41925
0.0,11,34.419629
0.0,1,34.419721
0.0,1,34.419838
0.0,11,34.420214
1.0,15,34.420702
0.0,3,34.420863
0.0,5,34.421069
0.0,1,34.42116
0.0,1,34.421251
0.0,1,34.421342
0.0,1,34.421433
0.0,1,34.421523
0.0,1,34.421613
0.0,1,34.421703
0.0,21,34.42237
1.0,10,34.422717
0.0,3,34.422876
0.0,15,34.423362
0.0,3,34.423511
0.0,1,34.423602
0.0,9,34.42393
0.0,1,34.424023
0.0,1,34.424113
0.0,1,34.424204
0.0,16,34.42472
0.0,12,34.425132
0.0,1,34.425224
1.0,15,34.425708
0.0,2,34.42584
0.0,3,34.425989
0.0,12,34.426391
0.0,8,34.42668
0.0,1,34.42678
0.0,13,34.427211
0.0,17,34.427753
0.0,8,34.428055
0.0,1,34.428146
0.0,9,34.428462
0.0,5,34.428668
0.0,3,34.428828
0.0,6,34.429064
0.0,8,34.429354
0.0,49,34.430826
0.0,13,34.431258
0.0,17,34.431816
0.0,5,34.432022
0.0,1,34.432113
0.0,2,34.432232
0.0,1,34.432323
0.0,4,34.432498
0.0,3,34.432647
0.0,1,34.432737
0.0,3,34.432894
0.0,1,34.432985
0.0,2,34.433105
0.0,3,34.433253
0.0,4,34.433429
0.0,1,34.433519
0.0,19,34.434133
0.0,4,34.434313
0.0,1,34.434404
0.0,1,34.434494
0.0,4,34.43467
0.0,8,34.434972
0.0,1,34.435064
0.0,6,34.435297
0.0,5,34.435503
0.0,1,34.435593
0.0,2,34.435714
0.0,13,34.436152
0.0,3,34.436302
1.0,12,34.436701
0.0,8,34.437001
0.0,1,34.437094
0.0,1,34.437185
0.0,8,34.437472
1.0,25,34.43825
0.0,6,34.438485
0.0,2,34.438605
0.0,3,34.438822
0.0,13,34.439255
0.0,11,34.439627
1.0,9,34.439968
0.0,15,34.440458
0.0,1,34.440549
1.0,22,34.441243
0.0,3,34.441394
0.0,3,34.441542
0.0,6,34.441784
0.0,10,34.442129
0.0,1,34.44222
0.0,1,34.44231
0.0,3,34.442457
0.0,1,34.442547
0.0,4,34.442724
0.0,6,34.442968
0.0,12,34.443371
0.0,3,34.44352
0.0,1,34.44361
0.0,3,34.443758
0.0,8,34.444057
0.0,1,34.444148
0.0,19,34.444745
0.0,7,34.445013
0.0,7,34.445275
0.0,3,34.445422
0.0,6,34.445654
0.0,4,34.445843
1.0,18,34.446415
0.0,8,34.446705
0.0,1,34.446806
0.0,1,34.446898
0.0,3,34.447044
0.0,24,34.447787
0.0,1,34.44788
0.0,5,34.448084
0.0,2,34.448204
0.0,3,34.448351
0.0,2,34.44847
0.0,1,34.44856
0.0,3,34.448707
0.0,2,34.448839
0.0,3,34.44899
0.0,17,34.449532
0.0,6,34.449778
0.0,1,34.449873
0.0,1,34.449963
0.0,1,34.450053
0.0,4,34.45023
0.0,2,34.450349
0.0,8,34.450639
0.0,3,34.450798
0.0,3,34.450947
0.0,3,34.451094
0.0,7,34.451356
0.0,1,34.451446
0.0,5,34.451652
0.0,1,34.451742
0.0,7,34.452015
0.0,1,34.452106
0.0,7,34.452368
0.0,1,34.452458
0.0,5,34.452663
0.0,19,34.453274
0.0,11,34.453652
0.0,1,34.453742
0.0,1,34.453842
1.0,8,34.454131
0.0,1,34.454221
0.0,1,34.454311
0.0,5,34.454516
0.0,1,34.454606
0.0,5,34.454823
0.0,17,34.455368
0.0,1,34.455458
0.0,9,34.455786
1.0,10,34.456135
0.0,1,34.456227
0.0,1,34.456316
0.0,5,34.456519
0.0,6,34.456751
0.0,7,34.457021
0.0,1,34.457112
1.0,19,34.457709
0.0,1,34.457812
0.0,2,34.457934
0.0,4,34.458109
0.0,6,34.458341
0.0,9,34.458658
0.0,7,34.458931
1.0,6,34.459167
1.0,8,34.459456
0.0,1,34.459547
0.0,1,34.459637
0.0,2,34.459756
0.0,8,34.460062
0.0,1,34.460152
0.0,11,34.460524
1.0,14,34.460999
0.0,1,34.461091
0.0,1,34.461181
0.0,2,34.4613
0.0,3,34.461448
0.0,2,34.461567
0.0,9,34.461897
0.0,9,34.462215
0.0,9,34.462534
0.0,4,34.462709
0.0,5,34.462925
0.0,16,34.463438
0.0,18,34.464023
0.0,8,34.464315
0.0,2,34.464435
0.0,10,34.464791
0.0,1,34.464884
0.0,1,34.464974
0.0,2,34.465093
0.0,2,34.465213
0.0,3,34.465361
0.0,4,34.465537
0.0,2,34.465657
0.0,2,34.465786
0.0,2,34.465907
0.0,1,34.465997
0.0,1,34.466087
0.0,1,34.466177
0.0,4,34.466352
0.0,2,34.466471
0.0,9,34.4668
0.0,25,34.467571
0.0,5,34.467788
0.0,1,34.46788
0.0,4,34.468057
0.0,10,34.4684
0.0,3,34.468548
0.0,3,34.468695
0.0,3,34.468854
0.0,1,34.468946
0.0,4,34.469122
0.0,3,34.46927
1.0,17,34.469829
1.0,9,34.470147
0.0,1,34.470238
0.0,2,34.470358
0.0,4,34.470534
0.0,1,34.470624
0.0,4,34.470812
0.0,1,34.470904
0.0,6,34.471138
0.0,1,34.471229
0.0,3,34.471376
0.0,2,34.471496
0.0,1,34.471586
1.0,12,34.471999
0.0,1,34.472091
1.0,10,34.472436
0.0,5,34.47264
0.0,5,34.472858
0.0,1,34.47295
0.0,4,34.473125
0.0,9,34.473444
0.0,3,34.473592
0.0,1,34.473694
0.0,2,34.473826
1.0,6,34.474061
1.0,14,34.474518
0.0,1,34.474609
0.0,5,34.474825
0.0,1,34.474917
0.0,3,34.475064
0.0,6,34.475297
0.0,10,34.475641
0.0,5,34.475858
0.0,7,34.476122
0.0,11,34.476495
0.0,1,34.476584
0.0,8,34.476886
0.0,16,34.477398
0.0,2,34.477518
0.0,16,34.478044
0.0,5,34.478252
0.0,2,34.478371
0.0,1,34.478461
0.0,2,34.47858
0.0,19,34.479194
0.0,5,34.4794
0.0,1,34.479491
0.0,1,34.47958
0.0,6,34.479829
0.0,3,34.479979
0.0,3,34.480127
0.0,5,34.480331
0.0,5,34.480537
0.0,9,34.480867
0.0,19,34.481468
0.0,3,34.481616
0.0,1,34.481706
0.0,13,34.482145
0.0,9,34.482469
1.0,30,34.483387
0.0,5,34.483593
0.0,1,34.483683
0.0,3,34.483843
0.0,3,34.483993
0.0,3,34.484141
0.0,7,34.4844
0.0,1,34.48449
0.0,1,34.48458
0.0,3,34.484728
0.0,3,34.484886
0.0,1,34.484978
0.0,3,34.485126
0.0,1,34.485216
0.0,26,34.486019
0.0,1,34.486112
0.0,2,34.486231
0.0,12,34.486635
0.0,10,34.486993
0.0,3,34.487143
0.0,4,34.487318
0.0,1,34.487409
0.0,1,34.487498
0.0,1,34.487588
0.0,1,34.487677
0.0,3,34.487838
0.0,2,34.487959
0.0,5,34.488165
0.0,2,34.488284
0.0,2,34.488403
0.0,1,34.488492
0.0,1,34.488581
0.0,1,34.48867
0.0,1,34.48876
0.0,4,34.488946
0.0,1,34.489036
0.0,9,34.489351
0.0,5,34.489556
0.0,6,34.489805
0.0,2,34.489927
0.0,6,34.490159
0.0,3,34.490307
0.0,13,34.490736
0.0,4,34.490921
0.0,1,34.491013
0.0,1,34.491102
0.0,5,34.491306
0.0,1,34.491396
0.0,1,34.491486
0.0,1,34.491576
0.0,4,34.491751
0.0,2,34.491882
0.0,10,34.492224
0.0,14,34.492681
0.0,1,34.49278
0.0,8,34.493071
1.0,18,34.49364
0.0,11,34.494028
0.0,2,34.49415
0.0,8,34.494439
0.0,1,34.494529
0.0,1,34.494619
0.0,5,34.494835
0.0,2,34.494957
1.0,10,34.495303
0.0,1,34.495394
0.0,1,34.495484
0.0,10,34.495842
0.0,1,34.495935
0.0,5,34.49614
0.0,23,34.496864
0.0,1,34.496956
0.0,13,34.497384
0.0,9,34.497703
0.0,4,34.497889
0.0,2,34.49801
0.0,5,34.498214
0.0,1,34.498305
0.0,9,34.498621
0.0,6,34.498866
0.0,10,34.499213
0.0,6,34.499445
0.0,5,34.499649
0.0,5,34.499875
0.0,5,34.500081
0.0,1,34.500172
0.0,7,34.500435
0.0,1,34.500525
0.0,5,34.500728
0.0,21,34.501393
0.0,5,34.501599
0.0,2,34.501719
0.0,4,34.501905
0.0,10,34.502251
0.0,1,34.502342
0.0,3,34.50249
0.0,3,34.502638
0.0,1,34.502728
0.0,17,34.503279
0.0,4,34.503458
0.0,1,34.503549
0.0,16,34.504078
0.0,2,34.504199
0.0,5,34.504405
0.0,13,34.504846
0.0,1,34.504938
0.0,3,34.505086
1.0,14,34.505548
0.0,4,34.505725
0.0,2,34.505855
0.0,1,34.505946
0.0,1,34.506037
0.0,4,34.506213
0.0,1,34.506304
0.0,4,34.50648
1.0,15,34.506979
1.0,15,34.507466
0.0,1,34.507557
0.0,6,34.507801
0.0,5,34.508008
0.0,3,34.508156
0.0,1,34.508246
0.0,10,34.508591
0.0,7,34.508866
0.0,7,34.509128
0.0,2,34.509247
0.0,6,34.509479
1.0,25,34.510268
0.0,5,34.510475
0.0,9,34.510805
0.0,8,34.511095
0.0,1,34.511186
0.0,3,34.511334
0.0,1,34.511424
0.0,1,34.511513
0.0,1,34.511604
0.0,1,34.511693
0.0,7,34.511967
0.0,1,34.512059
0.0,1,34.512149
0.0,5,34.512352
0.0,1,34.512442
0.0,9,34.512757
0.0,1,34.512859
0.0,1,34.512949
0.0,1,34.513038
0.0,5,34.513242
0.0,16,34.513754
1.0,11,34.514136
0.0,1,34.514226
0.0,1,34.514316
0.0,1,34.514406
0.0,4,34.514584
0.0,7,34.514858
0.0,1,34.51495
0.0,1,34.51504
0.0,1,34.51513
0.0,1,34.515219
0.0,6,34.515451
0.0,1,34.515541
0.0,4,34.515717
0.0,2,34.515846
0.0,2,34.515966
0.0,4,34.516143
0.0,2,34.516263
0.0,3,34.51641
0.0,1,34.5165
0.0,1,34.516589
0.0,1,34.51668
0.0,1,34.516779
0.0,3,34.516929
0.0,2,34.517049
0.0,6,34.517283
0.0,1,34.517374
0.0,2,34.517494
0.0,4,34.51767
0.0,2,34.517803
0.0,2,34.517925
0.0,17,34.518466
0.0,1,34.518557
1.0,7,34.51883
0.0,1,34.518923
0.0,2,34.519043
0.0,1,34.519134
0.0,2,34.519253
0.0,14,34.519711
0.0,7,34.519989
0.0,3,34.520141
0.0,1,34.520232
0.0,3,34.520381
0.0,3,34.520529
0.0,1,34.520653
0.0,4,34.520843
0.0,4,34.521021
1.0,17,34.521564
0.0,4,34.521741
0.0,7,34.522011
0.0,2,34.522136
0.0,4,34.522313
0.0,11,34.522687
0.0,1,34.522789
0.0,4,34.522968
0.0,1,34.523059
0.0,8,34.52336
0.0,3,34.523508
1.0,16,34.52404
0.0,1,34.524134
0.0,1,34.524225
0.0,2,34.524345
0.0,2,34.524465
0.0,1,34.524556
0.0,4,34.524731
0.0,1,34.524831
0.0,1,34.524923
0.0,2,34.525043
0.0,5,34.525248
1.0,9,34.525566
0.0,8,34.525869
0.0,4,34.526048
0.0,2,34.526168
0.0,4,34.526344
0.0,3,34.526492
0.0,2,34.526611
0.0,8,34.526915
0.0,3,34.527066
0.0,5,34.527271
0.0,1,34.527363
0.0,3,34.527511
0.0,1,34.527602
0.0,4,34.527789
0.0,1,34.527882
0.0,1,34.527972
0.0,1,34.528062
1.0,21,34.528721
0.0,1,34.528822
0.0,10,34.529171
0.0,4,34.529347
0.0,5,34.529553
0.0,7,34.529835
0.0,1,34.529928
0.0,7,34.530189
0.0,6,34.530423
0.0,5,34.530629
0.0,1,34.530719
0.0,1,34.530819
0.0,6,34.531053
0.0,3,34.531201
0.0,2,34.531321
0.0,18,34.531902
0.0,1,34.531996
0.0,1,34.532087
0.0,2,34.532207
0.0,1,34.532297
0.0,1,34.532388
0.0,1,34.532479
0.0,3,34.532627
0.0,7,34.532903
0.0,1,34.532996
0.0,2,34.533116
0.0,2,34.533235
0.0,6,34.533468
0.0,14,34.53394
0.0,6,34.534175
0.0,2,34.534295
0.0,1,34.534386
0.0,1,34.534477
0.0,10,34.534834
0.0,3,34.534985
0.0,4,34.535161
0.0,24,34.535916
0.0,1,34.53601
0.0,1,34.536101
0.0,1,34.536191
0.0,8,34.53648
0.0,4,34.536657
0.0,1,34.536748
0.0,1,34.53685
0.0,1,34.536942
0.0,27,34.537758
0.0,7,34.538033
0.0,6,34.538265
0.0,1,34.538356
0.0,9,34.538672
0.0,1,34.538831
0.0,7,34.539095
0.0,1,34.539186
0.0,1,34.539276
0.0,3,34.539424
0.0,15,34.539927
0.0,2,34.540048
0.0,15,34.540533
0.0,4,34.540708
0.0,1,34.54081
0.0,3,34.54096
0.0,1,34.54105
0.0,8,34.541339
1.0,10,34.541684
0.0,2,34.541815
0.0,1,34.541906
0.0,3,34.542053
0.0,2,34.542172
0.0,5,34.542376
0.0,1,34.542466
0.0,2,34.542585
0.0,7,34.542856
0.0,12,34.543259
1.0,24,34.54401
0.0,1,34.544102
0.0,1,34.544193
0.0,6,34.544425
0.0,16,34.544947
0.0,3,34.545097
0.0,12,34.545497
0.0,6,34.54573
0.0,7,34.545999
0.0,14,34.546459
0.0,1,34.54655
0.0,5,34.546755
0.0,3,34.546915
0.0,1,34.547006
0.0,1,34.547095
0.0,4,34.547271
0.0,3,34.54742
0.0,1,34.54751
0.0,1,34.547599
0.0,10,34.547957
0.0,23,34.548671
0.0,7,34.548942
0.0,1,34.549034
0.0,1,34.549124
0.0,6,34.549354
0.0,2,34.549473
0.0,10,34.549839
0.0,19,34.550441
0.0,1,34.550531
0.0,3,34.550679
0.0,2,34.550809
0.0,2,34.550931
0.0,14,34.551387
0.0,12,34.5518
0.0,1,34.551891
0.0,1,34.55198
0.0,3,34.552128
0.0,4,34.552303
1.0,7,34.552562
0.0,3,34.55271
0.0,1,34.552812
0.0,7,34.553074
0.0,9,34.55339
0.0,1,34.55348
0.0,17,34.554031
0.0,3,34.554182
0.0,1,34.554272
1.0,13,34.554703
0.0,3,34.554862
0.0,5,34.555067
0.0,3,34.555215
0.0,2,34.555333
0.0,7,34.555594
0.0,3,34.555742
0.0,1,34.555841
0.0,1,34.555931
0.0,7,34.55619
0.0,7,34.556449
0.0,7,34.556709
0.0,9,34.557035
0.0,5,34.557239
0.0,1,34.55733
1.0,9,34.557647
0.0,7,34.55792
0.0,12,34.558323
0.0,4,34.558499
0.0,2,34.558618
0.0,21,34.55929
0.0,4,34.559468
0.0,1,34.559559
1.0,11,34.55995
0.0,15,34.560441
0.0,2,34.56056
0.0,10,34.560919
0.0,1,34.561011
0.0,1,34.5611
0.0,2,34.561219
0.0,3,34.561366
0.0,2,34.561486
0.0,4,34.561661
0.0,3,34.561822
0.0,9,34.562138
0.0,2,34.562258
0.0,1,34.562347
0.0,5,34.56255
0.0,3,34.562697
0.0,8,34.562996
0.0,1,34.563087
0.0,4,34.563264
0.0,3,34.563411
0.0,9,34.563727
0.0,6,34.563968
0.0,1,34.564059
0.0,9,34.564377
0.0,1,34.564467
0.0,1,34.564557
0.0,1,34.564646
0.0,1,34.564735
0.0,7,34.565004
0.0,1,34.565096
0.0,2,34.565215
0.0,1,34.565305
0.0,2,34.565424
0.0,1,34.565513
0.0,3,34.565661
0.0,13,34.566101
0.0,2,34.566222
0.0,1,34.566312
0.0,1,34.566402
0.0,2,34.56652
0.0,3,34.566666
0.0,1,34.566756
0.0,5,34.566971
0.0,1,34.56706
0.0,1,34.56715
0.0,6,34.567382
0.0,1,34.567472
0.0,1,34.567561
0.0,5,34.567773
0.0,1,34.567868
0.0,6,34.5681
0.0,1,34.56819
0.0,3,34.568337
0.0,8,34.568627
0.0,1,34.568717
0.0,3,34.568875
0.0,3,34.569024
0.0,6,34.56926
0.0,6,34.569492
0.0,2,34.569611
0.0,1,34.569701
0.0,4,34.569894
0.0,9,34.570212
1.0,13,34.570645
0.0,1,34.570736
0.0,2,34.570866
0.0,2,34.570987
0.0,1,34.571077
0.0,1,34.571181
0.0,3,34.571329
0.0,5,34.571533
1.0,8,34.571837
0.0,1,34.57193
0.0,8,34.572219
0.0,1,34.572309
0.0,7,34.572571
0.0,1,34.57266
0.0,1,34.572751
0.0,1,34.572854
0.0,4,34.573031
0.0,8,34.573318
0.0,3,34.573466
0.0,4,34.57364
0.0,1,34.57373
0.0,1,34.573831
1.0,11,34.574205
0.0,2,34.574325
0.0,1,34.574415
0.0,1,34.574504
0.0,2,34.574623
0.0,4,34.574812
0.0,9,34.575134
0.0,4,34.57531
1.0,8,34.575597
0.0,18,34.576181
0.0,1,34.576273
0.0,6,34.576505
0.0,1,34.576596
0.0,1,34.576685
0.0,2,34.576817
0.0,7,34.577079
0.0,3,34.577227
0.0,7,34.577487
0.0,6,34.577719
0.0,1,34.577818
0.0,2,34.577939
0.0,1,34.578029
0.0,6,34.578261
0.0,7,34.57852
0.0,5,34.578723
0.0,2,34.578851
0.0,10,34.579197
0.0,2,34.579316
0.0,9,34.579634
0.0,2,34.579754
0.0,7,34.580032
0.0,2,34.580153
0.0,3,34.580301
0.0,3,34.580449
0.0,3,34.580597
0.0,21,34.581261
0.0,7,34.581525
0.0,5,34.581728
0.0,4,34.581914
0.0,1,34.582006
0.0,8,34.582294
0.0,4,34.58247
0.0,2,34.58259
0.0,2,34.582709
0.0,8,34.58301
0.0,3,34.583161
0.0,1,34.583252
0.0,12,34.583653
0.0,5,34.583868
0.0,8,34.584158
0.0,4,34.584335
0.0,1,34.584426
0.0,4,34.584602
0.0,1,34.584692
0.0,14,34.585162
0.0,2,34.585284
0.0,1,34.585374
0.0,1,34.585463
0.0,2,34.585582
0.0,7,34.585854
0.0,6,34.586089
0.0,8,34.586378
0.0,1,34.586468
0.0,1,34.586557
1.0,6,34.586801
0.0,5,34.587007
0.0,3,34.587154
0.0,3,34.587301
0.0,23,34.588024
1.0,18,34.588592
0.0,1,34.588683
0.0,1,34.588784
0.0,1,34.588875
0.0,1,34.588965
0.0,1,34.589055
0.0,11,34.589427
0.0,12,34.589845
0.0,1,34.589937
0.0,2,34.590056
0.0,5,34.59026
0.0,15,34.590748
0.0,9,34.591075
0.0,14,34.591533
0.0,1,34.591624
0.0,4,34.591813
0.0,12,34.592214
0.0,11,34.592589
0.0,33,34.59359
0.0,5,34.593808
0.0,3,34.593958
0.0,12,34.59436
0.0,10,34.594704
0.0,3,34.594865
0.0,20,34.595492
0.0,3,34.595641
0.0,1,34.595731
0.0,1,34.59583
0.0,5,34.596036
0.0,1,34.596126
0.0,6,34.596358
0.0,3,34.596506
0.0,2,34.596625
0.0,1,34.596715
1.0,13,34.597153
0.0,1,34.597245
0.0,23,34.597967
0.0,1,34.598059
0.0,5,34.598263
0.0,7,34.598525
0.0,4,34.598701
0.0,1,34.598801
0.0,2,34.598921
0.0,5,34.599126
0.0,3,34.599273
0.0,5,34.599477
0.0,1,34.599566
0.0,6,34.599814
0.0,1,34.599906
0.0,10,34.600255
0.0,3,34.600403
0.0,7,34.600664
0.0,1,34.600754
0.0,1,34.600857
0.0,9,34.601173
0.0,1,34.601263
0.0,1,34.601353
0.0,10,34.601699
0.0,1,34.6018
0.0,1,34.601892
0.0,7,34.602152
1.0,11,34.602527
0.0,2,34.602648
1.0,14,34.603118
0.0,5,34.603324
0.0,11,34.603701
0.0,8,34.604011
0.0,2,34.604133
0.0,4,34.604309
0.0,8,34.604599
0.0,2,34.604718
0.0,3,34.604874
0.0,9,34.605191
0.0,11,34.605565
0.0,4,34.605741
0.0,10,34.606096
0.0,26,34.606902
0.0,12,34.607304
1.0,8,34.607593
0.0,7,34.607867
0.0,1,34.607959
0.0,3,34.608107
0.0,19,34.608702
1.0,29,34.609592
0.0,1,34.609684
0.0,3,34.60985
0.0,5,34.610057
0.0,1,34.610147
0.0,1,34.610237
0.0,1,34.610327
0.0,2,34.610445
0.0,1,34.610535
0.0,3,34.610681
0.0,2,34.610812
0.0,4,34.610989
0.0,18,34.611562
0.0,6,34.611808
0.0,1,34.6119
0.0,1,34.611989
0.0,5,34.612194
0.0,3,34.612342
0.0,1,34.612432
0.0,7,34.612695
0.0,6,34.612939
0.0,4,34.613116
0.0,1,34.613206
0.0,1,34.613296
0.0,1,34.613385
0.0,1,34.613475
1.0,32,34.614454
0.0,1,34.614547
0.0,5,34.614752
0.0,4,34.614939
0.0,1,34.61503
0.0,3,34.615177
0.0,5,34.61538
0.0,1,34.61547
0.0,1,34.61556
0.0,1,34.61565
1.0,8,34.615951
0.0,4,34.616129
0.0,1,34.61622
0.0,4,34.616394
0.0,7,34.616655
0.0,5,34.616871
0.0,3,34.61702
0.0,5,34.617223
0.0,2,34.617343
0.0,1,34.617433
0.0,3,34.61758
0.0,14,34.618051
0.0,1,34.618143
0.0,4,34.618319
0.0,8,34.618606
0.0,6,34.61885
0.0,1,34.618942
0.0,9,34.619258
0.0,4,34.619435
0.0,1,34.619525
0.0,7,34.619801
0.0,1,34.619893
0.0,3,34.620041
0.0,4,34.620216
0.0,1,34.620306
0.0,1,34.620396
0.0,1,34.620486
0.0,1,34.620576
0.0,4,34.620751
0.0,2,34.620884
0.0,1,34.620974
0.0,1,34.621063
1.0,23,34.621788
0.0,1,34.621881
0.0,1,34.621971
0.0,7,34.622232
0.0,1,34.622336
0.0,10,34.622681
0.0,29,34.623575
0.0,12,34.623991
0.0,7,34.624255
0.0,3,34.624404
0.0,1,34.624495
0.0,1,34.624585
0.0,1,34.624676
0.0,1,34.624774
0.0,3,34.624926
0.0,16,34.625437
0.0,1,34.625528
0.0,1,34.625619
0.0,1,34.62571
1.0,14,34.626177
1.0,14,34.626637
0.0,5,34.626855
0.0,7,34.627119
0.0,1,34.62721
0.0,7,34.627471
0.0,4,34.627647
0.0,1,34.627738
0.0,1,34.627836
1.0,6,34.628073
0.0,7,34.628333
0.0,2,34.628453
0.0,1,34.628544
0.0,7,34.628816
0.0,1,34.628908
0.0,1,34.628999
0.0,18,34.629567
0.0,5,34.629791
0.0,1,34.629885
0.0,5,34.630091
0.0,8,34.63038
0.0,14,34.630853
0.0,1,34.630946
0.0,1,34.631037
0.0,3,34.631184
0.0,3,34.631332
0.0,3,34.63148
0.0,1,34.631571
0.0,3,34.63172
0.0,3,34.631879
0.0,14,34.632334
0.0,7,34.632596
0.0,3,34.632745
0.0,7,34.633018
0.0,1,34.633109
0.0,6,34.633343
0.0,1,34.633433
0.0,3,34.633582
0.0,2,34.633702
1.0,7,34.633974
0.0,4,34.634153
0.0,3,34.634301
0.0,2,34.634421
0.0,1,34.634511
0.0,1,34.634602
0.0,1,34.634692
0.0,7,34.634965
0.0,2,34.635087
0.0,1,34.635177
0.0,6,34.63541
0.0,1,34.635501
0.0,1,34.635591
0.0,3,34.635739
0.0,3,34.635896
0.0,11,34.636269
0.0,1,34.63636
0.0,7,34.636621
0.0,1,34.636712
0.0,1,34.636812
0.0,6,34.637048
0.0,1,34.637139
0.0,1,34.637229
0.0,1,34.63732
0.0,1,34.63741
0.0,8,34.637699
0.0,5,34.637916
0.0,1,34.638008
0.0,1,34.638098
0.0,6,34.63833
0.0,1,34.638421
0.0,2,34.63854
0.0,2,34.63866
0.0,4,34.63885
0.0,4,34.639085
0.0,6,34.639318
0.0,3,34.639467
0.0,1,34.639558
0.0,4,34.639734
0.0,1,34.639837
0.0,4,34.640016
0.0,5,34.64022
0.0,21,34.640887
0.0,1,34.640979
0.0,1,34.641069
0.0,9,34.641387
0.0,6,34.641621
0.0,1,34.641711
0.0,3,34.64187
0.0,17,34.642412
0.0,9,34.64273
0.0,1,34.642829
0.0,9,34.643149
0.0,1,34.64324
0.0,2,34.643359
0.0,8,34.643646
0.0,10,34.644002
0.0,1,34.644094
0.0,1,34.644184
0.0,4,34.644359
1.0,43,34.645654
0.0,10,34.646013
0.0,6,34.646248
0.0,7,34.646508
0.0,1,34.646597
0.0,6,34.646841
0.0,10,34.647188
0.0,4,34.647363
0.0,1,34.647453
0.0,1,34.647543
0.0,16,34.648071
0.0,6,34.648305
0.0,1,34.648395
0.0,6,34.648627
0.0,1,34.648716
0.0,9,34.649041
0.0,1,34.649133
0.0,11,34.649504
0.0,3,34.649652
0.0,8,34.649957
0.0,4,34.650136
0.0,2,34.650254
0.0,2,34.650374
0.0,18,34.650954
0.0,1,34.651047
0.0,2,34.651167
0.0,22,34.65186
0.0,3,34.65201
0.0,3,34.652159
0.0,2,34.652278
0.0,1,34.652374
0.0,11,34.652746
0.0,2,34.652874
0.0,15,34.653356
0.0,4,34.653533
0.0,2,34.653653
0.0,3,34.653814
0.0,1,34.653906
0.0,1,34.653997
0.0,8,34.654283
0.0,1,34.654373
0.0,5,34.654577
0.0,5,34.654792
0.0,1,34.654885
0.0,1,34.654975
0.0,4,34.65515
1.0,23,34.655872
0.0,4,34.656051
0.0,7,34.656312
0.0,4,34.656487
0.0,1,34.656577
0.0,1,34.656667
0.0,3,34.656827
0.0,1,34.656919
0.0,17,34.657463
0.0,4,34.657639
0.0,15,34.658138
0.0,7,34.658399
0.0,7,34.658661
0.0,1,34.658751
0.0,4,34.658937
0.0,1,34.659027
0.0,3,34.659174
0.0,1,34.659264
0.0,3,34.659412
1.0,10,34.659757
0.0,5,34.659982
0.0,6,34.660214
0.0,1,34.660304
1.0,12,34.660702
1.0,14,34.66117
0.0,8,34.661459
0.0,16,34.661984
0.0,4,34.662161
0.0,4,34.662337
0.0,2,34.662457
0.0,16,34.662985
0.0,8,34.663275
0.0,5,34.66348
0.0,9,34.663808
0.0,2,34.66393
0.0,13,34.664357
0.0,3,34.664506
0.0,1,34.664596
0.0,5,34.664812
0.0,12,34.665215
0.0,2,34.665338
0.0,1,34.665427
0.0,7,34.665687
0.0,5,34.665904
0.0,1,34.665996
0.0,1,34.666086
0.0,1,34.666176
0.0,5,34.666379
0.0,3,34.666527
0.0,7,34.666797
0.0,13,34.66723
1.0,13,34.667658
0.0,1,34.667749
0.0,1,34.667849
0.0,11,34.668223
0.0,1,34.668313
0.0,3,34.668461
0.0,4,34.668637
0.0,1,34.668727
0.0,3,34.668886
0.0,10,34.669231
0.0,15,34.669717
0.0,12,34.670133
0.0,1,34.670226
0.0,1,34.670316
0.0,6,34.670547
0.0,1,34.670638
0.0,7,34.670909
1.0,6,34.671144
0.0,6,34.671376
0.0,1,34.671466
0.0,5,34.67167
0.0,6,34.671915
0.0,5,34.672121
0.0,7,34.672383
0.0,3,34.67253
0.0,8,34.672831
0.0,4,34.673009
0.0,1,34.6731
0.0,4,34.673274
0.0,1,34.673379
0.0,4,34.673555
0.0,2,34.673675
0.0,8,34.673975
0.0,4,34.674151
0.0,1,34.674242
0.0,2,34.674361
1.0,10,34.674704
1.0,22,34.675395
0.0,1,34.675488
0.0,1,34.675578
0.0,1,34.675668
0.0,3,34.675827
0.0,1,34.675918
0.0,7,34.67618
0.0,26,34.676982
0.0,1,34.677074
1.0,11,34.677445
0.0,2,34.677565
0.0,1,34.677655
0.0,7,34.677929
0.0,15,34.678412
0.0,3,34.67856
0.0,1,34.67865
0.0,1,34.67874
0.0,1,34.678838
0.0,2,34.678959
0.0,7,34.67922
0.0,4,34.679397
0.0,1,34.679487
0.0,5,34.679691
0.0,1,34.679797
0.0,1,34.679888
0.0,3,34.680037
0.0,2,34.680156
0.0,1,34.680246
0.0,11,34.680618
0.0,1,34.680708
0.0,1,34.68081
0.0,6,34.681043
0.0,3,34.681192
0.0,1,34.681282
0.0,1,34.681371
0.0,1,34.681461
0.0,7,34.68172
0.0,8,34.682017
0.0,2,34.682138
0.0,1,34.682227
0.0,1,34.682317
1.0,16,34.682839
0.0,1,34.682932
0.0,2,34.68305
0.0,3,34.683197
0.0,7,34.683458
0.0,16,34.683985
0.0,4,34.684164
1.0,18,34.684738
1.0,7,34.685007
0.0,5,34.685213
0.0,1,34.685302
0.0,6,34.685535
0.0,1,34.685626
0.0,1,34.685715
0.0,2,34.685845
1.0,8,34.686135
0.0,4,34.686311
0.0,7,34.686572
0.0,2,34.686691
0.0,11,34.687081
0.0,5,34.687287
0.0,8,34.687577
0.0,4,34.687752
0.0,5,34.687968
0.0,1,34.688058
0.0,3,34.688205
0.0,1,34.688295
0.0,7,34.688555
0.0,1,34.688645
0.0,1,34.688735
0.0,1,34.688833
0.0,8,34.689122
1.0,27,34.689965
0.0,2,34.690089
0.0,6,34.690323
0.0,3,34.690472
0.0,5,34.690675
0.0,5,34.690892
0.0,1,34.690983
0.0,2,34.691103
0.0,7,34.691363
0.0,1,34.691453
0.0,2,34.691573
0.0,4,34.691748
0.0,2,34.691879
0.0,1,34.691969
0.0,2,34.692087
0.0,13,34.692516
0.0,2,34.692635
0.0,1,34.692725
0.0,1,34.692824
0.0,8,34.693115
0.0,8,34.693402
0.0,4,34.693577
0.0,1,34.693667
0.0,1,34.693757
0.0,5,34.693973
0.0,14,34.694429
0.0,1,34.69452
0.0,3,34.694667
0.0,1,34.694757
0.0,1,34.694857
0.0,9,34.695173
0.0,1,34.695263
0.0,5,34.695466
0.0,3,34.695614
0.0,7,34.695889
0.0,1,34.695981
0.0,1,34.696071
0.0,19,34.696669
1.0,11,34.697052
0.0,8,34.697346
0.0,2,34.697465
0.0,4,34.697642
0.0,11,34.698028
0.0,2,34.69815
1.0,6,34.698381
0.0,6,34.698615
0.0,1,34.698705
0.0,3,34.698867
0.0,1,34.698959
0.0,1,34.699049
0.0,6,34.699281
1.0,7,34.699542
0.0,5,34.699745
0.0,18,34.70033
1.0,10,34.700674
0.0,4,34.700862
0.0,3,34.701012
0.0,12,34.701413
0.0,2,34.701533
0.0,1,34.701623
0.0,1,34.701713
0.0,5,34.70193
0.0,1,34.702021
0.0,5,34.702228
0.0,1,34.702317
0.0,1,34.702407
0.0,8,34.702696
0.0,1,34.702797
0.0,4,34.702975
0.0,5,34.703181
0.0,1,34.703271
0.0,9,34.703589
0.0,5,34.703805
0.0,4,34.703983
0.0,3,34.70413
0.0,4,34.704306
0.0,15,34.704804
0.0,24,34.705548
1.0,23,34.706268
0.0,1,34.706361
0.0,5,34.706564
0.0,1,34.706655
0.0,2,34.706783
0.0,2,34.706905
1.0,24,34.707641
0.0,6,34.707887
0.0,2,34.708009
0.0,2,34.708128
0.0,9,34.708446
0.0,5,34.708651
0.0,7,34.708924
0.0,3,34.709073
0.0,10,34.709419
1.0,14,34.709895
0.0,3,34.710046
1.0,11,34.710418
1.0,10,34.710772
0.0,1,34.710867
0.0,2,34.710987
0.0,8,34.711276
0.0,3,34.711423
0.0,1,34.711514
0.0,3,34.711661
0.0,5,34.711877
0.0,6,34.712111
0.0,11,34.712485
0.0,5,34.712688
0.0,3,34.712849
0.0,1,34.71294
0.0,3,34.713088
1.0,24,34.713835
0.0,1,34.713928
0.0,4,34.714104
0.0,2,34.714223
0.0,10,34.714567
0.0,1,34.714658
0.0,3,34.714817
0.0,4,34.714994
0.0,3,34.715142
0.0,2,34.715262
0.0,1,34.715352
1.0,6,34.715584
0.0,1,34.715674
0.0,2,34.715805
0.0,1,34.715897
0.0,6,34.716131
0.0,1,34.716221
0.0,7,34.716482
0.0,1,34.716572
0.0,10,34.716933
0.0,15,34.717417
0.0,22,34.718112
0.0,1,34.718204
0.0,5,34.71841
0.0,2,34.718529
0.0,2,34.718649
0.0,7,34.718922
0.0,11,34.719295
0.0,10,34.719639
0.0,6,34.719893
0.0,3,34.720042
0.0,1,34.720132
0.0,8,34.72042
0.0,7,34.720679
0.0,3,34.720839
0.0,6,34.721073
0.0,11,34.721444
0.0,1,34.721534
0.0,4,34.721709
0.0,1,34.721808
0.0,2,34.721929
0.0,2,34.722048
0.0,1,34.722138
0.0,12,34.722539
1.0,32,34.723509
0.0,1,34.723602
0.0,8,34.723902
0.0,4,34.724081
0.0,4,34.724257
0.0,18,34.724853
0.0,1,34.724946
0.0,5,34.725151
0.0,4,34.725327
0.0,1,34.725417
0.0,10,34.725759
0.0,3,34.725919
0.0,3,34.726067
0.0,1,34.726157
0.0,2,34.726276
0.0,1,34.726366
0.0,7,34.726627
0.0,7,34.726899
0.0,7,34.727162
0.0,5,34.727368
0.0,3,34.727516
0.0,1,34.727605
0.0,9,34.727935
0.0,1,34.728027
0.0,1,34.728118
0.0,1,34.728207
0.0,4,34.728384
0.0,16,34.728911
0.0,4,34.729089
0.0,5,34.729294
0.0,3,34.729441
0.0,1,34.729532
0.0,1,34.729622
0.0,8,34.72993
0.0,1,34.730022
0.0,4,34.730198
0.0,12,34.730599
0.0,10,34.730957
0.0,1,34.731049
0.0,3,34.731198
0.0,9,34.731514
0.0,4,34.731691
0.0,1,34.731793
0.0,1,34.731885
0.0,3,34.732033
0.0,1,34.732131
0.0,1,34.732221
0.0,3,34.73237
0.0,23,34.733089
0.0,1,34.733183
0.0,15,34.733669
0.0,3,34.733829
0.0,2,34.73395
0.0,5,34.734154
0.0,1,34.734245
0.0,14,34.734703
0.0,1,34.734806
0.0,7,34.735069
0.0,1,34.73516
0.0,4,34.735337
0.0,2,34.735456
0.0,1,34.735547
0.0,4,34.735722
0.0,2,34.735851
0.0,6,34.736086
0.0,3,34.736234
0.0,1,34.736325
0.0,2,34.736444
0.0,10,34.7368
0.0,1,34.736892
0.0,9,34.737208
1.0,19,34.737823
0.0,29,34.7387
0.0,1,34.738802
0.0,1,34.738894
0.0,1,34.739042
0.0,4,34.73922
0.0,1,34.73931
1.0,7,34.73957
0.0,3,34.739719
0.0,1,34.739825
0.0,2,34.739946
0.0,5,34.740149
0.0,1,34.740239
1.0,23,34.740961
0.0,1,34.741054
0.0,1,34.741144
0.0,1,34.741233
0.0,1,34.741322
0.0,10,34.741668
0.0,1,34.741758
0.0,4,34.741947
0.0,3,34.742095
0.0,2,34.742214
0.0,1,34.742304
0.0,3,34.742452
0.0,17,34.743005
0.0,1,34.743097
0.0,1,34.743187
0.0,2,34.743306
0.0,1,34.743395
0.0,5,34.7436
0.0,1,34.74369
0.0,1,34.74379
0.0,16,34.744302
0.0,3,34.74445
0.0,4,34.744625
0.0,1,34.744715
0.0,1,34.744815
0.0,3,34.744963
0.0,1,34.745053
0.0,1,34.745143
0.0,1,34.745233
0.0,1,34.745322
0.0,1,34.745411
0.0,4,34.745586
0.0,1,34.745675
0.0,1,34.745774
0.0,7,34.746037
0.0,6,34.746269
0.0,5,34.746473
0.0,2,34.746592
0.0,2,34.746711
0.0,5,34.746927
0.0,4,34.747104
0.0,4,34.74728
1.0,11,34.747653
0.0,9,34.747981
0.0,1,34.748073
0.0,2,34.748192
0.0,4,34.748368
0.0,3,34.748516
0.0,4,34.748691
1.0,6,34.748935
0.0,7,34.749197
0.0,11,34.749573
0.0,4,34.749748
0.0,2,34.749888
0.0,10,34.750232
0.0,6,34.750465
0.0,1,34.750556
0.0,15,34.751055
0.0,3,34.751204
0.0,5,34.75141
0.0,1,34.7515
0.0,5,34.751704
0.0,12,34.752114
0.0,1,34.752206
0.0,4,34.752381
0.0,2,34.7525
0.0,5,34.752702
0.0,3,34.752863
0.0,6,34.753097
0.0,7,34.753358
0.0,2,34.753477
0.0,1,34.753567
0.0,1,34.753656
0.0,2,34.753785
0.0,1,34.753877
0.0,2,34.753996
0.0,10,34.75434
0.0,1,34.75443
0.0,1,34.75452
0.0,1,34.754609
0.0,1,34.754699
1.0,22,34.755391
0.0,8,34.755681
0.0,1,34.755783
0.0,8,34.756072
0.0,5,34.756277
0.0,3,34.756424
0.0,1,34.756514
0.0,1,34.756603
0.0,11,34.756991
0.0,3,34.757141
0.0,1,34.757231
0.0,1,34.757321
0.0,3,34.757468
0.0,19,34.75808
0.0,5,34.758287
1.0,9,34.758603
0.0,1,34.758693
0.0,1,34.758793
0.0,1,34.758885
0.0,10,34.759228
0.0,16,34.759739
0.0,5,34.759956
0.0,1,34.760047
0.0,1,34.760137
0.0,1,34.760226
0.0,3,34.760374
0.0,3,34.760522
0.0,4,34.760696
0.0,1,34.760798
0.0,3,34.760947
0.0,4,34.761123
0.0,1,34.761213
0.0,3,34.761361
0.0,2,34.761479
0.0,2,34.761599
0.0,2,34.761718
0.0,1,34.761818
0.0,1,34.761909
0.0,11,34.762283
0.0,1,34.762375
0.0,21,34.763038
0.0,38,34.764177
0.0,9,34.764495
0.0,4,34.764671
0.0,9,34.765
0.0,12,34.765401
0.0,7,34.765663
0.0,10,34.766018
1.0,17,34.766562
0.0,1,34.766653
0.0,1,34.766743
0.0,3,34.7669
0.0,3,34.767048
0.0,1,34.767137
0.0,1,34.767227
0.0,1,34.767316
0.0,5,34.767519
0.0,2,34.767639
0.0,3,34.767797
0.0,1,34.767888
0.0,8,34.768176
0.0,1,34.768266
0.0,11,34.76864
0.0,17,34.769192
0.0,5,34.769397
0.0,16,34.769929
0.0,3,34.770078
0.0,1,34.770169
0.0,20,34.770805
1.0,9,34.771124
0.0,6,34.771357
0.0,1,34.771447
0.0,4,34.771622
0.0,1,34.771712
0.0,7,34.771982
0.0,1,34.772074
0.0,3,34.772222
0.0,1,34.772312
0.0,9,34.772629
0.0,1,34.772719
0.0,1,34.772832
0.0,1,34.772924
0.0,3,34.773072
0.0,4,34.773249
0.0,8,34.773538
0.0,4,34.773713
0.0,10,34.774068
0.0,1,34.77416
0.0,1,34.77425
0.0,11,34.77462
0.0,1,34.774711
0.0,6,34.774953
0.0,14,34.775412
0.0,1,34.775502
1.0,8,34.775804
1.0,19,34.776401
0.0,2,34.776521
0.0,1,34.776611
0.0,7,34.776884
0.0,10,34.777229
0.0,1,34.77732
0.0,16,34.777842
0.0,1,34.777933
1.0,26,34.778731
0.0,1,34.778833
0.0,1,34.778924
0.0,28,34.779787
0.0,4,34.779965
0.0,10,34.78031
0.0,2,34.780429
0.0,4,34.780604
0.0,1,34.780694
0.0,25,34.781472
0.0,24,34.782225
0.0,6,34.78246
0.0,9,34.782787
0.0,5,34.782994
0.0,3,34.783141
1.0,12,34.783545
0.0,1,34.783635
0.0,9,34.783962
0.0,1,34.784053
0.0,1,34.784143
0.0,4,34.784318
0.0,7,34.784578
0.0,10,34.784935
0.0,1,34.785028
0.0,1,34.785117
0.0,3,34.785264
0.0,1,34.785354
0.0,1,34.785444
0.0,1,34.785533
0.0,2,34.785651
0.0,1,34.785741
0.0,4,34.785923
0.0,1,34.786015
0.0,1,34.786104
0.0,3,34.78625
0.0,5,34.786453
0.0,1,34.786543
0.0,3,34.786691
0.0,1,34.786792
0.0,3,34.78694
0.0,1,34.78703
0.0,1,34.787119
0.0,1,34.787209
0.0,8,34.787497
0.0,4,34.787671
0.0,4,34.78786
0.0,2,34.787981
0.0,16,34.788495
0.0,4,34.788671
0.0,4,34.788858
0.0,9,34.789175
1.0,17,34.789717
0.0,1,34.789822
0.0,10,34.790169
0.0,1,34.790259
0.0,6,34.790491
0.0,1,34.79058
0.0,1,34.79067
0.0,4,34.790859
0.0,1,34.790951
0.0,1,34.79104
0.0,20,34.791668
0.0,1,34.791758
0.0,1,34.791859
0.0,13,34.792287
0.0,8,34.792577
0.0,12,34.79299
0.0,1,34.793082
0.0,5,34.793285
0.0,16,34.793814
0.0,5,34.79402
0.0,4,34.794197
0.0,4,34.794372
0.0,1,34.794462
1.0,11,34.794846
0.0,24,34.795591
0.0,4,34.795776
0.0,4,34.795954
0.0,6,34.796186
0.0,1,34.796276
0.0,3,34.796422
1.0,10,34.796778
0.0,10,34.797124
0.0,12,34.797527
0.0,2,34.797646
0.0,12,34.798059
0.0,5,34.798264
0.0,3,34.798412
0.0,1,34.798501
0.0,1,34.798592
0.0,3,34.798738
0.0,2,34.798867
0.0,5,34.799071
0.0,13,34.799501
0.0,3,34.799648
0.0,1,34.799738
0.0,2,34.799873
0.0,1,34.799965
0.0,1,34.800055
0.0,1,34.800144
0.0,4,34.80032
1.0,16,34.800845
1.0,19,34.801445
0.0,1,34.801536
0.0,4,34.801713
0.0,5,34.801927
0.0,1,34.802019
1.0,6,34.802251
0.0,1,34.802341
0.0,4,34.802516
0.0,5,34.802719
0.0,1,34.802821
0.0,1,34.802912
0.0,2,34.803031
0.0,8,34.803318
0.0,8,34.803607
0.0,1,34.803697
0.0,11,34.804087
0.0,2,34.804209
0.0,1,34.8043
0.0,15,34.804793
0.0,4,34.804971
0.0,3,34.805118
0.0,1,34.805208
0.0,8,34.805496
0.0,3,34.805644
0.0,3,34.805804
0.0,2,34.805925
0.0,1,34.806015
0.0,28,34.806876
0.0,1,34.806967
0.0,3,34.807116
0.0,2,34.807235
0.0,1,34.807324
0.0,5,34.807527
0.0,1,34.807617
0.0,1,34.807706
0.0,1,34.807807
0.0,4,34.807984
0.0,1,34.808074
0.0,3,34.808221
0.0,2,34.80834
0.0,1,34.80843
0.0,2,34.808548
0.0,1,34.808638
0.0,1,34.808728
0.0,1,34.808828
0.0,3,34.808978
0.0,1,34.809067
0.0,10,34.809412
0.0,4,34.809587
0.0,1,34.809677
0.0,9,34.81001
0.0,5,34.810216
0.0,5,34.81042
0.0,3,34.810568
0.0,12,34.810979
0.0,4,34.811157
0.0,2,34.811276
0.0,8,34.811564
0.0,1,34.811654
0.0,4,34.811843
0.0,8,34.812133
0.0,23,34.812857
0.0,7,34.813119
0.0,8,34.813408
0.0,1,34.813498
0.0,1,34.813589
1.0,35,34.81464
0.0,1,34.814732
0.0,6,34.814975
0.0,1,34.815068
0.0,1,34.815159
0.0,9,34.815477
0.0,1,34.815567
0.0,6,34.815812
0.0,1,34.815904
1.0,10,34.816249
0.0,2,34.816369
0.0,15,34.816866
0.0,1,34.816958
0.0,2,34.817077
0.0,1,34.817166
0.0,6,34.8174
0.0,3,34.817547
0.0,11,34.817933
0.0,1,34.818025
0.0,5,34.818228
0.0,4,34.818403
0.0,1,34.818492
0.0,2,34.818611
0.0,2,34.81873
0.0,4,34.818915
0.0,5,34.819121
0.0,12,34.819522
0.0,2,34.819642
0.0,4,34.819834
0.0,5,34.820041
0.0,4,34.820216
0.0,3,34.820364
0.0,1,34.820461
0.0,9,34.82079
0.0,11,34.821163
0.0,1,34.821254
0.0,2,34.821374
0.0,6,34.821606
0.0,8,34.821907
0.0,2,34.822029
0.0,1,34.822119
0.0,1,34.82221
1.0,15,34.822695
0.0,4,34.822883
0.0,4,34.82306
0.0,5,34.823265
0.0,1,34.823355
0.0,4,34.823531
0.0,3,34.823678
0.0,3,34.82384
0.0,6,34.824087
0.0,7,34.824347
0.0,2,34.824466
0.0,3,34.824614
0.0,2,34.824733
0.0,27,34.825566
0.0,1,34.825658
0.0,13,34.826099
1.0,6,34.826332
0.0,6,34.826565
0.0,1,34.826654
0.0,3,34.826816
0.0,1,34.826907
0.0,1,34.826997
0.0,4,34.827173
0.0,1,34.827263
0.0,1,34.827353
0.0,1,34.827442
0.0,7,34.827701
0.0,2,34.827832
0.0,3,34.827981
0.0,4,34.828157
0.0,3,34.828305
0.0,4,34.82848
0.0,1,34.82857
0.0,2,34.828689
0.0,10,34.829043
0.0,1,34.829136
0.0,1,34.829227
0.0,5,34.829431
1.0,24,34.83019
0.0,4,34.83037
0.0,1,34.830461
0.0,1,34.830551
0.0,7,34.830822
0.0,3,34.830972
0.0,1,34.831063
0.0,9,34.831381
0.0,13,34.83182
1.0,12,34.832224
0.0,5,34.832429
0.0,1,34.83252
0.0,4,34.832695
0.0,6,34.832942
0.0,12,34.833343
0.0,10,34.833688
0.0,5,34.833904
0.0,11,34.834281
0.0,1,34.834372
0.0,1,34.834462
0.0,1,34.834553
0.0,6,34.834796
0.0,2,34.834917
0.0,2,34.835037
0.0,16,34.835549
0.0,3,34.835698
0.0,6,34.835943
0.0,1,34.836035
0.0,21,34.836688
0.0,1,34.836789
0.0,1,34.836881
0.0,5,34.837085
0.0,1,34.837176
0.0,1,34.837267
0.0,8,34.837554
0.0,4,34.837731
0.0,3,34.837888
0.0,3,34.838039
1.0,17,34.83858
0.0,1,34.838671
0.0,11,34.83906
0.0,1,34.839209
1.0,9,34.839527
0.0,1,34.839618
0.0,1,34.839708
0.0,1,34.839813
0.0,9,34.84013
0.0,3,34.840278
0.0,7,34.840537
0.0,5,34.840741
0.0,5,34.840954
0.0,4,34.84113
0.0,3,34.841278
0.0,1,34.841367
0.0,1,34.841457
0.0,5,34.841661
0.0,1,34.841751
0.0,12,34.842165
0.0,7,34.842425
0.0,11,34.842813
0.0,1,34.842906
0.0,1,34.842996
0.0,8,34.843287
0.0,2,34.843407
0.0,1,34.843497
0.0,4,34.843673
0.0,3,34.843831
0.0,1,34.843923
0.0,1,34.844013
0.0,1,34.844103
0.0,25,34.844881
0.0,10,34.845229
0.0,1,34.84532
0.0,2,34.84544
0.0,3,34.845588
0.0,13,34.846031
0.0,2,34.846152
1.0,19,34.846753
0.0,4,34.84694
0.0,2,34.84706
0.0,4,34.847235
1.0,11,34.847611
0.0,11,34.847997
0.0,12,34.848402
0.0,4,34.848577
0.0,2,34.848697
0.0,3,34.848855
1.0,23,34.84957
0.0,1,34.849661
0.0,1,34.849751
0.0,4,34.849943
0.0,4,34.85012
0.0,6,34.850352
0.0,3,34.8505
0.0,5,34.850704
0.0,6,34.85095
1.0,12,34.851352
0.0,13,34.851793
0.0,1,34.851886
0.0,1,34.851976
0.0,3,34.852123
0.0,1,34.852213
0.0,5,34.852416
0.0,7,34.852676
0.0,2,34.852806
0.0,9,34.853126
0.0,15,34.853609
0.0,4,34.853798
0.0,18,34.85437
0.0,4,34.854549
0.0,1,34.854638
0.0,8,34.85494
0.0,1,34.855031
0.0,4,34.855208
0.0,1,34.855298
0.0,3,34.855446
0.0,20,34.856081
0.0,1,34.856173
0.0,2,34.856291
0.0,6,34.856523
0.0,2,34.856643
0.0,4,34.856831
0.0,1,34.856923
0.0,5,34.857128
0.0,1,34.857218
0.0,6,34.857451
0.0,6,34.857683
0.0,3,34.857842
0.0,1,34.857934
0.0,1,34.858024
0.0,1,34.858115
0.0,1,34.858205
0.0,1,34.858295
0.0,12,34.858696
0.0,12,34.859107
0.0,3,34.859258
0.0,3,34.859405
0.0,16,34.85994
0.0,8,34.860231
0.0,3,34.860379
1.0,9,34.860696
0.0,19,34.861306
0.0,19,34.861913
0.0,16,34.862431
0.0,6,34.862664
1.0,17,34.863221
0.0,8,34.863513
0.0,3,34.86366
0.0,3,34.863819
0.0,1,34.863912
0.0,6,34.864145
0.0,1,34.864235
0.0,3,34.864383
0.0,1,34.864473
0.0,1,34.864563
0.0,1,34.864652
0.0,1,34.864741
0.0,1,34.864841
0.0,1,34.86493
0.0,4,34.865107
0.0,19,34.865701
0.0,1,34.865803
0.0,3,34.865952
0.0,5,34.866157
0.0,13,34.866585
0.0,1,34.866676
0.0,1,34.866774
0.0,17,34.86732
0.0,4,34.867496
0.0,5,34.867702
0.0,5,34.867916
0.0,1,34.868008
0.0,18,34.868577
0.0,17,34.869135
1.0,16,34.869648
0.0,25,34.870439
0.0,4,34.870618
0.0,5,34.870835
0.0,3,34.870984
0.0,4,34.87116
0.0,4,34.871335
0.0,11,34.87171
0.0,4,34.871898
0.0,1,34.871991
0.0,7,34.872249
0.0,1,34.87234
0.0,1,34.872429
0.0,1,34.872519
0.0,1,34.872608
0.0,1,34.872697
0.0,3,34.872856
0.0,3,34.873005
0.0,6,34.873238
0.0,1,34.873328
0.0,6,34.873559
0.0,1,34.87365
0.0,3,34.873809
0.0,9,34.874128
0.0,1,34.874218
1.0,18,34.874799
0.0,1,34.874892
0.0,3,34.875039
0.0,5,34.875244
0.0,1,34.875334
0.0,1,34.875423
0.0,3,34.875571
0.0,3,34.875718
0.0,1,34.875818
0.0,1,34.87591
0.0,1,34.876
0.0,1,34.876102
0.0,22,34.876796
0.0,12,34.877198
0.0,3,34.877346
0.0,2,34.877464
0.0,5,34.877667
0.0,6,34.877911
0.0,1,34.878003
0.0,11,34.878372
0.0,2,34.878492
0.0,7,34.87875
0.0,9,34.879078
0.0,2,34.879199
0.0,11,34.879572
0.0,2,34.879691
0.0,3,34.879855
0.0,1,34.879946
0.0,1,34.880037
0.0,1,34.880127
1.0,12,34.880528
0.0,2,34.880648
0.0,1,34.880738
0.0,6,34.880979
0.0,3,34.881129
0.0,4,34.881305
1.0,9,34.881624
0.0,1,34.881714
0.0,1,34.881814
0.0,4,34.88199
0.0,6,34.882223
0.0,2,34.882342
0.0,12,34.882745
0.0,6,34.882988
0.0,1,34.883078
0.0,3,34.883226
0.0,9,34.883542
0.0,1,34.883632
0.0,1,34.883721
0.0,1,34.883821
0.0,7,34.884084
0.0,1,34.884174
0.0,1,34.884264
0.0,4,34.88444
0.0,1,34.88453
0.0,6,34.884762
0.0,10,34.885119
0.0,2,34.885238
0.0,1,34.885328
0.0,2,34.885447
0.0,1,34.885537
0.0,4,34.885712
0.0,5,34.885927
0.0,2,34.886048
0.0,5,34.886252
0.0,9,34.886568
0.0,8,34.886872
0.0,3,34.887021
0.0,14,34.887481
0.0,9,34.887809
0.0,5,34.888015
0.0,1,34.888105
0.0,5,34.888311
0.0,11,34.888681
0.0,6,34.888926
0.0,6,34.88916
0.0,1,34.889251
0.0,1,34.889341
0.0,4,34.889517
0.0,3,34.889664
0.0,7,34.889944
0.0,3,34.890094
0.0,3,34.890244
0.0,4,34.890419
0.0,3,34.890567
0.0,9,34.890895
0.0,1,34.890987
0.0,7,34.891248
1.0,19,34.891858
0.0,1,34.89195
0.0,7,34.892211
0.0,7,34.892471
0.0,1,34.892561
0.0,1,34.89265
0.0,22,34.893346
0.0,2,34.893468
0.0,8,34.893756
0.0,1,34.893857
0.0,2,34.893978
0.0,1,34.894067
0.0,1,34.894157
0.0,1,34.894246
0.0,19,34.894858
0.0,13,34.895286
0.0,25,34.896066
0.0,1,34.896159
0.0,7,34.89642
0.0,7,34.89668
0.0,11,34.897064
0.0,1,34.897156
0.0,4,34.897332
0.0,2,34.89745
0.0,4,34.897626
0.0,3,34.897784
0.0,13,34.898214
0.0,1,34.898305
0.0,4,34.898481
0.0,1,34.898572
0.0,2,34.89869
0.0,1,34.898792
1.0,27,34.899616
0.0,8,34.899924
0.0,20,34.900557
0.0,2,34.900676
0.0,5,34.900892
0.0,6,34.901127
0.0,2,34.901247
0.0,1,34.901337
0.0,5,34.901541
0.0,1,34.90163
0.0,9,34.901961
0.0,11,34.902336
0.0,3,34.902484
0.0,6,34.902716
0.0,1,34.902816
0.0,1,34.902908
0.0,1,34.902997
0.0,14,34.903453
0.0,17,34.904005
0.0,6,34.904238
0.0,5,34.904443
0.0,6,34.904675
1.0,9,34.905005
0.0,4,34.905182
0.0,8,34.90547
0.0,1,34.90556
0.0,2,34.905679
0.0,5,34.905895
0.0,12,34.906299
0.0,1,34.906389
0.0,2,34.906508
0.0,1,34.906598
0.0,4,34.906783
0.0,18,34.907355
0.0,7,34.907615
0.0,1,34.907706
0.0,7,34.907979
0.0,1,34.908071
0.0,2,34.90819
0.0,2,34.90831
0.0,3,34.908457
0.0,1,34.908547
0.0,2,34.908666
0.0,8,34.908965
0.0,3,34.909114
0.0,3,34.909262
0.0,2,34.909381
0.0,1,34.909471
0.0,1,34.909561
0.0,2,34.90968
0.0,11,34.910071
0.0,13,34.910501
0.0,4,34.910678
0.0,3,34.910839
0.0,3,34.910989
0.0,3,34.911138
0.0,12,34.911541
0.0,6,34.911783
0.0,10,34.912131
0.0,9,34.912445
0.0,1,34.912536
0.0,5,34.912738
0.0,7,34.913007
0.0,12,34.91341
0.0,6,34.913642
0.0,2,34.913761
0.0,4,34.913951
0.0,2,34.914071
0.0,6,34.914304
0.0,2,34.914425
0.0,6,34.914657
0.0,1,34.914748
0.0,14,34.915216
0.0,1,34.915307
1.0,17,34.915861
0.0,1,34.915954
0.0,1,34.916044
0.0,1,34.916133
0.0,1,34.916223
0.0,1,34.916313
0.0,3,34.916461
0.0,8,34.916749
0.0,2,34.916881
0.0,3,34.917028
0.0,1,34.917118
0.0,6,34.91735
0.0,10,34.917694
0.0,2,34.917824
0.0,4,34.918002
0.0,4,34.918178
1.0,35,34.919239
0.0,5,34.919445
0.0,7,34.919706
0.0,2,34.919844
0.0,11,34.920219
0.0,6,34.920451
0.0,1,34.920542
0.0,9,34.920868
0.0,4,34.921045
0.0,6,34.921277
0.0,1,34.921367
0.0,1,34.921457
0.0,16,34.921984
0.0,1,34.922076
0.0,4,34.922252
0.0,1,34.922343
0.0,4,34.922518
0.0,4,34.922693
0.0,2,34.922825
0.0,2,34.922954
0.0,1,34.923044
0.0,2,34.923163
1.0,10,34.92351
0.0,1,34.9236
0.0,3,34.923748
0.0,2,34.923878
0.0,2,34.923998
0.0,4,34.924174
0.0,2,34.924293
0.0,3,34.92444
0.0,10,34.924796
0.0,10,34.925142
0.0,4,34.925318
1.0,12,34.925719
0.0,7,34.925989
0.0,1,34.926082
0.0,13,34.92651
0.0,10,34.926867
0.0,2,34.926989
0.0,8,34.927277
0.0,11,34.927652
0.0,1,34.927756
0.0,3,34.927916
0.0,2,34.928036
0.0,2,34.928155
0.0,1,34.928244
0.0,2,34.928364
0.0,3,34.928511
1.0,22,34.92921
0.0,1,34.929302
0.0,4,34.929479
0.0,1,34.929569
0.0,5,34.929788
0.0,5,34.929995
0.0,2,34.930116
0.0,2,34.930234
0.0,1,34.930324
0.0,7,34.930583
0.0,1,34.930673
0.0,10,34.931029
0.0,2,34.93115
1.0,6,34.931383
1.0,9,34.931701
0.0,8,34.932002
0.0,34,34.933036
0.0,7,34.9333
0.0,22,34.933995
0.0,1,34.934088
0.0,7,34.934348
0.0,3,34.934496
0.0,5,34.9347
0.0,5,34.934916
0.0,6,34.935152
0.0,3,34.9353
0.0,10,34.935646
0.0,5,34.935862
0.0,1,34.935954
0.0,20,34.936578
0.0,8,34.936878
0.0,4,34.937055
0.0,5,34.93726
0.0,1,34.93735
0.0,1,34.93744
0.0,12,34.937854
0.0,7,34.938119
0.0,6,34.938353
0.0,2,34.938473
0.0,1,34.938563
0.0,1,34.938653
0.0,5,34.93887
0.0,41,34.940106
0.0,1,34.940254
0.0,1,34.940347
0.0,8,34.940637
0.0,8,34.940939
0.0,4,34.941118
0.0,4,34.941294
0.0,3,34.941442
0.0,2,34.941562
0.0,2,34.941682
0.0,23,34.942405
0.0,1,34.942497
0.0,1,34.942587
0.0,2,34.942707
0.0,1,34.942807
0.0,13,34.943238
0.0,3,34.943386
0.0,9,34.943702
0.0,7,34.943976
0.0,3,34.944125
0.0,1,34.944215
0.0,2,34.944334
1.0,11,34.944707
0.0,1,34.944808
0.0,2,34.94493
0.0,10,34.945273
0.0,2,34.945393
0.0,14,34.94586
0.0,5,34.946067
0.0,8,34.946355
0.0,7,34.946617
0.0,3,34.946775
0.0,5,34.946984
0.0,1,34.947075
0.0,6,34.947307
0.0,10,34.947652
0.0,12,34.948066
0.0,5,34.948271
0.0,1,34.948362
0.0,3,34.948509
0.0,3,34.948657
0.0,8,34.948956
0.0,7,34.949218
0.0,1,34.949309
0.0,2,34.949428
0.0,1,34.949517
0.0,6,34.94975
0.0,15,34.950253
0.0,7,34.950513
0.0,5,34.950717
0.0,3,34.950875
0.0,1,34.950966
0.0,7,34.951227
0.0,4,34.951403
0.0,12,34.951816
0.0,8,34.952106
0.0,1,34.952197
0.0,1,34.952286
0.0,6,34.952519
0.0,3,34.952667
0.0,4,34.952857
0.0,3,34.953006
0.0,11,34.95338
0.0,2,34.9535
0.0,1,34.95359
0.0,3,34.953738
0.0,1,34.953836
0.0,3,34.953984
0.0,1,34.954075
0.0,4,34.95425
0.0,1,34.95434
0.0,4,34.954515
0.0,2,34.954634
0.0,29,34.955523
0.0,1,34.955615
0.0,3,34.955771
0.0,1,34.955867
0.0,2,34.955986
1.0,11,34.956361
0.0,3,34.956509
0.0,4,34.956686
0.0,7,34.956957
0.0,2,34.957079
0.0,1,34.957169
0.0,1,34.957259
0.0,10,34.957603
0.0,2,34.957723
0.0,1,34.957822
0.0,2,34.957942
0.0,1,34.958032
0.0,11,34.958406
0.0,10,34.958753
1.0,13,34.959196
0.0,1,34.959287
0.0,2,34.959406
0.0,30,34.960328
0.0,3,34.960478
0.0,6,34.960711
0.0,1,34.960812
0.0,1,34.960903
0.0,1,34.960993
0.0,8,34.961281
0.0,8,34.961571
0.0,1,34.961662
0.0,12,34.962075
0.0,2,34.962197
0.0,16,34.962712
0.0,28,34.963571
0.0,2,34.963693
1.0,31,34.964638
0.0,13,34.965085
0.0,1,34.965177
0.0,11,34.965552
1.0,6,34.965795
0.0,1,34.965887
0.0,2,34.966006
0.0,3,34.966153
0.0,1,34.966244
0.0,3,34.966391
0.0,3,34.966538
0.0,15,34.967036
1.0,6,34.96727
0.0,5,34.967475
1.0,20,34.968114
0.0,2,34.968235
0.0,1,34.968325
0.0,2,34.968445
0.0,4,34.96862
0.0,3,34.968776
0.0,1,34.968868
0.0,5,34.969074
0.0,4,34.969249
0.0,5,34.969452
0.0,1,34.969542
0.0,1,34.969631
0.0,4,34.969823
0.0,3,34.969973
0.0,1,34.970063
0.0,14,34.970521
0.0,3,34.970669
0.0,4,34.970857
0.0,5,34.971063
0.0,1,34.971153
0.0,3,34.9713
0.0,9,34.971618
0.0,8,34.971919
0.0,1,34.97201
0.0,1,34.9721
0.0,6,34.972332
0.0,7,34.97259
1.0,17,34.973144
0.0,1,34.973236
0.0,13,34.973666
0.0,1,34.973756
0.0,7,34.974029
0.0,1,34.974119
0.0,10,34.974465
0.0,3,34.974613
0.0,1,34.974702
0.0,2,34.974833
0.0,4,34.97501
0.0,3,34.975157
0.0,2,34.975276
0.0,4,34.975451
0.0,1,34.975542
0.0,4,34.975717
0.0,17,34.976267
0.0,7,34.976528
1.0,21,34.977194
0.0,4,34.977373
0.0,1,34.977463
0.0,4,34.977638
0.0,1,34.977728
0.0,2,34.977856
0.0,19,34.978456
0.0,1,34.978547
0.0,10,34.978903
0.0,1,34.978995
0.0,1,34.979084
0.0,2,34.979203
0.0,7,34.979462
1.0,10,34.979827
0.0,6,34.980063
0.0,15,34.980549
0.0,7,34.980821
0.0,4,34.980999
0.0,1,34.981089
0.0,3,34.981237
0.0,4,34.981412
0.0,1,34.981502
0.0,2,34.981621
0.0,1,34.981723
0.0,2,34.981852
0.0,9,34.982168
0.0,1,34.982259
0.0,1,34.982349
0.0,14,34.98282
0.0,5,34.983026
0.0,2,34.983145
0.0,1,34.983235
0.0,2,34.983354
0.0,3,34.9835
0.0,21,34.984169
0.0,10,34.984515
0.0,1,34.984606
0.0,1,34.984695
0.0,1,34.984794
0.0,1,34.984885
0.0,1,34.984974
0.0,2,34.985092
0.0,1,34.985182
0.0,4,34.985357
0.0,7,34.985619
0.0,7,34.985893
0.0,9,34.986212
0.0,4,34.986389
0.0,3,34.986536
0.0,3,34.986684
0.0,5,34.9869
0.0,8,34.987189
0.0,8,34.987479
0.0,1,34.987569
0.0,7,34.987841
0.0,1,34.987932
0.0,1,34.988021
0.0,3,34.988168
0.0,22,34.988862
0.0,1,34.988954
1.0,11,34.989328
0.0,1,34.989419
0.0,3,34.989566
0.0,1,34.989655
0.0,5,34.989877
0.0,1,34.989969
0.0,1,34.990058
0.0,1,34.990147
0.0,5,34.990352
0.0,2,34.99047
1.0,31,34.991414
0.0,9,34.99173
0.0,1,34.991832
0.0,1,34.991923
0.0,16,34.992437
0.0,1,34.992527
0.0,2,34.992646
0.0,14,34.993112
0.0,5,34.993318
1.0,12,34.993717
0.0,13,34.994153
0.0,4,34.994331
0.0,17,34.994885
0.0,1,34.994978
0.0,2,34.995096
0.0,1,34.995186
0.0,4,34.995362
0.0,1,34.995452
0.0,1,34.995541
0.0,13,34.995981
0.0,1,34.996075
0.0,6,34.996307
0.0,2,34.996427
0.0,3,34.996574
0.0,4,34.99675
0.0,3,34.996908
0.0,1,34.996999
0.0,3,34.997146
0.0,9,34.997462
0.0,2,34.997581
0.0,8,34.997885
0.0,7,34.998148
0.0,14,34.998606
0.0,1,34.998697
0.0,2,34.998827
0.0,1,34.998918
0.0,1,34.999007
0.0,12,34.999408
0.0,9,34.999725
0.0,1,34.999829
0.0,8,35.000118
0.0,1,35.000209
0.0,5,35.000413
0.0,2,35.000532
0.0,3,35.00068
0.0,8,35.000981
0.0,7,35.001243
1.0,22,35.001933
0.0,5,35.002139
0.0,8,35.002427
0.0,2,35.002546
0.0,1,35.002636
0.0,2,35.002755
0.0,17,35.003304
0.0,2,35.003424
0.0,4,35.003599
0.0,7,35.003881
0.0,4,35.004059
0.0,1,35.004149
0.0,6,35.004381
0.0,18,35.004963
0.0,1,35.005056
0.0,15,35.005539
0.0,1,35.00563
0.0,5,35.005844
0.0,1,35.005936
0.0,15,35.006422
0.0,1,35.006513
1.0,7,35.006784
0.0,2,35.006906
0.0,2,35.007026
0.0,1,35.007116
0.0,1,35.007205
0.0,1,35.007295
0.0,3,35.007442
0.0,1,35.007531
0.0,2,35.007651
0.0,10,35.008008
0.0,1,35.008101
1.0,18,35.008671
0.0,14,35.009141
0.0,4,35.009318
0.0,1,35.009408
0.0,1,35.009497
0.0,1,35.009588
0.0,1,35.009677
0.0,10,35.010042
1.0,12,35.010447
0.0,5,35.010651
0.0,3,35.01081
0.0,1,35.010902
0.0,3,35.011049
0.0,3,35.011197
0.0,1,35.011286
1.0,11,35.01166
0.0,9,35.011986
0.0,5,35.012193
0.0,8,35.012481
0.0,1,35.012571
0.0,1,35.012661
0.0,7,35.012935
0.0,10,35.013279
0.0,1,35.013369
0.0,1,35.013459
0.0,3,35.013606
0.0,5,35.013821
0.0,1,35.013913
0.0,7,35.014173
1.0,16,35.014686
0.0,1,35.014787
0.0,14,35.015245
0.0,21,35.015913
0.0,3,35.016064
0.0,9,35.016379
0.0,1,35.016469
1.0,6,35.016701
1.0,21,35.017368
0.0,12,35.017781
0.0,1,35.017873
0.0,7,35.018134
0.0,5,35.018338
0.0,2,35.018457
0.0,24,35.019206
0.0,14,35.019663
0.0,4,35.019856
0.0,4,35.020034
0.0,1,35.020125
0.0,3,35.020272
0.0,4,35.020448
0.0,1,35.020538
0.0,2,35.020657
1.0,10,35.021013
0.0,12,35.021416
0.0,1,35.021507
0.0,15,35.022007
0.0,5,35.022214
0.0,1,35.022304
0.0,6,35.022535
0.0,1,35.022624
0.0,3,35.022782
0.0,1,35.022874
0.0,4,35.02305
0.0,1,35.023139
0.0,5,35.023344
0.0,3,35.023491
0.0,1,35.023581
0.0,3,35.023728
0.0,3,35.023885
0.0,2,35.024006
0.0,3,35.024153
0.0,8,35.024442
0.0,1,35.024533
0.0,6,35.024774
0.0,5,35.024982
0.0,6,35.025215
0.0,12,35.025614
0.0,1,35.025704
0.0,4,35.02589
0.0,4,35.026067
0.0,10,35.026412
0.0,1,35.026502
0.0,1,35.026592
0.0,3,35.02674
0.0,3,35.026895
0.0,2,35.027015
0.0,2,35.027134
0.0,1,35.027225
0.0,2,35.027343
0.0,3,35.027491
0.0,4,35.027666
1.0,10,35.028026
0.0,1,35.02812
0.0,1,35.02821
0.0,1,35.0283
0.0,1,35.028389
0.0,1,35.028479
0.0,1,35.028569
0.0,6,35.028814
0.0,4,35.028992
0.0,4,35.029168
0.0,3,35.029315
0.0,7,35.029575
0.0,3,35.029723
0.0,1,35.029827
0.0,1,35.029919
0.0,3,35.030067
0.0,1,35.030157
0.0,2,35.030276
0.0,7,35.030537
0.0,11,35.030924
0.0,2,35.031045
0.0,6,35.031277
0.0,1,35.031368
0.0,8,35.031676
0.0,1,35.031775
0.0,3,35.031925
0.0,1,35.032016
0.0,1,35.032105
0.0,3,35.032254
0.0,3,35.032401
0.0,4,35.032576
0.0,5,35.032792
0.0,1,35.032884
0.0,6,35.033117
1.0,22,35.033815
0.0,1,35.033908
0.0,3,35.034056
0.0,2,35.034175
0.0,31,35.035121
0.0,6,35.035355
0.0,1,35.035445
0.0,2,35.035565
0.0,1,35.035655
0.0,1,35.035743
0.0,6,35.035983
0.0,2,35.036104
0.0,11,35.036478
0.0,6,35.03671
0.0,11,35.037098
0.0,3,35.037248
0.0,24,35.038003
0.0,1,35.038096
0.0,1,35.038187
0.0,1,35.038277
0.0,2,35.038398
0.0,11,35.038778
0.0,4,35.038959
0.0,1,35.03905
0.0,1,35.03914
0.0,2,35.03926
0.0,3,35.039407
0.0,2,35.039527
0.0,2,35.039647
0.0,12,35.040068
0.0,10,35.040418
0.0,1,35.040564
0.0,4,35.040742
0.0,2,35.040871
0.0,3,35.041019
0.0,11,35.041392
0.0,3,35.04154
0.0,2,35.04166
0.0,1,35.041749
0.0,1,35.041849
0.0,13,35.042281
0.0,2,35.042402
0.0,25,35.043182
0.0,1,35.043275
0.0,1,35.043365
0.0,6,35.043596
0.0,7,35.04387
0.0,2,35.043991
0.0,6,35.044224
0.0,5,35.044428
0.0,2,35.044549
0.0,6,35.044792
0.0,3,35.044942
0.0,1,35.045032
0.0,7,35.045294
0.0,8,35.045581
0.0,5,35.045799
0.0,2,35.04592
0.0,8,35.04621
0.0,5,35.046414
0.0,1,35.046504
0.0,1,35.046594
0.0,4,35.046779
0.0,1,35.046872
0.0,2,35.046991
0.0,5,35.047195
0.0,6,35.047427
0.0,4,35.047604
0.0,4,35.047791
0.0,3,35.04794
0.0,2,35.048061
0.0,4,35.048236
0.0,8,35.048527
1.0,7,35.048802
0.0,1,35.048895
0.0,4,35.049072
0.0,5,35.049276
0.0,1,35.049367
0.0,5,35.049572
0.0,4,35.049747
0.0,5,35.049968
0.0,1,35.05006
0.0,7,35.050321
0.0,7,35.050583
0.0,2,35.050702
0.0,1,35.050802
0.0,3,35.050951
0.0,11,35.051325
0.0,7,35.051586
0.0,6,35.051832
0.0,1,35.051924
0.0,4,35.052101
0.0,1,35.052191
1.0,9,35.052508
0.0,2,35.052628
0.0,8,35.052928
0.0,1,35.05302
0.0,14,35.053476
0.0,19,35.054088
0.0,4,35.054266
0.0,3,35.054415
0.0,3,35.054562
0.0,4,35.054739
0.0,11,35.05512
0.0,2,35.055242
0.0,6,35.055474
0.0,8,35.055762
0.0,10,35.056117
0.0,2,35.056237
0.0,6,35.05647
0.0,1,35.056561
0.0,1,35.056651
0.0,6,35.056895
0.0,1,35.056988
0.0,5,35.057192
0.0,1,35.057282
0.0,1,35.057372
0.0,16,35.057902
0.0,3,35.058053
0.0,2,35.058172
0.0,1,35.058262
0.0,2,35.05838
0.0,4,35.058558
0.0,7,35.058831
0.0,8,35.059123
0.0,1,35.059213
0.0,1,35.059303
0.0,2,35.059422
0.0,3,35.05957
0.0,1,35.05966
0.0,1,35.059749
0.0,1,35.059854
0.0,1,35.059945
0.0,1,35.060035
0.0,4,35.060212
0.0,1,35.060302
0.0,4,35.060479
0.0,10,35.060838
0.0,2,35.060961
0.0,1,35.061052
0.0,11,35.061427
0.0,2,35.061547
0.0,10,35.061905
0.0,4,35.062083
0.0,4,35.06226
0.0,2,35.06238
0.0,3,35.062528
0.0,1,35.062618
0.0,15,35.063117
0.0,21,35.063782
0.0,7,35.064045
0.0,15,35.06453
0.0,1,35.064621
0.0,14,35.065087
0.0,1,35.065179
0.0,1,35.065269
0.0,7,35.06553
0.0,1,35.065621
0.0,3,35.065778
0.0,3,35.065927
0.0,1,35.066017
1.0,33,35.067023
0.0,1,35.067115
0.0,1,35.067205
0.0,15,35.067693
1.0,6,35.067936
0.0,13,35.068368
0.0,6,35.0686
0.0,2,35.068719
0.0,1,35.068819
0.0,3,35.068969
0.0,3,35.069116
0.0,1,35.069206
0.0,3,35.069353
0.0,1,35.069443
0.0,1,35.069533
0.0,4,35.069709
0.0,1,35.069818
0.0,2,35.069941
0.0,1,35.070031
0.0,9,35.07035
0.0,7,35.07061
0.0,2,35.070729
0.0,19,35.071333
0.0,1,35.071424
0.0,3,35.071574
0.0,1,35.071664
0.0,4,35.07185
0.0,21,35.072507
0.0,8,35.072809
0.0,1,35.072902
0.0,1,35.072992
0.0,4,35.073169
0.0,11,35.07354
0.0,7,35.073814
0.0,1,35.073906
0.0,6,35.07414
0.0,3,35.074287
0.0,6,35.07452
0.0,1,35.07461
0.0,2,35.07473
0.0,12,35.075141
0.0,3,35.07529
1.0,8,35.075578
0.0,1,35.075669
0.0,1,35.075759
0.0,1,35.075861
0.0,5,35.076065
0.0,1,35.076155
0.0,36,35.077245
0.0,6,35.07748
0.0,5,35.077685
0.0,6,35.07793
0.0,6,35.078164
0.0,8,35.078454
0.0,1,35.078544
0.0,3,35.078692
0.0,12,35.079102
0.0,10,35.079449
0.0,2,35.079569
0.0,2,35.079689
0.0,6,35.07994
0.0,6,35.080177
0.0,1,35.080268
0.0,1,35.080358
0.0,7,35.080617
0.0,6,35.080862
0.0,9,35.081181
0.0,5,35.081385
0.0,7,35.081646
0.0,2,35.081788
0.0,1,35.081881
0.0,2,35.082
0.0,1,35.082089
1.0,17,35.082631
0.0,2,35.082751
0.0,1,35.082852
0.0,1,35.082942
0.0,1,35.083031
0.0,1,35.08312
0.0,4,35.083296
0.0,8,35.083584
0.0,5,35.0838
0.0,1,35.083892
0.0,1,35.083982
0.0,5,35.084185
0.0,12,35.084586
0.0,1,35.084677
0.0,2,35.084808
0.0,3,35.084956
0.0,3,35.085104
0.0,1,35.085194
0.0,1,35.085284
0.0,5,35.085487
0.0,3,35.085634
0.0,1,35.085724
1.0,7,35.085995
0.0,6,35.086229
0.0,6,35.086463
0.0,1,35.086553
1.0,6,35.086796
0.0,1,35.086889
0.0,1,35.086978
0.0,2,35.087097
0.0,1,35.087187
0.0,2,35.087306
0.0,1,35.087395
0.0,1,35.087485
0.0,2,35.087604
0.0,5,35.087818
0.0,5,35.088024
0.0,1,35.088115
0.0,1,35.088204
1.0,15,35.088686
0.0,5,35.088904
0.0,1,35.088996
0.0,8,35.089286
1.0,8,35.089573
0.0,1,35.089664
0.0,6,35.089913
0.0,1,35.090005
0.0,3,35.090152
0.0,12,35.090555
0.0,1,35.090645
1.0,16,35.09117
0.0,7,35.091432
0.0,10,35.091791
0.0,3,35.09194
0.0,1,35.092031
0.0,1,35.092121
1.0,9,35.092438
0.0,8,35.092727
0.0,7,35.092996
0.0,14,35.093457
0.0,19,35.094068
0.0,3,35.094218
0.0,2,35.094338
0.0,5,35.094543
0.0,1,35.094633
1.0,12,35.095047
0.0,1,35.095141
0.0,3,35.095289
0.0,1,35.095379
0.0,1,35.095469
0.0,3,35.095617
0.0,1,35.095706
0.0,1,35.095807
0.0,5,35.096012
0.0,20,35.096639
0.0,15,35.097133
0.0,5,35.097341
1.0,17,35.097894
0.0,15,35.098384
0.0,1,35.098475
0.0,7,35.098736
0.0,1,35.098833
0.0,1,35.098925
0.0,1,35.099014
0.0,1,35.099104
0.0,2,35.099223
0.0,1,35.099312
0.0,3,35.09946
0.0,13,35.099908
0.0,1,35.1
0.0,1,35.10009
0.0,1,35.100179
0.0,1,35.100269
0.0,3,35.100415
1.0,17,35.100971
0.0,6,35.101205
0.0,4,35.101381
0.0,18,35.101961
0.0,5,35.102168
0.0,2,35.102288
0.0,3,35.102435
0.0,1,35.102525
0.0,1,35.102614
0.0,13,35.103051
0.0,2,35.103173
0.0,10,35.103515
0.0,1,35.103606
0.0,3,35.103754
0.0,1,35.103857
0.0,8,35.104145
0.0,5,35.10435
0.0,5,35.104554
0.0,1,35.104644
0.0,2,35.104773
0.0,18,35.105348
0.0,8,35.105638
0.0,1,35.105729
0.0,1,35.105828
0.0,4,35.106004
0.0,3,35.106151
0.0,1,35.106241
0.0,17,35.106792
0.0,1,35.106885
0.0,2,35.107004
0.0,3,35.107152
0.0,3,35.107299
0.0,1,35.107389
0.0,33,35.108385
0.0,2,35.108506
0.0,1,35.108596
0.0,8,35.108894
0.0,2,35.109014
0.0,38,35.110163
0.0,1,35.110256
1.0,8,35.110545
0.0,7,35.110816
0.0,1,35.110909
0.0,7,35.111168
0.0,2,35.111287
0.0,1,35.111377
0.0,1,35.111466
0.0,5,35.11167
0.0,2,35.111801
1.0,23,35.112507
0.0,1,35.112599
0.0,1,35.112689
0.0,9,35.113018
0.0,1,35.113109
0.0,1,35.113199
0.0,8,35.113487
0.0,1,35.113577
0.0,4,35.113752
0.0,1,35.113854
0.0,1,35.113944
0.0,4,35.114119
0.0,3,35.114267
0.0,1,35.114358
0.0,2,35.114476
0.0,6,35.114708
0.0,1,35.114809
0.0,1,35.1149
0.0,1,35.11499
0.0,1,35.115079
0.0,3,35.115226
0.0,1,35.115316
0.0,1,35.115405
0.0,1,35.115495
0.0,1,35.115585
0.0,1,35.115674
0.0,3,35.115834
0.0,6,35.116069
0.0,2,35.116188
0.0,7,35.116447
0.0,1,35.116537
0.0,3,35.116686
0.0,2,35.116816
0.0,8,35.117106
0.0,3,35.117254
0.0,19,35.117866
0.0,1,35.117959
0.0,7,35.118218
0.0,8,35.118505
0.0,2,35.118625
0.0,1,35.118715
0.0,1,35.118817
0.0,10,35.119163
0.0,1,35.119253
0.0,3,35.119401
0.0,3,35.119548
0.0,11,35.119937
0.0,6,35.120172
0.0,5,35.120376
1.0,8,35.120664
0.0,7,35.120935
0.0,1,35.121027
0.0,4,35.121202
0.0,1,35.121292
0.0,1,35.121382
0.0,1,35.121472
0.0,1,35.121561
0.0,10,35.121923
0.0,5,35.12213
0.0,4,35.122306
0.0,1,35.122396
0.0,3,35.122542
0.0,7,35.122813
0.0,3,35.122963
0.0,5,35.123167
0.0,2,35.123287
0.0,1,35.123376
0.0,6,35.123608
0.0,2,35.123727
0.0,1,35.123827
0.0,8,35.124117
0.0,7,35.124377
0.0,1,35.124467
0.0,2,35.124586
0.0,6,35.12483
0.0,1,35.124922
0.0,1,35.125012
0.0,10,35.125357
0.0,13,35.125799
0.0,1,35.125892
0.0,2,35.126011
0.0,8,35.1263
0.0,3,35.126447
0.0,1,35.126537
0.0,2,35.126656
0.0,6,35.1269
0.0,9,35.127217
0.0,2,35.127336
1.0,24,35.128086
0.0,2,35.128209
0.0,6,35.128439
0.0,10,35.128794
0.0,3,35.128944
0.0,17,35.129497
0.0,1,35.129588
0.0,3,35.129737
0.0,1,35.12984
0.0,3,35.129991
0.0,1,35.130081
0.0,1,35.130171
0.0,6,35.130403
0.0,1,35.130493
1.0,8,35.130793
1.0,24,35.131536
0.0,12,35.131951
0.0,1,35.132043
0.0,1,35.132133
0.0,7,35.132393
0.0,1,35.132483
0.0,2,35.132602
0.0,1,35.132691
0.0,10,35.133046
0.0,2,35.133168
0.0,1,35.133259
0.0,6,35.133491
1.0,19,35.134106
0.0,4,35.134284
0.0,5,35.13449
0.0,10,35.134845
0.0,5,35.13505
0.0,3,35.135199
0.0,1,35.135289
0.0,1,35.135379
0.0,1,35.135469
0.0,1,35.13556
0.0,10,35.135917
0.0,1,35.13601
0.0,7,35.136273
1.0,7,35.136533
0.0,8,35.136837
0.0,8,35.137128
0.0,7,35.137391
0.0,2,35.137511
0.0,1,35.137602
0.0,6,35.137847
0.0,9,35.138168
0.0,2,35.138289
0.0,1,35.13838
0.0,4,35.138557
0.0,4,35.138733
0.0,1,35.138831
0.0,1,35.138923
0.0,1,35.139014
0.0,1,35.139104
0.0,10,35.13945
0.0,3,35.139598
0.0,1,35.139689
0.0,1,35.1398
0.0,5,35.140007
0.0,1,35.140098
0.0,7,35.140358
1.0,19,35.140972
0.0,14,35.141489
0.0,4,35.141667
0.0,3,35.141825
0.0,10,35.142172
1.0,12,35.142573
0.0,9,35.142902
1.0,11,35.143274
0.0,1,35.143365
0.0,3,35.143511
0.0,8,35.143813
0.0,1,35.143906
0.0,9,35.144224
0.0,6,35.144455
0.0,6,35.144688
0.0,1,35.144788
0.0,4,35.144966
0.0,6,35.145197
0.0,2,35.145316
0.0,1,35.145406
0.0,1,35.145497
0.0,16,35.146022
0.0,7,35.146284
0.0,5,35.146489
0.0,16,35.147017
0.0,1,35.14711
0.0,1,35.147201
0.0,12,35.147599
0.0,3,35.147748
0.0,1,35.147848
0.0,7,35.148108
0.0,6,35.14834
0.0,4,35.148515
0.0,4,35.14869
0.0,2,35.148821
0.0,1,35.148913
0.0,4,35.14909
0.0,1,35.149179
0.0,2,35.149298
0.0,2,35.149417
0.0,1,35.149507
0.0,5,35.149711
0.0,6,35.149961
0.0,17,35.150503
0.0,1,35.150594
0.0,1,35.150684
0.0,1,35.150783
0.0,11,35.151156
0.0,1,35.151246
0.0,5,35.151449
1.0,19,35.15206
0.0,2,35.152181
0.0,1,35.152272
0.0,3,35.15242
0.0,1,35.15251
0.0,1,35.1526
0.0,5,35.152818
0.0,6,35.153052
0.0,2,35.153173
0.0,6,35.153405
0.0,3,35.153553
0.0,1,35.153643
0.0,1,35.153733
1.0,10,35.154084
0.0,2,35.154206
0.0,5,35.15441
0.0,1,35.1545
0.0,2,35.154619
0.0,1,35.154708
0.0,1,35.154808
0.0,1,35.154899
0.0,2,35.155018
0.0,5,35.155222
0.0,3,35.155369
0.0,5,35.155574
1.0,16,35.156099
0.0,2,35.15622
0.0,5,35.156424
0.0,1,35.156514
0.0,6,35.156746
0.0,2,35.156873
0.0,4,35.157049
0.0,5,35.157253
0.0,1,35.157343
0.0,11,35.157717
0.0,6,35.157961
0.0,2,35.158083
0.0,6,35.158314
0.0,4,35.15849
0.0,3,35.158638
0.0,1,35.158728
0.0,13,35.159167
0.0,4,35.159345
0.0,5,35.159548
1.0,29,35.160447
0.0,8,35.160737
0.0,2,35.160865
0.0,1,35.160956
0.0,8,35.161257
0.0,10,35.161599
1.0,18,35.162183
0.0,4,35.162361
0.0,5,35.162565
1.0,27,35.163392
0.0,2,35.163515
0.0,2,35.163634
0.0,11,35.164017
0.0,1,35.16411
0.0,3,35.164257
1.0,8,35.164543
0.0,2,35.164663
0.0,5,35.164878
0.0,1,35.164971
0.0,1,35.16506
0.0,4,35.165235
0.0,1,35.165325
0.0,2,35.165444
0.0,1,35.165534
1.0,11,35.165919
0.0,2,35.16604
0.0,1,35.16613
0.0,4,35.166305
0.0,1,35.166394
0.0,1,35.166484
0.0,7,35.166744
0.0,6,35.166984
0.0,8,35.167274
0.0,5,35.167477
1.0,14,35.167947
0.0,4,35.168124
0.0,2,35.168244
0.0,3,35.168392
0.0,5,35.168596
0.0,10,35.168953
0.0,20,35.169584
0.0,3,35.169732
0.0,9,35.170061
0.0,1,35.170154
0.0,6,35.170387
0.0,2,35.170506
0.0,16,35.171036
0.0,4,35.171213
0.0,1,35.171304
0.0,1,35.171393
0.0,1,35.171482
0.0,7,35.171741
0.0,2,35.171869
0.0,1,35.171958
0.0,8,35.172247
0.0,15,35.172729
0.0,3,35.172887
0.0,16,35.173398
0.0,1,35.173488
0.0,1,35.173578
1.0,6,35.173823
0.0,1,35.173915
0.0,3,35.174063
0.0,2,35.174182
0.0,5,35.174387
0.0,4,35.174562
0.0,1,35.174652
0.0,2,35.17478
0.0,6,35.175014
0.0,1,35.175104
0.0,4,35.17528
0.0,1,35.17537
0.0,1,35.175459
0.0,1,35.175549
0.0,1,35.175637
0.0,3,35.175795
0.0,3,35.175944
0.0,5,35.176149
0.0,6,35.17638
0.0,7,35.17664
0.0,2,35.176758
0.0,1,35.176861
0.0,2,35.17698
0.0,16,35.177489
0.0,1,35.17758
0.0,1,35.17767
1.0,13,35.178111
0.0,2,35.178232
0.0,1,35.178322
0.0,5,35.178538
0.0,3,35.178685
1.0,11,35.179069
0.0,6,35.179305
0.0,6,35.179538
0.0,1,35.179628
0.0,4,35.179823
1.0,10,35.180172
0.0,2,35.180291
0.0,1,35.180381
0.0,1,35.180471
0.0,1,35.180561
0.0,3,35.180707
0.0,1,35.180808
0.0,1,35.180899
1.0,17,35.181439
0.0,12,35.18185
0.0,1,35.181942
0.0,2,35.18206
0.0,10,35.182403
0.0,1,35.182493
0.0,5,35.182697
1.0,27,35.183528
0.0,1,35.18362
0.0,3,35.183777
0.0,1,35.183868
0.0,17,35.184407
0.0,11,35.18479
0.0,3,35.184939
0.0,2,35.185058
0.0,14,35.185512
0.0,11,35.185897
0.0,1,35.185988
0.0,1,35.186079
0.0,2,35.186198
0.0,1,35.186288
0.0,3,35.186436
0.0,8,35.186723
0.0,2,35.18685
0.0,5,35.187056
0.0,5,35.18726
0.0,3,35.187407
0.0,1,35.187497
0.0,5,35.187701
0.0,3,35.187858
0.0,2,35.187978
0.0,1,35.188068
0.0,3,35.188215
0.0,3,35.188361
0.0,5,35.188565
0.0,1,35.188655
0.0,1,35.188745
0.0,2,35.188874
0.0,3,35.189022
0.0,1,35.189111
0.0,1,35.189201
0.0,2,35.18932
0.0,5,35.189523
0.0,1,35.189612
0.0,14,35.190088
0.0,1,35.19018
0.0,1,35.190269
1.0,23,35.190989
0.0,4,35.191167
0.0,2,35.191286
0.0,7,35.191545
0.0,8,35.191847
1.0,13,35.19228
0.0,1,35.192371
0.0,1,35.192461
0.0,14,35.192927
0.0,10,35.193272
0.0,11,35.193643
0.0,6,35.193887
0.0,2,35.194009
1.0,11,35.194382
0.0,2,35.194501
0.0,8,35.194802
0.0,3,35.194952
0.0,1,35.195042
0.0,1,35.195131
0.0,12,35.195531
0.0,5,35.195735
0.0,1,35.195833
0.0,19,35.19643
0.0,8,35.196719
0.0,17,35.197267
0.0,1,35.19736
0.0,12,35.197758
0.0,1,35.197861
0.0,4,35.198036
0.0,15,35.198521
0.0,2,35.19864
0.0,4,35.198827
0.0,2,35.198947
0.0,4,35.199123
0.0,1,35.199212
0.0,1,35.199302
0.0,6,35.199533
0.0,2,35.199652
0.0,1,35.199741
0.0,2,35.199876
0.0,5,35.20008
0.0,2,35.2002
0.0,1,35.200289
0.0,1,35.200379
0.0,7,35.200639
0.0,1,35.200729
0.0,3,35.200887
0.0,8,35.201176
0.0,1,35.201267
0.0,7,35.201526
0.0,2,35.201645
0.0,2,35.201773
0.0,1,35.201866
0.0,9,35.202183
0.0,5,35.202387
0.0,1,35.202477
0.0,4,35.202651
0.0,1,35.202741
0.0,22,35.20343
0.0,5,35.203635
0.0,1,35.203725
0.0,3,35.203888
0.0,1,35.20398
0.0,1,35.20407
0.0,3,35.204217
0.0,1,35.204307
0.0,3,35.204455
0.0,18,35.205035
0.0,18,35.205606
0.0,10,35.205963
0.0,1,35.206054
0.0,1,35.206145
0.0,6,35.206377
0.0,3,35.206525
0.0,1,35.206616
0.0,1,35.206706
0.0,1,35.206808
0.0,9,35.207125
0.0,3,35.207273
0.0,1,35.207363
0.0,7,35.207622
0.0,9,35.20795
0.0,6,35.208184
0.0,2,35.208304
0.0,6,35.208535
0.0,2,35.208655
0.0,1,35.208745
0.0,7,35.209015
0.0,1,35.209106
0.0,4,35.209282
0.0,2,35.2094
0.0,1,35.20949
0.0,7,35.209749
0.0,9,35.210084
0.0,4,35.21026
0.0,3,35.210408
0.0,1,35.210498
0.0,6,35.21073
0.0,4,35.210914
0.0,3,35.211064
0.0,19,35.211662
0.0,11,35.212048
0.0,3,35.212197
0.0,1,35.212288
0.0,4,35.212463
0.0,2,35.212583
0.0,2,35.212701
0.0,1,35.212803
0.0,3,35.212953
1.0,9,35.213271
0.0,3,35.213419
0.0,1,35.21351
0.0,2,35.213629
0.0,1,35.213719
1.0,10,35.214073
0.0,2,35.214195
0.0,1,35.214285
0.0,1,35.214375
0.0,7,35.214634
0.0,1,35.214724
0.0,3,35.214881
0.0,3,35.215031
0.0,1,35.215121
0.0,9,35.215438
0.0,1,35.215528
0.0,1,35.215618
0.0,1,35.215708
0.0,16,35.216235
0.0,3,35.216385
0.0,12,35.216798
0.0,9,35.217115
0.0,1,35.217206
0.0,3,35.217353
0.0,6,35.217586
0.0,1,35.217676
0.0,1,35.217774
1.0,27,35.218596
0.0,1,35.218687
0.0,3,35.218848
0.0,8,35.219139
0.0,1,35.21923
0.0,2,35.21935
0.0,8,35.219639
0.0,1,35.219729
0.0,3,35.21989
0.0,12,35.220294
1.0,7,35.220554
0.0,1,35.220645
0.0,11,35.221028
0.0,16,35.221542
0.0,1,35.221633
0.0,4,35.221821
0.0,4,35.221999
0.0,1,35.222089
0.0,8,35.222377
1.0,15,35.222875
0.0,2,35.222997
0.0,2,35.223116
0.0,1,35.223206
0.0,10,35.223549
0.0,1,35.22364
0.0,1,35.22373
0.0,17,35.224275
0.0,17,35.224832
0.0,1,35.224924
0.0,13,35.225355
0.0,2,35.225474
0.0,1,35.225564
0.0,2,35.225682
1.0,13,35.226122
0.0,2,35.226244
1.0,21,35.22691
0.0,1,35.227002
0.0,6,35.227235
0.0,5,35.227438
0.0,15,35.227936
1.0,15,35.228422
0.0,27,35.22926
0.0,6,35.229508
0.0,1,35.229599
0.0,16,35.230129
0.0,3,35.23028
0.0,1,35.23037
0.0,5,35.230575
0.0,1,35.230664
0.0,5,35.230882
0.0,1,35.230973
1.0,33,35.231977
0.0,1,35.232069
0.0,4,35.232246
0.0,6,35.232478
0.0,1,35.232569
0.0,1,35.232659
0.0,16,35.233183
0.0,9,35.233501
0.0,1,35.233591
0.0,8,35.233892
0.0,16,35.234406
0.0,8,35.234694
0.0,3,35.234853
0.0,4,35.235031
0.0,1,35.235121
0.0,4,35.235296
0.0,1,35.235386
0.0,1,35.235476
0.0,1,35.235566
0.0,28,35.236429
0.0,1,35.236521
0.0,5,35.236725
0.0,2,35.236856
0.0,6,35.237088
0.0,1,35.237179
0.0,3,35.237325
0.0,5,35.237529
0.0,1,35.237618
0.0,1,35.237709
0.0,3,35.237866
0.0,3,35.238015
0.0,1,35.238105
0.0,3,35.238254
0.0,1,35.238343
0.0,4,35.238519
0.0,9,35.238846
0.0,1,35.238939
0.0,1,35.239029
0.0,11,35.239403
0.0,1,35.239494
0.0,7,35.239755
0.0,3,35.239923
0.0,1,35.240013
0.0,1,35.240104
0.0,7,35.240364
0.0,12,35.240773
1.0,8,35.241064
0.0,1,35.241211
0.0,7,35.241474
0.0,1,35.241565
0.0,5,35.241779
0.0,1,35.24187
0.0,5,35.242075
0.0,2,35.242193
0.0,1,35.242283
0.0,1,35.242373
0.0,10,35.242718
0.0,6,35.242961
0.0,1,35.243053
0.0,2,35.243173
0.0,3,35.24332
0.0,3,35.243468
0.0,1,35.243558
0.0,2,35.243677
0.0,9,35.244006
0.0,7,35.244268
0.0,4,35.244445
0.0,1,35.244535
0.0,1,35.244625
0.0,1,35.244715
0.0,1,35.244814
0.0,1,35.244905
0.0,1,35.244994
0.0,1,35.245083
0.0,11,35.245456
0.0,1,35.245547
0.0,1,35.245636
0.0,1,35.245726
0.0,1,35.245827
0.0,1,35.245918
0.0,1,35.246008
0.0,7,35.246267
0.0,10,35.246611
0.0,1,35.246702
0.0,2,35.246832
0.0,27,35.247652
0.0,3,35.247811
0.0,4,35.247989
0.0,1,35.248079
0.0,2,35.248199
1.0,8,35.248488
0.0,4,35.248665
0.0,1,35.248755
0.0,1,35.248859
0.0,13,35.24929
0.0,1,35.24938
0.0,2,35.249499
0.0,3,35.249646
0.0,4,35.24984
0.0,2,35.249961
0.0,1,35.250051
0.0,7,35.250309
0.0,8,35.250599
0.0,11,35.250983
0.0,1,35.251075
0.0,7,35.251334
0.0,3,35.251482
0.0,1,35.251572
0.0,1,35.251662
0.0,2,35.251793
0.0,3,35.251943
0.0,16,35.252455
0.0,22,35.253148
0.0,1,35.25324
0.0,18,35.253823
0.0,4,35.254002
0.0,1,35.254092
0.0,1,35.254182
0.0,2,35.254303
0.0,1,35.254393
0.0,4,35.25457
0.0,1,35.25466
1.0,13,35.255105
0.0,1,35.255197
0.0,7,35.255459
0.0,1,35.255549
0.0,4,35.255725
0.0,1,35.255824
0.0,6,35.256059
0.0,10,35.256404
0.0,1,35.256495
0.0,6,35.256727
0.0,1,35.256826
0.0,3,35.256975
0.0,30,35.257896
0.0,1,35.257988
0.0,3,35.258136
0.0,4,35.258312
0.0,10,35.258656
0.0,7,35.258929
0.0,9,35.259247
0.0,1,35.259337
0.0,5,35.259542
0.0,23,35.260267
0.0,1,35.260359
0.0,1,35.260449
0.0,10,35.260809
0.0,5,35.261015
0.0,1,35.261105
0.0,4,35.26128
0.0,1,35.26137
0.0,1,35.26146
1.0,28,35.262324
0.0,1,35.262417
0.0,6,35.26265
0.0,1,35.26274
0.0,1,35.262839
1.0,15,35.263325
0.0,7,35.263587
0.0,3,35.263735
0.0,6,35.263977
0.0,1,35.264068
0.0,4,35.264245
0.0,2,35.264364
0.0,11,35.264738
0.0,1,35.264835
0.0,3,35.264987
0.0,1,35.265077
0.0,1,35.265167
0.0,2,35.265285
0.0,3,35.265433
0.0,4,35.265608
0.0,1,35.265698
0.0,1,35.265799
0.0,2,35.265919
0.0,3,35.266067
0.0,2,35.266186
0.0,3,35.266334
0.0,6,35.266567
0.0,17,35.267121
0.0,1,35.267214
0.0,1,35.267304
0.0,1,35.267394
0.0,6,35.267626
0.0,1,35.267716
0.0,1,35.267816
0.0,1,35.267907
0.0,1,35.267996
0.0,2,35.268116
1.0,9,35.268432
0.0,1,35.268523
0.0,7,35.268794
0.0,4,35.268972
0.0,10,35.269316
0.0,1,35.269406
0.0,3,35.269553
0.0,4,35.26973
0.0,9,35.270065
0.0,1,35.270158
0.0,3,35.270306
0.0,2,35.270426
0.0,1,35.270516
0.0,4,35.270692
0.0,18,35.271273
0.0,1,35.271365
0.0,2,35.271485
0.0,1,35.271574
0.0,2,35.271693
0.0,1,35.271793
0.0,11,35.272167
0.0,1,35.272257
0.0,21,35.272922
0.0,1,35.273014
0.0,14,35.273469
0.0,7,35.273729
0.0,1,35.273828
0.0,6,35.274062
0.0,8,35.27435
0.0,8,35.274638
0.0,1,35.274728
0.0,5,35.274942
0.0,13,35.275373
1.0,20,35.276017
0.0,3,35.276167
0.0,1,35.276258
0.0,10,35.2766
0.0,29,35.277489
0.0,7,35.277753
0.0,1,35.277853
0.0,1,35.277943
0.0,3,35.278091
0.0,1,35.278195
0.0,3,35.278343
0.0,3,35.278491
0.0,10,35.278851
0.0,1,35.278943
0.0,1,35.279033
0.0,2,35.279151
0.0,22,35.279853
0.0,10,35.280202
1.0,13,35.280634
0.0,1,35.280724
1.0,10,35.281079
0.0,1,35.281171
0.0,9,35.281489
0.0,4,35.281664
0.0,1,35.281754
0.0,5,35.281971
0.0,1,35.282061
0.0,3,35.282207
0.0,5,35.282411
0.0,11,35.282793
0.0,1,35.282886
0.0,1,35.282976
0.0,11,35.283351
0.0,3,35.283498
0.0,1,35.283589
0.0,2,35.283708
0.0,5,35.283922
0.0,2,35.284043
0.0,18,35.284617
0.0,2,35.284736
0.0,24,35.285485
0.0,1,35.285577
0.0,1,35.285667
0.0,5,35.285882
0.0,1,35.285974
0.0,6,35.286206
0.0,1,35.286296
1.0,18,35.286875
0.0,7,35.287139
1.0,11,35.287513
0.0,2,35.287632
0.0,1,35.287721
0.0,1,35.287823
0.0,6,35.288057
0.0,9,35.288373
1.0,12,35.288783
0.0,26,35.289574
0.0,7,35.28985
0.0,1,35.289943
0.0,4,35.290119
0.0,5,35.290323
1.0,7,35.290583
0.0,2,35.290703
0.0,2,35.290833
0.0,30,35.291741
0.0,3,35.291898
0.0,5,35.292103
0.0,3,35.29225
0.0,1,35.292341
0.0,1,35.292431
0.0,10,35.292787
0.0,4,35.292966
0.0,3,35.293113
0.0,8,35.293402
0.0,7,35.293662
0.0,1,35.293752
0.0,4,35.29394
0.0,9,35.294255
0.0,1,35.294345
0.0,4,35.294521
0.0,6,35.294752
0.0,4,35.294939
0.0,2,35.295059
0.0,7,35.29532
0.0,2,35.29544
0.0,2,35.295559
0.0,6,35.295804
0.0,4,35.295981
0.0,3,35.296129
0.0,3,35.296277
0.0,1,35.296367
0.0,2,35.296486
0.0,2,35.296605
0.0,9,35.296936
0.0,1,35.297028
0.0,1,35.297118
0.0,11,35.297492
0.0,1,35.297582
1.0,7,35.297855
0.0,1,35.297947
0.0,5,35.298152
0.0,12,35.298554
0.0,7,35.298829
0.0,9,35.299149
0.0,2,35.299269
0.0,1,35.299359
0.0,2,35.299478
0.0,2,35.299597
0.0,1,35.299687
0.0,1,35.299793
0.0,9,35.300113
0.0,3,35.300262
0.0,5,35.300466
0.0,17,35.301018
0.0,4,35.301197
0.0,4,35.301373
0.0,4,35.30155
0.0,17,35.302103
0.0,1,35.302195
0.0,2,35.302315
0.0,1,35.302405
0.0,1,35.302495
0.0,3,35.302653
0.0,2,35.302784
0.0,1,35.302876
0.0,3,35.303024
0.0,1,35.303115
0.0,1,35.303204
0.0,2,35.303324
0.0,8,35.303613
0.0,3,35.303761
0.0,5,35.303977
0.0,2,35.304096
0.0,6,35.304329
0.0,1,35.304419
0.0,10,35.304772
0.0,4,35.304952
0.0,6,35.305183
0.0,4,35.305359
0.0,8,35.305647
0.0,8,35.305951
0.0,5,35.306158
0.0,5,35.306363
0.0,4,35.30654
0.0,6,35.306782
0.0,7,35.307045
0.0,1,35.307136
0.0,7,35.307396
0.0,4,35.307573
0.0,2,35.307692
0.0,15,35.308191
0.0,4,35.308368
0.0,1,35.308459
0.0,14,35.308928
0.0,1,35.309021
0.0,1,35.309111
0.0,1,35.309201
0.0,2,35.30932
0.0,5,35.309525
0.0,2,35.309644
0.0,6,35.309896
0.0,4,35.310075
0.0,1,35.310165
0.0,2,35.310284
0.0,3,35.310432
0.0,13,35.310872
0.0,1,35.310965
0.0,3,35.311113
0.0,7,35.311376
0.0,3,35.311524
0.0,4,35.311701
1.0,19,35.312309
0.0,1,35.312402
0.0,4,35.312579
1.0,28,35.313441
0.0,8,35.313732
0.0,7,35.314001
0.0,3,35.31415
0.0,1,35.314241
0.0,6,35.314474
0.0,4,35.31465
0.0,7,35.314925
0.0,1,35.315017
0.0,7,35.315277
0.0,5,35.315482
0.0,10,35.315838
0.0,8,35.31613
0.0,5,35.316334
0.0,2,35.316453
0.0,6,35.316684
0.0,5,35.3169
0.0,1,35.316992
0.0,6,35.317224
0.0,1,35.317314
0.0,1,35.317404
0.0,6,35.317635
0.0,18,35.318216
0.0,6,35.318452
0.0,2,35.318572
0.0,11,35.318956
0.0,1,35.319049
0.0,5,35.319251
0.0,1,35.319341
0.0,5,35.319546
1.0,11,35.319937
0.0,6,35.320171
0.0,11,35.320545
0.0,3,35.320693
0.0,11,35.321082
0.0,2,35.321204
0.0,5,35.321409
0.0,8,35.321698
0.0,4,35.321885
0.0,3,35.322035
0.0,5,35.32224
0.0,10,35.322583
0.0,1,35.322674
0.0,4,35.32286
0.0,3,35.323009
0.0,1,35.323099
0.0,1,35.323189
1.0,6,35.323421
0.0,16,35.323948
0.0,7,35.32421
0.0,9,35.324527
1.0,23,35.325248
1.0,16,35.325774
0.0,1,35.325867
0.0,1,35.325958
1.0,13,35.326389
0.0,5,35.326594
0.0,2,35.326713
0.0,1,35.326815
0.0,1,35.326907
0.0,1,35.326997
0.0,1,35.327087
0.0,6,35.32732
1.0,14,35.327788
0.0,3,35.327938
0.0,3,35.328087
0.0,3,35.328235
0.0,4,35.32841
0.0,4,35.328585
0.0,4,35.32876
0.0,1,35.328861
0.0,10,35.329208
0.0,3,35.329357
0.0,2,35.329476
0.0,1,35.329566
0.0,1,35.329669
0.0,1,35.329759
1.0,12,35.330179
0.0,1,35.330271
0.0,7,35.33053
0.0,2,35.33065
0.0,1,35.33074
0.0,1,35.330838
0.0,1,35.330929
0.0,5,35.331132
0.0,4,35.331307
0.0,1,35.331397
0.0,1,35.331487
0.0,1,35.331576
0.0,2,35.331696
0.0,5,35.331911
0.0,2,35.332032
0.0,9,35.332351
0.0,1,35.332441
0.0,2,35.332561
0.0,1,35.33265
0.0,10,35.33301
0.0,3,35.33316
0.0,1,35.333251
0.0,1,35.33334
0.0,10,35.333685
0.0,1,35.333786
0.0,1,35.333877
0.0,12,35.334278
0.0,1,35.334369
0.0,1,35.334458
0.0,3,35.334605
0.0,1,35.334695
0.0,3,35.334855
0.0,4,35.335033
0.0,4,35.33521
0.0,1,35.335299
0.0,4,35.335476
0.0,1,35.335566
0.0,1,35.335655
0.0,4,35.335844
0.0,1,35.335936
0.0,7,35.336196
0.0,1,35.336286
0.0,1,35.336376
0.0,3,35.336524
0.0,2,35.336643
0.0,5,35.336859
0.0,1,35.336952
0.0,3,35.337101
1.0,15,35.337584
0.0,1,35.337675
0.0,9,35.338004
0.0,2,35.338126
1.0,19,35.338724
0.0,6,35.338972
0.0,4,35.33915
0.0,1,35.339241
0.0,2,35.339361
0.0,4,35.339538
0.0,3,35.339687
0.0,5,35.33991
0.0,8,35.340202
0.0,1,35.340294
0.0,1,35.340385
0.0,1,35.340476
0.0,1,35.340567
0.0,3,35.340715
0.0,6,35.340958
0.0,1,35.341051
0.0,6,35.341284
0.0,1,35.34143
0.0,6,35.341664
0.0,2,35.341797
0.0,2,35.341918
0.0,1,35.342008
0.0,3,35.342156
0.0,6,35.342389
0.0,2,35.342507
0.0,2,35.342626
0.0,7,35.342899
0.0,5,35.343105
0.0,4,35.343281
0.0,7,35.343542
0.0,1,35.343632
0.0,3,35.34379
0.0,2,35.343911
0.0,1,35.344001
0.0,5,35.344204
0.0,9,35.344522
0.0,3,35.344671
0.0,1,35.344761
0.0,1,35.344863
0.0,1,35.344953
0.0,1,35.345042
0.0,6,35.345275
0.0,3,35.345423
0.0,1,35.345513
0.0,9,35.345841
0.0,9,35.346159
0.0,3,35.346307
0.0,10,35.346652
0.0,1,35.346742
0.0,3,35.346898
0.0,1,35.346988
0.0,2,35.347107
0.0,9,35.347422
0.0,4,35.347599
1.0,16,35.348125
0.0,3,35.348275
0.0,1,35.348365
0.0,2,35.348484
0.0,6,35.348715
0.0,9,35.349041
0.0,2,35.349162
0.0,7,35.349424
0.0,1,35.349514
0.0,1,35.349604
0.0,17,35.350161
0.0,13,35.350594
0.0,21,35.351264
0.0,2,35.351386
0.0,6,35.351619
0.0,1,35.35171
0.0,1,35.35181
0.0,2,35.35193
0.0,13,35.352359
0.0,2,35.352479
0.0,8,35.352775
0.0,1,35.352868
0.0,1,35.352958
0.0,14,35.353419
0.0,1,35.353509
0.0,1,35.353599
0.0,1,35.353689
0.0,2,35.353821
0.0,4,35.353998
0.0,5,35.354203
0.0,1,35.354293
0.0,37,35.355406
0.0,1,35.355499
1.0,10,35.355855
0.0,2,35.355976
0.0,1,35.356066
0.0,1,35.356155
0.0,3,35.356303
0.0,1,35.356392
0.0,6,35.356625
0.0,1,35.356715
0.0,10,35.357073
0.0,1,35.357165
0.0,1,35.357255
0.0,3,35.357401
1.0,20,35.35804
0.0,1,35.358133
0.0,3,35.358282
0.0,3,35.358429
0.0,13,35.358872
0.0,6,35.359106
0.0,1,35.359197
0.0,4,35.359372
0.0,2,35.359492
0.0,1,35.359581
0.0,7,35.359863
0.0,8,35.360154
0.0,2,35.360274
0.0,8,35.36056
0.0,1,35.360651
0.0,1,35.36074
0.0,1,35.360837
0.0,1,35.360928
0.0,11,35.361302
0.0,6,35.361535
0.0,4,35.361712
0.0,1,35.361812
0.0,7,35.362076
0.0,1,35.362166
1.0,7,35.362427
1.0,18,35.363011
0.0,2,35.363133
0.0,10,35.363478
0.0,4,35.363654
0.0,1,35.363744
0.0,1,35.363843
0.0,2,35.363961
0.0,2,35.36408
0.0,1,35.36417
0.0,1,35.364259
0.0,5,35.364463
0.0,1,35.364554
0.0,1,35.364643
0.0,1,35.364733
0.0,12,35.365142
0.0,4,35.36532
0.0,8,35.365608
0.0,9,35.365938
0.0,5,35.366145
0.0,7,35.366406
0.0,14,35.366876
0.0,1,35.366969
0.0,2,35.367088
0.0,6,35.367321
0.0,1,35.367411
0.0,1,35.3675
0.0,1,35.367589
0.0,2,35.367707
0.0,1,35.367807
0.0,11,35.368182
0.0,1,35.368271
0.0,1,35.368361
0.0,2,35.36848
0.0,1,35.36857
0.0,5,35.368786
0.0,1,35.368877
0.0,1,35.368968
0.0,7,35.369229
0.0,1,35.369319
0.0,1,35.369409
0.0,1,35.369498
0.0,10,35.369862
0.0,9,35.370179
0.0,1,35.37027
0.0,1,35.37036
0.0,4,35.370535
0.0,2,35.370654
0.0,10,35.37101
0.0,24,35.371749
0.0,6,35.371993
0.0,16,35.372508
1.0,6,35.372741
0.0,1,35.37284
0.0,22,35.373528
0.0,2,35.373647
0.0,4,35.373835
0.0,14,35.374296
0.0,3,35.374445
0.0,1,35.374534
0.0,1,35.374624
0.0,2,35.374743
0.0,3,35.374903
0.0,1,35.374993
0.0,5,35.375214
0.0,1,35.375304
0.0,15,35.3758
1.0,9,35.376118
0.0,11,35.376494
0.0,4,35.37667
0.0,1,35.376759
0.0,1,35.37686
0.0,10,35.377204
0.0,1,35.377294
1.0,9,35.377613
0.0,3,35.377761
0.0,1,35.377865
0.0,1,35.377955
0.0,2,35.378074
1.0,13,35.378502
0.0,1,35.378593
0.0,1,35.378684
0.0,2,35.378814
0.0,1,35.378905
0.0,1,35.378995
0.0,3,35.379143
0.0,1,35.379233
0.0,2,35.379351
0.0,1,35.379441
0.0,1,35.37953
0.0,5,35.379734
0.0,11,35.380118
0.0,2,35.38024
0.0,5,35.380445
0.0,9,35.380762
0.0,2,35.380894
0.0,1,35.380984
0.0,6,35.381216
0.0,4,35.381392
0.0,3,35.381538
0.0,6,35.381781
1.0,20,35.382407
0.0,1,35.382499
0.0,3,35.382646
0.0,13,35.383087
0.0,1,35.383179
0.0,7,35.38344
0.0,2,35.38356
0.0,6,35.383807
0.0,3,35.383957
0.0,2,35.384076
0.0,3,35.384223
0.0,5,35.384429
0.0,1,35.38452
0.0,2,35.384638
0.0,1,35.384728
0.0,1,35.384826
0.0,1,35.384917
0.0,7,35.385178
0.0,8,35.385466
0.0,7,35.385726
0.0,1,35.385826
0.0,6,35.386059
0.0,4,35.386235
0.0,5,35.386439
0.0,3,35.386586
0.0,2,35.386705
0.0,8,35.387006
0.0,1,35.387097
0.0,3,35.387245
0.0,3,35.387393
0.0,2,35.387511
0.0,1,35.3876
0.0,10,35.387956
0.0,6,35.38819
0.0,2,35.388309
1.0,16,35.388836
1.0,8,35.389127
0.0,5,35.389333
0.0,3,35.389481
0.0,4,35.389656
0.0,2,35.389793
0.0,2,35.389914
0.0,1,35.390003
0.0,1,35.390093
0.0,1,35.390182
0.0,6,35.390414
0.0,8,35.390703
0.0,3,35.390862
0.0,1,35.390953
0.0,2,35.391072
0.0,1,35.391161
0.0,1,35.391251
1.0,10,35.391594
0.0,1,35.391684
0.0,3,35.391841
0.0,1,35.391933
0.0,1,35.392023
0.0,5,35.392227
0.0,7,35.392488
0.0,3,35.392636
0.0,2,35.392754
0.0,10,35.393111
0.0,24,35.393861
0.0,3,35.394011
0.0,1,35.394101
0.0,1,35.394191
0.0,1,35.39428
1.0,15,35.394778
0.0,3,35.394928
0.0,4,35.395105
0.0,1,35.395195
0.0,1,35.395285
0.0,4,35.39546
1.0,20,35.3961
0.0,6,35.396335
0.0,10,35.396678
0.0,9,35.397006
0.0,7,35.397269
0.0,6,35.3975
0.0,1,35.397591
0.0,4,35.397775
0.0,1,35.397868
0.0,3,35.398016
0.0,2,35.398136
0.0,2,35.398255
0.0,30,35.399177
0.0,10,35.399523
0.0,2,35.399642
0.0,11,35.400031
0.0,1,35.400123
0.0,7,35.400383
0.0,1,35.400474
0.0,3,35.400622
0.0,4,35.400809
0.0,1,35.400902
0.0,1,35.400992
0.0,5,35.401195
0.0,3,35.401343
0.0,1,35.401433
0.0,2,35.401552
0.0,5,35.401756
0.0,1,35.401859
0.0,3,35.402007
0.0,3,35.402153
0.0,1,35.402243
0.0,1,35.402333
1.0,23,35.403054
0.0,1,35.403146
0.0,9,35.403462
0.0,9,35.403796
0.0,9,35.404113
0.0,2,35.404234
0.0,19,35.404842
0.0,1,35.404934
0.0,1,35.405024
0.0,2,35.405143
0.0,1,35.405233
0.0,9,35.40555
0.0,1,35.40564
0.0,13,35.406083
0.0,1,35.406176
0.0,2,35.406296
0.0,1,35.406385
0.0,1,35.406474
0.0,1,35.406563
0.0,10,35.406919
0.0,1,35.407012
0.0,1,35.407102
0.0,1,35.407191
0.0,1,35.407281
0.0,1,35.40737
1.0,19,35.407981
0.0,4,35.40816
1.0,17,35.408704
0.0,1,35.408805
0.0,14,35.409266
0.0,1,35.409357
1.0,36,35.41045
0.0,1,35.410542
0.0,3,35.41069
0.0,1,35.410792
0.0,8,35.411082
0.0,5,35.411285
0.0,2,35.411405
0.0,4,35.41158
0.0,4,35.411755
0.0,2,35.411886
0.0,2,35.412005
0.0,4,35.412181
0.0,1,35.41227
0.0,1,35.41236
0.0,4,35.412535
0.0,1,35.412625
0.0,1,35.412715
0.0,2,35.412844
0.0,3,35.412993
0.0,1,35.413083
0.0,10,35.413428
0.0,6,35.413659
0.0,1,35.413749
0.0,3,35.413908
0.0,4,35.414085
0.0,1,35.414175
0.0,3,35.414323
0.0,2,35.414442
0.0,1,35.414531
0.0,13,35.41497
0.0,1,35.415062
0.0,3,35.41521
0.0,11,35.415582
0.0,5,35.415796
0.0,3,35.415946
0.0,3,35.416093
0.0,1,35.416183
0.0,1,35.416273
0.0,2,35.416392
0.0,14,35.416861
0.0,1,35.416953
0.0,5,35.417156
0.0,2,35.417275
0.0,3,35.417423
0.0,26,35.418231
0.0,2,35.418353
0.0,10,35.418697
0.0,7,35.418968
0.0,23,35.419683
0.0,1,35.419791
0.0,1,35.419885
0.0,3,35.420032
0.0,10,35.420378
0.0,5,35.420583
0.0,4,35.42076
0.0,3,35.420918
0.0,1,35.421008
0.0,13,35.421437
0.0,3,35.421585
0.0,3,35.421732
0.0,4,35.421916
0.0,1,35.422007
0.0,29,35.4229
0.0,14,35.42336
0.0,6,35.423593
0.0,3,35.423741
0.0,1,35.423839
0.0,6,35.424084
0.0,12,35.424489
0.0,1,35.424579
0.0,8,35.424881
0.0,1,35.424972
0.0,7,35.425232
0.0,5,35.425436
0.0,1,35.425526
0.0,28,35.426387
0.0,8,35.42668
0.0,2,35.426811
0.0,2,35.426933
0.0,4,35.427108
1.0,8,35.427397
0.0,1,35.427487
0.0,7,35.427748
0.0,2,35.427876
0.0,4,35.428051
0.0,3,35.428199
0.0,1,35.428289
0.0,2,35.428408
0.0,14,35.428881
0.0,2,35.429003
0.0,1,35.429093
0.0,11,35.429464
0.0,1,35.429555
0.0,6,35.429803
0.0,2,35.429924
0.0,3,35.430072
0.0,7,35.430334
0.0,5,35.430537
0.0,2,35.430657
0.0,2,35.430786
0.0,1,35.430878
0.0,1,35.430968
0.0,2,35.431086
0.0,1,35.431176
1.0,16,35.43169
0.0,12,35.432103
0.0,1,35.432195
0.0,5,35.432399
0.0,4,35.432574
0.0,3,35.43272
0.0,1,35.43282
0.0,1,35.432911
0.0,1,35.433001
1.0,16,35.433514
0.0,2,35.433634
0.0,1,35.433724
0.0,5,35.433937
0.0,3,35.434086
0.0,1,35.434175
0.0,13,35.434604
1.0,8,35.434908
0.0,2,35.43503
0.0,1,35.43512
0.0,4,35.435296
0.0,1,35.435386
0.0,1,35.435476
1.0,7,35.435737
0.0,2,35.435863
0.0,7,35.436124
0.0,1,35.436215
0.0,2,35.436334
1.0,13,35.436761
0.0,2,35.436894
0.0,7,35.437154
0.0,4,35.43733
0.0,2,35.437449
0.0,1,35.437539
0.0,1,35.437631
0.0,2,35.43775
0.0,11,35.438134
0.0,5,35.43834
0.0,3,35.438489
0.0,5,35.438695
0.0,1,35.438796
0.0,1,35.438889
0.0,3,35.439037
0.0,5,35.439242
0.0,1,35.439332
0.0,2,35.439452
0.0,13,35.439898
0.0,1,35.43999
0.0,2,35.44011
0.0,1,35.4402
0.0,14,35.440656
0.0,1,35.440747
0.0,1,35.44085
0.0,2,35.440969
0.0,4,35.441145
0.0,3,35.441293
0.0,1,35.44144
0.0,4,35.441618
0.0,1,35.44171
0.0,8,35.44201
0.0,1,35.442102
0.0,15,35.442588
0.0,2,35.442708
0.0,3,35.442866
0.0,3,35.443014
0.0,12,35.443415
0.0,15,35.443913
0.0,1,35.444005
0.0,1,35.444095
0.0,5,35.444299
0.0,3,35.444446
0.0,7,35.444707
0.0,18,35.445285
0.0,3,35.445435
0.0,1,35.445525
0.0,1,35.445614
0.0,1,35.445704
0.0,4,35.44589
0.0,1,35.445981
0.0,1,35.446072
0.0,12,35.44647
0.0,6,35.446704
0.0,19,35.447314
0.0,16,35.447844
0.0,3,35.447994
0.0,11,35.448369
0.0,6,35.448601
0.0,6,35.448845
0.0,3,35.448995
0.0,3,35.449144
0.0,5,35.449347
0.0,4,35.449523
0.0,3,35.449671
0.0,1,35.44976
0.0,8,35.450069
0.0,3,35.450217
0.0,3,35.450365
0.0,2,35.450485
0.0,3,35.450632
0.0,22,35.451329
0.0,3,35.451479
0.0,1,35.451569
0.0,12,35.451981
0.0,1,35.452073
1.0,17,35.452613
0.0,1,35.452703
0.0,1,35.452804
0.0,1,35.452896
0.0,1,35.452986
0.0,4,35.453162
0.0,3,35.45331
0.0,4,35.453487
0.0,5,35.453691
0.0,4,35.453878
0.0,1,35.45397
0.0,1,35.454059
0.0,1,35.454149
0.0,3,35.454297
0.0,5,35.454502
0.0,1,35.454592
0.0,4,35.454776
0.0,4,35.454955
0.0,6,35.455186
0.0,1,35.455276
0.0,1,35.455366
1.0,17,35.455921
0.0,3,35.456072
1.0,10,35.456418
0.0,8,35.456706
0.0,12,35.457117
0.0,7,35.457379
0.0,3,35.457527
0.0,1,35.457617
0.0,7,35.457891
0.0,5,35.458095
0.0,9,35.458412
0.0,1,35.458503
0.0,4,35.45868
0.0,4,35.458869
0.0,17,35.459416
0.0,1,35.459506
0.0,1,35.459597
0.0,1,35.459687
0.0,3,35.459851
0.0,1,35.459944
0.0,1,35.460034
0.0,2,35.460153
0.0,4,35.460329
0.0,12,35.460729
0.0,7,35.460999
0.0,11,35.461373
0.0,1,35.461463
0.0,4,35.461639
1.0,24,35.462393
0.0,1,35.462485
0.0,5,35.462691
0.0,3,35.46285
0.0,4,35.463027
0.0,8,35.463315
0.0,7,35.463576
0.0,8,35.463876
0.0,3,35.464025
0.0,1,35.464115
0.0,7,35.464376
0.0,1,35.464466
0.0,13,35.464909
0.0,1,35.465002
0.0,2,35.465121
0.0,3,35.465269
0.0,1,35.46536
0.0,3,35.465506
0.0,20,35.466146
0.0,8,35.466436
0.0,1,35.466527
0.0,1,35.466617
0.0,5,35.466833
0.0,2,35.466954
0.0,1,35.467044
0.0,1,35.467134
0.0,6,35.467367
0.0,9,35.467682
0.0,5,35.467899
0.0,3,35.468049
0.0,6,35.468283
0.0,3,35.468432
0.0,2,35.46855
0.0,1,35.468641
0.0,1,35.468731
0.0,4,35.468915
0.0,1,35.469007
0.0,4,35.469183
0.0,16,35.469701
0.0,3,35.469865
0.0,1,35.469957
0.0,1,35.470047
0.0,17,35.47059
0.0,1,35.470681
0.0,1,35.470781
0.0,5,35.470988
0.0,2,35.471107
0.0,5,35.471312
0.0,1,35.471402
0.0,1,35.471492
0.0,1,35.471581
0.0,1,35.471684
0.0,1,35.471784
0.0,1,35.471875
1.0,27,35.4727
0.0,7,35.472972
0.0,1,35.473064
0.0,1,35.473154
0.0,14,35.473612
0.0,1,35.473703
0.0,1,35.473805
0.0,6,35.474037
0.0,1,35.474127
0.0,2,35.474246
1.0,11,35.47462
0.0,1,35.47471
0.0,5,35.474925
0.0,1,35.475017
0.0,1,35.475107
0.0,3,35.475254
0.0,3,35.475401
0.0,1,35.475491
0.0,1,35.47558
0.0,6,35.475822
0.0,4,35.476
0.0,2,35.476119
0.0,8,35.476409
0.0,2,35.476528
0.0,3,35.476676
0.0,4,35.476864
0.0,4,35.477042
0.0,1,35.477132
0.0,1,35.477222
0.0,13,35.477649
0.0,3,35.477809
0.0,9,35.478127
0.0,1,35.478217
0.0,1,35.478307
0.0,3,35.478455
0.0,3,35.478601
0.0,3,35.478749
1.0,22,35.47944
0.0,1,35.479532
0.0,3,35.479679
0.0,7,35.47996
0.0,1,35.480052
0.0,4,35.480228
0.0,1,35.480318
0.0,1,35.480408
0.0,4,35.480583
0.0,4,35.480759
0.0,1,35.48086
0.0,3,35.481007
0.0,1,35.481097
0.0,1,35.481188
0.0,6,35.481419
0.0,1,35.481509
0.0,10,35.481863
0.0,1,35.481955
0.0,2,35.482074
0.0,16,35.482587
0.0,4,35.482762
0.0,10,35.483122
0.0,7,35.483382
0.0,4,35.483557
0.0,2,35.483676
1.0,21,35.484341
0.0,12,35.484745
0.0,1,35.484845
0.0,1,35.484935
0.0,2,35.485054
0.0,8,35.485342
0.0,1,35.485432
0.0,1,35.485522
0.0,3,35.485669
0.0,13,35.486109
0.0,12,35.486512
0.0,1,35.486603
0.0,1,35.486692
0.0,2,35.486823
0.0,3,35.486971
0.0,6,35.487203
1.0,11,35.487577
0.0,1,35.487667
0.0,1,35.487757
0.0,6,35.488001
0.0,5,35.488205
0.0,1,35.488295
0.0,4,35.488472
0.0,1,35.488562
0.0,2,35.488682
0.0,2,35.488814
0.0,1,35.488906
0.0,2,35.489024
0.0,6,35.489258
0.0,1,35.489348
0.0,1,35.489438
0.0,18,35.490024
0.0,8,35.490316
0.0,2,35.490435
0.0,8,35.490723
0.0,12,35.491132
0.0,4,35.491309
0.0,1,35.4914
0.0,1,35.491489
0.0,5,35.491691
0.0,18,35.492282
0.0,1,35.492375
0.0,5,35.49258
0.0,4,35.492756
0.0,5,35.492972
1.0,9,35.493292
0.0,5,35.493496
0.0,3,35.493643
0.0,10,35.494001
0.0,5,35.494206
0.0,1,35.494296
0.0,1,35.494386
0.0,3,35.494533
0.0,12,35.494946
0.0,1,35.495038
0.0,5,35.495241
1.0,11,35.495615
0.0,10,35.495972
0.0,1,35.496064
0.0,1,35.496154
0.0,1,35.496244
0.0,14,35.4967
0.0,3,35.496858
0.0,3,35.497008
0.0,1,35.497099
0.0,13,35.497525
0.0,16,35.498053
0.0,1,35.498145
0.0,9,35.498464
0.0,1,35.498554
0.0,1,35.498643
0.0,3,35.498803
0.0,4,35.498981
0.0,13,35.499409
0.0,2,35.49953
0.0,8,35.499835
0.0,14,35.500293
0.0,12,35.500692
0.0,5,35.50091
0.0,18,35.501483
0.0,7,35.501745
0.0,1,35.501844
1.0,7,35.502106
0.0,3,35.502254
0.0,2,35.502375
0.0,4,35.502551
0.0,3,35.5027
0.0,18,35.50328
0.0,1,35.503372
0.0,5,35.503577
0.0,10,35.503935
0.0,2,35.504056
0.0,3,35.504204
0.0,13,35.504631
0.0,1,35.504721
0.0,1,35.504821
0.0,1,35.504913
0.0,23,35.505622
0.0,5,35.505838
0.0,1,35.505929
0.0,3,35.506077
0.0,4,35.506252
0.0,5,35.506457
0.0,12,35.50687
0.0,6,35.507104
0.0,10,35.507448
0.0,4,35.507625
0.0,9,35.507953
0.0,1,35.508045
0.0,1,35.508136
0.0,1,35.508226
0.0,2,35.508345
0.0,2,35.508464
0.0,5,35.508667
0.0,9,35.508996
0.0,1,35.509087
0.0,1,35.509178
0.0,6,35.509409
0.0,7,35.509669
0.0,3,35.509837
0.0,7,35.5101
0.0,3,35.510248
0.0,1,35.510339
0.0,7,35.510598
0.0,3,35.510746
0.0,6,35.510987
0.0,3,35.511135
0.0,2,35.511254
0.0,1,35.511344
0.0,2,35.511464
0.0,1,35.511553
0.0,4,35.511729
0.0,5,35.511941
0.0,1,35.512033
0.0,1,35.512123
0.0,3,35.512271
0.0,5,35.512475
0.0,1,35.512565
0.0,1,35.512655
0.0,2,35.512785
0.0,11,35.513162
0.0,21,35.513829
0.0,1,35.513922
0.0,2,35.514042
0.0,1,35.514132
0.0,1,35.514222
0.0,1,35.514312
0.0,9,35.514627
0.0,4,35.514814
0.0,4,35.514992
0.0,8,35.515284
0.0,1,35.515373
0.0,1,35.515464
0.0,3,35.515611
0.0,1,35.515701
0.0,1,35.515803
0.0,1,35.515894
0.0,1,35.515984
1.0,7,35.516247
0.0,1,35.516337
0.0,5,35.516542
0.0,5,35.516746
0.0,4,35.516933
1.0,9,35.517249
0.0,1,35.51734
0.0,4,35.517515
0.0,1,35.517606
0.0,1,35.517695
0.0,5,35.517911
0.0,7,35.518172
0.0,2,35.518291
0.0,10,35.518634
0.0,2,35.518753
0.0,2,35.518885
0.0,2,35.519005
0.0,1,35.519095
0.0,4,35.519284
0.0,2,35.519404
1.0,10,35.519752
0.0,10,35.520113
0.0,1,35.520204
0.0,2,35.520324
0.0,8,35.520613
1.0,34,35.521642
0.0,12,35.52206
0.0,4,35.522238
0.0,1,35.522328
0.0,9,35.522645
0.0,17,35.523201
0.0,5,35.523408
0.0,3,35.523556
0.0,1,35.523646
0.0,8,35.523947
0.0,9,35.524266
0.0,1,35.524356
1.0,8,35.524644
0.0,12,35.525059
0.0,1,35.525152
0.0,1,35.525242
0.0,4,35.525417
0.0,2,35.525537
0.0,3,35.525683
0.0,3,35.525842
0.0,8,35.526133
0.0,14,35.526593
1.0,10,35.526949
0.0,3,35.527099
0.0,4,35.527276
1.0,18,35.527856
0.0,2,35.527978
0.0,10,35.528322
0.0,1,35.528413
0.0,1,35.528503
0.0,1,35.528593
0.0,1,35.528682
0.0,5,35.528898
0.0,8,35.529188
0.0,1,35.529278
0.0,7,35.529539
0.0,2,35.529658
0.0,14,35.530137
0.0,2,35.530259
0.0,5,35.530464
0.0,1,35.530554
0.0,3,35.530701
0.0,3,35.530861
0.0,2,35.530983
0.0,1,35.531073
0.0,1,35.531163
0.0,4,35.531339
0.0,6,35.531572
0.0,1,35.531662
0.0,6,35.531905
0.0,2,35.532026
0.0,1,35.532116
0.0,2,35.532235
0.0,1,35.532325
0.0,14,35.532788
0.0,6,35.533023
0.0,1,35.533113
0.0,1,35.533203
0.0,1,35.533293
0.0,1,35.533383
0.0,14,35.533851
0.0,2,35.533973
0.0,1,35.534064
0.0,9,35.534381
0.0,5,35.534585
0.0,2,35.534704
0.0,1,35.534804
0.0,6,35.53504
0.0,1,35.535131
0.0,5,35.535335
0.0,4,35.53551
0.0,3,35.535658
1.0,9,35.535984
0.0,1,35.536076
0.0,3,35.536225
0.0,1,35.536315
0.0,2,35.536434
0.0,2,35.536554
0.0,2,35.536672
0.0,6,35.536919
0.0,1,35.537011
0.0,8,35.537302
0.0,1,35.537392
0.0,15,35.537891
0.0,8,35.538182
0.0,1,35.538273
0.0,1,35.538363
0.0,1,35.538452
0.0,6,35.538683
0.0,5,35.538899
0.0,1,35.538991
0.0,12,35.539391
0.0,9,35.539708
0.0,5,35.539933
0.0,1,35.540026
0.0,1,35.540117
0.0,3,35.540265
0.0,1,35.540355
0.0,1,35.540446
0.0,8,35.540735
0.0,16,35.541254
0.0,1,35.541347
0.0,1,35.541494
0.0,1,35.541586
0.0,7,35.541856
1.0,19,35.542456
0.0,3,35.542603
0.0,1,35.542693
0.0,1,35.542795
0.0,2,35.542915
0.0,1,35.543005
0.0,1,35.543095
0.0,1,35.543184
0.0,15,35.543671
0.0,5,35.543887
0.0,1,35.543979
0.0,6,35.54421
0.0,1,35.5443
0.0,1,35.54439
0.0,10,35.544734
0.0,4,35.544917
0.0,15,35.545404
0.0,1,35.545495
0.0,3,35.545642
0.0,4,35.54583
0.0,2,35.545952
0.0,11,35.546324
0.0,7,35.546586
0.0,1,35.546677
0.0,1,35.546775
0.0,2,35.546896
0.0,4,35.547072
0.0,11,35.547445
0.0,1,35.547535
0.0,5,35.547739
0.0,1,35.547837
0.0,13,35.548267
0.0,3,35.548416
0.0,5,35.54862
0.0,10,35.548979
0.0,8,35.54927
0.0,3,35.549418
0.0,5,35.549621
0.0,1,35.549711
0.0,6,35.549958
0.0,6,35.550193
0.0,5,35.550396
0.0,8,35.550683
0.0,1,35.550782
0.0,5,35.550988
0.0,10,35.551332
0.0,3,35.551479
0.0,1,35.551569
0.0,1,35.551659
0.0,12,35.552072
0.0,7,35.552335
0.0,1,35.552425
0.0,13,35.552868
0.0,3,35.553017
0.0,1,35.553107
0.0,1,35.553197
0.0,4,35.553372
0.0,1,35.553463
0.0,6,35.553695
0.0,1,35.553794
0.0,4,35.553972
0.0,1,35.554061
0.0,10,35.554404
0.0,5,35.554607
0.0,7,35.554883
0.0,1,35.554975
1.0,16,35.555491
0.0,15,35.555989
0.0,7,35.556252
0.0,9,35.556569
0.0,3,35.556717
0.0,4,35.556902
0.0,4,35.557079
0.0,8,35.557366
0.0,3,35.557514
0.0,1,35.557604
0.0,5,35.557822
0.0,8,35.558112
0.0,2,35.558232
0.0,1,35.558321
0.0,1,35.558411
0.0,2,35.55853
0.0,1,35.558619
0.0,1,35.558708
0.0,7,35.558978
0.0,1,35.55907
0.0,9,35.559384
0.0,3,35.559532
0.0,4,35.559707
0.0,1,35.559813
0.0,1,35.559905
0.0,2,35.560023
0.0,4,35.560199
0.0,2,35.560319
0.0,4,35.560496
0.0,2,35.560616
0.0,7,35.56089
0.0,6,35.561123
0.0,10,35.561469
0.0,1,35.56156
0.0,5,35.561762
0.0,8,35.562063
0.0,6,35.562297
0.0,1,35.562387
0.0,15,35.562885
0.0,9,35.563202
0.0,7,35.563462
0.0,3,35.56361
0.0,3,35.563757
0.0,5,35.563973
0.0,1,35.564064
0.0,15,35.564547
0.0,1,35.564637
0.0,1,35.564727
0.0,5,35.56494
0.0,5,35.565145
1.0,19,35.565745
0.0,1,35.565846
0.0,9,35.566163
0.0,1,35.566253
0.0,4,35.566428
0.0,6,35.56666
0.0,7,35.566935
0.0,19,35.567535
0.0,21,35.568202
0.0,6,35.568437
0.0,1,35.568527
0.0,5,35.568731
0.0,7,35.569007
0.0,12,35.569411
0.0,15,35.569918
0.0,5,35.570125
0.0,1,35.570215
0.0,7,35.570477
0.0,8,35.570774
0.0,8,35.571065
0.0,1,35.571155
0.0,1,35.571245
0.0,1,35.571335
0.0,4,35.571509
0.0,3,35.571657
0.0,1,35.571747
0.0,1,35.571846
1.0,25,35.572609
0.0,1,35.5727
0.0,7,35.572973
0.0,1,35.573066
1.0,11,35.573439
0.0,1,35.573529
0.0,7,35.573802
0.0,4,35.573982
0.0,1,35.574073
0.0,9,35.57439
0.0,1,35.57448
0.0,2,35.574599
1.0,11,35.574983
0.0,13,35.575416
0.0,3,35.575564
0.0,7,35.575838
0.0,1,35.57593
0.0,1,35.57602
0.0,1,35.576109
0.0,13,35.576536
0.0,2,35.576655
0.0,1,35.576745
0.0,1,35.576846
0.0,3,35.576993
0.0,1,35.577082
0.0,11,35.577453
0.0,1,35.577543
0.0,4,35.577719
0.0,2,35.577847
1.0,12,35.578253
0.0,9,35.578569
0.0,1,35.57866
0.0,1,35.578749
0.0,1,35.578849
0.0,1,35.578938
0.0,2,35.579056
0.0,1,35.579146
0.0,2,35.579264
0.0,3,35.579411
0.0,3,35.579559
0.0,1,35.579649
0.0,8,35.579956
0.0,1,35.580049
0.0,1,35.580139
0.0,1,35.580228
0.0,1,35.580318
0.0,1,35.580407
0.0,1,35.580497
0.0,2,35.580616
0.0,3,35.580773
0.0,5,35.580981
0.0,10,35.581327
0.0,6,35.581559
0.0,6,35.581802
0.0,1,35.581893
0.0,6,35.582128
0.0,3,35.582275
0.0,4,35.582451
0.0,8,35.582737
0.0,5,35.582951
0.0,3,35.5831
0.0,5,35.583304
0.0,4,35.583479
0.0,11,35.583864
0.0,4,35.584042
0.0,8,35.58433
0.0,1,35.58442
0.0,3,35.584568
0.0,1,35.584657
0.0,9,35.584986
0.0,1,35.585078
0.0,1,35.585168
0.0,1,35.585257
0.0,1,35.585346
0.0,9,35.585661
0.0,2,35.585793
0.0,1,35.585885
0.0,13,35.586314
0.0,4,35.586489
0.0,3,35.586637
0.0,4,35.586824
0.0,10,35.587171
0.0,3,35.587318
1.0,49,35.588782
0.0,3,35.588933
0.0,7,35.589193
0.0,6,35.589423
0.0,4,35.589598
0.0,1,35.589689
0.0,3,35.589853
1.0,26,35.590648
0.0,5,35.590865
0.0,1,35.590956
0.0,4,35.591132
0.0,2,35.591251
0.0,2,35.59137
0.0,17,35.591923
0.0,7,35.592186
0.0,4,35.592362
1.0,24,35.593113
0.0,6,35.593348
0.0,7,35.593609
0.0,1,35.593699
0.0,1,35.5938
0.0,2,35.59392
0.0,3,35.594068
0.0,2,35.594186
0.0,4,35.594362
0.0,1,35.594451
0.0,10,35.594807
0.0,7,35.59507
0.0,1,35.59516
0.0,1,35.595249
0.0,2,35.595368
0.0,12,35.595776
0.0,5,35.595983
0.0,1,35.596072
0.0,16,35.596586
0.0,1,35.596676
0.0,1,35.596774
0.0,1,35.596866
0.0,1,35.596956
0.0,3,35.597103
0.0,9,35.59742
0.0,10,35.597775
0.0,1,35.597868
0.0,6,35.5981
0.0,13,35.59853
0.0,1,35.598619
0.0,5,35.598836
0.0,12,35.599236
0.0,5,35.599442
0.0,1,35.599531
0.0,5,35.599737
0.0,5,35.599953
0.0,1,35.600044
0.0,1,35.600134
0.0,3,35.600281
0.0,1,35.600371
0.0,3,35.600518
1.0,18,35.601101
0.0,2,35.601223
0.0,1,35.601313
0.0,10,35.601658
0.0,1,35.601749
1.0,14,35.602217
0.0,11,35.602588
0.0,1,35.602679
0.0,1,35.602777
0.0,2,35.602898
0.0,1,35.602988
0.0,1,35.603077
0.0,1,35.603167
0.0,6,35.6034
0.0,4,35.603575
0.0,3,35.603722
0.0,1,35.603831
0.0,11,35.604206
0.0,6,35.604438
0.0,4,35.604615
0.0,2,35.604735
0.0,2,35.604861
0.0,1,35.604952
0.0,1,35.605042
0.0,3,35.60519
0.0,1,35.60528
0.0,2,35.605398
0.0,5,35.605601
1.0,17,35.606153
0.0,1,35.606245
0.0,2,35.606408
0.0,3,35.606555
0.0,1,35.606645
0.0,6,35.606892
0.0,5,35.607098
0.0,6,35.60733
0.0,9,35.607645
0.0,1,35.607735
0.0,1,35.607832
0.0,1,35.607924
0.0,4,35.608099
0.0,12,35.608501
0.0,2,35.608621
0.0,5,35.608839
0.0,1,35.60893
0.0,1,35.60902
0.0,4,35.609197
0.0,1,35.609287
0.0,1,35.609377
0.0,1,35.609467
0.0,4,35.609642
0.0,4,35.609838
0.0,8,35.610127
0.0,1,35.610218
0.0,1,35.610308
0.0,1,35.610398
0.0,4,35.610575
0.0,9,35.610906
0.0,1,35.610998
0.0,2,35.611117
0.0,4,35.611292
0.0,1,35.611382
0.0,8,35.61167
0.0,1,35.61176
0.0,3,35.611918
0.0,3,35.612066
0.0,16,35.612575
0.0,1,35.612666
0.0,1,35.612755
0.0,1,35.61286
0.0,3,35.613008
0.0,1,35.613097
0.0,2,35.613216
0.0,1,35.613305
0.0,4,35.613481
0.0,4,35.613657
0.0,6,35.613902
0.0,2,35.614023
0.0,4,35.614199
0.0,12,35.614599
0.0,3,35.614747
0.0,15,35.615244
0.0,7,35.615504
0.0,2,35.615624
0.0,9,35.615951
0.0,1,35.616056
1.0,11,35.616429
0.0,1,35.61652
1.0,23,35.617239
0.0,5,35.617446
0.0,21,35.618114
0.0,2,35.618235
0.0,2,35.618354
0.0,3,35.618501
0.0,2,35.61862
0.0,3,35.618775
0.0,1,35.618867
0.0,2,35.618986
0.0,10,35.61933
0.0,4,35.619506
0.0,1,35.619595
0.0,2,35.619714
0.0,5,35.619933
0.0,2,35.620054
0.0,3,35.620201
0.0,4,35.620378
0.0,4,35.620554
0.0,2,35.620673
0.0,1,35.620772
0.0,1,35.620867
0.0,1,35.620956
0.0,2,35.621076
0.0,3,35.621223
0.0,1,35.621313
0.0,1,35.621402
1.0,35,35.622467
0.0,7,35.62273
1.0,13,35.623169
0.0,9,35.623486
0.0,8,35.623785
0.0,4,35.623963
0.0,6,35.624196
0.0,3,35.624343
0.0,9,35.624659
0.0,2,35.624788
0.0,12,35.625192
0.0,4,35.625367
0.0,2,35.625486
0.0,1,35.625575
0.0,3,35.625722
0.0,3,35.625878
0.0,2,35.625999
0.0,3,35.626146
0.0,1,35.626236
0.0,9,35.626552
0.0,2,35.626671
0.0,1,35.62678
0.0,5,35.626986
1.0,16,35.627499
0.0,1,35.62759
0.0,13,35.62803
0.0,3,35.62818
0.0,1,35.62827
0.0,1,35.62836
0.0,3,35.628506
0.0,1,35.628596
0.0,11,35.628981
1.0,23,35.629692
0.0,1,35.629798
0.0,1,35.629891
0.0,1,35.62998
0.0,1,35.63007
0.0,3,35.630216
0.0,3,35.630363
0.0,9,35.630678
0.0,2,35.630809
0.0,3,35.630958
0.0,8,35.631247
0.0,6,35.631479
1.0,7,35.631742
0.0,2,35.631869
0.0,1,35.631959
0.0,8,35.632249
0.0,4,35.632424
0.0,2,35.632544
0.0,5,35.632748
0.0,5,35.632963
0.0,13,35.633394
0.0,1,35.633485
0.0,4,35.63366
0.0,1,35.63375
0.0,1,35.63385
1.0,6,35.634082
0.0,2,35.634202
0.0,1,35.634291
0.0,2,35.63441
0.0,16,35.634934
0.0,1,35.635026
0.0,1,35.635117
0.0,2,35.635237
0.0,6,35.635467
0.0,7,35.635727
0.0,9,35.636054
0.0,3,35.636203
0.0,17,35.636745
0.0,3,35.636903
1.0,9,35.637218
0.0,16,35.637731
0.0,4,35.637918
0.0,6,35.638151
0.0,2,35.638271
0.0,1,35.638361
0.0,4,35.638535
0.0,4,35.638712
0.0,2,35.638843
0.0,3,35.638991
0.0,1,35.639081
0.0,3,35.639229
0.0,1,35.639318
0.0,8,35.639608
0.0,5,35.639828
0.0,7,35.640091
0.0,11,35.640463
0.0,1,35.640553
0.0,8,35.640852
0.0,2,35.640973
0.0,8,35.64126
0.0,1,35.641351
0.0,1,35.641498
0.0,1,35.64159
0.0,5,35.641808
0.0,2,35.641929
0.0,7,35.642188
0.0,3,35.642335
0.0,1,35.642426
0.0,1,35.642516
0.0,6,35.642746
0.0,1,35.642846
0.0,9,35.643162
0.0,8,35.64345
1.0,7,35.64371
0.0,4,35.643897
0.0,4,35.644074
0.0,1,35.644164
0.0,1,35.644253
0.0,1,35.644343
0.0,2,35.644461
0.0,1,35.64455
0.0,14,35.645018
0.0,1,35.64511
0.0,1,35.645199
0.0,8,35.645488
0.0,2,35.645607
0.0,2,35.645726
0.0,3,35.645882
0.0,2,35.646003
0.0,1,35.646093
0.0,8,35.646381
0.0,2,35.646499
0.0,2,35.646619
0.0,14,35.647085
0.0,1,35.647178
0.0,1,35.647267
0.0,5,35.647471
0.0,1,35.647561
0.0,4,35.647738
0.0,7,35.648007
0.0,2,35.648128
0.0,1,35.648218
0.0,8,35.648505
0.0,12,35.648916
0.0,7,35.649178
0.0,5,35.649382
0.0,1,35.649472
0.0,3,35.649619
0.0,1,35.649709
0.0,36,35.650806
0.0,2,35.650929
0.0,9,35.651243
1.0,15,35.651727
0.0,7,35.651996
0.0,1,35.652088
0.0,7,35.652348
0.0,1,35.652438
0.0,3,35.652585
0.0,1,35.652675
0.0,1,35.652773
0.0,3,35.652924
0.0,8,35.653212
0.0,7,35.653473
0.0,6,35.653706
0.0,9,35.654036
0.0,1,35.654128
0.0,8,35.654418
0.0,1,35.654508
0.0,2,35.654627
0.0,17,35.65518
0.0,6,35.655416
0.0,1,35.655507
0.0,2,35.655627
0.0,8,35.655926
0.0,19,35.656528
0.0,1,35.656619
0.0,1,35.656709
0.0,7,35.65698
0.0,1,35.657072
0.0,1,35.657161
0.0,1,35.657251
1.0,23,35.657973
0.0,1,35.658066
0.0,1,35.658156
0.0,12,35.658559
0.0,1,35.658649
0.0,2,35.658777
0.0,2,35.658898
0.0,3,35.659046
0.0,1,35.659136
0.0,1,35.659226
0.0,3,35.659373
0.0,3,35.659521
0.0,5,35.659723
0.0,5,35.659945
0.0,1,35.660038
0.0,1,35.660128
0.0,1,35.660218
0.0,5,35.660422
0.0,4,35.660597
0.0,4,35.660783
0.0,4,35.660961
0.0,3,35.661108
0.0,5,35.661312
0.0,2,35.661431
0.0,3,35.661579
0.0,3,35.661727
0.0,4,35.661912
0.0,12,35.662313
0.0,5,35.662518
0.0,1,35.662608
0.0,11,35.662992
0.0,5,35.663198
0.0,2,35.663318
0.0,6,35.66355
0.0,3,35.663698
0.0,4,35.663884
0.0,11,35.664257
0.0,4,35.664434
0.0,1,35.664537
0.0,7,35.664811
0.0,1,35.664904
0.0,12,35.665308
0.0,7,35.665569
0.0,2,35.665689
0.0,2,35.665822
0.0,10,35.666169
0.0,15,35.666657
0.0,5,35.666874
0.0,1,35.666965
0.0,7,35.667227
0.0,1,35.667318
0.0,1,35.667407
0.0,2,35.667526
0.0,11,35.66791
0.0,3,35.66806
0.0,1,35.668149
0.0,7,35.668409
0.0,4,35.668586
0.0,1,35.668676
0.0,7,35.668951
0.0,1,35.669043
0.0,5,35.669248
0.0,1,35.669338
0.0,3,35.669486
0.0,13,35.669932
0.0,1,35.670025
0.0,23,35.670729
0.0,12,35.671144
0.0,3,35.671293
0.0,1,35.671383
0.0,3,35.67153
0.0,6,35.671763
0.0,9,35.672093
0.0,10,35.672441
0.0,1,35.672531
0.0,1,35.672621
0.0,3,35.672776
0.0,1,35.672869
0.0,7,35.67313
0.0,8,35.673419
0.0,2,35.673539
0.0,5,35.673744
0.0,1,35.673843
0.0,2,35.673963
0.0,1,35.674052
0.0,8,35.674339
0.0,7,35.674599
0.0,3,35.674747
0.0,1,35.674849
0.0,9,35.675168
0.0,3,35.675315
0.0,2,35.675437
0.0,3,35.675584
0.0,1,35.675674
0.0,12,35.676085
0.0,1,35.676178
0.0,1,35.676267
0.0,6,35.676501
0.0,9,35.676829
0.0,12,35.677234
0.0,2,35.677354
0.0,1,35.677444
0.0,2,35.677563
0.0,3,35.677711
0.0,1,35.677812
0.0,7,35.678074
1.0,9,35.67839
0.0,1,35.67848
0.0,8,35.678775
0.0,1,35.678868
0.0,16,35.679379
1.0,12,35.679796
0.0,1,35.679889
0.0,2,35.680007
0.0,1,35.680097
0.0,10,35.680443
0.0,5,35.680647
0.0,7,35.680922
0.0,1,35.681014
0.0,1,35.681104
0.0,1,35.681193
0.0,1,35.681283
0.0,4,35.681458
0.0,1,35.681548
0.0,7,35.681819
0.0,7,35.682084
0.0,1,35.682174
0.0,3,35.682322
0.0,1,35.682412
0.0,3,35.68256
0.0,1,35.682649
0.0,3,35.682808
1.0,11,35.683182
0.0,2,35.683302
0.0,3,35.68345
0.0,3,35.683597
0.0,1,35.683687
0.0,1,35.683788
0.0,1,35.68388
0.0,16,35.684394
0.0,2,35.684514
0.0,5,35.684719
0.0,1,35.684819
0.0,21,35.685477
0.0,2,35.685596
0.0,1,35.685686
0.0,2,35.685816
0.0,1,35.685907
0.0,5,35.686111
0.0,5,35.686317
0.0,2,35.686436
0.0,5,35.686641
0.0,3,35.6868
0.0,1,35.686892
0.0,20,35.687517
0.0,2,35.687637
0.0,8,35.687939
0.0,6,35.688174
0.0,14,35.688631
0.0,1,35.688721
0.0,3,35.688878
0.0,12,35.68928
0.0,10,35.689625
0.0,3,35.689791
0.0,1,35.689884
0.0,1,35.689975
0.0,1,35.690064
0.0,1,35.690153
0.0,1,35.690243
0.0,5,35.690448
0.0,1,35.690538
0.0,1,35.690627
0.0,8,35.690928
0.0,16,35.691442
0.0,1,35.691533
0.0,2,35.691653
0.0,1,35.691742
0.0,3,35.6919
0.0,9,35.692215
0.0,8,35.692505
0.0,10,35.692863
0.0,10,35.69321
0.0,6,35.693443
0.0,30,35.694361
0.0,6,35.694595
0.0,5,35.694811
0.0,7,35.695071
1.0,20,35.695699
0.0,1,35.695801
0.0,3,35.695951
0.0,1,35.696041
0.0,3,35.69619
0.0,2,35.696309
0.0,7,35.696571
0.0,1,35.696661
0.0,3,35.69682
0.0,1,35.696913
0.0,2,35.697033
0.0,11,35.697406
0.0,4,35.697583
0.0,1,35.697673
0.0,7,35.697945
0.0,3,35.698094
0.0,4,35.69827
0.0,1,35.69836
0.0,8,35.698648
0.0,4,35.698838
0.0,2,35.698959
0.0,4,35.699136
0.0,1,35.699226
0.0,19,35.699838
0.0,1,35.699931
0.0,2,35.70005
0.0,1,35.700139
0.0,4,35.700315
0.0,2,35.700434
0.0,10,35.700787
0.0,1,35.700879
0.0,1,35.700969
0.0,8,35.701257
0.0,1,35.701348
0.0,2,35.701467
0.0,3,35.701615
0.0,15,35.702114
0.0,3,35.702264
0.0,7,35.702525
0.0,22,35.703218
0.0,15,35.703708
0.0,10,35.704061
0.0,7,35.704324
0.0,1,35.704414
0.0,3,35.704562
0.0,2,35.704681
0.0,1,35.704782
0.0,12,35.705183
0.0,1,35.705274
0.0,1,35.705364
0.0,1,35.705453
0.0,1,35.705543
0.0,1,35.705633
0.0,1,35.705722
0.0,1,35.705821
0.0,1,35.705912
0.0,2,35.706031
0.0,4,35.706207
1.0,7,35.706469
0.0,1,35.70656
0.0,1,35.70665
0.0,1,35.70674
0.0,1,35.706838
0.0,1,35.706929
1.0,21,35.707586
0.0,8,35.70789
0.0,2,35.708012
1.0,6,35.708244
0.0,1,35.708334
0.0,1,35.708424
0.0,1,35.708514
0.0,1,35.708605
0.0,1,35.708694
0.0,1,35.708794
0.0,8,35.709085
0.0,9,35.709402
0.0,1,35.709493
0.0,3,35.70964
0.0,5,35.709861
0.0,1,35.709953
0.0,2,35.710074
0.0,2,35.710192
0.0,1,35.710282
0.0,1,35.710371
0.0,1,35.71046
0.0,1,35.71055
0.0,6,35.710797
0.0,1,35.710889
0.0,1,35.710978
0.0,8,35.711264
0.0,1,35.711354
0.0,1,35.711444
0.0,1,35.711549
0.0,3,35.711696
0.0,1,35.711797
0.0,1,35.711888
0.0,2,35.712008
0.0,1,35.712098
0.0,3,35.712246
0.0,7,35.712507
0.0,5,35.712711
1.0,9,35.713038
0.0,2,35.713161
0.0,1,35.71325
0.0,3,35.713398
0.0,7,35.713658
0.0,1,35.713749
0.0,1,35.713851
0.0,2,35.713972
0.0,3,35.714119
0.0,8,35.714409
0.0,1,35.714499
0.0,2,35.714619
0.0,1,35.714708
0.0,10,35.715065
0.0,5,35.715271
0.0,1,35.715361
0.0,1,35.715451
0.0,1,35.715541
0.0,4,35.715717
0.0,2,35.715846
0.0,1,35.715938
0.0,1,35.716028
0.0,9,35.716344
1.0,24,35.717098
1.0,12,35.717503
0.0,1,35.717594
0.0,3,35.717742
0.0,3,35.717899
0.0,2,35.718018
0.0,1,35.718109
0.0,4,35.718284
0.0,1,35.718374
0.0,9,35.71869
0.0,2,35.718822
1.0,12,35.719227
0.0,17,35.71979
0.0,1,35.719883
0.0,11,35.720258
0.0,6,35.72049
1.0,9,35.72082
0.0,25,35.721586
0.0,6,35.721833
0.0,4,35.72201
0.0,2,35.72213
0.0,6,35.722363
0.0,1,35.722453
0.0,1,35.722544
0.0,3,35.722692
0.0,3,35.722853
0.0,2,35.722974
0.0,1,35.723064
0.0,8,35.723352
0.0,2,35.723471
0.0,3,35.723619
0.0,6,35.723864
1.0,11,35.72424
0.0,18,35.724819
0.0,2,35.724941
0.0,2,35.72506
0.0,24,35.725811
0.0,1,35.725904
0.0,6,35.726139
0.0,1,35.726229
0.0,4,35.726405
0.0,2,35.726524
0.0,8,35.726825
0.0,1,35.726917
0.0,1,35.727007
0.0,4,35.727182
0.0,8,35.727472
0.0,1,35.727562
0.0,8,35.727862
0.0,5,35.728067
0.0,5,35.728272
0.0,5,35.728476
1.0,16,35.729007
0.0,5,35.729213
0.0,6,35.729448
0.0,3,35.729597
0.0,14,35.730073
0.0,8,35.730364
0.0,2,35.730484
0.0,1,35.730574
0.0,1,35.730664
0.0,5,35.730878
0.0,1,35.73097
0.0,3,35.731118
0.0,5,35.731323
0.0,4,35.731498
0.0,5,35.731703
0.0,7,35.731975
0.0,2,35.732097
0.0,9,35.732413
0.0,4,35.73259
0.0,1,35.73268
0.0,1,35.732779
0.0,6,35.733014
1.0,27,35.73385
0.0,3,35.734001
0.0,1,35.734092
0.0,15,35.734575
0.0,1,35.734665
0.0,1,35.734756
0.0,5,35.734974
0.0,8,35.735264
0.0,9,35.735582
0.0,1,35.735673
0.0,1,35.735771
0.0,6,35.736007
0.0,2,35.736128
0.0,13,35.736557
0.0,1,35.736648
0.0,1,35.736737
0.0,6,35.736978
0.0,6,35.737212
0.0,1,35.737303
0.0,1,35.737393
0.0,6,35.737626
0.0,1,35.737716
0.0,6,35.73796
0.0,1,35.738052
1.0,17,35.738596
0.0,2,35.738716
1.0,14,35.739185
0.0,22,35.739884
1.0,7,35.740148
0.0,1,35.740241
0.0,3,35.74039
0.0,7,35.740649
0.0,1,35.740741
0.0,7,35.741014
0.0,1,35.741106
0.0,15,35.741594
0.0,6,35.741898
0.0,1,35.741991
0.0,8,35.742282
1.0,22,35.742975
1.0,7,35.74324
0.0,3,35.743387
0.0,1,35.743478
0.0,3,35.743625
0.0,6,35.743872
0.0,1,35.743964
0.0,1,35.744054
0.0,4,35.74423
0.0,1,35.744319
0.0,1,35.744409
0.0,2,35.744528
0.0,5,35.744731
1.0,19,35.74534
0.0,8,35.74563
0.0,1,35.74572
0.0,1,35.74582
0.0,5,35.746025
0.0,13,35.746454
0.0,5,35.746658
0.0,1,35.746748
0.0,4,35.746935
0.0,1,35.747025
0.0,2,35.747145
0.0,1,35.747234
0.0,1,35.747324
0.0,22,35.748013
0.0,4,35.748192
0.0,2,35.748311
0.0,1,35.7484
0.0,1,35.74849
0.0,1,35.748579
0.0,29,35.749468
0.0,3,35.749618
0.0,1,35.749708
0.0,5,35.749928
0.0,1,35.75002
0.0,16,35.750531
1.0,26,35.751336
0.0,6,35.75157
0.0,5,35.751785
0.0,2,35.751906
1.0,16,35.752418
0.0,1,35.752508
0.0,33,35.753511
0.0,3,35.753661
0.0,1,35.753751
0.0,1,35.753851
0.0,1,35.753941
0.0,1,35.75403
0.0,1,35.754119
0.0,4,35.754296
0.0,3,35.754443
0.0,1,35.754533
0.0,3,35.75468
0.0,1,35.75478
0.0,6,35.755015
0.0,2,35.755134
0.0,3,35.755282
0.0,1,35.755371
0.0,3,35.755519
0.0,1,35.755609
0.0,1,35.755698
0.0,9,35.756027
0.0,1,35.756119
0.0,3,35.756266
0.0,1,35.756356
0.0,5,35.756561
0.0,2,35.75668
0.0,3,35.756839
0.0,5,35.757045
0.0,2,35.757164
0.0,3,35.757313
0.0,7,35.757574
0.0,20,35.758213
0.0,1,35.758305
0.0,21,35.758971
1.0,6,35.759206
0.0,1,35.759296
0.0,9,35.759613
0.0,1,35.759703
0.0,6,35.759952
0.0,2,35.760073
0.0,1,35.760163
0.0,7,35.760422
0.0,7,35.760681
0.0,1,35.760782
0.0,1,35.760874
0.0,3,35.761022
1.0,9,35.761339
0.0,7,35.761602
0.0,3,35.761749
0.0,2,35.761879
0.0,4,35.762055
0.0,1,35.762144
0.0,2,35.762264
0.0,6,35.762513
0.0,1,35.762604
0.0,6,35.762846
1.0,12,35.763249
0.0,1,35.76334
0.0,2,35.763459
0.0,7,35.763719
0.0,9,35.764047
0.0,6,35.764281
0.0,11,35.764655
0.0,21,35.765318
0.0,7,35.765581
0.0,3,35.765729
0.0,4,35.765916
0.0,1,35.766007
0.0,6,35.76624
0.0,14,35.766698
0.0,1,35.7668
0.0,9,35.767118
0.0,4,35.767295
0.0,3,35.767442
0.0,1,35.767532
0.0,5,35.767735
0.0,35,35.768803
0.0,4,35.768981
0.0,5,35.769185
0.0,1,35.769274
0.0,13,35.769704
0.0,4,35.769899
0.0,2,35.770021
1.0,8,35.77031
0.0,3,35.770458
0.0,2,35.770577
0.0,10,35.770933
1.0,6,35.771167
0.0,1,35.771258
0.0,7,35.771517
0.0,1,35.771607
0.0,1,35.771698
0.0,10,35.772054
0.0,1,35.772147
0.0,5,35.772352
0.0,9,35.77267
0.0,8,35.772974
0.0,1,35.773066
0.0,7,35.773329
1.0,11,35.773701
0.0,7,35.773974
0.0,1,35.774066
0.0,8,35.774356
0.0,6,35.774587
1.0,11,35.774974
0.0,1,35.775066
0.0,1,35.775156
0.0,5,35.77536
0.0,1,35.77545
1.0,12,35.775864
0.0,2,35.775986
0.0,10,35.776332
0.0,1,35.776423
0.0,6,35.776654
0.0,7,35.776928
0.0,1,35.77702
0.0,6,35.777254
0.0,5,35.777458
0.0,1,35.777549
0.0,6,35.777791
0.0,3,35.777941
0.0,9,35.778258
0.0,6,35.778491
0.0,1,35.778581
0.0,1,35.778671
0.0,1,35.778761
0.0,5,35.77898
0.0,16,35.77949
0.0,5,35.779695
0.0,1,35.7798
0.0,6,35.780033
0.0,1,35.780123
0.0,1,35.780213
0.0,7,35.780472
1.0,23,35.781198
0.0,4,35.781376
0.0,2,35.781495
0.0,4,35.781672
0.0,1,35.781762
0.0,5,35.78198
0.0,2,35.7821
0.0,11,35.782471
0.0,11,35.78286
0.0,1,35.782952
0.0,4,35.78313
0.0,11,35.783503
0.0,1,35.783593
0.0,1,35.783684
0.0,3,35.783842
0.0,12,35.784245
0.0,1,35.784335
0.0,1,35.784425
0.0,3,35.784572
0.0,2,35.78469
0.0,1,35.784792
1.0,14,35.785251
0.0,1,35.785341
0.0,5,35.785543
0.0,4,35.785719
0.0,3,35.785876
0.0,1,35.785968
0.0,6,35.786201
0.0,9,35.786518
0.0,4,35.786694
0.0,1,35.786794
0.0,1,35.786885
0.0,3,35.787032
0.0,8,35.78732
0.0,5,35.787525
0.0,1,35.787615
0.0,1,35.787705
0.0,10,35.788062
0.0,10,35.788409
0.0,5,35.788613
0.0,1,35.788702
0.0,3,35.788861
0.0,4,35.789039
0.0,1,35.789129
0.0,6,35.789361
1.0,17,35.78992
0.0,1,35.790013
0.0,1,35.790102
1.0,31,35.791049
0.0,4,35.791227
0.0,4,35.791403
0.0,1,35.791493
0.0,2,35.791612
0.0,4,35.791798
0.0,21,35.792454
0.0,1,35.792545
0.0,1,35.792635
0.0,1,35.792724
0.0,7,35.792994
0.0,11,35.793368
0.0,4,35.793546
0.0,1,35.793636
0.0,8,35.793939
0.0,1,35.794031
0.0,1,35.794121
0.0,1,35.794211
0.0,1,35.7943
0.0,1,35.794389
0.0,5,35.794594
0.0,5,35.794809
0.0,1,35.794901
0.0,3,35.795048
0.0,1,35.795138
0.0,1,35.795227
0.0,3,35.795374
0.0,1,35.795464
0.0,4,35.79564
0.0,8,35.79594
0.0,17,35.796485
0.0,1,35.796575
0.0,1,35.796665
0.0,1,35.796754
0.0,1,35.796856
1.0,9,35.797173
0.0,1,35.797264
0.0,1,35.797353
0.0,1,35.797442
0.0,3,35.797589
0.0,2,35.797709
0.0,5,35.797923
0.0,6,35.798158
0.0,1,35.798248
0.0,2,35.798368
0.0,3,35.798516
0.0,2,35.798636
0.0,3,35.798793
0.0,7,35.799056
0.0,3,35.799204
0.0,2,35.799323
0.0,5,35.799526
0.0,3,35.799674
0.0,1,35.79978
0.0,26,35.800579
0.0,1,35.80067
0.0,1,35.800761
0.0,1,35.80086
0.0,5,35.801064
0.0,1,35.801155
0.0,1,35.801244
0.0,1,35.801334
0.0,4,35.801509
0.0,1,35.801598
0.0,4,35.801784
0.0,9,35.802102
0.0,2,35.802222
0.0,1,35.802313
0.0,17,35.802866
1.0,7,35.803128
0.0,1,35.803219
0.0,4,35.803394
0.0,10,35.803741
0.0,3,35.803904
0.0,2,35.804024
0.0,11,35.804396
0.0,3,35.804543
0.0,1,35.804633
0.0,2,35.804754
0.0,8,35.805053
0.0,8,35.805342
0.0,1,35.805432
0.0,9,35.80575
1.0,9,35.806077
1.0,18,35.80665
0.0,1,35.806741
0.0,1,35.80684
0.0,9,35.807157
0.0,4,35.807333
0.0,4,35.807508
0.0,1,35.807598
1.0,10,35.807954
0.0,30,35.808876
0.0,1,35.808968
0.0,1,35.809058
0.0,1,35.809148
0.0,1,35.809238
0.0,4,35.809412
0.0,5,35.809618
0.0,10,35.809979
0.0,1,35.810072
0.0,9,35.810389
0.0,1,35.81048
0.0,1,35.81057
0.0,7,35.810841
0.0,6,35.811074
0.0,4,35.81125
0.0,3,35.811397
0.0,3,35.811544
0.0,15,35.812041
1.0,23,35.812756
1.0,33,35.813779
0.0,1,35.813873
0.0,2,35.813992
0.0,5,35.814196
0.0,1,35.814286
0.0,1,35.814376
0.0,3,35.814523
0.0,11,35.814909
0.0,5,35.815116
0.0,12,35.815521
0.0,25,35.816303
0.0,5,35.81651
0.0,12,35.816923
0.0,1,35.817015
0.0,4,35.817191
0.0,4,35.817366
0.0,22,35.818061
0.0,3,35.818212
0.0,10,35.818556
0.0,14,35.819024
0.0,1,35.819116
0.0,1,35.819207
0.0,15,35.819689
0.0,3,35.819854
0.0,7,35.820116
0.0,6,35.820348
0.0,8,35.820636
0.0,26,35.821444
0.0,6,35.821678
0.0,11,35.822063
0.0,3,35.822212
0.0,2,35.822332
0.0,12,35.822733
0.0,1,35.822831
0.0,1,35.822922
0.0,3,35.823071
1.0,6,35.823303
0.0,7,35.823565
0.0,3,35.823713
0.0,3,35.823872
0.0,8,35.824161
0.0,9,35.824479
0.0,3,35.824626
0.0,2,35.824745
0.0,6,35.824986
0.0,3,35.825134
0.0,3,35.825282
0.0,3,35.825431
0.0,1,35.82552
0.0,2,35.825639
0.0,4,35.825827
0.0,1,35.825917
0.0,1,35.826007
0.0,15,35.826493
0.0,1,35.826584
0.0,15,35.827083
0.0,2,35.827204
0.0,3,35.827352
0.0,11,35.827723
0.0,1,35.827823
0.0,13,35.828251
0.0,2,35.828371
0.0,9,35.828688
0.0,1,35.828788
0.0,1,35.82888
0.0,16,35.829394
1.0,24,35.830156
0.0,10,35.830506
0.0,1,35.830596
0.0,5,35.830812
0.0,3,35.830962
0.0,2,35.831082
0.0,2,35.831201
0.0,4,35.831377
0.0,2,35.831496
0.0,1,35.831586
0.0,1,35.831676
0.0,14,35.832145
0.0,3,35.832295
1.0,9,35.832612
0.0,1,35.832703
0.0,11,35.833088
0.0,1,35.83318
0.0,1,35.83327
0.0,2,35.833389
0.0,19,35.833999
1.0,13,35.834428
0.0,5,35.834632
0.0,6,35.834875
0.0,1,35.834966
1.0,20,35.83559
0.0,2,35.83571
0.0,9,35.836038
0.0,4,35.836215
0.0,9,35.836533
0.0,16,35.837059
0.0,1,35.837151
0.0,2,35.83727
0.0,1,35.837359
0.0,8,35.837647
1.0,9,35.837976
0.0,7,35.83824
0.0,1,35.83833
0.0,1,35.83842
0.0,1,35.83851
0.0,4,35.838686
0.0,1,35.838787
0.0,1,35.83888
0.0,5,35.839084
0.0,1,35.839174
0.0,1,35.839264
0.0,3,35.839412
0.0,7,35.839671
0.0,13,35.84012
0.0,1,35.840213
0.0,1,35.840303
0.0,9,35.840619
0.0,17,35.841173
0.0,22,35.841868
0.0,4,35.842048
1.0,6,35.84228
0.0,5,35.842485
0.0,1,35.842575
0.0,1,35.842664
0.0,2,35.842792
0.0,3,35.842942
0.0,1,35.843032
0.0,1,35.843122
0.0,1,35.843211
0.0,16,35.843722
0.0,5,35.843935
0.0,6,35.844169
0.0,1,35.844258
0.0,2,35.844378
0.0,3,35.844525
0.0,4,35.844701
0.0,10,35.845057
0.0,1,35.845149
0.0,2,35.845268
0.0,1,35.845357
0.0,1,35.845447
0.0,4,35.845622
0.0,9,35.84595
0.0,1,35.846041
0.0,3,35.846188
0.0,4,35.846364
0.0,1,35.846454
0.0,6,35.846686
0.0,2,35.846816
0.0,1,35.846907
0.0,1,35.846997
0.0,7,35.847257
0.0,10,35.8476
0.0,2,35.847719
0.0,1,35.84782
0.0,1,35.847967
0.0,1,35.848059
0.0,1,35.848149
0.0,11,35.848522
0.0,3,35.84867
0.0,5,35.848886
0.0,1,35.848978
0.0,1,35.849068
0.0,4,35.849243
0.0,1,35.849332
0.0,7,35.849594
0.0,2,35.849714
0.0,5,35.849934
0.0,1,35.850026
0.0,11,35.850401
0.0,6,35.850634
0.0,1,35.850725
1.0,8,35.851024
0.0,2,35.851146
0.0,1,35.851236
0.0,3,35.851384
0.0,4,35.85156
0.0,6,35.851805
0.0,1,35.851897
0.0,4,35.852073
0.0,1,35.852163
0.0,1,35.852253
0.0,5,35.852457
0.0,9,35.852784
0.0,3,35.852934
0.0,8,35.853222
1.0,13,35.853648
0.0,8,35.853953
0.0,3,35.854103
0.0,1,35.854193
1.0,10,35.854539
0.0,1,35.854629
0.0,1,35.854719
0.0,1,35.854818
0.0,2,35.854939
0.0,4,35.855116
0.0,1,35.855206
0.0,14,35.855665
0.0,2,35.855795
0.0,1,35.855887
0.0,4,35.856062
0.0,3,35.856211
0.0,1,35.8563
0.0,1,35.85639
0.0,5,35.856593
0.0,3,35.856741
0.0,3,35.856901
1.0,24,35.857642
0.0,5,35.857861
0.0,1,35.857953
0.0,12,35.858352
0.0,8,35.858641
0.0,1,35.858731
0.0,1,35.85883
0.0,1,35.858921
0.0,21,35.85958
0.0,1,35.85967
0.0,1,35.85976
0.0,5,35.859986
0.0,2,35.860106
0.0,6,35.860337
0.0,1,35.860428
0.0,1,35.860517
0.0,1,35.860606
0.0,8,35.860907
0.0,4,35.861085
0.0,3,35.861233
0.0,5,35.861437
0.0,8,35.861727
0.0,2,35.861856
0.0,1,35.861948
0.0,8,35.862238
0.0,1,35.862329
0.0,1,35.86242
0.0,1,35.86251
0.0,5,35.862715
0.0,2,35.862848
0.0,1,35.86294
0.0,8,35.863229
0.0,1,35.863319
0.0,1,35.863409
0.0,1,35.863511
0.0,1,35.863602
0.0,5,35.863818
0.0,8,35.864109
0.0,3,35.864258
0.0,1,35.864348
0.0,2,35.864466
0.0,7,35.864727
0.0,4,35.864913
0.0,2,35.865034
1.0,16,35.865549
0.0,1,35.86564
0.0,1,35.86573
0.0,1,35.86583
0.0,1,35.865922
0.0,4,35.866097
0.0,1,35.866188
0.0,6,35.86642
0.0,2,35.866538
0.0,1,35.866628
0.0,1,35.866718
1.0,28,35.867574
0.0,18,35.868162
0.0,2,35.868284
0.0,3,35.868433
0.0,1,35.868522
0.0,15,35.869026
1.0,22,35.869709
0.0,4,35.869903
0.0,3,35.870054
0.0,17,35.8706
0.0,3,35.870748
0.0,3,35.870905
0.0,1,35.870996
1.0,6,35.871229
0.0,6,35.871463
0.0,4,35.87164
0.0,3,35.871803
0.0,8,35.872095
0.0,5,35.8723
1.0,14,35.872759
0.0,11,35.873143
0.0,3,35.873291
0.0,9,35.873608
0.0,6,35.873854
0.0,24,35.874589
0.0,6,35.874836
0.0,1,35.874928
0.0,5,35.875132
0.0,13,35.875559
0.0,5,35.875773
0.0,3,35.875924
0.0,3,35.876073
1.0,53,35.877638
0.0,3,35.877802
0.0,9,35.878119
0.0,3,35.878268
0.0,7,35.878528
0.0,5,35.878733
0.0,4,35.878918
1.0,6,35.879153
0.0,1,35.879243
0.0,7,35.879506
0.0,3,35.879654
0.0,3,35.879818
0.0,6,35.880054
0.0,2,35.880174
0.0,7,35.880436
1.0,17,35.880994
0.0,21,35.881647
0.0,1,35.881739
0.0,1,35.881836
0.0,3,35.881985
1.0,10,35.88233
0.0,1,35.882421
0.0,1,35.882511
0.0,10,35.882873
0.0,5,35.883079
0.0,4,35.883256
0.0,1,35.883346
0.0,1,35.883436
0.0,7,35.883696
0.0,18,35.884276
0.0,5,35.884483
0.0,1,35.884574
0.0,1,35.884663
0.0,3,35.884823
0.0,5,35.885028
0.0,8,35.885316
0.0,4,35.885492
0.0,9,35.88582
0.0,2,35.885941
0.0,7,35.886204
0.0,11,35.886577
0.0,9,35.886909
0.0,1,35.887002
0.0,1,35.887092
1.0,21,35.887747
0.0,2,35.887877
0.0,3,35.888025
0.0,1,35.888115
0.0,15,35.888599
0.0,3,35.888746
0.0,3,35.888903
0.0,1,35.888994
0.0,1,35.889083
0.0,1,35.889172
0.0,1,35.889261
0.0,7,35.889523
0.0,3,35.88967
0.0,7,35.88995
0.0,2,35.890072
0.0,3,35.89022
0.0,3,35.890367
0.0,8,35.890657
1.0,24,35.891406
0.0,7,35.891671
0.0,28,35.892533
0.0,5,35.89274
0.0,1,35.892839
0.0,6,35.893074
0.0,5,35.893279
0.0,17,35.893835
0.0,3,35.893984
1.0,6,35.894218
0.0,2,35.894338
0.0,7,35.894598
0.0,2,35.894717
0.0,1,35.894817
0.0,3,35.894966
0.0,1,35.895056
0.0,6,35.895288
0.0,3,35.895436
0.0,9,35.895751
0.0,3,35.895911
0.0,10,35.896255
0.0,5,35.89646
0.0,4,35.896636
0.0,2,35.896755
0.0,5,35.896971
0.0,5,35.897176
0.0,1,35.897266
0.0,1,35.897356
0.0,3,35.897503
0.0,1,35.897592
0.0,1,35.897682
0.0,11,35.898067
0.0,1,35.898159
1.0,14,35.898619
0.0,12,35.899032
0.0,1,35.899125
0.0,1,35.899215
1.0,28,35.900086
0.0,22,35.900781
0.0,4,35.90096
0.0,1,35.901051
0.0,1,35.901141
0.0,5,35.901344
0.0,2,35.901464
0.0,24,35.902216
0.0,4,35.902395
0.0,2,35.902514
0.0,8,35.902816
0.0,11,35.903192
0.0,2,35.903312
0.0,7,35.903573
0.0,10,35.903929
0.0,10,35.904276
0.0,13,35.904707
0.0,1,35.904809
0.0,7,35.905073
0.0,6,35.905305
0.0,1,35.905395
0.0,1,35.905485
0.0,5,35.905689
0.0,1,35.90579
0.0,1,35.905881
0.0,1,35.905972
0.0,6,35.906204
0.0,5,35.906409
0.0,4,35.906586
0.0,1,35.906676
0.0,1,35.906775
1.0,8,35.907066
0.0,5,35.907271
1.0,15,35.907753
0.0,5,35.907971
0.0,2,35.90809
0.0,4,35.908266
0.0,3,35.908413
0.0,8,35.908703
0.0,12,35.909114
0.0,1,35.909207
0.0,1,35.909297
0.0,4,35.909473
0.0,12,35.909891
0.0,2,35.910013
0.0,1,35.910103
0.0,5,35.910309
0.0,5,35.910513
0.0,1,35.910605
0.0,6,35.910851
0.0,11,35.911229
0.0,3,35.911377
0.0,1,35.911467
0.0,2,35.911587
0.0,1,35.911677
0.0,2,35.911807
0.0,2,35.911929
0.0,6,35.912161
0.0,5,35.912366
0.0,5,35.91257
0.0,1,35.91266
0.0,5,35.912875
0.0,4,35.913054
0.0,4,35.91323
0.0,2,35.91335
0.0,8,35.913638
0.0,3,35.913799
0.0,1,35.91389
0.0,1,35.913981
0.0,2,35.9141
0.0,1,35.91419
0.0,1,35.91428
0.0,1,35.91437
0.0,4,35.914546
0.0,5,35.914752
0.0,1,35.914854
0.0,6,35.915088
0.0,4,35.915264
0.0,1,35.915354
0.0,1,35.915445
0.0,1,35.915535
0.0,5,35.915739
0.0,6,35.915979
0.0,27,35.916811
0.0,1,35.916904
0.0,3,35.917052
0.0,1,35.917142
0.0,1,35.917231
0.0,7,35.917506
0.0,1,35.917597
0.0,1,35.917687
0.0,11,35.918072
0.0,1,35.918164
0.0,11,35.918538
1.0,24,35.919287
0.0,2,35.919409
0.0,1,35.919499
0.0,1,35.919589
0.0,2,35.919708
0.0,2,35.919847
1.0,18,35.920422
0.0,10,35.920777
0.0,3,35.920928
0.0,1,35.921019
0.0,6,35.921252
0.0,3,35.921401
0.0,5,35.921607
0.0,1,35.921697
0.0,8,35.921997
0.0,1,35.922088
0.0,2,35.922208
0.0,1,35.922298
1.0,21,35.922972
0.0,2,35.923095
0.0,2,35.923215
0.0,1,35.923305
0.0,2,35.923424
0.0,1,35.923514
0.0,3,35.923662
0.0,8,35.923962
0.0,5,35.92417
0.0,1,35.92426
0.0,1,35.92435
1.0,6,35.924582
0.0,1,35.924672
0.0,7,35.924945
0.0,10,35.925292
0.0,1,35.925382
0.0,1,35.925472
0.0,1,35.925562
0.0,5,35.925776
1.0,14,35.926235
0.0,4,35.926413
0.0,1,35.926504
0.0,3,35.926651
1.0,8,35.926952
1.0,13,35.927387
0.0,4,35.927563
0.0,1,35.927653
0.0,7,35.927925
0.0,7,35.928189
0.0,3,35.928336
0.0,8,35.928627
1.0,11,35.929015
0.0,4,35.929193
0.0,1,35.929284
0.0,2,35.929404
0.0,1,35.929494
1.0,7,35.929755
0.0,1,35.929863
0.0,8,35.930153
0.0,3,35.930301
0.0,2,35.930421
0.0,2,35.93054
0.0,2,35.93066
0.0,4,35.930848
1.0,19,35.931451
0.0,1,35.931542
0.0,2,35.931663
0.0,4,35.931851
0.0,3,35.932001
0.0,24,35.932741
0.0,1,35.932841
0.0,2,35.93296
0.0,5,35.933164
0.0,4,35.93334
0.0,5,35.933545
0.0,3,35.933692
0.0,4,35.933879
0.0,3,35.934029
0.0,8,35.934319
0.0,2,35.934438
0.0,5,35.934644
0.0,1,35.934734
0.0,6,35.934977
0.0,9,35.935295
1.0,10,35.935643
0.0,5,35.93586
0.0,1,35.935952
0.0,2,35.936072
0.0,3,35.93622
0.0,18,35.936799
0.0,9,35.93712
0.0,1,35.93721
0.0,7,35.937472
0.0,4,35.937647
1.0,13,35.938091
1.0,13,35.938521
0.0,1,35.938613
0.0,1,35.938703
0.0,25,35.93948
0.0,1,35.939572
0.0,2,35.939691
0.0,1,35.939796
0.0,7,35.940061
0.0,9,35.940379
0.0,4,35.940556
0.0,3,35.940703
0.0,2,35.940834
0.0,2,35.940954
0.0,1,35.941045
0.0,1,35.941135
0.0,1,35.941225
0.0,11,35.941597
0.0,2,35.941716
0.0,4,35.941902
0.0,1,35.941994
0.0,1,35.942085
0.0,4,35.94226
0.0,6,35.942492
0.0,2,35.942611
0.0,1,35.9427
0.0,12,35.943114
0.0,3,35.943265
0.0,22,35.943967
0.0,3,35.944117
0.0,6,35.944352
0.0,1,35.944442
0.0,2,35.944561
0.0,5,35.944774
0.0,1,35.944867
0.0,10,35.945213
0.0,1,35.945304
0.0,2,35.945423
0.0,2,35.945542
0.0,5,35.945745
0.0,15,35.946239
0.0,1,35.946329
1.0,6,35.946563
0.0,3,35.94671
0.0,3,35.94687
0.0,3,35.947019
0.0,1,35.947109
0.0,3,35.947256
0.0,7,35.947519
0.0,3,35.947666
0.0,1,35.947756
0.0,1,35.947856
0.0,3,35.948005
0.0,8,35.948293
0.0,3,35.948442
0.0,7,35.948702
0.0,2,35.948833
0.0,2,35.948954
1.0,18,35.949523
0.0,7,35.949803
1.0,20,35.950434
0.0,1,35.950582
0.0,1,35.950674
0.0,5,35.950891
0.0,17,35.951437
0.0,6,35.951669
0.0,8,35.95197
0.0,2,35.952091
0.0,1,35.952181
0.0,1,35.952271
0.0,4,35.952446
1.0,13,35.952888
1.0,26,35.953685
0.0,14,35.954156
0.0,7,35.95442
0.0,6,35.954651
1.0,15,35.955152
0.0,2,35.955273
0.0,7,35.955533
0.0,1,35.955624
0.0,1,35.955714
0.0,1,35.955815
0.0,6,35.956048
0.0,4,35.956223
0.0,3,35.956372
0.0,3,35.95652
0.0,3,35.956668
0.0,2,35.956798
0.0,5,35.957004
0.0,14,35.95746
0.0,1,35.957549
0.0,6,35.957791
1.0,24,35.958534
0.0,5,35.958739
0.0,1,35.958839
0.0,3,35.958989
0.0,6,35.959222
0.0,4,35.959397
0.0,7,35.959658
0.0,6,35.959908
0.0,1,35.96
0.0,1,35.96009
0.0,9,35.960408
0.0,1,35.960499
0.0,1,35.960589
0.0,4,35.960774
0.0,7,35.961038
0.0,9,35.961355
0.0,16,35.961884
0.0,3,35.962033
0.0,2,35.962153
0.0,1,35.962243
1.0,7,35.962504
0.0,6,35.962736
0.0,1,35.962833
0.0,3,35.962982
0.0,2,35.963103
0.0,1,35.963193
0.0,1,35.963283
0.0,7,35.963542
0.0,8,35.963843
0.0,1,35.963935
0.0,7,35.964197
0.0,12,35.964601
0.0,4,35.964788
0.0,2,35.96491
0.0,3,35.965058
0.0,20,35.96568
0.0,6,35.965926
0.0,1,35.966018
0.0,1,35.966109
0.0,1,35.966198
0.0,1,35.966288
0.0,5,35.966492
0.0,1,35.966583
0.0,2,35.966702
0.0,2,35.966832
0.0,16,35.967345
0.0,1,35.967436
0.0,5,35.967639
0.0,10,35.967999
0.0,14,35.96846
0.0,2,35.96858
0.0,1,35.968683
0.0,7,35.968957
0.0,1,35.969049
0.0,18,35.969621
0.0,1,35.969712
0.0,5,35.969932
0.0,1,35.970024
0.0,1,35.970114
0.0,12,35.970516
0.0,1,35.970607
0.0,38,35.971752
0.0,12,35.972166
0.0,16,35.972677
0.0,4,35.972866
0.0,1,35.972957
0.0,25,35.973726
0.0,1,35.973828
0.0,3,35.973978
0.0,2,35.974097
0.0,1,35.974188
0.0,2,35.974307
0.0,1,35.974397
0.0,2,35.974516
0.0,1,35.974606
0.0,1,35.974696
0.0,8,35.974998
0.0,25,35.975774
0.0,1,35.975868
0.0,6,35.976099
0.0,1,35.97619
0.0,1,35.976279
0.0,6,35.976511
0.0,8,35.976812
0.0,1,35.976905
0.0,3,35.977053
0.0,6,35.977286
0.0,1,35.977376
0.0,8,35.977666
0.0,1,35.977756
0.0,1,35.977856
0.0,1,35.977946
0.0,8,35.978235
0.0,1,35.978326
0.0,1,35.978415
0.0,1,35.978505
0.0,1,35.978594
0.0,3,35.978741
0.0,4,35.978927
0.0,12,35.979328
0.0,9,35.979647
0.0,3,35.979815
0.0,1,35.979907
0.0,2,35.980026
0.0,3,35.980175
0.0,5,35.980379
0.0,4,35.980556
0.0,1,35.980646
0.0,2,35.980774
0.0,1,35.980866
0.0,1,35.980955
0.0,7,35.981215
1.0,27,35.982054
0.0,4,35.982232
0.0,4,35.982409
0.0,3,35.982557
0.0,7,35.98283
0.0,1,35.982922
0.0,1,35.983012
0.0,3,35.983158
0.0,12,35.98356
0.0,1,35.98365
0.0,11,35.984035
0.0,8,35.984326
0.0,1,35.984417
0.0,3,35.984564
0.0,1,35.984654
0.0,1,35.984744
0.0,5,35.984957
1.0,9,35.985275
0.0,11,35.985651
0.0,1,35.985741
0.0,4,35.985929
0.0,3,35.986077
0.0,3,35.986224
0.0,5,35.986428
0.0,1,35.986518
0.0,15,35.987016
0.0,9,35.987337
1.0,25,35.988117
0.0,2,35.988239
0.0,1,35.98833
0.0,9,35.988648
0.0,3,35.988809
0.0,1,35.988901
0.0,7,35.989161
0.0,1,35.989251
0.0,5,35.989455
0.0,7,35.989716
0.0,1,35.989821
0.0,3,35.98997
0.0,2,35.99009
0.0,1,35.990179
0.0,6,35.990411
0.0,8,35.9907
0.0,3,35.990859
0.0,1,35.990951
0.0,1,35.99104
0.0,2,35.991159
0.0,2,35.991278
0.0,4,35.991453
0.0,1,35.991543
0.0,4,35.991719
0.0,1,35.99182
0.0,5,35.992025
0.0,2,35.992144
1.0,46,35.993517
0.0,8,35.99382
0.0,1,35.993912
0.0,6,35.994143
0.0,2,35.994263
0.0,1,35.994353
0.0,3,35.994501
0.0,1,35.994591
0.0,2,35.99471
0.0,5,35.994926
0.0,3,35.995075
0.0,1,35.995165
0.0,5,35.99537
0.0,1,35.99546
0.0,3,35.995607
0.0,1,35.995697
0.0,4,35.995883
0.0,3,35.996031
0.0,2,35.996152
0.0,2,35.996271
0.0,10,35.996617
0.0,7,35.996891
0.0,4,35.997069
0.0,4,35.997245
0.0,7,35.997505
0.0,2,35.997624
0.0,3,35.997783
0.0,9,35.998101
0.0,20,35.99873
0.0,9,35.999056
0.0,7,35.999321
0.0,1,35.999411
1.0,11,35.999802
0.0,1,35.999895
0.0,5,36.000101
0.0,6,36.000333
0.0,4,36.000508
0.0,3,36.000655
0.0,1,36.000745
0.0,5,36.00096
0.0,4,36.001136
0.0,1,36.001226
0.0,5,36.00143
0.0,3,36.001577
0.0,5,36.001791
0.0,1,36.001884
0.0,3,36.002032
0.0,1,36.002122
0.0,2,36.00224
0.0,3,36.002388
1.0,22,36.003085
0.0,2,36.003206
0.0,1,36.003297
0.0,2,36.003416
0.0,4,36.003593
0.0,6,36.003847
0.0,3,36.003999
0.0,1,36.004089
0.0,2,36.004209
0.0,3,36.004356
0.0,9,36.004673
0.0,1,36.004771
0.0,6,36.005008
0.0,1,36.005099
0.0,1,36.005189
0.0,1,36.005279
0.0,14,36.005737
0.0,1,36.005835
0.0,2,36.005956
1.0,11,36.006328
0.0,1,36.006418
0.0,8,36.006706
0.0,7,36.006979
0.0,1,36.007072
0.0,13,36.007503
0.0,1,36.007594
0.0,5,36.00781
0.0,4,36.007987
0.0,1,36.008078
0.0,3,36.008226
0.0,4,36.008402
0.0,1,36.008492
0.0,2,36.008612
0.0,4,36.008797
0.0,1,36.00889
0.0,1,36.008979
0.0,1,36.009069
0.0,15,36.009553
0.0,5,36.009759
0.0,3,36.009928
0.0,7,36.010188
0.0,2,36.010308
0.0,1,36.010398
1.0,11,36.010783
0.0,2,36.010904
0.0,1,36.010994
0.0,5,36.011199
1.0,8,36.011488
0.0,1,36.011579
0.0,1,36.011668
0.0,2,36.011798
0.0,1,36.011889
0.0,1,36.011979
0.0,1,36.012069
0.0,1,36.012159
0.0,1,36.012249
0.0,1,36.012338
0.0,2,36.012457
0.0,1,36.012547
0.0,17,36.013104
1.0,14,36.013566
0.0,5,36.013781
0.0,5,36.013988
0.0,7,36.014248
0.0,30,36.01517
0.0,1,36.015262
0.0,3,36.01541
0.0,10,36.015753
0.0,1,36.015856
0.0,1,36.015946
0.0,2,36.016065
1.0,12,36.016467
0.0,2,36.016587
0.0,6,36.016831
0.0,1,36.016923
0.0,7,36.017198
0.0,1,36.017289
0.0,6,36.017522
0.0,8,36.017822
0.0,2,36.017944
0.0,3,36.018093
0.0,2,36.018212
0.0,1,36.018301
0.0,1,36.018391
0.0,3,36.01854
0.0,1,36.01863
0.0,1,36.018718
0.0,9,36.019047
0.0,4,36.019225
0.0,1,36.019316
0.0,5,36.019522
0.0,1,36.019611
0.0,9,36.019947
0.0,5,36.020154
0.0,6,36.020387
0.0,1,36.020477
0.0,4,36.020653
0.0,12,36.021065
0.0,6,36.021299
0.0,1,36.02139
0.0,2,36.021508
0.0,2,36.021627
0.0,1,36.021716
0.0,1,36.021819
0.0,2,36.02194
0.0,7,36.022202
0.0,7,36.022463
0.0,6,36.022695
0.0,1,36.022795
0.0,1,36.022887
0.0,13,36.023317
0.0,1,36.023407
0.0,1,36.023497
0.0,2,36.023616
0.0,1,36.023706
0.0,2,36.023835
0.0,1,36.023926
0.0,4,36.024102
0.0,1,36.024192
0.0,5,36.024395
0.0,1,36.024486
0.0,2,36.024605
0.0,12,36.025021
0.0,8,36.025313
0.0,3,36.025461
0.0,7,36.025722
0.0,6,36.025964
0.0,16,36.026478
0.0,2,36.026598
0.0,2,36.026717
1.0,6,36.02696
0.0,1,36.027052
0.0,7,36.027313
0.0,8,36.027601
0.0,1,36.027691
0.0,2,36.027824
0.0,1,36.027916
0.0,1,36.028006
0.0,49,36.029467
0.0,1,36.029559
0.0,5,36.029776
0.0,8,36.030068
0.0,1,36.030159
0.0,2,36.030277
0.0,7,36.030539
0.0,2,36.030659
0.0,11,36.031048
0.0,1,36.03114
0.0,3,36.031287
0.0,1,36.031377
0.0,8,36.031666
0.0,7,36.031938
1.0,10,36.032287
0.0,6,36.03252
0.0,6,36.032752
0.0,4,36.032939
0.0,1,36.03303
0.0,2,36.033149
0.0,8,36.033438
0.0,12,36.033851
0.0,7,36.034114
0.0,1,36.034204
0.0,9,36.03452
0.0,2,36.034639
0.0,1,36.034729
0.0,1,36.034827
0.0,10,36.035174
1.0,17,36.035713
0.0,4,36.0359
0.0,2,36.036021
0.0,3,36.036169
0.0,3,36.036317
0.0,2,36.036437
0.0,17,36.036992
0.0,1,36.037084
0.0,1,36.037174
0.0,1,36.037263
1.0,10,36.037607
0.0,9,36.037939
0.0,1,36.038031
0.0,6,36.038264
1.0,11,36.038637
0.0,1,36.038728
0.0,8,36.039024
0.0,1,36.039116
0.0,2,36.039235
0.0,5,36.039439
0.0,6,36.039669
0.0,1,36.03976
0.0,2,36.039899
0.0,1,36.03999
0.0,1,36.040079
0.0,5,36.040286
0.0,7,36.040546
0.0,2,36.040666
0.0,3,36.040824
0.0,6,36.041059
0.0,1,36.041149
0.0,1,36.041238
0.0,23,36.041961
0.0,3,36.042112
0.0,3,36.042259
0.0,9,36.042578
0.0,4,36.042754
0.0,5,36.042972
0.0,7,36.043231
0.0,1,36.043322
0.0,19,36.043931
0.0,1,36.044024
0.0,2,36.044143
0.0,1,36.044233
0.0,7,36.044492
0.0,1,36.044583
0.0,4,36.044759
0.0,5,36.044975
0.0,6,36.045209
0.0,4,36.045386
0.0,8,36.045674
0.0,5,36.045892
1.0,13,36.046322
0.0,3,36.046471
0.0,7,36.046731
0.0,1,36.046831
0.0,11,36.047205
0.0,11,36.047579
0.0,4,36.047756
0.0,4,36.047942
0.0,3,36.04809
0.0,1,36.04818
0.0,5,36.048384
0.0,1,36.048474
0.0,10,36.048831
0.0,2,36.048953
0.0,1,36.049043
0.0,1,36.049133
0.0,9,36.049448
0.0,1,36.049539
0.0,3,36.049687
0.0,1,36.049793
0.0,1,36.049886
1.0,8,36.050176
0.0,4,36.050353
0.0,2,36.050473
0.0,2,36.050649
0.0,5,36.050866
0.0,1,36.050959
0.0,2,36.05108
0.0,2,36.051199
0.0,1,36.051289
0.0,1,36.051378
0.0,1,36.051468
0.0,5,36.051673
0.0,2,36.051805
0.0,3,36.051954
0.0,3,36.052103
0.0,24,36.052852
0.0,6,36.053088
0.0,9,36.053405
0.0,2,36.053525
0.0,1,36.053615
0.0,4,36.053802
0.0,5,36.054007
0.0,12,36.05441
0.0,5,36.054614
0.0,12,36.055031
0.0,1,36.055124
0.0,6,36.055359
0.0,11,36.055732
0.0,8,36.05603
0.0,3,36.05618
0.0,3,36.056329
0.0,6,36.056562
0.0,1,36.056653
0.0,1,36.056743
0.0,6,36.056987
0.0,2,36.057106
0.0,1,36.057196
0.0,10,36.05754
0.0,5,36.057746
1.0,9,36.058076
0.0,3,36.058225
0.0,1,36.058315
0.0,3,36.058464
0.0,3,36.058612
0.0,1,36.058702
0.0,6,36.058945
0.0,2,36.059067
0.0,7,36.059327
0.0,5,36.05953
1.0,11,36.059922
0.0,1,36.060015
0.0,4,36.060192
0.0,11,36.060567
0.0,5,36.060783
0.0,17,36.061328
1.0,16,36.061855
0.0,17,36.062403
0.0,4,36.062582
0.0,11,36.062967
0.0,3,36.063116
0.0,1,36.063207
0.0,4,36.063382
0.0,1,36.063472
0.0,1,36.063562
1.0,13,36.064006
0.0,10,36.064353
0.0,1,36.064444
0.0,3,36.064592
0.0,1,36.064682
0.0,4,36.064869
0.0,2,36.064991
0.0,11,36.065363
0.0,6,36.065597
0.0,13,36.066036
0.0,3,36.066185
0.0,1,36.066275
0.0,2,36.06641
0.0,1,36.0665
0.0,1,36.06659
0.0,11,36.066978
0.0,1,36.067071
1.0,8,36.067361
0.0,1,36.067452
0.0,1,36.067542
0.0,4,36.067719
0.0,11,36.068102
0.0,12,36.068507
0.0,30,36.069427
0.0,14,36.069912
0.0,2,36.070035
0.0,4,36.070211
0.0,1,36.070302
0.0,4,36.070478
0.0,8,36.070775
1.0,12,36.07118
0.0,1,36.07127
0.0,5,36.071476
0.0,7,36.071737
0.0,1,36.071836
0.0,1,36.071927
0.0,1,36.072017
0.0,3,36.072165
0.0,3,36.072315
0.0,1,36.072405
0.0,1,36.072495
0.0,8,36.072799
0.0,7,36.073063
0.0,22,36.073745
0.0,20,36.074385
0.0,3,36.074533
0.0,3,36.074682
0.0,11,36.075068
0.0,6,36.075304
0.0,1,36.075394
0.0,13,36.075838
1.0,19,36.076436
1.0,9,36.076755
0.0,1,36.076859
0.0,7,36.077122
0.0,5,36.077327
0.0,2,36.077446
0.0,1,36.077536
0.0,7,36.077813
0.0,1,36.077905
0.0,12,36.078308
0.0,4,36.078484
0.0,1,36.078574
0.0,4,36.078749
0.0,1,36.078851
0.0,1,36.078941
0.0,5,36.079146
0.0,9,36.079463
0.0,9,36.079798
0.0,2,36.07992
0.0,1,36.080011
0.0,3,36.080158
0.0,3,36.080306
0.0,23,36.081028
0.0,1,36.081121
0.0,5,36.081326
0.0,3,36.081474
1.0,6,36.081707
0.0,29,36.082603
0.0,2,36.082726
0.0,1,36.082826
0.0,6,36.08306
0.0,28,36.083928
0.0,1,36.084021
0.0,4,36.084197
0.0,3,36.084344
0.0,5,36.084548
0.0,1,36.084638
0.0,1,36.084727
0.0,3,36.084884
0.0,4,36.085062
0.0,4,36.085239
0.0,1,36.08533
0.0,1,36.08542
0.0,7,36.08568
0.0,1,36.08578
0.0,1,36.085872
0.0,5,36.086076
0.0,2,36.086195
0.0,1,36.086285
0.0,2,36.086405
0.0,8,36.086693
0.0,1,36.086793
0.0,6,36.087026
0.0,6,36.08726
0.0,1,36.08735
0.0,18,36.087936
0.0,1,36.088028
0.0,1,36.088118
1.0,15,36.088601
0.0,1,36.088692
0.0,1,36.088793
0.0,3,36.088943
0.0,6,36.089175
0.0,2,36.089294
0.0,3,36.089442
1.0,7,36.089703
0.0,2,36.089839
0.0,3,36.08999
0.0,1,36.09008
0.0,6,36.090313
0.0,1,36.090403
0.0,2,36.090523
0.0,3,36.09067
0.0,3,36.090829
0.0,7,36.091092
0.0,8,36.091383
0.0,1,36.091473
0.0,8,36.091762
0.0,5,36.091979
0.0,5,36.092184
0.0,4,36.09236
0.0,7,36.092621
0.0,13,36.093062
0.0,1,36.093154
0.0,11,36.093525
0.0,1,36.093617
0.0,12,36.094028
0.0,1,36.09412
0.0,5,36.094323
1.0,6,36.094556
0.0,11,36.094944
0.0,3,36.095095
0.0,9,36.095412
1.0,44,36.096726
0.0,1,36.096828
0.0,2,36.096949
0.0,3,36.097097
1.0,8,36.097388
0.0,5,36.097594
0.0,4,36.097782
0.0,3,36.097932
0.0,3,36.098081
0.0,7,36.098341
1.0,11,36.098716
0.0,2,36.098846
0.0,8,36.099138
0.0,10,36.099481
1.0,7,36.099743
0.0,3,36.099905
0.0,5,36.10011
0.0,2,36.10023
0.0,1,36.10032
0.0,7,36.10058
0.0,1,36.100671
0.0,2,36.100803
0.0,3,36.100953
0.0,3,36.101101
0.0,6,36.101333
0.0,3,36.101482
0.0,4,36.101657
0.0,2,36.101787
0.0,2,36.101908
0.0,8,36.102198
0.0,1,36.102288
0.0,6,36.102521
0.0,1,36.10261
0.0,8,36.102911
0.0,1,36.103002
0.0,1,36.103093
0.0,2,36.103212
0.0,3,36.103359
0.0,5,36.103565
0.0,1,36.103655
1.0,14,36.104128
0.0,1,36.104221
0.0,14,36.104682
0.0,4,36.10487
0.0,1,36.104962
1.0,15,36.10545
0.0,1,36.105541
0.0,3,36.105689
0.0,1,36.105789
0.0,12,36.106191
0.0,3,36.10634
0.0,3,36.106488
0.0,1,36.106577
0.0,10,36.106937
0.0,7,36.107201
0.0,4,36.107377
0.0,1,36.107467
0.0,1,36.107556
0.0,6,36.107801
0.0,1,36.107893
0.0,2,36.108012
0.0,1,36.108102
0.0,6,36.108335
1.0,12,36.108735
0.0,9,36.10906
0.0,7,36.109322
0.0,15,36.109832
0.0,3,36.109982
0.0,1,36.110073
0.0,2,36.110192
0.0,4,36.11037
0.0,2,36.110489
0.0,1,36.110579
0.0,12,36.110992
0.0,16,36.111508
0.0,1,36.111599
0.0,1,36.111689
0.0,7,36.111961
0.0,2,36.112082
0.0,10,36.112426
0.0,1,36.112516
