#{"t_start": 1522613833.3360515, "env_id": "MyFrozenLake-v0"}
r,l,t
0.0,45,0.037408
0.0,100,0.042024
0.0,100,0.046592
0.0,100,0.051176
0.0,100,0.055735
0.0,100,0.060293
0.0,100,0.064833
0.0,23,0.065941
0.0,17,0.06678
0.0,9,0.067271
0.0,100,0.071828
0.0,54,0.074329
0.0,6,0.074671
0.0,9,0.075162
0.0,100,0.079729
0.0,21,0.080748
0.0,100,0.08532
0.0,24,0.086473
0.0,8,0.0869
0.0,39,0.088722
0.0,36,0.090409
0.0,16,0.091202
1.0,89,0.095276
1.0,93,0.099529
0.0,100,0.104112
0.0,100,0.108688
1.0,31,0.110163
0.0,4,0.110413
1.0,88,0.114438
1.0,58,0.117137
1.0,73,0.120495
0.0,25,0.121696
1.0,53,0.124156
0.0,26,0.125402
1.0,19,0.126339
1.0,21,0.127361
1.0,37,0.129094
0.0,69,0.132273
1.0,13,0.132922
0.0,24,0.134076
1.0,21,0.135086
1.0,18,0.135969
1.0,58,0.138741
0.0,63,0.141656
0.0,30,0.143081
0.0,30,0.144509
1.0,30,0.145933
0.0,39,0.147764
1.0,26,0.149002
0.0,13,0.149664
1.0,79,0.153302
0.0,4,0.153555
0.0,25,0.154748
1.0,55,0.157306
1.0,37,0.159033
1.0,97,0.163471
0.0,14,0.164182
0.0,21,0.165212
0.0,34,0.166813
0.0,100,0.171391
0.0,100,0.175952
1.0,19,0.176877
0.0,100,0.181433
1.0,55,0.183976
1.0,39,0.185811
1.0,25,0.187005
0.0,20,0.187979
1.0,24,0.189142
1.0,12,0.189752
0.0,86,0.193689
1.0,27,0.19498
1.0,34,0.196597
1.0,33,0.198153
1.0,16,0.198939
0.0,58,0.201622
0.0,81,0.205334
0.0,72,0.208658
0.0,19,0.209587
1.0,21,0.210614
1.0,26,0.211855
1.0,74,0.215274
1.0,99,0.219815
1.0,57,0.222447
1.0,34,0.22403
1.0,39,0.225864
1.0,12,0.226482
1.0,16,0.227276
1.0,18,0.228166
1.0,11,0.228727
0.0,20,0.229705
1.0,21,0.230731
0.0,10,0.231258
1.0,33,0.232811
1.0,23,0.233916
1.0,76,0.237415
1.0,28,0.238804
1.0,61,0.241628
1.0,45,0.243728
0.0,100,0.248307
0.0,50,0.250628
1.0,87,0.25463
0.0,52,0.257034
0.0,100,0.261607
1.0,27,0.262891
0.0,100,0.267476
0.0,80,0.271338
0.0,4,0.27159
1.0,32,0.273104
1.0,11,0.273667
0.0,33,0.275234
1.0,36,0.276922
1.0,38,0.278704
1.0,38,0.28049
0.0,17,0.281325
1.0,22,0.282389
1.0,98,0.286865
1.0,47,0.289053
0.0,100,0.293633
1.0,74,0.297038
1.0,61,0.299849
1.0,63,0.302753
0.0,9,0.303242
0.0,68,0.306385
0.0,64,0.309346
1.0,46,0.311498
1.0,6,0.311839
0.0,70,0.31507
0.0,38,0.316865
1.0,30,0.318299
0.0,15,0.319039
0.0,25,0.320245
0.0,12,0.32085
0.0,31,0.322327
1.0,83,0.326158
1.0,30,0.327578
0.0,34,0.329186
0.0,15,0.329928
1.0,91,0.334085
1.0,45,0.336187
1.0,36,0.337873
0.0,100,0.342532
0.0,100,0.347117
0.0,13,0.347771
1.0,56,0.350369
1.0,22,0.351428
1.0,50,0.353749
1.0,31,0.355226
0.0,36,0.356912
1.0,80,0.360587
1.0,80,0.364244
0.0,29,0.365626
1.0,13,0.366283
1.0,56,0.368862
0.0,100,0.37343
1.0,71,0.376707
0.0,18,0.377592
1.0,10,0.378118
0.0,42,0.380071
1.0,18,0.380961
0.0,8,0.381405
1.0,8,0.381834
1.0,48,0.384066
1.0,10,0.384594
1.0,69,0.387786
1.0,10,0.388315
0.0,18,0.389199
1.0,83,0.392986
0.0,18,0.393873
1.0,37,0.395613
1.0,10,0.396145
1.0,42,0.398106
0.0,24,0.399265
1.0,32,0.400775
1.0,30,0.402205
0.0,61,0.405022
1.0,34,0.406636
1.0,18,0.407521
1.0,53,0.409976
0.0,48,0.412224
0.0,100,0.41679
0.0,9,0.417278
0.0,13,0.417929
0.0,14,0.418638
0.0,67,0.42172
0.0,16,0.422521
1.0,56,0.425126
0.0,100,0.42969
0.0,15,0.430445
0.0,100,0.435011
1.0,47,0.437207
0.0,100,0.441771
0.0,8,0.442277
1.0,73,0.445639
0.0,4,0.445889
0.0,16,0.446679
1.0,88,0.450715
1.0,28,0.452047
0.0,100,0.456625
0.0,100,0.461198
0.0,100,0.465745
0.0,100,0.470312
0.0,57,0.472934
1.0,15,0.473696
1.0,22,0.474759
1.0,48,0.476995
1.0,65,0.479978
1.0,57,0.482625
0.0,7,0.483008
1.0,17,0.483847
1.0,13,0.484506
1.0,39,0.48634
1.0,20,0.487315
0.0,100,0.491888
1.0,12,0.492501
0.0,46,0.494635
1.0,19,0.495567
1.0,10,0.496082
1.0,23,0.497193
1.0,71,0.50046
1.0,17,0.501294
1.0,23,0.502396
1.0,43,0.504395
1.0,51,0.506766
0.0,33,0.508324
0.0,62,0.511174
1.0,69,0.514334
0.0,7,0.514717
1.0,46,0.516838
1.0,80,0.520504
0.0,5,0.520799
1.0,16,0.521589
1.0,24,0.522735
1.0,20,0.523708
1.0,70,0.526907
1.0,25,0.528117
0.0,32,0.529641
1.0,42,0.531611
1.0,9,0.532086
1.0,29,0.533488
1.0,40,0.535365
1.0,37,0.537094
1.0,11,0.537662
0.0,12,0.538281
1.0,69,0.541454
1.0,23,0.542561
0.0,28,0.543944
0.0,10,0.544478
0.0,100,0.54907
0.0,100,0.553656
0.0,51,0.556014
1.0,8,0.556453
1.0,31,0.557917
1.0,12,0.558532
1.0,32,0.560035
1.0,78,0.563621
1.0,26,0.564854
1.0,15,0.565613
0.0,100,0.570197
0.0,33,0.571754
1.0,19,0.572681
1.0,31,0.574155
0.0,12,0.574764
1.0,47,0.576943
0.0,15,0.57769
0.0,100,0.582289
0.0,100,0.586882
0.0,27,0.588176
1.0,14,0.588872
1.0,41,0.590795
0.0,4,0.591043
1.0,34,0.592656
0.0,100,0.597231
0.0,100,0.601815
0.0,23,0.602929
1.0,96,0.607337
0.0,99,0.611855
0.0,100,0.616455
1.0,8,0.616884
0.0,30,0.618315
0.0,8,0.618746
0.0,15,0.619499
1.0,46,0.621638
0.0,24,0.622793
1.0,30,0.62422
0.0,47,0.626421
0.0,53,0.62888
0.0,100,0.633456
0.0,37,0.635203
1.0,52,0.63761
1.0,33,0.639173
1.0,40,0.64104
1.0,69,0.644215
0.0,33,0.645846
1.0,23,0.646959
1.0,16,0.647756
1.0,61,0.650581
1.0,13,0.651242
0.0,11,0.6518
1.0,26,0.65304
0.0,49,0.655332
1.0,30,0.656755
1.0,95,0.661082
0.0,63,0.663996
1.0,47,0.666196
0.0,14,0.666895
0.0,8,0.667336
1.0,33,0.668894
1.0,66,0.671943
1.0,46,0.674087
1.0,24,0.675251
1.0,12,0.675861
0.0,61,0.67868
0.0,100,0.68327
0.0,21,0.684289
1.0,92,0.688479
1.0,68,0.691618
0.0,49,0.693888
0.0,56,0.696502
0.0,10,0.697024
0.0,11,0.697598
0.0,8,0.698029
0.0,71,0.701302
0.0,59,0.704015
1.0,33,0.705591
1.0,31,0.707057
0.0,100,0.711642
0.0,9,0.712124
0.0,12,0.712732
1.0,10,0.713262
1.0,10,0.713782
0.0,25,0.714981
0.0,43,0.716999
0.0,100,0.72158
0.0,12,0.722198
0.0,100,0.726799
0.0,42,0.728763
0.0,32,0.730291
1.0,43,0.732303
1.0,24,0.733455
0.0,4,0.733704
1.0,70,0.736931
1.0,36,0.738622
1.0,27,0.739902
1.0,84,0.743761
1.0,39,0.745597
0.0,13,0.746319
1.0,45,0.748433
1.0,35,0.750079
1.0,39,0.751918
1.0,27,0.753221
1.0,19,0.754156
1.0,49,0.756444
1.0,94,0.760764
1.0,53,0.763227
1.0,73,0.766596
0.0,42,0.768574
1.0,45,0.770669
0.0,77,0.774222
1.0,18,0.775117
0.0,34,0.776718
1.0,7,0.777113
0.0,33,0.778679
1.0,55,0.78126
1.0,13,0.781914
0.0,100,0.786542
0.0,25,0.787745
0.0,37,0.789503
0.0,10,0.790028
0.0,37,0.791782
0.0,39,0.793632
0.0,61,0.796491
1.0,100,0.801072
1.0,44,0.803138
1.0,26,0.80438
1.0,11,0.804945
1.0,20,0.805926
0.0,21,0.806945
1.0,67,0.810049
1.0,52,0.812482
0.0,4,0.812732
0.0,16,0.813529
0.0,22,0.814597
0.0,100,0.819203
0.0,74,0.822623
1.0,95,0.826996
0.0,100,0.831584
0.0,12,0.832206
0.0,25,0.833412
1.0,17,0.834256
0.0,100,0.838824
0.0,10,0.839357
1.0,32,0.84088
1.0,19,0.841817
1.0,10,0.842349
0.0,5,0.842642
1.0,82,0.846439
1.0,16,0.847297
0.0,26,0.848549
0.0,15,0.849305
1.0,80,0.85297
1.0,21,0.853988
1.0,18,0.854875
1.0,41,0.856807
0.0,100,0.861397
1.0,9,0.861874
1.0,86,0.865834
0.0,15,0.866594
1.0,57,0.869241
1.0,62,0.872111
0.0,23,0.873219
1.0,23,0.874326
0.0,67,0.877415
0.0,86,0.881363
1.0,37,0.883094
0.0,37,0.884843
1.0,21,0.885869
0.0,100,0.890448
1.0,13,0.891106
1.0,32,0.892621
0.0,13,0.89328
0.0,100,0.897849
1.0,30,0.89928
1.0,22,0.900342
1.0,69,0.903514
0.0,100,0.908087
0.0,51,0.91046
0.0,31,0.911925
0.0,100,0.916506
0.0,6,0.916847
0.0,56,0.919445
1.0,37,0.921191
1.0,25,0.922389
0.0,33,0.923939
0.0,100,0.928506
1.0,68,0.931638
1.0,20,0.932611
0.0,51,0.934979
0.0,100,0.939569
1.0,60,0.942348
1.0,41,0.944269
1.0,25,0.945472
0.0,20,0.946442
0.0,45,0.948541
0.0,100,0.953139
1.0,41,0.95514
1.0,70,0.95838
1.0,31,0.959845
1.0,20,0.960818
0.0,23,0.961929
1.0,25,0.963142
1.0,59,0.965898
1.0,30,0.967342
0.0,100,0.971944
0.0,100,0.976564
1.0,43,0.978585
1.0,19,0.979524
0.0,6,0.979863
1.0,88,0.983921
1.0,93,0.988213
0.0,14,0.988906
1.0,21,0.989931
1.0,14,0.99064
1.0,51,0.993018
1.0,43,0.99503
0.0,100,0.999613
1.0,12,1.000233
0.0,12,1.000839
1.0,9,1.001325
1.0,45,1.003427
0.0,67,1.006513
1.0,35,1.008165
1.0,30,1.009591
1.0,18,1.010478
1.0,43,1.012492
0.0,100,1.017061
1.0,38,1.018842
1.0,19,1.019779
1.0,46,1.021924
1.0,22,1.022979
0.0,43,1.025005
1.0,60,1.027792
0.0,11,1.028367
0.0,100,1.032928
0.0,47,1.035132
0.0,40,1.037
0.0,11,1.037577
1.0,89,1.041656
0.0,14,1.042368
0.0,100,1.046942
1.0,27,1.048244
1.0,82,1.052018
1.0,67,1.055117
0.0,26,1.056423
1.0,23,1.057539
1.0,83,1.061373
1.0,23,1.06248
1.0,43,1.064497
0.0,12,1.065122
0.0,13,1.065775
0.0,61,1.068599
1.0,22,1.06966
1.0,36,1.071358
1.0,16,1.072157
1.0,13,1.072803
1.0,18,1.07369
0.0,11,1.074265
0.0,16,1.075058
0.0,36,1.076749
0.0,74,1.080163
0.0,100,1.084728
0.0,100,1.08929
0.0,45,1.091387
1.0,30,1.092809
0.0,28,1.094149
0.0,15,1.09489
1.0,15,1.095641
0.0,12,1.096262
1.0,72,1.099559
0.0,15,1.100309
1.0,10,1.100827
1.0,7,1.101219
0.0,13,1.101869
1.0,35,1.103519
1.0,17,1.104356
0.0,22,1.105426
1.0,85,1.109316
1.0,85,1.113202
1.0,8,1.113635
0.0,51,1.116006
1.0,76,1.119491
1.0,82,1.123256
1.0,25,1.124448
1.0,53,1.126899
0.0,26,1.12815
1.0,19,1.129068
1.0,25,1.130268
0.0,49,1.132536
1.0,10,1.133054
1.0,45,1.135172
1.0,42,1.137134
1.0,50,1.139465
1.0,22,1.140532
1.0,13,1.141192
0.0,26,1.142434
1.0,39,1.144261
1.0,10,1.144777
1.0,51,1.147152
0.0,100,1.151711
1.0,25,1.15291
1.0,66,1.15595
0.0,26,1.157269
0.0,97,1.161723
0.0,57,1.164372
0.0,100,1.168964
1.0,45,1.171061
0.0,85,1.174943
0.0,24,1.176111
0.0,19,1.177034
1.0,16,1.177828
0.0,43,1.179835
0.0,6,1.180184
1.0,28,1.181517
0.0,49,1.1838
1.0,33,1.185364
0.0,36,1.187048
0.0,38,1.18883
1.0,34,1.190443
0.0,46,1.192604
1.0,29,1.193978
1.0,8,1.194415
1.0,19,1.195352
1.0,31,1.196815
0.0,81,1.200512
1.0,13,1.201175
0.0,100,1.205775
1.0,11,1.206347
1.0,12,1.206952
1.0,35,1.208605
1.0,18,1.209491
1.0,34,1.211085
0.0,90,1.215206
0.0,25,1.216398
0.0,100,1.220961
0.0,38,1.222746
1.0,99,1.227285
0.0,100,1.231824
1.0,88,1.235863
1.0,33,1.237426
0.0,9,1.237902
0.0,22,1.238963
0.0,7,1.23936
0.0,100,1.243937
0.0,100,1.248548
1.0,22,1.249614
0.0,100,1.254207
0.0,31,1.255683
0.0,53,1.25816
0.0,10,1.258682
1.0,41,1.260617
0.0,100,1.265227
0.0,48,1.267541
0.0,100,1.272135
0.0,21,1.273165
0.0,100,1.277754
0.0,100,1.282345
1.0,33,1.283905
1.0,19,1.284841
1.0,33,1.286417
0.0,12,1.287025
0.0,52,1.289466
0.0,100,1.294052
0.0,52,1.296479
0.0,10,1.297003
1.0,7,1.297396
1.0,65,1.300396
0.0,21,1.301421
0.0,13,1.302073
1.0,19,1.302998
0.0,16,1.303791
1.0,12,1.304413
1.0,14,1.305126
1.0,31,1.306589
1.0,28,1.307925
1.0,51,1.3103
0.0,19,1.311232
0.0,22,1.3123
0.0,100,1.316866
0.0,15,1.31762
0.0,40,1.319505
1.0,16,1.320302
1.0,15,1.321044
1.0,10,1.321574
0.0,100,1.326164
1.0,60,1.328931
1.0,29,1.330321
1.0,25,1.331519
1.0,25,1.332719
1.0,34,1.334332
0.0,9,1.334804
1.0,20,1.33578
1.0,7,1.33617
0.0,98,1.340638
1.0,39,1.342461
1.0,25,1.343658
0.0,57,1.346309
0.0,11,1.34687
0.0,13,1.347532
0.0,24,1.348684
1.0,52,1.351093
0.0,27,1.352387
0.0,94,1.356696
0.0,70,1.359924
0.0,100,1.364512
1.0,8,1.364941
0.0,100,1.369522
0.0,100,1.374177
1.0,23,1.375291
0.0,100,1.379896
0.0,38,1.38168
1.0,46,1.383821
0.0,100,1.388399
0.0,5,1.388693
0.0,16,1.389486
0.0,33,1.391044
1.0,23,1.392161
1.0,48,1.394388
1.0,18,1.395274
1.0,11,1.395836
1.0,21,1.396854
0.0,16,1.397648
1.0,74,1.401047
1.0,26,1.402293
0.0,21,1.403317
1.0,44,1.405382
0.0,16,1.406177
0.0,42,1.408143
1.0,40,1.410006
1.0,39,1.411832
1.0,17,1.412672
1.0,18,1.413553
0.0,23,1.41466
0.0,8,1.415087
1.0,17,1.415929
0.0,35,1.417576
1.0,41,1.419489
1.0,7,1.419872
0.0,100,1.42447
1.0,26,1.425723
1.0,9,1.426207
0.0,100,1.430757
0.0,65,1.433773
0.0,77,1.43733
0.0,20,1.438302
1.0,85,1.442203
1.0,51,1.444577
0.0,89,1.448658
1.0,54,1.451164
0.0,31,1.452618
1.0,36,1.454317
0.0,100,1.458887
1.0,48,1.461125
0.0,62,1.463985
1.0,93,1.468257
0.0,100,1.472824
0.0,100,1.477432
1.0,35,1.479156
0.0,26,1.480404
1.0,70,1.483642
1.0,14,1.484349
1.0,23,1.485465
0.0,90,1.489601
0.0,56,1.492207
0.0,44,1.494272
0.0,12,1.494879
1.0,16,1.495683
1.0,44,1.497745
0.0,48,1.499983
0.0,14,1.500694
1.0,14,1.501404
0.0,100,1.505985
1.0,90,1.510126
0.0,43,1.512161
0.0,100,1.516718
0.0,100,1.521304
0.0,21,1.522318
1.0,56,1.524905
1.0,18,1.525793
1.0,30,1.527226
0.0,28,1.52855
0.0,16,1.529346
0.0,21,1.530363
1.0,19,1.53129
1.0,24,1.532433
1.0,21,1.533454
0.0,93,1.537715
1.0,56,1.540321
1.0,30,1.541739
1.0,11,1.542308
1.0,25,1.543508
0.0,76,1.546989
1.0,10,1.547514
1.0,46,1.549653
0.0,17,1.550493
0.0,65,1.553502
1.0,67,1.5566
1.0,97,1.561032
1.0,37,1.562775
1.0,72,1.566092
0.0,28,1.567436
0.0,35,1.569079
1.0,34,1.570684
0.0,6,1.571021
1.0,24,1.572186
1.0,24,1.573341
0.0,7,1.573727
0.0,45,1.575832
0.0,28,1.577183
0.0,31,1.578657
1.0,34,1.58033
1.0,44,1.58239
0.0,100,1.586987
0.0,91,1.591187
0.0,64,1.594145
0.0,100,1.598732
0.0,40,1.600621
0.0,100,1.605226
1.0,13,1.605883
1.0,57,1.608528
1.0,7,1.608912
0.0,100,1.613488
0.0,14,1.614194
0.0,100,1.61877
0.0,100,1.623369
0.0,10,1.62389
1.0,66,1.626932
0.0,30,1.628368
0.0,36,1.630058
1.0,6,1.630404
1.0,86,1.634364
1.0,15,1.635121
1.0,41,1.637027
0.0,100,1.641599
1.0,42,1.643554
1.0,13,1.644213
1.0,31,1.645683
0.0,86,1.649624
1.0,20,1.650604
0.0,83,1.654398
0.0,38,1.65619
0.0,9,1.65666
0.0,25,1.657858
0.0,100,1.662421
0.0,17,1.66326
1.0,65,1.666255
1.0,12,1.666857
0.0,88,1.670879
1.0,73,1.674236
1.0,47,1.676443
0.0,72,1.67975
1.0,20,1.680724
0.0,100,1.6853
0.0,8,1.685735
1.0,61,1.688558
0.0,62,1.69142
1.0,42,1.693377
1.0,17,1.694216
0.0,24,1.69537
1.0,63,1.698283
0.0,47,1.70054
0.0,6,1.70088
0.0,24,1.702034
0.0,100,1.706646
1.0,88,1.710673
0.0,29,1.712054
0.0,93,1.716328
1.0,100,1.720902
1.0,42,1.722855
0.0,25,1.724047
0.0,69,1.727248
1.0,88,1.731288
1.0,37,1.733015
1.0,24,1.734175
1.0,75,1.737619
1.0,20,1.738587
0.0,41,1.740499
1.0,21,1.74152
0.0,100,1.746087
1.0,14,1.746792
0.0,24,1.747941
0.0,100,1.752515
1.0,14,1.753224
0.0,17,1.75405
0.0,24,1.755216
1.0,36,1.756893
1.0,33,1.758454
1.0,11,1.759021
1.0,32,1.760544
1.0,39,1.762381
1.0,22,1.763441
1.0,20,1.76441
0.0,28,1.765748
0.0,19,1.76668
0.0,11,1.767252
1.0,32,1.768762
0.0,100,1.773338
0.0,61,1.77617
1.0,14,1.776868
1.0,20,1.777837
0.0,100,1.782424
0.0,12,1.783032
1.0,34,1.78464
0.0,55,1.7872
0.0,11,1.787768
1.0,63,1.790682
1.0,35,1.792335
1.0,100,1.796891
1.0,28,1.798231
0.0,37,1.799964
1.0,58,1.80271
0.0,22,1.803777
0.0,40,1.805664
1.0,52,1.808081
1.0,43,1.810103
1.0,36,1.811788
1.0,20,1.81276
0.0,100,1.817349
0.0,100,1.821901
0.0,33,1.823466
1.0,77,1.826997
1.0,50,1.829324
1.0,17,1.830162
1.0,11,1.830723
1.0,17,1.831564
1.0,52,1.833968
0.0,100,1.83853
0.0,26,1.839769
1.0,15,1.840516
1.0,51,1.842867
1.0,46,1.845004
1.0,15,1.845758
0.0,12,1.846375
1.0,32,1.847883
1.0,64,1.850835
0.0,100,1.855418
0.0,24,1.856571
0.0,22,1.857631
0.0,9,1.858115
1.0,19,1.859031
0.0,12,1.859647
1.0,64,1.862596
1.0,45,1.864686
0.0,63,1.86758
0.0,100,1.872137
0.0,38,1.87391
1.0,83,1.877697
1.0,38,1.879481
1.0,31,1.880933
0.0,30,1.882359
1.0,33,1.883901
1.0,97,1.888338
1.0,22,1.889403
1.0,88,1.893422
0.0,41,1.895331
1.0,70,1.89852
1.0,89,1.902575
1.0,31,1.904036
0.0,37,1.905865
1.0,29,1.907255
1.0,24,1.908409
1.0,34,1.910007
1.0,38,1.911782
0.0,30,1.913221
1.0,17,1.914046
0.0,32,1.915563
0.0,58,1.918241
0.0,8,1.918669
0.0,92,1.922858
1.0,23,1.923969
0.0,54,1.926479
1.0,68,1.929603
1.0,14,1.930308
1.0,71,1.933552
0.0,100,1.938112
1.0,66,1.941146
1.0,18,1.942019
1.0,32,1.943539
0.0,100,1.948119
0.0,22,1.949177
0.0,19,1.950093
0.0,47,1.952292
0.0,49,1.95457
0.0,52,1.956991
0.0,18,1.957882
0.0,13,1.958544
0.0,42,1.960513
1.0,91,1.964671
0.0,100,1.969255
0.0,100,1.973814
1.0,53,1.976279
1.0,25,1.977468
0.0,6,1.977806
0.0,27,1.979083
0.0,50,1.981399
1.0,13,1.982049
0.0,89,1.986115
1.0,69,1.989282
0.0,84,1.993127
1.0,33,1.994678
0.0,21,1.995703
1.0,32,1.997224
1.0,24,1.998374
1.0,19,1.999301
0.0,17,2.000139
0.0,39,2.00196
1.0,14,2.002673
0.0,61,2.005498
1.0,36,2.007252
1.0,17,2.008081
1.0,14,2.008783
1.0,15,2.009527
0.0,63,2.012446
0.0,24,2.013599
1.0,7,2.013984
0.0,8,2.014432
0.0,33,2.015991
1.0,19,2.016922
1.0,15,2.017675
1.0,53,2.020128
1.0,98,2.024605
1.0,70,2.027833
0.0,47,2.030016
1.0,35,2.031673
0.0,100,2.036257
1.0,16,2.037051
1.0,32,2.038563
1.0,96,2.04296
0.0,100,2.047558
0.0,49,2.049833
0.0,94,2.054168
0.0,100,2.058763
0.0,39,2.060604
0.0,25,2.0618
1.0,36,2.063507
0.0,27,2.064793
1.0,29,2.066196
1.0,19,2.067127
0.0,10,2.067645
0.0,11,2.068215
1.0,83,2.072012
1.0,65,2.075008
1.0,15,2.075759
0.0,21,2.076771
0.0,100,2.08135
1.0,51,2.083704
1.0,76,2.08719
0.0,45,2.089275
1.0,14,2.089972
1.0,56,2.092542
1.0,9,2.093008
1.0,21,2.094019
0.0,17,2.09485
0.0,19,2.095788
1.0,38,2.097564
1.0,44,2.099614
1.0,27,2.100896
0.0,65,2.103883
0.0,9,2.104366
1.0,33,2.10592
1.0,19,2.106919
1.0,39,2.108744
0.0,100,2.113324
1.0,32,2.114832
1.0,81,2.11856
0.0,8,2.118986
1.0,49,2.121256
1.0,20,2.122233
1.0,47,2.12441
0.0,8,2.124835
1.0,15,2.125591
0.0,100,2.130152
0.0,47,2.132327
1.0,28,2.133661
1.0,8,2.134086
0.0,17,2.134923
0.0,12,2.135543
1.0,20,2.136516
1.0,18,2.137395
1.0,29,2.138762
0.0,14,2.139468
1.0,60,2.142234
1.0,37,2.143968
1.0,27,2.145272
1.0,31,2.146734
1.0,43,2.148737
1.0,57,2.151379
0.0,100,2.155963
1.0,49,2.158273
0.0,6,2.158613
1.0,26,2.159858
1.0,18,2.160746
1.0,17,2.161589
0.0,13,2.162254
1.0,28,2.163585
1.0,20,2.164555
1.0,26,2.165802
1.0,14,2.166503
0.0,6,2.166843
1.0,33,2.168402
1.0,30,2.169823
1.0,31,2.171286
1.0,48,2.173508
0.0,100,2.17807
0.0,100,2.182636
0.0,53,2.185085
0.0,14,2.185791
0.0,20,2.186768
1.0,11,2.187337
1.0,24,2.188482
1.0,10,2.189001
1.0,14,2.189708
1.0,37,2.191443
1.0,95,2.195775
1.0,45,2.197873
0.0,19,2.198797
1.0,21,2.19981
1.0,38,2.201583
1.0,30,2.202998
0.0,6,2.203349
1.0,21,2.204368
1.0,33,2.205927
0.0,48,2.208243
1.0,58,2.210939
1.0,51,2.213306
0.0,65,2.216314
0.0,33,2.217878
0.0,78,2.221481
1.0,15,2.222232
0.0,61,2.225031
1.0,50,2.227371
0.0,37,2.229102
0.0,68,2.232235
0.0,14,2.232937
0.0,34,2.234537
1.0,28,2.235869
1.0,28,2.237209
1.0,44,2.239271
1.0,74,2.242667
1.0,23,2.243779
1.0,63,2.246683
0.0,68,2.249798
0.0,9,2.250286
0.0,33,2.25184
1.0,51,2.254214
1.0,23,2.255329
0.0,15,2.25607
0.0,75,2.25951
1.0,73,2.262849
1.0,53,2.265306
0.0,67,2.268377
0.0,13,2.269026
0.0,53,2.271488
0.0,14,2.272197
1.0,36,2.273878
1.0,10,2.274402
1.0,60,2.277179
0.0,19,2.278105
1.0,15,2.278845
1.0,6,2.279194
1.0,22,2.280257
1.0,91,2.284428
0.0,76,2.287922
1.0,11,2.288496
1.0,20,2.289469
1.0,30,2.290886
1.0,22,2.291941
1.0,17,2.292783
0.0,16,2.293572
0.0,95,2.297935
1.0,38,2.299708
1.0,21,2.300721
1.0,49,2.302991
1.0,65,2.305988
1.0,28,2.307331
1.0,40,2.309263
1.0,35,2.310907
1.0,25,2.312106
0.0,100,2.316682
1.0,21,2.317696
0.0,16,2.31849
1.0,35,2.320138
0.0,31,2.321596
0.0,26,2.322838
0.0,12,2.323455
0.0,44,2.325516
1.0,14,2.326221
1.0,6,2.326558
0.0,38,2.328347
0.0,21,2.329368
1.0,49,2.331643
1.0,39,2.333468
0.0,100,2.338048
1.0,21,2.339057
1.0,21,2.340077
1.0,62,2.342947
0.0,33,2.344517
0.0,29,2.345902
1.0,27,2.347204
0.0,100,2.35178
0.0,45,2.353878
0.0,59,2.356628
1.0,14,2.357332
1.0,87,2.361332
1.0,35,2.362964
1.0,42,2.364924
0.0,14,2.365638
0.0,100,2.370203
1.0,14,2.370897
1.0,10,2.371418
1.0,12,2.372025
0.0,54,2.374531
0.0,10,2.37505
0.0,100,2.379592
0.0,100,2.384148
1.0,32,2.38566
0.0,59,2.388379
1.0,22,2.389447
0.0,100,2.394004
1.0,17,2.394845
0.0,14,2.395555
1.0,25,2.396748
1.0,34,2.39834
1.0,22,2.39941
1.0,8,2.399836
1.0,13,2.400496
0.0,15,2.401244
1.0,45,2.403338
1.0,23,2.404441
1.0,28,2.405772
0.0,15,2.406522
0.0,6,2.406858
1.0,25,2.408054
1.0,24,2.40928
1.0,38,2.411061
0.0,6,2.411411
1.0,10,2.411927
0.0,10,2.412455
1.0,32,2.413967
1.0,9,2.414449
0.0,22,2.41551
0.0,13,2.416168
0.0,27,2.417453
1.0,23,2.418557
1.0,81,2.422264
0.0,61,2.425073
0.0,99,2.429589
0.0,44,2.431644
0.0,100,2.436212
0.0,100,2.440764
0.0,100,2.445326
0.0,39,2.447148
1.0,11,2.447709
0.0,24,2.448861
1.0,45,2.450955
0.0,86,2.45488
0.0,85,2.45878
0.0,40,2.460667
1.0,38,2.462445
1.0,14,2.463151
1.0,13,2.4638
0.0,36,2.4655
0.0,35,2.467147
1.0,36,2.46883
1.0,24,2.469973
0.0,12,2.470588
0.0,7,2.470969
1.0,29,2.472349
1.0,39,2.474167
1.0,17,2.474992
1.0,12,2.475614
0.0,13,2.476278
1.0,10,2.476797
1.0,23,2.477909
1.0,85,2.481789
1.0,14,2.482496
0.0,33,2.484043
1.0,88,2.488072
1.0,29,2.489447
1.0,29,2.490813
1.0,66,2.493849
1.0,34,2.495456
1.0,46,2.497588
1.0,10,2.498118
1.0,19,2.499031
1.0,36,2.500723
1.0,29,2.502094
1.0,11,2.502667
1.0,30,2.504083
1.0,57,2.506727
1.0,11,2.507302
1.0,19,2.50823
1.0,44,2.510339
1.0,27,2.511623
0.0,9,2.51211
1.0,42,2.514078
0.0,46,2.51625
1.0,28,2.517593
1.0,49,2.519878
1.0,28,2.521217
1.0,11,2.52178
1.0,30,2.523214
0.0,22,2.524278
1.0,13,2.524926
1.0,43,2.526934
1.0,9,2.527415
1.0,7,2.527798
1.0,51,2.530168
0.0,39,2.531988
1.0,32,2.533506
0.0,90,2.537639
0.0,38,2.539426
1.0,21,2.540443
0.0,38,2.54222
0.0,51,2.544575
0.0,20,2.545548
1.0,15,2.546298
0.0,100,2.550841
0.0,38,2.552619
0.0,34,2.554223
1.0,48,2.556461
0.0,8,2.556884
1.0,13,2.557545
0.0,80,2.561208
1.0,17,2.562034
0.0,92,2.566245
0.0,20,2.567216
0.0,48,2.569443
0.0,100,2.573993
1.0,67,2.577079
0.0,50,2.579412
1.0,86,2.58336
1.0,8,2.583788
1.0,77,2.58732
0.0,77,2.590827
1.0,24,2.591973
0.0,25,2.593174
0.0,93,2.597417
0.0,18,2.598301
0.0,25,2.599501
1.0,83,2.603305
0.0,100,2.607879
0.0,8,2.608319
0.0,20,2.609291
0.0,100,2.613838
0.0,40,2.615711
0.0,7,2.616095
0.0,100,2.620652
1.0,27,2.621999
1.0,15,2.622752
1.0,94,2.627071
1.0,52,2.629493
1.0,11,2.630052
1.0,36,2.631736
1.0,34,2.63334
0.0,100,2.637899
0.0,100,2.642466
1.0,87,2.646464
0.0,56,2.649055
0.0,23,2.650171
0.0,40,2.652034
0.0,32,2.653542
0.0,39,2.655369
0.0,8,2.655797
0.0,100,2.660359
1.0,61,2.66317
0.0,15,2.663908
0.0,59,2.666635
0.0,28,2.667964
1.0,23,2.66907
0.0,52,2.671474
1.0,42,2.673423
0.0,10,2.67394
0.0,12,2.674558
0.0,38,2.676347
1.0,60,2.679094
1.0,61,2.681912
0.0,100,2.686469
1.0,32,2.687968
0.0,36,2.689659
1.0,27,2.690934
1.0,20,2.6919
0.0,5,2.692207
1.0,26,2.693442
1.0,26,2.694674
1.0,28,2.696014
0.0,87,2.699981
1.0,12,2.700594
1.0,30,2.702011
1.0,17,2.702846
1.0,16,2.703638
1.0,32,2.70516
1.0,20,2.706132
1.0,63,2.709021
1.0,13,2.709679
0.0,62,2.712532
0.0,100,2.717084
0.0,100,2.721629
1.0,34,2.723233
0.0,17,2.724061
0.0,6,2.724409
1.0,30,2.725831
1.0,27,2.727183
0.0,21,2.728202
0.0,55,2.730749
1.0,19,2.731675
1.0,21,2.732689
0.0,82,2.736447
0.0,18,2.737342
1.0,14,2.738034
1.0,34,2.739633
1.0,21,2.740658
1.0,32,2.742176
1.0,53,2.744621
0.0,80,2.748285
0.0,100,2.752834
1.0,13,2.753495
1.0,25,2.754686
1.0,8,2.755128
0.0,13,2.755777
0.0,96,2.760159
0.0,28,2.761488
0.0,73,2.764839
1.0,19,2.765773
0.0,12,2.766387
0.0,19,2.767319
0.0,100,2.77188
1.0,11,2.772454
1.0,16,2.773249
1.0,36,2.774938
0.0,36,2.776634
1.0,25,2.777829
1.0,45,2.779922
1.0,22,2.780972
1.0,23,2.782078
1.0,11,2.782641
1.0,28,2.78397
0.0,12,2.784585
1.0,9,2.785058
0.0,36,2.786747
1.0,24,2.787899
0.0,100,2.792477
0.0,10,2.792994
1.0,46,2.795148
1.0,30,2.796562
1.0,10,2.797076
0.0,28,2.79841
0.0,100,2.802969
1.0,28,2.804308
1.0,68,2.807447
0.0,18,2.808332
0.0,100,2.812891
1.0,73,2.816245
0.0,8,2.816674
0.0,8,2.817106
0.0,8,2.817533
0.0,39,2.819487
0.0,9,2.819959
1.0,18,2.820858
1.0,27,2.822191
0.0,100,2.826775
0.0,89,2.830958
0.0,96,2.835362
1.0,16,2.83616
1.0,15,2.836895
1.0,34,2.838509
0.0,21,2.839535
1.0,59,2.842282
1.0,46,2.844427
0.0,40,2.846327
0.0,25,2.847533
0.0,61,2.850386
0.0,90,2.854544
0.0,90,2.858703
1.0,46,2.860863
0.0,100,2.865449
1.0,82,2.86923
1.0,21,2.870257
1.0,34,2.87187
1.0,74,2.875288
0.0,91,2.879485
0.0,66,2.882548
1.0,42,2.884528
0.0,51,2.886915
1.0,47,2.889123
1.0,39,2.890957
1.0,31,2.892444
0.0,79,2.896085
0.0,61,2.898896
0.0,51,2.901282
0.0,17,2.902133
0.0,34,2.903755
0.0,27,2.90506
0.0,46,2.907229
0.0,5,2.907525
0.0,30,2.908956
0.0,100,2.913542
0.0,37,2.915302
1.0,38,2.917089
1.0,35,2.918775
1.0,48,2.921013
1.0,34,2.922629
1.0,27,2.923935
1.0,32,2.925476
0.0,11,2.926041
1.0,20,2.927015
1.0,12,2.927639
0.0,22,2.928714
1.0,38,2.930524
1.0,60,2.933314
0.0,47,2.935529
1.0,43,2.937565
0.0,100,2.942135
1.0,36,2.943838
1.0,88,2.947889
0.0,12,2.94851
1.0,23,2.949705
0.0,24,2.950876
1.0,36,2.952584
1.0,28,2.953932
0.0,53,2.956412
0.0,100,2.960999
0.0,17,2.961854
1.0,13,2.962521
1.0,29,2.963909
0.0,13,2.964573
0.0,100,2.969172
0.0,14,2.969866
1.0,74,2.973288
0.0,100,2.97787
1.0,15,2.978622
1.0,60,2.981414
0.0,7,2.981795
1.0,23,2.982905
1.0,55,2.985485
1.0,24,2.986643
1.0,24,2.987806
0.0,53,2.990298
1.0,49,2.992592
1.0,14,2.993302
0.0,46,2.995469
1.0,11,2.996029
1.0,19,2.996965
0.0,19,2.998089
0.0,24,2.999445
0.0,44,3.001702
0.0,100,3.006476
1.0,7,3.007037
1.0,20,3.008714
0.0,89,3.015554
0.0,74,3.02111
1.0,18,3.022447
0.0,18,3.023336
1.0,91,3.027534
1.0,40,3.029432
0.0,18,3.030318
1.0,48,3.032553
0.0,8,3.03298
0.0,100,3.037581
0.0,5,3.037878
0.0,14,3.038583
1.0,12,3.039202
0.0,75,3.042649
1.0,35,3.04429
1.0,31,3.045762
1.0,19,3.046691
0.0,23,3.047801
1.0,9,3.048285
1.0,25,3.049484
1.0,58,3.052241
0.0,100,3.056849
0.0,18,3.057736
0.0,16,3.058532
1.0,45,3.060621
0.0,9,3.061092
0.0,100,3.065659
0.0,49,3.067928
1.0,12,3.068545
1.0,33,3.070103
1.0,13,3.070754
1.0,14,3.071459
1.0,29,3.072836
0.0,49,3.075092
1.0,18,3.075979
0.0,12,3.076591
1.0,23,3.077693
1.0,20,3.07866
1.0,39,3.08048
0.0,29,3.081853
0.0,100,3.086415
0.0,21,3.087432
1.0,95,3.091756
0.0,14,3.092462
1.0,44,3.094518
0.0,45,3.096625
0.0,15,3.097376
0.0,19,3.098306
1.0,13,3.098953
1.0,29,3.100328
1.0,19,3.101258
1.0,26,3.102492
0.0,37,3.104229
1.0,22,3.105298
1.0,17,3.106131
1.0,41,3.108027
1.0,13,3.108684
1.0,45,3.110769
0.0,9,3.111255
1.0,61,3.114051
1.0,31,3.115527
1.0,55,3.118058
1.0,48,3.120279
0.0,52,3.122678
0.0,84,3.126675
0.0,60,3.129455
1.0,28,3.130791
0.0,13,3.131451
0.0,19,3.132381
1.0,11,3.132937
0.0,26,3.134181
1.0,17,3.135007
0.0,100,3.139583
0.0,32,3.141083
1.0,34,3.142691
0.0,53,3.145162
0.0,100,3.149702
0.0,57,3.152424
1.0,58,3.155082
1.0,41,3.157006
1.0,40,3.158883
1.0,12,3.159502
0.0,27,3.160788
1.0,56,3.163386
0.0,100,3.167964
0.0,10,3.168497
1.0,68,3.171623
0.0,100,3.176197
1.0,31,3.177658
1.0,28,3.178987
1.0,64,3.181935
1.0,10,3.182462
1.0,68,3.185579
1.0,21,3.186597
0.0,31,3.188061
0.0,13,3.188717
1.0,24,3.18986
0.0,100,3.194431
1.0,6,3.194769
1.0,17,3.195615
1.0,55,3.198164
1.0,51,3.200514
0.0,77,3.204032
0.0,58,3.206719
0.0,29,3.208108
1.0,10,3.208625
1.0,87,3.2126
1.0,85,3.216488
1.0,52,3.218885
0.0,69,3.222053
1.0,20,3.223024
0.0,56,3.225632
1.0,55,3.228181
0.0,8,3.22861
0.0,7,3.228992
1.0,38,3.230769
1.0,22,3.231835
0.0,55,3.234398
1.0,92,3.238601
1.0,26,3.239843
0.0,26,3.241089
0.0,66,3.244149
1.0,15,3.244893
1.0,12,3.245518
0.0,36,3.247211
0.0,15,3.247956
0.0,22,3.249019
1.0,20,3.249992
1.0,74,3.253405
0.0,100,3.257969
1.0,79,3.261591
1.0,26,3.262891
1.0,24,3.264047
1.0,39,3.265884
0.0,100,3.270469
1.0,18,3.271352
0.0,40,3.273221
1.0,7,3.273602
1.0,50,3.275914
0.0,33,3.277475
0.0,100,3.282026
0.0,18,3.28291
0.0,100,3.287492
0.0,61,3.290313
0.0,12,3.290922
1.0,63,3.293813
0.0,43,3.295831
1.0,27,3.297127
1.0,48,3.299337
1.0,31,3.300799
0.0,100,3.305373
1.0,19,3.306306
0.0,56,3.308887
0.0,12,3.309503
0.0,57,3.312133
0.0,19,3.313052
0.0,50,3.315382
1.0,67,3.318461
1.0,31,3.319914
0.0,74,3.323311
0.0,18,3.324197
0.0,56,3.326782
1.0,39,3.328609
1.0,65,3.331604
1.0,72,3.334898
1.0,18,3.33579
1.0,22,3.336843
1.0,10,3.337374
1.0,47,3.339541
1.0,30,3.340946
1.0,34,3.342557
1.0,38,3.344342
1.0,24,3.345497
0.0,10,3.34601
1.0,38,3.347797
0.0,57,3.350432
1.0,10,3.350947
1.0,36,3.352632
1.0,14,3.353338
0.0,6,3.353673
1.0,14,3.354379
1.0,10,3.35489
1.0,26,3.356145
0.0,26,3.357382
1.0,48,3.359612
1.0,43,3.36161
1.0,37,3.363414
0.0,100,3.367983
0.0,87,3.371958
1.0,8,3.372396
1.0,43,3.374398
0.0,27,3.37569
0.0,50,3.37802
1.0,16,3.378816
1.0,93,3.383053
1.0,38,3.384838
1.0,47,3.387031
1.0,40,3.388896
1.0,33,3.390454
1.0,24,3.391603
0.0,31,3.393064
1.0,22,3.394133
1.0,21,3.395153
0.0,40,3.397023
1.0,34,3.398627
1.0,41,3.400538
1.0,15,3.401288
1.0,28,3.402615
1.0,23,3.403717
0.0,20,3.404691
1.0,43,3.406701
0.0,40,3.408576
0.0,39,3.410399
0.0,59,3.413116
0.0,100,3.417659
0.0,51,3.420012
1.0,42,3.421968
1.0,29,3.423349
0.0,23,3.424469
1.0,28,3.42581
0.0,18,3.426698
0.0,35,3.428362
0.0,50,3.430689
1.0,11,3.431268
1.0,17,3.432106
0.0,19,3.433028
0.0,23,3.434149
1.0,66,3.437209
1.0,32,3.438728
1.0,38,3.440528
0.0,26,3.441771
0.0,5,3.442069
0.0,50,3.444383
1.0,19,3.445313
0.0,17,3.446149
0.0,100,3.450686
1.0,25,3.451882
0.0,31,3.45336
1.0,29,3.454734
1.0,31,3.456219
0.0,15,3.456962
1.0,26,3.458219
1.0,34,3.459808
1.0,28,3.461143
1.0,24,3.462289
1.0,25,3.463571
1.0,7,3.463955
1.0,41,3.465882
0.0,4,3.466144
1.0,89,3.47022
0.0,17,3.471046
0.0,100,3.475601
0.0,40,3.477468
1.0,56,3.480042
1.0,27,3.481334
1.0,54,3.483812
0.0,29,3.485205
0.0,14,3.485902
0.0,100,3.490447
0.0,72,3.493744
0.0,52,3.496157
0.0,81,3.499849
0.0,77,3.503366
0.0,11,3.50393
1.0,81,3.507642
0.0,49,3.509908
1.0,29,3.511293
0.0,25,3.512485
0.0,100,3.517029
0.0,18,3.517918
1.0,54,3.520413
1.0,79,3.52403
0.0,28,3.525373
1.0,40,3.527237
1.0,52,3.529628
1.0,32,3.531151
1.0,24,3.532312
1.0,57,3.534926
0.0,10,3.53546
1.0,17,3.536295
1.0,29,3.537668
1.0,26,3.538901
1.0,13,3.53956
1.0,41,3.541472
1.0,16,3.542262
1.0,12,3.542869
1.0,14,3.543567
1.0,23,3.544665
0.0,100,3.549246
0.0,12,3.549858
0.0,12,3.550474
0.0,18,3.551361
1.0,36,3.55305
1.0,15,3.553792
0.0,48,3.556015
0.0,67,3.559117
0.0,48,3.561345
1.0,14,3.562035
0.0,14,3.562741
0.0,12,3.56336
0.0,23,3.564526
1.0,86,3.568457
0.0,100,3.573014
0.0,100,3.577574
1.0,13,3.578235
1.0,16,3.579012
1.0,29,3.580389
1.0,74,3.583777
1.0,34,3.585379
0.0,8,3.585804
1.0,61,3.588599
1.0,96,3.592969
1.0,45,3.595061
0.0,17,3.595908
0.0,100,3.60049
1.0,37,3.602231
0.0,25,3.603413
1.0,10,3.603931
1.0,19,3.604853
1.0,59,3.607589
1.0,39,3.609418
1.0,19,3.610344
0.0,59,3.613056
0.0,10,3.613585
0.0,85,3.617467
1.0,24,3.618612
1.0,28,3.61994
1.0,8,3.620377
1.0,31,3.621837
1.0,65,3.624822
1.0,64,3.62778
0.0,100,3.632353
1.0,35,3.633996
1.0,47,3.636191
1.0,22,3.637256
1.0,67,3.640328
0.0,34,3.641923
0.0,75,3.64539
1.0,28,3.646719
0.0,29,3.648091
1.0,26,3.64934
0.0,38,3.651109
1.0,25,3.652306
0.0,80,3.655979
0.0,44,3.658024
0.0,8,3.658463
0.0,9,3.658932
0.0,9,3.659414
1.0,11,3.659974
0.0,50,3.662306
0.0,100,3.666892
0.0,45,3.668989
1.0,30,3.670418
1.0,8,3.670848
1.0,39,3.672672
1.0,56,3.675344
1.0,15,3.676083
1.0,40,3.677958
0.0,55,3.680506
1.0,49,3.682781
0.0,24,3.683925
0.0,14,3.684633
1.0,37,3.686377
1.0,21,3.687391
1.0,44,3.689454
0.0,16,3.690248
0.0,18,3.691133
1.0,16,3.691916
1.0,15,3.692665
1.0,65,3.69567
0.0,38,3.697452
0.0,66,3.70049
1.0,64,3.703434
1.0,20,3.704402
1.0,60,3.707179
1.0,18,3.708053
1.0,10,3.708574
0.0,52,3.710977
1.0,34,3.712581
1.0,57,3.715222
1.0,33,3.716762
1.0,30,3.718179
1.0,25,3.719368
0.0,14,3.720066
1.0,13,3.720722
1.0,19,3.721654
0.0,10,3.722187
0.0,68,3.725321
1.0,47,3.72751
0.0,34,3.729117
0.0,35,3.730764
0.0,87,3.734745
0.0,100,3.739333
0.0,100,3.743894
0.0,10,3.744427
0.0,100,3.748996
0.0,63,3.751901
1.0,20,3.752872
0.0,9,3.753357
1.0,17,3.754201
1.0,80,3.757871
1.0,70,3.761084
0.0,38,3.762855
0.0,25,3.764054
0.0,65,3.767051
1.0,30,3.768473
1.0,62,3.771316
1.0,55,3.773843
0.0,45,3.775928
0.0,61,3.778819
1.0,6,3.77917
0.0,14,3.779867
0.0,100,3.78443
1.0,16,3.785229
0.0,20,3.786201
1.0,14,3.786891
1.0,41,3.788784
1.0,50,3.791094
1.0,18,3.791972
1.0,88,3.795986
0.0,67,3.799052
0.0,49,3.801333
0.0,100,3.80589
0.0,71,3.809164
1.0,16,3.809945
1.0,24,3.811095
1.0,30,3.812524
1.0,26,3.813771
0.0,76,3.817256
1.0,29,3.818639
1.0,62,3.821503
1.0,19,3.822429
1.0,47,3.824613
0.0,100,3.829195
1.0,27,3.830493
1.0,28,3.831821
0.0,100,3.836399
1.0,48,3.838628
1.0,36,3.840314
1.0,86,3.844248
0.0,100,3.848814
0.0,26,3.850057
0.0,29,3.851431
0.0,51,3.853782
1.0,9,3.85427
0.0,100,3.858915
0.0,11,3.859577
0.0,16,3.860376
1.0,22,3.861451
0.0,83,3.865331
1.0,48,3.867651
1.0,50,3.870038
0.0,100,3.874701
0.0,53,3.877259
0.0,39,3.879157
1.0,8,3.879609
0.0,100,3.884203
0.0,100,3.888875
1.0,61,3.891764
0.0,61,3.894641
1.0,9,3.89519
1.0,26,3.896436
1.0,27,3.897859
0.0,48,3.900132
0.0,53,3.902625
1.0,16,3.903465
1.0,16,3.904264
1.0,44,3.906333
1.0,58,3.909039
1.0,10,3.909581
1.0,12,3.910201
1.0,50,3.91252
0.0,14,3.913233
0.0,39,3.91505
1.0,22,3.916125
0.0,100,3.920689
0.0,81,3.9244
0.0,45,3.926494
1.0,23,3.927592
1.0,15,3.928339
0.0,15,3.929073
1.0,73,3.932442
1.0,7,3.932822
1.0,69,3.935988
0.0,38,3.937776
0.0,26,3.939019
1.0,59,3.941734
0.0,50,3.944043
0.0,100,3.948605
0.0,9,3.949075
0.0,45,3.951169
0.0,41,3.953072
0.0,26,3.954324
1.0,54,3.956834
0.0,100,3.961401
0.0,21,3.962421
0.0,52,3.96482
0.0,30,3.966252
1.0,19,3.967181
1.0,48,3.969407
1.0,30,3.970823
1.0,30,3.972249
1.0,57,3.974875
0.0,49,3.977166
0.0,8,3.977596
1.0,69,3.980778
1.0,53,3.983232
1.0,49,3.985512
1.0,61,3.988332
1.0,74,3.991736
0.0,44,3.993775
0.0,16,3.994569
0.0,14,3.995279
1.0,53,3.997723
0.0,100,4.002389
0.0,9,4.002864
0.0,100,4.007425
0.0,100,4.011997
0.0,33,4.013566
1.0,30,4.014978
0.0,100,4.019559
0.0,100,4.024113
0.0,78,4.027686
0.0,100,4.032233
0.0,91,4.036422
0.0,32,4.037935
1.0,17,4.038773
1.0,22,4.039834
1.0,15,4.040585
0.0,9,4.041057
1.0,94,4.045338
0.0,100,4.049882
0.0,43,4.051883
1.0,92,4.056067
0.0,59,4.058772
0.0,83,4.06255
1.0,29,4.063918
1.0,31,4.065391
1.0,43,4.067392
1.0,76,4.070866
0.0,79,4.074472
0.0,19,4.075404
1.0,71,4.078652
1.0,21,4.07967
1.0,27,4.080951
1.0,26,4.082198
0.0,100,4.086749
1.0,50,4.089059
1.0,17,4.089888
0.0,23,4.090994
1.0,22,4.092056
1.0,9,4.092535
0.0,38,4.094301
1.0,42,4.096263
0.0,15,4.097002
1.0,22,4.098064
0.0,60,4.100827
0.0,100,4.105407
0.0,100,4.109954
1.0,14,4.110655
1.0,23,4.11176
0.0,58,4.11444
0.0,45,4.116533
1.0,26,4.117765
1.0,17,4.118602
0.0,19,4.119598
0.0,56,4.122212
1.0,51,4.124573
1.0,70,4.127801
1.0,39,4.129625
1.0,20,4.130598
0.0,18,4.13148
1.0,18,4.132363
0.0,100,4.136935
0.0,90,4.141046
0.0,60,4.143817
1.0,30,4.145254
1.0,42,4.147222
1.0,69,4.150389
0.0,63,4.153297
1.0,18,4.154179
1.0,30,4.155604
1.0,15,4.156354
1.0,27,4.15764
0.0,21,4.158659
0.0,28,4.159986
0.0,18,4.160869
1.0,28,4.162213
1.0,27,4.163493
0.0,12,4.164117
1.0,11,4.164679
0.0,100,4.169256
1.0,46,4.171396
1.0,52,4.173805
1.0,30,4.175237
1.0,19,4.176168
1.0,100,4.180744
0.0,18,4.181626
0.0,46,4.183765
1.0,21,4.184784
0.0,20,4.185757
1.0,25,4.186952
0.0,35,4.188603
0.0,51,4.190958
1.0,28,4.192305
1.0,10,4.192822
1.0,34,4.194426
1.0,44,4.196476
1.0,15,4.197227
1.0,21,4.19824
0.0,100,4.202806
0.0,57,4.205457
1.0,38,4.207255
1.0,90,4.211358
0.0,51,4.213739
1.0,11,4.214313
1.0,6,4.214649
1.0,98,4.219125
1.0,8,4.219611
0.0,10,4.220137
0.0,89,4.224212
0.0,33,4.225772
1.0,43,4.227772
1.0,16,4.228563
0.0,52,4.230971
0.0,20,4.231942
0.0,12,4.232558
0.0,69,4.235736
1.0,60,4.238521
0.0,100,4.243076
0.0,30,4.2445
1.0,32,4.24601
1.0,40,4.247884
1.0,21,4.248899
0.0,17,4.24974
0.0,5,4.250033
1.0,47,4.252226
1.0,28,4.253552
0.0,70,4.256783
0.0,88,4.260809
0.0,8,4.261248
0.0,100,4.265804
0.0,60,4.26858
0.0,96,4.272957
0.0,29,4.274343
0.0,34,4.275945
1.0,76,4.27944
1.0,72,4.282742
1.0,36,4.284437
1.0,20,4.285414
1.0,38,4.287196
1.0,27,4.288481
0.0,35,4.290132
0.0,6,4.290472
1.0,60,4.293247
1.0,64,4.296211
1.0,59,4.298916
0.0,10,4.299443
0.0,100,4.303983
1.0,33,4.30555
1.0,38,4.307333
1.0,70,4.310535
1.0,14,4.311238
1.0,17,4.312063
1.0,34,4.313654
1.0,45,4.31575
1.0,45,4.31784
1.0,46,4.319964
0.0,6,4.320376
0.0,4,4.320628
0.0,4,4.320878
1.0,8,4.321317
0.0,26,4.322557
0.0,100,4.327151
0.0,17,4.328015
1.0,33,4.329609
0.0,8,4.330043
1.0,88,4.334082
0.0,37,4.335829
0.0,33,4.337402
1.0,15,4.338153
1.0,32,4.339665
0.0,84,4.343524
0.0,10,4.344045
1.0,24,4.345216
1.0,21,4.346237
1.0,8,4.346662
1.0,26,4.347893
1.0,42,4.349855
1.0,23,4.35095
0.0,30,4.352372
0.0,30,4.353789
1.0,72,4.357094
1.0,15,4.357839
1.0,59,4.360569
0.0,23,4.361686
1.0,25,4.362884
1.0,34,4.364502
0.0,41,4.366427
0.0,18,4.367317
1.0,56,4.369886
0.0,10,4.370411
1.0,38,4.372189
0.0,100,4.376759
1.0,15,4.377515
0.0,100,4.382062
1.0,7,4.382452
0.0,7,4.382835
0.0,31,4.384303
1.0,28,4.38564
1.0,76,4.389117
1.0,40,4.390973
1.0,18,4.391855
1.0,38,4.393633
0.0,9,4.394116
1.0,20,4.395074
0.0,100,4.399633
1.0,32,4.401146
1.0,20,4.402111
1.0,63,4.404998
0.0,4,4.405267
0.0,100,4.409837
1.0,78,4.413422
1.0,45,4.415516
1.0,25,4.416705
1.0,35,4.418348
1.0,48,4.420566
1.0,51,4.423
1.0,38,4.424788
0.0,87,4.428788
1.0,16,4.429584
1.0,65,4.432582
1.0,50,4.4349
1.0,10,4.435434
1.0,15,4.436187
0.0,37,4.43793
1.0,43,4.439952
1.0,79,4.443598
1.0,16,4.444397
0.0,40,4.446279
1.0,8,4.446709
1.0,6,4.447047
0.0,13,4.447704
0.0,8,4.448141
0.0,19,4.449064
1.0,58,4.451736
1.0,22,4.4528
1.0,30,4.45422
0.0,30,4.455642
1.0,12,4.456258
0.0,38,4.458028
1.0,20,4.459006
0.0,46,4.46116
0.0,73,4.464523
0.0,37,4.466265
1.0,36,4.467955
0.0,23,4.469065
0.0,100,4.473654
1.0,11,4.47423
0.0,34,4.475844
0.0,23,4.476951
0.0,12,4.477574
0.0,21,4.47859
1.0,10,4.479122
0.0,38,4.480901
1.0,9,4.481388
1.0,7,4.481771
0.0,100,4.486354
1.0,32,4.487868
0.0,38,4.489647
1.0,71,4.492902
1.0,16,4.493701
0.0,31,4.495175
1.0,88,4.49918
0.0,32,4.500686
1.0,31,4.502161
1.0,59,4.50487
1.0,27,4.506166
1.0,10,4.50668
0.0,100,4.51126
0.0,6,4.511601
1.0,34,4.513202
1.0,14,4.513896
1.0,36,4.515606
0.0,51,4.517973
1.0,36,4.519672
0.0,7,4.520061
1.0,82,4.523816
0.0,16,4.524671
1.0,71,4.527941
1.0,50,4.53027
0.0,25,4.531463
1.0,42,4.533416
1.0,37,4.535162
0.0,67,4.538238
0.0,36,4.539924
0.0,99,4.544456
0.0,22,4.54553
1.0,69,4.548709
1.0,13,4.54937
0.0,9,4.549842
1.0,20,4.550807
1.0,11,4.55138
1.0,9,4.551852
1.0,18,4.552733
1.0,24,4.553883
1.0,57,4.556519
0.0,46,4.558659
1.0,73,4.562003
1.0,12,4.562615
0.0,21,4.563631
0.0,11,4.564207
1.0,55,4.566753
1.0,26,4.567987
1.0,18,4.568869
1.0,63,4.571754
1.0,26,4.572993
1.0,31,4.574461
1.0,36,4.576148
1.0,40,4.577994
0.0,96,4.582372
0.0,35,4.584023
0.0,30,4.585453
0.0,11,4.586012
1.0,60,4.588761
1.0,40,4.590636
0.0,70,4.593843
1.0,27,4.595141
1.0,18,4.596009
1.0,77,4.599535
0.0,71,4.602798
0.0,76,4.606281
0.0,45,4.608368
1.0,73,4.611704
1.0,31,4.613171
1.0,73,4.616529
1.0,42,4.618484
1.0,13,4.619144
1.0,10,4.619663
1.0,30,4.621075
1.0,37,4.6228
1.0,8,4.623238
1.0,31,4.624698
0.0,44,4.626849
0.0,21,4.627868
1.0,20,4.628845
0.0,85,4.632738
0.0,100,4.637326
0.0,38,4.639095
1.0,30,4.64053
1.0,47,4.642718
1.0,72,4.646036
1.0,29,4.64742
1.0,32,4.648929
0.0,11,4.649505
0.0,40,4.651386
1.0,15,4.652134
1.0,63,4.655042
0.0,17,4.655888
0.0,89,4.659963
0.0,17,4.660805
0.0,100,4.665383
1.0,12,4.66599
0.0,21,4.667006
1.0,12,4.667624
1.0,37,4.669367
1.0,62,4.672211
0.0,48,4.674439
0.0,39,4.67627
0.0,100,4.680832
1.0,12,4.681448
0.0,81,4.68518
0.0,79,4.688803
0.0,9,4.68929
0.0,57,4.691937
0.0,18,4.692829
0.0,8,4.693269
0.0,100,4.697854
0.0,15,4.698602
0.0,100,4.703193
0.0,8,4.703624
0.0,8,4.704055
1.0,21,4.705073
0.0,29,4.706464
1.0,10,4.706983
1.0,15,4.707727
0.0,64,4.710684
0.0,37,4.712431
1.0,26,4.713667
1.0,78,4.717246
0.0,18,4.718132
1.0,62,4.720987
0.0,16,4.721781
0.0,100,4.726367
0.0,100,4.730942
0.0,36,4.732644
0.0,23,4.73375
0.0,37,4.735497
1.0,20,4.736531
1.0,48,4.738751
1.0,35,4.740402
1.0,10,4.740919
0.0,10,4.741443
0.0,45,4.743537
1.0,55,4.74608
0.0,83,4.749877
1.0,26,4.751121
0.0,100,4.755682
1.0,56,4.758268
1.0,27,4.759551
1.0,39,4.761375
1.0,55,4.763908
1.0,41,4.765837
1.0,18,4.76672
1.0,34,4.768318
1.0,45,4.770408
1.0,60,4.773202
0.0,82,4.776984
0.0,13,4.77765
1.0,22,4.778726
1.0,11,4.779302
0.0,47,4.781486
1.0,15,4.782238
0.0,28,4.783575
1.0,44,4.78564
0.0,44,4.787697
1.0,79,4.791348
1.0,81,4.795057
0.0,22,4.796133
0.0,36,4.797825
1.0,7,4.798218
1.0,15,4.798952
0.0,17,4.799792
1.0,50,4.802109
1.0,10,4.802627
1.0,21,4.803638
1.0,68,4.806774
0.0,8,4.807216
1.0,55,4.809754
1.0,38,4.811536
0.0,32,4.81304
1.0,87,4.817024
0.0,67,4.820134
1.0,22,4.8212
1.0,32,4.822701
0.0,28,4.824032
1.0,43,4.826039
0.0,13,4.826699
0.0,100,4.83127
0.0,19,4.832205
0.0,100,4.836769
1.0,70,4.840061
1.0,14,4.840763
1.0,39,4.842605
1.0,40,4.844488
1.0,20,4.845476
1.0,20,4.846452
1.0,10,4.846968
0.0,25,4.848176
0.0,24,4.849329
1.0,8,4.849755
1.0,73,4.853106
1.0,35,4.854757
0.0,59,4.857509
1.0,23,4.858618
1.0,14,4.859324
1.0,10,4.859841
0.0,100,4.864428
1.0,59,4.867161
0.0,45,4.869262
0.0,94,4.873558
0.0,100,4.878162
1.0,6,4.878503
0.0,37,4.880252
1.0,26,4.881496
1.0,20,4.882468
0.0,11,4.883029
1.0,50,4.885352
1.0,54,4.887839
1.0,73,4.891208
1.0,26,4.892448
1.0,73,4.895811
0.0,59,4.898542
0.0,15,4.899296
1.0,45,4.901398
0.0,34,4.902981
0.0,100,4.907537
0.0,100,4.912105
1.0,55,4.914646
0.0,15,4.915401
1.0,33,4.916949
1.0,14,4.917651
1.0,30,4.919065
1.0,20,4.920037
0.0,100,4.924604
1.0,25,4.925806
1.0,59,4.928525
1.0,13,4.929188
0.0,5,4.929486
0.0,38,4.931277
1.0,12,4.931884
0.0,100,4.936446
1.0,14,4.937152
0.0,31,4.938609
1.0,24,4.939818
0.0,51,4.942194
0.0,47,4.94438
1.0,28,4.945716
1.0,13,4.946372
1.0,20,4.947347
0.0,100,4.951919
1.0,48,4.954161
0.0,40,4.956033
1.0,31,4.9575
0.0,11,4.958054
1.0,80,4.96172
1.0,22,4.962778
0.0,9,4.963262
0.0,39,4.965082
1.0,63,4.967988
1.0,13,4.968642
0.0,19,4.969569
1.0,19,4.970498
0.0,32,4.972006
1.0,10,4.972536
0.0,31,4.974
1.0,40,4.975878
1.0,46,4.978009
0.0,34,4.979617
1.0,40,4.981497
1.0,18,4.982388
1.0,99,4.986887
0.0,100,4.991442
1.0,56,4.994032
1.0,95,4.998386
1.0,14,4.999079
1.0,76,5.002569
1.0,51,5.004939
1.0,6,5.005294
0.0,100,5.009838
0.0,47,5.012031
1.0,27,5.013326
1.0,90,5.017446
1.0,38,5.019223
1.0,78,5.022787
1.0,89,5.026884
1.0,51,5.029251
1.0,68,5.032367
1.0,12,5.032972
0.0,52,5.035395
0.0,59,5.038094
1.0,36,5.039785
1.0,33,5.041346
0.0,19,5.042276
0.0,92,5.046474
0.0,23,5.047579
1.0,27,5.04886
0.0,52,5.051339
1.0,28,5.052677
0.0,100,5.057303
1.0,55,5.059852
1.0,80,5.063535
0.0,36,5.065236
1.0,13,5.065884
1.0,8,5.066323
1.0,10,5.066838
1.0,89,5.070909
1.0,59,5.073632
1.0,42,5.075593
1.0,28,5.076919
1.0,56,5.079516
1.0,30,5.080932
0.0,100,5.085519
1.0,18,5.086402
1.0,76,5.089879
0.0,15,5.090633
0.0,57,5.093266
0.0,73,5.096634
0.0,7,5.097022
0.0,100,5.10158
1.0,22,5.102642
1.0,10,5.103176
1.0,58,5.105851
1.0,10,5.10638
1.0,25,5.107573
1.0,38,5.109353
0.0,100,5.113899
1.0,49,5.116196
0.0,60,5.118965
0.0,82,5.122727
0.0,36,5.124423
1.0,6,5.124764
1.0,31,5.12625
0.0,36,5.127949
0.0,100,5.132534
0.0,10,5.133051
0.0,100,5.137628
1.0,38,5.139407
0.0,37,5.141147
1.0,22,5.142212
1.0,31,5.143675
1.0,25,5.144869
1.0,31,5.146347
1.0,20,5.147327
0.0,25,5.148522
0.0,43,5.150532
0.0,24,5.15168
1.0,24,5.152842
1.0,20,5.153815
1.0,9,5.154361
1.0,12,5.154968
0.0,24,5.15614
1.0,22,5.157206
1.0,45,5.159299
1.0,17,5.160136
0.0,91,5.164314
0.0,24,5.165475
1.0,26,5.166723
1.0,11,5.167296
1.0,18,5.168176
1.0,14,5.168873
1.0,28,5.170212
0.0,10,5.170733
1.0,6,5.171074
1.0,41,5.173002
0.0,68,5.176137
1.0,39,5.177965
1.0,38,5.179754
1.0,64,5.182718
1.0,10,5.183246
1.0,12,5.183855
0.0,46,5.186002
1.0,10,5.18653
1.0,47,5.188716
1.0,37,5.190456
1.0,38,5.192239
1.0,28,5.193559
0.0,12,5.194179
0.0,100,5.198739
0.0,17,5.199586
1.0,31,5.201044
0.0,83,5.204838
0.0,77,5.208388
1.0,54,5.210871
1.0,28,5.212204
1.0,58,5.214888
0.0,15,5.215641
0.0,28,5.216967
1.0,12,5.217584
0.0,49,5.219862
0.0,62,5.222712
0.0,31,5.224182
0.0,100,5.228731
0.0,62,5.231591
1.0,17,5.232431
1.0,15,5.233179
0.0,100,5.237711
1.0,31,5.239174
1.0,17,5.24
1.0,31,5.241461
0.0,100,5.246019
1.0,56,5.248625
1.0,31,5.250085
1.0,88,5.254113
1.0,10,5.254692
1.0,56,5.257303
1.0,82,5.261054
1.0,29,5.262442
1.0,40,5.264319
1.0,37,5.266059
0.0,32,5.267575
1.0,11,5.268146
0.0,32,5.269832
1.0,55,5.27239
1.0,19,5.27332
1.0,17,5.274163
0.0,23,5.275274
1.0,50,5.277603
1.0,23,5.278716
1.0,34,5.28032
1.0,14,5.28101
0.0,27,5.282306
1.0,22,5.283368
1.0,16,5.284164
1.0,29,5.285545
1.0,31,5.287009
1.0,32,5.288531
1.0,65,5.29154
0.0,31,5.293001
1.0,27,5.294298
1.0,92,5.298511
0.0,79,5.302143
0.0,100,5.306698
1.0,34,5.308304
0.0,100,5.312874
1.0,23,5.313981
1.0,23,5.31509
0.0,100,5.319662
0.0,29,5.321041
0.0,12,5.321662
0.0,100,5.326245
0.0,100,5.3308
0.0,100,5.335374
1.0,26,5.336626
1.0,7,5.337007
0.0,18,5.337894
1.0,25,5.339093
0.0,51,5.341465
0.0,17,5.342314
1.0,15,5.343057
0.0,70,5.346292
0.0,56,5.348887
1.0,13,5.349554
0.0,37,5.351295
1.0,25,5.352489
1.0,64,5.35544
1.0,12,5.356115
0.0,100,5.360681
0.0,45,5.362774
1.0,16,5.363575
0.0,21,5.364598
0.0,98,5.369069
1.0,60,5.37184
0.0,42,5.373801
1.0,55,5.37635
1.0,16,5.377143
1.0,16,5.377926
0.0,26,5.379173
0.0,31,5.380634
1.0,18,5.381517
1.0,26,5.382749
1.0,60,5.385543
0.0,37,5.387286
0.0,55,5.389822
1.0,59,5.392548
1.0,73,5.3959
0.0,75,5.399338
0.0,12,5.399943
0.0,100,5.404504
0.0,21,5.405529
0.0,40,5.407398
0.0,25,5.408594
0.0,16,5.409387
1.0,15,5.410137
1.0,59,5.412845
0.0,100,5.417433
0.0,100,5.421999
1.0,54,5.4245
0.0,15,5.425259
0.0,8,5.425685
1.0,13,5.426345
0.0,42,5.428304
0.0,34,5.429894
1.0,42,5.431848
0.0,14,5.432551
1.0,91,5.436713
0.0,12,5.437329
1.0,16,5.438122
1.0,79,5.441728
1.0,52,5.444146
0.0,5,5.444438
0.0,12,5.445043
1.0,36,5.44673
1.0,19,5.447666
1.0,16,5.448457
1.0,19,5.449376
1.0,72,5.452682
0.0,100,5.457251
0.0,4,5.457564
0.0,32,5.459084
1.0,31,5.460568
1.0,37,5.462314
1.0,31,5.463772
1.0,12,5.464388
1.0,40,5.466268
1.0,41,5.468192
1.0,12,5.468801
0.0,100,5.47338
0.0,10,5.473905
0.0,60,5.476698
0.0,100,5.481277
0.0,100,5.485836
0.0,100,5.4904
0.0,65,5.493388
1.0,65,5.496392
0.0,100,5.500942
0.0,10,5.501473
0.0,100,5.50605
0.0,55,5.508591
0.0,14,5.509298
0.0,22,5.510363
1.0,99,5.514876
0.0,100,5.519444
1.0,56,5.522021
0.0,58,5.524703
1.0,51,5.527076
1.0,28,5.528418
0.0,68,5.531542
1.0,19,5.532469
0.0,29,5.533848
1.0,9,5.534332
0.0,41,5.536268
1.0,9,5.53674
1.0,64,5.53969
0.0,7,5.54007
1.0,58,5.542751
1.0,11,5.543322
1.0,18,5.54421
1.0,56,5.546804
1.0,18,5.54769
1.0,22,5.548755
0.0,100,5.553321
0.0,35,5.554964
1.0,14,5.555674
0.0,25,5.556868
1.0,14,5.557575
1.0,16,5.558373
1.0,43,5.56038
0.0,62,5.563241
0.0,8,5.563668
0.0,65,5.566754
1.0,25,5.567949
1.0,22,5.569008
1.0,20,5.569977
1.0,8,5.570411
0.0,29,5.571792
1.0,56,5.574414
1.0,29,5.575794
1.0,14,5.576494
0.0,69,5.579664
0.0,100,5.58424
1.0,38,5.586019
1.0,35,5.587666
1.0,40,5.589543
0.0,100,5.594093
1.0,22,5.595167
1.0,21,5.596183
1.0,33,5.597728
1.0,40,5.599598
0.0,45,5.601687
0.0,17,5.602529
1.0,38,5.604306
1.0,8,5.60473
1.0,11,5.605309
0.0,15,5.60605
0.0,21,5.607059
0.0,17,5.607898
1.0,94,5.612209
0.0,100,5.616786
1.0,21,5.617816
0.0,11,5.618396
0.0,19,5.619327
0.0,25,5.62052
1.0,30,5.621935
1.0,54,5.624437
0.0,100,5.629038
0.0,100,5.633613
1.0,27,5.634903
0.0,64,5.637862
0.0,23,5.638976
1.0,16,5.639772
1.0,32,5.641298
0.0,23,5.642403
0.0,100,5.646983
0.0,54,5.649494
1.0,15,5.650244
1.0,43,5.652245
1.0,27,5.653526
0.0,44,5.655576
1.0,60,5.658358
0.0,51,5.660719
0.0,100,5.665292
0.0,16,5.66615
0.0,11,5.666718
0.0,14,5.667431
1.0,29,5.668816
0.0,7,5.669209
0.0,28,5.670545
0.0,81,5.674287
1.0,69,5.677469
0.0,100,5.682044
1.0,10,5.682573
0.0,33,5.684139
0.0,63,5.687035
0.0,100,5.691623
0.0,100,5.696215
0.0,100,5.700773
1.0,11,5.701345
1.0,38,5.703132
0.0,9,5.703608
1.0,25,5.704812
0.0,11,5.705392
0.0,44,5.707443
0.0,33,5.708996
1.0,20,5.709968
1.0,26,5.711223
0.0,73,5.714581
1.0,17,5.71543
0.0,100,5.719983
1.0,9,5.720472
1.0,48,5.722705
1.0,26,5.723947
0.0,16,5.724763
0.0,44,5.726829
1.0,10,5.727363
1.0,12,5.72797
1.0,9,5.728454
1.0,18,5.729344
1.0,13,5.729992
1.0,54,5.732503
1.0,16,5.733302
0.0,12,5.733907
1.0,23,5.735016
1.0,58,5.737709
1.0,15,5.738458
1.0,37,5.740211
0.0,34,5.741812
1.0,57,5.744458
1.0,37,5.746207
0.0,66,5.749243
1.0,47,5.751433
0.0,10,5.751955
1.0,88,5.755985
0.0,100,5.760577
0.0,6,5.760918
1.0,66,5.763962
1.0,73,5.767322
1.0,22,5.768447
1.0,11,5.769006
1.0,15,5.769749
0.0,33,5.771307
1.0,26,5.772544
1.0,15,5.773287
1.0,38,5.775053
1.0,23,5.776177
1.0,24,5.777325
0.0,54,5.779821
1.0,44,5.781875
0.0,94,5.786172
0.0,10,5.786692
1.0,28,5.788015
1.0,17,5.788856
1.0,15,5.789606
1.0,27,5.790894
1.0,45,5.79298
1.0,46,5.795126
1.0,41,5.797034
0.0,100,5.801601
0.0,65,5.804578
0.0,42,5.806538
1.0,65,5.809531
0.0,37,5.811265
0.0,40,5.813127
0.0,100,5.81768
1.0,6,5.818019
0.0,100,5.82256
0.0,100,5.827117
0.0,10,5.827633
1.0,46,5.829771
1.0,21,5.830783
0.0,43,5.832781
1.0,10,5.833305
1.0,17,5.834159
1.0,22,5.83523
1.0,23,5.836333
0.0,25,5.837518
1.0,31,5.838976
0.0,33,5.840533
0.0,34,5.842131
1.0,11,5.842689
1.0,52,5.845081
1.0,90,5.849241
0.0,74,5.852632
0.0,22,5.853691
1.0,55,5.856251
0.0,31,5.857715
0.0,100,5.862282
1.0,33,5.863831
1.0,40,5.865707
1.0,68,5.868833
1.0,44,5.87095
0.0,91,5.875158
0.0,9,5.875633
0.0,29,5.877016
0.0,15,5.877772
1.0,28,5.879122
1.0,41,5.881033
1.0,47,5.883233
1.0,45,5.885337
1.0,28,5.88667
1.0,45,5.888768
0.0,75,5.892246
0.0,100,5.896814
0.0,9,5.897301
1.0,35,5.898949
1.0,25,5.900144
1.0,14,5.900835
0.0,56,5.90344
0.0,37,5.905187
1.0,22,5.906257
0.0,89,5.910346
0.0,29,5.911721
1.0,37,5.913452
0.0,100,5.918043
0.0,100,5.922615
1.0,10,5.923144
1.0,13,5.923795
0.0,12,5.924407
1.0,53,5.926872
1.0,38,5.928651
1.0,89,5.932729
1.0,38,5.934513
1.0,54,5.937018
1.0,24,5.938176
1.0,27,5.939456
0.0,100,5.944013
0.0,6,5.944363
0.0,19,5.945299
0.0,100,5.949858
1.0,65,5.952852
0.0,100,5.957411
0.0,14,5.958118
1.0,64,5.961062
1.0,30,5.962481
0.0,14,5.963189
0.0,71,5.966454
0.0,100,5.97099
0.0,9,5.971474
1.0,31,5.972929
0.0,29,5.974315
0.0,100,5.97887
1.0,22,5.979933
1.0,47,5.982202
0.0,100,5.986753
1.0,7,5.98715
1.0,30,5.988567
0.0,100,5.993123
1.0,27,5.99441
0.0,36,5.996104
0.0,100,6.000668
0.0,38,6.002439
1.0,10,6.002958
0.0,100,6.007509
0.0,30,6.008924
0.0,100,6.013469
0.0,29,6.014839
1.0,50,6.017175
0.0,38,6.018949
0.0,100,6.023527
1.0,14,6.024238
0.0,100,6.028786
1.0,74,6.032188
0.0,30,6.033602
0.0,16,6.034392
1.0,43,6.036399
1.0,66,6.039426
1.0,18,6.040309
1.0,37,6.042031
1.0,26,6.043281
1.0,56,6.045861
0.0,52,6.048265
1.0,14,6.04896
1.0,22,6.050021
0.0,14,6.050722
1.0,62,6.05358
0.0,77,6.057105
1.0,22,6.058161
1.0,6,6.058496
1.0,9,6.058968
1.0,8,6.059402
0.0,50,6.06171
1.0,74,6.065086
1.0,27,6.06638
0.0,100,6.070897
0.0,100,6.075461
1.0,89,6.079528
0.0,31,6.080992
1.0,7,6.081383
1.0,51,6.083742
0.0,31,6.085211
1.0,33,6.08676
1.0,20,6.087731
1.0,10,6.088258
1.0,24,6.089487
1.0,36,6.0912
1.0,14,6.091901
1.0,61,6.09473
1.0,36,6.096443
1.0,22,6.097515
0.0,40,6.099397
0.0,81,6.103128
0.0,26,6.104372
1.0,43,6.106385
0.0,44,6.108431
1.0,92,6.112628
1.0,29,6.114004
1.0,76,6.117492
1.0,22,6.118554
0.0,44,6.120608
0.0,21,6.121628
0.0,100,6.126219
0.0,100,6.130795
1.0,82,6.134558
0.0,100,6.139152
0.0,21,6.140169
1.0,50,6.142482
1.0,10,6.142999
0.0,9,6.143479
1.0,23,6.144585
0.0,63,6.147515
0.0,24,6.148675
1.0,59,6.151417
0.0,8,6.151843
1.0,27,6.153133
0.0,100,6.157683
0.0,63,6.160593
0.0,41,6.162516
0.0,33,6.164075
0.0,16,6.164869
0.0,47,6.167069
1.0,30,6.168493
1.0,34,6.170094
0.0,58,6.172769
0.0,53,6.175249
1.0,20,6.17623
0.0,45,6.178326
1.0,18,6.179214
1.0,10,6.179729
1.0,19,6.180663
1.0,22,6.181722
1.0,63,6.18463
0.0,18,6.185521
1.0,33,6.187079
1.0,10,6.187607
0.0,37,6.189344
0.0,58,6.192088
0.0,31,6.193566
0.0,9,6.194039
1.0,13,6.194696
0.0,36,6.196416
0.0,9,6.196891
1.0,25,6.198095
1.0,88,6.202151
1.0,35,6.203787
0.0,100,6.208378
0.0,100,6.21291
0.0,44,6.214947
1.0,10,6.21548
1.0,22,6.216548
1.0,14,6.217252
0.0,9,6.217724
0.0,100,6.222286
0.0,100,6.226848
0.0,6,6.227196
0.0,9,6.227671
1.0,77,6.231219
1.0,50,6.233529
1.0,15,6.234279
1.0,48,6.236504
0.0,44,6.238557
0.0,100,6.243116
0.0,100,6.247658
0.0,100,6.252208
1.0,14,6.252904
0.0,61,6.255712
1.0,40,6.257573
1.0,18,6.258458
1.0,16,6.259252
1.0,36,6.260926
0.0,60,6.263688
1.0,79,6.267308
0.0,24,6.268458
1.0,52,6.270862
1.0,60,6.273618
1.0,34,6.275226
1.0,28,6.276543
0.0,100,6.281091
1.0,19,6.282022
1.0,29,6.2834
1.0,87,6.287362
1.0,20,6.288333
0.0,57,6.290951
0.0,11,6.291524
0.0,24,6.292674
0.0,33,6.294238
0.0,6,6.294578
0.0,13,6.29531
1.0,20,6.296293
1.0,45,6.298389
1.0,92,6.302599
0.0,55,6.305164
1.0,80,6.308825
1.0,19,6.309755
1.0,33,6.311312
0.0,71,6.314577
1.0,70,6.317807
1.0,73,6.321162
1.0,23,6.322263
0.0,100,6.326834
1.0,18,6.327725
0.0,100,6.332285
0.0,50,6.334601
0.0,56,6.337204
1.0,26,6.338454
1.0,100,6.343025
1.0,19,6.343954
1.0,46,6.346121
1.0,92,6.350343
0.0,84,6.354196
0.0,90,6.358332
0.0,45,6.360433
0.0,65,6.363434
1.0,33,6.364987
1.0,30,6.366425
0.0,88,6.370458
0.0,93,6.374717
1.0,30,6.376149
1.0,16,6.376935
1.0,34,6.378533
1.0,22,6.379592
1.0,41,6.381505
1.0,19,6.382439
1.0,32,6.383948
0.0,15,6.384699
1.0,52,6.38714
1.0,30,6.388565
1.0,42,6.390536
0.0,11,6.39111
0.0,100,6.395679
0.0,10,6.396209
1.0,38,6.397975
0.0,14,6.398683
0.0,50,6.401006
1.0,20,6.40198
0.0,81,6.405708
1.0,14,6.406417
0.0,100,6.411063
1.0,35,6.412704
1.0,95,6.417055
1.0,21,6.418071
1.0,10,6.418593
1.0,9,6.419067
1.0,50,6.421397
1.0,49,6.423662
1.0,35,6.425319
0.0,89,6.429378
1.0,18,6.43026
0.0,61,6.433068
1.0,8,6.433502
1.0,43,6.435508
0.0,64,6.438452
1.0,28,6.439784
1.0,46,6.441923
0.0,100,6.446488
0.0,100,6.451055
1.0,43,6.453054
0.0,65,6.456038
1.0,34,6.457636
1.0,32,6.459148
0.0,34,6.460744
1.0,13,6.461406
1.0,69,6.464567
1.0,20,6.465536
0.0,19,6.466466
1.0,19,6.467394
1.0,37,6.469132
1.0,21,6.470152
1.0,10,6.47067
1.0,51,6.473028
0.0,80,6.476702
1.0,14,6.477406
0.0,45,6.479512
0.0,34,6.481115
1.0,12,6.481722
1.0,42,6.483679
1.0,31,6.485158
0.0,100,6.489697
1.0,50,6.492019
0.0,24,6.493175
0.0,28,6.494501
1.0,44,6.496561
0.0,35,6.498209
1.0,20,6.499182
0.0,30,6.500592
1.0,25,6.501789
1.0,23,6.502897
1.0,10,6.503424
1.0,79,6.507057
0.0,8,6.507551
1.0,63,6.510461
0.0,6,6.510801
1.0,25,6.512
0.0,43,6.514024
0.0,40,6.515916
1.0,28,6.517257
1.0,13,6.517909
0.0,55,6.520482
1.0,30,6.521903
1.0,23,6.523001
0.0,8,6.523442
1.0,15,6.52419
1.0,33,6.525746
1.0,14,6.526455
0.0,7,6.526843
0.0,100,6.531438
0.0,26,6.532691
1.0,58,6.535385
1.0,65,6.538401
0.0,100,6.542964
0.0,100,6.547569
1.0,34,6.549182
0.0,100,6.553732
1.0,13,6.554396
1.0,16,6.555197
0.0,100,6.559776
1.0,20,6.560754
0.0,15,6.561504
0.0,100,6.566079
0.0,18,6.566959
0.0,100,6.571547
1.0,61,6.574367
0.0,24,6.575523
0.0,6,6.575866
0.0,37,6.577605
1.0,16,6.578399
1.0,31,6.579854
1.0,25,6.581049
1.0,26,6.582298
0.0,32,6.583807
1.0,9,6.584291
0.0,19,6.585219
1.0,13,6.585874
1.0,32,6.587384
0.0,49,6.589656
0.0,68,6.592784
1.0,23,6.593891
1.0,53,6.59636
0.0,50,6.59867
0.0,59,6.601398
0.0,52,6.603802
0.0,34,6.605411
0.0,30,6.606835
0.0,51,6.609215
0.0,33,6.61082
1.0,22,6.611895
0.0,21,6.612916
1.0,41,6.614834
1.0,27,6.616132
0.0,12,6.616738
0.0,27,6.618026
1.0,16,6.618824
0.0,27,6.620121
1.0,31,6.621574
1.0,27,6.622852
1.0,38,6.624641
0.0,18,6.625532
0.0,11,6.626095
1.0,25,6.627298
1.0,33,6.628847
1.0,41,6.63077
0.0,18,6.631653
1.0,9,6.632134
1.0,28,6.633457
1.0,63,6.636374
0.0,8,6.6368
1.0,37,6.638537
1.0,21,6.63955
1.0,51,6.641893
1.0,70,6.645082
1.0,54,6.647586
0.0,100,6.652132
0.0,15,6.652874
0.0,18,6.653755
0.0,27,6.655032
0.0,100,6.659598
0.0,8,6.660029
1.0,69,6.663199
1.0,8,6.663625
1.0,29,6.664987
1.0,58,6.667664
0.0,100,6.67221
1.0,60,6.674963
1.0,9,6.675448
0.0,9,6.675916
1.0,18,6.676796
0.0,10,6.677323
0.0,100,6.681919
0.0,100,6.686482
0.0,53,6.688925
0.0,22,6.689988
0.0,26,6.691231
1.0,70,6.694435
1.0,10,6.694948
1.0,56,6.697534
0.0,40,6.6994
1.0,25,6.700589
0.0,100,6.705137
0.0,71,6.708379
1.0,21,6.709394
1.0,37,6.711202
1.0,33,6.712758
1.0,57,6.715409
1.0,18,6.716292
1.0,15,6.717032
1.0,69,6.720222
1.0,25,6.721415
0.0,16,6.722215
0.0,42,6.724182
0.0,10,6.724698
1.0,12,6.72532
1.0,81,6.729012
1.0,27,6.730304
0.0,37,6.732032
1.0,80,6.7357
1.0,50,6.738014
1.0,29,6.739402
1.0,98,6.743874
1.0,38,6.745658
1.0,44,6.747708
1.0,87,6.751685
0.0,26,6.752923
1.0,44,6.754977
0.0,100,6.759549
0.0,16,6.760348
1.0,57,6.762982
0.0,79,6.76663
0.0,14,6.76734
1.0,16,6.768137
1.0,39,6.769948
0.0,22,6.771011
0.0,37,6.772747
1.0,25,6.773942
1.0,58,6.776624
0.0,43,6.778638
0.0,24,6.779791
1.0,35,6.781445
1.0,50,6.783757
1.0,84,6.787614
1.0,10,6.78814
1.0,55,6.790671
1.0,28,6.791998
1.0,29,6.793383
0.0,22,6.794434
1.0,13,6.795084
1.0,32,6.796611
1.0,28,6.797941
1.0,64,6.800881
1.0,52,6.803284
1.0,14,6.803979
1.0,23,6.805083
0.0,25,6.806297
0.0,59,6.809011
0.0,36,6.810704
0.0,45,6.812856
0.0,100,6.817425
1.0,15,6.818176
0.0,6,6.818516
1.0,28,6.819841
0.0,100,6.824414
0.0,45,6.826509
1.0,59,6.829238
1.0,45,6.831326
1.0,75,6.834755
1.0,15,6.835507
0.0,34,6.837107
1.0,40,6.838962
1.0,12,6.839575
1.0,13,6.840229
1.0,19,6.841155
1.0,20,6.842119
1.0,30,6.843533
1.0,23,6.844643
1.0,11,6.845221
1.0,23,6.846327
0.0,87,6.850306
0.0,17,6.851139
1.0,31,6.852602
0.0,24,6.85375
0.0,100,6.858326
1.0,13,6.858978
1.0,55,6.86152
1.0,27,6.862801
1.0,28,6.864134
0.0,100,6.868671
1.0,32,6.870183
1.0,48,6.872398
0.0,25,6.87359
1.0,72,6.87689
1.0,43,6.878887
1.0,86,6.882792
1.0,22,6.883843
0.0,100,6.888387
1.0,8,6.888814
1.0,83,6.892604
0.0,25,6.89379
1.0,12,6.89441
0.0,33,6.895957
0.0,43,6.897961
0.0,51,6.900322
0.0,30,6.901737
1.0,28,6.903069
0.0,76,6.906551
1.0,73,6.909886
1.0,25,6.911072
1.0,89,6.915141
1.0,10,6.915658
0.0,21,6.916735
1.0,9,6.917218
0.0,10,6.917732
0.0,24,6.918882
1.0,49,6.921162
1.0,9,6.921636
0.0,18,6.922518
0.0,7,6.9229
0.0,100,6.92748
1.0,37,6.929224
0.0,100,6.933773
0.0,100,6.938364
0.0,25,6.939562
0.0,85,6.943463
1.0,60,6.946233
0.0,55,6.948766
0.0,40,6.950636
0.0,27,6.95192
1.0,17,6.952755
1.0,14,6.953458
1.0,30,6.954873
1.0,52,6.957302
1.0,15,6.95805
1.0,16,6.958843
1.0,44,6.960903
0.0,100,6.965505
0.0,71,6.968764
1.0,56,6.971359
1.0,20,6.972332
1.0,26,6.973579
0.0,100,6.978165
1.0,17,6.978997
0.0,23,6.980117
0.0,100,6.984682
0.0,31,6.986166
0.0,37,6.987887
1.0,28,6.989232
1.0,14,6.989925
1.0,57,6.992558
1.0,20,6.993529
0.0,100,6.998104
0.0,27,6.99939
1.0,35,7.001029
0.0,36,7.00273
0.0,100,7.007308
1.0,54,7.009806
0.0,56,7.0124
1.0,9,7.012872
1.0,17,7.013714
1.0,38,7.015512
0.0,44,7.017554
0.0,4,7.017803
1.0,84,7.021713
1.0,27,7.023002
1.0,13,7.023658
1.0,22,7.024725
1.0,30,7.026157
1.0,33,7.027704
0.0,100,7.032249
1.0,11,7.032815
1.0,20,7.033786
1.0,74,7.037198
0.0,49,7.039475
0.0,27,7.04076
0.0,30,7.042193
0.0,100,7.046772
1.0,48,7.049007
1.0,15,7.049757
1.0,17,7.050592
1.0,29,7.051965
1.0,73,7.055321
0.0,62,7.058176
1.0,11,7.058737
1.0,29,7.06012
1.0,21,7.061133
0.0,29,7.062504
1.0,14,7.063208
0.0,23,7.064313
1.0,18,7.065199
0.0,100,7.06975
1.0,91,7.073888
1.0,26,7.075139
1.0,44,7.077183
1.0,21,7.078197
1.0,74,7.081576
0.0,38,7.083361
1.0,18,7.084242
1.0,31,7.085703
0.0,11,7.086278
1.0,50,7.088586
0.0,23,7.089692
0.0,39,7.091516
0.0,75,7.09495
1.0,45,7.097049
0.0,100,7.101614
0.0,18,7.102499
1.0,41,7.104408
1.0,29,7.105782
1.0,71,7.109035
0.0,70,7.112254
1.0,79,7.115878
0.0,81,7.119578
0.0,47,7.121759
0.0,100,7.126329
0.0,99,7.130938
0.0,65,7.133942
0.0,62,7.136811
0.0,24,7.137964
0.0,24,7.139135
0.0,50,7.141467
0.0,23,7.142579
0.0,17,7.143425
0.0,98,7.147906
0.0,90,7.152024
0.0,93,7.156293
1.0,45,7.158392
0.0,26,7.159629
1.0,12,7.160247
1.0,77,7.16379
0.0,49,7.166062
0.0,26,7.167311
0.0,100,7.171878
1.0,43,7.173877
1.0,66,7.176912
0.0,5,7.177217
0.0,28,7.178543
1.0,90,7.182678
1.0,35,7.184334
1.0,23,7.185445
1.0,35,7.187077
1.0,90,7.191195
1.0,43,7.193197
1.0,57,7.195832
0.0,22,7.196891
1.0,22,7.197953
1.0,24,7.199122
1.0,7,7.199505
0.0,67,7.20259
1.0,62,7.205471
0.0,58,7.208171
1.0,40,7.210036
0.0,100,7.214627
0.0,20,7.21561
0.0,39,7.21744
0.0,13,7.218088
1.0,22,7.219155
0.0,15,7.219898
0.0,50,7.222227
1.0,35,7.22387
1.0,15,7.22462
0.0,100,7.229199
0.0,8,7.229629
0.0,73,7.232969
0.0,100,7.237544
1.0,18,7.238436
1.0,58,7.241197
1.0,15,7.241933
1.0,21,7.24295
0.0,21,7.243969
1.0,9,7.244455
1.0,72,7.247762
0.0,43,7.249772
1.0,45,7.251869
0.0,19,7.252795
1.0,54,7.255296
0.0,100,7.259848
1.0,32,7.261362
0.0,56,7.263937
1.0,49,7.266222
1.0,51,7.268569
1.0,16,7.269359
0.0,51,7.271716
1.0,50,7.274025
1.0,26,7.27528
1.0,33,7.276813
1.0,27,7.278084
1.0,16,7.278876
1.0,30,7.280299
0.0,49,7.282568
0.0,22,7.283631
0.0,16,7.284427
1.0,36,7.286126
1.0,79,7.289741
0.0,85,7.293627
1.0,50,7.295953
1.0,14,7.296657
0.0,37,7.29839
1.0,21,7.299405
1.0,23,7.300505
0.0,78,7.304073
0.0,100,7.308633
0.0,27,7.309918
1.0,8,7.310358
1.0,15,7.31109
1.0,64,7.314022
1.0,78,7.317604
1.0,15,7.318358
1.0,20,7.319327
1.0,8,7.31975
1.0,29,7.321126
1.0,34,7.322712
0.0,30,7.324138
0.0,28,7.325477
0.0,100,7.330031
0.0,87,7.334005
1.0,38,7.335795
0.0,53,7.338246
1.0,23,7.339354
1.0,16,7.340218
1.0,41,7.342146
0.0,16,7.342933
1.0,19,7.343862
1.0,35,7.345515
0.0,60,7.348293
1.0,28,7.349616
0.0,36,7.351309
0.0,52,7.353719
0.0,100,7.358294
0.0,5,7.35859
0.0,100,7.363152
1.0,23,7.364255
1.0,35,7.365903
1.0,55,7.368447
1.0,31,7.369903
1.0,13,7.370565
1.0,55,7.373109
1.0,18,7.373979
1.0,85,7.377885
0.0,57,7.380518
0.0,45,7.382613
1.0,24,7.38376
1.0,26,7.384997
1.0,14,7.385713
1.0,25,7.386906
1.0,34,7.388519
0.0,100,7.393108
1.0,39,7.394931
1.0,66,7.397989
1.0,87,7.401969
0.0,88,7.405999
1.0,47,7.408195
1.0,95,7.412527
0.0,15,7.413287
1.0,38,7.415071
1.0,14,7.415789
1.0,81,7.419501
1.0,56,7.422084
1.0,70,7.425303
1.0,17,7.42614
1.0,33,7.427695
1.0,58,7.430375
0.0,6,7.430712
1.0,89,7.434794
1.0,41,7.436707
0.0,23,7.437813
0.0,100,7.442434
0.0,88,7.446472
1.0,36,7.448164
1.0,80,7.451818
0.0,9,7.452362
1.0,9,7.452845
0.0,51,7.45523
0.0,100,7.459772
1.0,58,7.462436
0.0,12,7.463044
1.0,43,7.465037
0.0,30,7.466471
1.0,89,7.470545
1.0,24,7.471699
0.0,20,7.472673
1.0,28,7.473998
0.0,100,7.478579
1.0,17,7.479412
0.0,29,7.480787
0.0,100,7.485345
0.0,37,7.487067
1.0,69,7.490249
0.0,50,7.492558
0.0,26,7.493796
1.0,38,7.495584
1.0,39,7.49742
1.0,16,7.498211
0.0,21,7.499223
1.0,24,7.50037
1.0,16,7.501162
1.0,22,7.502219
1.0,28,7.50354
1.0,21,7.504557
0.0,100,7.509153
0.0,55,7.511689
1.0,21,7.512705
1.0,17,7.513543
1.0,21,7.514558
1.0,27,7.51585
0.0,12,7.516467
0.0,16,7.517261
1.0,14,7.517957
1.0,40,7.519832
1.0,17,7.520673
1.0,17,7.521509
1.0,31,7.522965
1.0,21,7.523982
0.0,12,7.524595
1.0,23,7.525713
1.0,64,7.528656
0.0,9,7.529139
0.0,100,7.53367
1.0,28,7.534997
1.0,82,7.538752
0.0,20,7.539722
0.0,100,7.544284
0.0,100,7.548835
0.0,100,7.553375
0.0,6,7.553777
1.0,32,7.555304
1.0,58,7.557979
1.0,29,7.559362
0.0,17,7.560205
0.0,27,7.561494
0.0,80,7.565171
0.0,74,7.568577
1.0,33,7.570143
0.0,14,7.570839
0.0,8,7.571277
1.0,55,7.573812
0.0,6,7.574162
1.0,81,7.577883
1.0,25,7.579083
0.0,10,7.579609
0.0,99,7.584141
1.0,53,7.586613
1.0,11,7.587186
1.0,22,7.588251
1.0,37,7.589978
0.0,8,7.590415
1.0,32,7.591926
0.0,87,7.595902
0.0,51,7.598287
0.0,12,7.598889
1.0,52,7.601295
1.0,13,7.601949
0.0,20,7.602922
0.0,75,7.606366
0.0,8,7.606794
1.0,64,7.609743
1.0,88,7.613759
1.0,55,7.616321
1.0,24,7.617471
1.0,54,7.619959
0.0,27,7.621246
1.0,48,7.623474
1.0,9,7.623945
1.0,22,7.625001
0.0,77,7.628556
1.0,29,7.629929
1.0,57,7.632585
1.0,52,7.634986
1.0,20,7.635968
0.0,52,7.638382
1.0,36,7.640067
0.0,100,7.644637
0.0,13,7.645303
0.0,100,7.649872
1.0,40,7.651763
1.0,58,7.654443
1.0,38,7.656296
1.0,38,7.658068
0.0,100,7.662623
0.0,9,7.663095
0.0,46,7.665244
1.0,28,7.666565
1.0,45,7.668644
0.0,5,7.668939
0.0,100,7.673469
1.0,32,7.674969
0.0,31,7.676443
0.0,7,7.67683
1.0,15,7.677576
1.0,52,7.67997
1.0,12,7.680584
1.0,27,7.681874
1.0,42,7.683831
1.0,40,7.685715
1.0,37,7.687451
1.0,26,7.688691
1.0,14,7.689389
0.0,50,7.691709
0.0,4,7.691961
1.0,51,7.69433
0.0,45,7.696422
0.0,11,7.696985
0.0,57,7.69962
1.0,25,7.700813
1.0,72,7.704134
1.0,63,7.707024
1.0,27,7.708318
0.0,27,7.709597
0.0,11,7.710171
1.0,72,7.713468
0.0,43,7.715475
1.0,56,7.718056
0.0,41,7.719956
1.0,33,7.721514
0.0,56,7.724082
1.0,31,7.725562
0.0,27,7.726841
1.0,19,7.727765
0.0,25,7.72896
1.0,15,7.729706
1.0,14,7.730408
0.0,53,7.732856
1.0,32,7.734369
1.0,25,7.735566
1.0,17,7.736401
0.0,100,7.740938
1.0,13,7.7416
1.0,11,7.742174
1.0,37,7.743904
1.0,54,7.746401
0.0,6,7.74674
1.0,40,7.748609
0.0,21,7.749624
1.0,22,7.750689
0.0,100,7.755247
1.0,8,7.755738
1.0,36,7.757444
0.0,59,7.760162
0.0,13,7.760818
0.0,7,7.761211
0.0,20,7.762185
1.0,34,7.763788
1.0,38,7.765577
0.0,17,7.766421
0.0,9,7.766892
1.0,17,7.767732
1.0,19,7.768661
0.0,100,7.773243
0.0,100,7.777825
0.0,31,7.779301
0.0,79,7.782917
0.0,41,7.78484
1.0,27,7.786147
1.0,10,7.786663
0.0,20,7.787631
1.0,17,7.788472
0.0,49,7.790741
1.0,33,7.792305
1.0,32,7.793814
1.0,36,7.795519
0.0,55,7.798056
1.0,10,7.798586
0.0,34,7.800194
1.0,19,7.801124
1.0,22,7.802186
1.0,29,7.803556
0.0,17,7.804392
0.0,61,7.807212
1.0,55,7.809745
1.0,75,7.813197
1.0,81,7.8169
0.0,14,7.817608
0.0,42,7.819583
1.0,33,7.821146
1.0,93,7.82542
0.0,100,7.830008
1.0,12,7.83063
0.0,45,7.832726
1.0,64,7.83569
0.0,13,7.836351
0.0,16,7.837149
1.0,44,7.839189
0.0,47,7.841375
0.0,8,7.841804
1.0,36,7.843488
1.0,71,7.846734
0.0,100,7.851293
0.0,28,7.852629
0.0,35,7.854289
1.0,43,7.856306
1.0,33,7.857922
0.0,100,7.862468
0.0,24,7.863622
0.0,47,7.865808
1.0,25,7.867001
0.0,48,7.869233
1.0,86,7.87315
1.0,45,7.875247
1.0,23,7.87635
0.0,13,7.876996
0.0,9,7.877483
0.0,25,7.878675
0.0,55,7.881215
1.0,35,7.882852
1.0,33,7.884411
1.0,37,7.886154
1.0,36,7.887843
0.0,8,7.888283
0.0,10,7.8888
1.0,14,7.889502
1.0,59,7.892224
0.0,38,7.893989
1.0,21,7.894996
0.0,29,7.896383
1.0,27,7.89767
0.0,31,7.899132
1.0,30,7.90054
0.0,13,7.901205
1.0,25,7.902401
1.0,44,7.90445
1.0,14,7.905159
1.0,95,7.909482
0.0,64,7.912426
1.0,47,7.914618
1.0,20,7.915586
0.0,51,7.917938
1.0,15,7.91869
0.0,73,7.922028
0.0,100,7.926628
1.0,15,7.92738
0.0,17,7.928226
0.0,94,7.932521
1.0,39,7.934349
0.0,100,7.938898
1.0,29,7.940269
1.0,38,7.942044
1.0,61,7.944853
1.0,39,7.946679
0.0,17,7.947518
0.0,79,7.951129
1.0,13,7.951777
1.0,67,7.954841
1.0,41,7.956763
1.0,42,7.95872
1.0,53,7.961257
1.0,35,7.962909
1.0,57,7.965575
1.0,49,7.967858
1.0,45,7.969957
0.0,50,7.972287
0.0,27,7.973577
0.0,29,7.97496
0.0,38,7.976758
1.0,61,7.979585
0.0,12,7.980209
1.0,22,7.981277
0.0,87,7.98527
1.0,13,7.985922
1.0,71,7.989193
1.0,85,7.993076
1.0,40,7.994947
0.0,4,7.995214
0.0,100,7.999801
0.0,28,8.001143
1.0,34,8.002742
1.0,86,8.006684
1.0,26,8.007922
1.0,32,8.009469
1.0,14,8.010175
1.0,54,8.012678
0.0,17,8.013519
1.0,29,8.014895
1.0,71,8.018172
1.0,11,8.018732
0.0,8,8.01917
0.0,100,8.023741
0.0,30,8.025182
0.0,85,8.029078
1.0,40,8.030957
1.0,24,8.032116
0.0,66,8.035161
1.0,8,8.035588
1.0,21,8.036606
1.0,13,8.037268
1.0,13,8.037917
0.0,27,8.039208
1.0,73,8.042559
1.0,23,8.043679
1.0,97,8.048133
0.0,100,8.052689
1.0,52,8.05511
0.0,6,8.055453
1.0,55,8.057995
0.0,23,8.059115
1.0,23,8.060224
1.0,56,8.062814
1.0,40,8.064691
1.0,37,8.066439
1.0,9,8.066981
1.0,11,8.067552
1.0,59,8.070279
1.0,45,8.072377
1.0,15,8.073131
0.0,92,8.077355
0.0,100,8.081952
1.0,12,8.082568
0.0,10,8.083083
0.0,30,8.084507
0.0,8,8.084933
1.0,11,8.085509
1.0,54,8.088009
1.0,35,8.089661
1.0,54,8.092148
1.0,20,8.093114
1.0,18,8.093981
1.0,100,8.098539
0.0,49,8.100803
0.0,91,8.104971
1.0,20,8.10595
0.0,41,8.107875
1.0,52,8.110296
1.0,9,8.110766
1.0,15,8.111508
0.0,10,8.112023
0.0,21,8.113038
1.0,11,8.113611
0.0,20,8.11459
0.0,53,8.117042
1.0,40,8.118912
0.0,12,8.11953
1.0,10,8.120048
0.0,7,8.120436
0.0,9,8.120906
0.0,100,8.125478
0.0,100,8.130041
0.0,4,8.130302
1.0,12,8.130914
0.0,86,8.134856
1.0,72,8.138179
1.0,29,8.139546
1.0,21,8.140561
0.0,9,8.141032
1.0,13,8.141689
0.0,27,8.14297
0.0,42,8.144935
0.0,100,8.149513
0.0,71,8.152761
1.0,33,8.15432
0.0,100,8.158888
0.0,13,8.159552
1.0,19,8.160487
0.0,10,8.161004
0.0,41,8.162919
0.0,8,8.163356
1.0,32,8.164862
0.0,42,8.166828
0.0,67,8.169993
0.0,38,8.171781
0.0,100,8.176361
1.0,56,8.17894
0.0,100,8.18351
1.0,63,8.186421
1.0,27,8.187707
1.0,52,8.190115
1.0,45,8.192207
0.0,11,8.192766
0.0,4,8.193017
1.0,93,8.197278
1.0,19,8.198202
1.0,23,8.199309
1.0,19,8.200239
1.0,64,8.203194
0.0,100,8.207775
1.0,10,8.208308
0.0,100,8.212887
0.0,41,8.214809
0.0,54,8.217321
1.0,12,8.21793
0.0,34,8.21954
1.0,73,8.222894
0.0,58,8.225589
0.0,32,8.227109
0.0,50,8.229424
1.0,41,8.231349
0.0,26,8.232589
0.0,68,8.235721
1.0,29,8.237104
0.0,17,8.237935
0.0,70,8.241164
1.0,22,8.242227
1.0,37,8.243954
0.0,18,8.24484
0.0,100,8.249418
1.0,63,8.252319
1.0,44,8.254361
1.0,82,8.258112
1.0,27,8.259398
1.0,15,8.260149
1.0,59,8.262861
1.0,40,8.26472
0.0,14,8.265436
1.0,13,8.26609
1.0,67,8.269205
1.0,22,8.270278
0.0,12,8.270891
1.0,25,8.272091
0.0,10,8.272617
0.0,6,8.272954
0.0,23,8.274057
1.0,19,8.274988
0.0,100,8.279668
0.0,34,8.28128
1.0,24,8.282427
1.0,61,8.285247
0.0,11,8.285807
1.0,40,8.28768
0.0,74,8.291068
1.0,30,8.292495
1.0,58,8.295182
1.0,16,8.295965
1.0,8,8.296401
1.0,11,8.296965
0.0,57,8.299599
1.0,35,8.301253
0.0,24,8.302408
1.0,17,8.303249
0.0,37,8.30497
1.0,24,8.306143
1.0,20,8.307117
1.0,66,8.310144
1.0,18,8.311018
1.0,12,8.311631
0.0,18,8.312514
1.0,56,8.31511
0.0,58,8.31778
1.0,9,8.318264
1.0,24,8.319412
0.0,15,8.320161
1.0,17,8.320992
1.0,8,8.321433
0.0,76,8.32491
0.0,28,8.326256
0.0,77,8.329796
0.0,32,8.331316
1.0,97,8.335756
1.0,98,8.340216
1.0,44,8.342267
1.0,42,8.344222
1.0,12,8.344825
0.0,7,8.345224
1.0,59,8.347947
0.0,45,8.350036
0.0,44,8.352081
0.0,71,8.355332
0.0,13,8.355978
1.0,47,8.358159
1.0,36,8.359838
1.0,40,8.361701
0.0,20,8.362669
0.0,19,8.363606
0.0,62,8.366472
1.0,12,8.367077
1.0,49,8.369356
0.0,74,8.37274
0.0,28,8.374068
1.0,9,8.374547
1.0,18,8.375434
1.0,10,8.376017
1.0,19,8.376945
1.0,75,8.3804
1.0,21,8.381419
0.0,18,8.382303
0.0,24,8.38345
1.0,100,8.388026
0.0,100,8.3926
0.0,86,8.396528
0.0,13,8.397188
0.0,100,8.40172
0.0,57,8.404349
1.0,17,8.405196
1.0,42,8.40717
0.0,100,8.411737
1.0,34,8.413337
0.0,44,8.415395
0.0,5,8.41569
1.0,36,8.417388
0.0,29,8.418758
0.0,21,8.419781
0.0,100,8.424344
1.0,64,8.427296
1.0,7,8.427677
1.0,54,8.430177
1.0,68,8.433308
0.0,37,8.435032
1.0,11,8.435607
0.0,47,8.437795
0.0,74,8.441193
1.0,68,8.444313
0.0,33,8.44588
0.0,15,8.446636
1.0,70,8.449852
0.0,61,8.452668
0.0,26,8.453913
1.0,37,8.455657
0.0,45,8.457754
1.0,35,8.459405
0.0,29,8.460778
0.0,100,8.465357
1.0,8,8.465786
0.0,52,8.468201
1.0,11,8.468765
1.0,24,8.469915
0.0,17,8.470756
1.0,22,8.471815
1.0,50,8.474138
1.0,35,8.475776
1.0,80,8.479445
1.0,51,8.481815
0.0,6,8.482167
1.0,35,8.4838
1.0,20,8.484775
1.0,22,8.485903
0.0,100,8.490481
1.0,15,8.49123
0.0,98,8.495694
0.0,14,8.496403
1.0,30,8.497816
1.0,14,8.498516
1.0,37,8.500256
1.0,13,8.500906
1.0,17,8.501736
0.0,100,8.506298
0.0,29,8.507663
0.0,27,8.508941
1.0,28,8.510273
0.0,100,8.51483
0.0,69,8.518001
0.0,67,8.521072
0.0,33,8.522628
0.0,23,8.523728
1.0,17,8.524564
0.0,91,8.528698
1.0,32,8.530208
1.0,12,8.530811
1.0,46,8.532934
1.0,44,8.534966
1.0,20,8.535955
1.0,100,8.540507
0.0,15,8.541252
1.0,87,8.545223
0.0,14,8.545913
0.0,43,8.54791
1.0,24,8.549058
1.0,65,8.552044
0.0,79,8.555665
1.0,18,8.556549
1.0,24,8.5577
0.0,92,8.561886
1.0,58,8.564567
1.0,39,8.566394
0.0,100,8.570976
0.0,79,8.574594
0.0,100,8.579175
1.0,69,8.582337
0.0,12,8.582943
0.0,91,8.587104
1.0,12,8.587708
1.0,25,8.588893
0.0,100,8.593441
0.0,66,8.596473
0.0,95,8.600811
1.0,76,8.604287
0.0,26,8.605536
1.0,24,8.606685
0.0,7,8.607144
1.0,48,8.60939
1.0,13,8.610045
0.0,33,8.611611
1.0,11,8.612186
1.0,25,8.61338
0.0,46,8.615526
1.0,13,8.616186
1.0,77,8.619721
1.0,19,8.620648
0.0,4,8.620897
1.0,10,8.621419
0.0,4,8.621669
1.0,20,8.622635
1.0,81,8.626351
1.0,12,8.626955
0.0,60,8.629727
1.0,31,8.631203
1.0,40,8.633058
0.0,45,8.635155
1.0,19,8.636073
0.0,41,8.637991
0.0,79,8.641609
0.0,100,8.646188
1.0,14,8.646885
0.0,26,8.648134
1.0,25,8.649339
0.0,56,8.651917
1.0,24,8.653069
1.0,37,8.654808
0.0,25,8.656009
1.0,47,8.658199
0.0,7,8.658584
0.0,44,8.660631
1.0,46,8.662777
0.0,100,8.667355
0.0,78,8.670923
1.0,33,8.672482
1.0,31,8.673938
1.0,58,8.676615
1.0,69,8.679788
0.0,18,8.680665
0.0,16,8.68146
0.0,83,8.685258
1.0,88,8.689265
1.0,10,8.689778
0.0,100,8.69434
0.0,6,8.69468
0.0,59,8.697412
0.0,100,8.701963
0.0,19,8.702894
1.0,21,8.70391
0.0,100,8.708495
0.0,40,8.710424
1.0,20,8.711392
1.0,22,8.712451
1.0,84,8.716295
1.0,38,8.718067
0.0,40,8.719934
0.0,23,8.72104
0.0,96,8.725439
0.0,100,8.729982
1.0,44,8.732033
0.0,86,8.735973
1.0,11,8.736547
0.0,22,8.737612
0.0,13,8.738277
1.0,58,8.740941
1.0,15,8.741692
0.0,100,8.746284
1.0,52,8.748677
0.0,45,8.750776
0.0,100,8.755352
1.0,28,8.756683
1.0,27,8.757959
0.0,43,8.759955
1.0,63,8.762861
0.0,100,8.767457
0.0,25,8.768655
0.0,23,8.769762
0.0,74,8.773148
1.0,24,8.7743
1.0,18,8.775189
1.0,15,8.775923
0.0,100,8.780497
0.0,41,8.782416
1.0,6,8.782754
1.0,75,8.786194
0.0,100,8.790754
0.0,100,8.795314
1.0,19,8.796241
1.0,50,8.798568
0.0,85,8.802458
1.0,22,8.803515
0.0,40,8.805389
1.0,87,8.809368
0.0,50,8.811683
1.0,16,8.812479
0.0,57,8.815126
0.0,100,8.819695
0.0,100,8.824265
1.0,62,8.827123
0.0,47,8.829293
0.0,46,8.831425
0.0,17,8.832324
1.0,23,8.833437
1.0,16,8.834234
1.0,51,8.836614
1.0,17,8.837452
1.0,62,8.840328
1.0,21,8.841345
1.0,49,8.843627
0.0,31,8.845118
1.0,52,8.847533
1.0,76,8.851038
0.0,50,8.853373
0.0,37,8.855124
0.0,55,8.857668
1.0,23,8.858779
0.0,13,8.859444
1.0,10,8.859967
0.0,34,8.861576
0.0,44,8.863639
1.0,37,8.865384
1.0,28,8.866716
1.0,72,8.870025
0.0,5,8.870328
1.0,40,8.872205
0.0,35,8.873848
1.0,83,8.877663
1.0,13,8.878325
1.0,15,8.879068
0.0,6,8.879414
1.0,28,8.880744
1.0,40,8.882616
1.0,28,8.883945
1.0,12,8.884558
1.0,7,8.884943
0.0,31,8.886416
0.0,58,8.889081
1.0,42,8.891035
1.0,75,8.894488
1.0,72,8.89779
0.0,6,8.898141
1.0,18,8.89901
1.0,74,8.902411
0.0,4,8.90266
0.0,8,8.903085
0.0,34,8.904684
1.0,28,8.906025
1.0,53,8.908487
0.0,73,8.911841
0.0,10,8.912371
0.0,61,8.915197
1.0,33,8.916755
0.0,14,8.917461
0.0,29,8.918837
0.0,38,8.920622
1.0,7,8.921009
1.0,12,8.921627
1.0,36,8.923325
1.0,21,8.924337
0.0,11,8.924901
1.0,27,8.926197
1.0,17,8.927027
1.0,26,8.928284
1.0,83,8.932072
0.0,45,8.934235
0.0,12,8.934842
1.0,14,8.935551
1.0,25,8.936737
0.0,12,8.937348
0.0,50,8.939659
1.0,77,8.943192
1.0,19,8.944129
0.0,32,8.945638
1.0,91,8.949792
0.0,100,8.954345
0.0,11,8.954905
1.0,28,8.956246
1.0,25,8.957432
1.0,71,8.960679
1.0,9,8.961163
1.0,55,8.963692
1.0,28,8.965019
1.0,65,8.96802
1.0,18,8.968902
0.0,41,8.97081
1.0,40,8.972679
1.0,28,8.974004
1.0,21,8.975017
1.0,34,8.97663
1.0,67,8.979694
1.0,52,8.98209
1.0,8,8.982527
0.0,14,8.983226
0.0,100,8.987791
0.0,47,8.989977
1.0,22,8.991036
1.0,44,8.993075
0.0,100,8.997631
0.0,17,8.998472
1.0,23,8.999578
0.0,100,9.004164
0.0,8,9.004595
1.0,28,9.00593
0.0,47,9.008106
0.0,20,9.009065
1.0,21,9.010072
0.0,33,9.011622
1.0,37,9.013351
1.0,23,9.014452
1.0,41,9.016385
1.0,25,9.017578
0.0,58,9.020247
0.0,100,9.024786
1.0,15,9.02554
1.0,94,9.02984
1.0,29,9.031219
0.0,100,9.035801
1.0,9,9.036359
0.0,100,9.040946
0.0,39,9.042786
0.0,100,9.047385
0.0,100,9.051963
0.0,11,9.052541
1.0,94,9.05685
1.0,34,9.058467
0.0,70,9.061678
0.0,60,9.064454
1.0,12,9.065061
1.0,13,9.065724
1.0,88,9.06975
0.0,10,9.070282
1.0,71,9.073533
1.0,44,9.075586
1.0,93,9.079837
0.0,50,9.082161
0.0,9,9.082634
1.0,22,9.083694
1.0,15,9.084446
1.0,29,9.085821
0.0,37,9.087566
0.0,87,9.091549
1.0,92,9.095763
1.0,25,9.096955
1.0,12,9.097569
0.0,60,9.100333
0.0,54,9.102824
1.0,38,9.104611
1.0,17,9.105457
0.0,51,9.107812
0.0,22,9.108872
1.0,74,9.112272
1.0,100,9.116826
0.0,100,9.121397
1.0,100,9.125952
0.0,43,9.127959
0.0,12,9.128581
1.0,26,9.12983
1.0,23,9.130935
1.0,63,9.133834
1.0,25,9.135023
1.0,47,9.137225
1.0,45,9.139312
1.0,8,9.139736
0.0,14,9.140443
0.0,5,9.140738
0.0,45,9.142833
0.0,21,9.143847
1.0,16,9.144646
1.0,62,9.147518
1.0,25,9.148773
1.0,21,9.149793
1.0,39,9.151626
0.0,64,9.154556
0.0,5,9.154849
0.0,66,9.157887
1.0,17,9.158723
0.0,44,9.160775
1.0,19,9.1617
1.0,81,9.165426
1.0,21,9.166441
0.0,70,9.169655
1.0,27,9.170931
1.0,17,9.171764
0.0,39,9.173592
1.0,27,9.174874
0.0,51,9.17727
1.0,10,9.177792
1.0,26,9.179032
1.0,97,9.183475
0.0,31,9.184933
1.0,22,9.185997
0.0,100,9.190553
0.0,24,9.191706
0.0,39,9.193527
1.0,13,9.194183
0.0,100,9.198727
1.0,13,9.199391
0.0,42,9.201351
0.0,16,9.202143
0.0,41,9.204046
1.0,84,9.207899
0.0,31,9.209371
1.0,34,9.21096
1.0,18,9.211835
0.0,59,9.214553
0.0,34,9.216157
1.0,42,9.218093
0.0,14,9.218793
0.0,90,9.222893
1.0,18,9.223773
0.0,44,9.22583
1.0,25,9.227024
1.0,12,9.227641
1.0,33,9.229188
1.0,31,9.230645
1.0,35,9.232293
0.0,58,9.234943
1.0,32,9.236458
0.0,29,9.23782
1.0,53,9.240264
1.0,48,9.242472
1.0,34,9.24406
1.0,71,9.247305
0.0,100,9.251828
1.0,35,9.253568
1.0,35,9.255242
1.0,19,9.256174
0.0,36,9.257875
1.0,65,9.26089
1.0,96,9.265315
1.0,7,9.265697
1.0,34,9.267304
1.0,89,9.271384
1.0,43,9.273397
1.0,39,9.275223
1.0,58,9.2779
1.0,86,9.281848
1.0,15,9.2826
0.0,11,9.283168
0.0,16,9.283948
0.0,56,9.286545
1.0,49,9.288818
1.0,16,9.289612
1.0,89,9.293681
1.0,73,9.297021
1.0,18,9.297909
1.0,32,9.299419
1.0,66,9.302451
1.0,9,9.30292
1.0,22,9.303977
1.0,14,9.304682
1.0,16,9.305482
1.0,22,9.306542
1.0,18,9.307425
1.0,25,9.30862
1.0,80,9.312278
0.0,43,9.314286
1.0,18,9.315176
0.0,66,9.31821
1.0,10,9.318729
0.0,18,9.319611
1.0,27,9.320899
0.0,25,9.322087
1.0,39,9.323906
1.0,18,9.324784
1.0,87,9.328781
0.0,100,9.333333
0.0,100,9.337888
1.0,59,9.340607
0.0,18,9.34149
0.0,12,9.342108
1.0,36,9.34379
1.0,42,9.345755
1.0,16,9.34655
0.0,100,9.351092
1.0,37,9.352833
1.0,22,9.353945
1.0,16,9.354733
0.0,100,9.359291
1.0,22,9.360351
1.0,65,9.363332
0.0,13,9.363985
0.0,16,9.364773
0.0,17,9.365615
0.0,100,9.370157
1.0,7,9.370538
0.0,44,9.372581
1.0,67,9.375672
1.0,37,9.377397
1.0,17,9.378232
1.0,11,9.378791
1.0,52,9.381204
0.0,37,9.382926
0.0,14,9.383628
0.0,13,9.384287
1.0,34,9.385891
0.0,57,9.388521
1.0,61,9.391335
1.0,11,9.391892
1.0,43,9.393888
1.0,59,9.396621
1.0,66,9.399646
0.0,13,9.400303
0.0,62,9.403153
1.0,82,9.406878
0.0,100,9.41143
0.0,79,9.415033
1.0,99,9.419551
1.0,75,9.422996
1.0,8,9.423431
0.0,100,9.427974
1.0,18,9.428859
1.0,56,9.43144
1.0,43,9.433444
1.0,22,9.434499
1.0,10,9.435015
1.0,26,9.436264
0.0,20,9.43724
0.0,100,9.441812
1.0,34,9.443421
0.0,42,9.445383
0.0,10,9.4459
0.0,31,9.447367
1.0,14,9.448065
1.0,48,9.450286
0.0,100,9.454828
0.0,44,9.456881
0.0,25,9.458076
1.0,11,9.45871
0.0,100,9.46331
1.0,92,9.46753
0.0,40,9.469416
1.0,73,9.472773
0.0,55,9.475334
1.0,81,9.479045
1.0,35,9.480688
0.0,100,9.485266
1.0,47,9.487453
0.0,22,9.488519
1.0,62,9.491386
1.0,66,9.494419
0.0,9,9.494893
1.0,8,9.495342
1.0,14,9.496035
1.0,74,9.499428
0.0,68,9.502568
1.0,34,9.504179
1.0,33,9.505747
1.0,64,9.508703
0.0,100,9.51329
1.0,20,9.514263
0.0,10,9.514781
0.0,100,9.519364
1.0,50,9.521704
1.0,17,9.522539
1.0,17,9.523376
0.0,90,9.527502
0.0,6,9.527844
0.0,52,9.530256
0.0,34,9.531854
0.0,32,9.533371
1.0,21,9.534392
0.0,100,9.538975
0.0,20,9.53995
0.0,100,9.544534
0.0,18,9.545422
0.0,84,9.549304
1.0,18,9.550192
0.0,39,9.552
1.0,21,9.553018
1.0,29,9.554403
0.0,100,9.558992
0.0,41,9.560914
1.0,18,9.561802
1.0,35,9.563458
0.0,9,9.56393
1.0,91,9.568104
1.0,70,9.571337
0.0,55,9.573874
1.0,12,9.574553
1.0,13,9.575222
0.0,18,9.576107
1.0,13,9.576757
0.0,15,9.577514
1.0,8,9.57794
1.0,35,9.579587
1.0,64,9.582536
1.0,11,9.583103
1.0,18,9.583984
1.0,14,9.584687
1.0,42,9.586661
0.0,15,9.587415
1.0,22,9.58848
1.0,22,9.58954
1.0,22,9.590605
1.0,47,9.592791
1.0,68,9.595915
0.0,79,9.599547
1.0,37,9.601288
0.0,13,9.601944
0.0,22,9.603011
0.0,38,9.604806
1.0,15,9.605564
0.0,49,9.607841
0.0,31,9.609316
1.0,8,9.609746
0.0,100,9.614328
0.0,37,9.616071
0.0,100,9.620647
1.0,84,9.624497
1.0,18,9.625386
0.0,14,9.626084
0.0,26,9.627333
1.0,21,9.628352
1.0,45,9.630438
1.0,7,9.630825
1.0,10,9.631355
1.0,71,9.634614
0.0,55,9.637167
0.0,52,9.63957
0.0,27,9.640855
0.0,100,9.645444
0.0,13,9.646103
1.0,13,9.646759
0.0,34,9.64837
1.0,54,9.650878
0.0,100,9.655441
0.0,25,9.656634
1.0,47,9.658817
1.0,16,9.659612
0.0,20,9.660592
1.0,41,9.662524
1.0,15,9.663273
1.0,15,9.664015
1.0,25,9.66522
1.0,95,9.66957
0.0,5,9.669864
1.0,14,9.670571
0.0,41,9.672492
0.0,33,9.674047
0.0,94,9.678441
0.0,100,9.683028
0.0,47,9.685237
1.0,79,9.688863
1.0,17,9.689702
1.0,21,9.690721
0.0,11,9.691294
1.0,29,9.692669
0.0,24,9.69382
1.0,45,9.695936
0.0,18,9.696828
0.0,20,9.697813
1.0,37,9.699562
1.0,69,9.702732
1.0,27,9.704021
1.0,26,9.705285
1.0,19,9.706215
1.0,38,9.707989
1.0,70,9.711215
1.0,16,9.712
1.0,12,9.712617
0.0,31,9.714079
0.0,16,9.714877
1.0,47,9.717061
0.0,8,9.717495
1.0,25,9.718688
1.0,44,9.720752
0.0,33,9.722321
0.0,100,9.726876
1.0,21,9.727896
1.0,34,9.729498
1.0,12,9.730112
1.0,19,9.731025
0.0,100,9.735605
1.0,17,9.736448
0.0,36,9.738151
1.0,95,9.742505
0.0,15,9.743258
1.0,24,9.74441
0.0,100,9.748978
0.0,100,9.753524
0.0,50,9.755848
0.0,54,9.758345
0.0,64,9.761288
0.0,37,9.763014
0.0,30,9.764446
0.0,13,9.765113
0.0,32,9.766622
1.0,10,9.767147
0.0,8,9.76758
0.0,35,9.76923
0.0,100,9.7738
0.0,100,9.778381
0.0,100,9.783019
0.0,100,9.787603
0.0,18,9.788487
0.0,78,9.79206
1.0,22,9.793129
0.0,49,9.795398
0.0,41,9.797308
0.0,39,9.799128
1.0,37,9.800858
1.0,93,9.805114
0.0,30,9.80654
1.0,57,9.809183
0.0,19,9.810112
1.0,51,9.812477
1.0,58,9.815165
0.0,14,9.815861
0.0,22,9.816925
1.0,35,9.81858
1.0,38,9.82036
0.0,52,9.822764
0.0,48,9.824987
1.0,21,9.82602
1.0,57,9.828662
1.0,34,9.830266
0.0,11,9.830828
0.0,50,9.833163
0.0,100,9.837736
1.0,19,9.838664
0.0,44,9.840715
0.0,44,9.842769
1.0,63,9.845679
0.0,19,9.846608
0.0,100,9.851181
0.0,41,9.853108
0.0,39,9.854919
1.0,68,9.858041
1.0,28,9.859373
0.0,100,9.863916
0.0,44,9.917443
1.0,77,10.007208
1.0,27,10.038303
1.0,45,10.090156
0.0,79,10.180905
1.0,35,10.221271
1.0,56,10.28568
0.0,8,10.294864
1.0,18,10.315761
1.0,7,10.323931
0.0,24,10.351669
1.0,29,10.384813
0.0,100,10.49979
1.0,20,10.523021
1.0,44,10.57381
0.0,100,10.864883
0.0,4,10.86957
0.0,100,10.984116
0.0,69,11.063509
1.0,11,11.076203
0.0,61,11.146277
0.0,51,11.204767
1.0,35,11.24516
0.0,100,11.360342
0.0,33,11.398424
1.0,63,11.471163
1.0,19,11.493022
1.0,41,11.540364
1.0,59,11.608365
0.0,100,11.723464
1.0,37,11.766186
1.0,24,11.793793
1.0,8,11.803126
1.0,53,11.864381
0.0,100,11.979614
0.0,100,12.094657
0.0,87,12.194709
0.0,70,12.275263
1.0,49,12.331621
1.0,72,12.414557
1.0,16,12.433065
1.0,55,12.49648
0.0,11,12.509212
0.0,14,12.525345
1.0,22,12.550667
1.0,7,12.558812
1.0,40,12.604948
0.0,16,12.623421
0.0,46,12.676426
0.0,100,12.957764
0.0,46,13.010621
1.0,29,13.04407
1.0,16,13.06253
0.0,8,13.071888
0.0,72,13.154704
1.0,62,13.225924
1.0,38,13.269754
0.0,16,13.288255
1.0,33,13.326314
1.0,76,13.414576
0.0,38,13.458416
1.0,63,13.531106
0.0,29,13.564544
0.0,35,13.60499
0.0,68,13.683353
0.0,100,13.79824
1.0,33,13.836206
1.0,13,13.851202
0.0,12,13.86507
1.0,27,13.895986
0.0,100,14.011069
1.0,50,14.068737
0.0,100,14.183473
1.0,22,14.208993
1.0,31,14.244928
1.0,16,14.263455
1.0,30,14.298052
1.0,23,14.324562
0.0,96,14.435289
0.0,22,14.46062
1.0,25,14.489494
0.0,100,14.604324
1.0,21,14.628623
0.0,12,14.642591
0.0,20,14.665607
0.0,100,14.804725
1.0,81,15.048356
0.0,21,15.072665
0.0,43,15.122076
0.0,75,15.208384
0.0,72,15.291309
1.0,65,15.366181
1.0,22,15.391751
0.0,63,15.464365
1.0,23,15.490926
0.0,52,15.55083
1.0,6,15.557699
0.0,18,15.578491
1.0,10,15.590069
1.0,83,15.685653
1.0,52,15.745387
0.0,4,15.750094
0.0,55,15.813297
0.0,33,15.851364
1.0,45,15.903373
1.0,15,15.920668
1.0,25,15.949394
0.0,31,15.985174
0.0,25,16.013875
0.0,66,16.08978
1.0,47,16.143931
1.0,9,16.154421
1.0,45,16.206379
1.0,34,16.245558
1.0,50,16.303432
0.0,76,16.391228
0.0,35,16.431727
0.0,89,16.534293
1.0,6,16.541275
0.0,100,16.656307
0.0,100,16.771456
0.0,5,16.777346
1.0,33,16.815466
0.0,100,17.10586
1.0,56,17.170346
1.0,99,17.29909
1.0,12,17.319363
1.0,17,17.351896
0.0,9,17.36743
0.0,43,17.431684
0.0,24,17.459424
1.0,61,17.529686
0.0,5,17.535544
0.0,26,17.565546
0.0,30,17.600142
1.0,52,17.659926
0.0,32,17.696952
0.0,30,17.731545
0.0,22,17.756793
0.0,15,17.774094
1.0,56,17.838635
0.0,38,17.882355
0.0,60,17.9514
1.0,17,17.970978
1.0,40,18.017042
1.0,32,18.053892
0.0,16,18.072339
1.0,6,18.079327
1.0,37,18.122
1.0,29,18.155238
1.0,46,18.20823
1.0,43,18.257819
0.0,4,18.262497
0.0,100,18.378498
1.0,26,18.408448
0.0,35,18.448798
0.0,19,18.470642
0.0,15,18.488024
1.0,39,18.53301
1.0,22,18.558372
0.0,100,18.673451
0.0,32,18.710503
1.0,8,18.719745
0.0,49,18.776071
1.0,33,18.814323
0.0,60,18.883561
1.0,62,18.955014
0.0,25,18.983801
1.0,83,19.256913
1.0,32,19.294028
1.0,29,19.327307
0.0,100,19.442443
0.0,42,19.490879
0.0,100,19.605827
0.0,30,19.640496
1.0,27,19.671605
0.0,100,19.786714
1.0,53,19.847857
0.0,26,19.877874
0.0,43,19.927715
0.0,26,19.957809
1.0,23,19.984371
1.0,12,19.998244
0.0,12,20.012145
0.0,35,20.052461
1.0,34,20.091685
1.0,63,20.164172
1.0,43,20.213585
1.0,17,20.233308
0.0,100,20.348159
1.0,8,20.357442
0.0,91,20.462121
0.0,32,20.499005
0.0,59,20.566857
1.0,72,20.649754
0.0,33,20.687741
0.0,100,20.80277
0.0,28,20.835142
1.0,22,20.860583
0.0,20,20.883761
0.0,61,20.953912
0.0,6,20.960962
0.0,100,21.075872
1.0,30,21.142982
1.0,13,21.273053
0.0,92,21.401905
0.0,41,21.448995
0.0,99,21.5629
1.0,25,21.591749
1.0,16,21.610156
0.0,100,21.725073
0.0,100,21.840205
1.0,18,21.860981
1.0,28,21.89335
0.0,64,21.966916
0.0,13,21.982044
0.0,100,22.096884
0.0,44,22.147365
0.0,35,22.187531
0.0,41,22.234911
1.0,70,22.315485
0.0,16,22.334013
1.0,52,22.393763
0.0,100,22.508523
0.0,16,22.526997
1.0,96,22.637461
1.0,76,22.725
0.0,63,22.797597
0.0,23,22.824129
1.0,37,22.866737
1.0,14,22.88303
1.0,15,22.900338
0.0,100,23.015354
0.0,53,23.07648
1.0,32,23.113289
0.0,19,23.13511
0.0,10,23.146743
0.0,70,23.38306
0.0,48,23.448943
1.0,10,23.460591
1.0,50,23.517993
1.0,37,23.560503
0.0,29,23.593961
1.0,13,23.621561
0.0,43,23.69396
1.0,16,23.721253
1.0,34,23.767038
1.0,63,23.839559
1.0,52,23.899592
1.0,27,23.930737
0.0,44,23.98144
1.0,55,24.044785
0.0,72,24.127489
0.0,100,24.242689
1.0,56,24.307322
0.0,28,24.339641
0.0,90,24.443202
0.0,20,24.466353
1.0,45,24.518327
1.0,81,24.611561
0.0,9,24.622068
0.0,13,24.637113
1.0,50,24.694848
1.0,97,24.806475
1.0,80,24.898332
1.0,14,24.914459
0.0,75,25.000818
1.0,63,25.07342
1.0,19,25.095369
1.0,18,25.116137
0.0,55,25.179681
1.0,12,25.193704
1.0,29,25.227017
1.0,36,25.268368
0.0,86,25.540796
1.0,44,25.591472
0.0,24,25.61905
1.0,44,25.66969
0.0,10,25.681436
1.0,38,25.725067
0.0,50,25.782485
0.0,19,25.804555
0.0,39,25.849471
0.0,100,25.964763
1.0,36,26.006166
0.0,100,26.121485
1.0,56,26.18594
1.0,48,26.241221
0.0,100,26.356266
1.0,80,26.448193
1.0,61,26.518528
1.0,33,26.556521
1.0,13,26.571626
0.0,45,26.62349
1.0,49,26.679845
0.0,42,26.728397
1.0,77,26.817227
1.0,30,26.851889
0.0,100,26.967077
0.0,33,27.005392
1.0,35,27.045818
0.0,29,27.079206
1.0,41,27.126582
1.0,16,27.14506
1.0,61,27.215262
1.0,11,27.228029
1.0,24,27.255674
0.0,48,27.310686
0.0,17,27.330342
1.0,25,27.359295
1.0,70,27.616992
0.0,81,27.709956
0.0,29,27.743471
1.0,44,27.794135
1.0,69,27.87361
1.0,21,27.898022
1.0,11,27.910721
1.0,19,27.932621
1.0,22,27.957987
0.0,44,28.008565
1.0,24,28.036298
1.0,17,28.055905
1.0,37,28.098532
0.0,14,28.114675
0.0,17,28.13431
1.0,22,28.159641
1.0,21,28.18393
0.0,100,28.299195
0.0,46,28.352653
1.0,32,28.389501
0.0,37,28.432019
1.0,16,28.450648
0.0,18,28.471446
1.0,45,28.523291
1.0,18,28.544184
0.0,100,28.660859
0.0,100,28.776048
1.0,46,28.82907
0.0,17,28.848901
0.0,100,28.964026
0.0,12,28.98845
1.0,13,29.011597
1.0,14,29.037108
1.0,66,29.136185
0.0,15,29.153753
1.0,52,29.213599
1.0,21,29.237805
0.0,30,29.272588
1.0,12,29.286466
1.0,40,29.332538
0.0,33,29.370642
1.0,95,29.480148
0.0,94,29.764179
0.0,20,29.787276
1.0,47,29.841528
0.0,52,29.901419
0.0,69,29.980916
1.0,33,30.019134
0.0,22,30.044602
0.0,63,30.117151
1.0,52,30.17711
0.0,31,30.212812
1.0,24,30.240512
1.0,29,30.27389
1.0,27,30.305079
1.0,22,30.330722
1.0,18,30.351921
0.0,80,30.444293
1.0,20,30.467423
1.0,92,30.573272
1.0,23,30.599804
1.0,39,30.644799
0.0,21,30.668933
0.0,37,30.711659
0.0,56,30.776312
1.0,59,30.844446
1.0,44,30.895133
0.0,33,30.933282
0.0,100,31.048515
1.0,19,31.070467
0.0,25,31.099329
1.0,12,31.113201
0.0,76,31.200459
1.0,53,31.261599
0.0,100,31.376539
1.0,38,31.420191
1.0,53,31.48136
0.0,53,31.542451
1.0,39,31.587375
0.0,31,31.802741
1.0,32,31.837198
1.0,12,31.85112
0.0,100,31.966486
1.0,31,32.002348
1.0,10,32.013927
0.0,43,32.063483
0.0,18,32.084214
0.0,27,32.115389
0.0,41,32.162656
0.0,100,32.277698
1.0,65,32.352477
0.0,16,32.370903
0.0,23,32.397383
1.0,22,32.422794
1.0,19,32.444676
1.0,14,32.460869
0.0,53,32.521923
1.0,52,32.581866
0.0,100,32.696899
1.0,39,32.741771
0.0,25,32.770691
1.0,22,32.796053
0.0,100,32.911114
1.0,35,32.951405
1.0,16,32.969864
0.0,100,33.085135
1.0,9,33.095649
0.0,11,33.108348
0.0,30,33.142958
0.0,29,33.176395
1.0,10,33.188048
0.0,27,33.219215
1.0,46,33.272118
0.0,23,33.298718
0.0,11,33.31156
1.0,21,33.33582
1.0,37,33.378446
1.0,35,33.418814
1.0,6,33.42586
1.0,15,33.443151
1.0,46,33.49603
1.0,36,33.537405
1.0,41,33.584558
0.0,36,33.626081
1.0,37,33.668508
0.0,57,33.905777
0.0,100,34.019262
0.0,68,34.097283
1.0,15,34.114598
0.0,20,34.137651
1.0,36,34.179042
0.0,7,34.187238
1.0,33,34.225272
1.0,14,34.2415
0.0,32,34.278457
0.0,100,34.393566
0.0,100,34.509004
0.0,61,34.579533
0.0,54,34.641461
1.0,32,34.678373
1.0,39,34.723312
1.0,10,34.734787
1.0,32,34.771674
1.0,19,34.793569
1.0,27,34.824735
0.0,27,34.855749
1.0,15,34.873127
1.0,52,34.932975
1.0,69,35.012318
0.0,59,35.080106
1.0,57,35.145797
1.0,59,35.213641
1.0,13,35.228722
0.0,11,35.241509
1.0,39,35.286419
1.0,74,35.371674
1.0,57,35.437403
1.0,13,35.452449
0.0,79,35.543291
1.0,22,35.568733
0.0,76,35.656111
1.0,31,35.691845
0.0,59,35.760026
1.0,41,35.807251
0.0,8,35.873052
0.0,27,36.028294
0.0,100,36.143227
1.0,41,36.190634
0.0,41,36.237901
1.0,17,36.257506
0.0,8,36.266917
1.0,7,36.27501
1.0,25,36.303677
1.0,34,36.342845
0.0,53,36.404341
0.0,31,36.440219
1.0,33,36.500658
0.0,100,36.646758
0.0,8,36.656314
0.0,16,36.674823
1.0,25,36.703718
0.0,56,36.768157
1.0,22,36.79365
0.0,41,36.840914
0.0,33,36.878981
1.0,40,36.925048
1.0,21,36.949217
1.0,93,37.056203
1.0,66,37.132373
1.0,41,37.179725
0.0,100,37.294736
1.0,12,37.30875
1.0,21,37.333046
0.0,23,37.35949
0.0,23,37.386027
1.0,53,37.447222
1.0,84,37.543958
1.0,28,37.576257
1.0,8,37.585529
1.0,93,37.692672
1.0,88,37.794069
1.0,8,37.803351
1.0,16,37.821909
0.0,36,37.863272
1.0,52,38.032585
1.0,72,38.180922
0.0,22,38.206329
1.0,47,38.260544
1.0,15,38.278075
1.0,29,38.311458
0.0,74,38.397289
1.0,49,38.45377
0.0,40,38.499973
1.0,67,38.577306
1.0,14,38.593581
1.0,31,38.629372
1.0,39,38.674338
1.0,12,38.688221
1.0,57,38.753936
0.0,100,38.869001
0.0,16,38.887509
1.0,60,38.956567
0.0,32,38.99346
0.0,39,39.038364
1.0,42,39.086753
0.0,100,39.201773
0.0,13,39.216757
1.0,89,39.319306
0.0,19,39.341399
1.0,19,39.363852
0.0,66,39.439869
1.0,97,39.5515
1.0,9,39.562028
1.0,24,39.589685
0.0,32,39.626575
0.0,35,39.666884
0.0,44,39.717698
1.0,29,39.750991
1.0,72,39.833842
1.0,35,39.874183
0.0,12,39.888042
1.0,50,39.945581
1.0,38,40.005762
1.0,28,40.207294
1.0,71,40.288695
0.0,91,40.393374
1.0,24,40.421045
1.0,30,40.455704
0.0,44,40.50633
0.0,20,40.529382
1.0,42,40.577985
1.0,52,40.637755
1.0,40,40.68361
1.0,47,40.738018
0.0,27,40.769193
1.0,14,40.785367
1.0,18,40.806243
1.0,34,40.845471
0.0,25,40.874222
0.0,33,40.912301
1.0,86,41.011204
0.0,100,41.126145
0.0,100,41.241079
1.0,26,41.271359
1.0,27,41.302547
0.0,28,41.334818
0.0,45,41.386576
1.0,44,41.437432
0.0,35,41.47783
0.0,32,41.514685
0.0,54,41.576896
0.0,10,41.58849
0.0,14,41.604636
1.0,9,41.615167
1.0,30,41.649833
0.0,100,41.764835
1.0,48,41.819877
1.0,14,41.836154
0.0,25,41.865169
0.0,68,41.943406
1.0,69,42.022853
1.0,62,42.09426
1.0,11,42.10697
1.0,39,42.331503
1.0,54,42.394142
1.0,14,42.410391
1.0,71,42.492118
1.0,28,42.524297
1.0,25,42.553151
0.0,100,42.668155
0.0,6,42.675223
1.0,29,42.708718
0.0,13,42.723765
0.0,56,42.788223
1.0,14,42.804572
1.0,69,42.884133
1.0,86,42.983204
1.0,33,43.021294
1.0,18,43.042075
1.0,43,43.09168
0.0,32,43.128712
1.0,10,43.140342
1.0,41,43.187455
1.0,40,43.233595
0.0,61,43.304033
0.0,32,43.340921
0.0,29,43.374303
1.0,41,43.421544
1.0,32,43.458335
1.0,14,43.474525
0.0,4,43.479295
1.0,44,43.529882
0.0,47,43.584212
1.0,49,43.640759
0.0,92,43.746432
1.0,24,43.77405
0.0,14,43.790318
1.0,28,43.822712
1.0,48,43.878011
1.0,14,43.894213
1.0,9,43.904643
1.0,73,44.04346
1.0,29,44.077211
1.0,24,44.104846
1.0,27,44.136028
0.0,26,44.165906
0.0,42,44.214329
1.0,9,44.373051
1.0,41,44.44638
0.0,43,44.496076
0.0,82,44.590377
1.0,64,44.663892
0.0,100,44.778757
1.0,83,44.874264
0.0,93,44.981301
0.0,70,45.061982
1.0,73,45.146162
0.0,100,45.261173
1.0,18,45.282285
1.0,86,45.381228
1.0,20,45.404387
0.0,21,45.428556
1.0,45,45.48039
0.0,11,45.493068
1.0,47,45.547213
0.0,92,45.652991
0.0,54,45.715141
1.0,32,45.751985
0.0,26,45.781961
0.0,15,45.799306
0.0,100,45.914156
0.0,20,45.937375
1.0,35,45.977597
1.0,19,45.999502
1.0,25,46.028114
1.0,43,46.077776
1.0,19,46.099813
1.0,34,46.138947
1.0,17,46.158585
1.0,16,46.177023
1.0,62,46.24843
1.0,36,46.290049
1.0,57,46.525933
0.0,48,46.580835
0.0,100,46.695883
1.0,83,46.791308
0.0,21,46.815534
1.0,75,46.901869
0.0,21,46.926149
1.0,36,46.967767
1.0,67,47.044819
0.0,56,47.109366
0.0,37,47.152035
0.0,55,47.21544
1.0,25,47.244217
0.0,100,47.359186
1.0,27,47.390448
1.0,73,47.47447
0.0,29,47.507818
0.0,35,47.548115
0.0,77,47.636661
0.0,48,47.692057
0.0,100,47.807022
1.0,97,47.918536
1.0,83,48.01395
1.0,19,48.035915
0.0,55,48.09927
1.0,68,48.177461
0.0,39,48.222439
0.0,63,48.295086
1.0,41,48.342278
0.0,17,48.361908
1.0,12,48.375929
0.0,100,48.665637
1.0,49,48.721892
0.0,6,48.728878
1.0,16,48.747327
1.0,79,48.83809
1.0,46,48.890982
0.0,57,48.956684
0.0,25,48.985431
1.0,46,49.038364
1.0,78,49.128201
1.0,13,49.143311
0.0,18,49.164066
0.0,18,49.184865
1.0,28,49.217237
1.0,53,49.278158
1.0,24,49.305853
1.0,19,49.327803
1.0,37,49.370857
1.0,74,49.456078
1.0,44,49.507066
1.0,33,49.545149
0.0,27,49.57707
1.0,23,49.603781
0.0,100,49.718598
1.0,72,49.801535
1.0,20,49.824647
0.0,22,49.849988
1.0,20,49.873138
1.0,55,49.981225
0.0,59,50.069439
0.0,100,50.187151
0.0,100,50.290924
0.0,100,50.395556
0.0,100,50.499831
1.0,46,50.736328
1.0,21,50.760803
0.0,70,50.831805
0.0,44,50.877915
1.0,37,50.915577
0.0,100,51.017624
1.0,12,51.030485
1.0,32,51.063036
0.0,96,51.162835
1.0,49,51.213143
1.0,24,51.237639
1.0,33,51.271757
1.0,95,51.369275
1.0,12,51.381614
1.0,13,51.395555
0.0,32,51.426872
0.0,38,51.46705
0.0,49,51.517894
0.0,61,51.581935
0.0,13,51.595525
1.0,41,51.638544
1.0,27,51.666597
0.0,5,51.671884
1.0,14,51.687056
0.0,8,51.695629
1.0,28,51.724269
1.0,20,51.745233
1.0,38,51.78487
1.0,100,51.88955
0.0,87,51.979109
1.0,45,52.025956
1.0,22,52.049231
1.0,96,52.150167
1.0,78,52.230599
0.0,17,52.248209
1.0,67,52.317643
1.0,55,52.374936
1.0,35,52.411638
1.0,49,52.462118
1.0,15,52.478557
0.0,44,52.523959
1.0,13,52.537659
0.0,33,52.571742
1.0,17,52.590195
0.0,100,52.884566
1.0,68,52.962746
0.0,100,53.077589
0.0,6,53.084639
1.0,20,53.107702
1.0,8,53.116991
0.0,19,53.139012
0.0,100,53.254005
0.0,36,53.295619
1.0,12,53.309553
1.0,27,53.340477
0.0,62,53.412788
0.0,27,53.444045
0.0,28,53.476296
0.0,19,53.498176
0.0,100,53.613145
1.0,20,53.636358
1.0,22,53.661685
0.0,32,53.698611
1.0,22,53.724121
0.0,82,53.818508
1.0,14,53.834699
1.0,80,53.926969
1.0,16,53.945506
1.0,20,53.968608
1.0,54,54.030835
1.0,83,54.126493
1.0,47,54.180747
1.0,52,54.240755
1.0,45,54.292708
1.0,27,54.323841
1.0,44,54.374923
0.0,47,54.429131
1.0,27,54.460364
0.0,65,54.535107
1.0,43,54.584605
1.0,90,54.688197
0.0,9,54.698711
1.0,26,54.852585
1.0,36,54.944817
0.0,100,55.060151
0.0,68,55.138707
1.0,93,55.245777
1.0,48,55.301149
0.0,11,55.313939
0.0,26,55.34395
0.0,71,55.425519
0.0,84,55.521984
1.0,27,55.553262
0.0,14,55.569509
0.0,20,55.592606
0.0,100,55.707597
0.0,21,55.731838
1.0,93,55.838989
1.0,18,55.859766
1.0,20,55.88292
1.0,32,55.919733
0.0,64,56.006009
0.0,10,56.022746
0.0,100,56.17615
0.0,12,56.195873
1.0,52,56.274685
0.0,52,56.357275
0.0,41,56.419926
1.0,18,56.447017
1.0,21,56.48095
1.0,11,56.499424
1.0,67,56.605082
1.0,15,56.627498
0.0,15,56.649792
0.0,90,56.764582
1.0,17,56.784494
1.0,52,57.021715
0.0,33,57.058675
1.0,13,57.07358
1.0,64,57.146858
1.0,24,57.174524
0.0,4,57.179208
0.0,30,57.2137
1.0,29,57.247123
0.0,5,57.253086
1.0,26,57.283115
0.0,11,57.295869
1.0,23,57.322364
0.0,21,57.346443
1.0,15,57.363828
0.0,25,57.392668
0.0,39,57.437631
1.0,23,57.464266
1.0,42,57.51249
0.0,9,57.522995
1.0,20,57.546111
1.0,32,57.583063
0.0,12,57.596984
0.0,85,57.694602
1.0,14,57.710902
0.0,11,57.723667
0.0,57,57.789505
1.0,10,57.801054
1.0,13,57.816186
1.0,8,57.825521
0.0,100,57.940499
1.0,21,57.964732
0.0,8,57.974132
0.0,21,57.998437
0.0,100,58.113317
0.0,36,58.154899
0.0,100,58.269985
1.0,23,58.296651
0.0,20,58.319738
1.0,66,58.39574
0.0,10,58.407289
1.0,9,58.417768
1.0,29,58.450984
1.0,25,58.479807
0.0,42,58.528197
0.0,20,58.551389
0.0,42,58.599671
1.0,15,58.61704
1.0,34,58.656255
0.0,100,58.771428
1.0,59,58.83918
0.0,31,58.874884
1.0,19,58.897046
1.0,32,59.111779
1.0,41,59.158225
1.0,79,59.248867
0.0,59,59.316682
0.0,9,59.327092
1.0,24,59.354859
0.0,33,59.39278
1.0,24,59.420466
1.0,27,59.451634
1.0,36,59.493356
1.0,64,59.566981
1.0,80,59.659238
1.0,12,59.673201
1.0,27,59.704378
1.0,16,59.722891
0.0,53,59.784121
0.0,25,59.812984
1.0,32,59.849913
1.0,43,59.899544
1.0,32,59.936539
1.0,17,59.956194
0.0,74,60.04155
1.0,37,60.084203
0.0,11,60.097075
0.0,83,60.192232
0.0,57,60.258078
0.0,100,60.373358
1.0,31,60.409146
0.0,57,60.474708
1.0,77,60.56345
1.0,39,60.608687
1.0,35,60.648991
0.0,72,60.73193
0.0,50,60.789341
0.0,100,60.904293
0.0,39,60.949357
1.0,51,61.008087
0.0,100,61.297528
0.0,91,61.402505
0.0,21,61.426834
0.0,15,61.444019
0.0,36,61.485504
0.0,40,61.531672
0.0,100,61.647069
1.0,51,61.705857
1.0,25,61.734747
0.0,100,61.849983
0.0,100,61.965303
1.0,64,62.039017
0.0,73,62.123128
0.0,22,62.148661
0.0,14,62.164877
1.0,32,62.201793
1.0,48,62.257218
0.0,35,62.297713
0.0,53,62.358775
1.0,41,62.421422
0.0,100,62.581366
0.0,84,62.709765
1.0,53,62.770264
1.0,18,62.78915
0.0,31,62.821441
1.0,15,62.837748
1.0,63,62.90506
0.0,45,62.951732
1.0,81,63.036527
0.0,51,63.090182
1.0,74,63.362447
1.0,15,63.379194
0.0,17,63.396495
0.0,25,63.421278
1.0,47,63.469461
1.0,36,63.506457
1.0,36,63.543621
1.0,50,63.595299
0.0,22,63.618026
1.0,32,63.652044
1.0,56,63.711134
1.0,38,63.750794
1.0,9,63.76063
0.0,25,63.787558
0.0,9,63.797053
1.0,21,63.818683
1.0,42,63.862046
1.0,52,63.914706
1.0,24,63.939506
0.0,50,63.990279
1.0,82,64.074563
1.0,26,64.101639
1.0,13,64.115151
1.0,48,64.164501
0.0,18,64.183441
1.0,35,64.219091
0.0,15,64.23468
0.0,73,64.310905
1.0,24,64.335931
0.0,62,64.400065
1.0,20,64.419756
1.0,13,64.433614
0.0,22,64.456795
0.0,35,64.493682
1.0,9,64.502756
1.0,67,64.572365
1.0,17,64.590566
1.0,20,64.611418
1.0,14,64.62646
1.0,36,64.664364
1.0,29,64.694871
1.0,18,64.713662
0.0,26,64.74043
1.0,26,64.767731
0.0,8,64.775931
1.0,39,64.816726
1.0,44,64.862811
1.0,16,64.879377
1.0,33,64.913906
0.0,41,64.95722
1.0,37,64.994521
0.0,18,65.014066
1.0,22,65.037718
1.0,25,65.062784
0.0,77,65.144365
0.0,100,65.428079
1.0,20,65.451186
1.0,20,65.474361
1.0,82,65.568932
1.0,27,65.600182
0.0,26,65.630306
1.0,12,65.644226
1.0,18,65.664954
1.0,12,65.678862
1.0,51,65.737565
1.0,27,65.768706
1.0,56,65.833081
1.0,58,65.899858
1.0,13,65.915003
1.0,68,65.993203
0.0,100,66.108119
0.0,6,66.115164
1.0,18,66.135929
1.0,47,66.190052
0.0,92,66.296064
1.0,33,66.334166
0.0,18,66.35496
0.0,21,66.379324
1.0,11,66.392016
1.0,43,66.441485
0.0,100,66.556847
1.0,31,66.592513
1.0,89,66.694854
1.0,59,66.762739
0.0,67,66.839961
0.0,10,66.851532
1.0,37,66.894128
1.0,15,66.911557
1.0,15,66.928906
0.0,47,66.983024
1.0,14,66.999222
1.0,13,67.014184
0.0,48,67.069338
0.0,5,67.075157
0.0,79,67.165967
1.0,19,67.18799
0.0,4,67.192672
1.0,53,67.25355
0.0,34,67.292633
0.0,75,67.576597
0.0,23,67.61879
0.0,17,67.642912
1.0,12,67.66148
0.0,5,67.669239
1.0,13,67.688917
1.0,56,67.774202
0.0,18,67.79645
1.0,67,67.873408
0.0,32,67.910333
1.0,46,67.963482
1.0,35,68.003801
1.0,19,68.025677
0.0,44,68.076258
1.0,33,68.114307
1.0,30,68.149217
0.0,18,68.169833
0.0,16,68.188347
1.0,67,68.265482
1.0,46,68.318605
1.0,14,68.334756
0.0,29,68.367993
1.0,9,68.3783
1.0,39,68.422977
1.0,20,68.446109
0.0,6,68.453156
1.0,6,68.460134
1.0,31,68.495826
0.0,100,68.610865
1.0,44,68.661451
1.0,19,68.683398
1.0,24,68.711036
1.0,50,68.768738
1.0,20,68.791795
1.0,16,68.810292
0.0,11,68.823007
0.0,8,68.832365
1.0,65,68.907068
1.0,34,68.94601
0.0,20,68.969012
1.0,43,69.018378
0.0,48,69.073514
0.0,31,69.109253
0.0,82,69.203751
1.0,41,69.251018
1.0,55,69.314659
1.0,56,69.379223
0.0,43,69.503059
1.0,22,69.629804
0.0,52,69.689529
1.0,19,69.711433
0.0,12,69.725213
0.0,100,69.840109
0.0,100,69.954874
0.0,31,69.990628
0.0,92,70.09666
1.0,11,70.109382
0.0,14,70.125715
0.0,79,70.216608
0.0,12,70.230539
1.0,64,70.304178
1.0,95,70.413346
1.0,18,70.434184
1.0,32,70.471073
0.0,100,70.585843
0.0,31,70.621627
0.0,29,70.655126
1.0,30,70.689669
1.0,69,70.769275
1.0,13,70.784312
0.0,14,70.800486
1.0,43,70.850303
1.0,22,70.875594
0.0,100,70.990713
1.0,78,71.080395
1.0,43,71.153296
1.0,73,71.269354
1.0,38,71.327893
0.0,15,71.351021
0.0,100,71.484653
0.0,100,71.774614
0.0,24,71.802285
0.0,50,71.859983
1.0,46,71.912945
0.0,10,71.9246
1.0,15,71.941931
0.0,6,71.948881
0.0,60,72.018057
1.0,38,72.061814
0.0,100,72.176873
1.0,16,72.195352
0.0,59,72.26331
1.0,47,72.317451
0.0,53,72.37852
0.0,46,72.431595
0.0,100,72.546641
0.0,26,72.576742
0.0,37,72.619411
1.0,30,72.654002
1.0,21,72.678354
1.0,20,72.701462
1.0,73,72.785664
0.0,4,72.790334
0.0,100,72.90538
1.0,54,72.967671
1.0,16,72.986221
1.0,33,73.0242
0.0,37,73.066885
1.0,25,73.095621
1.0,25,73.124544
0.0,9,73.13495
0.0,100,73.250524
1.0,60,73.31969
0.0,23,73.346268
1.0,52,73.406726
0.0,100,73.521945
1.0,30,73.556763
1.0,25,73.585721
1.0,29,73.619154
1.0,17,73.820492
0.0,19,73.841327
0.0,50,73.898854
0.0,19,73.920741
0.0,100,74.035767
1.0,93,74.14274
1.0,46,74.195796
0.0,38,74.239645
0.0,100,74.354761
0.0,74,74.440001
0.0,91,74.544364
0.0,100,74.659525
0.0,100,74.774546
1.0,38,74.81843
1.0,41,74.865598
0.0,75,74.951943
1.0,31,74.987609
1.0,63,75.060291
0.0,100,75.175505
0.0,100,75.290488
1.0,81,75.383591
0.0,59,75.451645
0.0,34,75.49093
0.0,77,75.579621
1.0,50,75.637355
1.0,53,75.698437
0.0,13,75.713485
1.0,52,75.949831
0.0,100,76.064647
1.0,30,76.099232
1.0,67,76.176406
1.0,57,76.24184
1.0,32,76.278809
1.0,67,76.35607
1.0,24,76.383989
1.0,40,76.430074
1.0,11,76.442958
1.0,32,76.479709
0.0,17,76.499346
1.0,33,76.537435
1.0,82,76.631995
1.0,30,76.666574
1.0,28,76.699384
0.0,18,76.720255
1.0,29,76.754681
0.0,100,76.871044
1.0,42,76.91958
1.0,39,76.964702
1.0,31,77.000664
1.0,68,77.079215
1.0,20,77.102206
0.0,38,77.146303
1.0,38,77.190197
0.0,67,77.267508
0.0,78,77.35764
1.0,71,77.439342
0.0,100,77.555029
0.0,23,77.581691
0.0,19,77.603692
1.0,26,77.634046
0.0,17,77.653697
1.0,20,77.676949
1.0,33,77.715387
1.0,76,77.804002
0.0,13,77.819015
0.0,100,78.105932
1.0,26,78.136038
1.0,10,78.14758
1.0,48,78.20291
0.0,40,78.248926
1.0,33,78.287063
0.0,8,78.296906
1.0,41,78.345217
1.0,46,78.402983
0.0,85,78.501139
0.0,53,78.562306
1.0,24,78.590115
0.0,19,78.612131
1.0,15,78.629513
1.0,14,78.645684
1.0,34,78.6847
1.0,21,78.708924
1.0,9,78.719572
1.0,63,78.791869
0.0,100,78.907036
1.0,13,78.922191
0.0,100,79.037118
0.0,4,79.041809
0.0,67,79.118807
0.0,100,79.233634
1.0,42,79.282141
1.0,85,79.379975
0.0,41,79.42706
1.0,17,79.446733
1.0,37,79.489363
0.0,100,79.604542
0.0,97,79.716261
1.0,33,79.754182
1.0,77,79.843057
1.0,10,79.854621
0.0,100,80.137767
0.0,19,80.159646
0.0,38,80.203493
1.0,18,80.224231
1.0,39,80.269062
0.0,30,80.303717
0.0,55,80.367545
0.0,68,80.445831
0.0,100,80.611937
0.0,17,80.637898
0.0,52,80.714447
0.0,71,80.787364
0.0,100,80.887744
1.0,67,80.965078
0.0,5,80.971443
1.0,26,81.000593
1.0,38,81.043531
0.0,5,81.049436
1.0,57,81.10946
0.0,23,81.133631
1.0,16,81.150725
0.0,44,81.196136
0.0,14,81.210707
0.0,35,81.247217
1.0,36,81.284556
1.0,47,81.331494
1.0,15,81.347245
0.0,55,81.403569
1.0,79,81.486622
1.0,35,81.52272
1.0,69,81.595135
1.0,11,81.607328
1.0,14,81.621382
0.0,26,81.654436
1.0,76,81.748007
1.0,28,81.783387
0.0,54,81.841492
1.0,10,81.85215
0.0,11,81.864171
1.0,19,81.883545
0.0,70,81.956151
0.0,23,81.980711
0.0,62,82.236766
0.0,57,82.301937
1.0,12,82.316274
0.0,41,82.367094
1.0,33,82.406276
0.0,50,82.466802
1.0,28,82.50209
1.0,33,82.543012
1.0,48,82.603811
1.0,24,82.633816
0.0,100,82.757127
0.0,49,82.806616
1.0,52,82.860701
0.0,100,82.964818
1.0,31,82.99783
1.0,43,83.042366
0.0,17,83.059809
1.0,92,83.155154
1.0,60,83.215497
1.0,42,83.258029
1.0,30,83.289599
0.0,23,83.313593
1.0,10,83.324331
0.0,51,83.375533
1.0,17,83.393435
1.0,88,83.484226
1.0,12,83.497324
0.0,24,83.522938
1.0,21,83.544281
1.0,83,83.633559
0.0,42,83.683601
0.0,100,83.804568
0.0,17,83.826004
0.0,69,83.910771
0.0,18,83.933221
1.0,87,84.03804
0.0,4,84.042769
1.0,41,84.093647
1.0,74,84.370613
1.0,40,84.412353
1.0,86,84.4998
1.0,44,84.545438
0.0,29,84.574313
1.0,22,84.597204
0.0,60,84.657283
1.0,30,84.688967
1.0,22,84.712296
0.0,100,84.816695
0.0,11,84.828215
0.0,24,84.853602
0.0,52,84.907273
1.0,44,84.95253
1.0,45,84.999319
1.0,37,85.038723
0.0,100,85.142284
1.0,72,85.217331
1.0,12,85.230142
1.0,28,85.260056
1.0,24,85.288011
0.0,19,85.31094
1.0,51,85.371764
1.0,25,85.40359
0.0,100,85.514144
1.0,14,85.528956
0.0,56,85.588061
1.0,35,85.624977
1.0,68,85.699521
0.0,22,85.722511
0.0,24,85.748643
1.0,19,85.768697
1.0,21,85.790859
1.0,32,85.82531
1.0,27,85.855137
0.0,17,85.874345
1.0,9,85.884129
1.0,18,85.90424
1.0,33,85.940722
1.0,34,85.978139
1.0,11,85.990448
1.0,47,86.042298
0.0,64,86.116149
1.0,49,86.174203
0.0,61,86.434577
1.0,20,86.456082
1.0,18,86.477883
1.0,27,86.511118
1.0,27,86.54379
1.0,10,86.555437
0.0,100,86.68112
1.0,11,86.694892
0.0,11,86.708689
1.0,28,86.742353
1.0,27,86.775322
1.0,46,86.825935
0.0,95,86.923042
0.0,100,87.026279
0.0,23,87.050558
0.0,98,87.152627
1.0,10,87.162901
1.0,43,87.206221
1.0,36,87.243216
0.0,100,87.346591
0.0,30,87.377458
0.0,7,87.384517
1.0,27,87.413055
1.0,43,87.457056
1.0,89,87.549388
0.0,21,87.571742
1.0,24,87.596445
0.0,56,87.654555
0.0,98,87.756552
0.0,100,87.859473
1.0,28,87.88861
1.0,52,87.941816
1.0,64,88.007287
0.0,17,88.024185
0.0,36,88.062001
0.0,88,88.154063
0.0,63,88.256984
0.0,76,88.425422
1.0,52,88.50026
0.0,34,88.540976
1.0,48,88.593923
0.0,100,88.703698
0.0,16,88.721621
0.0,100,88.83058
1.0,9,88.840411
0.0,34,88.876138
0.0,11,88.888522
0.0,100,88.996049
0.0,51,89.051226
0.0,100,89.159637
0.0,100,89.297159
0.0,45,89.345089
1.0,52,89.399498
0.0,100,89.508123
1.0,37,89.548641
0.0,8,89.557729
0.0,29,89.590019
0.0,17,89.608516
1.0,20,89.630737
0.0,32,89.666217
1.0,40,89.710027
0.0,85,89.833462
0.0,17,89.859372
0.0,100,89.984511
1.0,26,90.011975
1.0,32,90.045659
0.0,9,90.055361
0.0,100,90.164008
0.0,100,90.271802
1.0,36,90.31082
1.0,45,90.359742
0.0,8,90.368628
1.0,8,90.377737
0.0,50,90.500241
1.0,14,90.517424
1.0,19,90.548705
0.0,7,90.558805
0.0,37,90.615412
0.0,100,90.721305
1.0,83,90.811164
0.0,32,90.84566
1.0,65,90.915405
1.0,46,90.964615
0.0,27,90.993718
0.0,100,91.103107
1.0,24,91.129225
1.0,18,91.148566
1.0,24,91.174873
1.0,10,91.185334
1.0,20,91.207205
1.0,51,91.261905
1.0,49,91.315787
1.0,63,91.385164
1.0,10,91.395561
0.0,58,91.45923
1.0,99,91.570772
0.0,46,91.626664
0.0,35,91.668449
1.0,49,91.726975
0.0,9,91.738276
1.0,12,91.753234
1.0,12,91.767386
1.0,58,91.835435
1.0,69,91.919609
0.0,7,91.927851
0.0,47,91.985393
1.0,71,92.073697
1.0,30,92.109078
1.0,12,92.120562
1.0,7,92.127783
1.0,40,92.170207
1.0,32,92.20398
1.0,23,92.228148
0.0,7,92.235847
1.0,29,92.266075
0.0,33,92.30041
1.0,7,92.307875
0.0,22,92.330841
0.0,60,92.390685
0.0,100,92.493996
1.0,19,92.513966
0.0,63,92.769552
0.0,24,92.794562
0.0,100,92.896412
0.0,76,92.97525
0.0,7,92.982735
0.0,34,93.017859
1.0,20,93.038962
0.0,21,93.060743
0.0,68,93.132062
0.0,100,93.233835
1.0,18,93.252563
1.0,90,93.346087
1.0,48,93.397027
1.0,23,93.421525
0.0,100,93.525548
0.0,55,93.583187
1.0,38,93.621474
1.0,28,93.651575
0.0,16,93.670612
1.0,23,93.697706
1.0,39,93.747025
1.0,29,93.782826
1.0,10,93.795056
0.0,100,93.91597
0.0,29,93.953263
1.0,40,94.004511
0.0,31,94.041767
0.0,17,94.06281
1.0,58,94.133688
0.0,35,94.173044
0.0,100,94.279509
1.0,17,94.298275
0.0,7,94.305962
1.0,39,94.348304
1.0,13,94.362614
0.0,85,94.454342
1.0,20,94.475749
1.0,66,94.547141
0.0,19,94.568286
0.0,25,94.596193
1.0,39,94.829858
1.0,37,94.872005
1.0,49,94.929883
0.0,22,94.953758
1.0,39,94.992931
1.0,11,95.004479
1.0,10,95.01499
1.0,41,95.058128
1.0,28,95.087425
1.0,88,95.177989
1.0,28,95.207999
0.0,100,95.31215
1.0,9,95.321672
1.0,75,95.399787
1.0,16,95.416673
0.0,19,95.436742
0.0,12,95.449366
0.0,39,95.489905
0.0,100,95.593186
0.0,100,95.695792
0.0,20,95.716793
0.0,100,95.819294
0.0,35,95.855656
1.0,27,95.883282
0.0,100,95.985164
1.0,77,96.064909
1.0,44,96.110004
0.0,100,96.211881
0.0,100,96.315439
0.0,100,96.419941
0.0,57,96.480217
1.0,55,96.537827
0.0,40,96.580002
1.0,31,96.615936
1.0,77,96.708857
1.0,30,96.935849
1.0,24,96.963014
0.0,81,97.063232
1.0,19,97.087033
1.0,43,97.1396
0.0,100,97.259638
1.0,22,97.287507
1.0,13,97.304294
0.0,38,97.350496
0.0,100,97.47308
0.0,22,97.500906
1.0,23,97.528002
0.0,45,97.583088
1.0,27,97.616305
1.0,87,97.72066
1.0,32,97.761484
1.0,44,97.815946
0.0,16,97.835796
1.0,42,97.887442
0.0,35,97.930601
1.0,47,97.980291
0.0,30,98.010982
1.0,28,98.040737
0.0,100,98.148644
0.0,18,98.16876
0.0,22,98.19582
1.0,25,98.224601
1.0,21,98.250079
1.0,16,98.269112
1.0,75,98.361569
0.0,54,98.425963
1.0,37,98.468279
0.0,100,98.570693
0.0,5,98.576176
0.0,100,98.678879
0.0,45,98.726269
1.0,6,98.732926
1.0,27,98.760453
1.0,77,99.033732
0.0,12,99.045276
1.0,47,99.092171
1.0,29,99.122645
0.0,100,99.227763
1.0,10,99.237908
0.0,56,99.295906
0.0,53,99.351159
1.0,47,99.399729
1.0,13,99.413018
0.0,12,99.425543
0.0,30,99.457446
0.0,62,99.521623
0.0,100,99.624343
0.0,83,99.710019
1.0,12,99.722817
1.0,37,99.760602
0.0,53,99.814644
1.0,72,99.890676
0.0,100,99.994603
1.0,18,100.013084
1.0,40,100.054435
0.0,9,100.063536
1.0,23,100.087672
0.0,43,100.132461
0.0,33,100.16651
0.0,59,100.228906
1.0,68,100.319835
0.0,39,100.375626
1.0,49,100.442937
1.0,62,100.520626
1.0,29,100.550721
1.0,71,100.625017
0.0,24,100.650048
0.0,26,100.677918
1.0,55,100.735659
0.0,83,100.822491
1.0,39,100.863453
1.0,59,100.924555
1.0,29,101.140352
0.0,77,101.228395
0.0,9,101.238795
0.0,100,101.353804
1.0,29,101.387281
1.0,25,101.416131
1.0,57,101.503552
1.0,43,101.579711
1.0,48,101.638363
1.0,16,101.657289
1.0,18,101.67806
0.0,32,101.717418
0.0,100,101.832656
0.0,25,101.861675
0.0,56,101.926198
0.0,6,101.933216
0.0,100,102.048708
0.0,54,102.110771
0.0,17,102.130466
1.0,35,102.170907
1.0,8,102.180203
0.0,70,102.260792
1.0,27,102.292021
1.0,28,102.324218
1.0,44,102.374913
0.0,39,102.41995
0.0,15,102.437318
1.0,55,102.500611
0.0,37,102.543378
1.0,29,102.576879
1.0,77,102.665763
0.0,14,102.68202
1.0,31,102.717818
0.0,48,102.773146
1.0,14,102.789509
0.0,30,102.823954
0.0,87,102.924446
0.0,14,102.940741
1.0,48,102.995895
0.0,25,103.024745
1.0,70,103.28318
0.0,100,103.398574
1.0,40,103.444759
0.0,8,103.454193
1.0,63,103.526762
0.0,28,103.558986
1.0,23,103.585738
0.0,100,103.700738
0.0,100,103.81576
0.0,74,103.901167
1.0,81,103.994549
1.0,11,104.007408
1.0,13,104.022444
0.0,25,104.051273
0.0,5,104.057082
1.0,16,104.075388
1.0,41,104.122576
0.0,55,104.185951
0.0,44,104.236625
1.0,12,104.250503
1.0,55,104.313854
1.0,19,104.335798
0.0,6,104.342772
1.0,10,104.354326
0.0,100,104.469505
1.0,82,104.563852
1.0,66,104.639779
1.0,37,104.682458
1.0,22,104.707825
0.0,56,104.772365
1.0,13,104.787522
1.0,78,104.877212
1.0,28,104.909369
1.0,47,104.963542
1.0,34,105.00266
0.0,100,105.117793
1.0,70,105.371157
1.0,56,105.435298
1.0,42,105.483534
1.0,14,105.499869
1.0,24,105.527479
1.0,10,105.538999
0.0,32,105.575905
1.0,16,105.594394
0.0,100,105.709906
1.0,58,105.776862
0.0,50,105.834467
0.0,23,105.861217
0.0,24,105.888979
0.0,100,106.003966
0.0,89,106.132802
0.0,12,106.152659
1.0,21,106.19177
1.0,69,106.277252
0.0,52,106.337042
0.0,19,106.35905
1.0,11,106.371823
1.0,55,106.435321
1.0,94,106.543407
1.0,19,106.565425
0.0,31,106.601192
1.0,34,106.640397
0.0,20,106.663483
0.0,100,106.778809
1.0,61,106.849029
1.0,25,106.877964
1.0,39,106.922932
1.0,30,106.957433
1.0,43,107.007215
0.0,13,107.022308
0.0,100,107.137579
1.0,69,107.217019
1.0,48,107.448812
1.0,93,107.555764
0.0,14,107.572062
1.0,33,107.610155
0.0,27,107.641296
1.0,49,107.697638
1.0,41,107.744975
0.0,95,107.854427
1.0,22,107.879904
0.0,11,107.892675
1.0,32,107.929582
1.0,45,107.981296
0.0,70,108.061689
1.0,25,108.090535
1.0,41,108.13778
0.0,42,108.186084
1.0,23,108.212643
1.0,18,108.233414
1.0,14,108.249587
1.0,54,108.312067
0.0,100,108.427263
1.0,32,108.464045
0.0,100,108.579283
0.0,84,108.67581
0.0,22,108.701264
1.0,16,108.719752
0.0,100,108.834817
1.0,6,108.841892
0.0,73,108.925808
0.0,32,108.962662
1.0,76,109.050336
1.0,23,109.076869
1.0,21,109.101157
1.0,15,109.118453
0.0,28,109.150674
1.0,17,109.170346
0.0,100,109.285361
1.0,91,109.568363
0.0,41,109.615622
0.0,23,109.642023
0.0,77,109.730523
0.0,18,109.751287
1.0,18,109.772067
0.0,57,109.837607
0.0,100,109.952748
1.0,20,109.975928
1.0,19,109.997872
0.0,69,110.077156
1.0,13,110.092294
1.0,37,110.134899
0.0,39,110.179844
1.0,52,110.239853
1.0,27,110.270896
0.0,41,110.318215
0.0,100,110.433233
1.0,37,110.475917
0.0,11,110.488655
0.0,86,110.587753
1.0,51,110.646362
1.0,72,110.729488
0.0,100,110.844612
1.0,50,110.902158
0.0,90,111.005721
1.0,40,111.051794
0.0,23,111.078306
1.0,81,111.171481
0.0,100,111.286494
1.0,39,111.33136
0.0,68,111.410187
1.0,23,111.441399
0.0,100,111.725799
0.0,100,111.840857
1.0,14,111.857256
0.0,62,111.928357
1.0,41,111.975408
1.0,16,111.994006
0.0,51,112.052713
1.0,49,112.109057
0.0,14,112.125346
0.0,23,112.151912
1.0,37,112.194496
0.0,78,112.284389
0.0,6,112.291451
1.0,23,112.317903
1.0,27,112.34869
1.0,16,112.367145
1.0,79,112.45793
1.0,27,112.489188
1.0,92,112.594963
0.0,100,112.710189
0.0,7,112.718408
1.0,38,112.762263
1.0,27,112.793233
1.0,60,112.862147
1.0,19,112.88409
0.0,100,112.998891
1.0,20,113.021947
0.0,7,113.030161
0.0,16,113.048641
1.0,29,113.082026
0.0,22,113.107345
1.0,78,113.196981
1.0,22,113.2225
0.0,20,113.245573
1.0,27,113.276613
1.0,37,113.318999
1.0,51,113.377779
1.0,32,113.414635
1.0,74,113.499706
0.0,42,113.663054
0.0,29,113.755693
1.0,34,113.794918
1.0,42,113.843447
0.0,13,113.858374
1.0,61,113.928532
0.0,94,114.036765
0.0,19,114.058833
0.0,100,114.173873
1.0,90,114.277595
1.0,17,114.297253
0.0,56,114.361874
0.0,35,114.402018
1.0,20,114.425065
1.0,32,114.461845
0.0,100,114.576649
0.0,100,114.69163
1.0,19,114.713609
0.0,42,114.76208
1.0,28,114.794451
1.0,79,114.885373
0.0,6,114.892499
1.0,35,114.932679
0.0,90,115.036153
0.0,13,115.051265
0.0,100,115.166476
0.0,100,115.281384
1.0,55,115.344855
1.0,38,115.388741
0.0,78,115.478542
0.0,17,115.498233
0.0,35,115.538503
0.0,26,115.568427
1.0,18,115.589296
1.0,12,115.603275
1.0,33,115.693054
0.0,53,115.878045
1.0,81,115.971201
1.0,33,116.00907
1.0,90,116.112328
0.0,67,116.189258
0.0,11,116.202061
1.0,79,116.292682
1.0,38,116.336428
1.0,57,116.402014
1.0,45,116.453836
0.0,20,116.476782
0.0,21,116.501003
0.0,87,116.601111
0.0,41,116.648479
0.0,54,116.71093
0.0,100,116.826281
0.0,21,116.850533
0.0,47,116.904628
1.0,25,116.93352
0.0,13,116.94838
0.0,61,117.018633
0.0,100,117.133725
1.0,25,117.162606
0.0,92,117.268548
0.0,99,117.382591
0.0,100,117.49791
0.0,18,117.518683
1.0,56,117.583153
1.0,40,117.629249
1.0,58,117.69628
0.0,100,117.985933
0.0,100,118.100987
0.0,12,118.118368
0.0,28,118.147177
1.0,96,118.257362
0.0,43,118.30706
0.0,100,118.422153
0.0,100,118.537372
1.0,85,118.63527
1.0,44,118.685794
1.0,42,118.734187
1.0,32,118.77109
0.0,27,118.802249
0.0,53,118.863175
1.0,87,118.963211
0.0,46,119.016225
0.0,43,119.065742
1.0,69,119.145148
0.0,54,119.207175
1.0,40,119.253246
1.0,20,119.276532
0.0,24,119.304127
1.0,16,119.322694
1.0,63,119.39534
1.0,69,119.474818
1.0,64,119.548245
0.0,73,119.680476
0.0,55,119.745079
0.0,100,120.036326
0.0,100,120.150661
1.0,73,120.234669
1.0,39,120.279341
1.0,30,120.31399
0.0,11,120.326659
0.0,15,120.343959
1.0,32,120.381039
1.0,17,120.400779
0.0,93,120.507802
0.0,8,120.517072
1.0,26,120.547059
0.0,13,120.562149
1.0,11,120.574927
0.0,100,120.692761
1.0,65,120.767531
1.0,75,120.853605
1.0,20,120.876684
1.0,25,120.905556
1.0,21,120.929719
1.0,30,120.964292
1.0,83,121.059881
1.0,42,121.108371
0.0,12,121.122237
0.0,12,121.135942
0.0,71,121.217555
0.0,100,121.333066
0.0,6,121.340143
1.0,21,121.364337
1.0,22,121.389794
1.0,22,121.415213
0.0,31,121.450834
1.0,25,121.479688
0.0,100,121.594726
0.0,10,121.606313
1.0,94,121.714477
0.0,100,121.868733
0.0,100,122.174023
0.0,7,122.182297
1.0,58,122.249004
0.0,92,122.354672
1.0,10,122.366369
0.0,14,122.382603
0.0,100,122.497523
0.0,51,122.556346
0.0,22,122.581654
1.0,22,122.607046
0.0,43,122.65667
0.0,55,122.71998
1.0,51,122.778855
0.0,7,122.787102
1.0,52,122.847044
0.0,30,122.881602
1.0,41,122.928886
0.0,16,122.947398
1.0,19,122.969352
1.0,8,122.978633
1.0,44,123.029077
1.0,52,123.088866
1.0,32,123.125832
1.0,19,123.147667
0.0,30,123.182249
1.0,9,123.192431
1.0,33,123.2305
0.0,61,123.301033
1.0,68,123.379369
1.0,13,123.394377
1.0,40,123.44051
1.0,10,123.452158
1.0,48,123.507234
1.0,11,123.51992
0.0,13,123.534894
1.0,68,123.613146
0.0,12,123.627125
1.0,13,123.642186
0.0,5,123.648019
1.0,8,123.657305
1.0,55,123.720644
0.0,10,123.732431
0.0,34,123.771831
1.0,57,123.837353
1.0,27,123.868473
0.0,15,123.885877
0.0,26,123.915888
1.0,71,123.997679
1.0,9,124.008125
0.0,28,124.040294
1.0,18,124.237041
0.0,10,124.248203
1.0,74,124.333218
1.0,99,124.447342
1.0,27,124.478523
0.0,9,124.489021
1.0,19,124.510894
0.0,24,124.538455
0.0,8,124.54779
0.0,4,124.552478
1.0,15,124.569895
0.0,23,124.596378
0.0,100,124.711447
1.0,27,124.74264
1.0,35,124.782996
1.0,18,124.803783
0.0,13,124.818955
1.0,25,124.847786
1.0,59,124.915863
0.0,5,124.921872
0.0,100,125.037079
1.0,24,125.06479
0.0,7,125.072927
0.0,100,125.187983
0.0,16,125.206499
1.0,43,125.25614
1.0,11,125.268843
1.0,73,125.352844
0.0,100,125.468351
1.0,42,125.516889
1.0,10,125.528589
1.0,15,125.545868
1.0,74,125.631024
1.0,27,125.662051
0.0,31,125.697856
0.0,33,125.735803
0.0,16,125.754201
1.0,42,125.802467
0.0,51,125.861441
0.0,34,125.900525
0.0,23,125.927062
0.0,95,126.036641
1.0,16,126.055221
0.0,100,126.350307
1.0,16,126.368812
1.0,60,126.437904
0.0,39,126.482909
1.0,45,126.534788
1.0,60,126.603967
1.0,20,126.626978
1.0,20,126.650048
1.0,45,126.701649
0.0,100,126.816453
0.0,49,126.872782
1.0,32,126.909609
1.0,21,126.933843
0.0,49,126.990362
0.0,21,127.014589
0.0,23,127.041124
0.0,82,127.135561
0.0,26,127.165522
1.0,22,127.190923
1.0,14,127.207198
1.0,46,127.260212
1.0,30,127.294827
0.0,59,127.362766
1.0,71,127.444682
1.0,55,127.508016
0.0,73,127.592117
1.0,8,127.601382
0.0,12,127.615229
0.0,22,127.640666
1.0,77,127.729079
0.0,6,127.736056
1.0,31,127.771794
0.0,27,127.80284
1.0,53,127.863907
1.0,22,127.889512
1.0,40,127.935522
1.0,44,127.986051
0.0,7,127.99426
0.0,100,128.109316
0.0,24,128.137007
0.0,17,128.156644
0.0,33,128.194588
1.0,34,128.2338
1.0,48,128.45587
1.0,24,128.483677
0.0,25,128.512547
0.0,12,128.526392
1.0,15,128.543725
0.0,5,128.549563
0.0,82,128.643918
0.0,17,128.663679
1.0,16,128.682147
1.0,15,128.699466
0.0,45,128.751205
0.0,100,128.866406
1.0,71,128.948218
1.0,68,129.026639
1.0,33,129.064684
1.0,39,129.109722
1.0,36,129.15121
0.0,43,129.200903
1.0,61,129.27099
1.0,25,129.299909
0.0,49,129.356356
1.0,11,129.369239
1.0,25,129.398135
1.0,28,129.430331
0.0,18,129.45118
1.0,15,129.468514
1.0,16,129.486878
0.0,44,129.537489
0.0,69,129.617064
1.0,18,129.63785
0.0,49,129.694587
0.0,42,129.743032
1.0,38,129.786912
1.0,23,129.8134
1.0,50,129.871129
1.0,24,129.898759
1.0,15,129.916066
0.0,14,129.932337
1.0,31,129.968071
1.0,24,129.995806
1.0,62,130.067194
1.0,10,130.078704
1.0,17,130.098464
1.0,85,130.196042
1.0,13,130.211153
0.0,14,130.227432
1.0,30,130.262027
1.0,29,130.295496
1.0,37,130.338055
1.0,9,130.406297
0.0,7,130.503054
1.0,28,130.564632
0.0,37,130.607289
0.0,26,130.637207
1.0,19,130.659214
1.0,70,130.739555
1.0,46,130.792599
0.0,16,130.811053
0.0,16,130.829491
0.0,48,130.884317
1.0,39,130.951163
1.0,42,131.02575
1.0,10,131.042387
1.0,35,131.082642
1.0,19,131.104599
1.0,27,131.135699
1.0,68,131.213836
1.0,8,131.223146
0.0,8,131.232559
0.0,30,131.267163
1.0,34,131.306469
1.0,22,131.331797
1.0,37,131.374648
0.0,67,131.451893
1.0,27,131.483053
1.0,93,131.590305
0.0,4,131.594985
0.0,25,131.62383
1.0,98,131.736562
1.0,52,131.796402
1.0,10,131.808048
1.0,65,131.922565
1.0,24,131.963145
1.0,16,131.981025
1.0,14,131.997344
0.0,75,132.083596
0.0,24,132.111297
0.0,30,132.145936
1.0,54,132.207883
1.0,50,132.26547
0.0,100,132.380334
1.0,22,132.405707
0.0,13,132.420718
0.0,100,132.712473
1.0,15,132.729815
0.0,56,132.794294
1.0,21,132.818561
0.0,12,132.832427
1.0,38,132.876133
0.0,54,132.938373
1.0,73,133.022703
0.0,25,133.051538
0.0,7,133.059654
1.0,10,133.071295
0.0,59,133.139223
1.0,19,133.161132
1.0,64,133.234973
1.0,16,133.253604
0.0,100,133.369251
1.0,20,133.392486
1.0,16,133.411063
1.0,21,133.435269
0.0,19,133.45721
1.0,34,133.496401
1.0,79,133.587403
0.0,19,133.609389
0.0,28,133.641662
1.0,6,133.64877
1.0,16,133.667238
1.0,31,133.702999
1.0,17,133.722504
1.0,10,133.734076
1.0,72,133.816969
1.0,19,133.838974
1.0,15,133.856291
1.0,21,133.880508
0.0,17,133.900168
0.0,19,133.922129
1.0,29,133.955736
1.0,52,134.015701
1.0,22,134.04104
0.0,48,134.096241
1.0,12,134.110072
0.0,12,134.123977
1.0,41,134.171335
0.0,100,134.28637
0.0,26,134.316375
1.0,37,134.359329
0.0,100,134.474411
0.0,17,134.494075
1.0,57,134.683059
0.0,100,134.844898
1.0,9,134.855493
1.0,37,134.898022
1.0,11,134.910744
0.0,8,134.919896
1.0,35,134.960117
0.0,28,134.992412
0.0,58,135.059023
0.0,18,135.079794
0.0,6,135.086859
0.0,56,135.151445
1.0,47,135.20555
1.0,37,135.248233
0.0,100,135.363393
1.0,94,135.471888
1.0,54,135.53414
1.0,19,135.556045
1.0,80,135.648278
1.0,44,135.698852
0.0,58,135.765726
1.0,54,135.827845
1.0,17,135.847433
1.0,74,135.932832
0.0,9,135.943375
0.0,15,135.960718
1.0,16,135.979243
1.0,94,136.087399
0.0,98,136.200297
0.0,58,136.267066
1.0,98,136.379918
1.0,36,136.421503
1.0,53,136.482358
0.0,75,136.568462
1.0,51,136.627088
0.0,9,136.637609
1.0,34,136.854301
1.0,19,136.876306
1.0,18,136.897041
1.0,15,136.914318
0.0,80,137.006267
0.0,7,137.014462
1.0,41,137.061502
0.0,14,137.07756
1.0,14,137.093776
1.0,25,137.12258
1.0,93,137.229602
0.0,10,137.241027
0.0,71,137.322503
0.0,48,137.377755
0.0,18,137.398505
0.0,54,137.460702
1.0,25,137.489552
1.0,22,137.514921
1.0,98,137.627694
1.0,9,137.638204
1.0,11,137.650923
1.0,22,137.676229
0.0,5,137.682042
1.0,24,137.709715
0.0,6,137.716707
1.0,50,137.774326
0.0,7,137.782566
0.0,100,137.897798
1.0,45,137.949519
0.0,19,137.971477
1.0,30,138.006089
1.0,76,138.12342
1.0,6,138.132626
1.0,22,138.172149
0.0,99,138.292125
0.0,25,138.321297
0.0,100,138.436739
0.0,33,138.474789
1.0,11,138.487389
1.0,49,138.543791
1.0,42,138.592141
0.0,10,138.603809
1.0,32,138.640823
1.0,19,138.662758
1.0,27,138.693902
1.0,29,138.727436
0.0,52,138.963777
0.0,20,138.986766
0.0,7,138.995031
1.0,10,139.006609
1.0,30,139.041078
1.0,89,139.143497
1.0,16,139.162027
1.0,42,139.210395
1.0,40,139.256414
1.0,19,139.278746
0.0,100,139.393969
1.0,25,139.422924
0.0,4,139.427711
0.0,63,139.500424
0.0,6,139.507485
1.0,16,139.525902
1.0,9,139.536488
0.0,51,139.595215
0.0,25,139.623928
0.0,100,139.738802
0.0,43,139.788497
1.0,29,139.821931
0.0,64,139.895713
0.0,41,139.942973
1.0,51,140.001854
0.0,39,140.046817
0.0,15,140.064186
0.0,76,140.15184
1.0,50,140.209613
0.0,13,140.224744
0.0,8,140.233885
1.0,9,140.244774
1.0,20,140.267766
0.0,36,140.309166
0.0,86,140.408267
0.0,64,140.481924
0.0,13,140.497007
1.0,30,140.531581
1.0,61,140.601922
0.0,93,140.708817
0.0,39,140.7538
0.0,100,141.046955
1.0,46,141.099337
0.0,19,141.121199
0.0,20,141.144304
0.0,66,141.22017
0.0,100,141.335377
1.0,26,141.36547
1.0,31,141.401174
0.0,21,141.425455
1.0,16,141.443897
1.0,45,141.496046
0.0,54,141.558137
1.0,21,141.582429
0.0,6,141.589473
1.0,38,141.633291
1.0,19,141.655298
1.0,88,141.756607
0.0,100,141.871885
1.0,68,141.949965
0.0,40,141.996067
0.0,28,142.02846
1.0,72,142.111369
1.0,8,142.120783
0.0,5,142.12654
1.0,28,142.158756
1.0,23,142.185321
0.0,27,142.216429
1.0,58,142.283414
1.0,44,142.334117
1.0,72,142.416926
0.0,40,142.463265
0.0,54,142.525447
0.0,100,142.640575
0.0,23,142.667204
1.0,46,142.720212
1.0,22,142.745533
1.0,96,142.856062
0.0,100,143.139313
1.0,28,143.17104
0.0,11,143.183847
1.0,10,143.195433
1.0,69,143.274765
1.0,47,143.328723
1.0,15,143.346045
1.0,16,143.364544
0.0,91,143.469432
1.0,36,143.510852
0.0,5,143.516677
1.0,33,143.554747
0.0,20,143.57786
1.0,87,143.678396
1.0,31,143.714145
0.0,32,143.751061
0.0,100,143.866193
0.0,51,143.962916
1.0,20,143.991961
0.0,100,144.14149
0.0,20,144.161143
0.0,21,144.183056
0.0,9,144.193021
1.0,32,144.226548
0.0,8,144.234663
1.0,66,144.302546
1.0,42,144.346791
0.0,66,144.413887
0.0,100,144.515583
1.0,54,144.598169
0.0,28,144.641168
0.0,100,144.768187
1.0,6,144.774932
0.0,18,144.793802
1.0,41,144.837396
1.0,9,144.846653
0.0,19,144.867452
1.0,22,144.891618
1.0,10,144.90252
1.0,15,144.918953
1.0,30,144.950443
1.0,28,144.981003
0.0,7,144.988533
1.0,26,145.01697
1.0,85,145.136396
1.0,57,145.219533
1.0,17,145.242673
0.0,8,145.250631
1.0,98,145.355822
1.0,12,145.368636
1.0,35,145.406119
0.0,100,145.513187
0.0,24,145.538764
0.0,46,145.588408
1.0,21,145.611428
0.0,100,145.719798
0.0,40,145.761802
0.0,55,145.821922
0.0,31,145.859634
1.0,58,145.93209
1.0,10,145.94389
0.0,74,146.033738
1.0,89,146.145719
1.0,45,146.201119
0.0,100,146.31354
1.0,29,146.341502
1.0,11,146.352393
0.0,21,146.372764
0.0,29,146.401809
1.0,63,146.467731
1.0,49,146.51824
0.0,100,146.619497
0.0,14,146.634006
0.0,32,146.667338
1.0,20,146.688195
1.0,8,146.695434
1.0,39,146.73628
0.0,100,146.840731
0.0,10,146.851279
0.0,100,146.953359
1.0,61,147.016818
1.0,72,147.090912
0.0,50,147.143463
0.0,17,147.36941
0.0,5,147.373666
1.0,21,147.395744
1.0,32,147.429704
1.0,13,147.442784
1.0,21,147.464867
0.0,21,147.486339
0.0,100,147.58771
1.0,67,147.656311
0.0,40,147.696841
0.0,100,147.80093
0.0,12,147.814092
0.0,99,147.916326
1.0,61,147.980564
1.0,25,148.006325
0.0,7,148.013458
0.0,37,148.052338
0.0,29,148.082704
1.0,81,148.166716
0.0,100,148.271703
0.0,100,148.373603
0.0,45,148.421988
0.0,100,148.526223
1.0,14,148.541287
1.0,65,148.609266
1.0,11,148.620925
1.0,69,148.692074
0.0,5,148.698161
0.0,7,148.70599
1.0,49,148.757248
0.0,39,148.79864
1.0,59,148.866661
0.0,12,148.881148
1.0,50,148.942269
1.0,33,148.983505
1.0,14,149.000211
1.0,22,149.027592
1.0,46,149.0853
0.0,52,149.151211
0.0,25,149.183449
0.0,5,149.189777
1.0,18,149.209304
1.0,25,149.234078
1.0,24,149.449685
0.0,100,149.554458
1.0,41,149.596483
1.0,19,149.616997
1.0,21,149.638752
1.0,8,149.647089
1.0,91,149.742498
1.0,27,149.770863
0.0,12,149.78304
1.0,15,149.798528
1.0,69,149.874615
0.0,20,149.896278
1.0,36,149.935477
0.0,49,149.989251
1.0,22,150.012869
1.0,59,150.076673
1.0,18,150.09694
1.0,22,150.120527
0.0,78,150.205904
1.0,62,150.27424
0.0,26,150.302281
1.0,25,150.330189
0.0,12,150.343159
1.0,28,150.374391
1.0,11,150.386315
0.0,100,150.503119
1.0,51,150.563111
1.0,53,150.628083
1.0,37,150.672508
0.0,31,150.71241
1.0,27,150.745039
1.0,13,150.761135
0.0,78,150.857915
0.0,10,150.869967
0.0,100,150.993955
1.0,85,151.101117
1.0,38,151.149507
1.0,58,151.221085
1.0,94,151.337519
1.0,34,151.525481
1.0,13,151.542543
0.0,100,151.647764
1.0,36,151.685448
1.0,19,151.705651
1.0,22,151.729456
1.0,9,151.739617
1.0,61,151.806056
0.0,44,151.854831
1.0,16,151.871931
1.0,62,151.939465
1.0,15,151.956279
1.0,67,152.029218
0.0,54,152.08815
0.0,32,152.122234
0.0,24,152.147758
0.0,50,152.202441
0.0,34,152.239269
0.0,100,152.346337
1.0,25,152.374242
1.0,98,152.533209
1.0,97,152.648792
0.0,6,152.655862
0.0,86,152.761127
0.0,28,152.796393
0.0,8,152.806706
1.0,96,152.922787
0.0,9,152.932506
1.0,40,152.973258
0.0,13,152.986738
0.0,79,153.067532
1.0,17,153.085514
1.0,81,153.170076
0.0,80,153.252606
0.0,23,153.274473
0.0,18,153.293511
0.0,18,153.311743
1.0,30,153.341892
1.0,76,153.419442
1.0,97,153.713013
1.0,64,153.779025
0.0,60,153.840239
1.0,17,153.858281
0.0,100,153.962245
0.0,100,154.064583
1.0,9,154.074072
0.0,100,154.176871
0.0,96,154.276513
1.0,46,154.324905
0.0,85,154.413357
1.0,20,154.435133
1.0,53,154.490912
1.0,30,154.522954
0.0,6,154.529753
0.0,100,154.632752
0.0,100,154.73704
0.0,52,154.790987
0.0,30,154.822929
0.0,71,154.896922
1.0,93,154.99437
1.0,33,155.028452
1.0,12,155.040955
0.0,49,155.091812
1.0,20,155.112684
0.0,30,155.14414
1.0,61,155.2072
0.0,10,155.217748
1.0,31,155.250128
1.0,13,155.264467
1.0,31,155.29636
1.0,7,155.303823
0.0,15,155.319801
0.0,100,155.423497
1.0,57,155.484248
0.0,12,155.496741
1.0,73,155.763706
0.0,100,155.868855
0.0,11,155.880803
0.0,32,155.913972
1.0,25,155.93957
1.0,11,155.950895
1.0,20,155.972342
0.0,96,156.070501
0.0,100,156.171692
1.0,32,156.203839
1.0,19,156.223928
0.0,19,156.243873
1.0,6,156.250026
0.0,18,156.269661
0.0,35,156.306545
1.0,85,156.393906
0.0,23,156.418959
0.0,19,156.439368
0.0,42,156.482733
1.0,50,156.549292
0.0,80,156.672659
1.0,38,156.713084
1.0,69,156.78484
0.0,100,156.889606
1.0,29,156.918911
0.0,47,156.968682
1.0,37,157.006681
0.0,6,157.013292
1.0,42,157.057627
0.0,19,157.077589
1.0,25,157.103319
1.0,38,157.142617
1.0,24,157.168235
0.0,49,157.219033
0.0,100,157.32297
1.0,13,157.336746
1.0,79,157.418959
1.0,67,157.488523
1.0,57,157.548205
1.0,39,157.589313
1.0,31,157.621919
1.0,54,157.889667
1.0,19,157.909948
0.0,70,157.983423
0.0,58,158.043459
1.0,69,158.112477
0.0,17,158.130142
0.0,21,158.151481
1.0,15,158.167082
1.0,74,158.243335
1.0,25,158.269396
1.0,31,158.302466
0.0,46,158.350527
1.0,31,158.382841
0.0,100,158.486857
1.0,23,158.511225
0.0,20,158.531732
1.0,9,158.541591
1.0,23,158.566652
0.0,100,158.688885
1.0,94,158.806794
1.0,27,158.838785
1.0,27,158.871386
0.0,22,158.898189
1.0,54,158.964874
1.0,97,159.068557
1.0,40,159.110391
0.0,13,159.123281
1.0,30,159.155432
1.0,75,159.231827
1.0,32,159.264476
1.0,45,159.3135
0.0,19,159.333118
1.0,54,159.389673
1.0,55,159.445827
0.0,100,159.546487
0.0,58,159.607604
0.0,69,159.677841
0.0,42,159.721702
1.0,84,160.004174
0.0,10,160.014829
0.0,8,160.02385
1.0,15,160.038404
1.0,47,160.087654
1.0,30,160.118584
0.0,64,160.184988
0.0,25,160.210513
0.0,100,160.313696
0.0,32,160.345498
1.0,16,160.362484
1.0,13,160.37601
1.0,32,160.408597
0.0,63,160.474558
0.0,7,160.481935
1.0,76,160.561684
1.0,17,160.579798
0.0,82,160.665583
1.0,17,160.683904
1.0,27,160.712587
1.0,23,160.736729
1.0,35,160.772706
1.0,10,160.78268
1.0,14,160.797333
1.0,16,160.813596
1.0,21,160.835938
0.0,100,160.939486
0.0,100,161.043808
0.0,100,161.147374
0.0,8,161.156092
1.0,43,161.200888
0.0,13,161.214445
0.0,41,161.255946
1.0,57,161.316668
1.0,81,161.40064
1.0,20,161.421826
0.0,8,161.430342
1.0,14,161.44534
0.0,59,161.507509
1.0,38,161.546366
0.0,50,161.599091
0.0,9,161.608931
0.0,100,161.726525
1.0,23,161.754457
1.0,42,161.808234
1.0,53,162.057575
1.0,25,162.086106
1.0,13,162.102115
0.0,38,162.149115
0.0,11,162.162668
1.0,46,162.219537
0.0,36,162.263151
1.0,97,162.382156
1.0,43,162.435105
1.0,27,162.469949
0.0,52,162.529746
1.0,60,162.590658
0.0,37,162.625646
0.0,23,162.649728
1.0,41,162.691863
1.0,90,162.787439
1.0,26,162.816078
0.0,44,162.87101
1.0,11,162.884233
1.0,27,162.916243
1.0,22,162.943159
0.0,100,163.04897
1.0,9,163.058951
1.0,31,163.093199
0.0,12,163.106585
1.0,59,163.170755
1.0,54,163.228898
1.0,36,163.269103
1.0,17,163.287402
1.0,61,163.355576
1.0,10,163.36414
1.0,78,163.445296
1.0,18,163.464382
1.0,23,163.488139
1.0,73,163.564738
1.0,27,163.595614
0.0,62,163.671375
1.0,47,163.729334
1.0,19,163.752511
1.0,63,163.829952
1.0,22,163.854296
0.0,15,163.870637
1.0,21,163.892534
1.0,36,163.929524
1.0,71,164.178637
1.0,21,164.202851
0.0,38,164.246468
1.0,53,164.307321
1.0,20,164.330508
1.0,15,164.34783
1.0,36,164.389519
0.0,96,164.500222
0.0,58,164.567136
0.0,100,164.682193
1.0,20,164.705281
1.0,21,164.729597
0.0,91,164.834407
1.0,42,164.883028
0.0,47,164.937179
1.0,60,165.006321
0.0,25,165.034899
0.0,12,165.048777
1.0,37,165.09152
1.0,21,165.115746
1.0,45,165.16767
1.0,13,165.182807
1.0,70,165.263332
0.0,100,165.378434
0.0,17,165.398336
1.0,10,165.409888
1.0,52,165.469845
1.0,22,165.495227
1.0,16,165.513766
0.0,54,165.575868
1.0,46,165.628668
0.0,9,165.639226
1.0,77,165.728024
0.0,35,165.768447
1.0,39,165.813454
0.0,26,165.843569
1.0,33,165.881636
1.0,36,165.923355
1.0,38,165.967049
1.0,50,166.02435
1.0,14,166.040673
1.0,21,166.214328
1.0,28,166.272588
1.0,44,166.323209
1.0,22,166.348509
0.0,61,166.418406
1.0,32,166.455271
0.0,30,166.48981
1.0,32,166.526735
1.0,17,166.546485
1.0,17,166.566056
0.0,46,166.619173
1.0,66,166.695217
0.0,57,166.760877
1.0,38,166.804725
1.0,12,166.818647
0.0,35,166.859002
1.0,29,166.892402
1.0,16,166.910905
1.0,57,166.976594
0.0,28,167.009213
1.0,51,167.068016
1.0,40,167.113987
0.0,62,167.185475
1.0,8,167.194739
1.0,41,167.241775
1.0,11,167.254469
1.0,39,167.299266
1.0,28,167.33135
1.0,20,167.354429
1.0,21,167.378842
0.0,43,167.428423
0.0,100,167.543517
0.0,32,167.580411
1.0,31,167.616175
0.0,34,167.655285
0.0,14,167.671555
0.0,100,167.786567
0.0,72,167.869586
0.0,100,168.018728
0.0,100,168.347595
0.0,34,168.386467
0.0,17,168.406296
1.0,53,168.467049
1.0,7,168.475216
1.0,22,168.500589
1.0,16,168.519226
1.0,24,168.546929
1.0,13,168.561953
1.0,22,168.587383
0.0,7,168.595525
1.0,63,168.66843
0.0,18,168.689511
1.0,30,168.724132
1.0,26,168.754181
1.0,23,168.780756
0.0,21,168.805107
1.0,33,168.843189
0.0,96,168.953775
0.0,15,168.9713
0.0,99,169.085353
1.0,51,169.144164
1.0,16,169.162808
0.0,17,169.182431
1.0,45,169.23434
1.0,20,169.257447
1.0,10,169.269234
1.0,47,169.323476
1.0,29,169.356769
0.0,5,169.362607
1.0,37,169.405321
0.0,50,169.462826
0.0,16,169.481311
0.0,11,169.494204
0.0,9,169.505082
1.0,9,169.51615
0.0,9,169.526641
0.0,34,169.565835
1.0,42,169.614292
1.0,15,169.631816
1.0,46,169.6848
0.0,53,169.745885
1.0,8,169.755186
0.0,40,169.801396
0.0,100,169.916536
1.0,87,170.016891
1.0,24,170.044532
1.0,38,170.088232
0.0,5,170.094047
1.0,16,170.112638
0.0,13,170.127644
0.0,13,170.142811
0.0,46,170.195618
1.0,44,170.246548
1.0,25,170.454448
1.0,20,170.477024
1.0,29,170.51038
0.0,21,170.534574
1.0,91,170.639251
1.0,9,170.649819
1.0,62,170.721544
1.0,21,170.745835
1.0,100,170.860852
1.0,30,170.895386
1.0,21,170.919554
1.0,43,170.969193
1.0,87,171.069402
1.0,29,171.102845
1.0,22,171.128275
0.0,24,171.156052
1.0,36,171.197797
0.0,100,171.312792
0.0,6,171.319971
1.0,95,171.429524
1.0,57,171.495122
1.0,22,171.52064
1.0,18,171.541445
0.0,22,171.566875
0.0,88,171.668149
1.0,59,171.73629
0.0,100,171.851313
0.0,16,171.869694
1.0,16,171.888382
1.0,13,171.903367
1.0,32,171.940392
1.0,49,171.996886
0.0,8,172.006306
1.0,35,172.046527
0.0,41,172.093654
0.0,12,172.107573
1.0,30,172.142317
1.0,69,172.2216
1.0,10,172.233265
1.0,46,172.286316
1.0,20,172.309471
0.0,11,172.322201
1.0,30,172.360901
1.0,9,172.543052
1.0,64,172.618643
0.0,100,172.733808
1.0,40,172.78
0.0,100,172.89528
0.0,81,172.988475
0.0,8,172.997951
1.0,16,173.016603
1.0,29,173.050108
0.0,29,173.083532
1.0,12,173.097391
1.0,86,173.240954
1.0,22,173.272512
1.0,27,173.311851
0.0,100,173.428125
0.0,10,173.439736
1.0,44,173.490397
1.0,45,173.542345
0.0,45,173.594138
0.0,100,173.709596
1.0,12,173.723602
0.0,35,173.763934
1.0,26,173.793987
0.0,100,173.909506
1.0,86,174.008867
1.0,15,174.026244
0.0,100,174.141416
1.0,21,174.165704
1.0,48,174.220974
0.0,38,174.26465
1.0,60,174.333687
1.0,36,174.375351
1.0,28,174.407678
1.0,19,174.429632
0.0,12,174.443489
1.0,28,174.655022
0.0,73,174.737462
0.0,90,174.844589
0.0,22,174.870087
0.0,100,174.985286
1.0,25,175.01422
1.0,23,175.040705
1.0,65,175.115508
1.0,74,175.200571
0.0,42,175.249271
0.0,7,175.257506
0.0,8,175.266745
1.0,79,175.357652
0.0,100,175.472679
0.0,100,175.587673
0.0,77,175.676486
1.0,37,175.719263
1.0,11,175.731956
1.0,17,175.751567
0.0,59,175.819532
0.0,49,175.876161
0.0,100,175.991014
0.0,81,176.084222
1.0,33,176.122374
1.0,10,176.13391
1.0,14,176.150083
1.0,22,176.175607
1.0,27,176.206762
1.0,13,176.221927
0.0,100,176.337
0.0,36,176.378619
0.0,100,176.493867
0.0,59,176.632984
1.0,96,176.850358
0.0,23,176.876862
1.0,54,176.939129
1.0,38,176.982993
0.0,71,177.064817
0.0,100,177.179801
0.0,30,177.214454
0.0,7,177.22259
1.0,57,177.288427
1.0,23,177.315223
0.0,100,177.430124
0.0,100,177.545217
0.0,24,177.572772
0.0,49,177.629398
1.0,23,177.656054
1.0,56,177.720488
1.0,39,177.76546
1.0,47,177.81952
1.0,31,177.855139
1.0,12,177.869184
1.0,54,177.931085
1.0,18,177.95182
0.0,13,177.966843
0.0,51,178.025826
0.0,52,178.085751
0.0,35,178.126152
1.0,68,178.20452
0.0,20,178.227506
0.0,61,178.297777
1.0,29,178.331269
1.0,31,178.367165
1.0,19,178.388993
1.0,10,178.400598
1.0,12,178.414662
0.0,31,178.450467
1.0,15,178.467797
1.0,8,178.476969
1.0,62,178.548435
1.0,12,178.562521
0.0,98,178.853018
1.0,22,178.877173
1.0,37,178.919877
0.0,100,179.034831
0.0,100,179.149929
1.0,41,179.197091
0.0,65,179.271994
1.0,45,179.323987
1.0,12,179.338019
0.0,52,179.397914
0.0,37,179.440509
1.0,66,179.516325
0.0,70,179.596865
0.0,51,179.655767
1.0,46,179.708519
1.0,40,179.754606
0.0,26,179.784621
0.0,25,179.813444
0.0,39,179.85837
0.0,32,179.895364
0.0,41,179.942536
0.0,28,179.974997
1.0,28,180.007294
1.0,40,180.05334
0.0,65,180.128412
0.0,30,180.163065
1.0,41,180.210361
0.0,100,180.32583
1.0,43,180.375755
0.0,19,180.397596
0.0,79,180.488688
0.0,22,180.514032
0.0,6,180.521037
1.0,17,180.540821
0.0,44,180.591593
0.0,68,180.669755
1.0,51,180.728606
0.0,21,180.752814
0.0,89,181.030071
0.0,31,181.065868
1.0,21,181.090081
0.0,30,181.124746
1.0,58,181.191604
0.0,4,181.196432
1.0,22,181.221885
1.0,67,181.298995
1.0,17,181.318731
1.0,54,181.380888
0.0,100,181.496083
0.0,57,181.561807
0.0,57,181.627423
0.0,100,181.74261
0.0,100,181.857738
1.0,55,181.921142
0.0,33,181.959375
1.0,26,181.989428
0.0,21,182.013812
1.0,27,182.04498
0.0,100,182.159986
1.0,49,182.216585
1.0,98,182.329382
0.0,15,182.346828
1.0,14,182.362968
0.0,100,182.478071
1.0,32,182.514896
0.0,22,182.540275
0.0,22,182.565688
1.0,61,182.635745
1.0,33,182.673847
0.0,50,182.731523
1.0,43,182.780812
1.0,31,182.816564
1.0,80,183.08518
0.0,35,183.125507
1.0,38,183.169407
0.0,60,183.238443
0.0,23,183.265205
0.0,34,183.304465
1.0,61,183.374651
0.0,23,183.401283
1.0,94,183.509423
1.0,11,183.522334
1.0,32,183.559033
0.0,67,183.636075
0.0,92,183.741986
0.0,16,183.760521
0.0,24,183.788332
1.0,82,183.882741
0.0,4,183.887532
0.0,20,183.910645
0.0,31,183.946475
1.0,45,183.998284
1.0,11,184.011118
0.0,100,184.126395
1.0,21,184.150512
1.0,19,184.172459
1.0,67,184.249617
1.0,35,184.317822
0.0,31,184.368621
1.0,70,184.465781
0.0,60,184.535253
1.0,40,184.581612
0.0,100,184.696689
0.0,100,184.811788
0.0,82,184.906212
0.0,19,184.928342
0.0,49,185.162539
0.0,100,185.27731
0.0,12,185.291206
0.0,89,185.393594
0.0,99,185.507697
0.0,6,185.514661
0.0,24,185.542381
0.0,67,185.619478
0.0,31,185.655357
0.0,25,185.684245
0.0,73,185.768409
1.0,47,185.822705
0.0,100,185.937622
1.0,29,185.971109
0.0,25,185.999964
1.0,54,186.062156
0.0,71,186.14387
1.0,40,186.190058
1.0,66,186.266319
0.0,100,186.381687
1.0,100,186.496801
1.0,60,186.565877
0.0,57,186.631658
1.0,26,186.6617
0.0,23,186.68832
1.0,77,186.777065
1.0,10,186.788469
1.0,33,186.826673
0.0,68,186.904923
1.0,25,186.933832
1.0,24,186.96158
0.0,14,186.977775
1.0,15,186.995262
0.0,25,187.02393
1.0,37,187.133053
0.0,20,187.267313
1.0,15,187.284484
0.0,29,187.31807
1.0,25,187.34686
1.0,23,187.373333
0.0,9,187.38374
1.0,14,187.399877
1.0,29,187.433296
1.0,24,187.460978
0.0,62,187.532369
1.0,79,187.623419
0.0,8,187.632835
0.0,62,187.704315
1.0,14,187.72067
1.0,51,187.7794
1.0,22,187.804806
1.0,14,187.821157
0.0,63,187.893558
1.0,73,187.9777
0.0,100,188.092782
0.0,26,188.122851
1.0,13,188.137911
1.0,49,188.19449
0.0,55,188.257745
0.0,24,188.285451
0.0,30,188.32018
0.0,23,188.346726
1.0,13,188.36198
1.0,24,188.389647
1.0,69,188.469365
0.0,100,188.584696
1.0,24,188.612432
1.0,30,188.647069
0.0,100,188.762279
0.0,100,188.877369
1.0,47,188.931882
0.0,35,188.972316
1.0,17,188.991977
0.0,100,189.107038
1.0,48,189.313065
1.0,11,189.361702
0.0,32,189.398722
1.0,50,189.456198
1.0,9,189.466606
0.0,35,189.506898
0.0,27,189.538031
1.0,54,189.600191
1.0,33,189.638342
0.0,21,189.662658
0.0,20,189.685737
1.0,27,189.71691
0.0,23,189.743552
1.0,27,189.774657
1.0,29,189.808034
1.0,18,189.828808
0.0,33,189.866863
1.0,52,189.926694
1.0,40,189.972929
1.0,98,190.085872
0.0,10,190.097492
1.0,19,190.119472
1.0,15,190.13693
1.0,47,190.191114
0.0,18,190.211804
1.0,69,190.291262
0.0,58,190.358239
1.0,67,190.435461
0.0,7,190.443508
1.0,68,190.52179
1.0,42,190.570202
1.0,18,190.591002
1.0,91,190.695879
0.0,37,190.73837
1.0,37,190.780972
1.0,18,190.801858
0.0,100,190.917082
0.0,15,190.934521
0.0,100,191.04967
1.0,51,191.108477
1.0,21,191.132763
0.0,15,191.150072
1.0,46,191.203083
0.0,100,191.487599
1.0,20,191.510774
1.0,36,191.552171
1.0,12,191.566022
0.0,7,191.574183
1.0,37,191.616722
0.0,100,191.731787
1.0,43,191.781443
1.0,41,191.828581
0.0,38,191.872504
1.0,9,191.882948
1.0,43,191.93242
0.0,6,191.939593
1.0,36,191.981052
0.0,47,192.035289
1.0,74,192.120638
0.0,100,192.235765
0.0,13,192.250761
0.0,27,192.282027
1.0,35,192.322361
1.0,6,192.329334
0.0,7,192.337461
1.0,14,192.353764
0.0,4,192.358595
1.0,18,192.379389
0.0,60,192.448569
1.0,13,192.4636
1.0,90,192.567077
1.0,14,192.583256
1.0,45,192.635107
1.0,56,192.699673
0.0,15,192.717171
0.0,18,192.737988
0.0,39,192.782976
1.0,20,192.806131
1.0,21,192.830452
1.0,8,192.839795
1.0,26,192.869956
1.0,37,192.9126
0.0,21,192.936892
1.0,15,192.95429
0.0,100,193.069398
0.0,22,193.094841
0.0,100,193.246009
1.0,80,193.361166
1.0,47,193.592233
1.0,16,193.611022
0.0,100,193.725915
0.0,31,193.761651
0.0,25,193.790484
1.0,16,193.808908
1.0,20,193.83196
1.0,10,193.843552
1.0,28,193.875805
0.0,15,193.893277
0.0,27,193.924481
1.0,12,193.938466
0.0,14,193.954879
0.0,31,193.990742
0.0,19,194.012828
1.0,54,194.075092
1.0,20,194.098337
1.0,55,194.161954
1.0,28,194.194315
1.0,20,194.217391
1.0,36,194.258934
0.0,15,194.276435
0.0,7,194.284831
1.0,64,194.358384
0.0,24,194.385934
1.0,28,194.418141
1.0,57,194.483884
0.0,11,194.496643
1.0,25,194.525518
0.0,35,194.565876
0.0,100,194.681131
0.0,9,194.691639
1.0,40,194.737621
1.0,53,194.798795
1.0,58,194.865622
1.0,15,194.882972
1.0,13,194.898085
0.0,92,195.004029
1.0,13,195.019019
1.0,41,195.066487
1.0,28,195.098715
1.0,47,195.152752
1.0,10,195.164452
0.0,14,195.180667
0.0,10,195.19224
1.0,16,195.210735
0.0,54,195.272799
0.0,60,195.341994
1.0,15,195.359474
0.0,100,195.612593
0.0,31,195.684482
1.0,83,195.779827
1.0,16,195.798326
0.0,30,195.833
1.0,71,195.914603
0.0,30,195.949001
1.0,10,195.960666
1.0,13,195.975685
1.0,63,196.048391
0.0,76,196.135946
1.0,11,196.148806
1.0,15,196.165923
0.0,24,196.193563
1.0,15,196.210899
1.0,18,196.248119
1.0,43,196.314892
1.0,33,196.370541
1.0,95,196.488131
0.0,23,196.514977
0.0,92,196.620878
0.0,100,196.735802
1.0,45,196.787713
1.0,17,196.807403
0.0,19,196.829436
1.0,16,196.84807
0.0,100,196.963531
0.0,47,197.017645
0.0,28,197.049742
1.0,16,197.068402
0.0,57,197.133961
1.0,30,197.16851
1.0,29,197.202145
1.0,60,197.27119
1.0,45,197.323067
1.0,32,197.360051
0.0,51,197.418726
1.0,20,197.441806
1.0,53,197.502938
1.0,69,197.761858
1.0,19,197.783722
1.0,28,197.81601
1.0,87,197.915797
1.0,24,197.943627
0.0,100,198.058816
1.0,55,198.12243
1.0,34,198.161627
1.0,16,198.180288
1.0,31,198.216122
1.0,49,198.272228
0.0,37,198.315137
0.0,23,198.34178
1.0,36,198.383287
1.0,47,198.437378
0.0,23,198.463996
1.0,90,198.567401
1.0,11,198.580212
1.0,60,198.649406
1.0,14,198.665594
1.0,15,198.682942
1.0,54,198.745223
0.0,28,198.777382
1.0,17,198.797037
0.0,36,198.838678
0.0,100,198.953845
1.0,38,198.99773
1.0,68,199.076039
1.0,46,199.129034
1.0,95,199.238199
0.0,21,199.262547
1.0,27,199.293618
1.0,33,199.331599
1.0,55,199.395151
0.0,12,199.409209
1.0,9,199.419605
1.0,46,199.472581
1.0,13,199.487588
1.0,35,199.527812
1.0,36,199.569349
1.0,37,199.612037
1.0,78,199.879438
0.0,42,199.92758
0.0,44,199.978153
1.0,21,200.002349
1.0,29,200.035849
1.0,14,200.052007
1.0,29,200.085357
1.0,49,200.141876
1.0,64,200.215806
0.0,100,200.330794
0.0,80,200.423166
0.0,95,200.532243
0.0,100,200.646934
0.0,36,200.688519
0.0,100,200.803819
0.0,20,200.82705
0.0,21,200.851318
1.0,21,200.875566
1.0,62,200.946981
1.0,19,200.96904
1.0,44,201.019651
1.0,17,201.039256
0.0,6,201.046255
0.0,46,201.099283
1.0,45,201.151186
1.0,43,201.200632
1.0,54,201.262966
0.0,100,201.378162
1.0,36,201.41985
0.0,76,201.507375
1.0,92,201.613304
1.0,35,201.653518
0.0,7,201.661797
1.0,18,201.682585
1.0,36,201.724079
1.0,34,201.76326
1.0,6,201.832982
0.0,7,201.957273
0.0,98,202.068023
1.0,40,202.114135
1.0,79,202.205066
0.0,7,202.213346
0.0,100,202.328443
1.0,21,202.352764
0.0,35,202.393069
0.0,100,202.508226
1.0,34,202.547448
0.0,81,202.640453
1.0,35,202.680894
0.0,100,202.795917
0.0,100,202.911312
1.0,78,203.000824
1.0,98,203.113831
1.0,44,203.164536
1.0,24,203.192291
1.0,24,203.219855
1.0,80,203.311991
0.0,10,203.323699
0.0,26,203.354345
1.0,18,203.375092
0.0,28,203.407425
0.0,11,203.420203
1.0,36,203.461923
1.0,22,203.487392
1.0,17,203.507058
0.0,33,203.545156
1.0,21,203.569509
1.0,46,203.622474
0.0,100,203.737806
0.0,55,203.801505
1.0,52,203.861356
1.0,21,204.064516
1.0,74,204.148962
0.0,60,204.21817
1.0,49,204.274854
1.0,69,204.354728
1.0,28,204.387193
1.0,18,204.407781
1.0,32,204.444595
1.0,18,204.465537
1.0,38,204.509413
1.0,15,204.52676
1.0,81,204.619966
0.0,21,204.644255
0.0,100,204.759711
0.0,29,204.793194
1.0,46,204.846161
1.0,56,204.910566
1.0,22,204.936095
0.0,17,204.955801
0.0,29,204.98923
0.0,30,205.023945
1.0,11,205.036607
1.0,39,205.081489
1.0,49,205.137757
1.0,12,205.151641
1.0,23,205.178274
0.0,24,205.205903
1.0,37,205.248432
1.0,24,205.276057
1.0,19,205.298107
1.0,80,205.390193
0.0,45,205.441865
0.0,14,205.458227
1.0,23,205.484802
0.0,27,205.515866
1.0,21,205.540066
1.0,15,205.55742
0.0,83,205.652898
0.0,59,205.720891
0.0,100,205.836136
1.0,55,205.899398
0.0,29,205.932984
0.0,30,205.967379
0.0,16,206.16414
1.0,50,206.221632
0.0,100,206.336767
1.0,63,206.409189
0.0,22,206.43452
1.0,28,206.466655
1.0,16,206.485139
1.0,20,206.508222
0.0,31,206.543909
1.0,19,206.565926
1.0,23,206.592492
1.0,54,206.654669
0.0,10,206.666369
1.0,17,206.685894
1.0,28,206.718141
1.0,58,206.784995
1.0,36,206.82655
0.0,6,206.833528
1.0,36,206.874933
0.0,50,206.93246
0.0,12,206.946438
0.0,66,207.022221
0.0,18,207.043012
0.0,78,207.133089
0.0,49,207.189587
0.0,100,207.304924
1.0,89,207.407382
0.0,100,207.522416
1.0,10,207.534032
0.0,41,207.581449
0.0,43,207.630913
1.0,81,207.724267
0.0,64,207.798112
1.0,13,207.813129
0.0,60,207.882446
0.0,100,207.997746
1.0,79,208.260638
0.0,28,208.291842
0.0,60,208.360811
1.0,29,208.39429
0.0,57,208.459903
1.0,46,208.512857
0.0,9,208.52342
1.0,23,208.54999
1.0,67,208.627345
1.0,80,208.719687
1.0,33,208.757775
1.0,85,208.855683
1.0,25,208.884411
0.0,71,208.966338
1.0,47,209.020715
1.0,20,209.043939
0.0,100,209.159207
1.0,85,209.257207
1.0,36,209.298671
0.0,89,209.401307
0.0,29,209.434754
1.0,66,209.51114
1.0,68,209.589424
0.0,19,209.611575
1.0,77,209.700329
1.0,38,209.744208
1.0,80,209.836358
0.0,40,209.882687
1.0,25,209.911586
1.0,27,209.942722
1.0,35,209.983095
0.0,51,210.041827
1.0,28,210.074162
1.0,41,210.121602
1.0,75,210.383693
1.0,37,210.4263
0.0,100,210.541603
1.0,28,210.573985
1.0,46,210.62723
0.0,12,210.641143
1.0,85,210.73918
0.0,76,210.826801
0.0,6,210.83376
1.0,53,210.894569
1.0,16,210.9133
0.0,8,210.922592
0.0,100,211.064508
1.0,77,211.189047
0.0,72,211.305061
1.0,54,211.390972
1.0,45,211.443059
1.0,35,211.48378
0.0,100,211.598757
1.0,33,211.636985
1.0,8,211.64626
1.0,28,211.678558
0.0,35,211.718969
1.0,13,211.734118
0.0,100,211.84926
1.0,37,211.891925
0.0,10,211.903611
1.0,41,211.950757
1.0,61,212.021215
1.0,63,212.093739
1.0,47,212.148034
1.0,98,212.261055
1.0,11,212.28692
1.0,46,212.499776
0.0,20,212.522775
0.0,20,212.546067
0.0,8,212.555475
0.0,8,212.564747
1.0,55,212.628041
1.0,79,212.719213
0.0,100,212.83435
0.0,45,212.886125
1.0,78,212.976061
0.0,100,213.09122
0.0,8,213.100642
1.0,39,213.145586
1.0,21,213.169837
0.0,22,213.195251
1.0,12,213.209356
1.0,58,213.276142
0.0,27,213.307369
1.0,11,213.320145
0.0,68,213.398373
0.0,100,213.513478
1.0,9,213.524015
1.0,28,213.556181
1.0,38,213.599844
0.0,16,213.618373
1.0,40,213.664549
0.0,100,213.779695
0.0,44,213.830451
1.0,15,213.8479
1.0,9,213.858319
1.0,13,213.873343
0.0,45,213.925167
1.0,12,213.939094
1.0,9,213.949614
0.0,10,213.961176
0.0,100,214.076511
0.0,37,214.119205
0.0,23,214.145769
0.0,23,214.172282
0.0,29,214.205759
1.0,65,214.280754
1.0,61,214.350956
1.0,10,214.36244
0.0,21,214.561631
1.0,59,214.628196
1.0,10,214.639735
1.0,21,214.663996
1.0,53,214.725187
1.0,18,214.746008
0.0,36,214.787514
0.0,10,214.799224
0.0,31,214.834931
0.0,44,214.885528
0.0,6,214.892604
1.0,39,214.937372
0.0,80,215.029597
0.0,100,215.144862
1.0,80,215.23718
1.0,52,215.29708
0.0,13,215.312273
1.0,37,215.354888
0.0,26,215.384945
1.0,21,215.409279
0.0,76,215.496974
1.0,48,215.552447
1.0,27,215.583591
1.0,19,215.605596
1.0,15,215.623036
1.0,12,215.636928
0.0,5,215.642815
0.0,21,215.666997
0.0,25,215.695925
1.0,22,215.721269
0.0,47,215.77546
1.0,22,215.80087
1.0,17,215.820525
1.0,29,215.854087
1.0,15,215.87145
1.0,28,215.903769
1.0,53,215.964942
1.0,15,215.982462
1.0,18,216.003267
1.0,42,216.051494
1.0,15,216.068951
1.0,39,216.114061
0.0,43,216.163464
1.0,21,216.187705
1.0,26,216.21767
1.0,9,216.228223
1.0,52,216.288064
1.0,47,216.342187
0.0,100,216.457192
0.0,6,216.464315
0.0,28,216.676798
0.0,100,216.791585
0.0,62,216.863223
0.0,30,216.897823
1.0,26,216.927842
0.0,21,216.95219
1.0,70,217.032666
0.0,60,217.101856
1.0,17,217.121711
1.0,43,217.171158
1.0,45,217.222921
1.0,34,217.262275
1.0,14,217.278447
0.0,67,217.355581
0.0,79,217.446715
1.0,13,217.461748
0.0,100,217.57687
1.0,61,217.647286
0.0,85,217.745076
0.0,29,217.778554
1.0,14,217.794708
1.0,29,217.82818
1.0,80,217.920176
1.0,46,217.973322
1.0,35,218.013749
0.0,10,218.025345
0.0,32,218.062294
1.0,26,218.09222
1.0,24,218.11985
1.0,79,218.210874
0.0,59,218.278666
1.0,79,218.369523
0.0,100,218.484468
1.0,15,218.501921
0.0,7,218.510141
0.0,79,218.780848
1.0,53,218.841503
0.0,100,218.956228
0.0,5,218.962161
1.0,43,219.011668
1.0,88,219.112952
1.0,61,219.183413
0.0,100,219.298861
1.0,24,219.326516
1.0,17,219.346108
0.0,100,219.461211
0.0,9,219.471741
0.0,100,219.586898
0.0,86,219.685933
1.0,41,219.733112
1.0,14,219.749501
1.0,16,219.767824
1.0,28,219.800104
0.0,98,219.913001
0.0,23,219.939574
0.0,100,220.05439
1.0,22,220.079872
1.0,19,220.101806
1.0,10,220.113334
1.0,27,220.144405
1.0,16,220.162757
1.0,68,220.241304
1.0,8,220.25058
1.0,36,220.291961
1.0,42,220.340553
0.0,51,220.399348
0.0,19,220.421199
1.0,66,220.497352
1.0,13,220.51243
1.0,67,220.589723
0.0,10,220.601501
0.0,100,220.8874
1.0,85,220.985493
1.0,62,221.056989
0.0,13,221.072073
1.0,95,221.181257
1.0,54,221.243611
0.0,100,221.358665
0.0,100,221.473821
0.0,69,221.553215
0.0,28,221.585544
1.0,9,221.596034
0.0,100,221.711451
1.0,28,221.743885
1.0,11,221.75661
0.0,18,221.777365
0.0,28,221.809631
1.0,69,221.888915
1.0,13,221.904032
0.0,42,221.952302
0.0,32,221.989203
0.0,23,222.015805
0.0,27,222.047007
1.0,12,222.060878
0.0,42,222.109368
0.0,10,222.121062
0.0,67,222.198209
0.0,91,222.302829
0.0,43,222.352472
0.0,100,222.468013
1.0,46,222.521
0.0,33,222.559233
1.0,85,222.656928
1.0,35,222.697314
1.0,40,222.743413
0.0,100,223.039646
0.0,20,223.062801
1.0,28,223.094889
0.0,13,223.109902
1.0,30,223.144462
0.0,19,223.166429
0.0,72,223.249567
1.0,85,223.347458
1.0,39,223.392534
0.0,24,223.420224
0.0,12,223.434078
0.0,84,223.530849
0.0,23,223.557513
1.0,44,223.608181
0.0,7,223.616225
0.0,68,223.694611
1.0,49,223.751229
1.0,37,223.793782
0.0,16,223.81238
1.0,25,223.841366
0.0,14,223.868637
1.0,14,223.894693
1.0,15,223.917933
1.0,8,223.932709
1.0,20,223.963006
1.0,24,224.004851
0.0,14,224.025868
1.0,22,224.051493
1.0,68,224.129624
1.0,35,224.169871
1.0,39,224.214799
0.0,34,224.254165
0.0,49,224.310604
1.0,25,224.33955
1.0,18,224.360489
1.0,71,224.442316
0.0,24,224.470055
1.0,29,224.503591
1.0,84,224.600371
1.0,84,224.697195
1.0,37,224.739789
1.0,18,224.760616
1.0,81,224.853751
1.0,39,225.075162
0.0,100,225.189207
1.0,30,225.223891
1.0,22,225.249401
1.0,36,225.29097
0.0,22,225.316362
1.0,32,225.3532
1.0,83,225.448906
1.0,37,225.491567
1.0,6,225.4986
0.0,23,225.525125
0.0,6,225.53218
0.0,11,225.544801
0.0,31,225.580709
0.0,58,225.647444
1.0,27,225.678571
0.0,17,225.698248
0.0,15,225.715623
1.0,21,225.739879
1.0,64,225.813369
1.0,30,225.847998
1.0,26,225.878001
1.0,28,225.910309
0.0,49,225.966732
0.0,100,226.081865
0.0,43,226.131724
1.0,32,226.16861
0.0,100,226.283658
0.0,12,226.297397
0.0,36,226.338757
1.0,20,226.361969
1.0,98,226.47493
0.0,8,226.484315
1.0,22,226.509864
1.0,27,226.540979
1.0,35,226.581353
1.0,20,226.604457
1.0,14,226.620777
1.0,14,226.637012
1.0,93,226.744044
1.0,49,226.800428
0.0,6,226.807554
1.0,39,226.85264
0.0,100,226.967881
0.0,39,227.19158
1.0,91,227.296091
0.0,58,227.362794
0.0,25,227.391569
0.0,50,227.449196
0.0,6,227.456177
0.0,32,227.493025
0.0,37,227.535705
1.0,39,227.58066
1.0,21,227.60505
1.0,39,227.650112
1.0,63,227.722724
0.0,20,227.748208
1.0,26,227.778186
1.0,22,227.803567
0.0,69,227.882925
1.0,73,227.967108
1.0,16,227.985729
1.0,7,227.993858
0.0,42,228.04261
0.0,100,228.157856
1.0,14,228.174107
0.0,77,228.262975
0.0,69,228.342372
1.0,49,228.398771
1.0,21,228.423122
1.0,9,228.433608
0.0,8,228.442861
1.0,98,228.555923
1.0,81,228.670221
1.0,38,228.734946
0.0,7,228.743426
1.0,9,228.759223
0.0,100,228.885508
1.0,14,228.901921
0.0,69,228.981596
0.0,100,229.272534
1.0,40,229.317612
1.0,18,229.338368
1.0,72,229.421188
1.0,25,229.450137
1.0,16,229.46873
0.0,66,229.544719
1.0,45,229.598224
0.0,22,229.623744
1.0,52,229.683534
1.0,21,229.707894
0.0,100,229.823082
0.0,19,229.845112
1.0,19,229.867076
0.0,13,229.882082
1.0,21,229.906448
0.0,74,229.991544
1.0,36,230.033177
1.0,78,230.12299
1.0,46,230.176185
0.0,33,230.214349
0.0,86,230.313437
0.0,25,230.342423
1.0,34,230.381601
1.0,46,230.434549
0.0,65,230.509723
0.0,76,230.597385
1.0,44,230.648072
0.0,18,230.668982
0.0,76,230.75645
1.0,84,230.853135
0.0,31,230.888859
1.0,47,230.943235
1.0,27,230.974366
1.0,23,231.000895
0.0,100,231.116048
1.0,20,231.139135
1.0,96,231.423741
0.0,19,231.445723
0.0,9,231.456144
1.0,12,231.46998
1.0,41,231.517177
1.0,32,231.554122
1.0,36,231.595619
1.0,68,231.673907
1.0,65,231.748828
0.0,32,231.785701
0.0,20,231.808758
0.0,34,231.847876
0.0,22,231.873183
0.0,100,231.988357
1.0,30,232.02287
1.0,14,232.038996
0.0,33,232.077147
1.0,20,232.100202
0.0,100,232.215297
0.0,12,232.229237
1.0,16,232.247701
0.0,29,232.281171
1.0,33,232.319138
1.0,42,232.36766
1.0,40,232.413759
1.0,34,232.452951
0.0,37,232.495713
0.0,64,232.56938
1.0,53,232.630456
1.0,15,232.647789
1.0,26,232.677648
1.0,14,232.693841
1.0,22,232.719284
1.0,19,232.741213
0.0,100,232.856609
1.0,86,232.955711
0.0,59,233.023627
1.0,90,233.127435
0.0,100,233.242898
0.0,16,233.26152
1.0,31,233.475199
1.0,28,233.506676
1.0,62,233.578434
1.0,38,233.622465
1.0,14,233.638642
1.0,54,233.700963
1.0,73,233.785367
1.0,10,233.796966
1.0,40,233.843072
0.0,100,233.958383
0.0,100,234.073468
1.0,29,234.10698
1.0,49,234.163453
0.0,21,234.187583
0.0,100,234.302719
1.0,35,234.343117
1.0,90,234.446442
1.0,64,234.520336
0.0,100,234.682678
0.0,17,234.708454
1.0,39,234.758536
1.0,17,234.778244
1.0,13,234.793308
0.0,10,234.804929
0.0,34,234.844414
1.0,63,234.917255
1.0,20,234.940181
1.0,20,234.963161
1.0,26,234.993414
0.0,20,235.016551
0.0,7,235.024671
1.0,16,235.043131
1.0,23,235.069574
1.0,48,235.124921
0.0,22,235.150336
0.0,4,235.155005
0.0,74,235.240301
0.0,67,235.317421
1.0,84,235.592667
1.0,12,235.606557
1.0,33,235.644513
1.0,62,235.715715
0.0,12,235.729599
1.0,59,235.79754
1.0,35,235.837878
1.0,16,235.856404
1.0,18,235.877314
1.0,13,235.89234
1.0,38,235.936054
1.0,84,236.032776
1.0,34,236.072051
0.0,16,236.090569
1.0,60,236.159661
0.0,35,236.20006
0.0,15,236.217361
1.0,51,236.276191
1.0,41,236.323493
0.0,49,236.379743
0.0,19,236.401693
1.0,51,236.460551
1.0,6,236.467585
0.0,13,236.482618
1.0,54,236.544835
1.0,29,236.578355
1.0,10,236.589913
1.0,53,236.650838
0.0,22,236.676548
0.0,100,236.79168
0.0,8,236.80098
1.0,16,236.819579
1.0,33,236.857677
1.0,26,236.887594
1.0,26,236.917593
1.0,26,236.947743
0.0,11,236.960509
1.0,10,236.972117
0.0,12,236.986127
1.0,17,237.0058
0.0,68,237.083929
0.0,32,237.12085
0.0,100,237.235923
1.0,6,237.242968
0.0,32,237.279847
1.0,22,237.305176
0.0,67,237.382082
1.0,41,237.429293
0.0,18,237.450059
1.0,67,237.705375
0.0,100,237.820341
0.0,9,237.830765
0.0,64,237.904371
1.0,12,237.918343
1.0,32,237.95521
1.0,90,238.058947
1.0,32,238.095745
0.0,34,238.135038
0.0,100,238.250036
0.0,29,238.283627
1.0,18,238.304296
1.0,53,238.366071
1.0,47,238.420402
1.0,28,238.452699
0.0,7,238.460803
0.0,33,238.498816
1.0,37,238.541457
0.0,20,238.564517
0.0,86,238.663523
1.0,88,238.764962
1.0,92,238.87113
1.0,20,238.894228
1.0,25,238.923103
0.0,100,239.038281
1.0,39,239.083341
1.0,20,239.106305
1.0,30,239.140814
0.0,20,239.164063
1.0,14,239.180214
0.0,16,239.198607
0.0,10,239.210306
0.0,34,239.249521
1.0,91,239.354733
0.0,100,239.469836
0.0,100,239.673059
0.0,19,239.78472
0.0,14,239.800853
0.0,31,239.836476
1.0,91,239.941306
1.0,19,239.963337
1.0,14,239.979498
1.0,49,240.036084
0.0,17,240.055701
0.0,30,240.090385
1.0,46,240.143504
0.0,7,240.151641
1.0,92,240.257409
1.0,22,240.282895
0.0,100,240.397987
0.0,17,240.417562
0.0,41,240.464797
1.0,80,240.557028
1.0,64,240.630657
1.0,51,240.689603
0.0,55,240.752945
0.0,31,240.788827
1.0,59,240.856462
0.0,42,240.905079
0.0,49,240.961505
1.0,34,241.000706
0.0,92,241.106663
0.0,100,241.221842
0.0,17,241.241444
0.0,9,241.251985
1.0,31,241.287822
1.0,48,241.342879
0.0,68,241.421034
0.0,61,241.491214
1.0,77,241.579989
1.0,18,241.600873
0.0,31,241.636632
0.0,16,241.655135
0.0,100,241.947773
1.0,37,241.990602
1.0,7,241.998751
0.0,100,242.113685
0.0,74,242.198933
0.0,100,242.313852
1.0,39,242.358754
0.0,100,242.473989
0.0,24,242.501884
1.0,12,242.515765
1.0,38,242.559502
1.0,59,242.62761
1.0,42,242.676086
1.0,9,242.686625
1.0,31,242.722371
1.0,76,242.809987
1.0,32,242.846995
0.0,6,242.854039
1.0,32,242.890506
1.0,18,242.911242
0.0,61,242.981531
1.0,21,243.005742
1.0,70,243.086269
1.0,76,243.173583
1.0,82,243.267841
0.0,100,243.383739
0.0,12,243.397565
0.0,92,243.503642
0.0,100,243.619151
0.0,100,243.734268
0.0,76,243.998236
0.0,100,244.113458
1.0,22,244.138787
0.0,26,244.168771
0.0,15,244.186121
1.0,59,244.25416
0.0,41,244.301737
0.0,100,244.416591
0.0,22,244.442063
1.0,29,244.475514
1.0,97,244.587197
0.0,43,244.636918
0.0,9,244.647532
1.0,87,244.747888
1.0,24,244.775748
0.0,10,244.787215
0.0,100,244.902288
0.0,100,245.017677
0.0,100,245.132631
0.0,29,245.16616
0.0,100,245.281142
0.0,33,245.319206
1.0,20,245.342284
1.0,95,245.451346
0.0,28,245.483688
0.0,46,245.536768
0.0,20,245.559792
1.0,31,245.595462
1.0,100,245.710616
1.0,42,245.759259
0.0,88,245.860657
1.0,30,246.074583
1.0,45,246.124401
1.0,31,246.186928
1.0,58,246.283947
1.0,39,246.330481
1.0,61,246.401197
1.0,100,246.516675
0.0,13,246.531826
0.0,13,246.546833
0.0,46,246.599844
0.0,32,246.636904
0.0,100,246.751988
1.0,38,246.79589
0.0,4,246.800672
1.0,19,246.822633
0.0,9,246.833054
1.0,57,246.898817
1.0,57,246.964743
0.0,35,247.005191
1.0,25,247.034062
1.0,95,247.143434
1.0,16,247.161898
0.0,9,247.172432
0.0,100,247.287922
1.0,54,247.350142
1.0,16,247.368695
0.0,27,247.399916
0.0,22,247.425369
0.0,16,247.443809
1.0,16,247.462285
0.0,25,247.491079
1.0,24,247.518788
1.0,41,247.565928
1.0,18,247.586711
0.0,100,247.701712
0.0,17,247.721517
0.0,100,247.836458
1.0,59,247.904376
1.0,87,248.183817
1.0,52,248.242921
1.0,25,248.271646
0.0,6,248.278749
1.0,26,248.308716
1.0,25,248.337597
0.0,58,248.405358
0.0,68,248.48394
0.0,100,248.599348
0.0,18,248.620139
1.0,37,248.662801
1.0,57,248.728415
0.0,22,248.753909
1.0,29,248.787391
1.0,41,248.834669
1.0,49,248.891128
0.0,17,248.910872
1.0,27,248.941949
1.0,25,248.970853
0.0,100,249.086056
0.0,63,249.158645
1.0,15,249.176075
1.0,36,249.21761
0.0,31,249.253328
0.0,95,249.362789
0.0,24,249.390514
0.0,37,249.433085
1.0,51,249.491797
1.0,45,249.543786
0.0,100,249.658925
1.0,12,249.672788
1.0,15,249.690205
1.0,68,249.76856
1.0,26,249.798516
0.0,51,249.857227
1.0,87,249.957341
1.0,22,249.982735
0.0,21,250.007075
0.0,73,250.229497
1.0,36,250.309781
0.0,21,250.33412
0.0,27,250.365243
1.0,24,250.392982
0.0,86,250.491634
1.0,6,250.49871
1.0,14,250.514895
1.0,8,250.524173
0.0,21,250.548494
1.0,26,250.578377
1.0,7,250.586538
1.0,19,250.608458
0.0,64,250.682328
0.0,41,250.729563
1.0,40,250.775719
1.0,33,250.813873
1.0,60,250.906028
1.0,35,250.962316
0.0,37,251.02505
0.0,100,251.140542
0.0,61,251.210918
0.0,27,251.242305
1.0,11,251.255129
1.0,8,251.264535
1.0,21,251.28866
0.0,100,251.403816
0.0,19,251.425889
1.0,54,251.488142
0.0,12,251.502128
0.0,100,251.616956
0.0,24,251.644685
0.0,34,251.68395
1.0,26,251.713971
1.0,84,251.810659
1.0,77,251.899341
1.0,35,251.939721
0.0,23,251.966315
0.0,58,252.03308
0.0,17,252.052798
1.0,48,252.10811
0.0,100,252.396893
0.0,100,252.512317
0.0,38,252.556127
0.0,100,252.671273
0.0,100,252.786228
1.0,93,252.893284
0.0,100,253.008422
1.0,47,253.062652
1.0,16,253.081163
1.0,31,253.116921
1.0,21,253.141267
0.0,11,253.153962
0.0,32,253.190622
1.0,30,253.225369
1.0,18,253.246231
1.0,15,253.263696
1.0,9,253.27414
1.0,30,253.308666
0.0,22,253.334133
0.0,26,253.364868
0.0,10,253.376472
1.0,31,253.412191
1.0,14,253.428312
1.0,27,253.459394
1.0,59,253.527518
1.0,19,253.549474
1.0,17,253.56897
0.0,85,253.666896
1.0,79,253.757817
0.0,28,253.790124
0.0,100,253.905285
1.0,67,253.982709
1.0,24,254.010439
0.0,28,254.042786
0.0,100,254.157778
0.0,66,254.233646
1.0,57,254.476822
0.0,50,254.532695
0.0,25,254.561512
1.0,94,254.669648
1.0,43,254.719227
1.0,34,254.758321
0.0,15,254.77564
1.0,99,254.889559
1.0,19,254.911502
0.0,100,255.02689
0.0,27,255.058003
0.0,19,255.079996
1.0,16,255.098518
0.0,7,255.106642
1.0,64,255.180341
1.0,66,255.256527
1.0,16,255.274923
1.0,46,255.328074
1.0,47,255.382927
0.0,37,255.425606
1.0,68,255.503862
0.0,22,255.529369
0.0,49,255.585778
1.0,53,255.64674
1.0,18,255.667492
0.0,11,255.680318
1.0,35,255.720669
0.0,33,255.758663
1.0,48,255.813906
1.0,24,255.841517
0.0,18,255.862284
1.0,28,255.894634
1.0,9,255.90507
1.0,14,255.921288
1.0,16,255.939731
1.0,15,255.957012
1.0,24,255.984707
0.0,34,256.024034
1.0,15,256.041436
0.0,46,256.094432
0.0,51,256.153437
0.0,87,256.253804
0.0,100,256.369057
0.0,47,256.603807
1.0,70,256.684104
1.0,18,256.704993
1.0,69,256.784523
0.0,34,256.823615
0.0,38,256.867549
0.0,14,256.883673
1.0,28,256.916008
0.0,13,256.931002
0.0,4,256.935803
1.0,86,257.034495
1.0,37,257.077281
1.0,93,257.184479
0.0,8,257.193756
0.0,15,257.211094
1.0,18,257.231977
1.0,70,257.312609
0.0,16,257.331066
1.0,30,257.365673
0.0,29,257.399207
1.0,49,257.455761
0.0,100,257.570823
0.0,100,257.686062
0.0,64,257.759676
1.0,70,257.840292
1.0,18,257.861064
1.0,34,257.900383
0.0,72,257.983403
1.0,58,258.050054
0.0,16,258.068553
1.0,20,258.091654
1.0,86,258.190635
1.0,19,258.212605
0.0,39,258.257646
0.0,6,258.264687
1.0,16,258.283194
1.0,81,258.376527
0.0,100,258.60306
0.0,16,258.690006
1.0,24,258.717671
0.0,57,258.783348
1.0,18,258.804042
0.0,100,258.91904
1.0,9,258.92953
1.0,40,258.975501
0.0,9,258.986053
0.0,48,259.041335
0.0,47,259.095588
1.0,18,259.116418
0.0,33,259.154559
1.0,48,259.210128
1.0,15,259.227475
1.0,100,259.34246
1.0,66,259.418432
0.0,10,259.430057
1.0,17,259.44965
0.0,8,259.458995
1.0,38,259.502749
1.0,64,259.576215
1.0,8,259.585552
0.0,40,259.631654
0.0,100,259.746694
1.0,40,259.792941
0.0,28,259.825437
1.0,49,259.896996
1.0,55,259.988537
1.0,29,260.032571
1.0,50,260.094746
1.0,52,260.155046
0.0,7,260.163214
0.0,100,260.278504
0.0,100,260.393967
1.0,59,260.461844
1.0,11,260.474782
0.0,5,260.480619
1.0,53,260.541662
0.0,31,260.577439
1.0,57,260.819995
0.0,100,260.934938
0.0,24,260.962664
0.0,15,260.980061
0.0,42,261.028497
1.0,76,261.115952
0.0,21,261.140376
1.0,88,261.241886
1.0,11,261.254782
1.0,37,261.297498
1.0,74,261.383245
1.0,17,261.402923
0.0,100,261.517875
0.0,27,261.549075
1.0,20,261.572316
1.0,33,261.610395
1.0,24,261.638079
1.0,24,261.665769
0.0,25,261.694719
1.0,77,261.783484
0.0,19,261.805541
1.0,33,261.843739
0.0,17,261.863367
1.0,53,261.924484
1.0,52,261.984668
1.0,22,262.010287
1.0,83,262.105816
1.0,12,262.119956
1.0,30,262.154637
1.0,30,262.189259
1.0,31,262.225059
1.0,37,262.267721
1.0,64,262.341515
1.0,44,262.392168
1.0,85,262.490084
0.0,100,262.60498
0.0,100,262.896395
0.0,55,262.959291
0.0,41,263.006527
1.0,10,263.018178
1.0,37,263.060682
0.0,58,263.127553
1.0,53,263.188595
0.0,100,263.303851
1.0,10,263.315468
1.0,41,263.363198
0.0,65,263.438148
1.0,71,263.519974
1.0,95,263.629347
1.0,25,263.658339
1.0,17,263.677902
0.0,67,263.755333
1.0,44,263.806147
0.0,97,263.917687
1.0,84,264.014758
0.0,100,264.129841
1.0,32,264.166672
0.0,81,264.25998
0.0,65,264.334807
1.0,76,264.422823
0.0,6,264.429895
1.0,53,264.490871
1.0,25,264.519804
1.0,55,264.583142
1.0,41,264.630566
0.0,36,264.671872
0.0,65,264.746433
0.0,30,264.781285
0.0,99,265.072645
0.0,49,265.12918
0.0,56,265.193699
1.0,34,265.233128
0.0,67,265.31022
1.0,57,265.376043
1.0,63,265.448451
0.0,64,265.522167
0.0,16,265.540715
1.0,52,265.600561
1.0,69,265.680103
0.0,100,265.795344
1.0,11,265.819671
0.0,16,265.848805
0.0,100,265.999975
1.0,39,266.045141
0.0,47,266.099337
0.0,40,266.145508
1.0,44,266.196286
1.0,54,266.258594
0.0,26,266.288866
1.0,12,266.302794
1.0,28,266.335391
1.0,7,266.343557
0.0,27,266.374688
1.0,16,266.393329
0.0,5,266.399157
1.0,75,266.485577
1.0,19,266.507546
1.0,35,266.548039
1.0,32,266.584976
0.0,46,266.63805
1.0,71,266.720007
0.0,100,266.835238
0.0,100,267.127923
0.0,56,267.192494
0.0,33,267.230521
0.0,32,267.267489
1.0,90,267.371397
1.0,13,267.386441
1.0,29,267.419875
0.0,7,267.428024
1.0,9,267.43846
0.0,48,267.493742
0.0,17,267.51342
0.0,100,267.628609
1.0,32,267.665479
1.0,40,267.71179
0.0,73,267.795702
1.0,12,267.809598
1.0,82,267.904294
0.0,100,268.019684
0.0,49,268.076169
0.0,57,268.141777
1.0,72,268.224666
0.0,7,268.232867
0.0,24,268.260572
0.0,76,268.348118
0.0,11,268.360888
0.0,5,268.366704
1.0,20,268.389712
0.0,56,268.454072
1.0,12,268.467992
0.0,17,268.487696
1.0,35,268.528117
1.0,13,268.543134
1.0,26,268.573317
1.0,25,268.602306
0.0,100,268.717528
0.0,11,268.73033
0.0,32,268.767317
0.0,46,268.820261
0.0,46,268.87315
1.0,34,268.912364
1.0,9,268.922763
1.0,66,269.153054
1.0,10,269.188065
1.0,18,269.208511
0.0,73,269.29238
1.0,9,269.302881
1.0,38,269.346595
1.0,36,269.38808
1.0,45,269.439806
0.0,42,269.48813
0.0,23,269.514744
1.0,71,269.596463
0.0,100,269.711632
0.0,17,269.731276
1.0,11,269.744113
0.0,20,269.767267
1.0,58,269.833875
1.0,34,269.872944
0.0,53,269.934194
0.0,20,269.957282
1.0,51,270.015807
1.0,93,270.122841
1.0,18,270.143596
1.0,44,270.193995
1.0,10,270.205756
0.0,39,270.250754
1.0,81,270.343926
1.0,49,270.400345
1.0,26,270.430391
1.0,32,270.467317
0.0,20,270.490434
1.0,68,270.569203
1.0,44,270.619853
0.0,26,270.650035
0.0,36,270.691492
1.0,20,270.714736
0.0,5,270.720609
1.0,7,270.728804
1.0,10,270.74036
1.0,59,270.80835
1.0,31,270.844178
1.0,26,270.874297
1.0,20,270.897351
0.0,33,270.935371
1.0,24,270.963077
1.0,46,271.016306
0.0,40,271.062356
1.0,35,271.253054
0.0,50,271.33408
1.0,40,271.380073
0.0,100,271.495023
1.0,63,271.567452
0.0,59,271.63546
1.0,25,271.664367
1.0,49,271.721065
0.0,14,271.737252
0.0,100,271.852338
0.0,36,271.893955
0.0,12,271.907989
0.0,100,272.02326
0.0,11,272.036062
1.0,65,272.111038
1.0,26,272.141003
0.0,100,272.256224
0.0,45,272.307995
0.0,55,272.371279
1.0,15,272.388669
0.0,10,272.400228
1.0,23,272.426708
0.0,29,272.460157
0.0,16,272.478765
1.0,23,272.505414
1.0,36,272.54674
0.0,70,272.627404
1.0,82,272.721924
0.0,100,272.837093
1.0,16,272.855712
0.0,20,272.878805
1.0,36,272.92039
0.0,87,273.020768
0.0,13,273.03593
1.0,14,273.052042
0.0,100,273.1673
0.0,100,273.455007
0.0,14,273.47118
0.0,20,273.49421
1.0,23,273.520837
1.0,38,273.564671
1.0,27,273.595842
0.0,18,273.616873
1.0,29,273.650181
1.0,35,273.690495
0.0,100,273.805519
0.0,45,273.85744
1.0,26,273.887362
1.0,27,273.918429
0.0,100,274.033764
1.0,47,274.087817
1.0,42,274.136372
0.0,15,274.153732
0.0,14,274.169791
1.0,26,274.199991
0.0,37,274.242602
1.0,11,274.255373
1.0,70,274.336059
0.0,100,274.451677
0.0,100,274.566831
0.0,71,274.648573
0.0,34,274.687676
1.0,36,274.729071
1.0,19,274.750986
1.0,19,274.772902
1.0,28,274.805335
1.0,34,274.844486
0.0,31,274.880319
0.0,52,274.940189
0.0,54,275.002499
1.0,22,275.02777
1.0,9,275.038209
0.0,54,275.100279
0.0,5,275.10617
0.0,12,275.119874
1.0,20,275.143039
1.0,16,275.161566
0.0,93,275.268642
1.0,89,275.548377
1.0,44,275.598922
1.0,7,275.607019
1.0,21,275.631213
1.0,75,275.717421
1.0,91,275.821952
0.0,85,275.91993
1.0,79,276.010923
1.0,42,276.059395
1.0,41,276.106658
1.0,21,276.130901
1.0,42,276.179352
1.0,26,276.20933
1.0,44,276.260063
0.0,7,276.268286
0.0,100,276.383338
0.0,24,276.410999
0.0,86,276.509974
1.0,58,276.576771
1.0,76,276.664051
0.0,93,276.770856
0.0,19,276.792668
0.0,86,276.891719
1.0,19,276.913735
1.0,77,277.002283
0.0,8,277.01159
1.0,18,277.032411
0.0,22,277.058707
1.0,70,277.139318
0.0,8,277.148661
0.0,52,277.20845
0.0,100,277.323738
1.0,28,277.356093
0.0,100,277.647898
1.0,19,277.669895
1.0,60,277.738912
0.0,13,277.754107
1.0,46,277.8072
1.0,44,277.857826
1.0,20,277.88098
1.0,56,277.945397
0.0,25,277.974014
1.0,34,278.013153
0.0,11,278.02608
1.0,21,278.050396
1.0,53,278.111404
1.0,10,278.123042
1.0,22,278.148356
1.0,12,278.162248
1.0,19,278.184172
1.0,63,278.283789
1.0,49,278.361678
0.0,42,278.420619
1.0,20,278.44377
1.0,47,278.498067
1.0,49,278.554417
0.0,21,278.578688
1.0,26,278.608859
0.0,35,278.649217
0.0,27,278.680343
1.0,22,278.683159
1.0,25,278.683953
1.0,83,278.686366
1.0,16,278.68688
1.0,42,278.688177
1.0,37,278.689284
1.0,50,278.690755
1.0,46,278.692119
1.0,52,278.693641
1.0,88,278.696197
1.0,22,278.696877
1.0,57,278.698555
1.0,52,278.700077
1.0,28,278.700926
1.0,64,278.702791
0.0,100,278.705688
1.0,27,278.706516
1.0,75,278.708695
1.0,73,278.710809
0.0,100,278.713693
1.0,27,278.714522
1.0,16,278.715032
1.0,32,278.716002
1.0,16,278.716524
1.0,68,278.718497
1.0,44,278.719799
1.0,38,278.720931
1.0,34,278.721959
1.0,59,278.723687
1.0,98,278.726517
0.0,100,278.729408
1.0,60,278.731174
1.0,25,278.731939
1.0,23,278.732655
1.0,16,278.733179
1.0,86,278.735663
1.0,37,278.736767
1.0,11,278.737153
1.0,95,278.73988
1.0,30,278.740789
1.0,84,278.743262
1.0,20,278.743886
1.0,73,278.746029
1.0,43,278.747323
0.0,100,278.750195
0.0,100,278.753068
1.0,42,278.754324
1.0,12,278.754725
1.0,8,278.755011
1.0,24,278.755765
1.0,30,278.756678
1.0,23,278.757402
1.0,38,278.75854
1.0,36,278.759621
1.0,16,278.760142
1.0,17,278.760683
1.0,10,278.761025
1.0,31,278.761969
0.0,100,278.76487
1.0,58,278.766588
1.0,49,278.768033
1.0,58,278.769735
1.0,87,278.772261
1.0,78,278.774535
1.0,43,278.775818
1.0,6,278.77605
1.0,12,278.776459
1.0,38,278.777594
1.0,42,278.778837
1.0,22,278.779529
1.0,49,278.780967
1.0,39,278.782143
1.0,13,278.782569
0.0,100,278.785555
1.0,54,278.787146
1.0,37,278.788254
1.0,74,278.790405
1.0,18,278.790975
1.0,25,278.791751
1.0,9,278.792067
1.0,9,278.79239
1.0,33,278.793389
1.0,94,278.796106
1.0,21,278.79676
1.0,49,278.798216
1.0,80,278.800537
1.0,68,278.802519
1.0,25,278.8033
1.0,62,278.805108
1.0,24,278.805846
1.0,74,278.807987
1.0,16,278.80852
1.0,27,278.809349
1.0,35,278.810396
1.0,62,278.812206
1.0,19,278.812801
1.0,61,278.814574
1.0,44,278.815877
0.0,100,278.818759
1.0,15,278.819257
1.0,94,278.821955
1.0,63,278.823798
1.0,56,278.82545
1.0,76,278.827651
1.0,25,278.828422
1.0,91,278.831048
1.0,53,278.832601
0.0,100,278.83549
1.0,33,278.836482
1.0,17,278.837019
1.0,53,278.838574
0.0,100,278.841465
1.0,100,278.844339
1.0,10,278.844683
1.0,13,278.845125
1.0,99,278.847974
1.0,32,278.848942
1.0,49,278.850395
1.0,19,278.850991
1.0,49,278.852439
1.0,51,278.853931
1.0,15,278.854426
1.0,35,278.855478
1.0,30,278.856389
1.0,30,278.857307
1.0,60,278.859053
1.0,48,278.860481
1.0,49,278.861924
1.0,23,278.862639
1.0,76,278.864835
1.0,72,278.866925
1.0,28,278.867783
1.0,73,278.869893
1.0,20,278.870527
1.0,46,278.871902
1.0,13,278.872341
1.0,30,278.87326
1.0,19,278.873859
1.0,47,278.875276
1.0,66,278.877224
1.0,58,278.878927
0.0,100,278.881847
1.0,41,278.883079
1.0,34,278.884182
1.0,13,278.884618
1.0,23,278.88535
1.0,21,278.886008
0.0,100,278.88894
1.0,12,278.889354
1.0,85,278.89184
1.0,81,278.894213
1.0,53,278.895784
1.0,38,278.896922
1.0,27,278.897759
1.0,12,278.898172
1.0,49,278.899625
1.0,59,278.901366
1.0,46,278.902737
1.0,20,278.903375
1.0,16,278.903888
1.0,59,278.905628
1.0,24,278.906382
0.0,100,278.909288
0.0,100,278.912203
1.0,25,278.91297
1.0,93,278.915685
1.0,97,278.918514
1.0,38,278.919664
1.0,16,278.920191
1.0,26,278.920991
1.0,50,278.922479
1.0,40,278.923683
1.0,61,278.92549
1.0,31,278.926439
1.0,67,278.928408
1.0,30,278.929332
1.0,20,278.929962
1.0,50,278.931455
1.0,43,278.932744
0.0,100,278.93566
1.0,13,278.936094
1.0,33,278.937109
1.0,78,278.939397
1.0,70,278.941459
1.0,27,278.942296
1.0,49,278.943753
1.0,25,278.94453
1.0,77,278.9468
1.0,32,278.947778
1.0,30,278.948702
1.0,24,278.949455
1.0,72,278.951574
1.0,79,278.953885
1.0,23,278.954612
1.0,15,278.955111
1.0,70,278.957169
0.0,100,278.960065
1.0,11,278.960451
1.0,33,278.961453
0.0,100,278.964362
1.0,14,278.964823
1.0,96,278.967633
1.0,50,278.969131
1.0,38,278.970279
1.0,53,278.971843
1.0,17,278.972399
1.0,18,278.972969
1.0,41,278.974213
1.0,18,278.974786
1.0,30,278.975715
1.0,72,278.977825
1.0,63,278.97969
1.0,42,278.980945
1.0,21,278.981612
1.0,25,278.98239
1.0,27,278.983227
1.0,19,278.983883
1.0,29,278.984777
1.0,10,278.985142
1.0,21,278.985801
1.0,28,278.986665
1.0,34,278.987702
1.0,30,278.988623
1.0,10,278.988973
0.0,100,278.991885
1.0,44,278.993217
1.0,42,278.994477
1.0,14,278.994938
1.0,12,278.995358
1.0,99,278.99825
1.0,22,278.998936
1.0,42,279.000203
1.0,12,279.000606
0.0,100,279.003533
1.0,16,279.00405
1.0,60,279.005827
1.0,94,279.008564
1.0,95,279.011344
1.0,27,279.012177
1.0,32,279.013157
1.0,54,279.014749
1.0,11,279.015137
1.0,40,279.016339
1.0,46,279.017707
0.0,100,279.020618
1.0,27,279.021455
1.0,10,279.021803
1.0,27,279.022639
1.0,45,279.02398
1.0,28,279.024846
0.0,100,279.027769
1.0,43,279.02906
1.0,91,279.031711
1.0,40,279.032918
1.0,54,279.034523
1.0,10,279.034872
1.0,63,279.036736
1.0,44,279.038052
1.0,20,279.038687
1.0,51,279.040214
1.0,41,279.041445
0.0,100,279.044371
1.0,43,279.045666
1.0,78,279.047965
1.0,74,279.050144
1.0,75,279.052352
1.0,53,279.053915
1.0,23,279.05464
1.0,35,279.055706
1.0,12,279.056123
1.0,22,279.056809
1.0,53,279.058387
1.0,37,279.059503
1.0,10,279.059852
1.0,30,279.060771
1.0,51,279.062296
1.0,70,279.064353
1.0,9,279.064675
1.0,42,279.065941
1.0,36,279.067035
1.0,41,279.068278
1.0,77,279.070536
1.0,75,279.072737
1.0,14,279.073209
0.0,100,279.076129
1.0,57,279.077819
1.0,35,279.078879
1.0,60,279.080657
1.0,13,279.08109
1.0,47,279.082497
0.0,100,279.085411
1.0,21,279.086142
1.0,10,279.086491
1.0,46,279.087866
1.0,55,279.089502
1.0,95,279.092288
1.0,68,279.094288
1.0,20,279.094922
1.0,27,279.095767
1.0,23,279.096492
1.0,32,279.097465
1.0,96,279.100259
1.0,56,279.101903
1.0,32,279.102878
1.0,46,279.104263
1.0,29,279.105162
1.0,24,279.105901
0.0,100,279.108815
1.0,26,279.109625
1.0,92,279.112317
1.0,58,279.11403
1.0,53,279.115613
1.0,20,279.116254
1.0,21,279.11691
1.0,91,279.119568
0.0,100,279.122475
1.0,56,279.12413
1.0,8,279.124421
1.0,15,279.124905
1.0,25,279.125693
1.0,44,279.127004
1.0,24,279.127758
1.0,6,279.127992
1.0,33,279.128995
0.0,100,279.131894
0.0,100,279.134807
1.0,34,279.135844
1.0,15,279.136344
1.0,98,279.139191
1.0,21,279.139849
1.0,48,279.141282
1.0,21,279.141939
1.0,45,279.143288
1.0,16,279.143804
1.0,9,279.144131
0.0,100,279.147032
1.0,15,279.147532
1.0,45,279.148874
1.0,68,279.150868
1.0,22,279.151569
1.0,30,279.152488
1.0,74,279.15466
1.0,17,279.155221
1.0,34,279.156253
1.0,13,279.156683
1.0,83,279.159117
1.0,12,279.159521
1.0,84,279.161967
1.0,19,279.162579
1.0,11,279.162953
1.0,28,279.163829
1.0,24,279.164578
1.0,48,279.166015
1.0,52,279.167562
1.0,68,279.169557
1.0,23,279.170284
1.0,26,279.171079
1.0,28,279.171937
1.0,19,279.172548
1.0,58,279.174266
1.0,28,279.175135
1.0,72,279.177243
1.0,22,279.177926
1.0,21,279.178594
0.0,100,279.181497
1.0,24,279.182253
0.0,100,279.185162
1.0,44,279.186481
1.0,14,279.186998
0.0,100,279.189932
1.0,20,279.190574
1.0,17,279.191129
1.0,86,279.193626
1.0,15,279.194125
0.0,100,279.197034
1.0,34,279.19807
1.0,29,279.198957
1.0,35,279.200017
1.0,28,279.20088
1.0,59,279.202629
1.0,70,279.204677
1.0,20,279.205344
1.0,8,279.205636
1.0,100,279.208565
1.0,44,279.209879
1.0,38,279.211026
1.0,23,279.21175
0.0,100,279.214685
1.0,47,279.216087
1.0,47,279.217502
1.0,72,279.219616
0.0,100,279.222549
1.0,34,279.22358
0.0,100,279.226513
1.0,52,279.228053
1.0,7,279.228325
1.0,91,279.230971
1.0,57,279.232664
1.0,13,279.233103
1.0,30,279.234013
1.0,60,279.235784
1.0,66,279.23773
0.0,100,279.240631
1.0,35,279.241697
1.0,48,279.243135
1.0,6,279.243371
1.0,14,279.243828
1.0,25,279.244608
1.0,65,279.24653
1.0,47,279.247931
1.0,19,279.248542
1.0,94,279.251284
0.0,100,279.254186
1.0,61,279.25599
1.0,26,279.2568
0.0,100,279.259722
1.0,55,279.261358
1.0,14,279.261817
1.0,85,279.264293
0.0,100,279.267222
0.0,100,279.270136
1.0,21,279.270792
1.0,7,279.271055
1.0,32,279.27203
1.0,23,279.272752
1.0,29,279.273645
1.0,53,279.275229
1.0,33,279.276237
1.0,28,279.277089
1.0,58,279.278808
1.0,26,279.279614
1.0,29,279.280506
1.0,13,279.280937
1.0,99,279.283816
0.0,100,279.286728
0.0,100,279.289737
1.0,74,279.291907
1.0,27,279.29275
1.0,41,279.293979
1.0,13,279.294421
1.0,21,279.295074
1.0,44,279.296405
0.0,100,279.299313
1.0,15,279.299802
1.0,19,279.30041
1.0,15,279.300897
1.0,89,279.303496
1.0,12,279.303899
1.0,11,279.304286
1.0,14,279.304747
1.0,100,279.307674
1.0,45,279.309022
0.0,100,279.311934
1.0,23,279.31266
1.0,37,279.313775
1.0,35,279.314841
1.0,57,279.316538
1.0,29,279.317435
1.0,57,279.319117
1.0,19,279.319718
1.0,54,279.321322
0.0,100,279.324235
0.0,100,279.327147
1.0,75,279.329348
1.0,78,279.331621
0.0,100,279.334547
1.0,29,279.335444
1.0,20,279.336073
1.0,56,279.337724
1.0,37,279.338837
1.0,51,279.340353
0.0,100,279.343272
1.0,40,279.344476
1.0,72,279.346602
1.0,60,279.348376
1.0,63,279.350243
1.0,8,279.350535
1.0,10,279.350881
1.0,89,279.353486
1.0,31,279.354443
1.0,17,279.354987
1.0,37,279.356123
1.0,20,279.356753
1.0,16,279.357277
1.0,79,279.359589
1.0,18,279.360172
1.0,41,279.361403
0.0,100,279.364325
0.0,100,279.367239
1.0,38,279.36839
1.0,12,279.368795
0.0,100,279.371705
1.0,30,279.372624
1.0,25,279.373402
1.0,11,279.373775
1.0,84,279.376249
1.0,28,279.377111
1.0,9,279.377431
1.0,45,279.378768
1.0,39,279.379942
1.0,17,279.380498
1.0,62,279.382331
1.0,23,279.383043
1.0,29,279.383933
1.0,6,279.384178
1.0,52,279.385725
1.0,94,279.388468
1.0,50,279.390017
1.0,23,279.390745
1.0,21,279.391416
1.0,40,279.392615
0.0,100,279.395548
1.0,41,279.396774
1.0,14,279.397247
1.0,24,279.397986
0.0,100,279.400907
1.0,82,279.4033
1.0,35,279.404363
1.0,16,279.404878
1.0,33,279.405898
1.0,9,279.406229
1.0,84,279.408697
1.0,44,279.410013
1.0,54,279.411624
1.0,48,279.413047
1.0,23,279.413765
1.0,21,279.41443
1.0,27,279.415273
1.0,92,279.417939
1.0,87,279.420483
1.0,79,279.422783
1.0,70,279.424844
1.0,58,279.426568
1.0,21,279.427236
1.0,41,279.428464
1.0,8,279.428755
1.0,43,279.430039
1.0,14,279.430513
1.0,28,279.43138
1.0,36,279.432471
1.0,30,279.433391
1.0,21,279.434051
1.0,28,279.43491
1.0,13,279.435359
1.0,69,279.437388
1.0,26,279.438198
1.0,65,279.440115
0.0,100,279.443024
1.0,80,279.445375
1.0,28,279.446246
1.0,41,279.447473
1.0,78,279.449761
1.0,39,279.450932
1.0,69,279.452967
1.0,35,279.454025
0.0,100,279.456949
1.0,36,279.458041
1.0,32,279.45902
1.0,58,279.460735
1.0,13,279.461178
1.0,29,279.462056
1.0,63,279.46391
1.0,24,279.46466
1.0,98,279.467518
1.0,21,279.468182
1.0,21,279.468854
1.0,19,279.469467
1.0,12,279.46987
1.0,13,279.47031
1.0,30,279.471229
1.0,25,279.471995
0.0,100,279.474913
1.0,54,279.476524
1.0,17,279.477069
1.0,74,279.479248
1.0,41,279.480479
1.0,9,279.480798
1.0,70,279.48286
1.0,26,279.483666
1.0,84,279.48614
1.0,42,279.487397
1.0,94,279.490142
1.0,86,279.492721
1.0,59,279.494477
1.0,15,279.494965
1.0,17,279.495526
1.0,33,279.49654
1.0,19,279.497153
1.0,95,279.499913
1.0,12,279.50033
1.0,17,279.500874
1.0,12,279.501286
0.0,100,279.504195
1.0,26,279.504992
1.0,39,279.506181
1.0,22,279.506868
1.0,7,279.507141
1.0,19,279.507741
1.0,58,279.509459
1.0,16,279.509977
1.0,30,279.510896
1.0,31,279.511847
1.0,8,279.512148
1.0,27,279.512974
0.0,100,279.515893
1.0,15,279.516394
1.0,35,279.517454
1.0,25,279.518234
1.0,31,279.519181
1.0,93,279.521889
1.0,20,279.522531
1.0,80,279.524878
1.0,74,279.527053
1.0,41,279.52829
1.0,89,279.530875
1.0,60,279.532652
1.0,76,279.534878
1.0,14,279.535357
1.0,34,279.536385
1.0,40,279.537584
1.0,24,279.538335
1.0,59,279.540069
1.0,71,279.542154
1.0,13,279.542589
1.0,29,279.543481
1.0,30,279.544404
1.0,49,279.545861
1.0,50,279.547355
1.0,56,279.549004
1.0,12,279.549418
1.0,72,279.551523
1.0,21,279.552193
1.0,31,279.553139
1.0,36,279.554232
1.0,33,279.555238
0.0,100,279.558147
0.0,100,279.561049
0.0,100,279.563958
1.0,54,279.565567
1.0,40,279.566768
1.0,12,279.567181
1.0,17,279.567723
0.0,100,279.570632
1.0,16,279.57116
1.0,30,279.572068
1.0,20,279.572705
1.0,15,279.573205
1.0,18,279.573778
1.0,23,279.574502
1.0,92,279.577202
1.0,33,279.578204
1.0,85,279.580678
1.0,75,279.582869
1.0,35,279.583936
1.0,16,279.584462
1.0,29,279.585359
1.0,18,279.585929
1.0,23,279.586655
1.0,50,279.588145
1.0,36,279.589236
1.0,49,279.590688
1.0,40,279.591948
1.0,47,279.593363
1.0,53,279.594937
1.0,68,279.59694
1.0,92,279.599637
1.0,37,279.600752
1.0,19,279.601363
1.0,75,279.603556
1.0,40,279.604762
1.0,45,279.606119
1.0,20,279.606749
1.0,36,279.607836
1.0,31,279.608796
1.0,18,279.609379
1.0,9,279.609699
1.0,39,279.610871
1.0,30,279.611794
1.0,59,279.613537
1.0,27,279.614375
1.0,65,279.616298
1.0,15,279.616786
1.0,14,279.617257
0.0,100,279.620177
1.0,34,279.621204
0.0,100,279.624121
1.0,62,279.62594
1.0,88,279.628529
1.0,8,279.628821
1.0,36,279.62991
0.0,100,279.632825
1.0,62,279.634663
1.0,20,279.635308
1.0,13,279.635742
1.0,54,279.637338
1.0,50,279.638819
1.0,86,279.641332
1.0,11,279.641708
1.0,11,279.642081
1.0,44,279.6434
1.0,20,279.644027
1.0,67,279.646004
1.0,35,279.647063
1.0,81,279.649441
1.0,10,279.649788
1.0,15,279.650285
1.0,27,279.651114
1.0,32,279.652078
1.0,97,279.654889
0.0,100,279.657819
1.0,16,279.658347
1.0,25,279.659124
1.0,61,279.660914
1.0,36,279.662009
1.0,22,279.662704
1.0,96,279.665516
1.0,39,279.666688
1.0,72,279.6688
1.0,26,279.669605
1.0,34,279.670638
0.0,100,279.673547
1.0,56,279.675216
1.0,55,279.676836
1.0,37,279.677959
1.0,31,279.678907
1.0,94,279.681659
0.0,100,279.684581
1.0,64,279.686477
1.0,14,279.686937
1.0,30,279.687856
1.0,16,279.688383
1.0,44,279.689695
1.0,43,279.690981
1.0,70,279.693137
1.0,19,279.693738
1.0,61,279.695553
1.0,87,279.698079
1.0,9,279.698406
1.0,44,279.699713
0.0,100,279.702626
1.0,47,279.70402
1.0,86,279.706549
0.0,100,279.709452
1.0,27,279.710294
1.0,44,279.711604
1.0,31,279.71255
1.0,6,279.712783
1.0,21,279.713449
1.0,40,279.714642
1.0,23,279.715374
1.0,39,279.716544
1.0,91,279.71921
1.0,19,279.719809
1.0,56,279.721473
0.0,100,279.724398
1.0,34,279.725443
1.0,25,279.726226
1.0,65,279.728148
0.0,100,279.731047
1.0,79,279.733369
1.0,84,279.735828
1.0,91,279.738484
0.0,100,279.741387
1.0,20,279.742018
1.0,58,279.743735
1.0,40,279.744939
1.0,25,279.745723
1.0,49,279.747187
1.0,48,279.748605
1.0,17,279.749162
1.0,16,279.749675
1.0,52,279.751226
1.0,13,279.751659
1.0,25,279.752438
1.0,30,279.753359
1.0,34,279.75439
1.0,69,279.75642
0.0,100,279.759333
1.0,28,279.760194
1.0,25,279.760963
1.0,82,279.76337
1.0,22,279.764072
1.0,7,279.764343
0.0,100,279.767273
1.0,29,279.768162
1.0,64,279.770041
1.0,10,279.770398
1.0,35,279.771463
1.0,48,279.772886
1.0,33,279.773896
1.0,34,279.774928
0.0,100,279.777855
0.0,100,279.780764
0.0,100,279.78368
1.0,67,279.785655
1.0,94,279.788395
1.0,33,279.789397
1.0,66,279.791338
1.0,17,279.791881
1.0,37,279.792998
1.0,46,279.794374
1.0,14,279.794833
1.0,33,279.795837
1.0,63,279.797698
1.0,14,279.798168
1.0,55,279.799857
1.0,43,279.801153
1.0,24,279.801895
1.0,18,279.802479
0.0,100,279.805407
1.0,63,279.807269
1.0,7,279.807535
1.0,29,279.808433
1.0,46,279.809805
1.0,23,279.810529
1.0,17,279.811077
1.0,70,279.813134
1.0,31,279.814074
1.0,65,279.815988
1.0,51,279.817516
1.0,40,279.818718
1.0,25,279.819497
1.0,75,279.821693
0.0,100,279.824606
1.0,16,279.825137
1.0,15,279.825626
1.0,8,279.825918
1.0,26,279.82673
0.0,100,279.829635
1.0,68,279.831636
1.0,70,279.833698
0.0,100,279.836626
1.0,51,279.838144
1.0,39,279.839322
1.0,54,279.840905
1.0,14,279.841376
1.0,45,279.842716
0.0,100,279.845635
1.0,58,279.847352
1.0,27,279.848191
1.0,78,279.850482
1.0,17,279.851027
0.0,100,279.853943
1.0,23,279.85467
1.0,50,279.856172
1.0,53,279.857744
1.0,52,279.859293
1.0,73,279.861431
1.0,52,279.862967
1.0,79,279.865296
0.0,100,279.868211
1.0,33,279.869217
1.0,34,279.870253
1.0,20,279.870883
1.0,59,279.872632
1.0,44,279.873945
1.0,78,279.876239
1.0,38,279.877388
1.0,68,279.879386
1.0,17,279.879931
1.0,34,279.880961
1.0,17,279.881516
1.0,78,279.883808
1.0,28,279.884677
1.0,100,279.887604
1.0,22,279.888304
1.0,30,279.889225
1.0,28,279.890079
1.0,19,279.890687
1.0,9,279.891005
1.0,46,279.892381
1.0,13,279.892812
0.0,100,279.895721
1.0,25,279.896503
1.0,23,279.897228
1.0,23,279.897942
1.0,82,279.900347
0.0,100,279.903338
1.0,94,279.906073
0.0,100,279.908994
1.0,23,279.909721
1.0,9,279.910042
1.0,40,279.911249
1.0,16,279.911769
1.0,68,279.913772
1.0,29,279.914667
1.0,30,279.915594
1.0,38,279.916745
1.0,83,279.919172
1.0,94,279.921902
1.0,93,279.924611
1.0,46,279.925991
1.0,15,279.926493
1.0,49,279.927948
1.0,15,279.928447
1.0,27,279.929284
1.0,18,279.929853
1.0,25,279.930632
0.0,100,279.933534
1.0,14,279.933995
1.0,19,279.934608
1.0,72,279.93674
1.0,17,279.937296
1.0,16,279.937811
1.0,29,279.938704
1.0,19,279.939321
1.0,99,279.942196
1.0,27,279.943022
1.0,27,279.943856
1.0,18,279.944438
1.0,15,279.944927
1.0,10,279.945291
1.0,75,279.947485
0.0,100,279.950402
1.0,12,279.950806
1.0,56,279.952466
1.0,36,279.953553
1.0,53,279.955134
0.0,100,279.958038
1.0,23,279.958761
1.0,30,279.959682
1.0,40,279.960884
1.0,21,279.961553
1.0,99,279.964437
1.0,78,279.966709
1.0,93,279.969418
1.0,24,279.970166
1.0,25,279.970932
1.0,26,279.971737
0.0,100,279.974656
0.0,100,279.977567
1.0,40,279.978771
1.0,54,279.980371
1.0,20,279.981
1.0,14,279.981471
1.0,63,279.983355
1.0,25,279.984138
1.0,76,279.986377
1.0,71,279.988467
1.0,23,279.989193
1.0,21,279.98985
1.0,60,279.991638
1.0,49,279.993094
0.0,100,279.996028
1.0,37,279.997156
1.0,47,279.998559
1.0,25,279.999361
1.0,28,280.000227
1.0,12,280.000633
1.0,26,280.001504
1.0,32,280.002491
1.0,32,280.003479
0.0,100,280.006423
1.0,48,280.007858
0.0,100,280.010783
1.0,37,280.011909
1.0,40,280.013119
1.0,67,280.015086
1.0,32,280.016067
1.0,78,280.018363
1.0,82,280.020764
1.0,62,280.022612
1.0,12,280.023019
1.0,41,280.024264
1.0,86,280.026786
1.0,15,280.027288
1.0,58,280.028997
0.0,100,280.031929
1.0,43,280.033227
1.0,28,280.03408
1.0,52,280.035632
0.0,100,280.038555
0.0,100,280.041465
1.0,10,280.041814
0.0,100,280.044734
1.0,33,280.04575
1.0,24,280.046504
1.0,18,280.047079
1.0,63,280.048939
1.0,50,280.05044
1.0,35,280.051502
1.0,99,280.054384
1.0,46,280.055757
1.0,31,280.05671
1.0,16,280.057237
1.0,32,280.058219
1.0,10,280.058566
1.0,64,280.060461
1.0,76,280.062694
1.0,41,280.063931
0.0,100,280.066858
1.0,60,280.068648
1.0,21,280.069319
1.0,91,280.071972
1.0,38,280.073135
1.0,11,280.073514
1.0,16,280.074043
1.0,90,280.076683
1.0,12,280.077086
1.0,32,280.078063
1.0,31,280.079005
1.0,43,280.080305
0.0,100,280.083222
0.0,100,280.086163
1.0,31,280.087114
1.0,53,280.088692
1.0,42,280.089951
1.0,46,280.091342
1.0,13,280.091775
1.0,20,280.092416
1.0,37,280.093534
1.0,96,280.096349
1.0,37,280.097468
1.0,10,280.097816
1.0,42,280.099079
1.0,40,280.100294
1.0,47,280.101692
1.0,46,280.103064
0.0,100,280.105983
1.0,37,280.10712
1.0,63,280.109033
1.0,40,280.110257
1.0,66,280.112213
1.0,32,280.113196
1.0,46,280.11457
1.0,90,280.117218
1.0,56,280.11887
0.0,100,280.121799
1.0,58,280.123513
1.0,93,280.126249
1.0,48,280.127672
1.0,31,280.128621
1.0,43,280.129902
1.0,48,280.131343
1.0,35,280.1324
1.0,48,280.133828
1.0,29,280.134721
0.0,100,280.137665
1.0,51,280.139184
1.0,63,280.141037
1.0,89,280.143628
1.0,90,280.146269
1.0,44,280.147579
1.0,65,280.149492
1.0,20,280.150127
1.0,38,280.15127
1.0,25,280.152037
1.0,20,280.152679
1.0,82,280.155075
1.0,49,280.156548
1.0,17,280.157089
1.0,73,280.159239
1.0,78,280.161517
1.0,52,280.163061
1.0,70,280.165131
1.0,33,280.166137
1.0,89,280.168728
1.0,37,280.169848
1.0,36,280.17094
1.0,28,280.171814
1.0,90,280.174444
1.0,31,280.175405
1.0,10,280.175751
0.0,100,280.178668
1.0,52,280.18022
1.0,22,280.180907
1.0,22,280.181598
1.0,7,280.181863
1.0,40,280.183062
1.0,27,280.183897
1.0,50,280.185399
1.0,97,280.188233
1.0,27,280.189058
1.0,37,280.190182
1.0,37,280.191298
0.0,100,280.19422
1.0,34,280.195258
1.0,22,280.195946
1.0,40,280.197156
1.0,47,280.198564
1.0,67,280.200539
1.0,82,280.202948
0.0,100,280.205862
1.0,15,280.206366
0.0,100,280.209281
1.0,25,280.210055
1.0,39,280.211231
1.0,48,280.212666
1.0,12,280.213071
1.0,44,280.214392
1.0,36,280.215561
1.0,36,280.216656
1.0,18,280.217241
1.0,8,280.217534
0.0,100,280.220465
1.0,85,280.222954
1.0,21,280.223621
0.0,100,280.226548
1.0,24,280.227302
1.0,46,280.228675
1.0,53,280.230253
1.0,26,280.231054
1.0,37,280.232181
1.0,46,280.233557
1.0,20,280.234195
1.0,52,280.235748
1.0,47,280.237162
0.0,100,280.240069
1.0,17,280.240621
1.0,32,280.241601
1.0,33,280.242604
1.0,94,280.245359
1.0,48,280.24679
1.0,25,280.247568
1.0,61,280.24937
1.0,16,280.249887
1.0,59,280.25163
1.0,47,280.253035
1.0,38,280.254192
1.0,44,280.255515
1.0,18,280.256087
1.0,24,280.256836
0.0,100,280.259748
1.0,21,280.260418
1.0,37,280.261534
1.0,20,280.262177
1.0,30,280.263089
1.0,48,280.264539
1.0,21,280.265215
1.0,15,280.265703
1.0,36,280.266793
0.0,100,280.26972
1.0,66,280.271664
1.0,66,280.27362
0.0,100,280.276537
1.0,73,280.278686
0.0,100,280.281604
1.0,65,280.283527
0.0,100,280.286448
1.0,70,280.288511
0.0,100,280.291422
1.0,31,280.292373
1.0,54,280.293969
1.0,51,280.295503
1.0,45,280.296846
1.0,27,280.297686
0.0,100,280.300588
1.0,31,280.301541
1.0,82,280.303939
0.0,100,280.306881
1.0,15,280.307381
1.0,34,280.308414
1.0,58,280.310137
1.0,51,280.311652
1.0,40,280.312853
1.0,99,280.316488
1.0,24,280.317279
1.0,32,280.318266
0.0,100,280.321214
1.0,46,280.322669
1.0,15,280.323176
1.0,35,280.324252
1.0,33,280.325269
1.0,14,280.325732
0.0,100,280.32867
1.0,23,280.329401
1.0,52,280.330948
1.0,61,280.332771
1.0,19,280.333388
1.0,33,280.334397
0.0,100,280.337322
1.0,73,280.339472
1.0,22,280.340173
1.0,89,280.342776
1.0,35,280.343839
1.0,97,280.3467
1.0,74,280.348866
1.0,62,280.350712
1.0,98,280.353587
1.0,69,280.355634
0.0,100,280.358573
1.0,20,280.359217
0.0,100,280.36216
1.0,73,280.364326
1.0,45,280.365687
0.0,100,280.368638
1.0,40,280.369843
1.0,80,280.372214
1.0,7,280.37248
1.0,28,280.373353
1.0,39,280.374534
1.0,50,280.376043
1.0,38,280.377204
1.0,59,280.378958
1.0,12,280.379378
1.0,91,280.382047
1.0,44,280.383377
1.0,22,280.384073
1.0,52,280.385629
1.0,37,280.386754
1.0,37,280.387878
1.0,37,280.389006
1.0,50,280.390495
0.0,100,280.393435
0.0,100,280.396369
0.0,100,280.399293
1.0,24,280.400039
1.0,93,280.402773
1.0,36,280.403872
1.0,50,280.405383
1.0,11,280.405763
1.0,67,280.407755
0.0,100,280.410691
1.0,63,280.412566
1.0,25,280.413354
0.0,100,280.416293
1.0,52,280.417849
1.0,29,280.41875
0.0,100,280.421664
1.0,65,280.423589
1.0,64,280.425503
1.0,35,280.426576
1.0,14,280.42704
1.0,87,280.429611
1.0,44,280.430946
1.0,81,280.433341
1.0,8,280.433635
1.0,40,280.434905
0.0,100,280.437832
1.0,31,280.438783
1.0,42,280.440049
1.0,67,280.442014
1.0,54,280.443637
1.0,57,280.445338
0.0,100,280.448269
1.0,35,280.449336
0.0,100,280.452259
1.0,93,280.454976
1.0,65,280.456905
1.0,47,280.45833
1.0,30,280.459247
1.0,17,280.459794
1.0,41,280.461029
1.0,89,280.463635
1.0,62,280.465484
1.0,54,280.467079
1.0,69,280.469105
1.0,37,280.470232
1.0,32,280.471212
1.0,36,280.472311
1.0,59,280.474053
1.0,11,280.474439
1.0,54,280.476038
1.0,31,280.476992
1.0,59,280.478746
1.0,35,280.479819
1.0,18,280.480406
1.0,36,280.481507
0.0,100,280.484435
1.0,29,280.485344
1.0,33,280.486354
1.0,44,280.487678
1.0,60,280.489464
1.0,31,280.490421
1.0,33,280.491429
1.0,12,280.491836
1.0,43,280.493142
0.0,100,280.496066
1.0,24,280.496826
1.0,17,280.497384
1.0,40,280.498581
1.0,23,280.499308
1.0,57,280.501004
1.0,68,280.503024
1.0,86,280.505559
0.0,100,280.508488
1.0,11,280.508869
0.0,100,280.51181
1.0,48,280.513249
1.0,68,280.515274
1.0,57,280.516965
1.0,23,280.517697
1.0,30,280.51862
1.0,57,280.520307
1.0,55,280.521938
1.0,72,280.524058
1.0,33,280.525068
1.0,50,280.526574
1.0,32,280.527555
1.0,9,280.527878
1.0,40,280.529085
0.0,100,280.532017
1.0,77,280.534302
1.0,35,280.535459
1.0,47,280.536867
1.0,52,280.538433
1.0,69,280.54048
1.0,34,280.541521
0.0,100,280.544453
0.0,100,280.547402
1.0,34,280.54844
1.0,12,280.548849
1.0,86,280.551366
1.0,18,280.551946
1.0,17,280.552504
1.0,24,280.553258
1.0,85,280.555766
1.0,91,280.558455
1.0,66,280.560417
1.0,81,280.562796
0.0,100,280.565713
0.0,100,280.568645
1.0,45,280.569997
1.0,40,280.57122
1.0,17,280.571766
1.0,90,280.57442
1.0,22,280.575122
1.0,28,280.575981
1.0,18,280.576567
1.0,18,280.577155
1.0,33,280.578166
1.0,19,280.578771
1.0,25,280.57955
1.0,31,280.580503
1.0,90,280.583143
1.0,16,280.583659
1.0,45,280.585006
1.0,42,280.586298
1.0,41,280.587535
1.0,89,280.590164
1.0,66,280.592124
1.0,23,280.592844
1.0,36,280.593935
1.0,44,280.595274
1.0,79,280.597578
0.0,100,280.600497
1.0,87,280.603045
1.0,33,280.604059
1.0,15,280.604557
0.0,100,280.607502
1.0,20,280.608149
1.0,60,280.609914
1.0,86,280.612454
1.0,31,280.613411
0.0,100,280.616349
1.0,29,280.617256
1.0,53,280.618829
1.0,66,280.62078
1.0,25,280.621571
0.0,100,280.624516
1.0,25,280.62531
1.0,49,280.626783
1.0,83,280.629225
1.0,9,280.629546
1.0,38,280.630694
1.0,91,280.633371
1.0,34,280.63441
1.0,17,280.63496
1.0,30,280.635886
1.0,10,280.636304
1.0,54,280.637907
1.0,63,280.639772
1.0,98,280.642641
1.0,25,280.643423
0.0,100,280.64634
1.0,9,280.646663
1.0,36,280.647761
1.0,81,280.650155
0.0,100,280.653078
1.0,21,280.653746
1.0,49,280.655211
1.0,16,280.65573
1.0,16,280.656258
1.0,90,280.658886
1.0,34,280.659918
1.0,54,280.661523
1.0,62,280.663368
1.0,20,280.663996
1.0,19,280.664609
0.0,100,280.667559
0.0,100,280.670504
1.0,79,280.67284
1.0,20,280.673484
1.0,16,280.674003
0.0,100,280.676933
1.0,23,280.677667
1.0,61,280.679482
1.0,71,280.681583
1.0,33,280.68259
1.0,35,280.683652
1.0,20,280.684292
1.0,39,280.685467
1.0,64,280.687363
0.0,100,280.690281
1.0,49,280.69174
0.0,100,280.694673
1.0,39,280.695863
1.0,29,280.696756
1.0,25,280.697541
1.0,14,280.698007
1.0,38,280.699169
1.0,20,280.699805
1.0,12,280.700221
1.0,41,280.70146
1.0,22,280.702157
1.0,27,280.702979
1.0,89,280.705573
1.0,26,280.706382
1.0,66,280.708338
1.0,19,280.708943
1.0,8,280.709244
1.0,74,280.711427
0.0,100,280.714354
1.0,7,280.714622
1.0,42,280.715887
1.0,76,280.718143
0.0,100,280.721056
1.0,31,280.72201
1.0,82,280.724427
1.0,17,280.724974
1.0,21,280.725648
1.0,63,280.727507
1.0,33,280.728521
0.0,100,280.73145
1.0,25,280.732237
1.0,63,280.734084
1.0,34,280.735133
1.0,38,280.736301
1.0,80,280.738734
1.0,82,280.741176
1.0,50,280.742669
1.0,33,280.743694
1.0,22,280.744399
1.0,38,280.745572
1.0,44,280.746905
1.0,65,280.748858
0.0,100,280.751783
1.0,8,280.752078
1.0,40,280.753297
1.0,71,280.755393
1.0,40,280.756605
1.0,11,280.756984
1.0,73,280.759158
1.0,60,280.760952
1.0,14,280.761427
0.0,100,280.764373
1.0,19,280.764976
1.0,73,280.767153
1.0,49,280.768621
1.0,16,280.769156
1.0,30,280.770067
1.0,53,280.771653
1.0,49,280.773129
1.0,55,280.774759
1.0,68,280.776781
1.0,22,280.777485
1.0,22,280.778185
0.0,100,280.781138
1.0,34,280.782178
1.0,52,280.783735
1.0,15,280.784238
1.0,50,280.785739
1.0,13,280.786186
1.0,36,280.787282
1.0,29,280.788182
1.0,29,280.789076
1.0,24,280.789848
1.0,16,280.790381
1.0,39,280.791575
1.0,35,280.792645
1.0,22,280.793348
1.0,39,280.794528
1.0,73,280.796677
1.0,60,280.798469
1.0,24,280.799225
1.0,6,280.799462
1.0,96,280.802276
1.0,19,280.80288
1.0,17,280.803438
1.0,68,280.805468
1.0,26,280.806288
1.0,17,280.806836
0.0,100,280.809778
1.0,49,280.811261
1.0,76,280.813488
1.0,16,280.814008
1.0,22,280.814708
1.0,46,280.816109
1.0,15,280.816601
1.0,18,280.817187
1.0,13,280.81762
1.0,12,280.818024
1.0,32,280.819006
1.0,8,280.819311
1.0,79,280.821628
1.0,91,280.824318
1.0,37,280.825454
1.0,28,280.826329
1.0,11,280.826707
1.0,51,280.82824
1.0,27,280.829063
1.0,26,280.829876
1.0,11,280.830265
1.0,49,280.831737
1.0,44,280.833061
1.0,60,280.834855
1.0,36,280.835963
1.0,81,280.838364
1.0,20,280.839055
1.0,12,280.83947
1.0,16,280.839985
1.0,13,280.84043
1.0,68,280.842443
1.0,14,280.842909
1.0,50,280.844411
1.0,21,280.845073
1.0,44,280.846401
1.0,59,280.848164
1.0,10,280.848516
1.0,28,280.849389
1.0,36,280.850488
1.0,48,280.851928
1.0,46,280.853322
1.0,30,280.854259
1.0,21,280.854923
0.0,100,280.857868
1.0,50,280.859366
1.0,39,280.860542
1.0,42,280.861801
0.0,100,280.864728
0.0,100,280.867659
1.0,31,280.86861
1.0,15,280.869107
1.0,79,280.871433
1.0,19,280.872036
1.0,29,280.87293
1.0,23,280.873658
1.0,48,280.875086
1.0,27,280.87593
1.0,38,280.877082
0.0,100,280.880006
1.0,94,280.882782
0.0,100,280.88573
1.0,28,280.886603
1.0,8,280.886897
1.0,44,280.88823
1.0,28,280.889104
1.0,11,280.889486
1.0,77,280.891742
1.0,26,280.892554
1.0,53,280.894123
1.0,24,280.894868
1.0,41,280.896122
1.0,35,280.897193
1.0,25,280.897967
1.0,41,280.89921
1.0,15,280.899703
1.0,68,280.901724
1.0,21,280.902402
1.0,67,280.904385
1.0,96,280.907215
1.0,34,280.908255
1.0,72,280.910384
1.0,21,280.911047
1.0,22,280.911746
1.0,99,280.914646
1.0,26,280.915463
1.0,67,280.917442
1.0,66,280.919396
1.0,42,280.92066
0.0,100,280.92359
1.0,23,280.924314
1.0,18,280.924885
1.0,19,280.925504
1.0,24,280.926261
1.0,15,280.926752
1.0,48,280.928196
1.0,13,280.928631
1.0,55,280.930258
1.0,51,280.931774
1.0,15,280.932279
1.0,9,280.9326
1.0,33,280.933607
1.0,22,280.934309
1.0,37,280.93544
0.0,100,280.938379
1.0,56,280.940124
1.0,7,280.94039
1.0,70,280.942452
1.0,21,280.943123
1.0,80,280.945484
1.0,56,280.94716
1.0,32,280.948135
1.0,26,280.948934
1.0,26,280.949741
0.0,100,280.952679
1.0,25,280.953467
1.0,33,280.954478
1.0,62,280.956332
1.0,7,280.956598
0.0,100,280.959518
1.0,80,280.961859
0.0,100,280.9648
1.0,37,280.965925
1.0,40,280.967147
1.0,26,280.96795
1.0,93,280.970668
0.0,100,280.973595
1.0,25,280.974378
0.0,100,280.977315
1.0,20,280.977946
1.0,15,280.978446
1.0,44,280.979773
1.0,54,280.981393
1.0,99,280.984305
1.0,26,280.985122
1.0,59,280.986867
1.0,94,280.989631
1.0,38,280.990786
1.0,50,280.992298
1.0,27,280.993135
1.0,38,280.994282
1.0,63,280.996164
1.0,9,280.99649
1.0,15,280.99698
1.0,58,280.998719
0.0,100,281.001661
1.0,16,281.002195
1.0,95,281.004985
0.0,100,281.007922
1.0,43,281.009243
1.0,30,281.010166
1.0,9,281.010487
1.0,10,281.010834
1.0,41,281.012066
1.0,46,281.01346
0.0,100,281.016419
1.0,44,281.017747
1.0,55,281.019409
1.0,57,281.021106
1.0,6,281.021344
1.0,22,281.022032
1.0,42,281.023303
1.0,74,281.025494
1.0,32,281.026483
1.0,65,281.028405
1.0,31,281.029361
1.0,13,281.029796
1.0,60,281.031583
1.0,39,281.032759
1.0,63,281.03462
1.0,29,281.035519
1.0,44,281.036848
0.0,100,281.039782
1.0,10,281.040143
1.0,12,281.040547
1.0,13,281.040981
1.0,39,281.042177
1.0,31,281.04313
1.0,26,281.043995
1.0,64,281.045902
1.0,21,281.046579
1.0,8,281.046872
1.0,12,281.047287
1.0,23,281.048001
1.0,12,281.048418
1.0,17,281.048964
1.0,51,281.050499
1.0,40,281.05171
1.0,40,281.052923
0.0,100,281.055861
1.0,18,281.056454
1.0,58,281.058186
1.0,89,281.060804
0.0,100,281.06373
1.0,19,281.064347
1.0,31,281.0653
1.0,14,281.06576
1.0,42,281.067016
1.0,6,281.067263
1.0,33,281.068271
1.0,16,281.068789
1.0,18,281.069371
1.0,22,281.070059
1.0,54,281.071667
1.0,24,281.072424
1.0,57,281.074121
0.0,100,281.077034
1.0,73,281.07919
1.0,78,281.081486
1.0,88,281.084055
1.0,70,281.086136
0.0,100,281.089046
0.0,100,281.091979
1.0,56,281.09365
0.0,100,281.096593
1.0,14,281.097056
1.0,34,281.098095
1.0,98,281.100966
1.0,11,281.101358
1.0,30,281.102283
1.0,24,281.103021
1.0,50,281.104509
1.0,21,281.105183
0.0,100,281.108108
1.0,38,281.109267
0.0,100,281.112199
1.0,32,281.11318
1.0,42,281.114442
1.0,14,281.114907
0.0,100,281.117838
1.0,38,281.118988
1.0,44,281.120321
0.0,100,281.123246
1.0,33,281.124256
1.0,72,281.126388
1.0,10,281.126736
1.0,33,281.127752
1.0,43,281.129053
1.0,76,281.131299
1.0,53,281.132879
1.0,21,281.133551
1.0,63,281.13541
1.0,42,281.136677
1.0,90,281.139328
1.0,21,281.139987
1.0,43,281.14129
1.0,22,281.141975
1.0,12,281.142391
1.0,34,281.143426
1.0,29,281.144317
1.0,69,281.14643
1.0,12,281.146841
1.0,61,281.148666
1.0,22,281.149367
1.0,42,281.150629
1.0,38,281.151776
1.0,25,281.152559
1.0,16,281.153078
1.0,37,281.154214
0.0,100,281.157162
1.0,46,281.158541
1.0,77,281.160804
1.0,62,281.162644
1.0,12,281.163051
1.0,14,281.16352
1.0,6,281.163755
1.0,9,281.164074
0.0,100,281.167012
1.0,90,281.169676
1.0,16,281.170208
1.0,56,281.17187
1.0,29,281.172771
1.0,21,281.173439
1.0,40,281.17465
1.0,44,281.175976
1.0,15,281.176478
1.0,30,281.177411
1.0,34,281.17844
1.0,50,281.179939
1.0,73,281.182073
1.0,14,281.182542
1.0,16,281.183059
1.0,40,281.184274
1.0,18,281.184849
1.0,75,281.187062
0.0,100,281.189981
1.0,8,281.190289
0.0,100,281.193207
1.0,13,281.193642
1.0,98,281.196521
1.0,40,281.197729
1.0,14,281.1982
1.0,65,281.200136
1.0,34,281.201181
1.0,50,281.202685
1.0,68,281.204698
1.0,60,281.206525
1.0,27,281.20737
1.0,83,281.209805
1.0,79,281.212152
1.0,51,281.213682
1.0,68,281.215684
1.0,44,281.21701
1.0,53,281.218587
1.0,77,281.220864
0.0,100,281.223827
1.0,9,281.22416
1.0,38,281.225314
1.0,15,281.225806
0.0,100,281.228745
1.0,20,281.229396
1.0,91,281.232079
1.0,26,281.232885
1.0,30,281.233808
1.0,11,281.234196
1.0,8,281.234488
1.0,43,281.23579
1.0,56,281.237465
0.0,100,281.240423
1.0,65,281.242362
1.0,94,281.245133
1.0,38,281.246288
1.0,38,281.24751
1.0,45,281.24886
0.0,100,281.251789
1.0,15,281.252295
1.0,15,281.252787
1.0,40,281.253992
1.0,17,281.254552
1.0,31,281.255504
1.0,80,281.257862
1.0,15,281.258364
1.0,27,281.259201
1.0,16,281.259722
1.0,51,281.261245
1.0,42,281.26251
1.0,42,281.263772
0.0,100,281.266694
1.0,92,281.269421
1.0,85,281.27191
0.0,100,281.274823
1.0,33,281.275841
1.0,19,281.276457
1.0,17,281.277
1.0,6,281.277246
1.0,11,281.277622
1.0,98,281.280469
1.0,39,281.281648
1.0,15,281.282153
1.0,23,281.282866
1.0,98,281.285748
0.0,100,281.288689
1.0,31,281.289647
1.0,67,281.291627
1.0,13,281.292063
1.0,35,281.293131
1.0,34,281.294168
1.0,63,281.296027
1.0,45,281.297381
1.0,48,281.298815
1.0,44,281.300142
1.0,15,281.300629
1.0,36,281.301716
1.0,26,281.302528
1.0,46,281.303908
1.0,25,281.304688
1.0,14,281.305164
1.0,46,281.306538
1.0,42,281.307803
1.0,80,281.310153
1.0,45,281.311495
1.0,78,281.313766
1.0,31,281.314713
1.0,18,281.315305
1.0,67,281.317282
1.0,50,281.31877
1.0,74,281.320944
1.0,50,281.322444
1.0,45,281.323794
1.0,25,281.324591
1.0,11,281.324967
1.0,17,281.325526
1.0,46,281.326901
1.0,14,281.327377
1.0,24,281.32813
1.0,51,281.329632
1.0,41,281.330863
1.0,67,281.332833
1.0,59,281.334593
1.0,60,281.336389
0.0,100,281.339325
1.0,13,281.339763
0.0,100,281.342683
1.0,42,281.343936
1.0,32,281.344916
1.0,19,281.345533
1.0,19,281.34615
1.0,66,281.348113
1.0,56,281.349845
1.0,36,281.350949
1.0,47,281.352378
1.0,41,281.353604
1.0,23,281.354335
0.0,100,281.35728
1.0,36,281.358383
0.0,100,281.361327
0.0,100,281.364269
1.0,51,281.365796
1.0,51,281.367337
1.0,15,281.367831
0.0,100,281.370756
1.0,38,281.371912
1.0,68,281.373929
1.0,32,281.37491
1.0,70,281.376988
1.0,96,281.379803
1.0,62,281.381648
1.0,35,281.38272
1.0,54,281.384344
1.0,55,281.385988
1.0,82,281.388408
1.0,13,281.388844
1.0,86,281.39137
1.0,24,281.392127
1.0,6,281.392364
1.0,19,281.392967
1.0,54,281.394583
1.0,37,281.395715
1.0,99,281.398595
1.0,41,281.399834
1.0,45,281.401197
1.0,19,281.401801
1.0,18,281.402387
1.0,49,281.403834
1.0,40,281.405042
1.0,21,281.40572
1.0,15,281.406224
1.0,19,281.406829
1.0,69,281.408874
1.0,75,281.411069
1.0,82,281.413479
1.0,95,281.416275
1.0,70,281.418346
1.0,43,281.419639
0.0,100,281.422581
1.0,18,281.423172
1.0,88,281.425767
1.0,22,281.426468
1.0,18,281.427046
1.0,14,281.42752
1.0,62,281.429363
1.0,77,281.431625
1.0,56,281.433287
1.0,45,281.434633
0.0,100,281.437582
1.0,83,281.440025
1.0,29,281.440925
1.0,11,281.441316
1.0,46,281.442699
1.0,15,281.4432
1.0,42,281.444463
1.0,38,281.445612
1.0,77,281.447883
0.0,100,281.450812
1.0,9,281.451147
1.0,26,281.451956
1.0,64,281.453858
1.0,39,281.455042
1.0,87,281.457596
1.0,22,281.458296
1.0,50,281.45979
1.0,45,281.461204
1.0,62,281.463043
1.0,71,281.465146
1.0,38,281.466298
1.0,74,281.468472
0.0,100,281.471388
1.0,69,281.473426
1.0,34,281.474464
0.0,100,281.477386
0.0,100,281.480339
1.0,57,281.482028
1.0,91,281.484703
1.0,21,281.485381
1.0,19,281.485988
1.0,44,281.487315
1.0,93,281.490034
1.0,36,281.49114
1.0,93,281.493862
1.0,13,281.494309
0.0,100,281.497253
1.0,8,281.497548
1.0,84,281.500005
1.0,33,281.501014
1.0,15,281.501515
1.0,62,281.503356
1.0,54,281.50497
1.0,10,281.505337
1.0,31,281.506295
1.0,9,281.506617
1.0,13,281.507049
1.0,36,281.508142
1.0,26,281.508945
1.0,20,281.509586
1.0,20,281.510229
1.0,51,281.511735
0.0,100,281.514665
1.0,17,281.515228
1.0,31,281.516181
1.0,24,281.516922
1.0,9,281.517257
1.0,17,281.517803
1.0,16,281.518331
1.0,15,281.518821
1.0,71,281.520916
1.0,64,281.522812
1.0,16,281.523345
1.0,27,281.524179
1.0,15,281.524666
0.0,100,281.527596
1.0,60,281.529386
1.0,10,281.529737
0.0,100,281.532665
1.0,21,281.533335
1.0,63,281.535212
1.0,56,281.53686
1.0,14,281.537337
1.0,37,281.538457
0.0,100,281.541382
0.0,100,281.544309
1.0,9,281.544633
1.0,86,281.547172
1.0,77,281.549434
1.0,20,281.550064
1.0,51,281.551579
1.0,24,281.552339
1.0,67,281.554307
1.0,48,281.555743
1.0,31,281.556695
1.0,31,281.557647
1.0,49,281.559119
1.0,94,281.561867
1.0,98,281.564819
1.0,75,281.567052
0.0,100,281.569977
1.0,72,281.572106
1.0,21,281.572768
0.0,100,281.575684
0.0,100,281.578627
1.0,28,281.579496
1.0,17,281.580044
1.0,31,281.581001
1.0,26,281.581815
1.0,67,281.58381
0.0,100,281.586757
1.0,16,281.58729
0.0,100,281.590218
1.0,43,281.591522
1.0,15,281.592013
1.0,57,281.593702
1.0,71,281.595818
1.0,16,281.59635
1.0,51,281.597877
1.0,9,281.59821
1.0,15,281.598701
1.0,71,281.600786
1.0,85,281.603294
1.0,29,281.604193
1.0,13,281.604631
1.0,67,281.606627
1.0,73,281.608787
1.0,38,281.609935
1.0,61,281.611741
1.0,12,281.612162
0.0,100,281.615076
1.0,29,281.61598
1.0,23,281.616712
0.0,100,281.619629
1.0,51,281.621157
1.0,10,281.621509
1.0,14,281.621969
1.0,19,281.622584
1.0,22,281.62329
1.0,40,281.624494
1.0,66,281.626461
1.0,19,281.627063
1.0,12,281.627476
1.0,41,281.628714
1.0,24,281.629471
1.0,25,281.630258
1.0,69,281.63231
1.0,20,281.632939
1.0,86,281.635466
1.0,20,281.636094
1.0,35,281.637177
1.0,69,281.639249
1.0,8,281.639544
0.0,100,281.642485
1.0,93,281.645238
1.0,14,281.6457
1.0,55,281.647331
0.0,100,281.650267
1.0,22,281.65095
0.0,100,281.653888
1.0,74,281.656082
1.0,78,281.65837
1.0,100,281.661309
1.0,27,281.66215
1.0,65,281.664059
1.0,21,281.664731
1.0,38,281.665903
1.0,22,281.666608
1.0,32,281.667656
1.0,6,281.667894
1.0,72,281.67002
1.0,35,281.671103
1.0,46,281.672494
1.0,91,281.675169
1.0,18,281.675745
1.0,40,281.67694
1.0,27,281.677785
0.0,100,281.680711
1.0,77,281.682984
1.0,41,281.684228
1.0,15,281.68472
1.0,6,281.684955
1.0,47,281.686376
1.0,16,281.686891
1.0,9,281.687223
1.0,25,281.687998
1.0,63,281.689871
0.0,100,281.692797
1.0,88,281.695396
1.0,22,281.696082
1.0,47,281.697496
1.0,30,281.698423
1.0,40,281.699636
1.0,46,281.701013
1.0,36,281.702116
1.0,7,281.702381
1.0,62,281.704218
1.0,70,281.706294
1.0,57,281.707984
1.0,30,281.708912
1.0,17,281.709473
1.0,14,281.709936
0.0,100,281.712878
1.0,25,281.713668
1.0,65,281.715592
1.0,20,281.716235
1.0,46,281.717616
1.0,37,281.718731
1.0,37,281.719853
1.0,77,281.722124
1.0,21,281.722785
1.0,91,281.725479
1.0,21,281.726153
1.0,58,281.727854
1.0,29,281.728752
0.0,100,281.731686
1.0,30,281.73262
1.0,19,281.733235
1.0,34,281.734273
0.0,100,281.737204
1.0,77,281.739471
1.0,11,281.739849
1.0,31,281.740802
1.0,53,281.742387
1.0,46,281.743765
1.0,48,281.745215
1.0,12,281.745621
1.0,37,281.746747
1.0,80,281.74911
1.0,36,281.7502
1.0,28,281.751063
1.0,68,281.753072
1.0,53,281.754657
1.0,54,281.756274
1.0,57,281.757959
1.0,14,281.758433
1.0,84,281.760874
0.0,100,281.763795
1.0,56,281.765466
1.0,43,281.766756
1.0,31,281.767774
1.0,81,281.770185
1.0,26,281.77099
1.0,8,281.771296
0.0,100,281.774237
1.0,35,281.775316
1.0,42,281.776588
1.0,34,281.777629
1.0,87,281.780194
1.0,21,281.780857
1.0,23,281.781585
0.0,100,281.784526
1.0,17,281.785079
0.0,100,281.788028
1.0,21,281.788702
1.0,6,281.788939
1.0,22,281.789643
1.0,16,281.790173
1.0,20,281.79081
1.0,46,281.792198
1.0,15,281.792692
1.0,33,281.793705
1.0,39,281.79489
1.0,46,281.796287
1.0,49,281.797747
1.0,21,281.798423
1.0,39,281.79961
1.0,23,281.800337
1.0,80,281.802704
1.0,54,281.804322
1.0,11,281.804701
1.0,66,281.806663
0.0,100,281.809605
1.0,94,281.812386
1.0,26,281.813198
1.0,40,281.8144
1.0,20,281.815032
1.0,90,281.817693
0.0,100,281.820638
1.0,11,281.821016
1.0,17,281.821574
1.0,85,281.824077
1.0,31,281.825032
1.0,14,281.82551
1.0,32,281.826494
1.0,13,281.826927
1.0,17,281.827483
1.0,25,281.828268
0.0,100,281.831197
1.0,79,281.833518
1.0,56,281.835201
1.0,20,281.835837
1.0,55,281.837477
1.0,66,281.839418
1.0,21,281.840079
1.0,19,281.840693
1.0,79,281.843015
1.0,21,281.843689
0.0,100,281.846611
1.0,34,281.847649
1.0,21,281.848324
1.0,24,281.849068
1.0,25,281.84985
1.0,11,281.85024
1.0,63,281.852107
1.0,25,281.852877
1.0,69,281.854921
1.0,7,281.855204
1.0,40,281.856417
1.0,97,281.859262
1.0,40,281.860473
1.0,64,281.86237
1.0,29,281.863271
1.0,74,281.865462
1.0,21,281.866136
1.0,25,281.866906
1.0,10,281.867323
1.0,44,281.868642
1.0,30,281.869564
1.0,19,281.870175
1.0,25,281.870948
1.0,46,281.872339
1.0,27,281.873184
1.0,62,281.875009
1.0,71,281.877122
1.0,50,281.878603
1.0,20,281.879246
1.0,18,281.879822
1.0,25,281.8806
1.0,65,281.882521
1.0,40,281.883732
1.0,44,281.88505
1.0,95,281.887841
1.0,32,281.888825
1.0,27,281.889666
1.0,76,281.891888
1.0,9,281.892219
1.0,76,281.89445
1.0,18,281.895023
1.0,26,281.895841
1.0,51,281.897364
1.0,18,281.897936
1.0,39,281.899124
1.0,35,281.900189
1.0,77,281.902455
1.0,34,281.903491
0.0,100,281.906418
1.0,34,281.907462
1.0,80,281.909816
1.0,54,281.911433
1.0,37,281.912555
1.0,15,281.913045
1.0,18,281.913628
1.0,14,281.91409
1.0,18,281.914673
1.0,19,281.915293
1.0,66,281.917254
1.0,32,281.918233
1.0,93,281.92095
1.0,48,281.922396
1.0,79,281.924716
1.0,71,281.926803
1.0,20,281.927447
1.0,77,281.929707
1.0,30,281.930635
1.0,35,281.931705
1.0,77,281.933966
1.0,22,281.934676
1.0,10,281.935026
1.0,66,281.93698
1.0,44,281.938317
1.0,37,281.93944
1.0,82,281.941847
1.0,56,281.943515
1.0,12,281.943921
0.0,100,281.946846
1.0,32,281.947834
1.0,15,281.948337
1.0,40,281.949544
1.0,36,281.950629
1.0,25,281.95141
0.0,100,281.954315
0.0,100,281.957253
0.0,100,281.960184
1.0,85,281.962652
1.0,21,281.963325
1.0,22,281.964014
1.0,11,281.964402
1.0,38,281.965549
1.0,14,281.966008
1.0,42,281.967274
1.0,21,281.967993
0.0,100,281.97093
1.0,14,281.971405
0.0,100,281.974339
1.0,98,281.977212
1.0,45,281.978605
1.0,11,281.978982
1.0,60,281.98077
1.0,40,281.981977
1.0,50,281.983489
1.0,34,281.984531
1.0,40,281.985749
1.0,44,281.987076
1.0,25,281.987857
1.0,53,281.989447
1.0,13,281.989885
1.0,20,281.99053
1.0,24,281.991293
1.0,64,281.993191
1.0,56,281.994862
1.0,89,281.997491
1.0,47,281.998903
1.0,56,282.000584
1.0,26,282.001396
1.0,19,282.001999
1.0,34,282.003042
1.0,45,282.004406
1.0,80,282.006786
1.0,81,282.009187
1.0,68,282.011196
1.0,75,282.013415
1.0,13,282.013852
1.0,12,282.014267
1.0,63,282.016155
1.0,65,282.01808
1.0,77,282.020345
1.0,27,282.021189
1.0,28,282.022053
1.0,27,282.02289
1.0,56,282.024567
0.0,100,282.027484
1.0,42,282.028744
1.0,23,282.029475
1.0,38,282.030628
1.0,25,282.031413
1.0,19,282.032016
1.0,30,282.032945
1.0,52,282.034505
1.0,17,282.035054
0.0,100,282.037996
1.0,20,282.03864
1.0,29,282.039536
0.0,100,282.042461
1.0,15,282.042954
1.0,94,282.045723
1.0,42,282.046996
0.0,100,282.049954
1.0,35,282.051026
1.0,13,282.051471
1.0,16,282.051992
1.0,25,282.052775
0.0,100,282.05573
1.0,7,282.055997
1.0,10,282.056357
1.0,24,282.057116
1.0,18,282.057696
1.0,97,282.060529
1.0,14,282.060995
1.0,24,282.061746
1.0,41,282.062986
1.0,43,282.064297
0.0,100,282.067236
1.0,48,282.068682
1.0,65,282.070674
1.0,25,282.071459
1.0,11,282.071837
1.0,25,282.072619
1.0,19,282.07324
1.0,44,282.074562
1.0,35,282.075639
1.0,92,282.078318
1.0,36,282.079408
1.0,9,282.07973
1.0,15,282.08023
1.0,20,282.080861
1.0,75,282.08306
1.0,44,282.084379
1.0,20,282.085008
1.0,81,282.087399
1.0,64,282.089302
1.0,13,282.089737
1.0,76,282.091973
1.0,63,282.093839
0.0,100,282.096765
1.0,73,282.098911
1.0,13,282.099358
1.0,41,282.100585
1.0,26,282.101394
1.0,12,282.101799
0.0,100,282.10471
0.0,100,282.107633
1.0,41,282.108866
1.0,68,282.110879
1.0,12,282.111299
1.0,93,282.114013
1.0,19,282.114629
1.0,27,282.115472
1.0,23,282.116197
0.0,100,282.119123
1.0,53,282.120697
1.0,36,282.121792
1.0,27,282.122636
1.0,95,282.125417
1.0,35,282.126481
1.0,37,282.127592
1.0,68,282.129591
1.0,34,282.130631
0.0,100,282.133558
1.0,14,282.13402
1.0,16,282.134548
1.0,100,282.137491
1.0,47,282.138888
1.0,46,282.140274
1.0,11,282.140653
1.0,55,282.142286
1.0,34,282.143323
1.0,17,282.143866
1.0,55,282.145503
1.0,49,282.146963
1.0,36,282.148056
1.0,25,282.148834
1.0,41,282.150073
1.0,11,282.150457
1.0,26,282.151266
1.0,22,282.151953
1.0,48,282.15339
1.0,27,282.154228
1.0,95,282.15701
1.0,18,282.157595
1.0,20,282.158238
1.0,11,282.158612
1.0,19,282.159222
0.0,100,282.162147
1.0,53,282.16372
1.0,65,282.165648
1.0,54,282.167271
1.0,21,282.167929
1.0,76,282.170155
1.0,22,282.170915
1.0,37,282.172046
1.0,57,282.173746
1.0,66,282.17571
1.0,33,282.176718
1.0,62,282.178628
1.0,25,282.179408
1.0,44,282.180732
1.0,29,282.181632
0.0,100,282.184572
1.0,29,282.18548
1.0,33,282.186489
1.0,63,282.188351
1.0,51,282.189872
1.0,26,282.190688
1.0,88,282.193288
1.0,36,282.194383
1.0,10,282.194735
1.0,22,282.195443
1.0,41,282.196685
1.0,17,282.197245
1.0,63,282.199118
1.0,56,282.200767
1.0,27,282.201605
1.0,31,282.202561
1.0,84,282.205038
1.0,10,282.205406
1.0,52,282.206959
1.0,55,282.208613
1.0,32,282.209595
1.0,76,282.211819
1.0,37,282.212947
1.0,25,282.213732
1.0,28,282.214604
1.0,58,282.216332
1.0,78,282.218627
1.0,10,282.218976
1.0,40,282.220197
1.0,12,282.220604
0.0,100,282.223527
1.0,82,282.225933
1.0,84,282.228406
1.0,23,282.229132
0.0,100,282.232066
1.0,13,282.232526
1.0,30,282.233462
1.0,33,282.234478
1.0,23,282.235215
1.0,98,282.238078
1.0,18,282.23866
1.0,35,282.239724
1.0,17,282.240288
1.0,64,282.242188
1.0,27,282.243023
1.0,52,282.244576
1.0,8,282.244868
1.0,64,282.246761
1.0,37,282.247893
1.0,13,282.248341
1.0,34,282.249384
1.0,35,282.250454
1.0,9,282.250777
1.0,11,282.251166
1.0,18,282.251743
1.0,30,282.252666
1.0,97,282.255523
0.0,100,282.258462
1.0,67,282.260456
1.0,25,282.261243
1.0,26,282.262047
0.0,100,282.264975
1.0,40,282.26621
1.0,21,282.266873
1.0,98,282.269755
1.0,69,282.2718
1.0,36,282.272968
1.0,25,282.273754
1.0,45,282.275119
1.0,56,282.276763
1.0,25,282.277551
1.0,30,282.278477
1.0,91,282.281151
1.0,62,282.282979
1.0,98,282.285846
1.0,37,282.286963
1.0,26,282.287775
1.0,74,282.289952
1.0,57,282.291661
1.0,13,282.292095
1.0,57,282.29379
1.0,59,282.295543
1.0,72,282.297667
1.0,27,282.298503
1.0,16,282.299023
1.0,16,282.299551
1.0,40,282.300754
1.0,41,282.30199
1.0,30,282.302916
1.0,21,282.303593
0.0,100,282.306532
1.0,53,282.308117
1.0,16,282.308635
1.0,55,282.310269
1.0,27,282.311094
1.0,13,282.311537
0.0,100,282.314481
1.0,8,282.314775
0.0,100,282.317712
1.0,24,282.318469
1.0,43,282.319757
1.0,27,282.320596
1.0,99,282.32348
1.0,59,282.325231
0.0,100,282.32816
1.0,27,282.328991
1.0,46,282.330377
0.0,100,282.333316
1.0,12,282.333723
1.0,28,282.334592
1.0,38,282.335751
1.0,21,282.336424
1.0,39,282.337599
1.0,10,282.337947
1.0,21,282.338614
1.0,14,282.339078
1.0,8,282.339377
1.0,40,282.340576
1.0,6,282.340813
1.0,19,282.341426
1.0,36,282.342523
1.0,23,282.343251
1.0,18,282.343831
1.0,20,282.344476
0.0,100,282.347427
1.0,14,282.347896
1.0,13,282.348344
1.0,36,282.349433
1.0,38,282.350578
1.0,14,282.351039
1.0,35,282.352116
1.0,73,282.354272
1.0,29,282.355174
1.0,26,282.355968
1.0,32,282.356943
0.0,100,282.359857
1.0,52,282.361421
1.0,60,282.363201
1.0,60,282.364964
1.0,13,282.365417
1.0,60,282.367204
1.0,80,282.369547
1.0,85,282.372058
1.0,35,282.373212
1.0,8,282.373507
1.0,70,282.37557
1.0,8,282.375864
1.0,7,282.376137
1.0,48,282.377575
1.0,21,282.378246
1.0,43,282.379546
1.0,36,282.380647
1.0,71,282.382732
1.0,23,282.383464
1.0,36,282.384564
1.0,13,282.384998
1.0,23,282.385734
1.0,12,282.386151
1.0,46,282.387532
1.0,31,282.388491
0.0,100,282.391429
1.0,18,282.392006
1.0,35,282.393068
1.0,47,282.394485
1.0,58,282.396223
1.0,90,282.398872
1.0,62,282.400722
1.0,19,282.401338
1.0,44,282.402657
1.0,45,282.403997
1.0,28,282.404866
1.0,37,282.405997
0.0,100,282.408937
1.0,35,282.410007
1.0,91,282.412675
1.0,60,282.414456
1.0,22,282.415163
1.0,32,282.416134
1.0,32,282.417115
0.0,100,282.420005
0.0,100,282.422946
1.0,17,282.423507
1.0,22,282.424208
1.0,40,282.425421
1.0,13,282.425857
1.0,23,282.426581
0.0,100,282.429511
1.0,46,282.430893
1.0,17,282.431454
1.0,14,282.431917
0.0,100,282.434851
0.0,100,282.437788
1.0,35,282.438859
0.0,100,282.441796
1.0,47,282.443206
1.0,51,282.444722
1.0,76,282.446975
1.0,40,282.448195
0.0,100,282.451136
1.0,14,282.451601
1.0,24,282.452358
1.0,22,282.45305
1.0,100,282.455994
1.0,43,282.457303
0.0,100,282.460236
1.0,23,282.460952
1.0,28,282.461827
1.0,20,282.462468
1.0,14,282.462933
1.0,24,282.463689
1.0,22,282.464388
1.0,28,282.465264
1.0,27,282.466086
1.0,42,282.46735
0.0,100,282.47029
1.0,37,282.47141
1.0,14,282.471877
1.0,31,282.47283
1.0,45,282.474261
1.0,46,282.475646
1.0,36,282.476731
1.0,40,282.477938
1.0,44,282.479265
1.0,54,282.480861
1.0,60,282.482637
1.0,15,282.483134
1.0,95,282.485905
1.0,95,282.488685
1.0,62,282.490525
1.0,38,282.491674
1.0,22,282.49237
1.0,61,282.494169
1.0,75,282.496377
1.0,75,282.49858
1.0,92,282.501275
1.0,24,282.502018
1.0,55,282.503648
1.0,19,282.504257
1.0,13,282.504689
1.0,36,282.505788
1.0,28,282.506663
1.0,40,282.507873
1.0,61,282.509688
1.0,59,282.511421
1.0,90,282.514043
0.0,100,282.51694
1.0,29,282.517836
1.0,21,282.518506
1.0,57,282.5202
1.0,45,282.521534
1.0,16,282.522053
1.0,15,282.522559
1.0,42,282.523822
1.0,30,282.524748
1.0,45,282.526109
0.0,100,282.52902
1.0,11,282.529408
1.0,49,282.530863
1.0,91,282.533534
1.0,40,282.534741
1.0,22,282.535449
1.0,49,282.536912
1.0,19,282.537525
1.0,29,282.538422
1.0,62,282.540263
1.0,87,282.542799
1.0,47,282.544211
1.0,30,282.545138
1.0,55,282.546768
1.0,91,282.549433
1.0,26,282.550247
1.0,14,282.550707
1.0,10,282.551055
1.0,36,282.552155
1.0,79,282.554472
1.0,40,282.55568
1.0,23,282.556402
1.0,17,282.556943
1.0,62,282.558775
1.0,33,282.559788
1.0,97,282.562619
0.0,100,282.565546
1.0,66,282.567502
1.0,8,282.567796
1.0,67,282.56978
1.0,50,282.571268
1.0,75,282.573467
1.0,28,282.574336
1.0,25,282.575123
1.0,46,282.576495
1.0,25,282.577276
1.0,30,282.578193
1.0,25,282.578959
1.0,31,282.579975
1.0,61,282.581798
1.0,11,282.582187
1.0,49,282.583648
1.0,25,282.584433
1.0,27,282.585277
1.0,82,282.587689
1.0,17,282.58825
0.0,100,282.591194
1.0,36,282.592299
1.0,66,282.594266
1.0,47,282.595681
1.0,52,282.597239
1.0,85,282.599714
1.0,38,282.600855
1.0,18,282.60144
1.0,33,282.602449
1.0,24,282.603206
0.0,100,282.606139
0.0,100,282.609071
1.0,88,282.611657
1.0,32,282.612641
0.0,100,282.615581
0.0,100,282.618528
1.0,59,282.620292
1.0,56,282.621958
1.0,30,282.622888
0.0,100,282.625826
1.0,38,282.626986
1.0,16,282.627518
1.0,14,282.627981
1.0,29,282.628883
1.0,32,282.629861
1.0,10,282.63022
1.0,10,282.63057
1.0,22,282.631271
1.0,11,282.631651
1.0,17,282.632209
1.0,36,282.633296
1.0,77,282.635577
1.0,6,282.635815
1.0,22,282.636517
1.0,76,282.638775
1.0,18,282.639365
1.0,46,282.640751
1.0,83,282.643205
1.0,16,282.643722
1.0,11,282.644107
1.0,53,282.645691
1.0,12,282.646106
1.0,23,282.646825
1.0,8,282.647128
1.0,14,282.647591
1.0,55,282.649243
1.0,59,282.650981
1.0,35,282.652045
1.0,37,282.653171
1.0,21,282.653828
1.0,22,282.654531
0.0,100,282.657467
1.0,16,282.657985
1.0,47,282.659398
0.0,100,282.662343
1.0,48,282.66378
1.0,50,282.665299
1.0,89,282.667913
1.0,9,282.668249
1.0,53,282.669822
1.0,22,282.67052
1.0,15,282.671011
1.0,19,282.671627
1.0,24,282.672382
1.0,11,282.672758
1.0,32,282.673743
1.0,47,282.675153
1.0,35,282.676225
1.0,24,282.676972
1.0,34,282.678012
1.0,45,282.679379
1.0,17,282.679998
1.0,11,282.680387
0.0,100,282.683337
1.0,59,282.685087
1.0,47,282.686514
1.0,79,282.688835
1.0,21,282.689506
1.0,38,282.690651
1.0,30,282.69158
1.0,17,282.692137
1.0,49,282.6936
1.0,67,282.695587
1.0,31,282.696534
1.0,37,282.697656
0.0,100,282.700587
1.0,19,282.701204
1.0,90,282.703836
1.0,37,282.704952
1.0,24,282.705712
1.0,59,282.707454
1.0,7,282.707719
1.0,22,282.708416
1.0,25,282.7092
1.0,28,282.710056
1.0,47,282.711459
1.0,12,282.711863
1.0,64,282.713762
1.0,28,282.714628
1.0,86,282.717151
0.0,100,282.720049
1.0,34,282.721077
1.0,58,282.722792
1.0,84,282.725266
1.0,14,282.725727
1.0,62,282.727559
1.0,80,282.729889
1.0,30,282.730816
1.0,59,282.732557
1.0,93,282.735285
1.0,22,282.735971
1.0,16,282.736501
1.0,18,282.737076
1.0,40,282.738287
1.0,32,282.739266
0.0,100,282.742197
1.0,95,282.744949
1.0,47,282.746372
1.0,11,282.74675
1.0,85,282.749234
1.0,38,282.750371
1.0,32,282.751355
1.0,57,282.753021
1.0,54,282.75463
1.0,18,282.755217
1.0,11,282.755593
1.0,66,282.757534
1.0,58,282.759247
1.0,33,282.760253
1.0,48,282.761681
1.0,23,282.762405
1.0,32,282.763384
1.0,15,282.76387
1.0,35,282.764933
0.0,100,282.767863
1.0,89,282.770474
1.0,28,282.771343
1.0,56,282.773
0.0,100,282.775939
1.0,44,282.777276
1.0,31,282.778235
1.0,61,282.78002
1.0,88,282.782594
1.0,26,282.783403
1.0,89,282.785985
1.0,58,282.787714
1.0,30,282.788703
1.0,10,282.789057
1.0,30,282.789972
1.0,33,282.790983
1.0,27,282.791828
0.0,100,282.794764
1.0,20,282.795416
1.0,33,282.796431
1.0,20,282.797065
1.0,62,282.798893
1.0,29,282.799789
1.0,62,282.801636
1.0,35,282.802708
1.0,24,282.803468
0.0,100,282.806415
1.0,79,282.808759
1.0,63,282.810637
1.0,68,282.812666
1.0,37,282.813796
1.0,40,282.815012
1.0,39,282.81623
1.0,9,282.816555
1.0,52,282.818093
1.0,16,282.818624
1.0,17,282.819182
1.0,33,282.820199
1.0,11,282.82058
1.0,32,282.821567
1.0,24,282.822329
1.0,11,282.822708
1.0,14,282.823184
1.0,35,282.824248
1.0,67,282.826219
1.0,36,282.827323
1.0,28,282.828195
1.0,48,282.829638
1.0,28,282.830505
1.0,22,282.831203
1.0,11,282.831582
1.0,33,282.832607
1.0,99,282.835522
1.0,68,282.837556
1.0,27,282.838406
1.0,76,282.840646
1.0,95,282.84344
0.0,100,282.846396
1.0,29,282.847303
1.0,14,282.847766
1.0,98,282.850642
1.0,62,282.852475
1.0,53,282.854047
1.0,37,282.855189
1.0,8,282.855482
0.0,100,282.858422
1.0,17,282.858968
1.0,89,282.861575
1.0,19,282.86219
1.0,49,282.863656
1.0,14,282.864131
1.0,88,282.866723
1.0,12,282.867142
1.0,51,282.868657
1.0,22,282.869357
1.0,64,282.87126
1.0,9,282.871581
0.0,100,282.874514
1.0,34,282.875562
1.0,15,282.876056
0.0,100,282.878979
1.0,97,282.881835
1.0,35,282.882909
1.0,23,282.883638
1.0,23,282.884363
1.0,11,282.884741
1.0,14,282.885221
0.0,100,282.888167
1.0,8,282.88852
1.0,69,282.890558
1.0,20,282.8912
1.0,48,282.892627
1.0,21,282.893298
1.0,22,282.893986
1.0,80,282.896358
1.0,31,282.897315
1.0,26,282.898124
1.0,66,282.900056
0.0,100,282.902963
1.0,6,282.903212
1.0,36,282.904307
1.0,32,282.90529
0.0,100,282.908203
1.0,87,282.910741
1.0,14,282.911214
1.0,11,282.911592
1.0,37,282.912712
1.0,7,282.912976
1.0,89,282.915572
0.0,100,282.9185
1.0,97,282.92131
1.0,17,282.921855
0.0,100,282.924784
1.0,16,282.925321
1.0,39,282.926489
1.0,48,282.927919
1.0,19,282.92853
0.0,100,282.931447
1.0,90,282.934073
1.0,78,282.936363
1.0,44,282.937672
1.0,13,282.938116
0.0,100,282.941023
1.0,79,282.943361
1.0,69,282.945406
1.0,85,282.947883
1.0,77,282.95014
1.0,12,282.950544
1.0,21,282.951213
1.0,12,282.951619
1.0,43,282.952912
1.0,14,282.953383
1.0,37,282.954499
1.0,88,282.957068
1.0,39,282.958256
1.0,22,282.958946
0.0,100,282.961867
1.0,16,282.962398
1.0,55,282.964028
1.0,59,282.96578
1.0,12,282.966198
1.0,82,282.968598
1.0,9,282.968919
1.0,68,282.970926
0.0,100,282.973832
1.0,89,282.976441
1.0,62,282.97827
1.0,48,282.979696
1.0,24,282.980445
1.0,81,282.982834
1.0,26,282.983649
1.0,42,282.984919
1.0,65,282.986847
1.0,24,282.987602
1.0,12,282.988005
1.0,44,282.989329
1.0,20,282.98996
1.0,17,282.990517
1.0,76,282.992761
1.0,14,282.993237
1.0,26,282.994039
1.0,56,282.995715
1.0,32,282.996763
1.0,75,282.99898
1.0,13,282.99943
1.0,8,282.999723
1.0,43,283.001018
1.0,32,283.002005
1.0,53,283.003598
1.0,41,283.004839
1.0,87,283.007409
1.0,40,283.008618
1.0,62,283.010447
0.0,100,283.013399
0.0,100,283.016339
1.0,87,283.018902
1.0,40,283.020126
1.0,67,283.022114
1.0,67,283.024088
1.0,55,283.025737
1.0,76,283.027966
1.0,17,283.028525
1.0,76,283.030761
1.0,11,283.031153
1.0,8,283.031447
1.0,58,283.033175
1.0,27,283.034005
1.0,42,283.035287
1.0,50,283.036781
1.0,9,283.03711
1.0,15,283.0376
1.0,48,283.039039
1.0,71,283.041152
1.0,23,283.041872
1.0,9,283.042205
1.0,90,283.044832
1.0,79,283.047172
1.0,98,283.050042
1.0,37,283.051181
1.0,27,283.052016
1.0,52,283.053578
1.0,34,283.054623
1.0,60,283.056418
1.0,12,283.056826
1.0,45,283.058186
1.0,79,283.060512
1.0,68,283.062517
1.0,13,283.062953
1.0,22,283.063654
1.0,21,283.064327
1.0,31,283.065292
1.0,15,283.065784
1.0,28,283.066649
1.0,57,283.068353
1.0,11,283.068733
0.0,100,283.071668
1.0,19,283.072287
1.0,42,283.073554
1.0,33,283.07457
1.0,12,283.074977
1.0,47,283.076409
1.0,76,283.078653
1.0,30,283.079581
1.0,36,283.080678
1.0,14,283.081152
1.0,83,283.083593
1.0,30,283.084521
0.0,100,283.087474
1.0,23,283.088211
1.0,33,283.08923
1.0,37,283.090355
1.0,13,283.090792
0.0,100,283.093736
1.0,49,283.095223
0.0,100,283.098162
1.0,35,283.0993
1.0,17,283.099847
1.0,69,283.101888
1.0,13,283.102334
1.0,37,283.103459
1.0,57,283.105167
1.0,75,283.107385
1.0,41,283.108616
1.0,17,283.109173
1.0,46,283.110543
1.0,24,283.111299
1.0,10,283.111646
1.0,33,283.112651
0.0,100,283.115592
1.0,10,283.115943
1.0,20,283.116587
1.0,41,283.117818
1.0,12,283.118235
1.0,50,283.119714
1.0,39,283.12089
1.0,33,283.121903
1.0,37,283.123033
1.0,71,283.125146
1.0,62,283.126976
1.0,75,283.129201
1.0,50,283.130676
1.0,35,283.131743
1.0,52,283.133298
1.0,53,283.13487
0.0,100,283.1378
1.0,17,283.138358
1.0,9,283.138679
0.0,100,283.141613
1.0,10,283.141964
1.0,59,283.143723
1.0,99,283.146629
1.0,23,283.147359
1.0,61,283.149157
1.0,26,283.149954
1.0,13,283.150398
1.0,40,283.151604
1.0,73,283.153756
1.0,29,283.154653
1.0,85,283.157145
1.0,59,283.158883
1.0,28,283.159755
1.0,41,283.160986
1.0,53,283.162574
0.0,100,283.165507
1.0,31,283.166466
1.0,57,283.168168
1.0,70,283.170238
1.0,18,283.170815
0.0,100,283.173738
1.0,18,283.174327
1.0,60,283.176115
1.0,23,283.176832
1.0,67,283.178798
1.0,56,283.180462
1.0,71,283.18256
1.0,20,283.183203
1.0,17,283.183751
1.0,66,283.18571
1.0,8,283.186004
1.0,40,283.187222
0.0,100,283.190153
1.0,21,283.190816
1.0,40,283.192023
1.0,14,283.192496
1.0,28,283.19336
1.0,10,283.19371
1.0,23,283.194437
1.0,13,283.194871
1.0,85,283.197365
1.0,98,283.200219
1.0,32,283.201265
1.0,12,283.201674
0.0,100,283.204596
1.0,45,283.205976
1.0,37,283.207107
1.0,13,283.207542
1.0,47,283.208954
1.0,63,283.210841
1.0,17,283.211404
0.0,100,283.214329
1.0,77,283.216593
1.0,41,283.217825
1.0,20,283.218466
0.0,100,283.221405
1.0,51,283.222918
1.0,19,283.223541
1.0,18,283.224129
1.0,98,283.226983
1.0,11,283.227373
1.0,50,283.228857
1.0,40,283.230066
1.0,44,283.231397
1.0,67,283.233378
1.0,49,283.234833
1.0,24,283.235593
1.0,35,283.236668
1.0,72,283.23881
1.0,34,283.239858
1.0,9,283.240191
1.0,57,283.241878
1.0,15,283.24238
1.0,65,283.244323
1.0,83,283.246762
1.0,21,283.24744
1.0,41,283.24868
1.0,85,283.251178
1.0,25,283.25195
1.0,11,283.25234
1.0,30,283.253267
1.0,27,283.254115
1.0,54,283.255727
1.0,24,283.256489
1.0,49,283.257954
0.0,100,283.260891
1.0,78,283.263212
1.0,11,283.263593
1.0,17,283.264148
1.0,48,283.265587
1.0,25,283.266377
1.0,34,283.267424
1.0,21,283.268086
1.0,60,283.26987
1.0,16,283.270399
1.0,34,283.271433
1.0,22,283.272137
1.0,27,283.272972
1.0,19,283.273587
1.0,28,283.274454
1.0,35,283.275522
1.0,27,283.276366
1.0,43,283.277667
1.0,16,283.278199
1.0,87,283.280725
1.0,82,283.283133
1.0,99,283.286009
1.0,50,283.287514
0.0,100,283.290452
1.0,37,283.291575
1.0,38,283.292719
1.0,40,283.293928
1.0,20,283.294569
1.0,6,283.294806
1.0,23,283.295541
0.0,100,283.298476
1.0,71,283.300571
1.0,80,283.30299
0.0,100,283.305922
1.0,32,283.306909
1.0,52,283.308471
1.0,15,283.308963
1.0,96,283.311774
1.0,25,283.312561
1.0,72,283.314677
1.0,53,283.316267
1.0,71,283.318377
1.0,81,283.320767
1.0,29,283.321666
1.0,22,283.322368
1.0,16,283.322887
1.0,48,283.324335
1.0,41,283.325581
0.0,100,283.328517
1.0,45,283.329869
0.0,100,283.33279
1.0,19,283.333402
1.0,45,283.334749
1.0,14,283.335226
1.0,63,283.337081
1.0,94,283.33983
1.0,28,283.340706
1.0,72,283.342826
0.0,100,283.345754
1.0,80,283.348106
1.0,10,283.348459
1.0,30,283.349384
1.0,36,283.350478
1.0,22,283.351176
1.0,16,283.351696
1.0,30,283.35262
1.0,14,283.353084
1.0,24,283.353832
1.0,18,283.354419
1.0,73,283.356567
1.0,21,283.357239
1.0,15,283.357729
1.0,50,283.359222
1.0,42,283.360474
1.0,16,283.360993
1.0,26,283.361802
1.0,71,283.36389
1.0,27,283.364735
1.0,52,283.366291
1.0,16,283.36681
0.0,100,283.369714
1.0,25,283.370498
1.0,45,283.371844
1.0,50,283.373344
1.0,21,283.374002
1.0,40,283.375225
1.0,35,283.376282
1.0,33,283.377283
1.0,22,283.377968
1.0,76,283.380216
1.0,14,283.380679
1.0,30,283.381596
1.0,14,283.382056
1.0,45,283.383404
1.0,52,283.384947
1.0,37,283.386075
1.0,21,283.386742
1.0,28,283.387599
1.0,24,283.388351
1.0,29,283.389251
1.0,97,283.392075
1.0,38,283.393238
1.0,24,283.39398
1.0,11,283.394367
1.0,20,283.394997
0.0,100,283.397928
1.0,94,283.400696
0.0,100,283.403697
1.0,54,283.405324
1.0,13,283.405758
1.0,26,283.406574
1.0,11,283.406963
1.0,56,283.408647
1.0,13,283.409083
1.0,14,283.409559
0.0,100,283.412499
1.0,100,283.415447
1.0,8,283.415743
1.0,80,283.418118
1.0,94,283.420873
1.0,42,283.422153
1.0,37,283.423279
1.0,75,283.425505
1.0,18,283.426084
1.0,38,283.427249
1.0,22,283.427939
1.0,46,283.429335
1.0,18,283.429914
1.0,79,283.432242
1.0,13,283.432678
1.0,86,283.435209
1.0,38,283.436366
1.0,42,283.437629
1.0,88,283.440219
1.0,31,283.441176
1.0,16,283.441695
0.0,100,283.444643
1.0,20,283.445295
1.0,41,283.446537
1.0,57,283.448249
1.0,37,283.449376
1.0,17,283.449922
1.0,17,283.45048
1.0,38,283.451632
1.0,32,283.452614
1.0,30,283.453539
1.0,63,283.455402
1.0,39,283.45658
1.0,16,283.457108
1.0,39,283.458291
1.0,7,283.458556
1.0,19,283.45917
1.0,56,283.460823
0.0,100,283.463744
1.0,8,283.464037
1.0,15,283.464539
1.0,10,283.464889
0.0,100,283.467828
1.0,61,283.469651
0.0,100,283.472571
1.0,96,283.475397
1.0,76,283.477623
1.0,23,283.478353
1.0,10,283.478703
1.0,85,283.481208
1.0,32,283.482198
1.0,85,283.484699
1.0,14,283.485176
1.0,35,283.486245
1.0,22,283.486931
1.0,39,283.48813
1.0,40,283.489335
1.0,70,283.491422
1.0,24,283.492178
1.0,25,283.492953
1.0,36,283.494051
1.0,40,283.495275
1.0,7,283.49554
1.0,7,283.495803
1.0,6,283.496037
1.0,99,283.498931
1.0,11,283.499324
1.0,27,283.500169
1.0,10,283.500518
1.0,60,283.502298
1.0,51,283.503883
1.0,51,283.505416
0.0,100,283.508334
1.0,36,283.509432
0.0,100,283.512359
1.0,24,283.513113
1.0,59,283.514849
1.0,35,283.515922
0.0,100,283.518844
1.0,21,283.519518
1.0,52,283.521053
1.0,20,283.52169
1.0,10,283.522038
1.0,45,283.52339
1.0,29,283.524287
1.0,38,283.52544
1.0,29,283.526337
1.0,87,283.528881
0.0,100,283.53181
1.0,18,283.532402
1.0,70,283.53448
1.0,86,283.537014
1.0,10,283.537376
1.0,63,283.539243
1.0,72,283.541344
1.0,37,283.542464
1.0,20,283.54309
1.0,51,283.544616
1.0,88,283.547214
1.0,37,283.548341
1.0,43,283.549626
1.0,14,283.550087
1.0,27,283.550921
1.0,41,283.552165
1.0,86,283.55469
1.0,11,283.555069
0.0,100,283.557977
1.0,27,283.558819
1.0,10,283.559179
1.0,15,283.559667
1.0,22,283.560363
1.0,14,283.560826
1.0,51,283.562345
1.0,66,283.564292
1.0,56,283.565942
0.0,100,283.568871
1.0,27,283.569714
1.0,37,283.570841
1.0,42,283.572112
1.0,41,283.573338
1.0,46,283.574706
1.0,25,283.575493
1.0,48,283.576922
1.0,41,283.578171
1.0,37,283.579291
1.0,39,283.580465
1.0,44,283.581774
1.0,93,283.584497
1.0,17,283.585045
1.0,56,283.586714
1.0,24,283.587463
1.0,18,283.588036
1.0,46,283.589417
1.0,27,283.59029
1.0,31,283.591247
0.0,100,283.59417
1.0,14,283.594633
1.0,56,283.596314
1.0,55,283.59794
1.0,50,283.599438
1.0,34,283.600477
0.0,100,283.603389
1.0,50,283.604869
1.0,14,283.60535
1.0,13,283.605783
1.0,45,283.607212
0.0,100,283.610168
1.0,10,283.610522
1.0,40,283.611729
1.0,75,283.613957
1.0,17,283.614518
1.0,12,283.614924
1.0,25,283.615714
1.0,97,283.618566
1.0,19,283.619184
1.0,61,283.620996
1.0,33,283.622009
1.0,51,283.62354
1.0,19,283.624155
1.0,59,283.625914
1.0,47,283.627337
1.0,43,283.628639
1.0,21,283.629316
1.0,17,283.629863
1.0,50,283.631361
1.0,17,283.631909
1.0,77,283.634198
1.0,34,283.635251
1.0,47,283.636665
1.0,54,283.638283
1.0,65,283.640203
0.0,100,283.643145
1.0,6,283.643383
0.0,100,283.646338
1.0,21,283.647001
0.0,100,283.64994
0.0,100,283.652889
1.0,11,283.65328
1.0,56,283.654934
1.0,62,283.656788
1.0,14,283.657261
1.0,50,283.658749
1.0,31,283.659704
1.0,14,283.660179
1.0,35,283.661247
1.0,42,283.662517
1.0,41,283.663759
1.0,60,283.665548
1.0,40,283.666742
1.0,58,283.668477
1.0,19,283.66908
1.0,27,283.669919
1.0,64,283.671816
1.0,14,283.672293
1.0,30,283.673223
1.0,8,283.673517
1.0,54,283.675141
0.0,100,283.678071
0.0,100,283.681003
1.0,38,283.682171
1.0,16,283.682691
1.0,44,283.684016
1.0,23,283.684745
1.0,75,283.686974
1.0,57,283.688677
1.0,71,283.690779
1.0,33,283.69179
1.0,32,283.692777
1.0,44,283.694088
1.0,10,283.69445
1.0,50,283.69595
0.0,100,283.698874
1.0,31,283.699848
1.0,44,283.701188
0.0,100,283.704126
0.0,100,283.707071
1.0,68,283.709087
1.0,59,283.710843
1.0,65,283.712765
1.0,23,283.713555
1.0,45,283.7149
1.0,15,283.715407
1.0,63,283.717278
1.0,24,283.718023
1.0,35,283.71909
1.0,100,283.722013
1.0,10,283.722376
1.0,26,283.723191
1.0,89,283.725814
1.0,16,283.726346
1.0,31,283.727294
1.0,80,283.729641
1.0,60,283.731423
1.0,28,283.732289
1.0,68,283.734304
1.0,49,283.735764
1.0,28,283.736629
1.0,35,283.737693
1.0,45,283.739042
1.0,19,283.739656
1.0,67,283.741631
1.0,20,283.742271
1.0,85,283.744733
1.0,61,283.746546
1.0,26,283.747354
1.0,69,283.749387
1.0,10,283.749737
1.0,28,283.750602
1.0,68,283.752601
1.0,63,283.754468
1.0,94,283.757236
1.0,33,283.758245
1.0,30,283.759161
1.0,23,283.759872
1.0,17,283.760428
0.0,100,283.76335
1.0,22,283.764042
1.0,37,283.765177
1.0,16,283.765696
1.0,99,283.768576
1.0,16,283.769093
1.0,22,283.76979
1.0,6,283.770024
1.0,28,283.770885
1.0,27,283.77172
1.0,66,283.773668
1.0,10,283.774018
1.0,30,283.774939
1.0,22,283.775642
1.0,48,283.777059
1.0,73,283.779201
1.0,18,283.779774
1.0,59,283.781516
1.0,50,283.782999
1.0,52,283.784547
1.0,11,283.784925
1.0,44,283.786255
1.0,39,283.78743
1.0,45,283.788766
1.0,47,283.790169
1.0,16,283.790686
1.0,22,283.791386
1.0,26,283.79219
1.0,22,283.792874
1.0,27,283.793712
1.0,15,283.794213
1.0,19,283.794811
1.0,38,283.795969
0.0,100,283.798886
0.0,100,283.801837
1.0,55,283.803486
1.0,54,283.805088
1.0,15,283.805592
1.0,26,283.8064
1.0,82,283.80879
1.0,48,283.810231
1.0,24,283.810968
1.0,89,283.813566
1.0,48,283.815072
1.0,57,283.816782
1.0,20,283.817429
0.0,100,283.820379
1.0,14,283.820843
1.0,24,283.821608
1.0,80,283.823962
1.0,44,283.825308
1.0,26,283.826119
1.0,99,283.829021
1.0,38,283.830187
1.0,44,283.831505
1.0,46,283.832879
1.0,13,283.833325
1.0,61,283.83514
1.0,30,283.836058
1.0,21,283.836724
1.0,37,283.837849
1.0,23,283.838577
1.0,12,283.83898
1.0,58,283.840714
1.0,100,283.843644
1.0,51,283.845177
1.0,65,283.847091
1.0,8,283.847392
1.0,14,283.847856
1.0,46,283.849244
1.0,31,283.850199
1.0,99,283.85308
1.0,19,283.853694
0.0,100,283.856645
1.0,14,283.857121
1.0,53,283.85869
0.0,100,283.861638
1.0,12,283.862045
1.0,63,283.863914
1.0,54,283.865536
0.0,100,283.868483
1.0,9,283.868806
1.0,47,283.870223
1.0,36,283.871322
1.0,47,283.872727
1.0,44,283.874044
1.0,75,283.876272
1.0,31,283.877223
1.0,95,283.880001
1.0,15,283.880506
1.0,74,283.882696
1.0,16,283.883227
1.0,13,283.883663
1.0,26,283.884471
1.0,65,283.886409
1.0,24,283.887168
1.0,18,283.887747
1.0,45,283.889108
1.0,20,283.88974
1.0,15,283.890242
1.0,27,283.891075
1.0,16,283.891603
1.0,12,283.892012
1.0,55,283.893653
1.0,61,283.895472
1.0,31,283.896427
1.0,25,283.897208
1.0,57,283.898903
1.0,36,283.900009
1.0,13,283.900455
1.0,70,283.902526
0.0,100,283.905456
0.0,100,283.908387
1.0,18,283.908966
1.0,37,283.910087
1.0,21,283.910754
1.0,13,283.9112
1.0,41,283.912434
1.0,69,283.91448
1.0,40,283.915757
1.0,40,283.91697
1.0,14,283.917446
1.0,20,283.918078
1.0,28,283.918944
1.0,72,283.921067
1.0,39,283.922251
1.0,33,283.923262
1.0,18,283.923849
1.0,86,283.926382
1.0,22,283.927066
1.0,34,283.928108
1.0,34,283.929147
1.0,12,283.929552
1.0,13,283.92998
1.0,61,283.931792
1.0,38,283.932945
1.0,68,283.934957
1.0,36,283.936061
1.0,11,283.936445
1.0,36,283.937535
0.0,100,283.940464
1.0,26,283.941279
1.0,47,283.942688
1.0,89,283.945309
1.0,35,283.946377
1.0,87,283.948894
1.0,6,283.949142
1.0,34,283.95018
1.0,21,283.95084
0.0,100,283.953772
0.0,100,283.956713
1.0,49,283.958196
1.0,15,283.958688
1.0,51,283.960216
1.0,42,283.961475
1.0,15,283.961962
1.0,33,283.962974
1.0,92,283.965681
1.0,61,283.967499
0.0,100,283.970433
1.0,28,283.971307
1.0,70,283.973377
1.0,12,283.973785
1.0,29,283.974679
1.0,14,283.97516
1.0,64,283.977041
1.0,33,283.978055
1.0,40,283.979263
1.0,19,283.979864
1.0,54,283.981473
1.0,16,283.981993
1.0,26,283.982805
1.0,28,283.983673
1.0,31,283.984644
1.0,39,283.985833
1.0,64,283.987728
0.0,100,283.990663
1.0,23,283.991396
1.0,38,283.992549
1.0,64,283.99445
1.0,13,283.994884
1.0,62,283.996722
1.0,36,283.997814
1.0,15,283.998317
1.0,33,283.999331
1.0,15,283.99982
1.0,20,284.000463
0.0,100,284.003382
1.0,91,284.006045
1.0,84,284.008522
1.0,20,284.009165
1.0,36,284.010265
0.0,100,284.01318
1.0,27,284.014001
1.0,72,284.016138
1.0,36,284.017288
1.0,29,284.018191
1.0,29,284.01908
1.0,76,284.021324
0.0,100,284.024263
1.0,92,284.026953
1.0,29,284.027848
1.0,30,284.028776
1.0,45,284.030139
1.0,8,284.030433
1.0,20,284.031065
1.0,54,284.032683
0.0,100,284.035636
1.0,19,284.036257
1.0,9,284.036578
1.0,30,284.037508
1.0,14,284.037969
0.0,100,284.040908
1.0,20,284.041554
1.0,53,284.043144
1.0,37,284.044261
1.0,21,284.044922
1.0,27,284.045771
1.0,19,284.046391
1.0,25,284.047176
1.0,53,284.048752
1.0,77,284.051012
1.0,45,284.052384
1.0,46,284.053763
1.0,15,284.054268
1.0,18,284.054845
1.0,22,284.055553
1.0,80,284.057921
1.0,65,284.059852
1.0,59,284.061613
1.0,99,284.064526
1.0,17,284.065072
1.0,68,284.067089
1.0,25,284.067872
1.0,15,284.068375
1.0,28,284.069244
1.0,35,284.070313
0.0,100,284.073255
1.0,74,284.075438
1.0,39,284.076618
1.0,32,284.077607
1.0,26,284.07842
0.0,100,284.081359
1.0,24,284.082116
1.0,17,284.082668
1.0,15,284.083164
0.0,100,284.086093
0.0,100,284.089039
1.0,62,284.090881
1.0,41,284.092125
1.0,78,284.09443
1.0,27,284.095279
1.0,41,284.096526
1.0,15,284.097018
1.0,9,284.097352
1.0,30,284.098275
1.0,38,284.099425
1.0,26,284.100237
1.0,27,284.101068
1.0,47,284.102478
1.0,61,284.104297
1.0,28,284.105177
1.0,24,284.105929
0.0,100,284.108869
1.0,53,284.110469
1.0,31,284.111421
1.0,46,284.112798
1.0,54,284.114403
1.0,74,284.116602
1.0,39,284.11779
1.0,25,284.118644
1.0,38,284.119796
1.0,66,284.121738
1.0,51,284.123265
1.0,81,284.125653
1.0,30,284.126576
0.0,100,284.129509
1.0,48,284.13094
0.0,100,284.133863
0.0,100,284.1368
0.0,100,284.139738
1.0,90,284.142367
1.0,12,284.142776
1.0,38,284.143928
1.0,100,284.146874
0.0,100,284.149792
1.0,29,284.150691
1.0,97,284.153532
1.0,31,284.154489
0.0,100,284.157426
1.0,7,284.157692
1.0,10,284.158041
1.0,24,284.158796
1.0,24,284.159552
1.0,27,284.160393
1.0,30,284.161319
1.0,33,284.162328
1.0,91,284.164977
1.0,47,284.166408
1.0,18,284.166983
1.0,16,284.167507
1.0,93,284.170218
1.0,9,284.170542
1.0,20,284.171185
0.0,100,284.17411
0.0,100,284.177009
1.0,29,284.177905
1.0,15,284.178407
1.0,8,284.178699
0.0,100,284.181625
1.0,30,284.182557
1.0,12,284.182962
1.0,40,284.184185
1.0,20,284.184816
1.0,79,284.187157
1.0,77,284.189426
1.0,34,284.190469
1.0,18,284.191044
0.0,100,284.193957
1.0,20,284.194604
1.0,18,284.195197
1.0,36,284.196294
1.0,16,284.196813
1.0,22,284.197511
1.0,82,284.199909
1.0,40,284.201126
1.0,25,284.201899
1.0,30,284.202819
1.0,54,284.204427
1.0,46,284.205809
1.0,77,284.208064
1.0,8,284.208371
1.0,21,284.209026
1.0,46,284.210412
1.0,32,284.211394
1.0,50,284.212878
1.0,40,284.214109
1.0,21,284.214767
1.0,16,284.2153
1.0,23,284.216016
1.0,15,284.216518
1.0,15,284.217007
1.0,84,284.219492
1.0,44,284.220814
1.0,7,284.22108
1.0,46,284.222533
1.0,65,284.224464
1.0,30,284.225399
1.0,96,284.22823
1.0,27,284.229065
1.0,49,284.230543
1.0,57,284.232245
1.0,14,284.232709
1.0,20,284.233351
1.0,41,284.234589
1.0,71,284.236687
1.0,40,284.237908
1.0,21,284.238579
0.0,100,284.241528
1.0,68,284.243529
1.0,69,284.245568
1.0,36,284.246664
1.0,64,284.248568
1.0,8,284.24886
1.0,87,284.251409
1.0,30,284.252327
1.0,65,284.254257
1.0,13,284.254694
1.0,21,284.255375
1.0,27,284.256216
1.0,66,284.258172
1.0,32,284.259149
1.0,51,284.260673
1.0,29,284.261574
1.0,17,284.262137
1.0,29,284.263025
1.0,15,284.263524
1.0,46,284.264895
1.0,21,284.265575
1.0,83,284.268015
1.0,17,284.268577
1.0,45,284.269925
1.0,36,284.27102
1.0,37,284.272149
1.0,26,284.272954
1.0,94,284.275721
1.0,89,284.278353
1.0,49,284.279825
1.0,75,284.282028
1.0,17,284.282602
1.0,64,284.284503
1.0,15,284.284994
1.0,97,284.287841
0.0,100,284.290782
1.0,39,284.291967
1.0,77,284.294241
1.0,27,284.295075
1.0,35,284.296149
1.0,52,284.297697
0.0,100,284.300628
1.0,35,284.301704
0.0,100,284.304638
1.0,27,284.305489
1.0,16,284.306007
1.0,45,284.307374
1.0,73,284.309524
1.0,66,284.311472
1.0,37,284.312598
1.0,23,284.313324
1.0,37,284.314442
1.0,27,284.315292
1.0,18,284.315869
1.0,97,284.318715
1.0,22,284.31941
1.0,9,284.31973
1.0,69,284.321771
1.0,17,284.322331
1.0,26,284.323144
1.0,53,284.324718
1.0,54,284.326392
1.0,8,284.326686
1.0,68,284.328695
0.0,100,284.33163
1.0,37,284.332752
0.0,100,284.335697
1.0,50,284.337203
0.0,100,284.340133
1.0,48,284.341572
1.0,20,284.342218
1.0,14,284.34268
1.0,30,284.343605
1.0,61,284.345418
1.0,61,284.34723
1.0,20,284.347858
1.0,63,284.349715
1.0,11,284.350091
1.0,19,284.350702
0.0,100,284.353618
1.0,34,284.354664
1.0,10,284.355013
1.0,53,284.356606
0.0,100,284.359535
1.0,38,284.360691
0.0,100,284.363614
1.0,87,284.36618
1.0,25,284.366948
0.0,100,284.369862
1.0,7,284.370138
1.0,87,284.372696
0.0,100,284.375611
1.0,61,284.377428
1.0,11,284.377806
1.0,40,284.37901
1.0,55,284.380636
1.0,46,284.382015
1.0,54,284.38362
1.0,70,284.385695
1.0,36,284.386785
1.0,18,284.387369
1.0,8,284.387661
1.0,46,284.389026
1.0,28,284.389887
1.0,82,284.392289
1.0,51,284.393796
1.0,54,284.395412
1.0,68,284.397407
1.0,10,284.397756
1.0,61,284.399549
0.0,100,284.402467
1.0,100,284.405384
1.0,47,284.406786
1.0,18,284.407369
1.0,37,284.408497
1.0,92,284.4112
1.0,25,284.411976
1.0,10,284.412337
1.0,98,284.415223
1.0,43,284.416511
1.0,26,284.417321
1.0,51,284.418842
0.0,100,284.421779
1.0,44,284.423114
1.0,65,284.425032
0.0,100,284.427966
1.0,43,284.429275
1.0,12,284.429677
1.0,23,284.430407
1.0,77,284.432652
1.0,77,284.434912
1.0,22,284.435623
1.0,42,284.436896
1.0,32,284.437878
0.0,100,284.440825
1.0,44,284.44223
0.0,100,284.4452
1.0,6,284.44544
1.0,53,284.447026
1.0,42,284.448303
1.0,70,284.450366
1.0,28,284.451235
1.0,11,284.451611
1.0,11,284.451987
1.0,28,284.452859
1.0,39,284.454041
1.0,19,284.454878
1.0,71,284.457
1.0,48,284.458487
1.0,45,284.459848
1.0,39,284.461052
1.0,13,284.461504
0.0,100,284.464462
1.0,46,284.465918
1.0,35,284.466998
0.0,100,284.469957
1.0,19,284.470637
0.0,100,284.473596
1.0,91,284.476354
1.0,44,284.477732
1.0,88,284.480341
1.0,53,284.481969
0.0,100,284.484915
0.0,100,284.487922
1.0,32,284.488958
0.0,100,284.491889
1.0,27,284.492787
1.0,9,284.493126
1.0,24,284.49387
1.0,14,284.494345
1.0,11,284.494724
1.0,40,284.495934
1.0,26,284.496755
1.0,86,284.499279
1.0,34,284.500363
1.0,50,284.501859
1.0,48,284.503315
1.0,70,284.505417
1.0,70,284.507508
0.0,100,284.510478
1.0,26,284.511296
0.0,100,284.514218
1.0,12,284.514628
1.0,50,284.516143
1.0,19,284.516747
1.0,30,284.517667
1.0,36,284.518763
1.0,45,284.520117
1.0,20,284.520752
0.0,100,284.52369
1.0,91,284.526386
1.0,12,284.526793
1.0,41,284.528026
1.0,6,284.52827
1.0,7,284.528536
1.0,41,284.529779
1.0,60,284.53157
1.0,28,284.532443
1.0,12,284.532849
1.0,81,284.535244
1.0,94,284.538003
1.0,21,284.538677
1.0,28,284.539548
1.0,47,284.540955
1.0,43,284.54226
1.0,24,284.543006
1.0,27,284.543944
1.0,41,284.545196
1.0,98,284.548037
1.0,18,284.548622
1.0,25,284.549405
1.0,24,284.550163
1.0,60,284.551932
1.0,20,284.552573
1.0,18,284.553159
1.0,38,284.554311
0.0,100,284.557243
1.0,46,284.558629
1.0,11,284.559011
1.0,17,284.559572
0.0,100,284.562512
1.0,21,284.563186
0.0,100,284.566115
0.0,100,284.569017
1.0,7,284.569293
1.0,16,284.569812
1.0,34,284.570853
1.0,81,284.573244
1.0,100,284.576181
1.0,38,284.57733
0.0,100,284.580241
0.0,100,284.583149
1.0,28,284.584006
1.0,39,284.585194
1.0,68,284.587192
1.0,59,284.588943
1.0,18,284.589535
1.0,29,284.590431
1.0,17,284.590977
1.0,13,284.591419
1.0,21,284.592075
1.0,25,284.592849
1.0,61,284.594662
1.0,36,284.595765
1.0,37,284.596889
1.0,32,284.597875
1.0,16,284.598406
1.0,42,284.599683
1.0,12,284.60009
1.0,7,284.600363
1.0,65,284.602293
0.0,100,284.605207
1.0,22,284.605891
1.0,28,284.60676
1.0,65,284.608697
1.0,12,284.609108
1.0,70,284.611169
1.0,52,284.612701
1.0,19,284.613319
0.0,100,284.616261
1.0,24,284.617013
1.0,62,284.618858
1.0,20,284.619508
1.0,13,284.619942
1.0,14,284.620414
0.0,100,284.623326
0.0,100,284.626261
1.0,53,284.627831
1.0,62,284.629673
1.0,43,284.630969
0.0,100,284.633901
1.0,21,284.634577
1.0,10,284.634926
1.0,72,284.637059
1.0,20,284.637697
1.0,33,284.6387
1.0,60,284.640484
1.0,34,284.641519
1.0,23,284.642248
0.0,100,284.645178
1.0,31,284.646206
1.0,72,284.648345
1.0,99,284.651271
1.0,44,284.652595
1.0,15,284.653086
1.0,55,284.65473
1.0,81,284.657151
1.0,33,284.65816
1.0,76,284.660413
1.0,46,284.661796
1.0,38,284.662954
1.0,49,284.664432
1.0,41,284.665691
1.0,23,284.666421
1.0,27,284.667261
1.0,25,284.668035
1.0,33,284.669045
1.0,49,284.670522
1.0,43,284.671828
1.0,71,284.673928
1.0,85,284.676433
1.0,46,284.677809
1.0,30,284.678738
1.0,28,284.679613
1.0,27,284.680456
1.0,62,284.682297
1.0,38,284.683455
1.0,27,284.684298
1.0,69,284.686357
1.0,67,284.688344
1.0,79,284.690671
0.0,100,284.693589
1.0,19,284.694208
1.0,23,284.694928
1.0,7,284.695211
1.0,92,284.697893
1.0,29,284.698788
1.0,34,284.699821
1.0,32,284.700809
1.0,67,284.702787
1.0,47,284.704212
1.0,24,284.704962
1.0,24,284.705726
1.0,15,284.70623
1.0,25,284.707003
1.0,85,284.709513
1.0,18,284.71009
0.0,100,284.713013
1.0,60,284.714808
1.0,40,284.716033
0.0,100,284.718979
1.0,15,284.719486
1.0,51,284.721004
1.0,8,284.721309
1.0,19,284.721912
1.0,40,284.723135
1.0,25,284.72391
1.0,70,284.725984
1.0,16,284.726515
1.0,22,284.727215
1.0,46,284.72859
0.0,100,284.731527
1.0,30,284.732458
1.0,95,284.735252
1.0,20,284.735882
1.0,72,284.737992
1.0,90,284.740634
1.0,69,284.742661
0.0,100,284.745594
0.0,100,284.748525
1.0,56,284.750184
1.0,45,284.751595
1.0,48,284.753035
1.0,46,284.754425
1.0,36,284.755526
1.0,38,284.756682
1.0,34,284.75772
1.0,54,284.759337
1.0,19,284.759942
1.0,11,284.760328
1.0,25,284.761106
1.0,20,284.761735
1.0,75,284.763948
1.0,32,284.764931
0.0,100,284.767878
1.0,10,284.768239
0.0,100,284.771165
1.0,54,284.772769
1.0,49,284.774243
0.0,100,284.777149
1.0,50,284.778642
1.0,7,284.778907
1.0,39,284.780082
1.0,71,284.782173
1.0,21,284.782833
1.0,80,284.785208
1.0,30,284.786136
1.0,36,284.787235
1.0,22,284.787925
1.0,12,284.788342
1.0,31,284.789298
1.0,25,284.790071
1.0,9,284.790398
1.0,19,284.790998
1.0,71,284.793078
1.0,18,284.793661
1.0,28,284.794528
0.0,100,284.797444
1.0,16,284.79796
1.0,37,284.799075
1.0,19,284.799683
1.0,13,284.800127
1.0,35,284.801189
1.0,29,284.802074
1.0,46,284.803444
1.0,91,284.806093
1.0,22,284.806786
0.0,100,284.809712
1.0,9,284.810036
1.0,35,284.811106
1.0,19,284.81171
0.0,100,284.814635
1.0,17,284.815203
1.0,12,284.815608
1.0,75,284.817806
1.0,46,284.819191
1.0,75,284.821381
1.0,93,284.824093
1.0,78,284.826402
1.0,33,284.827412
1.0,10,284.82776
1.0,61,284.829554
1.0,17,284.830106
0.0,100,284.832993
1.0,25,284.833778
1.0,35,284.834847
1.0,65,284.836779
1.0,73,284.838911
1.0,20,284.839553
0.0,100,284.842457
1.0,37,284.843581
1.0,36,284.84468
1.0,41,284.845926
1.0,16,284.846453
1.0,40,284.847657
1.0,28,284.848519
1.0,20,284.849161
1.0,67,284.851139
1.0,48,284.852638
1.0,71,284.854749
1.0,21,284.855432
1.0,24,284.856193
1.0,14,284.856656
1.0,70,284.858715
1.0,44,284.860044
0.0,100,284.862981
1.0,36,284.86408
1.0,28,284.86494
1.0,13,284.865391
1.0,23,284.866114
1.0,19,284.866719
1.0,49,284.868194
1.0,47,284.8696
1.0,47,284.871001
1.0,87,284.873569
1.0,63,284.875438
0.0,100,284.878375
1.0,58,284.880094
1.0,31,284.881041
1.0,60,284.882817
0.0,100,284.885773
1.0,22,284.886479
1.0,43,284.887786
1.0,11,284.888177
1.0,34,284.889214
1.0,66,284.89116
1.0,25,284.891935
1.0,22,284.892633
1.0,56,284.894314
1.0,12,284.894721
1.0,45,284.896082
0.0,100,284.898996
1.0,12,284.899437
1.0,48,284.900883
1.0,20,284.901532
1.0,22,284.902232
1.0,42,284.903506
1.0,26,284.904315
0.0,100,284.907258
1.0,50,284.908749
1.0,30,284.909679
1.0,60,284.911463
1.0,32,284.912458
1.0,18,284.913037
0.0,100,284.915993
1.0,61,284.917807
1.0,18,284.918398
1.0,12,284.918802
1.0,97,284.921654
0.0,100,284.924587
0.0,100,284.927545
1.0,23,284.928277
1.0,57,284.929963
1.0,24,284.930722
0.0,100,284.933634
1.0,46,284.935015
1.0,22,284.935723
0.0,100,284.938641
1.0,25,284.939431
1.0,31,284.940386
0.0,100,284.943333
1.0,32,284.944316
1.0,30,284.945253
1.0,42,284.946518
1.0,84,284.948983
1.0,79,284.951328
1.0,25,284.95211
1.0,38,284.95326
1.0,47,284.954667
1.0,36,284.955761
1.0,58,284.957551
1.0,42,284.95882
0.0,100,284.961745
1.0,59,284.963487
1.0,10,284.963835
1.0,32,284.964812
1.0,58,284.966547
1.0,27,284.967385
1.0,23,284.96811
1.0,11,284.968488
1.0,86,284.970999
1.0,23,284.971727
1.0,17,284.972286
1.0,14,284.972746
1.0,98,284.975614
1.0,25,284.976394
1.0,71,284.978478
1.0,15,284.978967
1.0,90,284.98161
1.0,97,284.984433
1.0,19,284.985034
1.0,65,284.986953
1.0,45,284.988306
1.0,14,284.988767
1.0,85,284.991263
1.0,27,284.992095
1.0,49,284.993552
1.0,56,284.995208
1.0,65,284.99713
0.0,100,285.000047
1.0,11,285.000437
0.0,100,285.003359
1.0,32,285.004346
1.0,52,285.005902
1.0,21,285.006577
1.0,66,285.008525
1.0,77,285.010794
1.0,12,285.011214
0.0,100,285.014133
1.0,73,285.016294
1.0,8,285.016589
1.0,22,285.017288
1.0,43,285.018584
1.0,20,285.019225
1.0,18,285.019804
1.0,55,285.021447
1.0,9,285.021768
1.0,37,285.022889
1.0,46,285.024284
1.0,35,285.025357
1.0,33,285.026372
1.0,32,285.027351
1.0,30,285.028274
1.0,20,285.028902
1.0,68,285.030916
1.0,19,285.031531
1.0,18,285.032118
1.0,24,285.032857
1.0,23,285.033582
1.0,32,285.034563
1.0,32,285.03555
1.0,41,285.036775
1.0,45,285.038133
1.0,29,285.039017
1.0,37,285.040152
1.0,20,285.040783
1.0,26,285.041595
1.0,52,285.043156
1.0,14,285.04362
1.0,11,285.043997
1.0,37,285.045136
1.0,43,285.046418
1.0,41,285.047646
1.0,30,285.048571
1.0,31,285.049524
1.0,100,285.052449
1.0,26,285.053268
1.0,13,285.053705
1.0,34,285.054738
1.0,19,285.055357
1.0,22,285.056044
1.0,30,285.057045
1.0,50,285.058547
1.0,21,285.059218
0.0,100,285.062152
0.0,100,285.065064
1.0,14,285.065544
1.0,21,285.066213
0.0,100,285.06916
1.0,17,285.069707
1.0,33,285.070718
1.0,31,285.071678
1.0,33,285.072695
1.0,32,285.073684
1.0,72,285.075824
1.0,23,285.076555
1.0,61,285.078384
1.0,20,285.079016
0.0,100,285.081947
1.0,42,285.083223
1.0,12,285.083631
1.0,91,285.086307
1.0,39,285.087494
1.0,31,285.088455
1.0,41,285.089699
1.0,15,285.090205
1.0,66,285.092161
1.0,34,285.093197
1.0,70,285.09528
1.0,82,285.097693
1.0,10,285.098044
0.0,100,285.100975
1.0,18,285.101568
1.0,15,285.102063
1.0,21,285.102734
1.0,12,285.103151
1.0,8,285.103443
1.0,36,285.104531
1.0,19,285.105152
1.0,72,285.107291
1.0,81,285.109682
1.0,74,285.11187
0.0,100,285.114816
0.0,100,285.117774
0.0,100,285.12073
1.0,8,285.121025
1.0,94,285.123793
1.0,39,285.124982
1.0,6,285.125237
1.0,22,285.125927
1.0,49,285.12741
1.0,20,285.128042
1.0,17,285.128601
1.0,10,285.128952
0.0,100,285.131896
1.0,12,285.132317
1.0,22,285.133008
1.0,67,285.134997
1.0,19,285.135622
1.0,86,285.138161
1.0,23,285.13888
1.0,17,285.139439
1.0,23,285.140168
1.0,50,285.141657
1.0,8,285.141953
1.0,19,285.142568
1.0,33,285.143584
1.0,29,285.144488
1.0,10,285.144835
1.0,17,285.1454
1.0,63,285.147282
1.0,16,285.147801
1.0,37,285.148928
1.0,30,285.149858
1.0,28,285.15073
1.0,27,285.151572
1.0,20,285.152216
1.0,82,285.154635
1.0,26,285.155457
1.0,10,285.155807
1.0,48,285.157256
1.0,24,285.158077
1.0,35,285.159152
1.0,13,285.159585
1.0,46,285.160949
1.0,83,285.163392
1.0,43,285.164693
1.0,39,285.165883
1.0,43,285.167195
1.0,27,285.168022
1.0,93,285.170733
1.0,50,285.172234
1.0,28,285.173088
1.0,10,285.173444
1.0,34,285.174483
1.0,53,285.176055
1.0,46,285.177436
1.0,24,285.178185
1.0,9,285.178519
1.0,11,285.178899
1.0,39,285.180082
1.0,21,285.18075
1.0,69,285.182799
1.0,44,285.184129
1.0,43,285.185432
1.0,78,285.187717
1.0,62,285.189563
1.0,6,285.189801
0.0,100,285.192729
1.0,85,285.195232
1.0,51,285.196757
1.0,27,285.197597
1.0,63,285.199453
1.0,6,285.19969
1.0,10,285.200036
1.0,52,285.201578
1.0,48,285.203008
1.0,36,285.204108
1.0,7,285.204373
1.0,15,285.204861
1.0,53,285.206485
1.0,97,285.209321
1.0,12,285.209728
0.0,100,285.212647
1.0,48,285.214089
1.0,19,285.214701
1.0,28,285.215573
1.0,52,285.217123
0.0,100,285.220048
1.0,90,285.222708
1.0,19,285.223327
1.0,25,285.224111
1.0,53,285.225683
1.0,54,285.227294
0.0,100,285.230227
1.0,60,285.231995
0.0,100,285.234917
1.0,59,285.236684
1.0,12,285.237092
1.0,78,285.2394
1.0,69,285.241447
1.0,40,285.242657
1.0,12,285.243063
1.0,38,285.24421
1.0,84,285.246685
1.0,76,285.248923
1.0,9,285.249258
1.0,43,285.250549
1.0,17,285.251092
1.0,36,285.25219
1.0,74,285.254357
1.0,67,285.256325
1.0,35,285.257389
1.0,19,285.257992
1.0,29,285.258889
1.0,32,285.25987
1.0,53,285.261466
1.0,44,285.26285
1.0,37,285.263979
1.0,36,285.26508
0.0,100,285.268034
1.0,52,285.269602
1.0,66,285.271562
1.0,25,285.27235
1.0,33,285.273367
1.0,19,285.27397
1.0,14,285.274443
1.0,7,285.274709
1.0,24,285.275472
1.0,20,285.276115
1.0,33,285.277122
1.0,15,285.277612
1.0,15,285.278111
1.0,16,285.278629
1.0,61,285.280451
1.0,89,285.283069
1.0,19,285.28368
1.0,69,285.285736
1.0,14,285.286214
0.0,100,285.289155
1.0,10,285.289509
1.0,31,285.290466
0.0,100,285.293394
1.0,30,285.29432
1.0,23,285.295038
1.0,16,285.295573
1.0,83,285.298016
1.0,14,285.298493
1.0,10,285.298844
1.0,87,285.301406
1.0,17,285.301953
1.0,43,285.303264
1.0,47,285.30468
1.0,18,285.305274
1.0,49,285.306742
1.0,14,285.307217
1.0,87,285.309786
1.0,21,285.310459
1.0,16,285.310977
1.0,44,285.312316
0.0,100,285.31526
1.0,73,285.317429
1.0,26,285.318244
1.0,31,285.319199
1.0,12,285.319605
1.0,52,285.32117
1.0,13,285.321606
0.0,100,285.324543
1.0,31,285.325504
1.0,15,285.325997
1.0,31,285.326951
1.0,87,285.329516
1.0,64,285.331423
1.0,42,285.332688
1.0,26,285.333504
1.0,49,285.334965
0.0,100,285.337898
1.0,46,285.339285
1.0,21,285.339947
1.0,13,285.340392
1.0,73,285.342544
0.0,100,285.345483
1.0,51,285.34701
1.0,40,285.348224
1.0,88,285.350804
1.0,16,285.351334
1.0,53,285.352899
1.0,28,285.353772
1.0,15,285.354271
1.0,16,285.354789
1.0,33,285.355801
1.0,85,285.358311
1.0,90,285.360951
1.0,34,285.361988
1.0,17,285.362622
1.0,48,285.364056
1.0,12,285.364472
1.0,32,285.365458
1.0,87,285.368005
1.0,26,285.368815
1.0,8,285.369115
1.0,69,285.371145
0.0,100,285.374068
1.0,34,285.375117
0.0,100,285.378026
1.0,70,285.380088
1.0,20,285.380723
0.0,100,285.383631
1.0,42,285.384882
1.0,53,285.386474
1.0,82,285.388887
1.0,25,285.389676
1.0,26,285.390491
1.0,43,285.391778
1.0,56,285.393437
1.0,20,285.394063
1.0,35,285.395137
1.0,11,285.395514
1.0,22,285.396212
1.0,41,285.397436
1.0,51,285.398939
1.0,9,285.39927
1.0,35,285.400331
1.0,66,285.402276
1.0,36,285.403365
1.0,24,285.404116
1.0,92,285.40681
1.0,20,285.407453
0.0,100,285.410381
1.0,6,285.410619
1.0,16,285.411148
1.0,79,285.413464
1.0,26,285.41428
1.0,27,285.415118
0.0,100,285.418025
1.0,32,285.419007
1.0,16,285.419536
0.0,100,285.422448
1.0,53,285.424016
1.0,34,285.425055
1.0,20,285.425699
1.0,49,285.42716
1.0,24,285.427903
1.0,88,285.430472
1.0,55,285.432107
1.0,29,285.432988
1.0,17,285.433544
1.0,26,285.434354
1.0,67,285.436325
0.0,100,285.439212
1.0,28,285.44007
1.0,59,285.441799
1.0,13,285.44224
1.0,29,285.443133
1.0,43,285.444427
1.0,78,285.446706
1.0,44,285.448017
1.0,36,285.449107
1.0,39,285.450277
1.0,32,285.451257
1.0,77,285.453514
1.0,8,285.453808
1.0,10,285.454168
1.0,37,285.455295
1.0,24,285.456038
1.0,61,285.457834
1.0,61,285.459635
0.0,100,285.46254
1.0,21,285.463209
1.0,27,285.464039
1.0,11,285.464486
1.0,70,285.466559
1.0,92,285.469257
1.0,59,285.470989
1.0,74,285.473207
1.0,26,285.474012
0.0,100,285.476965
1.0,36,285.478055
0.0,100,285.480969
1.0,19,285.481584
1.0,9,285.481907
1.0,17,285.482462
0.0,100,285.485394
1.0,7,285.485659
1.0,29,285.486556
0.0,100,285.489488
1.0,29,285.490387
1.0,51,285.491911
1.0,28,285.492779
0.0,100,285.495717
1.0,25,285.496508
1.0,63,285.498373
1.0,65,285.500292
1.0,54,285.501893
1.0,42,285.503173
1.0,19,285.503778
0.0,100,285.506735
1.0,9,285.507059
1.0,38,285.508222
1.0,21,285.508878
1.0,14,285.509352
1.0,73,285.511497
1.0,62,285.513347
1.0,31,285.514306
1.0,70,285.516385
1.0,34,285.517425
1.0,12,285.517834
1.0,31,285.518787
1.0,79,285.521128
1.0,88,285.523689
1.0,66,285.525654
1.0,22,285.526351
1.0,97,285.529204
1.0,36,285.530301
1.0,45,285.531656
0.0,100,285.534592
1.0,69,285.536635
1.0,27,285.537473
1.0,54,285.539084
1.0,15,285.539584
1.0,31,285.540543
1.0,48,285.541985
1.0,43,285.543303
1.0,33,285.54431
1.0,33,285.545332
1.0,13,285.545766
1.0,11,285.546154
1.0,31,285.547107
1.0,12,285.547515
1.0,76,285.549762
1.0,27,285.550611
0.0,100,285.553538
0.0,100,285.556467
1.0,37,285.557586
1.0,45,285.55894
1.0,17,285.5595
1.0,27,285.560342
1.0,11,285.560719
1.0,22,285.561419
1.0,41,285.562661
1.0,18,285.56325
1.0,54,285.564839
1.0,23,285.565578
0.0,100,285.568514
1.0,71,285.570629
1.0,30,285.57156
1.0,36,285.572721
1.0,33,285.573732
1.0,35,285.574794
1.0,27,285.575638
1.0,7,285.575904
1.0,52,285.577461
1.0,22,285.578162
1.0,15,285.578652
1.0,13,285.579083
1.0,25,285.579863
1.0,32,285.580844
1.0,59,285.582606
1.0,27,285.583452
1.0,91,285.586122
1.0,80,285.588461
1.0,46,285.589831
1.0,24,285.590589
1.0,30,285.591511
1.0,23,285.59224
1.0,54,285.593838
0.0,100,285.596778
1.0,15,285.59728
1.0,37,285.598408
1.0,23,285.599137
0.0,100,285.602055
1.0,18,285.602638
1.0,79,285.604966
1.0,52,285.606538
1.0,12,285.606944
0.0,100,285.609879
1.0,80,285.612242
1.0,17,285.612792
1.0,73,285.614945
1.0,75,285.617173
1.0,82,285.61958
1.0,11,285.619956
1.0,64,285.621856
1.0,33,285.62286
1.0,39,285.624041
1.0,20,285.624684
1.0,19,285.625307
1.0,20,285.625938
1.0,16,285.626463
1.0,37,285.627575
1.0,35,285.628642
1.0,48,285.630078
1.0,21,285.630746
1.0,11,285.631131
1.0,92,285.6338
1.0,41,285.635027
1.0,29,285.635931
1.0,13,285.636379
1.0,66,285.638329
1.0,11,285.638707
1.0,13,285.639147
1.0,38,285.64029
1.0,10,285.640638
0.0,100,285.643555
1.0,28,285.644423
1.0,34,285.645459
1.0,55,285.647093
1.0,11,285.647479
1.0,19,285.648081
1.0,92,285.650779
1.0,16,285.651311
1.0,85,285.653811
0.0,100,285.656742
1.0,17,285.657298
1.0,12,285.657703
1.0,12,285.658117
1.0,32,285.659081
1.0,45,285.660433
1.0,69,285.662478
0.0,100,285.665406
1.0,50,285.666892
1.0,22,285.667586
0.0,100,285.670517
1.0,16,285.671035
1.0,69,285.673064
1.0,30,285.674054
1.0,9,285.674387
0.0,100,285.677326
1.0,83,285.679766
1.0,53,285.68135
1.0,10,285.6817
1.0,25,285.682488
1.0,19,285.683095
1.0,9,285.683425
1.0,20,285.684059
1.0,69,285.686109
1.0,76,285.688343
1.0,8,285.688636
1.0,31,285.689594
1.0,15,285.690086
1.0,67,285.692069
1.0,77,285.694348
1.0,6,285.694585
1.0,52,285.69614
0.0,100,285.69908
1.0,58,285.700799
1.0,38,285.701952
1.0,45,285.703317
1.0,56,285.704982
1.0,12,285.705406
1.0,87,285.707963
1.0,52,285.709527
1.0,71,285.711617
0.0,100,285.714561
0.0,100,285.717492
1.0,15,285.717984
0.0,100,285.720927
1.0,41,285.722181
1.0,19,285.722787
0.0,100,285.72573
1.0,89,285.728353
1.0,42,285.729607
0.0,100,285.732544
1.0,12,285.732954
1.0,14,285.733428
1.0,48,285.734863
1.0,66,285.736829
1.0,73,285.738965
1.0,56,285.740644
1.0,23,285.741368
1.0,34,285.742409
0.0,100,285.745351
1.0,53,285.746926
1.0,51,285.748456
1.0,26,285.749271
1.0,56,285.750929
1.0,10,285.751293
1.0,24,285.752037
1.0,45,285.753405
1.0,93,285.756138
1.0,53,285.757724
1.0,72,285.759847
1.0,47,285.761265
0.0,100,285.764188
1.0,10,285.764539
1.0,16,285.765057
1.0,48,285.766509
1.0,22,285.767208
1.0,11,285.767585
1.0,38,285.76873
1.0,65,285.77068
1.0,26,285.771497
1.0,11,285.771876
1.0,47,285.773295
0.0,100,285.776229
1.0,45,285.777571
1.0,31,285.778526
1.0,70,285.780593
1.0,35,285.781663
1.0,13,285.782105
1.0,51,285.783683
1.0,26,285.784495
1.0,85,285.786979
1.0,19,285.787596
1.0,57,285.7893
1.0,99,285.792189
1.0,56,285.793847
1.0,11,285.794237
1.0,10,285.794588
0.0,100,285.797526
1.0,16,285.798047
0.0,100,285.800956
1.0,26,285.801771
1.0,18,285.802357
1.0,18,285.802932
1.0,28,285.80379
1.0,34,285.804827
1.0,22,285.80553
1.0,26,285.806342
1.0,51,285.807849
1.0,38,285.809001
1.0,23,285.809729
1.0,28,285.810602
1.0,72,285.812723
1.0,19,285.813339
1.0,86,285.815852
0.0,100,285.818778
1.0,39,285.819961
1.0,28,285.820835
1.0,35,285.821904
1.0,13,285.82235
1.0,30,285.823274
1.0,7,285.82354
1.0,37,285.824657
1.0,21,285.825333
1.0,6,285.82557
1.0,20,285.826214
1.0,19,285.826818
0.0,100,285.829759
1.0,45,285.831116
1.0,51,285.832631
1.0,15,285.833129
1.0,19,285.833732
1.0,100,285.836658
1.0,30,285.837587
1.0,21,285.838256
1.0,35,285.839319
1.0,28,285.840181
1.0,74,285.84235
1.0,49,285.843804
1.0,19,285.844418
1.0,47,285.845829
1.0,41,285.847066
1.0,16,285.847591
1.0,22,285.848289
0.0,100,285.851223
1.0,22,285.851908
1.0,42,285.85318
1.0,27,285.854015
1.0,9,285.854347
1.0,26,285.855166
1.0,89,285.857769
1.0,10,285.858128
1.0,45,285.85946
0.0,100,285.862391
1.0,43,285.863681
1.0,21,285.864352
1.0,40,285.865581
1.0,15,285.866074
1.0,31,285.867018
1.0,17,285.867572
1.0,58,285.869283
1.0,15,285.869773
1.0,40,285.870975
1.0,94,285.87374
1.0,24,285.874499
1.0,84,285.876964
1.0,21,285.877637
1.0,35,285.8787
1.0,44,285.880019
1.0,100,285.88294
1.0,39,285.884208
1.0,44,285.885543
1.0,36,285.886629
1.0,95,285.889419
1.0,37,285.890546
1.0,90,285.893194
0.0,100,285.896132
1.0,61,285.89793
1.0,13,285.898376
1.0,41,285.899614
1.0,53,285.901199
1.0,68,285.903216
1.0,18,285.90379
1.0,56,285.905467
1.0,48,285.9069
1.0,36,285.908001
1.0,18,285.908589
1.0,46,285.909976
1.0,20,285.910617
1.0,27,285.91146
1.0,9,285.911781
1.0,21,285.912453
1.0,19,285.913057
1.0,50,285.914553
1.0,9,285.914874
1.0,11,285.91527
1.0,47,285.916678
1.0,8,285.916973
1.0,52,285.918536
1.0,72,285.920668
1.0,12,285.921076
1.0,15,285.921576
1.0,20,285.922217
1.0,18,285.922793
1.0,60,285.924566
1.0,14,285.925031
1.0,26,285.925846
1.0,26,285.92666
1.0,19,285.927272
1.0,35,285.928339
1.0,27,285.929182
1.0,28,285.930042
1.0,31,285.930996
1.0,59,285.932752
1.0,71,285.934835
1.0,24,285.935594
1.0,51,285.937121
0.0,100,285.940048
1.0,22,285.94075
0.0,100,285.943697
1.0,75,285.945911
1.0,34,285.946956
1.0,52,285.948514
1.0,73,285.95067
1.0,37,285.951794
1.0,62,285.953645
1.0,55,285.9553
1.0,13,285.955734
1.0,44,285.957056
1.0,62,285.958891
1.0,77,285.961177
1.0,60,285.962963
1.0,31,285.963916
1.0,84,285.966404
1.0,21,285.967062
1.0,40,285.968277
1.0,64,285.970168
1.0,29,285.971059
0.0,100,285.974001
1.0,34,285.975046
0.0,100,285.97798
1.0,23,285.978717
1.0,37,285.979846
1.0,14,285.980321
1.0,63,285.982192
1.0,40,285.983402
1.0,59,285.985224
0.0,100,285.988161
1.0,55,285.989793
1.0,48,285.991241
1.0,35,285.992306
1.0,71,285.9944
1.0,47,285.995806
1.0,30,285.996731
1.0,37,285.997855
1.0,59,285.999608
1.0,37,286.00073
1.0,21,286.001404
1.0,15,286.001895
1.0,59,286.003656
1.0,73,286.005811
0.0,100,286.008756
1.0,14,286.009234
1.0,69,286.01129
1.0,12,286.011696
1.0,62,286.013533
1.0,37,286.01465
1.0,71,286.016755
0.0,100,286.019688
1.0,78,286.021993
1.0,17,286.022552
1.0,22,286.023253
1.0,52,286.024799
1.0,38,286.025957
1.0,74,286.028148
1.0,61,286.029954
1.0,31,286.030908
1.0,44,286.032238
1.0,25,286.033009
1.0,49,286.034472
1.0,23,286.035205
1.0,46,286.036583
1.0,83,286.039018
0.0,100,286.041956
1.0,34,286.042993
1.0,11,286.04338
1.0,22,286.044068
1.0,43,286.045373
1.0,8,286.045668
0.0,100,286.048617
1.0,41,286.049862
1.0,30,286.050791
1.0,14,286.051265
1.0,26,286.052063
1.0,63,286.053926
1.0,94,286.056697
1.0,18,286.057302
1.0,42,286.05857
1.0,65,286.060502
1.0,26,286.061312
1.0,34,286.062348
1.0,77,286.06462
1.0,17,286.065185
0.0,100,286.068117
1.0,17,286.068666
1.0,39,286.069847
1.0,42,286.071119
1.0,25,286.071892
0.0,100,286.074823
1.0,11,286.075219
1.0,57,286.076896
1.0,24,286.077653
1.0,20,286.078297
1.0,12,286.078701
1.0,28,286.079562
1.0,21,286.080232
1.0,52,286.081776
1.0,65,286.083696
1.0,85,286.086198
1.0,27,286.087028
1.0,25,286.087804
1.0,20,286.088447
1.0,12,286.088909
1.0,28,286.089782
1.0,71,286.091869
1.0,20,286.092513
1.0,80,286.094866
0.0,100,286.0978
1.0,20,286.098445
1.0,65,286.100371
1.0,16,286.100886
1.0,34,286.101918
1.0,27,286.102763
1.0,56,286.104442
1.0,54,286.106054
1.0,95,286.108848
1.0,9,286.109179
1.0,33,286.110185
1.0,28,286.111044
1.0,29,286.111936
1.0,9,286.112269
1.0,58,286.11399
1.0,57,286.115696
1.0,16,286.116228
0.0,100,286.11914
1.0,53,286.120711
1.0,49,286.122175
0.0,100,286.125091
1.0,43,286.126393
1.0,62,286.128249
1.0,93,286.130967
1.0,18,286.131555
1.0,43,286.132843
1.0,48,286.134298
1.0,11,286.134676
1.0,14,286.135157
1.0,78,286.137449
1.0,17,286.137998
1.0,11,286.138384
1.0,48,286.139815
1.0,20,286.140461
0.0,100,286.143386
1.0,41,286.144624
1.0,87,286.147206
1.0,89,286.149801
1.0,37,286.150918
1.0,20,286.151562
1.0,46,286.152932
1.0,36,286.154031
1.0,11,286.154417
1.0,60,286.156194
1.0,74,286.15838
0.0,100,286.161281
1.0,36,286.16238
0.0,100,286.165293
1.0,24,286.166035
1.0,86,286.16854
1.0,33,286.169546
1.0,26,286.17036
1.0,43,286.171656
1.0,49,286.173127
1.0,47,286.17453
0.0,100,286.17746
1.0,46,286.178843
1.0,46,286.180225
1.0,20,286.180855
1.0,72,286.18298
1.0,79,286.185322
0.0,100,286.188238
1.0,39,286.189409
0.0,100,286.192307
1.0,9,286.192629
1.0,17,286.193183
1.0,44,286.19451
1.0,60,286.196293
1.0,27,286.197135
0.0,100,286.200035
1.0,23,286.200826
0.0,100,286.203768
1.0,24,286.204525
1.0,91,286.207209
1.0,15,286.207703
1.0,27,286.20855
1.0,47,286.209958
1.0,67,286.211942
1.0,30,286.212869
1.0,40,286.214072
0.0,100,286.217008
1.0,55,286.218651
1.0,56,286.22033
1.0,73,286.222488
1.0,70,286.224555
0.0,100,286.227495
1.0,54,286.229119
1.0,81,286.231511
1.0,16,286.23203
1.0,7,286.232303
1.0,54,286.233915
1.0,26,286.234733
0.0,100,286.237677
1.0,31,286.238636
1.0,14,286.239107
1.0,38,286.240258
1.0,83,286.242695
1.0,6,286.242934
1.0,22,286.243636
1.0,29,286.244536
1.0,71,286.246639
1.0,13,286.247074
1.0,47,286.248479
0.0,100,286.251419
1.0,29,286.252319
1.0,77,286.254581
1.0,33,286.255603
1.0,25,286.25639
1.0,6,286.256626
1.0,85,286.259127
1.0,7,286.259392
1.0,8,286.259684
1.0,28,286.260557
1.0,15,286.261048
1.0,32,286.262027
1.0,42,286.263298
1.0,26,286.26411
1.0,78,286.26641
1.0,66,286.268368
1.0,28,286.269238
1.0,21,286.269894
1.0,24,286.270644
1.0,50,286.272151
1.0,39,286.273326
1.0,45,286.274677
1.0,46,286.276063
1.0,27,286.276902
1.0,97,286.27974
1.0,31,286.280701
1.0,80,286.283051
1.0,14,286.283521
1.0,24,286.284274
0.0,100,286.287201
1.0,34,286.288237
1.0,60,286.290011
1.0,22,286.290709
1.0,43,286.291994
1.0,35,286.293056
0.0,100,286.295987
1.0,10,286.29635
1.0,19,286.296953
1.0,28,286.297823
1.0,75,286.300024
1.0,25,286.300806
1.0,46,286.30227
1.0,43,286.303565
1.0,17,286.304124
1.0,29,286.305003
1.0,50,286.306511
1.0,11,286.306891
1.0,28,286.307762
1.0,56,286.309447
1.0,36,286.310552
1.0,27,286.311397
1.0,10,286.311747
1.0,22,286.312444
1.0,25,286.31323
1.0,20,286.313861
1.0,8,286.314166
1.0,22,286.314853
1.0,58,286.316598
1.0,46,286.317979
1.0,22,286.318683
1.0,19,286.319298
1.0,80,286.321659
1.0,65,286.323589
1.0,16,286.324116
1.0,47,286.325513
1.0,34,286.326553
1.0,18,286.327135
1.0,69,286.329174
1.0,17,286.329723
1.0,23,286.330447
1.0,43,286.331738
1.0,29,286.332643
1.0,15,286.333143
1.0,53,286.33472
0.0,100,286.337662
1.0,71,286.339773
1.0,39,286.340951
1.0,13,286.341401
1.0,43,286.342685
1.0,19,286.343295
1.0,58,286.345009
1.0,32,286.345995
0.0,100,286.34896
1.0,97,286.35181
1.0,36,286.352902
1.0,82,286.355335
1.0,39,286.356517
1.0,52,286.358069
1.0,37,286.3592
1.0,22,286.359886
1.0,44,286.36122
1.0,32,286.362197
0.0,100,286.365112
1.0,39,286.366294
1.0,43,286.367587
1.0,19,286.368203
1.0,45,286.369551
1.0,29,286.370451
0.0,100,286.373363
1.0,84,286.375839
1.0,70,286.377901
1.0,34,286.378939
1.0,28,286.379804
1.0,72,286.381934
1.0,79,286.384277
1.0,55,286.385917
1.0,14,286.386392
1.0,65,286.388309
1.0,28,286.389178
1.0,9,286.389498
1.0,53,286.391078
1.0,16,286.391607
1.0,59,286.393364
1.0,28,286.394233
1.0,68,286.396232
1.0,20,286.396864
1.0,76,286.399089
1.0,30,286.400013
1.0,50,286.40151
1.0,78,286.403863
1.0,38,286.405018
1.0,36,286.406124
1.0,41,286.407359
1.0,46,286.408748
1.0,23,286.409478
0.0,100,286.412405
1.0,87,286.414932
0.0,100,286.417856
1.0,18,286.418444
1.0,18,286.419018
1.0,42,286.420282
0.0,100,286.423216
1.0,47,286.424612
1.0,24,286.425377
1.0,59,286.427131
1.0,72,286.429259
1.0,64,286.431156
1.0,27,286.431986
1.0,23,286.432713
1.0,38,286.433868
1.0,46,286.43526
1.0,57,286.436952
1.0,56,286.438622
1.0,40,286.439829
1.0,42,286.441088
1.0,36,286.442188
1.0,17,286.442736
1.0,79,286.445058
1.0,41,286.44631
1.0,56,286.447963
1.0,46,286.44935
1.0,11,286.449726
1.0,62,286.451569
1.0,95,286.454358
1.0,10,286.454709
1.0,42,286.455984
1.0,28,286.456852
1.0,29,286.457755
1.0,29,286.458737
1.0,84,286.461206
1.0,84,286.463652
1.0,11,286.46403
1.0,51,286.465563
1.0,33,286.466578
1.0,26,286.467389
0.0,100,286.470318
0.0,100,286.47325
1.0,93,286.47597
1.0,42,286.477252
0.0,100,286.480166
1.0,20,286.4808
1.0,51,286.482319
1.0,29,286.483209
0.0,100,286.486132
1.0,28,286.486988
1.0,49,286.488464
1.0,26,286.489276
0.0,100,286.492203
1.0,84,286.494667
1.0,57,286.496385
1.0,74,286.498573
1.0,72,286.5007
1.0,25,286.501485
1.0,34,286.502525
1.0,64,286.504421
1.0,41,286.505663
1.0,41,286.506898
1.0,82,286.509324
0.0,100,286.512232
1.0,31,286.513188
1.0,60,286.514964
1.0,41,286.516226
1.0,11,286.516604
1.0,85,286.519088
1.0,63,286.521033
1.0,92,286.523747
1.0,26,286.524563
1.0,52,286.526126
1.0,30,286.527038
0.0,100,286.52997
1.0,18,286.530557
1.0,24,286.531311
1.0,21,286.531974
1.0,48,286.533426
1.0,12,286.533834
1.0,92,286.536549
1.0,63,286.538423
1.0,46,286.539797
1.0,57,286.541487
1.0,41,286.542718
1.0,46,286.544106
1.0,57,286.545805
1.0,26,286.546623
1.0,44,286.547946
1.0,62,286.549791
1.0,49,286.551272
1.0,18,286.551848
1.0,46,286.553239
1.0,42,286.554509
1.0,22,286.555216
1.0,13,286.555652
1.0,18,286.556241
1.0,49,286.557705
1.0,43,286.558995
1.0,74,286.561178
1.0,25,286.561954
1.0,16,286.562487
1.0,28,286.563358
1.0,12,286.563764
0.0,100,286.566714
1.0,39,286.567898
1.0,30,286.568821
1.0,46,286.570204
0.0,100,286.573139
1.0,97,286.575959
1.0,10,286.576321
1.0,35,286.577386
0.0,100,286.580311
1.0,8,286.580606
1.0,33,286.58162
1.0,21,286.582289
1.0,32,286.583276
1.0,39,286.584449
1.0,53,286.58603
1.0,68,286.588036
1.0,81,286.59042
1.0,25,286.591202
1.0,76,286.593442
1.0,93,286.596167
1.0,68,286.598183
1.0,11,286.59856
1.0,63,286.600428
1.0,62,286.602261
1.0,85,286.604754
1.0,15,286.605263
1.0,57,286.606956
1.0,16,286.607486
1.0,8,286.607778
1.0,42,286.609049
1.0,21,286.609724
1.0,27,286.610565
1.0,46,286.61195
1.0,32,286.612931
1.0,31,286.613887
1.0,32,286.614866
1.0,29,286.615775
1.0,46,286.617168
1.0,37,286.618297
1.0,30,286.619228
1.0,41,286.620525
1.0,7,286.620792
1.0,48,286.622243
1.0,21,286.622908
1.0,19,286.623525
1.0,76,286.625787
1.0,37,286.626919
1.0,97,286.629753
0.0,100,286.632698
1.0,45,286.634051
1.0,16,286.634581
1.0,31,286.635545
1.0,25,286.636338
1.0,15,286.636829
1.0,52,286.638383
1.0,28,286.639251
1.0,11,286.639628
1.0,37,286.640753
1.0,34,286.641797
1.0,69,286.643838
0.0,100,286.646758
1.0,16,286.647289
1.0,17,286.64784
1.0,26,286.648653
1.0,17,286.649215
1.0,45,286.650565
1.0,12,286.650973
1.0,14,286.651448
1.0,62,286.653296
1.0,29,286.654214
1.0,82,286.65664
0.0,100,286.659577
1.0,31,286.660536
0.0,100,286.663455
1.0,19,286.664061
1.0,33,286.66507
1.0,76,286.667325
1.0,19,286.667931
1.0,87,286.670497
0.0,100,286.67343
1.0,25,286.674217
1.0,37,286.675345
1.0,39,286.676521
1.0,98,286.679395
1.0,15,286.679889
0.0,100,286.682822
1.0,52,286.684382
1.0,48,286.685833
1.0,57,286.687534
0.0,100,286.690468
0.0,100,286.693399
1.0,68,286.695408
1.0,14,286.695872
1.0,21,286.696542
0.0,100,286.699455
1.0,64,286.70135
1.0,6,286.701586
1.0,66,286.703529
0.0,100,286.706463
1.0,90,286.709085
0.0,100,286.712007
1.0,54,286.713616
1.0,34,286.714646
1.0,68,286.716657
1.0,27,286.717494
1.0,48,286.718925
1.0,40,286.720143
0.0,100,286.723038
1.0,18,286.723623
1.0,48,286.725047
1.0,42,286.72632
1.0,40,286.727529
1.0,54,286.729142
1.0,97,286.732055
1.0,8,286.732361
1.0,27,286.733208
1.0,6,286.733444
1.0,29,286.734343
1.0,39,286.735532
1.0,24,286.736289
1.0,33,286.737306
1.0,35,286.738375
1.0,67,286.740376
1.0,60,286.742157
1.0,7,286.742422
1.0,15,286.742909
1.0,59,286.744669
1.0,17,286.745237
1.0,25,286.746013
1.0,59,286.747765
1.0,14,286.74824
0.0,100,286.751148
1.0,28,286.752009
1.0,35,286.753073
1.0,43,286.754382
1.0,64,286.756291
1.0,36,286.757391
0.0,100,286.760336
1.0,9,286.760659
1.0,44,286.761977
1.0,77,286.764273
1.0,58,286.766004
1.0,21,286.766682
1.0,32,286.76766
1.0,65,286.7696
1.0,49,286.771067
1.0,20,286.771709
1.0,21,286.772381
1.0,30,286.773314
1.0,26,286.774131
1.0,76,286.776386
1.0,38,286.777544
0.0,100,286.780477
1.0,12,286.780886
1.0,63,286.782764
1.0,16,286.78329
1.0,17,286.783838
1.0,32,286.784828
1.0,48,286.786285
1.0,27,286.787127
1.0,34,286.788167
1.0,34,286.789211
0.0,100,286.792151
1.0,13,286.792589
1.0,42,286.793856
1.0,81,286.796254
1.0,33,286.797265
1.0,58,286.798971
1.0,44,286.800307
1.0,30,286.801236
1.0,30,286.802158
1.0,36,286.803253
1.0,71,286.805348
1.0,65,286.80728
1.0,44,286.808618
0.0,100,286.811569
1.0,84,286.814056
0.0,100,286.817007
1.0,18,286.8176
1.0,29,286.8185
1.0,59,286.820252
1.0,12,286.820661
1.0,25,286.821448
1.0,16,286.821969
1.0,12,286.822386
1.0,37,286.823515
1.0,22,286.824219
1.0,50,286.825706
1.0,31,286.826658
1.0,58,286.828382
1.0,41,286.829627
1.0,38,286.830865
1.0,12,286.831287
0.0,100,286.834208
1.0,94,286.836968
0.0,100,286.839909
1.0,33,286.840924
1.0,20,286.841567
1.0,9,286.841886
1.0,14,286.842355
1.0,40,286.843556
1.0,25,286.84434
1.0,18,286.844915
1.0,11,286.845311
1.0,45,286.846656
1.0,100,286.849578
1.0,61,286.851382
1.0,9,286.851704
1.0,71,286.853799
1.0,30,286.854722
1.0,6,286.854958
1.0,12,286.85538
1.0,14,286.855843
1.0,32,286.856828
1.0,29,286.857728
1.0,53,286.85931
1.0,14,286.859774
1.0,36,286.860874
1.0,35,286.861942
1.0,12,286.862359
1.0,28,286.86323
1.0,30,286.864151
1.0,100,286.867084
1.0,41,286.86833
1.0,21,286.868989
1.0,21,286.869661
1.0,36,286.870749
1.0,67,286.872725
1.0,18,286.873313
1.0,17,286.873858
1.0,20,286.874503
1.0,21,286.875182
1.0,17,286.875728
1.0,35,286.876794
1.0,91,286.879469
0.0,100,286.882403
1.0,7,286.882669
1.0,37,286.883795
1.0,9,286.884128
1.0,17,286.884672
1.0,14,286.885151
1.0,25,286.88592
1.0,31,286.886876
1.0,82,286.8893
1.0,15,286.889793
1.0,58,286.891522
0.0,100,286.894458
1.0,48,286.895907
1.0,89,286.898535
1.0,31,286.899483
1.0,70,286.901555
1.0,46,286.902933
1.0,24,286.903688
1.0,72,286.905812
1.0,18,286.906396
0.0,100,286.909325
1.0,90,286.911964
1.0,34,286.912993
1.0,61,286.914808
1.0,87,286.917375
1.0,14,286.917836
0.0,100,286.920773
1.0,47,286.922187
1.0,34,286.923224
1.0,75,286.925442
1.0,32,286.926429
1.0,19,286.927033
1.0,15,286.927535
1.0,17,286.928083
1.0,35,286.929153
0.0,100,286.932081
1.0,22,286.932837
0.0,100,286.93581
0.0,100,286.938717
1.0,80,286.941073
1.0,20,286.941712
1.0,30,286.942639
1.0,36,286.943729
1.0,53,286.945328
1.0,13,286.945765
1.0,26,286.946583
1.0,89,286.9492
1.0,39,286.950377
1.0,18,286.95095
1.0,20,286.951593
1.0,77,286.953858
1.0,6,286.954105
1.0,10,286.954456
1.0,18,286.955029
1.0,33,286.956044
1.0,34,286.957085
1.0,15,286.957582
0.0,100,286.960525
1.0,26,286.961341
1.0,25,286.96213
0.0,100,286.965039
1.0,43,286.966347
1.0,34,286.967383
1.0,25,286.968167
1.0,21,286.968824
1.0,46,286.970215
1.0,72,286.972325
1.0,83,286.974773
1.0,24,286.975541
1.0,100,286.978476
1.0,17,286.979028
0.0,100,286.981968
1.0,32,286.982952
1.0,12,286.983372
0.0,100,286.98632
0.0,100,286.989258
1.0,46,286.990639
1.0,25,286.991428
1.0,46,286.992799
1.0,32,286.993778
1.0,41,286.995003
1.0,15,286.995514
1.0,53,286.997092
1.0,11,286.997481
1.0,30,286.998403
1.0,48,286.999832
1.0,76,287.002065
1.0,63,287.003932
1.0,64,287.005851
1.0,68,287.007868
1.0,14,287.008352
1.0,13,287.008787
1.0,50,287.010283
1.0,66,287.012239
1.0,45,287.013585
1.0,17,287.014141
1.0,9,287.014461
1.0,12,287.014866
1.0,70,287.016936
0.0,100,287.019879
1.0,18,287.020466
1.0,12,287.020873
1.0,61,287.022686
1.0,32,287.023663
1.0,50,287.025168
1.0,28,287.026026
1.0,45,287.027381
1.0,64,287.02929
1.0,18,287.029863
1.0,41,287.031116
1.0,37,287.032235
1.0,19,287.0329
1.0,51,287.034438
1.0,94,287.037206
1.0,44,287.038536
1.0,11,287.038916
1.0,96,287.041731
0.0,100,287.044673
1.0,34,287.045718
1.0,53,287.047311
1.0,57,287.049004
1.0,21,287.049676
1.0,42,287.050946
1.0,83,287.053399
1.0,37,287.054525
1.0,44,287.055854
1.0,44,287.057194
1.0,65,287.059123
1.0,62,287.060945
1.0,28,287.061811
1.0,22,287.062505
1.0,43,287.063797
1.0,22,287.064498
1.0,28,287.065371
1.0,68,287.067386
1.0,42,287.068652
1.0,32,287.069633
1.0,92,287.072346
1.0,56,287.074009
1.0,33,287.075026
1.0,49,287.076493
1.0,14,287.076955
1.0,55,287.078593
1.0,8,287.078887
1.0,24,287.079648
1.0,52,287.081208
1.0,26,287.082006
1.0,72,287.08414
1.0,82,287.08655
1.0,27,287.087396
1.0,94,287.090146
0.0,100,287.093073
1.0,32,287.094053
1.0,60,287.095842
1.0,6,287.09608
0.0,100,287.099012
1.0,20,287.099658
1.0,54,287.101271
1.0,86,287.103794
1.0,58,287.105532
1.0,27,287.106374
1.0,6,287.10661
1.0,45,287.107956
1.0,51,287.109491
1.0,15,287.109981
1.0,21,287.110653
1.0,54,287.11227
1.0,33,287.113281
1.0,42,287.114539
1.0,71,287.116646
1.0,45,287.117996
1.0,84,287.120454
1.0,79,287.122767
1.0,36,287.123859
1.0,40,287.125064
1.0,22,287.125764
1.0,30,287.126688
1.0,46,287.128065
1.0,100,287.130971
1.0,33,287.13199
1.0,13,287.132435
1.0,26,287.133246
1.0,26,287.134041
0.0,100,287.136981
1.0,35,287.138047
1.0,9,287.138377
1.0,57,287.140148
1.0,12,287.140555
1.0,70,287.142613
1.0,15,287.143115
1.0,28,287.143973
1.0,22,287.144672
1.0,26,287.145492
1.0,50,287.146984
1.0,47,287.148401
1.0,42,287.149666
1.0,24,287.150421
1.0,15,287.15091
1.0,33,287.151913
0.0,100,287.154843
0.0,100,287.15777
1.0,51,287.159292
0.0,100,287.162213
1.0,62,287.164042
1.0,46,287.16543
1.0,75,287.167638
1.0,32,287.16862
1.0,18,287.169209
0.0,100,287.172137
1.0,14,287.172604
1.0,12,287.173009
1.0,18,287.173599
1.0,29,287.174501
1.0,38,287.175659
1.0,25,287.176438
0.0,100,287.179361
1.0,23,287.180076
1.0,55,287.181723
1.0,88,287.184311
1.0,85,287.186817
1.0,25,287.187599
1.0,98,287.190463
1.0,26,287.191277
1.0,70,287.193337
1.0,48,287.194769
1.0,25,287.195557
1.0,20,287.196198
1.0,20,287.196831
1.0,28,287.197691
1.0,14,287.198165
1.0,14,287.198625
0.0,100,287.201543
1.0,78,287.203837
0.0,100,287.206782
1.0,12,287.207199
1.0,96,287.210017
1.0,14,287.210491
1.0,66,287.212437
1.0,41,287.213673
0.0,100,287.216622
1.0,28,287.217494
1.0,24,287.218252
1.0,52,287.219799
1.0,14,287.220274
1.0,68,287.222291
0.0,100,287.22523
1.0,16,287.225749
1.0,9,287.22607
1.0,25,287.226848
1.0,24,287.227605
1.0,56,287.229276
1.0,72,287.231405
1.0,10,287.231757
1.0,13,287.232203
1.0,25,287.232971
1.0,19,287.23358
1.0,36,287.234667
1.0,32,287.235658
1.0,35,287.236722
1.0,60,287.238509
1.0,26,287.239387
1.0,33,287.240402
0.0,100,287.243337
1.0,54,287.244948
1.0,42,287.246234
1.0,9,287.246555
1.0,49,287.248026
1.0,34,287.249066
0.0,100,287.251985
1.0,54,287.253598
1.0,14,287.254062
1.0,20,287.2547
1.0,16,287.255232
1.0,30,287.256157
1.0,8,287.256449
0.0,100,287.259389
1.0,33,287.260393
1.0,30,287.261315
0.0,100,287.264245
1.0,54,287.265856
1.0,20,287.266497
1.0,57,287.268194
1.0,25,287.268967
1.0,49,287.270435
1.0,29,287.271333
1.0,19,287.271938
1.0,87,287.274476
1.0,91,287.277159
1.0,62,287.278987
1.0,59,287.280749
1.0,26,287.281565
1.0,26,287.282375
1.0,21,287.283031
1.0,33,287.284033
1.0,35,287.285108
1.0,16,287.285631
1.0,52,287.287184
0.0,100,287.290117
0.0,100,287.293038
0.0,100,287.295973
1.0,49,287.297444
1.0,20,287.298073
1.0,9,287.2984
1.0,68,287.300406
1.0,23,287.301131
1.0,31,287.302071
1.0,56,287.30374
1.0,15,287.304244
1.0,32,287.305228
1.0,18,287.305804
1.0,45,287.307153
1.0,6,287.307391
1.0,16,287.307906
1.0,11,287.308293
0.0,100,287.311234
1.0,54,287.312841
1.0,12,287.313261
1.0,21,287.313925
1.0,48,287.315377
1.0,12,287.315784
1.0,92,287.318473
1.0,72,287.32059
1.0,20,287.321233
0.0,100,287.32417
1.0,53,287.325752
1.0,53,287.327338
1.0,37,287.328459
1.0,82,287.330858
1.0,52,287.332417
1.0,32,287.333399
1.0,46,287.334774
0.0,100,287.337708
1.0,76,287.339943
1.0,34,287.340984
1.0,39,287.342243
1.0,73,287.344405
1.0,23,287.34514
1.0,6,287.345377
1.0,8,287.345668
1.0,26,287.34648
1.0,20,287.347121
1.0,11,287.3475
1.0,27,287.348343
1.0,72,287.350476
1.0,29,287.351376
1.0,18,287.351954
1.0,63,287.353828
1.0,94,287.356592
1.0,39,287.35778
1.0,24,287.35854
0.0,100,287.361475
1.0,24,287.362239
1.0,39,287.363423
1.0,10,287.363772
1.0,31,287.364728
1.0,12,287.36515
1.0,55,287.366781
1.0,32,287.367767
1.0,40,287.368975
1.0,90,287.371629
1.0,45,287.372998
1.0,60,287.374781
1.0,47,287.376212
1.0,96,287.379013
1.0,42,287.380291
1.0,98,287.383169
1.0,12,287.383579
0.0,100,287.386522
1.0,57,287.388231
1.0,21,287.388897
1.0,55,287.390541
0.0,100,287.393482
1.0,38,287.39463
1.0,39,287.395825
1.0,64,287.397727
1.0,38,287.398883
1.0,36,287.399979
1.0,19,287.400595
1.0,8,287.400887
1.0,24,287.401646
1.0,99,287.404524
1.0,30,287.405456
1.0,12,287.405862
1.0,42,287.407137
1.0,34,287.408179
1.0,65,287.410093
1.0,43,287.411395
1.0,9,287.411719
1.0,45,287.413067
1.0,90,287.415723
1.0,23,287.416453
1.0,22,287.417155
1.0,20,287.417792
1.0,36,287.418887
1.0,50,287.420395
1.0,26,287.421206
1.0,46,287.422581
1.0,40,287.423793
1.0,29,287.424695
1.0,33,287.425721
1.0,23,287.426452
1.0,65,287.428374
1.0,40,287.429582
1.0,28,287.430449
1.0,32,287.431435
1.0,99,287.434345
1.0,70,287.436417
1.0,64,287.438316
1.0,45,287.439666
1.0,13,287.440111
1.0,31,287.441054
1.0,29,287.442007
1.0,60,287.4438
1.0,51,287.445332
0.0,100,287.448254
1.0,15,287.448749
1.0,76,287.450986
1.0,20,287.451629
0.0,100,287.454568
1.0,11,287.454948
1.0,31,287.455907
1.0,46,287.457299
1.0,85,287.459769
1.0,59,287.461519
1.0,14,287.461982
1.0,65,287.4639
1.0,19,287.464512
1.0,33,287.46553
1.0,31,287.466479
1.0,59,287.468239
1.0,11,287.46862
1.0,59,287.470364
0.0,100,287.473284
1.0,14,287.473747
1.0,39,287.474919
1.0,90,287.477573
1.0,72,287.479686
1.0,11,287.480062
1.0,38,287.481211
0.0,100,287.484112
1.0,45,287.485468
1.0,100,287.488401
1.0,43,287.489692
1.0,26,287.490506
1.0,28,287.491374
1.0,29,287.492265
0.0,100,287.495185
1.0,13,287.495618
0.0,100,287.498542
1.0,37,287.499675
1.0,12,287.50008
1.0,16,287.50061
1.0,23,287.501337
1.0,74,287.503508
0.0,100,287.506437
1.0,22,287.507136
1.0,14,287.507598
1.0,19,287.508214
1.0,40,287.509426
1.0,48,287.510855
1.0,77,287.513138
1.0,76,287.515373
1.0,37,287.516494
1.0,23,287.517223
1.0,65,287.519147
1.0,64,287.52103
1.0,7,287.521304
1.0,72,287.523427
1.0,67,287.525402
1.0,49,287.526866
1.0,52,287.528424
1.0,31,287.529381
0.0,100,287.532284
1.0,9,287.532606
1.0,28,287.533471
1.0,94,287.536234
1.0,67,287.538209
1.0,18,287.538789
1.0,43,287.540077
1.0,8,287.540375
1.0,17,287.540919
1.0,82,287.543329
1.0,32,287.544324
0.0,100,287.547267
1.0,10,287.547616
1.0,73,287.549751
1.0,20,287.550459
1.0,16,287.550982
1.0,73,287.553139
1.0,55,287.554772
1.0,15,287.55528
1.0,18,287.55586
1.0,41,287.557109
1.0,8,287.557403
1.0,45,287.558754
0.0,100,287.561689
1.0,18,287.562278
1.0,29,287.563173
1.0,93,287.565876
1.0,37,287.567001
1.0,82,287.569422
1.0,34,287.570463
1.0,32,287.571439
1.0,45,287.572785
1.0,14,287.573255
1.0,17,287.573804
1.0,67,287.575794
1.0,89,287.57841
1.0,17,287.578954
1.0,44,287.58028
1.0,25,287.581049
1.0,26,287.581861
1.0,13,287.582308
1.0,42,287.583576
1.0,41,287.584815
1.0,16,287.585349
1.0,57,287.587036
1.0,79,287.589385
1.0,13,287.589817
1.0,63,287.591694
1.0,40,287.592904
1.0,100,287.595851
1.0,6,287.59609
1.0,38,287.597255
1.0,78,287.599559
1.0,51,287.601076
1.0,61,287.602862
1.0,11,287.603251
1.0,31,287.604207
1.0,21,287.604861
1.0,42,287.60614
0.0,100,287.609057
1.0,23,287.60978
1.0,7,287.610046
1.0,52,287.611594
1.0,10,287.611944
1.0,12,287.612358
1.0,34,287.6134
1.0,47,287.614808
1.0,18,287.615398
1.0,15,287.615885
1.0,27,287.616729
1.0,73,287.618886
1.0,48,287.620336
1.0,41,287.621564
1.0,21,287.622236
1.0,22,287.622919
1.0,58,287.624655
1.0,68,287.626667
1.0,54,287.628284
1.0,12,287.62869
1.0,80,287.631042
1.0,50,287.632549
1.0,62,287.6344
1.0,54,287.635999
1.0,50,287.637501
1.0,47,287.638894
1.0,20,287.63954
1.0,24,287.640296
0.0,100,287.643219
1.0,85,287.645704
1.0,31,287.64666
1.0,18,287.647246
1.0,52,287.648797
0.0,100,287.651721
1.0,41,287.653016
1.0,38,287.65418
1.0,8,287.654473
1.0,68,287.656475
1.0,52,287.658019
1.0,37,287.659142
1.0,50,287.66063
1.0,31,287.661578
1.0,23,287.662299
0.0,100,287.665226
1.0,90,287.667845
0.0,100,287.670771
1.0,25,287.671555
1.0,90,287.674196
1.0,34,287.675241
1.0,27,287.676067
0.0,100,287.678976
1.0,53,287.680556
1.0,33,287.68156
1.0,53,287.68314
1.0,7,287.683405
1.0,61,287.685231
1.0,31,287.686183
1.0,50,287.687659
1.0,43,287.688943
1.0,11,287.689331
1.0,71,287.691428
1.0,19,287.692035
1.0,25,287.692823
1.0,28,287.693685
1.0,65,287.695606
1.0,10,287.695955
1.0,7,287.696229
1.0,9,287.696549
1.0,29,287.697448
1.0,51,287.698958
1.0,12,287.699374
1.0,68,287.701372
1.0,8,287.701667
1.0,91,287.704336
1.0,67,287.706327
0.0,100,287.709229
1.0,25,287.710003
0.0,100,287.712935
1.0,32,287.713916
1.0,15,287.714415
1.0,8,287.714707
0.0,100,287.717643
1.0,63,287.719503
1.0,20,287.720142
1.0,25,287.720916
1.0,37,287.722036
1.0,13,287.722483
1.0,31,287.723436
1.0,41,287.724668
1.0,55,287.726306
0.0,100,287.72924
1.0,21,287.729899
1.0,23,287.730627
1.0,82,287.733033
0.0,100,287.735966
0.0,100,287.738906
1.0,7,287.739183
1.0,28,287.740039
1.0,47,287.741451
1.0,14,287.741911
1.0,19,287.742525
0.0,100,287.745469
1.0,69,287.747523
0.0,100,287.750432
0.0,100,287.75336
1.0,41,287.754584
1.0,24,287.755346
1.0,43,287.756641
1.0,37,287.757767
1.0,29,287.758729
1.0,11,287.759119
1.0,15,287.759611
1.0,10,287.759959
1.0,27,287.760803
1.0,69,287.762848
1.0,37,287.76398
1.0,42,287.765268
1.0,23,287.765989
1.0,85,287.768484
1.0,21,287.769159
0.0,100,287.772105
1.0,53,287.773691
1.0,28,287.774564
1.0,34,287.775615
1.0,28,287.776487
1.0,17,287.777037
1.0,41,287.778292
1.0,20,287.778926
1.0,78,287.781247
1.0,33,287.782269
1.0,100,287.785213
1.0,13,287.785645
1.0,24,287.786403
1.0,76,287.788637
1.0,37,287.789769
1.0,7,287.790035
1.0,17,287.790592
1.0,64,287.792498
0.0,100,287.795437
0.0,100,287.798367
1.0,17,287.798915
0.0,100,287.801854
1.0,65,287.803791
1.0,19,287.804409
1.0,98,287.807299
0.0,100,287.810252
1.0,23,287.810976
1.0,25,287.811765
1.0,16,287.812299
1.0,42,287.813567
1.0,18,287.814156
0.0,100,287.817086
1.0,44,287.818427
1.0,20,287.819061
0.0,100,287.822022
1.0,36,287.823126
0.0,100,287.826082
1.0,37,287.82722
1.0,62,287.82906
1.0,81,287.831438
1.0,50,287.832937
1.0,33,287.833945
1.0,40,287.835174
1.0,58,287.836872
1.0,24,287.83763
1.0,57,287.839331
1.0,69,287.841382
1.0,34,287.842442
1.0,30,287.843366
1.0,20,287.843998
1.0,64,287.8459
1.0,36,287.846999
1.0,12,287.847419
0.0,100,287.850342
1.0,74,287.852539
1.0,7,287.852806
1.0,61,287.854621
1.0,30,287.855554
1.0,18,287.856141
1.0,13,287.856576
1.0,57,287.858279
1.0,29,287.859174
1.0,39,287.86036
1.0,68,287.862442
1.0,34,287.863483
1.0,100,287.866415
1.0,28,287.867289
1.0,32,287.868271
1.0,42,287.869539
1.0,42,287.870806
1.0,24,287.871567
1.0,72,287.873686
1.0,35,287.874758
1.0,20,287.875406
1.0,33,287.876412
0.0,100,287.87932
1.0,52,287.880862
1.0,76,287.883104
1.0,23,287.883818
1.0,36,287.88491
1.0,46,287.886298
1.0,21,287.886951
1.0,58,287.888678
1.0,59,287.890422
1.0,9,287.890744
1.0,35,287.891805
0.0,100,287.894719
1.0,69,287.896755
0.0,100,287.899689
1.0,83,287.902136
1.0,44,287.903447
1.0,24,287.904199
1.0,23,287.904914
1.0,19,287.905532
1.0,34,287.906568
1.0,21,287.907232
1.0,19,287.907831
1.0,13,287.90827
1.0,14,287.908731
1.0,50,287.910229
1.0,42,287.911487
1.0,80,287.913824
1.0,46,287.915211
1.0,39,287.91639
1.0,33,287.917399
1.0,20,287.91803
1.0,45,287.919384
1.0,20,287.920011
1.0,27,287.920844
1.0,74,287.923026
1.0,70,287.925076
1.0,57,287.92677
1.0,17,287.927331
1.0,63,287.92918
1.0,37,287.930307
1.0,38,287.931456
0.0,100,287.934382
0.0,100,287.937328
1.0,28,287.938201
1.0,37,287.939325
0.0,100,287.942273
1.0,57,287.943962
1.0,28,287.944829
1.0,20,287.945479
1.0,38,287.946628
1.0,96,287.949436
1.0,28,287.9503
1.0,21,287.950953
1.0,12,287.95137
1.0,23,287.952083
1.0,14,287.952554
1.0,36,287.953642
1.0,26,287.954457
0.0,100,287.957398
1.0,37,287.95852
0.0,100,287.961447
1.0,56,287.963196
1.0,66,287.965159
0.0,100,287.968081
1.0,47,287.969486
1.0,30,287.97041
1.0,65,287.972318
1.0,15,287.97281
0.0,100,287.97575
0.0,100,287.978702
1.0,31,287.979656
1.0,12,287.980063
0.0,100,287.982965
1.0,22,287.983666
1.0,65,287.985588
1.0,27,287.986427
1.0,53,287.988001
1.0,13,287.988448
1.0,29,287.989347
1.0,65,287.991265
1.0,76,287.993484
1.0,24,287.994238
1.0,47,287.995649
1.0,8,287.995944
1.0,87,287.9985
1.0,18,287.999071
1.0,20,287.999706
1.0,74,288.001876
1.0,13,288.002323
1.0,37,288.003448
1.0,59,288.005205
1.0,75,288.007406
1.0,12,288.007812
0.0,100,288.010744
0.0,100,288.013684
1.0,63,288.015568
1.0,6,288.015806
1.0,38,288.01696
1.0,50,288.018467
1.0,38,288.01963
1.0,36,288.020728
1.0,6,288.020965
1.0,33,288.021976
1.0,40,288.023203
1.0,14,288.023666
0.0,100,288.026619
0.0,100,288.029543
1.0,17,288.030095
0.0,100,288.03303
1.0,53,288.034622
1.0,15,288.035125
0.0,100,288.038041
1.0,8,288.038344
1.0,39,288.039528
1.0,65,288.041462
1.0,8,288.041755
1.0,15,288.042255
1.0,16,288.042776
0.0,100,288.045699
1.0,52,288.047262
1.0,11,288.047642
1.0,38,288.048795
1.0,15,288.049298
1.0,8,288.04959
1.0,19,288.050205
1.0,19,288.050813
1.0,16,288.051341
1.0,61,288.053158
1.0,45,288.054513
1.0,51,288.05604
1.0,25,288.056825
1.0,10,288.057189
1.0,79,288.059513
1.0,21,288.060189
1.0,86,288.062715
1.0,13,288.063224
1.0,19,288.063828
1.0,12,288.064246
1.0,31,288.065207
1.0,14,288.065669
1.0,48,288.067108
1.0,41,288.068341
1.0,61,288.070153
1.0,33,288.071167
1.0,60,288.072948
1.0,44,288.074286
1.0,57,288.075987
1.0,40,288.077205
1.0,19,288.077806
0.0,100,288.080723
0.0,100,288.083654
1.0,16,288.084186
1.0,46,288.08556
1.0,29,288.086461
1.0,16,288.086979
1.0,40,288.088197
1.0,26,288.089003
1.0,14,288.089478
1.0,57,288.091177
1.0,14,288.09164
1.0,15,288.092139
1.0,95,288.09492
1.0,10,288.095289
1.0,92,288.097986
1.0,17,288.098548
1.0,21,288.099217
0.0,100,288.102133
1.0,35,288.103206
0.0,100,288.106147
1.0,26,288.106947
1.0,46,288.108341
1.0,59,288.11009
0.0,100,288.113013
1.0,12,288.113432
1.0,46,288.114802
1.0,23,288.115542
1.0,8,288.115836
1.0,26,288.116648
1.0,34,288.117681
1.0,52,288.119231
1.0,49,288.120691
0.0,100,288.123637
1.0,81,288.126036
1.0,89,288.128638
1.0,23,288.129369
1.0,39,288.130553
1.0,45,288.131897
1.0,25,288.132687
1.0,37,288.133827
0.0,100,288.136747
1.0,34,288.137794
1.0,13,288.13824
0.0,100,288.141145
1.0,60,288.142913
1.0,17,288.143476
1.0,46,288.144854
1.0,24,288.145615
1.0,31,288.146572
1.0,17,288.147128
1.0,88,288.149683
1.0,57,288.151372
1.0,78,288.153662
1.0,25,288.154446
1.0,44,288.155772
1.0,19,288.156389
1.0,47,288.157782
1.0,35,288.158848
1.0,72,288.16097
1.0,7,288.161249
1.0,97,288.16408
1.0,17,288.164701
1.0,35,288.165779
1.0,18,288.166373
1.0,14,288.166837
1.0,12,288.167257
1.0,21,288.16792
1.0,12,288.168337
1.0,12,288.168746
1.0,63,288.170618
1.0,13,288.171056
1.0,49,288.172521
1.0,23,288.173256
1.0,27,288.174081
1.0,8,288.174383
1.0,13,288.174814
1.0,25,288.175606
1.0,57,288.177303
1.0,40,288.178519
1.0,22,288.179219
1.0,14,288.179685
1.0,35,288.180752
1.0,31,288.181711
1.0,21,288.182386
1.0,45,288.183739
1.0,14,288.184214
1.0,27,288.185049
1.0,14,288.185527
1.0,27,288.186374
1.0,24,288.187126
0.0,100,288.190048
1.0,66,288.192012
0.0,100,288.194963
1.0,29,288.19587
1.0,43,288.197179
1.0,37,288.198308
1.0,65,288.20024
1.0,68,288.202257
1.0,59,288.204006
1.0,98,288.206869
1.0,27,288.207719
1.0,14,288.208204
1.0,67,288.210193
1.0,50,288.211684
1.0,17,288.212245
1.0,30,288.213167
1.0,25,288.213944
1.0,29,288.21484
1.0,29,288.215749
1.0,51,288.217292
1.0,22,288.217983
1.0,63,288.219862
1.0,67,288.221855
0.0,100,288.224788
1.0,6,288.225028
1.0,37,288.226167
1.0,63,288.228046
1.0,56,288.229721
1.0,55,288.231374
1.0,27,288.23221
1.0,51,288.233731
1.0,12,288.23415
1.0,15,288.234643
1.0,96,288.237456
1.0,6,288.237695
1.0,13,288.238138
1.0,13,288.238574
1.0,58,288.240304
1.0,99,288.243217
1.0,19,288.243821
1.0,42,288.245086
1.0,68,288.247082
1.0,43,288.248382
1.0,12,288.248788
1.0,15,288.249289
1.0,42,288.25055
1.0,26,288.251365
1.0,34,288.252401
1.0,20,288.253036
1.0,19,288.253654
1.0,43,288.254952
0.0,100,288.257888
1.0,27,288.258736
1.0,9,288.259057
1.0,77,288.261322
1.0,55,288.262959
1.0,11,288.263351
1.0,26,288.26417
1.0,20,288.264864
1.0,18,288.265458
1.0,62,288.267311
1.0,20,288.267949
1.0,60,288.269734
1.0,15,288.27024
1.0,49,288.271695
1.0,72,288.273808
1.0,30,288.274734
1.0,23,288.27547
1.0,34,288.27651
1.0,14,288.276971
1.0,60,288.278757
1.0,27,288.2796
1.0,21,288.280272
1.0,77,288.282537
1.0,20,288.283183
1.0,15,288.283674
0.0,100,288.286621
1.0,71,288.288726
1.0,93,288.29147
1.0,19,288.292076
0.0,100,288.294997
1.0,25,288.295791
1.0,59,288.297554
1.0,11,288.297932
1.0,70,288.30001
1.0,26,288.300821
1.0,57,288.302524
1.0,31,288.303481
1.0,20,288.304124
1.0,21,288.304786
1.0,36,288.305889
1.0,45,288.307256
1.0,18,288.307831
1.0,54,288.309438
1.0,46,288.310818
1.0,8,288.311119
1.0,8,288.31141
1.0,67,288.313382
1.0,29,288.314282
1.0,25,288.315057
1.0,22,288.315758
1.0,43,288.317056
1.0,25,288.317836
1.0,51,288.319363
1.0,41,288.320603
0.0,100,288.323511
1.0,40,288.324722
1.0,63,288.326605
1.0,20,288.327251
1.0,14,288.327715
1.0,17,288.328271
1.0,41,288.329514
1.0,59,288.33127
1.0,17,288.331814
1.0,27,288.332655
1.0,55,288.33429
1.0,69,288.336341
1.0,80,288.338698
1.0,14,288.339172
1.0,60,288.340946
1.0,39,288.342141
0.0,100,288.345064
1.0,19,288.345683
1.0,86,288.348213
1.0,64,288.350116
1.0,69,288.352159
1.0,22,288.352849
1.0,45,288.354204
1.0,28,288.355062
1.0,24,288.355819
1.0,77,288.358106
1.0,16,288.358629
1.0,21,288.359301
1.0,45,288.360642
1.0,18,288.361229
1.0,72,288.363332
1.0,65,288.36527
1.0,18,288.365921
1.0,12,288.366342
1.0,15,288.366832
1.0,31,288.367782
1.0,17,288.36834
1.0,28,288.369211
1.0,95,288.371975
1.0,70,288.374058
1.0,62,288.375895
0.0,100,288.378811
1.0,78,288.381126
1.0,29,288.382008
1.0,97,288.384833
1.0,96,288.387665
1.0,62,288.389495
1.0,29,288.390394
1.0,16,288.390916
1.0,35,288.391986
1.0,27,288.39283
1.0,33,288.393843
1.0,9,288.394176
1.0,52,288.395728
1.0,25,288.396515
1.0,12,288.396922
1.0,61,288.398734
1.0,22,288.399434
1.0,31,288.400389
1.0,67,288.402369
1.0,36,288.403457
1.0,80,288.405842
1.0,21,288.406513
1.0,15,288.407005
1.0,42,288.40829
1.0,45,288.409647
0.0,100,288.412584
1.0,47,288.41399
1.0,13,288.414434
1.0,29,288.415335
1.0,58,288.417058
1.0,12,288.417475
1.0,17,288.418022
1.0,45,288.419374
1.0,17,288.419919
1.0,7,288.420194
1.0,30,288.421121
0.0,100,288.424056
1.0,18,288.42464
1.0,18,288.425231
1.0,31,288.426185
1.0,24,288.42693
1.0,48,288.428382
1.0,32,288.429369
1.0,88,288.431946
1.0,34,288.432988
1.0,80,288.43536
1.0,62,288.437203
1.0,26,288.43801
1.0,87,288.440578
1.0,41,288.44181
1.0,31,288.442762
1.0,21,288.443434
1.0,11,288.443814
1.0,85,288.446327
1.0,57,288.448019
1.0,75,288.450222
1.0,26,288.451019
0.0,100,288.453947
1.0,39,288.455142
1.0,15,288.455634
1.0,15,288.456137
1.0,8,288.456432
1.0,79,288.458754
1.0,19,288.459366
1.0,43,288.460657
1.0,55,288.462299
0.0,100,288.465233
1.0,64,288.467145
1.0,17,288.467694
1.0,17,288.468309
1.0,81,288.470701
1.0,8,288.470996
0.0,100,288.473932
1.0,15,288.474436
0.0,100,288.477376
1.0,36,288.478474
1.0,30,288.479403
1.0,75,288.481604
1.0,33,288.48261
1.0,24,288.483367
1.0,25,288.484155
1.0,62,288.485983
1.0,47,288.487404
1.0,57,288.489086
1.0,39,288.490275
1.0,19,288.490876
1.0,60,288.492647
1.0,76,288.494886
1.0,28,288.495761
1.0,20,288.4964
1.0,16,288.496918
1.0,20,288.497559
1.0,65,288.499481
1.0,47,288.500886
1.0,25,288.501674
1.0,31,288.502628
1.0,81,288.505
1.0,38,288.506161
1.0,39,288.507338
1.0,35,288.508404
1.0,22,288.509091
1.0,100,288.512028
0.0,100,288.514963
1.0,76,288.517225
1.0,67,288.519217
1.0,89,288.52182
1.0,12,288.522235
1.0,32,288.523214
1.0,29,288.524092
0.0,100,288.527036
1.0,26,288.527852
1.0,40,288.529057
1.0,76,288.531311
1.0,21,288.531973
1.0,13,288.532419
1.0,10,288.532768
1.0,16,288.533295
1.0,59,288.535035
1.0,10,288.535401
1.0,9,288.535722
1.0,36,288.536817
1.0,12,288.537234
1.0,26,288.538035
1.0,56,288.539711
1.0,69,288.541753
1.0,50,288.543262
0.0,100,288.546193
1.0,14,288.546657
1.0,67,288.548643
1.0,37,288.549766
1.0,14,288.55024
0.0,100,288.553176
1.0,52,288.554725
0.0,100,288.557664
1.0,40,288.558871
1.0,48,288.560314
1.0,7,288.56058
1.0,41,288.56182
1.0,88,288.56442
1.0,33,288.565435
1.0,13,288.565872
1.0,33,288.56688
1.0,15,288.567381
1.0,37,288.568502
1.0,12,288.568908
1.0,57,288.570604
1.0,80,288.57296
0.0,100,288.57598
1.0,33,288.577003
1.0,50,288.578514
1.0,20,288.579159
1.0,54,288.580768
0.0,100,288.583716
1.0,19,288.584338
1.0,25,288.585133
1.0,28,288.585987
1.0,72,288.588125
1.0,37,288.589242
1.0,70,288.591321
1.0,18,288.591897
1.0,23,288.592625
1.0,33,288.593633
1.0,42,288.594899
1.0,20,288.59555
1.0,35,288.59662
1.0,23,288.597353
1.0,43,288.598928
1.0,91,288.601581
1.0,98,288.604467
1.0,34,288.605508
1.0,91,288.608205
1.0,40,288.60942
1.0,18,288.61
1.0,20,288.610647
1.0,23,288.611377
1.0,51,288.612886
1.0,84,288.615356
0.0,100,288.618266
1.0,13,288.618703
1.0,15,288.619209
0.0,100,288.622149
1.0,38,288.623311
1.0,23,288.624031
1.0,85,288.626534
0.0,100,288.629472
1.0,62,288.63132
1.0,28,288.632187
1.0,74,288.634353
1.0,38,288.635515
1.0,78,288.637802
0.0,100,288.640739
1.0,40,288.641942
1.0,60,288.643726
0.0,100,288.64666
1.0,21,288.647336
1.0,28,288.648203
1.0,92,288.650905
1.0,27,288.651746
1.0,47,288.65316
1.0,30,288.654071
0.0,100,288.656987
1.0,65,288.658918
1.0,52,288.660485
1.0,28,288.661357
1.0,10,288.661708
0.0,100,288.664642
1.0,42,288.665919
1.0,83,288.668385
1.0,77,288.670656
1.0,67,288.672625
1.0,84,288.675076
1.0,12,288.675493
1.0,32,288.676473
1.0,78,288.678761
0.0,100,288.681671
1.0,58,288.683383
1.0,13,288.683817
1.0,15,288.684315
1.0,36,288.685413
1.0,30,288.686341
1.0,45,288.687683
1.0,50,288.689181
1.0,24,288.689925
0.0,100,288.692858
1.0,81,288.695322
1.0,32,288.696306
1.0,10,288.696658
1.0,85,288.699181
1.0,27,288.70001
1.0,15,288.700511
0.0,100,288.703447
1.0,67,288.706019
1.0,19,288.70667
1.0,23,288.707399
0.0,100,288.710326
1.0,24,288.711071
1.0,44,288.712426
0.0,100,288.715376
1.0,72,288.717505
1.0,54,288.719126
1.0,74,288.721311
1.0,45,288.722661
1.0,32,288.723635
1.0,69,288.72566
1.0,36,288.726753
1.0,12,288.72717
0.0,100,288.73009
1.0,27,288.730928
1.0,26,288.731738
1.0,66,288.733696
1.0,13,288.734144
1.0,16,288.734664
1.0,29,288.735569
1.0,51,288.737085
1.0,27,288.737926
1.0,45,288.739288
1.0,18,288.739861
1.0,48,288.741307
1.0,32,288.74229
1.0,28,288.743153
1.0,26,288.743955
0.0,100,288.746872
1.0,46,288.748261
1.0,68,288.750262
1.0,57,288.751943
1.0,54,288.753552
1.0,38,288.754704
1.0,66,288.756661
1.0,46,288.758037
1.0,28,288.758903
1.0,64,288.760792
1.0,30,288.761717
1.0,13,288.762165
0.0,100,288.765082
1.0,70,288.76717
1.0,23,288.767888
1.0,27,288.768722
1.0,31,288.76968
1.0,53,288.771275
1.0,67,288.773253
1.0,57,288.774947
1.0,11,288.775345
1.0,13,288.775778
1.0,45,288.777137
1.0,52,288.778687
1.0,12,288.779104
0.0,100,288.782028
1.0,27,288.782867
1.0,55,288.784505
1.0,12,288.784912
1.0,23,288.78564
1.0,36,288.786725
1.0,27,288.787567
1.0,26,288.788381
1.0,56,288.790034
0.0,100,288.792961
1.0,10,288.793323
1.0,17,288.793931
1.0,78,288.796251
1.0,42,288.797517
1.0,37,288.798651
0.0,100,288.801586
1.0,16,288.802118
1.0,67,288.804086
1.0,43,288.805396
0.0,100,288.808313
1.0,40,288.809516
1.0,40,288.81073
1.0,74,288.812911
1.0,12,288.813328
1.0,68,288.815357
1.0,22,288.816043
1.0,30,288.816971
1.0,9,288.817303
1.0,99,288.820207
1.0,10,288.820559
1.0,25,288.821345
1.0,61,288.823154
1.0,62,288.824989
1.0,75,288.827217
1.0,39,288.828396
1.0,8,288.828691
1.0,47,288.830109
1.0,29,288.830994
1.0,27,288.831836
1.0,37,288.832962
0.0,100,288.835908
1.0,37,288.837031
1.0,25,288.837817
1.0,54,288.839434
1.0,26,288.840243
1.0,24,288.840988
1.0,62,288.842826
1.0,12,288.843245
1.0,29,288.844142
1.0,51,288.845666
1.0,59,288.847426
1.0,15,288.847919
1.0,10,288.848281
1.0,12,288.848687
1.0,68,288.8507
1.0,45,288.852042
1.0,13,288.852489
1.0,27,288.853334
1.0,52,288.854887
1.0,46,288.856282
1.0,88,288.858863
1.0,13,288.859308
1.0,59,288.861055
1.0,33,288.862067
1.0,35,288.863139
1.0,22,288.863829
1.0,40,288.865038
1.0,43,288.866349
1.0,9,288.866672
1.0,9,288.86699
1.0,18,288.867575
0.0,100,288.870499
1.0,63,288.872378
1.0,17,288.872924
0.0,100,288.875864
1.0,30,288.876793
1.0,15,288.877294
1.0,29,288.878198
1.0,22,288.878888
1.0,37,288.88002
0.0,100,288.882956
1.0,40,288.884181
1.0,88,288.886773
1.0,47,288.888198
1.0,12,288.888604
1.0,90,288.891272
1.0,8,288.891567
1.0,62,288.893414
1.0,34,288.894518
1.0,35,288.895599
1.0,47,288.897003
1.0,59,288.898764
1.0,75,288.900975
1.0,32,288.90196
1.0,20,288.902605
1.0,38,288.903754
1.0,28,288.904624
1.0,27,288.905466
0.0,100,288.908405
1.0,52,288.909953
1.0,30,288.910881
1.0,11,288.911271
1.0,22,288.911961
1.0,17,288.912521
1.0,18,288.913106
1.0,25,288.913873
1.0,45,288.915234
0.0,100,288.918153
1.0,52,288.9197
1.0,8,288.919994
1.0,19,288.920609
1.0,33,288.921612
1.0,10,288.92196
1.0,83,288.924414
1.0,55,288.926059
1.0,16,288.926588
1.0,77,288.928864
1.0,71,288.930943
1.0,85,288.933443
1.0,11,288.933822
1.0,29,288.93472
0.0,100,288.937655
0.0,100,288.940573
1.0,99,288.943455
1.0,15,288.943947
1.0,60,288.945732
1.0,25,288.946522
1.0,16,288.947041
1.0,46,288.94842
1.0,34,288.949455
0.0,100,288.952379
1.0,92,288.955072
1.0,18,288.955658
1.0,99,288.958535
1.0,22,288.959229
1.0,44,288.96054
1.0,23,288.961267
1.0,44,288.962595
1.0,17,288.963154
1.0,13,288.963586
1.0,57,288.965281
1.0,38,288.966424
1.0,57,288.968127
1.0,51,288.969647
1.0,55,288.971288
1.0,14,288.971749
1.0,58,288.973468
1.0,30,288.974387
1.0,22,288.975077
1.0,11,288.975469
1.0,33,288.976478
1.0,8,288.976769
1.0,29,288.977658
1.0,14,288.978131
1.0,73,288.980268
1.0,23,288.980984
0.0,100,288.983943
1.0,50,288.985457
1.0,41,288.986699
1.0,26,288.987511
1.0,14,288.987974
0.0,100,288.990904
1.0,28,288.991782
1.0,94,288.994547
1.0,87,288.997189
1.0,14,288.997653
1.0,60,288.999464
1.0,43,289.000753
1.0,40,289.001969
1.0,30,289.002896
1.0,32,289.003882
1.0,55,289.005523
1.0,27,289.00637
1.0,31,289.007328
1.0,9,289.00765
1.0,83,289.010119
1.0,35,289.011195
1.0,13,289.011627
1.0,40,289.012836
1.0,38,289.013991
1.0,36,289.01511
1.0,58,289.016834
1.0,20,289.01748
1.0,54,289.019088
1.0,76,289.021346
1.0,44,289.022671
1.0,17,289.023232
0.0,100,289.026177
1.0,15,289.026671
1.0,20,289.027315
1.0,72,289.02944
1.0,28,289.030306
0.0,100,289.033234
1.0,25,289.034007
1.0,70,289.036092
1.0,13,289.036539
0.0,100,289.039466
1.0,13,289.039901
1.0,42,289.041186
1.0,48,289.042621
1.0,20,289.043267
0.0,100,289.046196
1.0,35,289.04727
1.0,25,289.048044
1.0,31,289.048998
1.0,49,289.050479
1.0,33,289.051497
0.0,100,289.054441
1.0,39,289.055635
1.0,10,289.055986
1.0,37,289.057131
1.0,24,289.057878
1.0,50,289.059383
1.0,75,289.06159
1.0,19,289.062209
1.0,50,289.063696
1.0,65,289.065635
0.0,100,289.068566
1.0,28,289.069443
1.0,24,289.070199
1.0,100,289.073144
1.0,34,289.074187
1.0,62,289.07603
1.0,85,289.078531
1.0,60,289.080326
1.0,92,289.08301
1.0,42,289.0843
1.0,94,289.087053
1.0,18,289.087642
1.0,79,289.089963
1.0,25,289.090757
1.0,71,289.092841
1.0,26,289.093657
1.0,47,289.095073
1.0,35,289.096162
1.0,61,289.097961
1.0,48,289.099417
1.0,40,289.100624
1.0,27,289.10147
1.0,27,289.102376
1.0,40,289.103586
1.0,87,289.106155
1.0,27,289.10698
1.0,28,289.10785
1.0,84,289.110317
1.0,19,289.110924
1.0,36,289.112023
1.0,67,289.114
1.0,7,289.114276
1.0,28,289.11515
1.0,16,289.115671
0.0,100,289.118605
1.0,37,289.11973
1.0,44,289.121046
1.0,20,289.121686
1.0,37,289.122895
0.0,100,289.125813
1.0,21,289.126485
1.0,47,289.127891
1.0,68,289.129886
1.0,47,289.131303
1.0,11,289.131681
1.0,62,289.133518
1.0,46,289.134887
1.0,54,289.136505
1.0,34,289.137541
1.0,11,289.137921
1.0,75,289.14013
1.0,64,289.142014
1.0,32,289.142986
1.0,34,289.144019
1.0,23,289.144745
1.0,15,289.145254
0.0,100,289.14818
1.0,33,289.149195
0.0,100,289.152113
1.0,41,289.153348
1.0,36,289.154442
1.0,26,289.155262
1.0,18,289.155839
1.0,37,289.156968
1.0,32,289.157949
1.0,57,289.159657
1.0,27,289.160492
1.0,19,289.161104
1.0,43,289.162397
1.0,16,289.162915
1.0,49,289.164389
1.0,19,289.164991
1.0,30,289.165917
1.0,69,289.167956
1.0,61,289.169766
1.0,33,289.170777
1.0,12,289.171195
1.0,97,289.174029
1.0,11,289.174419
1.0,33,289.175435
1.0,24,289.17619
1.0,18,289.176767
1.0,10,289.177127
1.0,16,289.177645
1.0,72,289.179765
1.0,16,289.180297
1.0,33,289.181303
1.0,9,289.181626
1.0,35,289.182693
0.0,100,289.185612
0.0,100,289.188523
1.0,62,289.190366
0.0,100,289.19328
1.0,21,289.193936
0.0,100,289.196862
1.0,99,289.199746
1.0,55,289.201387
1.0,41,289.202629
1.0,50,289.204196
1.0,39,289.205433
1.0,47,289.206834
1.0,82,289.209272
0.0,100,289.212224
1.0,17,289.212773
1.0,45,289.214138
1.0,33,289.215161
1.0,41,289.2164
1.0,44,289.217714
1.0,53,289.219291
1.0,36,289.22039
1.0,16,289.220907
1.0,18,289.221498
1.0,49,289.222951
1.0,62,289.22479
1.0,11,289.225184
1.0,38,289.226345
1.0,81,289.228721
1.0,14,289.229196
1.0,50,289.230685
1.0,14,289.231162
1.0,87,289.233712
0.0,100,289.236666
1.0,49,289.238157
1.0,32,289.239144
1.0,82,289.241546
1.0,87,289.244094
1.0,53,289.245684
1.0,78,289.247981
1.0,35,289.249048
1.0,35,289.250124
1.0,6,289.250362
1.0,34,289.251404
1.0,86,289.253924
0.0,100,289.256874
1.0,32,289.257865
1.0,10,289.258228
1.0,45,289.259576
1.0,8,289.259872
1.0,42,289.261151
1.0,33,289.262165
1.0,75,289.264369
1.0,24,289.265131
1.0,35,289.266193
1.0,20,289.26683
1.0,36,289.267926
1.0,32,289.268907
1.0,55,289.270553
1.0,21,289.27123
1.0,64,289.273128
1.0,70,289.275214
1.0,12,289.275621
1.0,70,289.277683
1.0,40,289.278893
1.0,60,289.280682
1.0,31,289.281639
1.0,11,289.282019
1.0,53,289.283593
1.0,14,289.284058
1.0,14,289.284526
1.0,33,289.285542
1.0,86,289.28806
1.0,62,289.289891
1.0,27,289.290734
1.0,20,289.291379
1.0,27,289.292222
1.0,34,289.293264
1.0,24,289.294021
1.0,19,289.294638
1.0,10,289.294989
1.0,22,289.295701
1.0,21,289.296374
1.0,42,289.297643
1.0,44,289.298968
1.0,86,289.301515
1.0,51,289.303036
1.0,48,289.304548
1.0,19,289.305171
1.0,51,289.306691
1.0,10,289.307042
1.0,76,289.309287
1.0,34,289.310323
1.0,50,289.31182
1.0,32,289.3128
1.0,40,289.314013
1.0,10,289.314375
1.0,40,289.315584
1.0,31,289.316541
1.0,73,289.318692
1.0,36,289.31979
1.0,13,289.320235
1.0,46,289.32161
1.0,24,289.32237
1.0,26,289.323181
1.0,45,289.324535
1.0,16,289.325057
1.0,91,289.327739
1.0,70,289.329801
1.0,18,289.330389
1.0,70,289.332455
1.0,48,289.333889
1.0,64,289.335796
1.0,94,289.338551
1.0,37,289.339674
1.0,39,289.340859
1.0,69,289.3429
1.0,68,289.344916
1.0,19,289.345535
1.0,82,289.347935
1.0,31,289.348885
0.0,100,289.351821
1.0,34,289.352868
1.0,47,289.354292
1.0,74,289.356485
1.0,24,289.357239
1.0,51,289.358747
1.0,38,289.359898
1.0,34,289.360935
1.0,24,289.361694
1.0,34,289.362724
1.0,55,289.364359
1.0,40,289.365572
1.0,72,289.3677
1.0,19,289.368316
1.0,14,289.368779
1.0,59,289.37053
1.0,27,289.371372
1.0,26,289.372182
1.0,12,289.372588
1.0,53,289.374168
1.0,25,289.37494
1.0,96,289.377756
1.0,70,289.379826
1.0,22,289.380526
1.0,36,289.381623
1.0,68,289.383627
1.0,50,289.385135
1.0,24,289.385879
1.0,52,289.387442
1.0,7,289.387707
0.0,100,289.390649
1.0,24,289.391408
0.0,100,289.394354
1.0,50,289.395852
1.0,95,289.398651
1.0,71,289.400748
1.0,8,289.401042
1.0,57,289.402739
1.0,50,289.404242
1.0,18,289.404819
1.0,50,289.406317
1.0,96,289.409208
1.0,21,289.409873
1.0,33,289.410885
1.0,20,289.411526
1.0,14,289.411988
1.0,17,289.412548
1.0,37,289.413674
1.0,48,289.41513
1.0,12,289.415539
1.0,15,289.416027
1.0,12,289.416442
1.0,10,289.41679
1.0,17,289.417348
1.0,16,289.417871
1.0,17,289.418432
1.0,19,289.419031
1.0,19,289.419644
1.0,35,289.420715
1.0,10,289.421062
1.0,14,289.421534
1.0,71,289.423615
1.0,66,289.425573
1.0,15,289.426063
1.0,12,289.426477
1.0,90,289.429122
1.0,17,289.429673
1.0,52,289.431226
1.0,94,289.433975
1.0,25,289.434768
1.0,56,289.436456
1.0,22,289.437159
1.0,29,289.438044
1.0,31,289.43899
0.0,100,289.441918
1.0,20,289.442565
1.0,15,289.443057
1.0,44,289.444381
1.0,54,289.445998
1.0,23,289.446724
1.0,36,289.447818
1.0,53,289.449393
1.0,40,289.450595
1.0,41,289.451828
1.0,23,289.452562
1.0,36,289.453659
1.0,19,289.454275
1.0,60,289.45604
0.0,100,289.458961
1.0,32,289.459943
1.0,30,289.460873
1.0,21,289.461541
1.0,84,289.464003
0.0,100,289.466919
1.0,49,289.468396
1.0,26,289.469211
1.0,71,289.471312
1.0,22,289.471997
1.0,68,289.474004
1.0,62,289.475839
1.0,17,289.476398
1.0,27,289.477241
1.0,47,289.478652
1.0,13,289.479088
1.0,24,289.479844
1.0,42,289.48112
1.0,47,289.482533
1.0,40,289.483739
1.0,39,289.484921
1.0,93,289.487643
1.0,34,289.488677
1.0,16,289.489206
1.0,41,289.49044
1.0,10,289.490791
1.0,62,289.492633
1.0,37,289.493764
1.0,20,289.494409
1.0,73,289.496551
1.0,33,289.497566
1.0,32,289.49855
1.0,21,289.499222
1.0,31,289.500178
1.0,64,289.502062
1.0,17,289.502621
1.0,84,289.505068
1.0,12,289.505489
1.0,48,289.506927
1.0,47,289.508406
1.0,20,289.509039
1.0,28,289.509903
1.0,88,289.512491
1.0,29,289.513388
1.0,54,289.514997
0.0,100,289.517939
1.0,28,289.518814
1.0,33,289.519833
1.0,32,289.520819
1.0,34,289.521861
0.0,100,289.524801
1.0,11,289.525199
1.0,17,289.52575
1.0,18,289.526338
1.0,14,289.526801
1.0,39,289.52798
1.0,24,289.528741
1.0,18,289.529326
1.0,50,289.530812
0.0,100,289.533746
0.0,100,289.536692
1.0,87,289.539249
1.0,29,289.540147
0.0,100,289.543072
1.0,89,289.545695
1.0,73,289.547834
1.0,74,289.550015
0.0,100,289.552923
0.0,100,289.555862
1.0,72,289.557977
1.0,10,289.558338
1.0,46,289.559711
1.0,68,289.561713
1.0,10,289.562072
1.0,40,289.563331
1.0,52,289.565136
1.0,44,289.56646
1.0,11,289.566837
1.0,27,289.567681
1.0,42,289.568951
1.0,51,289.570485
1.0,23,289.571212
1.0,74,289.573387
1.0,54,289.574986
1.0,44,289.576328
0.0,100,289.579263
1.0,55,289.580898
0.0,100,289.58381
0.0,100,289.586748
1.0,24,289.5875
1.0,61,289.5893
1.0,23,289.590014
1.0,20,289.590656
1.0,31,289.59161
1.0,31,289.592567
1.0,17,289.593121
1.0,68,289.59512
1.0,54,289.596709
1.0,13,289.597156
1.0,64,289.599043
1.0,10,289.599402
1.0,22,289.600088
1.0,16,289.600617
1.0,16,289.601145
1.0,16,289.601667
1.0,43,289.602956
1.0,29,289.603853
1.0,27,289.604698
1.0,82,289.607124
1.0,15,289.607617
1.0,13,289.608052
1.0,49,289.609535
1.0,89,289.612139
1.0,72,289.614245
1.0,11,289.614623
1.0,89,289.617238
1.0,29,289.618135
1.0,53,289.61979
1.0,28,289.620663
1.0,25,289.621447
1.0,7,289.621712
1.0,72,289.623847
1.0,31,289.624806
0.0,100,289.627757
1.0,15,289.628262
1.0,25,289.629031
1.0,48,289.630472
1.0,59,289.632234
0.0,100,289.635183
1.0,43,289.636481
0.0,100,289.639429
1.0,86,289.641967
1.0,45,289.643334
1.0,45,289.644677
1.0,36,289.645781
1.0,45,289.647144
1.0,8,289.64744
1.0,99,289.650337
1.0,7,289.650604
1.0,9,289.650922
1.0,17,289.651479
0.0,100,289.65442
1.0,39,289.655608
1.0,43,289.656906
1.0,59,289.658672
1.0,82,289.661075
1.0,30,289.662003
1.0,47,289.663418
1.0,14,289.663883
0.0,100,289.666813
1.0,31,289.667768
1.0,41,289.669004
1.0,39,289.6702
1.0,85,289.672707
1.0,33,289.673723
0.0,100,289.676661
0.0,100,289.679607
1.0,85,289.682112
1.0,14,289.682575
1.0,22,289.683267
1.0,30,289.684194
1.0,47,289.685597
1.0,24,289.686353
1.0,97,289.68919
1.0,18,289.689765
1.0,14,289.690238
1.0,64,289.692134
0.0,100,289.695052
1.0,12,289.695473
1.0,15,289.695962
1.0,47,289.697385
1.0,20,289.69802
1.0,68,289.700042
0.0,100,289.702981
1.0,23,289.703711
1.0,73,289.705853
1.0,21,289.706527
1.0,29,289.707428
1.0,59,289.709189
1.0,37,289.710315
1.0,32,289.711298
1.0,13,289.711734
0.0,100,289.714668
1.0,41,289.71591
1.0,7,289.716187
1.0,86,289.718699
1.0,46,289.720071
1.0,90,289.722715
1.0,56,289.72438
1.0,36,289.725477
1.0,24,289.726236
1.0,11,289.726612
1.0,81,289.729005
1.0,68,289.731106
1.0,15,289.731603
0.0,100,289.734519
1.0,62,289.736377
0.0,100,289.739305
1.0,67,289.741292
1.0,21,289.74195
1.0,25,289.742733
1.0,66,289.744685
1.0,19,289.745305
1.0,38,289.746451
1.0,14,289.746912
1.0,62,289.748739
1.0,22,289.749439
1.0,54,289.751026
1.0,29,289.751924
1.0,79,289.754268
1.0,28,289.755137
1.0,13,289.755573
1.0,81,289.757948
1.0,53,289.759522
0.0,100,289.762451
0.0,100,289.765376
1.0,36,289.766466
1.0,19,289.767069
0.0,100,289.77
1.0,15,289.770507
0.0,100,289.773452
1.0,7,289.773719
1.0,34,289.774749
1.0,28,289.775623
1.0,7,289.775887
1.0,37,289.777005
1.0,55,289.778659
1.0,44,289.779982
1.0,16,289.780517
1.0,10,289.780866
1.0,12,289.781285
1.0,26,289.78209
1.0,70,289.784175
1.0,87,289.786723
1.0,53,289.788313
0.0,100,289.791231
1.0,50,289.792727
0.0,100,289.79565
1.0,35,289.796714
1.0,30,289.797637
1.0,43,289.798923
1.0,28,289.79979
1.0,71,289.801893
1.0,13,289.80234
1.0,22,289.803029
1.0,59,289.80477
1.0,67,289.806757
1.0,13,289.8072
1.0,68,289.809211
0.0,100,289.812124
1.0,46,289.81349
1.0,27,289.814326
1.0,9,289.814648
1.0,12,289.815052
1.0,31,289.816008
1.0,63,289.817883
1.0,11,289.818273
1.0,47,289.819674
1.0,34,289.820713
1.0,79,289.823025
1.0,24,289.823782
1.0,66,289.825745
1.0,50,289.827252
0.0,100,289.830188
0.0,100,289.83312
1.0,32,289.83409
1.0,21,289.834759
1.0,14,289.835298
1.0,66,289.837266
1.0,24,289.838011
1.0,29,289.838916
1.0,32,289.839906
1.0,17,289.840466
1.0,31,289.841425
1.0,37,289.842551
1.0,31,289.843499
1.0,67,289.845499
1.0,35,289.846576
1.0,40,289.84779
1.0,26,289.848608
1.0,64,289.850507
1.0,27,289.851357
1.0,59,289.853133
1.0,40,289.854342
0.0,100,289.857293
1.0,37,289.858423
1.0,90,289.861081
1.0,18,289.861664
1.0,82,289.864065
1.0,94,289.866809
0.0,100,289.869748
1.0,28,289.870618
1.0,6,289.870854
1.0,91,289.873523
1.0,47,289.874943
1.0,51,289.876472
1.0,54,289.878079
0.0,100,289.881002
1.0,74,289.883192
0.0,100,289.886119
1.0,50,289.887615
1.0,16,289.888158
1.0,48,289.889591
1.0,16,289.890118
1.0,52,289.891653
1.0,12,289.892059
1.0,11,289.892443
1.0,63,289.89431
1.0,71,289.896429
1.0,27,289.897269
1.0,34,289.898308
1.0,18,289.898885
1.0,11,289.89927
1.0,48,289.900702
1.0,29,289.901602
0.0,100,289.904525
1.0,61,289.906349
1.0,36,289.907433
1.0,48,289.908871
1.0,56,289.91054
1.0,9,289.910861
1.0,15,289.911361
1.0,34,289.912398
1.0,75,289.914604
1.0,50,289.916113
1.0,19,289.916715
1.0,28,289.917582
1.0,52,289.91913
1.0,57,289.920825
1.0,26,289.92164
1.0,15,289.922145
1.0,30,289.923057
1.0,47,289.924476
1.0,22,289.925179
0.0,100,289.928107
1.0,24,289.928856
1.0,16,289.929382
1.0,35,289.930446
1.0,81,289.932826
1.0,30,289.933749
1.0,9,289.934072
1.0,66,289.93602
1.0,15,289.936592
1.0,14,289.937054
1.0,29,289.937942
1.0,84,289.940413
1.0,47,289.941814
1.0,18,289.942399
1.0,12,289.942805
1.0,38,289.943945
1.0,23,289.944674
0.0,100,289.947602
1.0,62,289.949443
1.0,45,289.950798
1.0,76,289.953051
1.0,10,289.953409
1.0,16,289.953928
1.0,46,289.955324
1.0,43,289.956618
1.0,32,289.957596
1.0,18,289.958185
1.0,95,289.960947
1.0,84,289.963433
1.0,47,289.964836
0.0,100,289.967772
1.0,38,289.968922
1.0,45,289.97028
1.0,83,289.972717
0.0,100,289.975659
1.0,28,289.976531
1.0,11,289.976907
1.0,30,289.977831
1.0,8,289.978135
1.0,65,289.98005
1.0,17,289.980608
1.0,63,289.982463
1.0,80,289.984815
1.0,6,289.985051
0.0,100,289.98798
1.0,22,289.988681
1.0,80,289.991028
1.0,55,289.992657
1.0,23,289.99339
1.0,9,289.993713
1.0,12,289.994129
1.0,61,289.99594
0.0,100,289.998867
1.0,9,289.999198
1.0,86,290.001726
1.0,44,290.003041
1.0,61,290.004857
1.0,59,290.006623
1.0,13,290.007058
0.0,100,290.009978
1.0,65,290.011902
1.0,82,290.01431
1.0,60,290.016085
1.0,60,290.017858
1.0,24,290.018614
0.0,100,290.021525
1.0,20,290.022165
1.0,20,290.0228
1.0,13,290.023242
0.0,100,290.026167
0.0,100,290.029107
1.0,28,290.029958
1.0,34,290.030995
1.0,31,290.031947
1.0,14,290.032421
1.0,14,290.032883
1.0,17,290.033443
1.0,21,290.034111
1.0,47,290.035518
1.0,31,290.036468
1.0,30,290.037396
1.0,14,290.037936
1.0,14,290.038412
1.0,83,290.040857
1.0,46,290.04224
1.0,8,290.042531
1.0,49,290.043996
1.0,32,290.044981
1.0,15,290.045492
1.0,75,290.047702
1.0,43,290.048999
1.0,8,290.049303
1.0,82,290.05171
1.0,86,290.054241
1.0,12,290.054649
1.0,24,290.055404
1.0,28,290.05627
1.0,47,290.057665
1.0,42,290.058936
1.0,12,290.059355
1.0,20,290.059988
1.0,27,290.060826
1.0,61,290.062633
1.0,31,290.063594
1.0,50,290.065089
1.0,65,290.06703
1.0,28,290.067899
1.0,97,290.070729
1.0,36,290.071821
1.0,20,290.072467
1.0,11,290.072844
1.0,39,290.074025
1.0,39,290.075219
1.0,42,290.076473
1.0,18,290.077051
0.0,100,290.079962
1.0,68,290.081992
1.0,17,290.08255
1.0,46,290.083924
0.0,100,290.086846
0.0,100,290.089787
1.0,36,290.090888
1.0,33,290.091902
0.0,100,290.094837
1.0,47,290.096263
1.0,61,290.09806
1.0,23,290.098788
1.0,46,290.100183
1.0,13,290.100619
1.0,35,290.101678
0.0,100,290.104604
1.0,68,290.106613
1.0,55,290.108259
1.0,20,290.108892
1.0,73,290.111053
1.0,18,290.111637
1.0,46,290.113017
1.0,8,290.113321
1.0,38,290.114481
1.0,46,290.115864
1.0,29,290.116768
1.0,34,290.117804
1.0,53,290.119387
1.0,34,290.12042
1.0,36,290.121515
1.0,17,290.122063
1.0,21,290.12273
0.0,100,290.125657
1.0,23,290.126385
1.0,39,290.127563
1.0,8,290.127857
1.0,72,290.129982
1.0,44,290.131321
1.0,38,290.132472
0.0,100,290.135431
1.0,16,290.135953
1.0,74,290.138166
1.0,36,290.139329
1.0,60,290.141129
1.0,61,290.142934
1.0,12,290.143353
1.0,78,290.145643
1.0,18,290.146232
1.0,26,290.14703
1.0,25,290.147813
1.0,9,290.148144
1.0,12,290.148548
1.0,16,290.149064
0.0,100,290.151989
1.0,54,290.153592
1.0,18,290.154176
1.0,63,290.156024
1.0,17,290.156585
1.0,44,290.157899
1.0,19,290.158513
0.0,100,290.161436
1.0,89,290.164025
1.0,30,290.164943
1.0,42,290.166228
1.0,11,290.166604
1.0,17,290.16716
1.0,24,290.167899
1.0,7,290.168174
1.0,7,290.168437
1.0,59,290.17021
0.0,100,290.17314
1.0,33,290.17415
1.0,19,290.174751
1.0,15,290.175258
1.0,27,290.176089
1.0,7,290.176362
1.0,32,290.177342
1.0,10,290.177692
1.0,17,290.178249
1.0,52,290.179792
0.0,100,290.18272
1.0,38,290.183867
1.0,39,290.185036
1.0,96,290.187858
0.0,100,290.190784
1.0,17,290.191342
1.0,27,290.192184
1.0,50,290.19368
1.0,13,290.194123
0.0,100,290.197047
1.0,14,290.197518
0.0,100,290.200442
1.0,44,290.201767
1.0,23,290.202497
1.0,18,290.203071
1.0,76,290.205324
1.0,39,290.206506
1.0,73,290.208665
1.0,11,290.209043
1.0,96,290.211852
1.0,8,290.212155
1.0,31,290.213109
1.0,40,290.214317
0.0,100,290.217248
1.0,14,290.217713
1.0,26,290.218526
1.0,23,290.219257
1.0,60,290.221028
1.0,28,290.221899
1.0,19,290.222517
1.0,16,290.223035
1.0,22,290.223737
1.0,61,290.225557
1.0,94,290.228309
0.0,100,290.231233
1.0,38,290.232384
1.0,40,290.233593
1.0,59,290.235362
1.0,26,290.236174
1.0,64,290.238064
1.0,45,290.239414
0.0,100,290.242423
1.0,77,290.244669
1.0,92,290.247368
1.0,68,290.249378
1.0,21,290.250036
1.0,21,290.250709
1.0,22,290.251408
1.0,67,290.253379
1.0,14,290.253841
1.0,23,290.254564
1.0,61,290.256377
1.0,65,290.258291
1.0,18,290.258867
1.0,76,290.261122
1.0,21,290.261781
1.0,78,290.264054
1.0,81,290.266447
1.0,10,290.266798
1.0,36,290.267897
1.0,19,290.268512
1.0,41,290.269748
1.0,58,290.271467
1.0,17,290.272015
1.0,26,290.27283
1.0,14,290.273307
1.0,21,290.273968
1.0,26,290.274781
1.0,89,290.277392
0.0,100,290.280336
1.0,35,290.281397
1.0,14,290.281862
1.0,56,290.283538
1.0,14,290.284001
0.0,100,290.286932
0.0,100,290.289872
1.0,56,290.291552
1.0,62,290.293391
1.0,40,290.294596
1.0,15,290.295089
1.0,60,290.296886
1.0,39,290.298072
1.0,28,290.298939
1.0,12,290.299357
1.0,53,290.300933
1.0,33,290.301939
1.0,34,290.302977
1.0,18,290.303562
1.0,40,290.304766
1.0,24,290.305528
1.0,12,290.305934
1.0,65,290.307867
1.0,21,290.308538
1.0,52,290.310081
1.0,27,290.310918
1.0,47,290.312338
1.0,16,290.312855
0.0,100,290.315802
1.0,48,290.31725
1.0,26,290.318048
1.0,30,290.318971
1.0,14,290.319449
1.0,51,290.320959
0.0,100,290.323888
1.0,22,290.324589
1.0,32,290.325579
1.0,7,290.325843
1.0,47,290.327261
1.0,47,290.328666
1.0,14,290.329139
1.0,35,290.330206
1.0,7,290.33047
1.0,17,290.331012
1.0,26,290.331829
1.0,60,290.333608
1.0,29,290.334505
1.0,82,290.33692
1.0,23,290.33765
1.0,19,290.338269
1.0,9,290.33859
0.0,100,290.341518
1.0,14,290.342041
0.0,100,290.34498
1.0,20,290.345631
1.0,37,290.34675
1.0,17,290.34731
1.0,40,290.348515
1.0,26,290.349332
1.0,56,290.350991
1.0,46,290.352396
1.0,38,290.353548
1.0,33,290.354566
1.0,89,290.357193
1.0,21,290.357857
1.0,31,290.358809
1.0,61,290.360619
1.0,25,290.361406
1.0,38,290.362564
0.0,100,290.365509
1.0,27,290.366354
1.0,42,290.367616
1.0,28,290.368489
1.0,33,290.369496
0.0,100,290.372434
1.0,51,290.373956
1.0,64,290.375863
1.0,7,290.376139
1.0,50,290.377632
1.0,50,290.379142
1.0,45,290.380497
1.0,13,290.380931
1.0,38,290.382088
1.0,52,290.383646
1.0,8,290.38394
0.0,100,290.386885
1.0,51,290.388413
1.0,34,290.389453
1.0,32,290.39044
1.0,26,290.391255
1.0,70,290.393322
1.0,61,290.395128
1.0,72,290.397265
1.0,18,290.397841
1.0,57,290.399549
1.0,21,290.400222
1.0,25,290.400993
0.0,100,290.403928
1.0,22,290.404629
1.0,63,290.406501
1.0,22,290.407201
1.0,30,290.408128
1.0,32,290.40911
1.0,19,290.409713
0.0,100,290.41264
1.0,29,290.413541
0.0,100,290.416496
1.0,81,290.418885
1.0,78,290.421188
1.0,10,290.421538
1.0,25,290.422323
1.0,52,290.423882
1.0,38,290.425037
1.0,72,290.427168
1.0,6,290.427405
1.0,74,290.429574
0.0,100,290.432513
1.0,11,290.432894
1.0,77,290.435193
1.0,59,290.436934
1.0,12,290.437354
1.0,93,290.440076
1.0,43,290.44138
1.0,33,290.442389
1.0,27,290.443232
1.0,48,290.444667
1.0,45,290.446022
0.0,100,290.448953
1.0,60,290.450804
1.0,23,290.45154
1.0,22,290.452245
1.0,82,290.454665
0.0,100,290.457617
1.0,10,290.457968
1.0,34,290.459009
1.0,22,290.459725
1.0,59,290.461489
1.0,68,290.463497
1.0,57,290.465198
1.0,39,290.466383
1.0,15,290.466876
1.0,43,290.468184
1.0,17,290.468733
1.0,7,290.468997
1.0,65,290.470924
0.0,100,290.473863
0.0,100,290.476803
1.0,42,290.478072
1.0,17,290.478629
1.0,33,290.479638
1.0,25,290.480424
1.0,20,290.481058
0.0,100,290.484006
1.0,98,290.48689
1.0,20,290.48754
1.0,60,290.489333
0.0,100,290.492269
1.0,23,290.492987
1.0,29,290.49388
1.0,13,290.494324
1.0,15,290.494818
1.0,40,290.496038
1.0,23,290.49677
1.0,23,290.497499
1.0,24,290.498257
1.0,17,290.498801
1.0,56,290.500484
1.0,38,290.501642
1.0,57,290.50335
0.0,100,290.506286
1.0,33,290.507303
1.0,31,290.50826
0.0,100,290.511208
0.0,100,290.514156
0.0,100,290.51709
1.0,38,290.518256
0.0,100,290.521195
1.0,85,290.523687
1.0,21,290.524361
1.0,31,290.525321
1.0,38,290.526475
1.0,33,290.527485
1.0,11,290.527863
1.0,11,290.528253
0.0,100,290.53119
1.0,11,290.531569
1.0,40,290.532778
0.0,100,290.535718
1.0,60,290.537504
1.0,39,290.538691
1.0,27,290.539536
1.0,67,290.54152
1.0,50,290.543019
1.0,9,290.54335
0.0,100,290.546284
0.0,100,290.549224
1.0,18,290.549802
0.0,100,290.552713
1.0,31,290.553669
1.0,8,290.553963
1.0,45,290.55533
1.0,22,290.556018
1.0,57,290.557719
1.0,68,290.559798
1.0,50,290.561309
1.0,50,290.562812
1.0,85,290.565352
1.0,67,290.567339
1.0,76,290.569582
1.0,15,290.570073
1.0,8,290.570374
0.0,100,290.573318
1.0,69,290.575374
1.0,54,290.576974
1.0,42,290.578253
1.0,48,290.579682
1.0,100,290.582608
1.0,28,290.583482
1.0,12,290.583888
1.0,91,290.586573
1.0,48,290.58802
1.0,16,290.588553
1.0,7,290.58882
1.0,41,290.59006
1.0,30,290.590984
1.0,100,290.593905
1.0,24,290.594662
1.0,30,290.595597
1.0,18,290.596183
1.0,24,290.596924
1.0,7,290.5972
1.0,29,290.598085
1.0,10,290.598445
1.0,37,290.599572
1.0,54,290.601191
1.0,13,290.601624
1.0,24,290.602376
1.0,19,290.602978
1.0,41,290.604227
1.0,28,290.605084
1.0,12,290.605504
1.0,20,290.606139
1.0,46,290.607518
1.0,37,290.60865
1.0,31,290.609605
1.0,17,290.610168
1.0,13,290.610602
1.0,33,290.611604
1.0,29,290.6125
1.0,31,290.61345
1.0,9,290.613772
1.0,15,290.614274
1.0,40,290.615484
1.0,28,290.616356
1.0,16,290.616876
0.0,100,290.619823
1.0,47,290.621248
1.0,52,290.622794
1.0,27,290.623642
1.0,60,290.625438
0.0,100,290.628376
1.0,50,290.629871
1.0,34,290.630909
1.0,30,290.631836
1.0,69,290.633882
1.0,10,290.634243
1.0,25,290.635016
1.0,66,290.636974
1.0,15,290.637477
1.0,30,290.638406
1.0,18,290.638977
1.0,36,290.64006
1.0,28,290.640922
1.0,20,290.641569
1.0,11,290.641947
1.0,22,290.642649
1.0,81,290.645038
1.0,24,290.645797
1.0,23,290.646528
1.0,98,290.649405
1.0,34,290.650447
0.0,100,290.653384
1.0,25,290.654171
1.0,64,290.656054
1.0,17,290.656613
1.0,12,290.65702
1.0,64,290.658921
1.0,39,290.660183
1.0,8,290.660479
1.0,93,290.663223
1.0,27,290.664049
1.0,82,290.666458
1.0,60,290.668247
1.0,44,290.669573
1.0,53,290.671157
1.0,42,290.672425
1.0,62,290.674275
1.0,19,290.674884
0.0,100,290.677831
1.0,40,290.679049
1.0,24,290.679807
1.0,22,290.680512
1.0,14,290.680979
1.0,38,290.682151
1.0,30,290.683069
1.0,11,290.683454
1.0,18,290.684029
1.0,30,290.684947
1.0,12,290.685371
1.0,18,290.685942
1.0,37,290.687064
1.0,47,290.688481
1.0,79,290.690815
1.0,16,290.691346
1.0,47,290.692752
1.0,51,290.694277
0.0,100,290.69722
1.0,43,290.698514
1.0,45,290.699869
1.0,11,290.700259
1.0,62,290.702093
1.0,39,290.703279
1.0,16,290.703798
1.0,20,290.704441
1.0,24,290.705202
1.0,52,290.706738
1.0,47,290.708158
0.0,100,290.711091
1.0,34,290.712144
1.0,70,290.714216
1.0,32,290.715209
1.0,52,290.716759
1.0,15,290.717263
1.0,12,290.717668
1.0,20,290.718313
1.0,24,290.719052
1.0,71,290.721164
1.0,64,290.723054
1.0,37,290.724192
1.0,44,290.725519
1.0,49,290.72699
1.0,25,290.727774
1.0,26,290.728589
0.0,100,290.731506
1.0,87,290.734062
1.0,33,290.735074
1.0,23,290.735805
1.0,15,290.736303
1.0,52,290.737856
1.0,38,290.739
1.0,11,290.739393
1.0,7,290.73966
1.0,20,290.740317
1.0,36,290.741416
1.0,13,290.74185
1.0,30,290.742772
1.0,97,290.745624
1.0,77,290.747891
1.0,32,290.748887
1.0,24,290.749647
1.0,31,290.750601
1.0,27,290.751436
1.0,28,290.75231
1.0,37,290.753434
0.0,100,290.756404
1.0,60,290.758192
1.0,56,290.759857
0.0,100,290.762878
1.0,26,290.763697
1.0,23,290.764428
1.0,37,290.765564
1.0,36,290.766663
1.0,32,290.767653
1.0,59,290.769416
1.0,91,290.772079
1.0,28,290.772949
1.0,18,290.773536
1.0,10,290.773885
1.0,44,290.775221
1.0,49,290.776687
0.0,100,290.779618
1.0,26,290.780432
1.0,47,290.781855
0.0,100,290.784772
1.0,38,290.785936
1.0,90,290.788574
0.0,100,290.791499
1.0,74,290.793674
1.0,61,290.795497
1.0,34,290.796539
1.0,46,290.797927
1.0,6,290.798174
1.0,43,290.799469
1.0,30,290.800385
1.0,29,290.801276
1.0,48,290.802713
1.0,50,290.804213
1.0,59,290.805959
1.0,17,290.806521
0.0,100,290.809439
1.0,18,290.810015
1.0,16,290.810546
1.0,41,290.811775
1.0,22,290.81247
1.0,13,290.812905
1.0,45,290.814271
1.0,73,290.816437
1.0,7,290.816704
1.0,30,290.817625
1.0,45,290.818964
1.0,28,290.819834
1.0,18,290.820422
1.0,52,290.821972
1.0,33,290.822981
1.0,64,290.824868
1.0,10,290.825234
1.0,38,290.826386
1.0,74,290.828566
1.0,36,290.829658
1.0,50,290.83115
0.0,100,290.834068
1.0,12,290.83448
1.0,44,290.835806
1.0,21,290.836478
1.0,18,290.837055
1.0,58,290.838773
1.0,14,290.839248
1.0,20,290.839878
1.0,86,290.84241
1.0,44,290.84373
1.0,25,290.844518
1.0,43,290.845815
1.0,17,290.846374
1.0,14,290.846836
1.0,64,290.848736
1.0,70,290.85081
1.0,14,290.851285
1.0,21,290.85195
1.0,13,290.852396
1.0,19,290.852997
1.0,52,290.854555
1.0,40,290.855759
1.0,32,290.856744
1.0,51,290.85827
1.0,75,290.860487
1.0,31,290.861503
1.0,33,290.862517
1.0,12,290.862923
1.0,23,290.863651
1.0,85,290.866157
1.0,45,290.867509
1.0,78,290.86981
1.0,55,290.871456
1.0,83,290.873879
1.0,23,290.874605
1.0,71,290.876717
1.0,27,290.877568
1.0,54,290.879185
1.0,14,290.879652
1.0,38,290.880803
1.0,14,290.881281
1.0,23,290.881998
1.0,17,290.88256
1.0,52,290.88411
0.0,100,290.887019
1.0,70,290.889072
1.0,40,290.890287
1.0,29,290.891181
1.0,14,290.891643
1.0,24,290.892396
0.0,100,290.895325
1.0,68,290.897339
1.0,67,290.89931
1.0,33,290.900315
0.0,100,290.903246
1.0,15,290.903737
1.0,22,290.904438
0.0,100,290.907376
1.0,24,290.90813
1.0,18,290.908702
1.0,44,290.910024
1.0,36,290.911119
1.0,38,290.912271
1.0,84,290.914721
1.0,18,290.915313
1.0,39,290.91649
1.0,59,290.918253
1.0,47,290.919653
1.0,36,290.920751
1.0,32,290.921737
1.0,18,290.922327
1.0,41,290.923565
1.0,32,290.924556
1.0,31,290.925515
1.0,38,290.926663
1.0,56,290.928318
1.0,47,290.929725
1.0,24,290.930488
1.0,36,290.931592
1.0,55,290.933247
1.0,24,290.933993
1.0,49,290.935459
1.0,28,290.936326
1.0,85,290.938821
1.0,49,290.940304
1.0,46,290.941691
1.0,80,290.94405
1.0,46,290.945447
1.0,84,290.947912
1.0,76,290.950173
1.0,81,290.952561
1.0,21,290.953231
1.0,12,290.953635
1.0,92,290.956332
1.0,42,290.957602
1.0,17,290.958161
1.0,38,290.959313
1.0,50,290.960807
1.0,37,290.961934
1.0,38,290.963091
1.0,67,290.965069
1.0,7,290.965345
1.0,74,290.967529
1.0,6,290.967826
1.0,14,290.968301
1.0,26,290.969114
1.0,36,290.970214
1.0,36,290.971311
0.0,100,290.974258
1.0,47,290.975674
1.0,18,290.976264
1.0,23,290.976979
0.0,100,290.979915
1.0,14,290.980389
1.0,96,290.983219
1.0,64,290.98512
0.0,100,290.988052
1.0,19,290.988667
1.0,25,290.989456
1.0,82,290.991849
1.0,20,290.992493
1.0,84,290.99494
1.0,46,290.996336
1.0,93,290.999054
1.0,94,291.001818
1.0,46,291.003207
1.0,33,291.00422
1.0,42,291.00549
1.0,17,291.006036
1.0,19,291.00665
1.0,14,291.007123
1.0,17,291.007667
1.0,15,291.008176
1.0,35,291.009238
1.0,67,291.011216
1.0,83,291.013654
1.0,9,291.013976
1.0,9,291.014309
0.0,100,291.017258
1.0,34,291.018299
1.0,10,291.01865
1.0,33,291.019659
1.0,88,291.022253
1.0,40,291.023464
1.0,12,291.023869
1.0,57,291.025574
1.0,33,291.026585
1.0,29,291.027483
1.0,8,291.027794
1.0,90,291.030471
1.0,85,291.032991
1.0,52,291.034556
1.0,94,291.03733
1.0,38,291.038484
1.0,33,291.039496
1.0,22,291.040197
1.0,24,291.040941
1.0,97,291.043772
1.0,61,291.045596
1.0,45,291.046942
1.0,14,291.047417
1.0,6,291.047655
1.0,46,291.049027
1.0,56,291.050702
1.0,30,291.051634
1.0,81,291.054032
1.0,70,291.056131
1.0,50,291.057624
1.0,53,291.059215
1.0,16,291.059735
1.0,53,291.061328
1.0,59,291.063074
1.0,42,291.064343
1.0,24,291.065089
1.0,18,291.065678
1.0,56,291.067344
1.0,82,291.069746
0.0,100,291.072661
1.0,16,291.07319
1.0,24,291.073991
1.0,6,291.07424
1.0,74,291.07642
1.0,11,291.0768
1.0,37,291.077932
0.0,100,291.080882
1.0,37,291.082011
1.0,44,291.083343
1.0,21,291.084001
1.0,30,291.084928
1.0,70,291.087008
1.0,79,291.089361
1.0,50,291.090854
1.0,17,291.091414
1.0,13,291.091847
1.0,36,291.092946
1.0,11,291.093336
1.0,61,291.09515
1.0,40,291.096356
1.0,68,291.098364
1.0,26,291.099179
1.0,40,291.100383
1.0,71,291.102459
1.0,98,291.105357
1.0,98,291.108209
1.0,68,291.110229
1.0,24,291.110972
1.0,58,291.1127
1.0,39,291.113883
1.0,93,291.116636
0.0,100,291.119573
1.0,10,291.119924
1.0,16,291.120453
1.0,50,291.12195
1.0,16,291.12248
1.0,38,291.123635
1.0,45,291.124976
1.0,11,291.125369
1.0,10,291.125722
1.0,84,291.128188
1.0,58,291.129913
1.0,16,291.13044
1.0,59,291.132188
1.0,30,291.133115
1.0,72,291.135232
1.0,32,291.136216
1.0,14,291.136676
0.0,100,291.139599
1.0,59,291.141367
1.0,23,291.142087
0.0,100,291.145007
1.0,21,291.145686
1.0,22,291.146393
1.0,24,291.14715
1.0,41,291.148388
1.0,23,291.149117
0.0,100,291.152037
1.0,66,291.154003
1.0,67,291.155991
1.0,34,291.157033
0.0,100,291.15996
1.0,10,291.160321
1.0,51,291.161827
1.0,23,291.162563
1.0,52,291.164128
1.0,92,291.166843
1.0,44,291.168183
1.0,14,291.168646
1.0,71,291.170742
1.0,11,291.171131
1.0,18,291.171707
1.0,41,291.172949
1.0,41,291.174198
1.0,68,291.176219
0.0,100,291.17913
0.0,100,291.18214
1.0,68,291.18416
1.0,56,291.185827
1.0,31,291.186783
1.0,51,291.188313
1.0,20,291.188944
1.0,11,291.189333
1.0,40,291.190537
1.0,7,291.190802
1.0,22,291.191498
1.0,71,291.193597
1.0,84,291.196068
1.0,23,291.196794
1.0,70,291.198862
1.0,14,291.199337
1.0,46,291.200706
1.0,52,291.20226
1.0,17,291.202808
1.0,35,291.203881
1.0,40,291.205091
1.0,15,291.205622
1.0,44,291.206933
1.0,29,291.207829
1.0,11,291.208226
1.0,54,291.209842
1.0,93,291.212578
0.0,100,291.215525
1.0,15,291.216017
0.0,100,291.218936
1.0,15,291.219435
1.0,36,291.220532
1.0,8,291.220824
1.0,40,291.222035
0.0,100,291.224958
1.0,31,291.225918
1.0,14,291.226391
0.0,100,291.229331
1.0,28,291.230198
1.0,16,291.230716
1.0,29,291.231614
1.0,15,291.232113
1.0,46,291.23349
1.0,38,291.234634
0.0,100,291.237576
1.0,59,291.239326
1.0,51,291.240843
1.0,17,291.241401
1.0,34,291.242442
0.0,100,291.245391
1.0,54,291.246996
1.0,77,291.249275
1.0,10,291.249623
1.0,23,291.250349
1.0,35,291.251414
1.0,48,291.25285
1.0,26,291.253662
1.0,34,291.254707
1.0,6,291.254943
1.0,35,291.256018
1.0,52,291.257574
1.0,86,291.260114
0.0,100,291.263035
1.0,60,291.264836
1.0,20,291.265489
1.0,20,291.266133
1.0,18,291.26671
1.0,10,291.267058
0.0,100,291.26998
0.0,100,291.272919
1.0,54,291.274542
1.0,33,291.275561
1.0,18,291.276147
1.0,52,291.277683
1.0,48,291.279125
1.0,32,291.280104
1.0,25,291.280942
1.0,33,291.281966
1.0,57,291.283671
1.0,24,291.284431
1.0,17,291.284976
1.0,56,291.286657
1.0,82,291.289067
1.0,25,291.289852
1.0,39,291.291038
1.0,45,291.292407
1.0,31,291.293363
1.0,17,291.293914
1.0,12,291.294332
0.0,100,291.297281
1.0,60,291.299066
1.0,9,291.299397
1.0,46,291.300776
1.0,51,291.302303
1.0,23,291.303016
1.0,24,291.303775
0.0,100,291.306713
1.0,15,291.307216
1.0,17,291.307765
1.0,21,291.308437
1.0,32,291.309421
1.0,57,291.311132
1.0,7,291.311397
1.0,18,291.311975
1.0,67,291.313947
1.0,11,291.314337
1.0,39,291.315529
1.0,66,291.317492
1.0,28,291.318368
0.0,100,291.321313
1.0,25,291.322092
0.0,100,291.325034
1.0,62,291.326877
0.0,100,291.329818
1.0,7,291.330082
1.0,15,291.330583
1.0,54,291.332208
1.0,28,291.333067
1.0,25,291.333848
1.0,9,291.334182
1.0,46,291.335557
1.0,19,291.336174
1.0,59,291.337924
1.0,52,291.339486
1.0,83,291.341932
1.0,22,291.342633
1.0,59,291.34438
1.0,39,291.345569
0.0,100,291.348508
1.0,27,291.349353
1.0,10,291.349705
1.0,26,291.35052
1.0,15,291.351013
1.0,23,291.35174
1.0,58,291.353465
1.0,39,291.35464
0.0,100,291.357575
1.0,68,291.359592
1.0,42,291.36085
1.0,48,291.362294
1.0,51,291.363816
1.0,66,291.365782
1.0,65,291.36772
1.0,44,291.36905
1.0,26,291.369864
1.0,73,291.372026
0.0,100,291.374943
0.0,100,291.377891
1.0,16,291.378421
1.0,30,291.379344
1.0,52,291.380889
1.0,98,291.383861
1.0,48,291.385314
1.0,66,291.387263
1.0,27,291.388084
1.0,11,291.388471
1.0,19,291.389075
0.0,100,291.391999
1.0,16,291.392533
0.0,100,291.395482
1.0,91,291.398176
1.0,40,291.399395
1.0,34,291.400434
1.0,41,291.401675
1.0,35,291.40274
1.0,14,291.403214
1.0,39,291.404385
1.0,33,291.405395
1.0,74,291.407572
0.0,100,291.410502
1.0,32,291.411491
0.0,100,291.414413
1.0,21,291.415075
1.0,52,291.416636
0.0,100,291.419551
1.0,82,291.421964
1.0,22,291.422667
1.0,71,291.424762
1.0,38,291.425916
1.0,38,291.427067
1.0,25,291.427847
1.0,24,291.428607
1.0,47,291.430016
1.0,8,291.430321
1.0,69,291.432361
1.0,44,291.43368
1.0,36,291.434775
1.0,16,291.435312
0.0,100,291.438229
1.0,31,291.439189
1.0,27,291.440019
1.0,43,291.441319
1.0,72,291.443434
1.0,74,291.445617
1.0,76,291.447835
1.0,13,291.44828
1.0,40,291.449482
1.0,64,291.451381
1.0,78,291.453674
1.0,65,291.455606
1.0,22,291.456304
1.0,18,291.45688
1.0,38,291.458033
1.0,12,291.458451
1.0,16,291.45897
1.0,52,291.460518
1.0,8,291.460809
1.0,14,291.461285
1.0,21,291.461948
1.0,25,291.462738
1.0,90,291.465386
0.0,100,291.468329
1.0,34,291.469376
1.0,23,291.470092
1.0,19,291.4707
0.0,100,291.473639
1.0,8,291.473932
1.0,12,291.47435
1.0,23,291.475066
1.0,66,291.477023
1.0,48,291.478465
1.0,34,291.479507
1.0,17,291.480055
1.0,55,291.481693
1.0,55,291.483326
1.0,31,291.484342
1.0,14,291.484805
1.0,75,291.487012
1.0,21,291.487684
1.0,57,291.489386
1.0,64,291.491283
1.0,49,291.492745
1.0,15,291.493241
1.0,40,291.494445
1.0,46,291.495824
1.0,23,291.496554
1.0,11,291.496934
1.0,42,291.498208
1.0,17,291.49875
1.0,67,291.500739
1.0,79,291.503061
1.0,45,291.504424
1.0,15,291.504915
1.0,20,291.50556
1.0,32,291.506538
1.0,10,291.506886
1.0,38,291.50803
1.0,49,291.509499
1.0,62,291.511334
0.0,100,291.51426
1.0,23,291.514978
1.0,33,291.515995
1.0,17,291.516551
1.0,28,291.517422
0.0,100,291.520334
1.0,13,291.520772
1.0,66,291.522742
1.0,45,291.524095
1.0,38,291.525257
1.0,34,291.526297
1.0,32,291.52727
1.0,40,291.528484
1.0,71,291.530574
1.0,89,291.533191
1.0,23,291.533903
1.0,19,291.534516
1.0,56,291.536191
1.0,51,291.537704
1.0,78,291.540003
0.0,100,291.542932
1.0,32,291.543909
1.0,80,291.546283
0.0,100,291.5492
1.0,84,291.551656
1.0,59,291.553416
1.0,28,291.554289
1.0,63,291.556167
1.0,59,291.557913
1.0,30,291.558842
1.0,55,291.560484
1.0,40,291.561689
1.0,18,291.562275
1.0,93,291.564972
1.0,57,291.566674
1.0,96,291.5695
0.0,100,291.572419
1.0,75,291.574627
1.0,22,291.575336
1.0,39,291.576519
1.0,53,291.578091
1.0,28,291.578961
1.0,12,291.579378
1.0,80,291.581714
1.0,63,291.583597
1.0,42,291.584864
1.0,51,291.586412
0.0,100,291.589343
1.0,72,291.591477
0.0,100,291.594408
1.0,61,291.596299
1.0,32,291.597284
1.0,22,291.59797
1.0,20,291.598611
1.0,70,291.600679
1.0,23,291.601409
1.0,65,291.603338
0.0,100,291.606281
1.0,61,291.608109
1.0,30,291.609028
1.0,22,291.609729
1.0,32,291.610716
1.0,12,291.611138
1.0,20,291.611774
1.0,31,291.612735
1.0,77,291.614987
1.0,11,291.615382
1.0,21,291.61604
1.0,24,291.616794
1.0,77,291.619066
1.0,72,291.621205
1.0,24,291.621952
1.0,20,291.622599
1.0,66,291.624553
1.0,26,291.625377
1.0,14,291.62584
1.0,37,291.626969
1.0,32,291.627948
1.0,20,291.628606
1.0,33,291.629619
1.0,91,291.632296
0.0,100,291.635235
1.0,60,291.637011
1.0,21,291.637682
1.0,93,291.64044
1.0,42,291.641713
1.0,51,291.643248
0.0,100,291.646183
1.0,25,291.646961
1.0,38,291.648129
1.0,32,291.649106
1.0,32,291.650077
1.0,48,291.651526
1.0,78,291.653821
1.0,31,291.654776
0.0,100,291.657717
1.0,33,291.658732
1.0,24,291.659493
1.0,14,291.659957
1.0,33,291.660969
1.0,52,291.662527
1.0,38,291.663681
0.0,100,291.666623
1.0,34,291.667669
1.0,55,291.669324
1.0,40,291.670527
1.0,22,291.671223
1.0,18,291.671799
1.0,60,291.673571
0.0,100,291.676506
1.0,45,291.677862
1.0,14,291.678337
1.0,41,291.679575
1.0,21,291.680248
1.0,12,291.680655
0.0,100,291.68358
1.0,24,291.68434
1.0,24,291.685084
0.0,100,291.688019
1.0,31,291.688974
1.0,9,291.689307
1.0,39,291.690483
1.0,43,291.691777
1.0,22,291.692478
1.0,66,291.69444
1.0,36,291.695602
1.0,11,291.695984
1.0,22,291.696681
1.0,6,291.696918
1.0,20,291.69756
1.0,35,291.698632
1.0,54,291.70024
1.0,25,291.701014
1.0,12,291.701432
1.0,12,291.701839
1.0,46,291.703226
1.0,47,291.704631
0.0,100,291.707566
1.0,91,291.71025
1.0,96,291.713069
1.0,49,291.714556
1.0,91,291.717243
1.0,16,291.717763
1.0,47,291.719175
1.0,19,291.71978
1.0,31,291.720737
0.0,100,291.72368
1.0,63,291.725565
1.0,29,291.726463
1.0,43,291.727756
1.0,41,291.728997
1.0,23,291.729727
1.0,73,291.731889
1.0,19,291.732508
1.0,45,291.733854
1.0,80,291.736216
1.0,32,291.737198
1.0,67,291.739181
1.0,15,291.739675
1.0,23,291.740404
1.0,22,291.74109
1.0,99,291.743981
1.0,17,291.744541
1.0,54,291.746158
1.0,86,291.748686
1.0,16,291.749214
1.0,33,291.750223
0.0,100,291.753139
1.0,66,291.755091
1.0,78,291.757407
1.0,54,291.759009
1.0,13,291.759457
0.0,100,291.762395
1.0,24,291.763154
1.0,40,291.764364
1.0,72,291.766494
1.0,79,291.768819
1.0,25,291.769604
1.0,12,291.77001
1.0,60,291.7718
1.0,29,291.772699
1.0,24,291.773455
1.0,61,291.775275
1.0,95,291.778054
0.0,100,291.780993
1.0,47,291.782412
1.0,68,291.784432
1.0,57,291.786143
0.0,100,291.789075
1.0,30,291.789999
1.0,62,291.791849
1.0,9,291.792183
1.0,16,291.792704
1.0,100,291.795626
1.0,20,291.796269
1.0,49,291.797742
1.0,53,291.799332
1.0,9,291.799654
1.0,25,291.800504
1.0,17,291.801051
1.0,53,291.802638
1.0,34,291.803683
1.0,69,291.80574
1.0,27,291.806591
1.0,23,291.807325
1.0,63,291.809199
1.0,56,291.810861
1.0,16,291.811393
0.0,100,291.814338
1.0,54,291.81596
1.0,87,291.818517
1.0,18,291.819093
1.0,45,291.82045
1.0,6,291.820687
1.0,8,291.820978
1.0,63,291.822856
1.0,52,291.824419
1.0,16,291.824938
1.0,57,291.826636
1.0,41,291.827871
1.0,20,291.828517
1.0,20,291.829158
1.0,25,291.829931
1.0,43,291.831231
1.0,20,291.831859
1.0,32,291.832838
1.0,44,291.834178
1.0,22,291.834868
1.0,33,291.835882
1.0,14,291.836356
1.0,33,291.837364
0.0,100,291.840298
1.0,17,291.840848
1.0,90,291.843503
1.0,23,291.844232
1.0,39,291.84542
0.0,100,291.848342
0.0,100,291.851276
1.0,50,291.85276
1.0,22,291.853456
1.0,45,291.85481
1.0,34,291.855855
1.0,31,291.856814
1.0,83,291.859258
0.0,100,291.862181
1.0,21,291.862843
1.0,7,291.863117
1.0,21,291.863776
1.0,47,291.865206
1.0,13,291.865643
1.0,34,291.866688
1.0,70,291.868757
1.0,49,291.870239
1.0,37,291.871364
1.0,63,291.873247
1.0,34,291.874286
1.0,31,291.875249
1.0,17,291.875795
1.0,41,291.877036
1.0,57,291.878738
1.0,58,291.880461
1.0,15,291.880952
1.0,59,291.882717
1.0,26,291.883527
1.0,21,291.884198
1.0,31,291.885156
1.0,12,291.885561
0.0,100,291.888496
1.0,28,291.889369
1.0,15,291.889857
0.0,100,291.892794
1.0,63,291.894669
1.0,19,291.895293
1.0,57,291.896981
1.0,34,291.898028
1.0,22,291.898728
1.0,28,291.899603
1.0,34,291.900644
1.0,60,291.902506
1.0,15,291.903002
1.0,9,291.903336
1.0,27,291.904173
0.0,100,291.907121
1.0,18,291.907701
1.0,56,291.909382
1.0,23,291.910111
1.0,42,291.911382
1.0,10,291.911735
1.0,35,291.912804
1.0,83,291.915256
1.0,41,291.9165
1.0,51,291.918024
1.0,36,291.919133
1.0,61,291.920945
1.0,100,291.923898
1.0,10,291.924262
1.0,11,291.924642
1.0,44,291.92596
1.0,25,291.926751
1.0,38,291.927907
1.0,12,291.928325
1.0,16,291.928848
1.0,26,291.929665
1.0,30,291.930594
1.0,10,291.930947
1.0,26,291.931766
1.0,36,291.932871
1.0,79,291.935214
1.0,11,291.935594
1.0,50,291.937084
1.0,10,291.937444
1.0,35,291.938516
1.0,62,291.94037
1.0,24,291.941129
0.0,100,291.944061
1.0,62,291.94592
1.0,67,291.947913
1.0,14,291.948387
1.0,58,291.950123
1.0,8,291.950416
1.0,38,291.951572
1.0,23,291.952298
1.0,9,291.952621
1.0,51,291.954162
1.0,32,291.955155
1.0,49,291.956629
1.0,40,291.957845
1.0,75,291.960062
1.0,23,291.960789
1.0,37,291.96191
1.0,25,291.962698
1.0,25,291.963484
0.0,100,291.966432
1.0,34,291.967472
1.0,60,291.969258
1.0,15,291.96975
1.0,9,291.970071
1.0,28,291.970938
1.0,100,291.973885
1.0,34,291.974927
1.0,50,291.976441
1.0,23,291.977173
1.0,21,291.977834
1.0,56,291.979516
1.0,36,291.980613
0.0,100,291.983558
0.0,100,291.986514
1.0,97,291.989381
1.0,19,291.98999
0.0,100,291.992899
0.0,100,291.995859
1.0,71,291.997941
1.0,17,291.9985
1.0,23,291.999229
1.0,66,292.001187
1.0,23,292.001967
1.0,25,292.002756
1.0,38,292.003902
0.0,100,292.006843
1.0,8,292.007149
1.0,21,292.007812
1.0,55,292.009473
1.0,50,292.010976
1.0,27,292.011816
1.0,13,292.012266
0.0,100,292.015209
1.0,74,292.017414
1.0,49,292.018886
1.0,47,292.020314
0.0,100,292.02324
1.0,36,292.024335
1.0,61,292.02616
1.0,51,292.027688
1.0,39,292.028876
1.0,43,292.030192
1.0,26,292.030993
1.0,31,292.031951
1.0,13,292.032398
1.0,27,292.033244
1.0,42,292.034515
1.0,10,292.034866
0.0,100,292.037807
1.0,65,292.039737
1.0,19,292.040355
1.0,34,292.041398
0.0,100,292.044343
0.0,100,292.047302
0.0,100,292.050247
1.0,54,292.051861
1.0,18,292.05245
1.0,28,292.053322
0.0,100,292.056272
0.0,100,292.059226
0.0,100,292.062177
1.0,18,292.062757
1.0,39,292.063943
1.0,21,292.06462
1.0,39,292.065806
1.0,13,292.066251
1.0,95,292.069001
1.0,14,292.069477
1.0,57,292.071179
1.0,34,292.072223
1.0,54,292.073834
1.0,51,292.075379
1.0,15,292.07587
1.0,16,292.076402
1.0,35,292.077475
1.0,65,292.079413
1.0,50,292.080906
0.0,100,292.083853
1.0,25,292.084636
1.0,65,292.086575
1.0,9,292.086899
1.0,42,292.088177
1.0,54,292.089782
1.0,76,292.092021
1.0,22,292.092721
1.0,98,292.095608
1.0,27,292.096453
0.0,100,292.099392
1.0,70,292.101461
1.0,100,292.1044
1.0,21,292.105109
1.0,76,292.107356
0.0,100,292.110289
1.0,25,292.111069
0.0,100,292.113981
1.0,57,292.115694
1.0,16,292.116229
1.0,41,292.117527
1.0,84,292.120007
1.0,7,292.120282
1.0,17,292.120827
1.0,39,292.122011
1.0,35,292.123081
1.0,79,292.125428
1.0,40,292.126645
1.0,45,292.128004
1.0,35,292.129071
1.0,27,292.129914
1.0,70,292.131994
1.0,16,292.132527
1.0,58,292.134267
1.0,12,292.134676
1.0,34,292.135722
1.0,44,292.137054
1.0,20,292.137697
1.0,55,292.139352
1.0,17,292.139899
1.0,31,292.140854
0.0,100,292.143776
1.0,31,292.144732
1.0,25,292.145521
0.0,100,292.148469
1.0,18,292.149046
1.0,42,292.150323
1.0,47,292.15173
1.0,58,292.153461
1.0,48,292.154887
1.0,42,292.156172
1.0,41,292.157401
1.0,75,292.159617
1.0,23,292.160353
1.0,18,292.160926
1.0,17,292.161487
1.0,36,292.162589
0.0,100,292.16554
1.0,14,292.166009
1.0,18,292.166599
1.0,14,292.167064
1.0,66,292.169019
1.0,18,292.16961
0.0,100,292.172566
1.0,57,292.174273
0.0,100,292.177197
1.0,39,292.178383
1.0,74,292.180571
1.0,17,292.181132
1.0,18,292.181703
1.0,86,292.184245
1.0,14,292.184709
1.0,19,292.185329
1.0,24,292.186077
1.0,14,292.186546
1.0,74,292.188727
1.0,28,292.189596
1.0,42,292.190855
1.0,46,292.192246
1.0,17,292.192791
1.0,20,292.193435
1.0,63,292.1953
1.0,77,292.197551
1.0,21,292.198222
1.0,60,292.199998
1.0,58,292.201724
1.0,47,292.203151
1.0,84,292.205608
1.0,24,292.206367
1.0,45,292.20771
1.0,10,292.20806
1.0,36,292.209171
1.0,68,292.211174
1.0,13,292.211608
0.0,100,292.214541
1.0,51,292.216077
1.0,27,292.21692
1.0,73,292.219167
1.0,96,292.221996
1.0,47,292.223412
1.0,45,292.224779
1.0,12,292.225204
1.0,60,292.226989
1.0,26,292.227805
1.0,31,292.228759
1.0,27,292.229604
1.0,6,292.22984
1.0,90,292.232503
1.0,12,292.232912
1.0,51,292.234438
1.0,65,292.236372
1.0,92,292.239087
1.0,47,292.24051
1.0,47,292.241925
1.0,41,292.243181
1.0,57,292.244867
1.0,22,292.245579
1.0,25,292.246361
1.0,36,292.247465
1.0,12,292.247874
1.0,77,292.250146
1.0,73,292.252305
1.0,47,292.253721
1.0,12,292.254139
1.0,55,292.255786
0.0,100,292.258735
0.0,100,292.261701
1.0,58,292.263445
1.0,38,292.264605
1.0,26,292.265433
1.0,30,292.266369
1.0,73,292.268533
1.0,21,292.269209
1.0,30,292.270135
1.0,10,292.270487
1.0,26,292.2713
1.0,18,292.27188
1.0,37,292.273005
1.0,36,292.274111
1.0,38,292.275268
1.0,19,292.275877
1.0,37,292.277008
1.0,65,292.278947
1.0,35,292.28002
1.0,63,292.281899
1.0,42,292.28317
1.0,87,292.285742
1.0,93,292.288489
1.0,40,292.289704
1.0,34,292.290749
1.0,49,292.292227
1.0,51,292.293742
1.0,13,292.294188
1.0,56,292.295862
1.0,13,292.296312
0.0,100,292.299253
1.0,41,292.300493
1.0,34,292.301528
1.0,59,292.30329
0.0,100,292.306237
0.0,100,292.309202
0.0,100,292.312145
1.0,10,292.312498
1.0,19,292.313114
1.0,39,292.3143
1.0,22,292.314989
1.0,26,292.315806
1.0,37,292.316937
1.0,37,292.31807
1.0,15,292.318568
1.0,16,292.319091
1.0,66,292.321144
0.0,100,292.324088
1.0,35,292.325178
1.0,27,292.326015
1.0,21,292.326689
1.0,65,292.328618
1.0,60,292.330393
1.0,30,292.331323
1.0,37,292.332443
1.0,16,292.332965
1.0,69,292.335
1.0,9,292.335339
1.0,22,292.33603
1.0,61,292.337839
1.0,17,292.338402
1.0,21,292.339064
1.0,29,292.339953
1.0,27,292.340798
1.0,25,292.341586
1.0,52,292.34314
1.0,28,292.343999
1.0,23,292.344724
1.0,30,292.34565
1.0,24,292.346408
1.0,44,292.347721
1.0,94,292.350492
1.0,20,292.351134
0.0,100,292.354055
1.0,9,292.354387
1.0,13,292.354822
1.0,21,292.355495
1.0,37,292.356628
1.0,21,292.357303
1.0,16,292.357819
1.0,17,292.358377
1.0,12,292.358784
1.0,64,292.360686
1.0,98,292.363575
1.0,77,292.365889
1.0,32,292.366874
1.0,59,292.368625
1.0,20,292.369268
1.0,20,292.369903
1.0,17,292.370462
1.0,24,292.37122
1.0,44,292.372544
1.0,28,292.373413
1.0,27,292.374258
0.0,100,292.377195
1.0,57,292.378891
0.0,100,292.38183
1.0,32,292.382818
1.0,58,292.384536
1.0,15,292.385026
1.0,70,292.387117
1.0,58,292.388852
1.0,18,292.389439
1.0,30,292.390364
1.0,31,292.391317
1.0,60,292.393102
0.0,100,292.396044
1.0,22,292.396748
1.0,22,292.397449
1.0,40,292.398659
0.0,100,292.401581
1.0,20,292.402223
1.0,33,292.403231
1.0,11,292.403609
1.0,78,292.405891
1.0,37,292.407019
1.0,50,292.408535
0.0,100,292.411479
1.0,26,292.412302
1.0,7,292.412569
